1.368681 0.384222 0.005020 1.504926 0.372948 0.004929 1.483128 0.156803 0.004767 1.345886 0.171248 0.004861 
1.368687 0.384222 0.004903 1.504932 0.372953 0.004860 1.483142 0.156807 0.004802 1.345899 0.171247 0.004846 
1.368686 0.384223 0.004906 1.504932 0.372953 0.004868 1.483142 0.156808 0.004818 1.345899 0.171247 0.004857 
1.368689 0.384133 0.004597 1.504936 0.372881 0.004674 1.483173 0.156733 0.004977 1.345929 0.171155 0.004895 
1.368663 0.384268 0.004844 1.504909 0.373010 0.004811 1.483139 0.156863 0.004666 1.345895 0.171290 0.004702 
1.368663 0.384268 0.004855 1.504909 0.373011 0.004826 1.483139 0.156863 0.004695 1.345895 0.171291 0.004726 
1.368662 0.384268 0.004865 1.504909 0.373011 0.004839 1.483139 0.156864 0.004721 1.345895 0.171291 0.004749 
1.368640 0.384281 0.004871 1.504885 0.373012 0.004759 1.483095 0.156866 0.004632 1.345853 0.171306 0.004747 
1.368658 0.384326 0.004900 1.504905 0.373073 0.004903 1.483140 0.156925 0.004506 1.345896 0.171349 0.004508 
1.368658 0.384327 0.004907 1.504905 0.373073 0.004911 1.483140 0.156926 0.004549 1.345896 0.171350 0.004550 
1.368573 0.384441 0.005036 1.504824 0.373238 0.004988 1.483139 0.157082 0.004387 1.345889 0.171455 0.004444 
1.368572 0.384443 0.005012 1.504823 0.373240 0.004973 1.483139 0.157084 0.004445 1.345889 0.171457 0.004492 
1.368572 0.384444 0.004999 1.504823 0.373241 0.004968 1.483138 0.157085 0.004496 1.345889 0.171458 0.004534 
1.368596 0.384481 0.004976 1.504847 0.373278 0.005013 1.483164 0.157123 0.004474 1.345915 0.171495 0.004444 
1.368596 0.384480 0.005068 1.504847 0.373277 0.005102 1.483164 0.157122 0.004519 1.345915 0.171494 0.004493 
1.368592 0.384449 0.006218 1.504843 0.373247 0.006279 1.483161 0.157098 0.004579 1.345912 0.171469 0.004543 
1.367537 0.384142 0.008741 1.503834 0.373519 0.008931 1.483078 0.157312 0.004755 1.345769 0.171100 0.004622 
1.375928 0.384326 0.009879 1.511699 0.368331 0.010198 1.482434 0.153135 0.004917 1.345776 0.172332 0.004670 
1.376523 0.384406 0.007220 1.512253 0.368061 0.007465 1.482420 0.152893 0.004907 1.345812 0.172443 0.004696 
1.376238 0.384331 0.004881 1.511994 0.368204 0.005033 1.482500 0.152974 0.004906 1.345861 0.172305 0.004754 
1.376098 0.384377 0.004965 1.511866 0.368353 0.004953 1.482535 0.153101 0.004736 1.345881 0.172329 0.004752 
1.374863 0.383738 0.005644 1.510748 0.368750 0.004969 1.483058 0.153281 0.004542 1.346263 0.171466 0.005230 1.533356 0.067389 0.026097 1.530343 -0.069255 0.023075 1.316380 -0.069911 0.032925 1.316347 0.068052 0.036118 
1.374960 0.383701 0.005683 1.510848 0.368738 0.005068 1.483197 0.153264 0.004630 1.346398 0.171424 0.005257 1.516466 0.072176 0.008072 1.512995 -0.064446 0.004551 1.299387 -0.064582 0.020342 1.299822 0.073365 0.024125 
1.375916 0.383787 0.009661 1.511737 0.368211 0.009660 1.483123 0.152912 0.005051 1.346406 0.171687 0.005117 1.517359 0.072197 0.007266 1.512736 -0.064409 0.004571 1.298601 -0.062408 0.009060 1.300192 0.075555 0.011845 
1.376202 0.383870 0.016360 1.511898 0.367256 0.016870 1.481684 0.152294 0.008379 1.345115 0.172113 0.007985 1.518245 0.072091 0.007993 1.512636 -0.064462 0.004595 1.298476 -0.060830 0.004777 1.301062 0.077103 0.008211 
1.371509 0.384391 0.022217 1.507206 0.367779 0.022461 1.476990 0.152890 0.012289 1.340420 0.172706 0.012187 1.518290 0.071863 0.009127 1.512575 -0.064655 0.004656 1.298418 -0.060855 0.004821 1.301111 0.077044 0.009337 
1.364777 0.386103 0.026209 1.500497 0.369675 0.025756 1.470524 0.154814 0.014360 1.333928 0.174443 0.014978 1.518289 0.071825 0.009690 1.512574 -0.064674 0.004679 1.298417 -0.060875 0.004831 1.301109 0.077006 0.009893 
1.359337 0.388676 0.029043 1.495091 0.372559 0.028068 1.465567 0.157705 0.015422 1.328930 0.177021 0.016585 1.518287 0.071807 0.009954 1.512573 -0.064683 0.004701 1.298416 -0.060884 0.004839 1.301108 0.076987 0.010145 
1.357637 0.391339 0.030974 1.493424 0.375494 0.030149 1.464344 0.160655 0.016273 1.327668 0.179697 0.017303 1.518286 0.071799 0.010083 1.512573 -0.064687 0.004720 1.298416 -0.060889 0.004845 1.301107 0.076979 0.010261 
1.358916 0.393490 0.031911 1.494709 0.377678 0.031688 1.465749 0.162888 0.016845 1.329065 0.181895 0.017281 1.518285 0.071797 0.010128 1.512572 -0.064688 0.004739 1.298415 -0.060890 0.004850 1.301106 0.076976 0.010294 
1.361578 0.394580 0.031674 1.497367 0.378746 0.032311 1.468471 0.163979 0.017015 1.331790 0.183007 0.016589 1.518284 0.071803 0.010073 1.512572 -0.064685 0.004755 1.298415 -0.060888 0.004855 1.301105 0.076981 0.010226 
1.364868 0.394530 0.030260 1.500643 0.378642 0.031868 1.471764 0.163864 0.016695 1.335097 0.182948 0.015286 1.518284 0.071816 0.009910 1.512572 -0.064679 0.004770 1.298415 -0.060882 0.004859 1.301105 0.076994 0.010051 
1.368332 0.393909 0.028053 1.504083 0.377953 0.030688 1.475191 0.163140 0.016048 1.338548 0.182293 0.013596 1.518284 0.071838 0.009616 1.512572 -0.064668 0.004783 1.298415 -0.060871 0.004863 1.301104 0.077016 0.009744 
1.371443 0.393126 0.025339 1.507163 0.377107 0.028979 1.478245 0.162241 0.015186 1.341634 0.181459 0.011706 1.518284 0.071869 0.009166 1.512572 -0.064652 0.004795 1.298415 -0.060855 0.004866 1.301105 0.077048 0.009281 
1.373736 0.392494 0.022243 1.509424 0.376435 0.026787 1.480484 0.161504 0.014107 1.343906 0.180761 0.009699 1.518284 0.071911 0.008534 1.512573 -0.064629 0.004806 1.298415 -0.060832 0.004868 1.301105 0.077090 0.008633 
1.375077 0.392178 0.018790 1.510736 0.376113 0.024110 1.481790 0.161106 0.012795 1.345241 0.180371 0.007584 1.518285 0.071962 0.007693 1.512573 -0.064599 0.004816 1.298416 -0.060802 0.004869 1.301105 0.077141 0.007775 
1.375752 0.392234 0.014981 1.511385 0.376194 0.021002 1.482451 0.161108 0.011293 1.345928 0.180348 0.005351 1.518285 0.072019 0.006633 1.512573 -0.064561 0.004826 1.298416 -0.060763 0.004869 1.301106 0.077198 0.006694 
1.376324 0.392389 0.011253 1.511928 0.376121 0.017315 1.482470 0.160978 0.011011 1.345984 0.180450 0.004980 1.518293 0.072050 0.005465 1.512565 -0.064540 0.004843 1.298408 -0.060717 0.004876 1.301114 0.077255 0.005504 
1.377007 0.392451 0.007657 1.512565 0.375856 0.013845 1.482420 0.160733 0.011186 1.345989 0.180535 0.004976 1.518302 0.072046 0.005103 1.512560 -0.064544 0.004945 1.298404 -0.060700 0.004939 1.301123 0.077273 0.005098 
1.377531 0.392495 0.004864 1.513063 0.375608 0.010830 1.482327 0.160552 0.010988 1.345931 0.180648 0.004963 1.518443 0.071813 0.005047 1.512600 -0.064772 0.005215 1.298447 -0.060770 0.004916 1.301269 0.077201 0.004742 
1.377621 0.392627 0.004927 1.513147 0.375594 0.010632 1.482187 0.160571 0.010690 1.345802 0.180813 0.004930 1.518415 0.071604 0.006706 1.512427 -0.064975 0.007153 1.298287 -0.060751 0.005241 1.301255 0.077216 0.004763 
1.377591 0.392734 0.004924 1.513089 0.375627 0.011038 1.482009 0.160621 0.011102 1.345653 0.180937 0.004928 1.519316 0.071037 0.008619 1.513008 -0.065522 0.009901 1.298902 -0.060828 0.006123 1.302194 0.077126 0.004774 
1.377578 0.392736 0.004920 1.513059 0.375632 0.011412 1.481978 0.160626 0.011482 1.345638 0.180940 0.004927 1.522659 0.069688 0.010864 1.516176 -0.066848 0.013250 1.302124 -0.061949 0.007290 1.305594 0.075984 0.004796 
1.377589 0.392763 0.004931 1.513058 0.375640 0.011604 1.481945 0.160638 0.011659 1.345618 0.180972 0.004922 1.528152 0.067688 0.013472 1.521493 -0.068817 0.016923 1.307531 -0.063756 0.008421 1.311180 0.074149 0.004815 
1.377589 0.392764 0.004920 1.513058 0.375640 0.011599 1.481944 0.160639 0.011669 1.345617 0.180973 0.004925 1.534373 0.064861 0.016044 1.527538 -0.071605 0.020540 1.313693 -0.066419 0.009531 1.317522 0.071448 0.004833 
1.377592 0.392764 0.004916 1.513065 0.375640 0.011517 1.481951 0.160639 0.011593 1.345620 0.180973 0.004927 1.539856 0.061814 0.018267 1.532916 -0.074612 0.023699 1.319193 -0.069428 0.010523 1.323130 0.068399 0.004849 
1.377593 0.392764 0.004911 1.513069 0.375640 0.011462 1.481955 0.160639 0.011544 1.345622 0.180973 0.004929 1.543503 0.059247 0.019881 1.536493 -0.077146 0.026010 1.322872 -0.071995 0.011263 1.326880 0.065798 0.004863 
1.377590 0.392765 0.004907 1.513062 0.375642 0.011542 1.481948 0.160640 0.011630 1.345619 0.180974 0.004930 1.544769 0.057527 0.020798 1.537750 -0.078846 0.027360 1.324191 -0.073773 0.011726 1.328209 0.063998 0.004876 
1.377582 0.392767 0.004906 1.513041 0.375645 0.011786 1.481928 0.160644 0.011878 1.345610 0.180975 0.004930 1.544742 0.057154 0.021237 1.537731 -0.079217 0.027847 1.324203 -0.074184 0.011791 1.328213 0.063585 0.004886 
1.377573 0.392768 0.004905 1.513021 0.375649 0.012021 1.481907 0.160647 0.012116 1.345602 0.180977 0.004931 1.544715 0.057193 0.021534 1.537737 -0.079189 0.027954 1.324229 -0.074200 0.011613 1.328206 0.063579 0.004895 
1.377566 0.392769 0.004906 1.513004 0.375652 0.012215 1.481890 0.160650 0.012311 1.345595 0.180978 0.004931 1.544698 0.057240 0.021723 1.537775 -0.079158 0.027835 1.324279 -0.074228 0.011311 1.328201 0.063568 0.004902 
1.377561 0.392770 0.004907 1.512990 0.375654 0.012373 1.481876 0.160652 0.012472 1.345590 0.180979 0.004933 1.544690 0.057277 0.021819 1.537829 -0.079143 0.027508 1.324339 -0.074264 0.010891 1.328199 0.063552 0.004908 
1.377555 0.392771 0.004910 1.512975 0.375656 0.012540 1.481862 0.160655 0.012640 1.345584 0.180980 0.004935 1.544692 0.057325 0.021816 1.537912 -0.079119 0.026999 1.324421 -0.074306 0.010384 1.328198 0.063534 0.004912 
1.377546 0.392772 0.004913 1.512953 0.375660 0.012780 1.481840 0.160658 0.012880 1.345576 0.180981 0.004936 1.544715 0.057452 0.021625 1.538074 -0.079019 0.026258 1.324566 -0.074351 0.009831 1.328202 0.063514 0.004916 
1.377536 0.392774 0.004917 1.512928 0.375664 0.013049 1.481815 0.160662 0.013149 1.345567 0.180982 0.004937 1.544749 0.057608 0.021323 1.538269 -0.078888 0.025402 1.324734 -0.074394 0.009268 1.328208 0.063493 0.004918 
1.377527 0.392775 0.004921 1.512903 0.375667 0.013319 1.481790 0.160666 0.013418 1.345557 0.180983 0.004938 1.544785 0.057770 0.021001 1.538468 -0.078750 0.024511 1.324906 -0.074436 0.008691 1.328215 0.063472 0.004920 
1.377518 0.392776 0.004926 1.512878 0.375671 0.013572 1.481766 0.160669 0.013669 1.345549 0.180984 0.004938 1.544823 0.057904 0.020642 1.538649 -0.078635 0.023610 1.325058 -0.074474 0.008140 1.328222 0.063452 0.004920 
1.377505 0.392776 0.004932 1.512852 0.375676 0.013800 1.481745 0.160674 0.013894 1.345542 0.180983 0.004939 1.544857 0.058033 0.020308 1.538819 -0.078523 0.022756 1.325202 -0.074507 0.007610 1.328229 0.063433 0.004920 
1.377491 0.392778 0.004938 1.512827 0.375685 0.013995 1.481727 0.160681 0.014085 1.345535 0.180984 0.004940 1.544890 0.058134 0.019976 1.538962 -0.078434 0.021967 1.325320 -0.074535 0.007142 1.328236 0.063416 0.004919 
1.377372 0.392795 0.004978 1.512707 0.375774 0.014176 1.481724 0.160754 0.014228 1.345531 0.180984 0.004941 1.544918 0.058257 0.019702 1.539107 -0.078321 0.021297 1.325444 -0.074558 0.006738 1.328242 0.063402 0.004919 
1.376825 0.392871 0.005176 1.512195 0.376190 0.014478 1.481763 0.161091 0.014331 1.345526 0.180979 0.004942 1.544946 0.058790 0.019522 1.539500 -0.077806 0.020807 1.325817 -0.074580 0.006423 1.328245 0.063390 0.004918 
1.375738 0.392996 0.005369 1.511182 0.377023 0.014837 1.481886 0.161766 0.014490 1.345559 0.180942 0.004936 1.544977 0.059855 0.019397 1.540220 -0.076769 0.020494 1.326516 -0.074599 0.006230 1.328248 0.063384 0.004917 
1.374683 0.393137 0.005516 1.510198 0.377836 0.015080 1.481980 0.162436 0.014584 1.345566 0.180936 0.004935 1.545003 0.060888 0.019265 1.540910 -0.075758 0.020232 1.327189 -0.074612 0.006096 1.328250 0.063379 0.004917 
1.373630 0.393276 0.005590 1.509217 0.378649 0.015195 1.482075 0.163111 0.014623 1.345574 0.180931 0.004934 1.545027 0.061967 0.019099 1.541622 -0.074699 0.019985 1.327888 -0.074620 0.006012 1.328254 0.063376 0.004916 
1.372359 0.393441 0.005548 1.508029 0.379628 0.015172 1.482178 0.163931 0.014645 1.345574 0.180932 0.004936 1.545050 0.063278 0.018886 1.542476 -0.073406 0.019740 1.328731 -0.074621 0.005976 1.328259 0.063374 0.004916 
1.370881 0.393627 0.005352 1.506644 0.380767 0.014981 1.482294 0.164895 0.014654 1.345574 0.180937 0.004938 1.545069 0.064821 0.018614 1.543467 -0.071878 0.019484 1.329720 -0.074613 0.005989 1.328265 0.063375 0.004916 
1.369214 0.393828 0.004997 1.505076 0.382048 0.014619 1.482418 0.165992 0.014654 1.345575 0.180945 0.004939 1.545079 0.066577 0.018277 1.544581 -0.070129 0.019208 1.330842 -0.074594 0.006046 1.328273 0.063377 0.004917 
1.369122 0.393830 0.004983 1.504997 0.382127 0.014516 1.482461 0.166057 0.014555 1.345603 0.180934 0.004930 1.545083 0.067346 0.018077 1.545064 -0.069361 0.019085 1.331330 -0.074581 0.006122 1.328277 0.063380 0.004918 
1.369126 0.393830 0.004978 1.505011 0.382126 0.014372 1.482476 0.166057 0.014418 1.345608 0.180934 0.004933 1.545094 0.067487 0.017917 1.545159 -0.069219 0.018993 1.331418 -0.074576 0.006190 1.328281 0.063382 0.004920 
1.369128 0.393828 0.004970 1.505022 0.382135 0.014245 1.482504 0.166064 0.014298 1.345627 0.180930 0.004933 1.545101 0.067766 0.017756 1.545339 -0.068940 0.018887 1.331596 -0.074570 0.006245 1.328284 0.063384 0.004921 
1.369132 0.393828 0.004965 1.505035 0.382135 0.014102 1.482519 0.166063 0.014161 1.345633 0.180930 0.004935 1.545114 0.067836 0.017590 1.545392 -0.068869 0.018778 1.331640 -0.074566 0.006301 1.328288 0.063386 0.004923 
1.369128 0.393812 0.004945 1.505042 0.382154 0.013973 1.482582 0.166077 0.014032 1.345684 0.180908 0.004918 1.545129 0.067801 0.017402 1.545382 -0.068904 0.018640 1.331619 -0.074564 0.006350 1.328292 0.063388 0.004924 
1.369134 0.393812 0.004943 1.505059 0.382153 0.013799 1.482599 0.166076 0.013864 1.345690 0.180908 0.004922 1.545149 0.067720 0.017180 1.545349 -0.068985 0.018450 1.331572 -0.074564 0.006381 1.328297 0.063389 0.004926 
1.369141 0.393811 0.004941 1.505078 0.382151 0.013599 1.482620 0.166074 0.013668 1.345698 0.180907 0.004925 1.545174 0.067509 0.016916 1.545241 -0.069196 0.018201 1.331444 -0.074566 0.006394 1.328303 0.063390 0.004927 
1.369149 0.393810 0.004939 1.505100 0.382150 0.013372 1.482642 0.166072 0.013444 1.345706 0.180906 0.004929 1.545202 0.067304 0.016600 1.545142 -0.069401 0.017888 1.331322 -0.074569 0.006394 1.328310 0.063390 0.004928 
1.369158 0.393809 0.004938 1.505125 0.382147 0.013115 1.482667 0.166070 0.013188 1.345716 0.180905 0.004932 1.545234 0.067115 0.016222 1.545058 -0.069589 0.017505 1.331214 -0.074572 0.006384 1.328318 0.063390 0.004929 
1.369169 0.393808 0.004937 1.505152 0.382145 0.012824 1.482695 0.166067 0.012898 1.345726 0.180904 0.004934 1.545269 0.066969 0.015778 1.545005 -0.069736 0.017037 1.331135 -0.074575 0.006354 1.328328 0.063389 0.004930 
1.369181 0.393807 0.004938 1.505183 0.382141 0.012496 1.482726 0.166064 0.012568 1.345738 0.180903 0.004936 1.545307 0.066865 0.015271 1.544983 -0.069840 0.016499 1.331086 -0.074578 0.006316 1.328340 0.063388 0.004930 
1.369194 0.393806 0.004938 1.505216 0.382138 0.012131 1.482759 0.166060 0.012200 1.345752 0.180901 0.004937 1.545347 0.066833 0.014700 1.545008 -0.069873 0.015888 1.331085 -0.074580 0.006269 1.328353 0.063387 0.004931 
1.369208 0.393804 0.004939 1.505250 0.382134 0.011731 1.482794 0.166057 0.011796 1.345766 0.180900 0.004938 1.545389 0.066828 0.014068 1.545054 -0.069877 0.015211 1.331104 -0.074582 0.006215 1.328367 0.063385 0.004932 
1.369224 0.393802 0.004940 1.505287 0.382130 0.011293 1.482831 0.166053 0.011353 1.345782 0.180898 0.004938 1.545432 0.066824 0.013378 1.545101 -0.069882 0.014470 1.331124 -0.074584 0.006155 1.328383 0.063383 0.004933 
1.369241 0.393800 0.004940 1.505325 0.382126 0.010816 1.482870 0.166049 0.010871 1.345800 0.180896 0.004938 1.545478 0.066820 0.012625 1.545151 -0.069887 0.013662 1.331145 -0.074586 0.006090 1.328400 0.063381 0.004934 
1.369259 0.393798 0.004941 1.505365 0.382122 0.010296 1.482911 0.166044 0.010345 1.345819 0.180894 0.004938 1.545523 0.066815 0.011811 1.545201 -0.069892 0.012789 1.331169 -0.074589 0.006020 1.328418 0.063379 0.004934 
1.369279 0.393796 0.004942 1.505406 0.382118 0.009730 1.482953 0.166040 0.009774 1.345839 0.180891 0.004939 1.545569 0.066811 0.010936 1.545252 -0.069896 0.011851 1.331194 -0.074592 0.005944 1.328438 0.063377 0.004935 
1.369302 0.393793 0.004942 1.505448 0.382113 0.009115 1.482995 0.166036 0.009152 1.345862 0.180889 0.004939 1.545615 0.066808 0.009991 1.545303 -0.069900 0.010838 1.331221 -0.074595 0.005862 1.328460 0.063375 0.004936 
1.369325 0.393791 0.004943 1.505491 0.382109 0.008447 1.483039 0.166031 0.008477 1.345886 0.180886 0.004939 1.545660 0.066805 0.008966 1.545353 -0.069903 0.009742 1.331250 -0.074598 0.005777 1.328483 0.063372 0.004936 
1.369352 0.393788 0.004943 1.505534 0.382104 0.007722 1.483082 0.166026 0.007745 1.345913 0.180883 0.004939 1.545703 0.066803 0.007852 1.545401 -0.069906 0.008554 1.331281 -0.074601 0.005686 1.328509 0.063369 0.004937 
1.369380 0.393785 0.004943 1.505576 0.382100 0.006935 1.483124 0.166022 0.006950 1.345941 0.180880 0.004939 1.545744 0.066801 0.006641 1.545447 -0.069908 0.007263 1.331314 -0.074604 0.005589 1.328536 0.063366 0.004937 
1.369410 0.393781 0.004944 1.505616 0.382096 0.006081 1.483165 0.166018 0.006087 1.345972 0.180877 0.004939 1.545780 0.066800 0.005322 1.545488 -0.069910 0.005861 1.331349 -0.074608 0.005487 1.328566 0.063363 0.004938 
1.369436 0.393778 0.004960 1.505645 0.382092 0.005401 1.483195 0.166014 0.005386 1.345998 0.180873 0.004941 1.545788 0.066796 0.004987 1.545497 -0.069913 0.005422 1.331358 -0.074612 0.005376 1.328574 0.063360 0.004937 
1.369449 0.393776 0.004988 1.505660 0.382091 0.005046 1.483209 0.166013 0.005032 1.346012 0.180872 0.004974 1.545788 0.066795 0.004982 1.545498 -0.069915 0.005366 1.331358 -0.074614 0.005326 1.328574 0.063358 0.004937 
1.369445 0.393743 0.004973 1.505658 0.382082 0.004974 1.483246 0.166000 0.004998 1.346045 0.180834 0.004997 1.545785 0.066795 0.004963 1.545494 -0.069915 0.005322 1.331355 -0.074613 0.005302 1.328571 0.063358 0.004939 
1.369194 0.393657 0.005012 1.505413 0.382080 0.004686 1.483136 0.165984 0.004854 1.345927 0.180734 0.005180 1.545737 0.066761 0.004850 1.545445 -0.069949 0.005287 1.331306 -0.074644 0.005375 1.328523 0.063327 0.004936 
1.369227 0.393659 0.005136 1.505449 0.382112 0.004774 1.483218 0.166012 0.004763 1.346006 0.180731 0.005129 1.545737 0.066763 0.004856 1.545445 -0.069947 0.005346 1.331305 -0.074642 0.005428 1.328523 0.063329 0.004934 
1.369236 0.393658 0.005396 1.505457 0.382111 0.004792 1.483227 0.166011 0.004783 1.346015 0.180730 0.005393 1.545737 0.066766 0.004863 1.545445 -0.069943 0.005447 1.331305 -0.074639 0.005524 1.328523 0.063332 0.004936 
1.369249 0.393657 0.005728 1.505468 0.382110 0.004807 1.483238 0.166010 0.004800 1.346028 0.180728 0.005730 1.545737 0.066770 0.004870 1.545445 -0.069939 0.005562 1.331305 -0.074634 0.005638 1.328523 0.063336 0.004940 
1.369263 0.393656 0.006055 1.505480 0.382109 0.004820 1.483249 0.166008 0.004816 1.346042 0.180727 0.006062 1.545737 0.066774 0.004875 1.545444 -0.069934 0.005677 1.331305 -0.074629 0.005753 1.328523 0.063341 0.004945 
1.369279 0.393654 0.006416 1.505492 0.382108 0.004830 1.483262 0.166007 0.004830 1.346058 0.180726 0.006432 1.545742 0.066777 0.004880 1.545356 -0.069930 0.005770 1.331214 -0.074478 0.006066 1.328526 0.063493 0.005171 
1.369302 0.393652 0.006889 1.505509 0.382106 0.004842 1.483279 0.166006 0.004842 1.346081 0.180723 0.006909 1.545756 0.066780 0.004885 1.545314 -0.069927 0.005851 1.331171 -0.074381 0.006762 1.328540 0.063591 0.005799 
1.369328 0.393649 0.007389 1.505526 0.382105 0.004853 1.483296 0.166004 0.004853 1.346107 0.180721 0.007413 1.545772 0.066782 0.004888 1.545292 -0.069924 0.005920 1.331152 -0.074313 0.007526 1.328560 0.063659 0.006508 
1.369352 0.393647 0.007827 1.505542 0.382103 0.004863 1.483311 0.166002 0.004863 1.346131 0.180719 0.007856 1.545786 0.066784 0.004892 1.545271 -0.069921 0.005976 1.331136 -0.074251 0.008183 1.328578 0.063721 0.007119 
1.369373 0.393645 0.008206 1.505555 0.382102 0.004872 1.483324 0.166001 0.004873 1.346152 0.180716 0.008238 1.545798 0.066786 0.004894 1.545274 -0.069919 0.006023 1.331144 -0.074230 0.008748 1.328596 0.063743 0.007647 
1.369393 0.393643 0.008525 1.505567 0.382101 0.004881 1.483336 0.166000 0.004881 1.346172 0.180714 0.008561 1.545809 0.066787 0.004897 1.545286 -0.069918 0.006059 1.331162 -0.074227 0.009236 1.328613 0.063745 0.008108 
1.369409 0.393641 0.008786 1.505576 0.382100 0.004888 1.483345 0.165999 0.004889 1.346188 0.180713 0.008824 1.545817 0.066788 0.004899 1.545297 -0.069917 0.006086 1.331179 -0.074225 0.009633 1.328627 0.063747 0.008486 
1.369422 0.393640 0.008988 1.505583 0.382099 0.004895 1.483352 0.165998 0.004896 1.346201 0.180712 0.009029 1.545824 0.066788 0.004901 1.545305 -0.069916 0.006104 1.331192 -0.074224 0.009936 1.328639 0.063748 0.008776 
1.369431 0.393639 0.009134 1.505588 0.382098 0.004902 1.483357 0.165998 0.004903 1.346210 0.180711 0.009176 1.545829 0.066789 0.004903 1.545311 -0.069916 0.006115 1.331202 -0.074224 0.010149 1.328647 0.063748 0.008982 
1.369436 0.393639 0.009223 1.505591 0.382098 0.004907 1.483360 0.165997 0.004909 1.346216 0.180710 0.009266 1.545832 0.066789 0.004904 1.545315 -0.069916 0.006121 1.331208 -0.074224 0.010275 1.328652 0.063748 0.009106 
1.369438 0.393638 0.009256 1.505592 0.382098 0.004913 1.483361 0.165997 0.004914 1.346217 0.180710 0.009299 1.545833 0.066789 0.004905 1.545317 -0.069916 0.006121 1.331210 -0.074224 0.010314 1.328654 0.063748 0.009146 
1.369437 0.393639 0.009235 1.505591 0.382098 0.004917 1.483360 0.165997 0.004917 1.346216 0.180710 0.009276 1.545832 0.066789 0.004907 1.545316 -0.069916 0.006121 1.331208 -0.074224 0.010273 1.328652 0.063747 0.009107 
1.369432 0.393639 0.009161 1.505588 0.382098 0.004920 1.483357 0.165998 0.004920 1.346211 0.180711 0.009202 1.545829 0.066789 0.004909 1.545312 -0.069916 0.006119 1.331203 -0.074225 0.010150 1.328647 0.063747 0.008987 
1.369423 0.393640 0.009037 1.505584 0.382099 0.004923 1.483353 0.165998 0.004923 1.346202 0.180712 0.009076 1.545824 0.066788 0.004911 1.545307 -0.069916 0.006116 1.331194 -0.074226 0.009947 1.328639 0.063746 0.008785 
1.369412 0.393641 0.008861 1.505578 0.382099 0.004925 1.483346 0.165999 0.004925 1.346190 0.180713 0.008898 1.545818 0.066788 0.004913 1.545299 -0.069916 0.006112 1.331181 -0.074225 0.009662 1.328628 0.063746 0.008503 
1.369397 0.393643 0.008633 1.505569 0.382100 0.004927 1.483338 0.166000 0.004927 1.346176 0.180714 0.008669 1.545810 0.066788 0.004915 1.545289 -0.069916 0.006114 1.331165 -0.074226 0.009302 1.328614 0.063746 0.008138 
1.369380 0.393645 0.008355 1.505559 0.382101 0.004929 1.483328 0.166001 0.004929 1.346158 0.180716 0.008388 1.545799 0.066789 0.004917 1.545278 -0.069915 0.006129 1.331148 -0.074228 0.008874 1.328597 0.063743 0.007690 
1.369360 0.393647 0.008023 1.505547 0.382102 0.004930 1.483316 0.166002 0.004930 1.346138 0.180718 0.008052 1.545787 0.066790 0.004919 1.545266 -0.069915 0.006143 1.331130 -0.074232 0.008361 1.328579 0.063740 0.007157 
1.369338 0.393649 0.007637 1.505533 0.382104 0.004931 1.483302 0.166003 0.004931 1.346116 0.180721 0.007663 1.545774 0.066789 0.004920 1.545252 -0.069915 0.006139 1.331111 -0.074236 0.007765 1.328560 0.063735 0.006558 
1.369314 0.393651 0.007198 1.505518 0.382105 0.004932 1.483286 0.166005 0.004932 1.346092 0.180723 0.007220 1.545759 0.066789 0.004922 1.545236 -0.069916 0.006118 1.331091 -0.074242 0.007089 1.328541 0.063729 0.005895 
1.369289 0.393654 0.006701 1.505500 0.382107 0.004933 1.483268 0.166007 0.004933 1.346067 0.180726 0.006718 1.545741 0.066788 0.004923 1.545218 -0.069917 0.006088 1.331071 -0.074249 0.006321 1.328522 0.063723 0.005148 
1.369261 0.393650 0.006203 1.505478 0.382116 0.004943 1.483266 0.166013 0.004941 1.346058 0.180720 0.006214 1.545738 0.066786 0.004924 1.545214 -0.069919 0.006039 1.331067 -0.074252 0.006112 1.328518 0.063720 0.004987 
1.369238 0.393652 0.005702 1.505460 0.382118 0.004946 1.483248 0.166015 0.004943 1.346036 0.180722 0.005706 1.545738 0.066785 0.004925 1.545214 -0.069920 0.006020 1.331067 -0.074253 0.006089 1.328518 0.063719 0.004984 
1.369216 0.393654 0.005157 1.505440 0.382120 0.004949 1.483229 0.166017 0.004945 1.346015 0.180724 0.005156 1.545737 0.066786 0.004926 1.545213 -0.069919 0.006040 1.331066 -0.074252 0.006104 1.328518 0.063720 0.004980 
1.369209 0.393655 0.004999 1.505432 0.382120 0.004989 1.483222 0.166018 0.004986 1.346008 0.180724 0.004996 1.545737 0.066787 0.004929 1.545213 -0.069917 0.006090 1.331066 -0.074250 0.006145 1.328518 0.063722 0.004973 
1.369257 0.393600 0.004806 1.505479 0.382060 0.004903 1.483260 0.165958 0.005077 1.346047 0.180670 0.004976 1.545730 0.066791 0.004931 1.545206 -0.069913 0.006149 1.331059 -0.074245 0.006190 1.328511 0.063726 0.004960 
1.369307 0.393628 0.004800 1.505531 0.382101 0.005054 1.483333 0.165997 0.005022 1.346118 0.180696 0.004765 1.545763 0.066773 0.004927 1.545241 -0.069931 0.006233 1.331094 -0.074266 0.006217 1.328544 0.063704 0.004898 
1.369311 0.393620 0.004778 1.505535 0.382094 0.005022 1.483339 0.165990 0.005036 1.346124 0.180688 0.004789 1.545710 0.066710 0.004783 1.545186 -0.069992 0.006261 1.331039 -0.074325 0.006389 1.328490 0.063644 0.004899 
1.369312 0.393619 0.004795 1.505536 0.382094 0.005022 1.483339 0.165990 0.005033 1.346124 0.180687 0.004804 1.545709 0.066711 0.004802 1.545185 -0.069990 0.006317 1.331038 -0.074323 0.006416 1.328489 0.063645 0.004887 
1.369328 0.393629 0.004795 1.505553 0.382118 0.005124 1.483380 0.166012 0.005028 1.346164 0.180695 0.004697 1.545700 0.066718 0.004819 1.545177 -0.069983 0.006374 1.331030 -0.074317 0.006446 1.328480 0.063650 0.004878 
1.369326 0.393628 0.004808 1.505551 0.382118 0.005129 1.483380 0.166012 0.005043 1.346164 0.180693 0.004720 1.545692 0.066723 0.004836 1.545173 -0.069978 0.006403 1.331026 -0.074319 0.006449 1.328472 0.063649 0.004867 
1.369320 0.393624 0.004816 1.505545 0.382118 0.005197 1.483380 0.166011 0.005122 1.346163 0.180689 0.004739 1.545687 0.066740 0.004852 1.545180 -0.069961 0.006409 1.331034 -0.074321 0.006433 1.328468 0.063647 0.004861 
1.369315 0.393625 0.004827 1.505540 0.382119 0.005346 1.483375 0.166012 0.005282 1.346158 0.180690 0.004759 1.545687 0.066777 0.004866 1.545204 -0.069924 0.006385 1.331058 -0.074322 0.006400 1.328468 0.063645 0.004866 
1.369309 0.393626 0.004837 1.505533 0.382120 0.005517 1.483368 0.166013 0.005463 1.346153 0.180690 0.004777 1.545685 0.066887 0.004878 1.545273 -0.069815 0.006322 1.331129 -0.074324 0.006331 1.328468 0.063643 0.004873 
1.369305 0.393626 0.004847 1.505529 0.382121 0.005627 1.483364 0.166014 0.005580 1.346149 0.180691 0.004793 1.545684 0.066907 0.004889 1.545287 -0.069796 0.006254 1.331144 -0.074327 0.006258 1.328468 0.063640 0.004879 
1.369304 0.393626 0.004858 1.505527 0.382121 0.005674 1.483363 0.166014 0.005632 1.346148 0.180691 0.004808 1.545684 0.066904 0.004896 1.545287 -0.069800 0.006187 1.331144 -0.074331 0.006188 1.328467 0.063637 0.004885 
1.369304 0.393626 0.004868 1.505527 0.382121 0.005687 1.483363 0.166014 0.005648 1.346148 0.180691 0.004822 1.545684 0.066903 0.004902 1.545287 -0.069802 0.006141 1.331144 -0.074333 0.006141 1.328467 0.063635 0.004890 
1.369305 0.393626 0.004878 1.505529 0.382121 0.005668 1.483364 0.166013 0.005632 1.346149 0.180691 0.004835 1.545684 0.066902 0.004906 1.545287 -0.069803 0.006124 1.331144 -0.074334 0.006125 1.328467 0.063634 0.004895 
1.369307 0.393626 0.004885 1.505531 0.382121 0.005613 1.483367 0.166013 0.005582 1.346151 0.180691 0.004847 1.545684 0.066902 0.004911 1.545287 -0.069803 0.006130 1.331144 -0.074334 0.006131 1.328467 0.063634 0.004900 
1.369311 0.393626 0.004890 1.505535 0.382121 0.005519 1.483371 0.166013 0.005493 1.346155 0.180691 0.004858 1.545684 0.066902 0.004915 1.545287 -0.069802 0.006136 1.331144 -0.074334 0.006138 1.328467 0.063634 0.004905 
1.369316 0.393626 0.004894 1.505541 0.382120 0.005388 1.483376 0.166013 0.005366 1.346160 0.180690 0.004868 1.545684 0.066902 0.004919 1.545287 -0.069802 0.006141 1.331144 -0.074334 0.006144 1.328467 0.063634 0.004909 
1.369321 0.393625 0.004898 1.505546 0.382120 0.005251 1.483382 0.166013 0.005248 1.346165 0.180690 0.004891 1.545684 0.066903 0.004921 1.545287 -0.069802 0.006149 1.331144 -0.074334 0.006153 1.328467 0.063634 0.004913 
1.369323 0.393625 0.004905 1.505548 0.382120 0.005211 1.483384 0.166012 0.005210 1.346167 0.180690 0.004901 1.545684 0.066903 0.004924 1.545287 -0.069802 0.006155 1.331144 -0.074334 0.006160 1.328467 0.063635 0.004917 
1.369324 0.393625 0.004913 1.505550 0.382120 0.005176 1.483385 0.166012 0.005176 1.346168 0.180690 0.004910 1.545684 0.066903 0.004925 1.545287 -0.069802 0.006156 1.331144 -0.074334 0.006163 1.328467 0.063635 0.004921 
1.369326 0.393625 0.004922 1.505552 0.382120 0.005136 1.483387 0.166012 0.005137 1.346170 0.180690 0.004921 1.545684 0.066903 0.004926 1.545287 -0.069802 0.006156 1.331144 -0.074334 0.006165 1.328467 0.063634 0.004924 
1.369330 0.393625 0.004948 1.505556 0.382119 0.005057 1.483391 0.166012 0.005057 1.346174 0.180689 0.004947 1.545684 0.066903 0.004927 1.545287 -0.069801 0.006156 1.331145 -0.074334 0.006167 1.328467 0.063634 0.004927 
1.369332 0.393624 0.004964 1.505558 0.382119 0.005010 1.483394 0.166011 0.005010 1.346176 0.180689 0.004964 1.545684 0.066904 0.004925 1.545288 -0.069801 0.006159 1.331145 -0.074334 0.006170 1.328467 0.063634 0.004925 
1.369398 0.393579 0.004836 1.505625 0.382091 0.005036 1.483489 0.165981 0.005044 1.346270 0.180640 0.004842 1.545625 0.066846 0.004760 1.545228 -0.069858 0.006109 1.331085 -0.074387 0.006279 1.328409 0.063581 0.004919 
1.369404 0.393597 0.004848 1.505631 0.382114 0.005038 1.483502 0.166003 0.004996 1.346282 0.180658 0.004805 1.545621 0.066850 0.004778 1.545224 -0.069854 0.006148 1.331081 -0.074383 0.006291 1.328404 0.063584 0.004910 
1.369387 0.393500 0.004666 1.505614 0.382006 0.004734 1.483467 0.165897 0.005042 1.346248 0.180563 0.004969 1.545670 0.066810 0.004794 1.545275 -0.069892 0.006269 1.331132 -0.074427 0.006293 1.328454 0.063539 0.004804 
1.369388 0.393499 0.004702 1.505614 0.382005 0.004754 1.483467 0.165896 0.005027 1.346249 0.180562 0.004971 1.545670 0.066811 0.004808 1.545275 -0.069891 0.006315 1.331132 -0.074426 0.006330 1.328453 0.063540 0.004808 
1.369330 0.393442 0.004643 1.505558 0.381963 0.004580 1.483437 0.165852 0.004967 1.346217 0.180502 0.005025 1.545666 0.066813 0.004815 1.545272 -0.069888 0.006361 1.331129 -0.074424 0.006376 1.328450 0.063541 0.004816 
1.369339 0.393421 0.004553 1.505568 0.381953 0.004532 1.483464 0.165840 0.004980 1.346242 0.180480 0.004995 1.545596 0.066739 0.004637 1.545201 -0.069960 0.006357 1.331058 -0.074492 0.006554 1.328380 0.063471 0.004819 
1.369339 0.393420 0.004595 1.505568 0.381952 0.004574 1.483464 0.165839 0.004979 1.346242 0.180479 0.004994 1.545596 0.066740 0.004666 1.545200 -0.069958 0.006426 1.331057 -0.074491 0.006598 1.328379 0.063472 0.004823 
1.369339 0.393419 0.004632 1.505568 0.381952 0.004612 1.483464 0.165838 0.004978 1.346242 0.180478 0.004993 1.545595 0.066742 0.004692 1.545200 -0.069957 0.006486 1.331057 -0.074489 0.006637 1.328379 0.063473 0.004827 
1.369339 0.393418 0.004666 1.505568 0.381951 0.004645 1.483464 0.165837 0.004976 1.346242 0.180477 0.004992 1.545595 0.066743 0.004715 1.545199 -0.069955 0.006535 1.331056 -0.074488 0.006667 1.328378 0.063474 0.004831 
1.369383 0.393381 0.004558 1.505612 0.381910 0.004617 1.483501 0.165797 0.005042 1.346280 0.180440 0.004977 1.545592 0.066744 0.004736 1.545198 -0.069953 0.006573 1.331055 -0.074487 0.006687 1.328376 0.063474 0.004834 
1.369384 0.393380 0.004610 1.505613 0.381908 0.004647 1.483502 0.165796 0.005021 1.346281 0.180439 0.004977 1.545592 0.066745 0.004756 1.545197 -0.069953 0.006603 1.331054 -0.074486 0.006702 1.328376 0.063475 0.004839 
1.369394 0.393401 0.004665 1.505624 0.381938 0.004740 1.483526 0.165823 0.004949 1.346304 0.180458 0.004871 1.545591 0.066745 0.004774 1.545195 -0.069953 0.006618 1.331052 -0.074486 0.006703 1.328374 0.063476 0.004842 
1.369394 0.393400 0.004694 1.505624 0.381937 0.004765 1.483526 0.165823 0.004954 1.346304 0.180458 0.004880 1.545591 0.066745 0.004789 1.545195 -0.069953 0.006625 1.331052 -0.074486 0.006697 1.328374 0.063476 0.004844 
1.369401 0.393410 0.004731 1.505631 0.381951 0.004823 1.483540 0.165836 0.004930 1.346318 0.180466 0.004835 1.545590 0.066745 0.004803 1.545194 -0.069953 0.006633 1.331051 -0.074486 0.006692 1.328374 0.063476 0.004845 
1.369442 0.393431 0.004746 1.505672 0.381982 0.004941 1.483597 0.165865 0.004907 1.346374 0.180486 0.004710 1.545590 0.066746 0.004816 1.545194 -0.069952 0.006642 1.331051 -0.074485 0.006688 1.328373 0.063477 0.004846 
1.369443 0.393431 0.004767 1.505673 0.381982 0.004945 1.483598 0.165865 0.004915 1.346374 0.180486 0.004735 1.545589 0.066746 0.004829 1.545193 -0.069952 0.006655 1.331051 -0.074485 0.006690 1.328373 0.063476 0.004847 
1.369443 0.393431 0.004786 1.505674 0.381982 0.004949 1.483598 0.165865 0.004922 1.346375 0.180486 0.004758 1.545589 0.066746 0.004841 1.545193 -0.069952 0.006667 1.331050 -0.074485 0.006691 1.328373 0.063476 0.004848 
1.369469 0.393390 0.004684 1.505699 0.381940 0.004899 1.483622 0.165823 0.004988 1.346399 0.180445 0.004771 1.545588 0.066747 0.004849 1.545191 -0.069951 0.006677 1.331049 -0.074484 0.006695 1.328371 0.063478 0.004849 
1.369470 0.393390 0.004712 1.505700 0.381940 0.004908 1.483623 0.165823 0.004988 1.346400 0.180445 0.004789 1.545588 0.066747 0.004854 1.545191 -0.069951 0.006676 1.331049 -0.074484 0.006693 1.328371 0.063478 0.004854 
1.369470 0.393389 0.004737 1.505701 0.381939 0.004916 1.483624 0.165823 0.004988 1.346401 0.180445 0.004806 1.545588 0.066747 0.004858 1.545191 -0.069951 0.006675 1.331049 -0.074485 0.006692 1.328371 0.063477 0.004858 
1.369471 0.393389 0.004759 1.505701 0.381939 0.004923 1.483624 0.165823 0.004987 1.346401 0.180444 0.004821 1.545588 0.066746 0.004861 1.545191 -0.069952 0.006674 1.331048 -0.074485 0.006691 1.328371 0.063477 0.004861 
1.369539 0.393356 0.004609 1.505770 0.381907 0.004917 1.483694 0.165790 0.005031 1.346471 0.180411 0.004718 1.545585 0.066749 0.004864 1.545190 -0.069949 0.006673 1.331047 -0.074483 0.006690 1.328369 0.063479 0.004864 
1.369540 0.393355 0.004644 1.505771 0.381906 0.004923 1.483695 0.165790 0.005026 1.346472 0.180410 0.004742 1.545585 0.066749 0.004868 1.545190 -0.069949 0.006669 1.331047 -0.074483 0.006686 1.328369 0.063479 0.004868 
1.369541 0.393355 0.004676 1.505772 0.381906 0.004930 1.483696 0.165789 0.005021 1.346473 0.180410 0.004763 1.545585 0.066749 0.004871 1.545190 -0.069950 0.006666 1.331047 -0.074484 0.006683 1.328369 0.063479 0.004871 
1.369587 0.393414 0.004742 1.505818 0.381978 0.005073 1.483764 0.165859 0.004912 1.346540 0.180466 0.004581 1.545583 0.066749 0.004873 1.545188 -0.069949 0.006663 1.331045 -0.074483 0.006680 1.328367 0.063479 0.004874 
1.369588 0.393414 0.004764 1.505819 0.381978 0.005064 1.483766 0.165859 0.004919 1.346541 0.180466 0.004619 1.545583 0.066749 0.004876 1.545188 -0.069949 0.006668 1.331045 -0.074483 0.006685 1.328367 0.063479 0.004876 
1.369589 0.393414 0.004784 1.505820 0.381978 0.005055 1.483767 0.165859 0.004925 1.346542 0.180467 0.004653 1.545583 0.066750 0.004878 1.545188 -0.069949 0.006673 1.331045 -0.074483 0.006691 1.328367 0.063479 0.004878 
1.369637 0.393361 0.004639 1.505867 0.381919 0.004979 1.483802 0.165801 0.005017 1.346578 0.180415 0.004673 1.545583 0.066751 0.004880 1.545188 -0.069947 0.006680 1.331045 -0.074482 0.006698 1.328366 0.063480 0.004880 
1.369652 0.393349 0.004621 1.505883 0.381904 0.004960 1.483814 0.165787 0.005040 1.346591 0.180403 0.004696 1.545580 0.066752 0.004881 1.545185 -0.069946 0.006678 1.331042 -0.074481 0.006696 1.328363 0.063481 0.004881 
1.369653 0.393349 0.004655 1.505884 0.381904 0.004962 1.483816 0.165787 0.005034 1.346592 0.180403 0.004722 1.545580 0.066752 0.004883 1.545185 -0.069947 0.006676 1.331042 -0.074481 0.006693 1.328363 0.063481 0.004883 
1.369654 0.393348 0.004686 1.505885 0.381904 0.004964 1.483817 0.165786 0.005028 1.346593 0.180403 0.004746 1.545580 0.066752 0.004885 1.545185 -0.069947 0.006673 1.331042 -0.074482 0.006690 1.328363 0.063481 0.004885 
1.369668 0.393330 0.004649 1.505899 0.381882 0.004923 1.483824 0.165765 0.005054 1.346601 0.180385 0.004776 1.545580 0.066752 0.004886 1.545185 -0.069946 0.006671 1.331042 -0.074481 0.006688 1.328363 0.063481 0.004886 
1.369706 0.393329 0.004654 1.505936 0.381881 0.004950 1.483863 0.165764 0.005055 1.346640 0.180384 0.004754 1.545580 0.066752 0.004886 1.545185 -0.069946 0.006663 1.331042 -0.074481 0.006681 1.328363 0.063481 0.004887 
1.369680 0.393349 0.004724 1.505911 0.381908 0.004992 1.483849 0.165790 0.004988 1.346625 0.180402 0.004717 1.545580 0.066752 0.004888 1.545185 -0.069947 0.006661 1.331042 -0.074481 0.006678 1.328363 0.063481 0.004888 
1.369681 0.393349 0.004748 1.505912 0.381908 0.004991 1.483850 0.165790 0.004987 1.346626 0.180402 0.004741 1.545580 0.066752 0.004889 1.545185 -0.069947 0.006660 1.331042 -0.074481 0.006677 1.328363 0.063481 0.004889 
1.369682 0.393349 0.004768 1.505913 0.381908 0.004991 1.483851 0.165790 0.004987 1.346627 0.180402 0.004763 1.545580 0.066752 0.004890 1.545185 -0.069947 0.006659 1.331042 -0.074482 0.006677 1.328363 0.063481 0.004890 
1.369682 0.393348 0.004787 1.505913 0.381908 0.004990 1.483852 0.165790 0.004987 1.346628 0.180402 0.004783 1.545580 0.066752 0.004891 1.545185 -0.069947 0.006660 1.331042 -0.074482 0.006677 1.328363 0.063481 0.004891 
1.369683 0.393348 0.004805 1.505914 0.381908 0.004989 1.483852 0.165790 0.004988 1.346628 0.180402 0.004801 1.545580 0.066752 0.004892 1.545185 -0.069947 0.006660 1.331042 -0.074482 0.006677 1.328363 0.063481 0.004892 
1.369734 0.393343 0.004783 1.505965 0.381902 0.005017 1.483903 0.165784 0.005016 1.346679 0.180396 0.004780 1.545580 0.066753 0.004893 1.545185 -0.069946 0.006660 1.331042 -0.074481 0.006677 1.328363 0.063481 0.004893 
1.369805 0.393347 0.004677 1.506037 0.381919 0.005093 1.483995 0.165799 0.004955 1.346770 0.180399 0.004537 1.545620 0.066722 0.004891 1.545227 -0.069976 0.006714 1.331084 -0.074515 0.006658 1.328403 0.063446 0.004815 
1.369813 0.393350 0.004706 1.506044 0.381914 0.005068 1.483990 0.165795 0.004922 1.346766 0.180403 0.004559 1.545543 0.066617 0.004645 1.545143 -0.070079 0.006650 1.331000 -0.074603 0.006843 1.328327 0.063356 0.004821 
1.369815 0.393350 0.004731 1.506046 0.381914 0.005059 1.483992 0.165796 0.004928 1.346767 0.180403 0.004599 1.545543 0.066617 0.004674 1.545142 -0.070078 0.006686 1.330999 -0.074603 0.006853 1.328326 0.063357 0.004824 
1.369816 0.393351 0.004753 1.506047 0.381915 0.005051 1.483993 0.165796 0.004934 1.346768 0.180403 0.004635 1.545542 0.066618 0.004701 1.545142 -0.070078 0.006719 1.330999 -0.074603 0.006862 1.328325 0.063357 0.004826 
1.369817 0.393351 0.004774 1.506048 0.381915 0.005044 1.483994 0.165796 0.004939 1.346769 0.180403 0.004668 1.545542 0.066618 0.004725 1.545141 -0.070077 0.006749 1.330998 -0.074602 0.006870 1.328325 0.063357 0.004828 
1.369867 0.393253 0.004536 1.506096 0.381803 0.004863 1.484019 0.165686 0.005071 1.346796 0.180308 0.004737 1.545541 0.066619 0.004746 1.545140 -0.070076 0.006780 1.330997 -0.074601 0.006882 1.328324 0.063358 0.004830 
1.369904 0.393229 0.004461 1.506134 0.381779 0.004852 1.484058 0.165663 0.005070 1.346835 0.180284 0.004672 1.545577 0.066596 0.004766 1.545177 -0.070099 0.006847 1.331034 -0.074627 0.006868 1.328360 0.063332 0.004766 
1.369928 0.393249 0.004528 1.506158 0.381808 0.004932 1.484096 0.165690 0.005007 1.346872 0.180302 0.004598 1.545575 0.066596 0.004777 1.545175 -0.070099 0.006856 1.331032 -0.074626 0.006876 1.328359 0.063332 0.004778 
1.369929 0.393248 0.004571 1.506160 0.381807 0.004937 1.484098 0.165689 0.005005 1.346874 0.180302 0.004634 1.545575 0.066595 0.004789 1.545175 -0.070099 0.006862 1.331032 -0.074627 0.006882 1.328359 0.063332 0.004789 
1.370024 0.393163 0.004335 1.506254 0.381709 0.004832 1.484171 0.165594 0.005150 1.346949 0.180219 0.004643 1.545575 0.066596 0.004798 1.545175 -0.070099 0.006870 1.331032 -0.074626 0.006889 1.328358 0.063332 0.004798 
1.370054 0.393148 0.004321 1.506283 0.381697 0.004846 1.484205 0.165581 0.005124 1.346983 0.180203 0.004590 1.545609 0.066575 0.004799 1.545211 -0.070119 0.006908 1.331068 -0.074649 0.006881 1.328393 0.063309 0.004750 
1.370055 0.393147 0.004383 1.506285 0.381697 0.004859 1.484207 0.165580 0.005110 1.346984 0.180202 0.004626 1.545610 0.066575 0.004799 1.545211 -0.070119 0.006905 1.331068 -0.074649 0.006897 1.328393 0.063309 0.004770 
1.370056 0.393146 0.004439 1.506286 0.381696 0.004871 1.484209 0.165580 0.005098 1.346986 0.180201 0.004659 1.545610 0.066574 0.004798 1.545212 -0.070120 0.006892 1.331069 -0.074650 0.006903 1.328394 0.063308 0.004789 
1.370085 0.393096 0.004363 1.506314 0.381638 0.004792 1.484224 0.165523 0.005147 1.347003 0.180153 0.004709 1.545610 0.066574 0.004801 1.545211 -0.070120 0.006887 1.331068 -0.074649 0.006906 1.328393 0.063309 0.004801 
1.370167 0.393118 0.004388 1.506396 0.381673 0.004965 1.484326 0.165556 0.005052 1.347104 0.180173 0.004467 1.545569 0.066463 0.004551 1.545168 -0.070229 0.006817 1.331025 -0.074751 0.007035 1.328352 0.063204 0.004750 
1.370205 0.393071 0.004332 1.506436 0.381637 0.004946 1.484383 0.165518 0.005073 1.347160 0.180123 0.004451 1.545601 0.066450 0.004587 1.545201 -0.070241 0.006868 1.331058 -0.074767 0.007001 1.328384 0.063188 0.004700 
1.370207 0.393070 0.004393 1.506438 0.381636 0.004949 1.484386 0.165517 0.005064 1.347162 0.180123 0.004501 1.545600 0.066450 0.004622 1.545200 -0.070241 0.006904 1.331057 -0.074766 0.007015 1.328384 0.063189 0.004713 
