1.259918 0.196860 0.004516 1.343750 0.274131 0.005119 1.355469 0.137189 0.003803 1.474984 0.212742 0.004335 
1.259977 0.196180 0.004550 1.343631 0.274126 0.005101 1.355346 0.137182 0.003914 1.475028 0.212058 0.004389 
1.260042 0.195421 0.004579 1.343305 0.274104 0.005084 1.355016 0.137156 0.004014 1.475077 0.211290 0.004438 
1.260126 0.194453 0.004605 1.343001 0.274083 0.005068 1.354706 0.137132 0.004104 1.475139 0.210314 0.004482 
1.260231 0.193231 0.004628 1.342911 0.274079 0.005056 1.354608 0.137126 0.004185 1.475218 0.209088 0.004521 
1.260367 0.191663 0.004647 1.343170 0.274104 0.005046 1.354858 0.137151 0.004258 1.475318 0.207524 0.004556 
1.260544 0.189627 0.004664 1.343782 0.274157 0.005038 1.355458 0.137207 0.004323 1.475449 0.205498 0.004585 
1.260387 0.191668 0.004256 1.346632 0.274727 0.005198 1.358315 0.137801 0.003830 1.475326 0.207599 0.004675 
1.260721 0.187856 0.004289 1.347273 0.274790 0.005173 1.358927 0.137863 0.003934 1.475574 0.203788 0.004658 
1.261121 0.183313 0.004316 1.347983 0.274862 0.005154 1.359598 0.137935 0.004028 1.475872 0.199238 0.004641 
1.261574 0.178178 0.004351 1.348729 0.274937 0.005173 1.360294 0.138010 0.004108 1.476210 0.194083 0.004632 
1.261930 0.174155 0.004496 1.349471 0.275000 0.005510 1.360991 0.138076 0.004177 1.476477 0.190040 0.004722 
1.262070 0.172549 0.004754 1.350229 0.275035 0.006186 1.361739 0.138121 0.004238 1.476581 0.188447 0.004922 
1.262102 0.172186 0.005067 1.351015 0.275059 0.007025 1.362521 0.138164 0.004294 1.476605 0.188101 0.005176 
1.262109 0.172120 0.005385 1.351824 0.275080 0.007885 1.363328 0.138208 0.004345 1.476610 0.188053 0.005439 
1.262114 0.172073 0.005692 1.352649 0.275097 0.008726 1.364150 0.138253 0.004390 1.476613 0.188024 0.005695 
1.262118 0.172035 0.005991 1.353484 0.275112 0.009552 1.364981 0.138299 0.004430 1.476616 0.188006 0.005946 
1.262122 0.171998 0.006283 1.354328 0.275123 0.010366 1.365821 0.138347 0.004466 1.476619 0.187987 0.006192 
1.262126 0.171959 0.006568 1.355179 0.275130 0.011173 1.366668 0.138394 0.004499 1.476622 0.187968 0.006434 
1.262130 0.171919 0.006847 1.356100 0.275139 0.011982 1.367584 0.138448 0.004533 1.476624 0.187949 0.006690 
1.262134 0.171877 0.007124 1.357037 0.275144 0.012796 1.368517 0.138504 0.004567 1.476627 0.187928 0.006950 
1.262138 0.171833 0.007399 1.357958 0.275142 0.013616 1.369433 0.138557 0.004597 1.476629 0.187906 0.007211 
1.262142 0.171786 0.007679 1.358852 0.275132 0.014450 1.370322 0.138607 0.004627 1.476632 0.187880 0.007475 
1.262146 0.171737 0.007962 1.359715 0.275112 0.015300 1.371179 0.138654 0.004654 1.476635 0.187851 0.007742 
1.262151 0.171685 0.008250 1.360541 0.275081 0.016170 1.371999 0.138696 0.004679 1.476638 0.187819 0.008013 
1.262156 0.171629 0.008544 1.361327 0.275038 0.017066 1.372778 0.138734 0.004701 1.476642 0.187782 0.008290 
1.262161 0.171570 0.008847 1.362068 0.274982 0.017994 1.373510 0.138766 0.004721 1.476646 0.187741 0.008575 
1.262167 0.171506 0.009159 1.362759 0.274909 0.018957 1.374193 0.138793 0.004739 1.476651 0.187694 0.008869 
1.262173 0.171437 0.009483 1.363396 0.274819 0.019962 1.374820 0.138813 0.004755 1.476656 0.187641 0.009174 
1.262180 0.171362 0.009821 1.363975 0.274710 0.021015 1.375388 0.138826 0.004770 1.476661 0.187581 0.009491 
1.262187 0.171281 0.010175 1.364494 0.274578 0.022120 1.375895 0.138832 0.004784 1.476668 0.187514 0.009823 
1.262195 0.171192 0.010546 1.364948 0.274422 0.023285 1.376335 0.138829 0.004796 1.476674 0.187438 0.010171 
1.262203 0.171095 0.010937 1.365334 0.274238 0.024516 1.376706 0.138818 0.004807 1.476682 0.187352 0.010538 
1.262213 0.170988 0.011349 1.365650 0.274023 0.025819 1.377004 0.138798 0.004817 1.476691 0.187256 0.010925 
1.262224 0.170870 0.011786 1.365893 0.273773 0.027201 1.377228 0.138768 0.004826 1.476701 0.187147 0.011334 
1.262235 0.170739 0.012248 1.366062 0.273484 0.028670 1.377375 0.138728 0.004835 1.476712 0.187024 0.011767 
1.262248 0.170593 0.012740 1.366154 0.273150 0.030234 1.377441 0.138677 0.004842 1.476724 0.186885 0.012227 
1.262262 0.170431 0.013262 1.366185 0.272769 0.031899 1.377444 0.138617 0.004849 1.476738 0.186729 0.012716 
1.262278 0.170251 0.013817 1.366190 0.272336 0.033676 1.377417 0.138550 0.004856 1.476753 0.186556 0.013237 
1.262296 0.170051 0.014410 1.366168 0.271844 0.035571 1.377358 0.138476 0.004862 1.476770 0.186363 0.013793 
1.262316 0.169830 0.015043 1.366120 0.271285 0.037596 1.377268 0.138394 0.004867 1.476789 0.186150 0.014386 
1.262323 0.169746 0.015769 1.366052 0.270642 0.039783 1.377152 0.138303 0.004872 1.476800 0.186074 0.015070 
1.262312 0.169880 0.016632 1.365970 0.269899 0.042158 1.377016 0.138203 0.004877 1.476798 0.186218 0.015886 
1.262290 0.170144 0.017622 1.365869 0.269047 0.044715 1.376854 0.138093 0.004882 1.476788 0.186495 0.016824 
1.262265 0.170439 0.018718 1.365740 0.268072 0.047450 1.376653 0.137973 0.004886 1.476778 0.186803 0.017865 
1.262244 0.170696 0.019908 1.365583 0.266961 0.050363 1.376414 0.137842 0.004890 1.476771 0.187075 0.018997 
1.262225 0.170929 0.021208 1.365403 0.265695 0.053467 1.376139 0.137699 0.004894 1.476768 0.187326 0.020234 
1.262205 0.171165 0.022646 1.365207 0.264248 0.056776 1.375835 0.137545 0.004897 1.476766 0.187582 0.021606 
1.262187 0.171388 0.024235 1.364993 0.262596 0.060297 1.375497 0.137378 0.004901 1.476767 0.187829 0.023124 
1.262168 0.171626 0.026015 1.364756 0.260705 0.064045 1.375115 0.137197 0.004904 1.476769 0.188095 0.024826 
1.262146 0.171900 0.028028 1.364493 0.258538 0.068030 1.374687 0.136999 0.004908 1.476773 0.188402 0.026756 
1.262094 0.172712 0.030556 1.364060 0.256129 0.072308 1.374092 0.136905 0.004885 1.476757 0.189304 0.029190 
1.262105 0.172608 0.032888 1.363727 0.253324 0.076713 1.373538 0.136673 0.004892 1.476792 0.189243 0.031427 
1.262086 0.172980 0.035835 1.363248 0.250150 0.081412 1.372826 0.136507 0.004882 1.476810 0.189706 0.034269 
1.262108 0.172758 0.038809 1.362850 0.246485 0.086271 1.372138 0.136234 0.004891 1.476865 0.189543 0.037135 
1.261867 0.174562 0.043780 1.361683 0.242442 0.091562 1.370611 0.136325 0.004807 1.476706 0.191498 0.041820 
1.261935 0.173824 0.047301 1.361101 0.237867 0.096741 1.369671 0.136171 0.004801 1.476803 0.190890 0.045231 
1.261527 0.175684 0.053994 1.357745 0.232843 0.102398 1.365854 0.136599 0.004695 1.476466 0.193297 0.051262 
1.261209 0.177101 0.060908 1.355064 0.227598 0.108020 1.362624 0.137520 0.004540 1.476219 0.195211 0.057655 
1.261218 0.175949 0.066192 1.352734 0.221553 0.113416 1.359714 0.138092 0.004469 1.476242 0.194574 0.062547 
1.261472 0.172454 0.070247 1.351357 0.214088 0.118603 1.357733 0.137784 0.004479 1.476488 0.191498 0.066448 
1.261770 0.168621 0.075826 1.349936 0.205178 0.123787 1.355688 0.137069 0.004544 1.476807 0.188185 0.071987 
1.262163 0.162962 0.081358 1.347783 0.194500 0.128624 1.352860 0.135425 0.004608 1.477198 0.183254 0.077470 
1.262709 0.154198 0.085546 1.347238 0.181309 0.132863 1.351429 0.131889 0.004650 1.477748 0.174844 0.081635 
1.263372 0.141531 0.088279 1.347606 0.164589 0.136435 1.350786 0.125426 0.004694 1.478404 0.162369 0.084353 
1.338542 0.145477 0.142782 1.473821 0.154906 0.118443 1.258646 0.130854 0.112593 1.347151 0.119030 0.008128 
1.321040 0.126549 0.148669 1.462390 0.139897 0.137877 1.248861 0.112358 0.113880 1.341099 0.104164 0.014466 
1.313091 0.111313 0.149862 0.968404 -1.294247 -0.079279 1.178687 -0.749255 0.069204 1.457627 0.126484 0.151588 1.590603 -1.261989 -0.108131 1.315502 -0.765521 0.030665 
1.309900 0.102253 0.151533 0.917296 -1.368617 0.006871 1.153610 -0.758277 0.076117 1.452379 0.118002 0.167783 1.589560 -1.036504 -0.069825 1.295554 -0.774507 0.031588 
1.317677 0.094510 0.154803 0.943031 -1.503380 0.045237 1.145651 -0.771984 0.086525 1.449129 0.106520 0.173176 1.505218 -0.961090 -0.100618 1.292405 -0.787852 0.038492 
1.325368 0.087889 0.156938 1.014483 -1.572617 0.014211 1.168412 -0.786484 0.077834 1.448565 0.096188 0.171363 1.517036 -0.944690 -0.084949 1.317391 -0.802534 0.033850 
1.324875 0.083761 0.158493 1.052725 -1.591777 -0.002589 1.175713 -0.792982 0.070358 1.445412 0.090668 0.173504 1.515280 -0.914893 -0.044030 1.325229 -0.809196 0.030459 
1.312535 0.082815 0.158423 1.045752 -1.587276 -0.009429 1.173171 -0.796678 0.069511 1.439737 0.091432 0.180467 1.532737 -0.919445 -0.008683 1.322968 -0.813055 0.035410 
1.296865 0.082335 0.157073 1.041272 -1.586387 -0.015674 1.170754 -0.799657 0.068957 1.432925 0.093862 0.189709 1.543676 -0.927750 0.011870 1.320826 -0.815885 0.040457 
1.290759 0.082351 0.157701 1.042567 -1.590706 -0.019132 1.168738 -0.802143 0.068430 1.426531 0.094345 0.197859 1.544192 -0.930761 0.022744 1.319302 -0.818143 0.044712 
1.289392 0.082528 0.159346 1.044980 -1.598063 -0.021481 1.167095 -0.804048 0.068027 1.421141 0.093645 0.204297 1.542414 -0.934689 0.023604 1.318254 -0.819945 0.048321 
1.288622 0.083492 0.161386 1.046991 -1.602837 -0.023448 1.165401 -0.804596 0.067514 1.415145 0.093662 0.210906 1.540424 -0.936397 0.025819 1.317143 -0.820332 0.051957 
1.287378 0.085248 0.163084 1.048508 -1.605829 -0.025127 1.163892 -0.803952 0.067035 1.409733 0.094625 0.215971 1.538851 -0.937263 0.027059 1.316092 -0.819565 0.055155 
1.286072 0.087782 0.164862 1.049463 -1.607144 -0.026669 1.162433 -0.802385 0.066602 1.404340 0.096478 0.220873 1.537696 -0.937460 0.027856 1.315006 -0.817848 0.058176 
1.284623 0.090815 0.166488 1.050249 -1.608072 -0.027821 1.161085 -0.800288 0.066207 1.399288 0.098934 0.225220 1.536614 -0.937906 0.025714 1.313995 -0.815602 0.060842 
1.283269 0.094201 0.168057 1.394425 0.101805 0.229199 1.051151 -1.609108 -0.028753 1.159843 -0.797878 0.065894 1.536597 -0.939605 0.021297 1.313042 -0.813022 0.063430 
1.281400 0.097647 0.169284 1.389696 0.104909 0.232902 1.051543 -1.609937 -0.029982 1.158608 -0.795353 0.065585 1.538104 -0.942992 0.015903 1.312018 -0.810324 0.065894 
1.279019 0.100818 0.170119 1.385141 0.107871 0.236289 1.051759 -1.609976 -0.031493 1.157492 -0.792971 0.065213 1.539769 -0.945628 0.013201 1.310990 -0.807795 0.068168 
1.276269 0.102297 0.170553 1.381566 0.109275 0.237855 1.052083 -1.610027 -0.032759 1.156450 -0.791736 0.064785 1.540161 -0.946260 0.015274 1.309970 -0.806479 0.070226 
1.274251 0.102364 0.170994 1.378843 0.109208 0.238714 1.052343 -1.610581 -0.033646 1.155604 -0.792006 0.064361 1.539201 -0.945841 0.019295 1.309089 -0.806687 0.071795 
1.273554 0.102289 0.171711 1.376939 0.108832 0.239256 1.051971 -1.610583 -0.034552 1.154983 -0.792633 0.064008 1.538204 -0.945420 0.023399 1.308403 -0.807292 0.072890 
1.272866 0.102220 0.172095 1.375643 0.108590 0.239644 1.051130 -1.610400 -0.035517 1.154506 -0.793113 0.063755 1.538082 -0.946089 0.025648 1.307871 -0.807765 0.073613 
1.272673 0.102185 0.172403 1.374985 0.108428 0.239775 1.050277 -1.609863 -0.036241 1.154276 -0.793365 0.063616 1.538213 -0.946362 0.027393 1.307613 -0.807995 0.073990 
1.272820 0.102181 0.172535 1.374986 0.108373 0.239659 1.049724 -1.609600 -0.036350 1.154258 -0.793356 0.063610 1.538286 -0.946558 0.026792 1.307642 -0.807957 0.073968 
1.273064 0.102200 0.172493 1.375385 0.108409 0.239397 1.049057 -1.609527 -0.036145 1.154364 -0.793174 0.063712 1.538592 -0.947252 0.024023 1.307863 -0.807737 0.073703 
1.273256 0.102257 0.172398 1.375788 0.108533 0.239246 1.048133 -1.609442 -0.035837 1.154498 -0.792892 0.063860 1.539089 -0.948385 0.019891 1.308156 -0.807386 0.073364 
1.273616 0.102400 0.172352 1.376516 0.108701 0.238590 1.047212 -1.609145 -0.035399 1.154668 -0.792519 0.063988 1.539203 -0.948936 0.015712 1.308505 -0.806927 0.072920 
1.274281 0.102559 0.172408 1.377563 0.108817 0.237463 1.046194 -1.608840 -0.034932 1.154862 -0.792161 0.064124 1.539363 -0.949654 0.011247 1.308891 -0.806482 0.072419 
1.274919 0.102708 0.172453 1.378506 0.108955 0.236500 1.045228 -1.608646 -0.034393 1.155028 -0.791847 0.064237 1.539431 -0.950524 0.006379 1.309246 -0.806070 0.071877 
1.275377 0.102841 0.172401 1.379339 0.109138 0.235720 1.044410 -1.608398 -0.033785 1.155219 -0.791589 0.064366 1.539397 -0.951113 0.002108 1.309601 -0.805703 0.071362 
1.275863 0.102947 0.172313 1.380201 0.109309 0.234998 1.043583 -1.608121 -0.033198 1.155431 -0.791365 0.064505 1.539457 -0.951878 -0.002170 1.309961 -0.805376 0.070813 
1.276386 0.103021 0.172202 1.381061 0.109460 0.234391 1.042713 -1.607783 -0.032684 1.155663 -0.791172 0.064652 1.539671 -0.952782 -0.006218 1.310320 -0.805090 0.070243 
1.276972 0.103095 0.172081 1.381997 0.109607 0.233749 1.041784 -1.607386 -0.032226 1.155916 -0.790972 0.064809 1.540019 -0.953855 -0.010200 1.310686 -0.804810 0.069647 
1.277577 0.103176 0.171949 1.382945 0.109762 0.233122 1.040905 -1.606998 -0.031781 1.156177 -0.790770 0.064968 1.540376 -0.954966 -0.014050 1.311047 -0.804541 0.069049 
1.277719 0.103284 0.171663 1.383671 0.109994 0.232636 1.040630 -1.606819 -0.031591 1.156366 -0.790623 0.065077 1.540974 -0.955824 -0.015884 1.311253 -0.804381 0.068677 
1.277651 0.103365 0.171388 1.384141 0.110178 0.232319 1.040253 -1.606470 -0.031856 1.156470 -0.790588 0.065131 1.542055 -0.956764 -0.015910 1.311319 -0.804368 0.068508 
1.277691 0.103383 0.171265 1.384378 0.110223 0.232236 1.040206 -1.606336 -0.032079 1.156530 -0.790633 0.065156 1.542681 -0.957285 -0.015417 1.311328 -0.804458 0.068444 
1.277605 0.103353 0.171222 1.384308 0.110189 0.232368 1.040444 -1.606368 -0.032326 1.156511 -0.790733 0.065138 1.543020 -0.957431 -0.014248 1.311248 -0.804605 0.068542 
1.277379 0.103303 0.171251 1.383955 0.110115 0.232660 1.040610 -1.606353 -0.032713 1.156412 -0.790849 0.065078 1.543345 -0.957355 -0.012354 1.311088 -0.804757 0.068786 
1.277331 0.103260 0.171391 1.383608 0.110019 0.232901 1.040339 -1.606135 -0.033087 1.156315 -0.790891 0.065027 1.543688 -0.957535 -0.011305 1.310973 -0.804809 0.068984 
1.277401 0.103224 0.171547 1.383377 0.109921 0.233046 1.040219 -1.606095 -0.033148 1.156257 -0.790887 0.064999 1.543517 -0.957439 -0.011201 1.310931 -0.804801 0.069083 
1.277377 0.103212 0.171645 1.383193 0.109877 0.233109 1.040065 -1.606026 -0.033210 1.156201 -0.790868 0.064974 1.543462 -0.957439 -0.011209 1.310892 -0.804766 0.069171 
1.277212 0.103222 0.171672 1.383015 0.109893 0.233131 1.039860 -1.605905 -0.033314 1.156138 -0.790860 0.064946 1.543572 -0.957541 -0.011135 1.310841 -0.804731 0.069266 
1.277095 0.103246 0.171683 1.382947 0.109924 0.233050 1.039662 -1.605801 -0.033357 1.156098 -0.790840 0.064929 1.543642 -0.957648 -0.011304 1.310818 -0.804683 0.069313 
1.277047 0.103274 0.171686 1.382969 0.109957 0.232919 1.039509 -1.605738 -0.033320 1.156085 -0.790812 0.064926 1.543627 -0.957722 -0.011718 1.310826 -0.804630 0.069308 
1.277052 0.103276 0.171684 1.382979 0.109959 0.232908 1.039497 -1.605734 -0.033311 1.156088 -0.790807 0.064927 1.543624 -0.957726 -0.011776 1.310831 -0.804623 0.069301 
1.277054 0.103276 0.171682 1.382981 0.109959 0.232905 1.039498 -1.605735 -0.033309 1.156088 -0.790807 0.064927 1.543626 -0.957729 -0.011782 1.310832 -0.804622 0.069300 
1.277055 0.103276 0.171681 1.382983 0.109960 0.232903 1.039495 -1.605733 -0.033309 1.156089 -0.790807 0.064927 1.543623 -0.957726 -0.011787 1.310832 -0.804622 0.069298 
1.277054 0.103276 0.171680 1.382983 0.109960 0.232902 1.039494 -1.605733 -0.033309 1.156089 -0.790807 0.064926 1.543626 -0.957730 -0.011790 1.310832 -0.804622 0.069298 
1.277053 0.103277 0.171678 1.382981 0.109961 0.232901 1.039495 -1.605734 -0.033310 1.156088 -0.790807 0.064925 1.543621 -0.957724 -0.011791 1.310832 -0.804622 0.069297 
1.277052 0.103277 0.171677 1.382979 0.109961 0.232901 1.039493 -1.605733 -0.033312 1.156088 -0.790807 0.064923 1.543622 -0.957726 -0.011792 1.310831 -0.804621 0.069297 
1.277050 0.103278 0.171676 1.382978 0.109961 0.232898 1.039494 -1.605734 -0.033312 1.156087 -0.790807 0.064922 1.543620 -0.957725 -0.011794 1.310831 -0.804621 0.069297 
1.277048 0.103278 0.171674 1.382977 0.109962 0.232895 1.039494 -1.605734 -0.033313 1.156086 -0.790806 0.064921 1.543620 -0.957726 -0.011796 1.310830 -0.804621 0.069297 
1.277046 0.103279 0.171674 1.382976 0.109963 0.232891 1.039493 -1.605734 -0.033313 1.156086 -0.790806 0.064920 1.543624 -0.957734 -0.011802 1.310830 -0.804620 0.069297 
1.277044 0.103281 0.171674 1.382974 0.109964 0.232886 1.039491 -1.605733 -0.033315 1.156084 -0.790805 0.064918 1.543624 -0.957735 -0.011804 1.310829 -0.804618 0.069299 
1.277037 0.103284 0.171674 1.382974 0.109966 0.232873 1.039487 -1.605732 -0.033318 1.156082 -0.790803 0.064916 1.543621 -0.957735 -0.011809 1.310827 -0.804616 0.069302 
1.277032 0.103287 0.171674 1.382976 0.109968 0.232858 1.039482 -1.605729 -0.033320 1.156080 -0.790800 0.064915 1.543620 -0.957742 -0.011826 1.310826 -0.804612 0.069304 
1.277023 0.103295 0.171675 1.382981 0.109973 0.232826 1.039480 -1.605729 -0.033322 1.156076 -0.790797 0.064912 1.543625 -0.957758 -0.011844 1.310823 -0.804607 0.069310 
1.277009 0.103303 0.171676 1.382988 0.109979 0.232784 1.039468 -1.605723 -0.033326 1.156070 -0.790793 0.064909 1.543627 -0.957777 -0.011876 1.310819 -0.804601 0.069318 
1.276997 0.103317 0.171678 1.383012 0.109987 0.232711 1.039457 -1.605717 -0.033330 1.156065 -0.790787 0.064906 1.543631 -0.957807 -0.011928 1.310816 -0.804594 0.069325 
1.276987 0.103335 0.171679 1.383053 0.109997 0.232608 1.039445 -1.605711 -0.033334 1.156060 -0.790779 0.064904 1.543647 -0.957862 -0.012004 1.310813 -0.804584 0.069332 
1.276977 0.103355 0.171680 1.383096 0.110009 0.232500 1.039430 -1.605702 -0.033339 1.156055 -0.790770 0.064902 1.543664 -0.957927 -0.012099 1.310811 -0.804573 0.069339 
1.276966 0.103375 0.171682 1.383140 0.110020 0.232387 1.039416 -1.605695 -0.033345 1.156049 -0.790761 0.064899 1.543679 -0.957983 -0.012180 1.310808 -0.804562 0.069347 
1.276950 0.103396 0.171684 1.383182 0.110032 0.232274 1.039396 -1.605683 -0.033354 1.156042 -0.790752 0.064895 1.543698 -0.958044 -0.012261 1.310804 -0.804551 0.069357 
1.276932 0.103416 0.171686 1.383221 0.110045 0.232160 1.039377 -1.605672 -0.033362 1.156034 -0.790744 0.064892 1.543716 -0.958105 -0.012341 1.310799 -0.804539 0.069369 
1.276910 0.103437 0.171689 1.383254 0.110057 0.232049 1.039352 -1.605658 -0.033375 1.156025 -0.790736 0.064887 1.543740 -0.958167 -0.012410 1.310793 -0.804527 0.069383 
1.276882 0.103458 0.171692 1.383281 0.110070 0.231942 1.039324 -1.605641 -0.033389 1.156014 -0.790728 0.064882 1.543762 -0.958225 -0.012474 1.310785 -0.804515 0.069400 
1.276851 0.103478 0.171696 1.383305 0.110083 0.231835 1.039292 -1.605623 -0.033406 1.156001 -0.790721 0.064875 1.543785 -0.958281 -0.012525 1.310776 -0.804503 0.069419 
1.276813 0.103499 0.171700 1.383323 0.110096 0.231728 1.039254 -1.605600 -0.033426 1.155986 -0.790714 0.064868 1.543812 -0.958340 -0.012574 1.310765 -0.804490 0.069441 
1.276770 0.103522 0.171705 1.383340 0.110111 0.231613 1.039212 -1.605576 -0.033447 1.155970 -0.790706 0.064860 1.543841 -0.958408 -0.012634 1.310752 -0.804476 0.069466 
1.276721 0.103547 0.171711 1.383357 0.110127 0.231489 1.039165 -1.605549 -0.033471 1.155951 -0.790699 0.064851 1.543875 -0.958482 -0.012695 1.310738 -0.804460 0.069494 
1.276668 0.103568 0.171718 1.383355 0.110141 0.231390 1.039121 -1.605525 -0.033492 1.155930 -0.790693 0.064841 1.543892 -0.958535 -0.012745 1.310722 -0.804446 0.069525 
1.276604 0.103584 0.171726 1.383326 0.110153 0.231327 1.039069 -1.605497 -0.033515 1.155906 -0.790689 0.064830 1.543903 -0.958579 -0.012783 1.310703 -0.804432 0.069560 
1.276528 0.103599 0.171737 1.383281 0.110166 0.231272 1.039008 -1.605464 -0.033542 1.155878 -0.790685 0.064817 1.543922 -0.958639 -0.012830 1.310681 -0.804416 0.069602 
1.276441 0.103618 0.171749 1.383230 0.110181 0.231206 1.038936 -1.605425 -0.033574 1.155845 -0.790681 0.064801 1.543940 -0.958703 -0.012883 1.310655 -0.804398 0.069650 
1.276342 0.103638 0.171763 1.383169 0.110197 0.231140 1.038856 -1.605382 -0.033611 1.155808 -0.790676 0.064784 1.543963 -0.958779 -0.012939 1.310625 -0.804378 0.069705 
1.276230 0.103658 0.171778 1.383096 0.110214 0.231072 1.038769 -1.605336 -0.033650 1.155767 -0.790672 0.064765 1.543983 -0.958856 -0.012999 1.310592 -0.804356 0.069767 
1.276103 0.103679 0.171796 1.383007 0.110232 0.231007 1.038670 -1.605283 -0.033694 1.155720 -0.790668 0.064743 1.544003 -0.958932 -0.013047 1.310554 -0.804333 0.069837 
1.275958 0.103709 0.171814 1.382918 0.110256 0.230912 1.038558 -1.605224 -0.033745 1.155666 -0.790663 0.064718 1.544026 -0.959028 -0.013122 1.310511 -0.804305 0.069916 
1.275798 0.103730 0.171836 1.382793 0.110276 0.230859 1.038440 -1.605161 -0.033798 1.155608 -0.790661 0.064690 1.544049 -0.959112 -0.013162 1.310462 -0.804279 0.070004 
1.275622 0.103753 0.171859 1.382653 0.110298 0.230806 1.038304 -1.605090 -0.033857 1.155543 -0.790660 0.064659 1.544068 -0.959207 -0.013223 1.310410 -0.804250 0.070099 
1.275432 0.103779 0.171885 1.382508 0.110321 0.230738 1.038158 -1.605012 -0.033923 1.155473 -0.790659 0.064626 1.544095 -0.959315 -0.013289 1.310352 -0.804220 0.070203 
1.275227 0.103805 0.171912 1.382347 0.110345 0.230675 1.037999 -1.604928 -0.033994 1.155398 -0.790659 0.064591 1.544125 -0.959433 -0.013355 1.310290 -0.804188 0.070315 
1.275008 0.103837 0.171941 1.382180 0.110374 0.230597 1.037843 -1.604847 -0.034062 1.155318 -0.790658 0.064554 1.544138 -0.959536 -0.013423 1.310223 -0.804154 0.070433 
1.274772 0.103865 0.171972 1.381990 0.110400 0.230535 1.037668 -1.604756 -0.034139 1.155232 -0.790661 0.064513 1.544153 -0.959631 -0.013462 1.310152 -0.804120 0.070561 
1.274521 0.103897 0.172004 1.381790 0.110429 0.230468 1.037506 -1.604678 -0.034202 1.155141 -0.790663 0.064469 1.544125 -0.959678 -0.013498 1.310076 -0.804083 0.070692 
1.274251 0.103946 0.172037 1.381613 0.110470 0.230323 1.037330 -1.604594 -0.034268 1.155043 -0.790660 0.064422 1.544101 -0.959737 -0.013563 1.309996 -0.804038 0.070832 
1.273960 0.103973 0.172073 1.381353 0.110499 0.230299 1.037140 -1.604503 -0.034338 1.154939 -0.790667 0.064372 1.544060 -0.959776 -0.013595 1.309908 -0.803999 0.070984 
1.273656 0.103998 0.172112 1.381079 0.110527 0.230276 1.036947 -1.604414 -0.034408 1.154830 -0.790675 0.064318 1.544009 -0.959804 -0.013616 1.309817 -0.803960 0.071143 
1.273569 0.104055 0.172308 1.380700 0.110547 0.230447 1.036750 -1.604323 -0.034478 1.154714 -0.790670 0.064273 1.543963 -0.959853 -0.013692 1.309721 -0.803904 0.071321 
1.273228 0.104120 0.172344 1.380496 0.110599 0.230235 1.036535 -1.604220 -0.034564 1.154591 -0.790666 0.064212 1.543923 -0.959903 -0.013744 1.309618 -0.803848 0.071496 
1.272870 0.104159 0.172385 1.380197 0.110637 0.230169 1.036303 -1.604109 -0.034654 1.154463 -0.790673 0.064147 1.543890 -0.959956 -0.013759 1.309508 -0.803799 0.071682 
1.272499 0.104191 0.172429 1.379870 0.110670 0.230132 1.036067 -1.603999 -0.034739 1.154331 -0.790684 0.064080 1.543823 -0.959980 -0.013778 1.309395 -0.803752 0.071875 
1.272117 0.104230 0.172472 1.379554 0.110707 0.230059 1.035827 -1.603889 -0.034823 1.154195 -0.790693 0.064010 1.543755 -0.960008 -0.013809 1.309279 -0.803702 0.072073 
1.271725 0.104270 0.172514 1.379235 0.110745 0.229977 1.035674 -1.603842 -0.034851 1.154058 -0.790703 0.063939 1.543575 -0.959940 -0.013895 1.309163 -0.803650 0.072273 
1.271945 0.104262 0.172749 1.379112 0.110652 0.229966 1.035684 -1.603894 -0.034776 1.154010 -0.790734 0.063911 1.543288 -0.959770 -0.014030 1.309135 -0.803660 0.072339 
1.271949 0.104262 0.172749 1.379109 0.110653 0.229972 1.035685 -1.603895 -0.034775 1.154010 -0.790731 0.063911 1.543287 -0.959769 -0.014036 1.309135 -0.803658 0.072338 
1.271951 0.104263 0.172748 1.379110 0.110653 0.229969 1.035685 -1.603895 -0.034774 1.154010 -0.790730 0.063910 1.543286 -0.959770 -0.014045 1.309136 -0.803657 0.072336 
1.271951 0.104263 0.172747 1.379111 0.110654 0.229968 1.035683 -1.603894 -0.034774 1.154011 -0.790730 0.063910 1.543294 -0.959783 -0.014055 1.309136 -0.803657 0.072335 
1.271953 0.104264 0.172745 1.379113 0.110654 0.229966 1.035681 -1.603893 -0.034774 1.154011 -0.790729 0.063910 1.543297 -0.959794 -0.014073 1.309137 -0.803656 0.072333 
1.271954 0.104264 0.172744 1.379114 0.110655 0.229964 1.035679 -1.603892 -0.034774 1.154011 -0.790729 0.063909 1.543300 -0.959804 -0.014088 1.309138 -0.803655 0.072332 
1.271955 0.104264 0.172743 1.379115 0.110655 0.229962 1.035678 -1.603892 -0.034773 1.154012 -0.790728 0.063909 1.543299 -0.959807 -0.014099 1.309138 -0.803655 0.072331 
1.271956 0.104265 0.172742 1.379116 0.110655 0.229960 1.035675 -1.603890 -0.034774 1.154012 -0.790728 0.063909 1.543302 -0.959817 -0.014113 1.309138 -0.803654 0.072330 
1.271957 0.104265 0.172742 1.379117 0.110656 0.229960 1.035675 -1.603890 -0.034773 1.154012 -0.790727 0.063909 1.543306 -0.959827 -0.014129 1.309139 -0.803653 0.072329 
1.271959 0.104265 0.172742 1.379118 0.110656 0.229959 1.035673 -1.603889 -0.034773 1.154013 -0.790725 0.063909 1.543311 -0.959840 -0.014148 1.309140 -0.803652 0.072327 
1.271962 0.104266 0.172742 1.379119 0.110657 0.229959 1.035670 -1.603887 -0.034773 1.154013 -0.790723 0.063909 1.543315 -0.959853 -0.014168 1.309140 -0.803650 0.072326 
1.271963 0.104266 0.172741 1.379118 0.110657 0.229960 1.035668 -1.603886 -0.034773 1.154013 -0.790722 0.063909 1.543316 -0.959857 -0.014178 1.309141 -0.803648 0.072325 
1.271966 0.104267 0.172742 1.379119 0.110658 0.229960 1.035667 -1.603886 -0.034772 1.154014 -0.790720 0.063909 1.543323 -0.959872 -0.014195 1.309142 -0.803646 0.072324 
1.271968 0.104267 0.172742 1.379119 0.110658 0.229960 1.035663 -1.603883 -0.034773 1.154014 -0.790718 0.063909 1.543324 -0.959882 -0.014221 1.309142 -0.803644 0.072323 
1.271971 0.104267 0.172742 1.379120 0.110658 0.229960 1.035662 -1.603883 -0.034772 1.154014 -0.790716 0.063910 1.543332 -0.959900 -0.014242 1.309143 -0.803642 0.072322 
1.271973 0.104268 0.172742 1.379120 0.110659 0.229960 1.035658 -1.603881 -0.034772 1.154015 -0.790714 0.063910 1.543333 -0.959910 -0.014264 1.309144 -0.803641 0.072321 
1.271976 0.104268 0.172743 1.379121 0.110659 0.229961 1.035655 -1.603879 -0.034772 1.154015 -0.790712 0.063910 1.543339 -0.959926 -0.014288 1.309145 -0.803639 0.072320 
1.271986 0.104273 0.172741 1.379132 0.110664 0.229956 1.035646 -1.603873 -0.034772 1.154018 -0.790708 0.063913 1.543357 -0.959988 -0.014377 1.309148 -0.803635 0.072311 
1.271990 0.104274 0.172742 1.379133 0.110665 0.229956 1.035644 -1.603871 -0.034771 1.154018 -0.790706 0.063914 1.543365 -0.960006 -0.014401 1.309149 -0.803634 0.072310 
1.271992 0.104275 0.172742 1.379134 0.110666 0.229956 1.035641 -1.603870 -0.034770 1.154019 -0.790704 0.063914 1.543370 -0.960026 -0.014435 1.309149 -0.803631 0.072308 
1.271995 0.104276 0.172743 1.379134 0.110667 0.229957 1.035637 -1.603868 -0.034771 1.154019 -0.790702 0.063915 1.543371 -0.960034 -0.014451 1.309150 -0.803630 0.072307 
1.271997 0.104276 0.172743 1.379134 0.110667 0.229957 1.035637 -1.603869 -0.034769 1.154019 -0.790700 0.063915 1.543378 -0.960050 -0.014473 1.309151 -0.803628 0.072306 
1.272000 0.104277 0.172743 1.379137 0.110668 0.229957 1.035632 -1.603865 -0.034770 1.154020 -0.790698 0.063916 1.543387 -0.960076 -0.014507 1.309152 -0.803626 0.072304 
1.272004 0.104278 0.172744 1.379138 0.110669 0.229957 1.035627 -1.603862 -0.034769 1.154020 -0.790696 0.063916 1.543390 -0.960097 -0.014548 1.309153 -0.803624 0.072302 
1.272008 0.104278 0.172745 1.379139 0.110669 0.229957 1.035621 -1.603859 -0.034769 1.154021 -0.790694 0.063917 1.543399 -0.960120 -0.014579 1.309154 -0.803622 0.072301 
1.272010 0.104280 0.172745 1.379140 0.110670 0.229957 1.035619 -1.603857 -0.034768 1.154021 -0.790692 0.063918 1.543404 -0.960143 -0.014617 1.309155 -0.803619 0.072299 
1.272030 0.104281 0.172749 1.379152 0.110670 0.229952 1.035611 -1.603852 -0.034768 1.154024 -0.790692 0.063920 1.543424 -0.960208 -0.014699 1.309158 -0.803621 0.072291 
1.272033 0.104283 0.172750 1.379153 0.110672 0.229952 1.035607 -1.603850 -0.034767 1.154024 -0.790690 0.063921 1.543433 -0.960235 -0.014737 1.309159 -0.803619 0.072289 
1.272035 0.104283 0.172751 1.379153 0.110672 0.229952 1.035604 -1.603848 -0.034767 1.154025 -0.790689 0.063922 1.543434 -0.960245 -0.014758 1.309159 -0.803617 0.072289 
1.272038 0.104284 0.172751 1.379154 0.110672 0.229952 1.035598 -1.603844 -0.034768 1.154025 -0.790687 0.063922 1.543439 -0.960263 -0.014786 1.309160 -0.803615 0.072288 
1.272042 0.104284 0.172753 1.379155 0.110673 0.229953 1.035595 -1.603843 -0.034766 1.154025 -0.790685 0.063922 1.543447 -0.960286 -0.014820 1.309161 -0.803613 0.072286 
1.272047 0.104286 0.172753 1.379158 0.110674 0.229952 1.035589 -1.603839 -0.034766 1.154026 -0.790683 0.063924 1.543455 -0.960320 -0.014873 1.309163 -0.803611 0.072283 
1.272050 0.104286 0.172754 1.379159 0.110674 0.229951 1.035584 -1.603837 -0.034765 1.154027 -0.790681 0.063925 1.543461 -0.960343 -0.014909 1.309164 -0.803609 0.072281 
1.272013 0.104284 0.172745 1.379129 0.110682 0.229985 1.035582 -1.603838 -0.034758 1.154019 -0.790678 0.063930 1.543459 -0.960377 -0.014983 1.309156 -0.803605 0.072278 
1.272019 0.104287 0.172746 1.379135 0.110684 0.229979 1.035573 -1.603832 -0.034758 1.154020 -0.790676 0.063931 1.543478 -0.960435 -0.015063 1.309158 -0.803602 0.072274 
1.272021 0.104299 0.172742 1.379156 0.110695 0.229945 1.035560 -1.603824 -0.034755 1.154020 -0.790668 0.063935 1.543499 -0.960531 -0.015213 1.309159 -0.803595 0.072264 
1.272026 0.104303 0.172742 1.379162 0.110698 0.229936 1.035552 -1.603819 -0.034755 1.154020 -0.790666 0.063936 1.543512 -0.960579 -0.015282 1.309160 -0.803592 0.072261 
1.272023 0.104313 0.172739 1.379179 0.110707 0.229903 1.035557 -1.603831 -0.034737 1.154014 -0.790660 0.063939 1.543492 -0.960620 -0.015403 1.309156 -0.803587 0.072253 
1.272030 0.104318 0.172738 1.379189 0.110711 0.229894 1.035552 -1.603827 -0.034736 1.154015 -0.790659 0.063941 1.543510 -0.960674 -0.015471 1.309157 -0.803586 0.072247 
1.272034 0.104328 0.172734 1.379209 0.110720 0.229868 1.035548 -1.603824 -0.034733 1.154016 -0.790654 0.063945 1.543531 -0.960747 -0.015574 1.309158 -0.803582 0.072237 
