0.450453 -0.192527 0.005282 -0.337761 0.365949 0.006324 -0.308698 0.231054 0.004645 0.247370 -0.260593 0.003977 0.410141 -0.061895 0.004986 -0.128295 0.410690 0.006495 
0.450670 -0.192870 0.005024 -0.337297 0.366855 0.006652 -0.308807 0.231840 0.004841 0.247501 -0.260687 0.004070 0.410518 -0.062189 0.004939 -0.127644 0.410709 0.006666 
0.451904 -0.193340 0.004973 -0.336601 0.368501 0.007343 -0.308898 0.233332 0.004926 0.248720 -0.261113 0.004161 0.411779 -0.062650 0.004937 -0.126696 0.411135 0.007385 
0.452941 -0.194102 0.004962 -0.335809 0.370246 0.009315 -0.309111 0.234888 0.006230 0.249727 -0.261789 0.004255 0.412871 -0.063395 0.005045 -0.125596 0.411333 0.008910 
0.455228 -0.195084 0.004851 -0.335014 0.365290 0.008426 -0.308188 0.229948 0.005782 0.252054 -0.262893 0.004386 0.415080 -0.064402 0.005070 -0.124843 0.406581 0.007625 
0.458063 -0.196002 0.004579 -0.333804 0.362801 0.009394 -0.306565 0.227548 0.006436 0.254997 -0.264133 0.004573 0.417708 -0.065384 0.005096 -0.123760 0.404736 0.008554 
0.459503 -0.199037 0.005588 -0.332565 0.359345 0.005746 -0.303994 0.224337 0.004937 0.256068 -0.266055 0.004717 0.419862 -0.068199 0.005888 -0.122938 0.403323 0.005590 
0.459322 -0.200648 0.008214 -0.333083 0.360152 0.004994 -0.304188 0.225211 0.004938 0.255719 -0.267087 0.005143 0.420052 -0.069699 0.008135 -0.123561 0.404631 0.005023 
0.458926 -0.202936 0.010716 -0.333913 0.360580 0.005010 -0.304712 0.225706 0.004523 0.255471 -0.269741 0.006153 0.419431 -0.072057 0.009998 -0.124492 0.405533 0.005256 
0.457593 -0.205986 0.012095 -0.334429 0.360684 0.005047 -0.305213 0.225813 0.004563 0.254022 -0.272416 0.007254 0.418348 -0.075034 0.010977 -0.125014 0.405663 0.005222 
0.456431 -0.208475 0.013020 -0.334467 0.360740 0.005069 -0.305283 0.225862 0.004604 0.252688 -0.274360 0.007929 0.417540 -0.077419 0.011727 -0.125041 0.405668 0.005192 
0.455503 -0.209554 0.013008 -0.334535 0.360896 0.005141 -0.305424 0.226002 0.004618 0.251641 -0.275037 0.007538 0.416868 -0.078421 0.011882 -0.125085 0.405710 0.005193 
0.454682 -0.209145 0.011768 -0.334824 0.361133 0.005218 -0.305783 0.226225 0.004607 0.250779 -0.274471 0.005956 0.416136 -0.077983 0.011082 -0.125351 0.405839 0.005227 
0.454451 -0.209274 0.010622 -0.335337 0.361242 0.005402 -0.306297 0.226334 0.004610 0.250447 -0.274326 0.005289 0.416070 -0.078061 0.010379 -0.125863 0.405946 0.005400 
0.454497 -0.209103 0.010004 -0.335353 0.361236 0.005675 -0.306332 0.226326 0.004640 0.250528 -0.274304 0.005174 0.416020 -0.077919 0.009898 -0.125874 0.405913 0.005676 
0.454621 -0.208959 0.007104 -0.335663 0.361291 0.006464 -0.306766 0.226362 0.004656 0.250642 -0.274273 0.005024 0.416076 -0.077795 0.007119 -0.126143 0.405771 0.006896 
0.455622 -0.208537 0.004895 -0.335795 0.361691 0.008666 -0.307183 0.226743 0.004873 0.251709 -0.274090 0.004285 0.416924 -0.077419 0.005344 -0.126181 0.405717 0.009781 
0.455643 -0.208548 0.004886 -0.335897 0.363088 0.011763 -0.308151 0.228008 0.006496 0.251731 -0.274101 0.004349 0.416946 -0.077429 0.005296 -0.126004 0.405757 0.013236 
0.455652 -0.208546 0.004893 -0.336436 0.363709 0.014143 -0.308856 0.228629 0.008080 0.251740 -0.274101 0.004402 0.416953 -0.077427 0.005267 -0.126491 0.406120 0.015683 
0.455653 -0.208545 0.004897 -0.335799 0.364464 0.014854 -0.308449 0.229357 0.008367 0.251741 -0.274100 0.004451 0.416954 -0.077426 0.005243 -0.125783 0.406500 0.016783 
0.455662 -0.208615 0.004907 -0.334066 0.365123 0.013698 -0.307157 0.229932 0.007118 0.251730 -0.274109 0.004495 0.417002 -0.077484 0.005230 -0.123914 0.406442 0.016252 
0.455776 -0.209436 0.005334 -0.331820 0.365388 0.011143 -0.305396 0.230086 0.004898 0.251632 -0.274262 0.004562 0.417546 -0.078180 0.005609 -0.121523 0.405937 0.014119 
0.456009 -0.211477 0.006888 -0.331683 0.365644 0.010535 -0.305513 0.230266 0.004885 0.251293 -0.274438 0.004596 0.418973 -0.079879 0.007278 -0.121307 0.405844 0.012528 
0.455028 -0.215752 0.015408 -0.331885 0.365960 0.009069 -0.305806 0.230512 0.004870 0.249767 -0.276514 0.008081 0.419343 -0.083789 0.016896 -0.121485 0.406084 0.009098 
0.454236 -0.222558 0.027993 -0.331567 0.366969 0.007517 -0.306003 0.231383 0.004880 0.248394 -0.280753 0.017037 0.420140 -0.090179 0.029734 -0.121015 0.406284 0.007526 
0.452323 -0.229161 0.038966 -0.331169 0.368019 0.007474 -0.306202 0.232321 0.004869 0.246022 -0.285206 0.025676 0.419556 -0.096450 0.040972 -0.120445 0.406405 0.007477 
0.450733 -0.237303 0.052319 -0.330981 0.368551 0.008017 -0.306314 0.232810 0.004865 0.244210 -0.291132 0.034202 0.419254 -0.104290 0.054843 -0.120175 0.406477 0.008010 
0.444295 -0.248997 0.059837 -0.331097 0.368508 0.009222 -0.306345 0.232815 0.004873 0.237082 -0.299535 0.040178 0.414853 -0.115529 0.062894 -0.120316 0.406574 0.009181 
0.436170 -0.271482 0.069599 -0.332462 0.368113 0.011129 -0.306334 0.232753 0.004876 0.228073 -0.314441 0.042621 0.411451 -0.137052 0.072324 -0.122082 0.408338 0.011073 
-0.337825 0.366434 0.016514 0.415726 -0.305365 0.055804 0.397122 -0.169928 0.056389 -0.129238 0.415103 0.017150 -0.306310 0.232586 0.004874 0.205378 -0.339366 0.034002 
-0.341720 0.365111 0.020613 0.382096 -0.338052 0.014902 0.371462 -0.201758 0.014044 -0.134680 0.419994 0.020441 -0.306369 0.232650 0.004846 0.169221 -0.359888 0.005673 
-0.338695 0.366616 0.023665 0.375192 -0.343144 0.004824 0.366875 -0.206687 0.004817 -0.131173 0.419646 0.023618 -0.304612 0.234202 0.004982 0.161773 -0.361315 0.004984 
-0.329594 0.369231 0.026002 0.376163 -0.342941 0.004962 0.366723 -0.206557 0.004983 -0.121332 0.419170 0.029329 -0.297227 0.236665 0.005441 0.162902 -0.362869 0.004639 
-0.320505 0.373558 0.033640 0.376394 -0.342796 0.004199 0.366691 -0.206431 0.004705 -0.111892 0.421779 0.039395 -0.289016 0.241093 0.011156 0.163171 -0.363136 0.004474 
-0.311737 0.376432 0.040912 0.376520 -0.342764 0.004207 0.366711 -0.206408 0.005062 -0.103092 0.424184 0.048950 -0.280303 0.244193 0.017060 0.163313 -0.363269 0.004483 
-0.304376 0.377827 0.044935 0.376566 -0.343389 0.004282 0.367143 -0.207014 0.005986 -0.095543 0.424499 0.054327 -0.273470 0.245563 0.020540 0.163302 -0.363294 0.004531 
-0.298039 0.377447 0.045492 0.376693 -0.344800 0.004347 0.368156 -0.208379 0.006862 -0.088973 0.422921 0.055566 -0.267812 0.245014 0.021166 0.163305 -0.363323 0.004565 
-0.291998 0.376683 0.043123 0.376820 -0.346324 0.004405 0.369245 -0.209858 0.007454 -0.082693 0.420859 0.053976 -0.262507 0.244001 0.019250 0.163306 -0.363342 0.004594 
-0.287250 0.376338 0.038940 0.376919 -0.347618 0.004457 0.370168 -0.211110 0.007593 -0.077769 0.419453 0.050622 -0.258348 0.243413 0.015711 0.163306 -0.363346 0.004619 
-0.283853 0.377475 0.034128 0.377548 -0.349372 0.004677 0.371268 -0.212828 0.007120 -0.074263 0.419791 0.046740 -0.255364 0.244377 0.011384 0.163882 -0.364358 0.004682 
-0.280963 0.379255 0.027885 0.377917 -0.351311 0.004805 0.372509 -0.214717 0.006439 -0.071271 0.420791 0.041360 -0.252889 0.245975 0.005700 0.164160 -0.364932 0.004775 
-0.281616 0.380568 0.025308 0.378023 -0.353352 0.005413 0.373929 -0.216707 0.006459 -0.072009 0.423454 0.035480 -0.253071 0.247099 0.004931 0.164145 -0.364911 0.004787 
-0.281398 0.383748 0.024751 0.377934 -0.355536 0.006944 0.375224 -0.218854 0.007721 -0.071619 0.426115 0.033435 -0.253336 0.250091 0.004941 0.163960 -0.364920 0.004800 
-0.280510 0.387021 0.024498 0.377660 -0.357067 0.008489 0.375903 -0.220370 0.009267 -0.070452 0.428132 0.032453 -0.253322 0.253147 0.004940 0.163646 -0.364950 0.004817 
-0.279858 0.389386 0.024260 0.377485 -0.357834 0.009927 0.376204 -0.221132 0.010704 -0.069602 0.429556 0.031760 -0.253313 0.255349 0.004940 0.163474 -0.364965 0.004833 
-0.279341 0.390876 0.024045 0.377366 -0.358301 0.010931 0.376374 -0.221596 0.011690 -0.068931 0.430313 0.031110 -0.253305 0.256707 0.004939 0.163365 -0.364973 0.004848 
-0.278995 0.391350 0.023836 0.377307 -0.358570 0.011269 0.376485 -0.221864 0.011981 -0.068484 0.430333 0.030403 -0.253295 0.257087 0.004939 0.163308 -0.364977 0.004861 
-0.278909 0.391486 0.023804 0.377349 -0.358634 0.010966 0.376510 -0.221927 0.011512 -0.068364 0.430350 0.029962 -0.253322 0.257198 0.004930 0.163340 -0.365076 0.004917 
-0.278979 0.391469 0.023827 0.377423 -0.358374 0.010251 0.376427 -0.221667 0.010696 -0.068455 0.430485 0.029741 -0.253317 0.257199 0.004932 0.163403 -0.365069 0.004924 
-0.279137 0.391428 0.023891 0.377549 -0.357812 0.009325 0.376210 -0.221108 0.009612 -0.068659 0.430703 0.029750 -0.253315 0.257197 0.004934 0.163525 -0.365053 0.004943 
-0.279332 0.391453 0.024079 0.377720 -0.357221 0.008183 0.376013 -0.220521 0.008310 -0.068897 0.430955 0.029951 -0.253364 0.257278 0.004930 0.163696 -0.365044 0.004978 
-0.279407 0.391404 0.024273 0.377844 -0.357033 0.006840 0.376020 -0.220334 0.006924 -0.068996 0.431071 0.029889 -0.253357 0.257273 0.004933 0.163811 -0.365041 0.004974 
-0.279505 0.391360 0.024416 0.377976 -0.356800 0.005478 0.376010 -0.220104 0.005516 -0.069127 0.431261 0.029597 -0.253346 0.257270 0.004936 0.163944 -0.365033 0.004972 
-0.279345 0.391434 0.024350 0.378047 -0.356728 0.004972 0.376028 -0.220032 0.004995 -0.068920 0.431153 0.028991 -0.253351 0.257301 0.004939 0.164018 -0.365045 0.004957 
-0.278985 0.391579 0.024072 0.378147 -0.356775 0.005123 0.376078 -0.220080 0.004993 -0.068459 0.430833 0.028020 -0.253349 0.257338 0.004942 0.164121 -0.365169 0.004904 
-0.278710 0.391757 0.023701 0.378176 -0.356755 0.005021 0.376091 -0.220060 0.004937 -0.068110 0.430693 0.026768 -0.253351 0.257410 0.004943 0.164150 -0.365173 0.004842 
-0.278429 0.391890 0.023260 0.378177 -0.356757 0.005020 0.376092 -0.220062 0.004943 -0.067764 0.430538 0.025368 -0.253332 0.257433 0.004944 0.164152 -0.365175 0.004852 
-0.278092 0.392064 0.022805 0.378330 -0.356835 0.005300 0.376161 -0.220142 0.004924 -0.067346 0.430311 0.023867 -0.253330 0.257484 0.004944 0.164311 -0.365387 0.004762 
-0.277770 0.392306 0.022374 0.378396 -0.356988 0.005348 0.376213 -0.220296 0.004742 -0.066942 0.430110 0.022334 -0.253372 0.257603 0.004943 0.164378 -0.365563 0.004738 
-0.277455 0.393138 0.022089 0.378472 -0.357028 0.005475 0.376260 -0.220337 0.004763 -0.066500 0.430230 0.021925 -0.253516 0.258316 0.004943 0.164456 -0.365649 0.004715 
-0.277024 0.394305 0.021828 0.378359 -0.357215 0.005323 0.376197 -0.220524 0.004429 -0.065903 0.430440 0.021667 -0.253690 0.259345 0.004933 0.164339 -0.365756 0.004983 
-0.276668 0.395297 0.021644 0.378200 -0.357454 0.005116 0.376077 -0.220764 0.003960 -0.065414 0.430649 0.021475 -0.253833 0.260233 0.004907 0.164177 -0.365930 0.005318 
-0.276371 0.396062 0.021454 0.378222 -0.357451 0.005132 0.376061 -0.220761 0.004034 -0.065012 0.430776 0.021290 -0.253939 0.260906 0.004912 0.164202 -0.365987 0.005316 
-0.276134 0.396694 0.021296 0.378223 -0.357454 0.005140 0.376061 -0.220764 0.004120 -0.064694 0.430912 0.021137 -0.254015 0.261467 0.004908 0.164202 -0.365991 0.005301 
-0.275936 0.397199 0.021134 0.378223 -0.357453 0.005210 0.376061 -0.220764 0.004196 -0.064427 0.430988 0.020973 -0.254089 0.261908 0.004916 0.164202 -0.365992 0.005355 
-0.275774 0.397609 0.021011 0.378223 -0.357448 0.005395 0.376060 -0.220759 0.004266 -0.064210 0.431053 0.020818 -0.254147 0.262263 0.004955 0.164203 -0.365988 0.005526 
-0.275661 0.397921 0.020913 0.378223 -0.357442 0.005603 0.376060 -0.220754 0.004331 -0.064062 0.431142 0.020711 -0.254175 0.262540 0.004964 0.164203 -0.365982 0.005722 
-0.275582 0.398126 0.020836 0.378223 -0.357438 0.005749 0.376060 -0.220751 0.004390 -0.063957 0.431181 0.020636 -0.254202 0.262719 0.004966 0.164203 -0.365979 0.005857 
-0.275566 0.398170 0.020814 0.378223 -0.357437 0.005827 0.376059 -0.220750 0.004443 -0.063936 0.431188 0.020615 -0.254208 0.262756 0.004969 0.164203 -0.365978 0.005924 
-0.275569 0.398173 0.020832 0.378223 -0.357437 0.005864 0.376059 -0.220750 0.004492 -0.063941 0.431206 0.020639 -0.254201 0.262763 0.004965 0.164203 -0.365979 0.005947 
-0.275579 0.398144 0.020863 0.378223 -0.357439 0.005872 0.376059 -0.220751 0.004537 -0.063954 0.431199 0.020673 -0.254197 0.262740 0.004967 0.164203 -0.365981 0.005941 
-0.275596 0.398095 0.020911 0.378223 -0.357441 0.005853 0.376059 -0.220753 0.004577 -0.063977 0.431188 0.020723 -0.254191 0.262700 0.004968 0.164203 -0.365984 0.005910 
-0.275604 0.398069 0.020976 0.378223 -0.357444 0.005811 0.376058 -0.220756 0.004614 -0.063989 0.431186 0.020792 -0.254185 0.262685 0.004966 0.164203 -0.365988 0.005857 
-0.275609 0.398065 0.021067 0.378223 -0.357448 0.005752 0.376058 -0.220759 0.004647 -0.063997 0.431204 0.020888 -0.254177 0.262694 0.004958 0.164203 -0.365992 0.005787 
-0.275614 0.398048 0.021162 0.378224 -0.357453 0.005680 0.376058 -0.220763 0.004679 -0.064008 0.431223 0.020989 -0.254161 0.262693 0.004955 0.164203 -0.365997 0.005706 
-0.275637 0.398026 0.021257 0.378224 -0.357457 0.005605 0.376058 -0.220766 0.004708 -0.064040 0.431261 0.021092 -0.254146 0.262688 0.004954 0.164203 -0.366002 0.005621 
-0.275693 0.397997 0.021370 0.378224 -0.357461 0.005531 0.376058 -0.220770 0.004736 -0.064116 0.431355 0.021205 -0.254127 0.262685 0.004956 0.164203 -0.366006 0.005539 
-0.275763 0.397963 0.021488 0.378224 -0.357465 0.005459 0.376058 -0.220774 0.004761 -0.064210 0.431473 0.021324 -0.254101 0.262680 0.004956 0.164204 -0.366011 0.005462 
-0.275884 0.397923 0.021612 0.378224 -0.357469 0.005393 0.376058 -0.220777 0.004782 -0.064363 0.431636 0.021450 -0.254095 0.262676 0.004956 0.164204 -0.366014 0.005395 
-0.276022 0.397881 0.021734 0.378224 -0.357472 0.005334 0.376058 -0.220779 0.004801 -0.064537 0.431815 0.021575 -0.254094 0.262671 0.004957 0.164204 -0.366017 0.005336 
-0.276156 0.397841 0.021851 0.378224 -0.357475 0.005281 0.376058 -0.220782 0.004818 -0.064705 0.431989 0.021690 -0.254093 0.262667 0.004958 0.164204 -0.366020 0.005281 
-0.276270 0.397806 0.021953 0.378224 -0.357477 0.005233 0.376058 -0.220784 0.004834 -0.064848 0.432136 0.021792 -0.254092 0.262664 0.004959 0.164204 -0.366023 0.005232 
-0.276372 0.397775 0.022043 0.378224 -0.357480 0.005190 0.376059 -0.220786 0.004848 -0.064977 0.432268 0.021882 -0.254092 0.262660 0.004960 0.164204 -0.366025 0.005188 
-0.276470 0.397745 0.022122 0.378224 -0.357482 0.005152 0.376059 -0.220788 0.004860 -0.065100 0.432395 0.021962 -0.254091 0.262658 0.004961 0.164204 -0.366027 0.005149 
-0.276561 0.397719 0.022190 0.378224 -0.357483 0.005120 0.376059 -0.220790 0.004872 -0.065215 0.432514 0.022029 -0.254091 0.262655 0.004962 0.164204 -0.366028 0.005116 
-0.276637 0.397698 0.022243 0.378224 -0.357485 0.005097 0.376059 -0.220791 0.004883 -0.065311 0.432615 0.022084 -0.254091 0.262653 0.004963 0.164204 -0.366030 0.005090 
-0.276691 0.397683 0.022280 0.378224 -0.357486 0.005082 0.376059 -0.220792 0.004892 -0.065380 0.432685 0.022122 -0.254091 0.262652 0.004963 0.164204 -0.366031 0.005074 
-0.276719 0.397675 0.022301 0.378224 -0.357486 0.005075 0.376059 -0.220793 0.004900 -0.065415 0.432722 0.022144 -0.254091 0.262651 0.004964 0.164204 -0.366031 0.005064 
-0.276723 0.397673 0.022309 0.378224 -0.357487 0.005073 0.376059 -0.220793 0.004906 -0.065420 0.432726 0.022153 -0.254090 0.262651 0.004964 0.164204 -0.366032 0.005061 
-0.276723 0.397673 0.022310 0.378224 -0.357487 0.005077 0.376059 -0.220794 0.004911 -0.065420 0.432727 0.022155 -0.254090 0.262651 0.004965 0.164204 -0.366032 0.005063 
-0.276723 0.397673 0.022310 0.378224 -0.357487 0.005081 0.376059 -0.220794 0.004915 -0.065420 0.432727 0.022155 -0.254091 0.262651 0.004965 0.164204 -0.366032 0.005067 
-0.276724 0.397673 0.022310 0.378224 -0.357487 0.005085 0.376059 -0.220794 0.004918 -0.065421 0.432727 0.022155 -0.254091 0.262651 0.004966 0.164204 -0.366032 0.005071 
-0.276724 0.397673 0.022310 0.378224 -0.357487 0.005089 0.376059 -0.220794 0.004922 -0.065421 0.432727 0.022155 -0.254091 0.262651 0.004966 0.164204 -0.366031 0.005074 
-0.276724 0.397673 0.022310 0.378224 -0.357487 0.005092 0.376059 -0.220794 0.004925 -0.065421 0.432727 0.022156 -0.254091 0.262651 0.004967 0.164204 -0.366032 0.005077 
-0.276724 0.397673 0.022310 0.378224 -0.357487 0.005095 0.376059 -0.220794 0.004927 -0.065421 0.432727 0.022156 -0.254091 0.262651 0.004967 0.164204 -0.366031 0.005080 
-0.276724 0.397673 0.022310 0.378224 -0.357487 0.005098 0.376059 -0.220794 0.004930 -0.065421 0.432727 0.022156 -0.254091 0.262651 0.004968 0.164204 -0.366032 0.005082 
-0.276724 0.397673 0.022310 0.378224 -0.357487 0.005100 0.376059 -0.220794 0.004932 -0.065421 0.432727 0.022156 -0.254091 0.262651 0.004968 0.164204 -0.366032 0.005084 
-0.276724 0.397674 0.022310 0.378224 -0.357488 0.005103 0.376059 -0.220794 0.004934 -0.065421 0.432728 0.022156 -0.254091 0.262651 0.004968 0.164204 -0.366031 0.005086 
-0.276724 0.397674 0.022310 0.378224 -0.357488 0.005105 0.376059 -0.220794 0.004936 -0.065421 0.432728 0.022156 -0.254091 0.262651 0.004969 0.164204 -0.366031 0.005088 
-0.276724 0.397674 0.022310 0.378224 -0.357488 0.005107 0.376059 -0.220794 0.004937 -0.065421 0.432728 0.022156 -0.254091 0.262651 0.004969 0.164204 -0.366031 0.005090 
-0.276724 0.397674 0.022310 0.378224 -0.357488 0.005108 0.376059 -0.220794 0.004939 -0.065421 0.432728 0.022157 -0.254091 0.262651 0.004969 0.164204 -0.366031 0.005091 
-0.276724 0.397674 0.022310 0.378224 -0.357488 0.005110 0.376059 -0.220794 0.004940 -0.065421 0.432728 0.022157 -0.254091 0.262651 0.004969 0.164203 -0.366031 0.005093 
-0.276724 0.397674 0.022310 0.378224 -0.357488 0.005111 0.376059 -0.220794 0.004941 -0.065421 0.432728 0.022157 -0.254091 0.262651 0.004969 0.164203 -0.366031 0.005094 
-0.276724 0.397674 0.022310 0.378224 -0.357488 0.005112 0.376059 -0.220794 0.004942 -0.065421 0.432728 0.022157 -0.254091 0.262651 0.004970 0.164203 -0.366031 0.005095 
-0.276724 0.397674 0.022311 0.378224 -0.357488 0.005113 0.376059 -0.220794 0.004943 -0.065422 0.432728 0.022157 -0.254091 0.262651 0.004970 0.164203 -0.366031 0.005096 
-0.276725 0.397674 0.022311 0.378224 -0.357488 0.005115 0.376059 -0.220794 0.004944 -0.065422 0.432728 0.022157 -0.254091 0.262651 0.004970 0.164203 -0.366031 0.005097 
-0.276725 0.397674 0.022311 0.378224 -0.357488 0.005115 0.376059 -0.220795 0.004945 -0.065422 0.432728 0.022157 -0.254091 0.262651 0.004970 0.164203 -0.366031 0.005097 
-0.276725 0.397674 0.022311 0.378224 -0.357488 0.005116 0.376059 -0.220795 0.004946 -0.065422 0.432728 0.022157 -0.254091 0.262651 0.004970 0.164203 -0.366031 0.005098 
-0.276725 0.397674 0.022311 0.378224 -0.357488 0.005117 0.376059 -0.220795 0.004947 -0.065422 0.432729 0.022157 -0.254091 0.262651 0.004970 0.164203 -0.366031 0.005099 
-0.276725 0.397674 0.022311 0.378224 -0.357488 0.005118 0.376059 -0.220795 0.004947 -0.065422 0.432729 0.022157 -0.254091 0.262651 0.004970 0.164203 -0.366031 0.005099 
-0.276725 0.397674 0.022311 0.378224 -0.357488 0.005118 0.376059 -0.220795 0.004948 -0.065422 0.432729 0.022157 -0.254091 0.262651 0.004970 0.164203 -0.366031 0.005100 
-0.276725 0.397674 0.022311 0.378224 -0.357488 0.005119 0.376059 -0.220795 0.004948 -0.065422 0.432729 0.022157 -0.254091 0.262651 0.004971 0.164203 -0.366031 0.005100 
-0.276725 0.397674 0.022311 0.378224 -0.357488 0.005120 0.376059 -0.220795 0.004949 -0.065422 0.432729 0.022157 -0.254091 0.262651 0.004971 0.164203 -0.366031 0.005101 
-0.276725 0.397674 0.022311 0.378224 -0.357488 0.005120 0.376059 -0.220795 0.004949 -0.065423 0.432729 0.022157 -0.254091 0.262651 0.004971 0.164203 -0.366032 0.005101 
-0.276725 0.397674 0.022311 0.378224 -0.357488 0.005121 0.376059 -0.220795 0.004950 -0.065423 0.432729 0.022157 -0.254091 0.262651 0.004971 0.164203 -0.366032 0.005102 
-0.276725 0.397674 0.022311 0.378224 -0.357489 0.005121 0.376059 -0.220795 0.004950 -0.065423 0.432730 0.022157 -0.254091 0.262651 0.004971 0.164203 -0.366032 0.005102 
-0.276726 0.397674 0.022310 0.378224 -0.357489 0.005122 0.376059 -0.220795 0.004950 -0.065423 0.432730 0.022156 -0.254091 0.262651 0.004971 0.164203 -0.366032 0.005103 
-0.276726 0.397674 0.022310 0.378224 -0.357489 0.005123 0.376059 -0.220795 0.004951 -0.065423 0.432730 0.022155 -0.254091 0.262651 0.004971 0.164203 -0.366032 0.005103 
-0.276726 0.397674 0.022310 0.378224 -0.357488 0.005124 0.376059 -0.220795 0.004951 -0.065423 0.432730 0.022155 -0.254091 0.262651 0.004971 0.164203 -0.366032 0.005104 
-0.276726 0.397674 0.022309 0.378224 -0.357488 0.005125 0.376059 -0.220795 0.004952 -0.065423 0.432731 0.022154 -0.254091 0.262651 0.004972 0.164203 -0.366032 0.005104 
-0.276726 0.397674 0.022309 0.378224 -0.357488 0.005126 0.376059 -0.220795 0.004952 -0.065424 0.432731 0.022153 -0.254091 0.262651 0.004972 0.164203 -0.366032 0.005105 
-0.276726 0.397674 0.022308 0.378224 -0.357488 0.005127 0.376059 -0.220795 0.004953 -0.065424 0.432731 0.022151 -0.254091 0.262651 0.004972 0.164203 -0.366032 0.005106 
-0.276726 0.397674 0.022308 0.378224 -0.357488 0.005129 0.376059 -0.220795 0.004953 -0.065424 0.432732 0.022150 -0.254091 0.262651 0.004972 0.164203 -0.366032 0.005106 
-0.276726 0.397674 0.022307 0.378224 -0.357488 0.005130 0.376059 -0.220794 0.004954 -0.065424 0.432732 0.022149 -0.254091 0.262651 0.004972 0.164204 -0.366032 0.005107 
-0.276726 0.397675 0.022305 0.378224 -0.357488 0.005132 0.376059 -0.220794 0.004954 -0.065424 0.432732 0.022146 -0.254091 0.262652 0.004973 0.164204 -0.366032 0.005108 
-0.276731 0.397702 0.022330 0.378224 -0.357489 0.005134 0.376059 -0.220796 0.004955 -0.065429 0.432760 0.022171 -0.254096 0.262683 0.004962 0.164204 -0.366034 0.005110 
-0.276733 0.397706 0.022324 0.378216 -0.357546 0.005168 0.376057 -0.220853 0.004935 -0.065433 0.432777 0.022202 -0.254088 0.262692 0.004938 0.164195 -0.366081 0.005145 
-0.276734 0.397711 0.022328 0.378215 -0.357554 0.005184 0.376049 -0.220861 0.004930 -0.065434 0.432782 0.022203 -0.254089 0.262696 0.004941 0.164195 -0.366100 0.005162 
-0.276734 0.397711 0.022328 0.378215 -0.357554 0.005189 0.376049 -0.220861 0.004933 -0.065434 0.432783 0.022200 -0.254089 0.262697 0.004944 0.164195 -0.366100 0.005165 
-0.276734 0.397712 0.022329 0.378215 -0.357554 0.005194 0.376049 -0.220861 0.004935 -0.065434 0.432784 0.022197 -0.254089 0.262697 0.004947 0.164195 -0.366100 0.005169 
-0.276734 0.397712 0.022329 0.378215 -0.357554 0.005198 0.376049 -0.220861 0.004937 -0.065434 0.432784 0.022194 -0.254088 0.262697 0.004949 0.164195 -0.366100 0.005172 
-0.276734 0.397712 0.022329 0.378216 -0.357554 0.005202 0.376049 -0.220860 0.004939 -0.065434 0.432785 0.022192 -0.254088 0.262697 0.004952 0.164195 -0.366100 0.005174 
-0.276734 0.397713 0.022329 0.378216 -0.357554 0.005205 0.376049 -0.220860 0.004941 -0.065434 0.432785 0.022190 -0.254088 0.262697 0.004954 0.164195 -0.366100 0.005177 
-0.276734 0.397713 0.022329 0.378216 -0.357554 0.005208 0.376049 -0.220860 0.004943 -0.065434 0.432786 0.022188 -0.254088 0.262697 0.004956 0.164195 -0.366100 0.005179 
-0.276734 0.397713 0.022330 0.378216 -0.357553 0.005211 0.376049 -0.220860 0.004944 -0.065434 0.432786 0.022187 -0.254088 0.262697 0.004957 0.164195 -0.366100 0.005181 
-0.276734 0.397716 0.022340 0.378217 -0.357553 0.005216 0.376047 -0.220860 0.004943 -0.065435 0.432790 0.022196 -0.254089 0.262701 0.004959 0.164197 -0.366106 0.005186 
-0.276734 0.397717 0.022339 0.378217 -0.357553 0.005220 0.376047 -0.220860 0.004945 -0.065435 0.432790 0.022193 -0.254089 0.262701 0.004960 0.164197 -0.366106 0.005189 
-0.276734 0.397717 0.022339 0.378217 -0.357553 0.005223 0.376047 -0.220860 0.004946 -0.065435 0.432791 0.022191 -0.254089 0.262701 0.004962 0.164197 -0.366106 0.005192 
-0.276734 0.397717 0.022339 0.378217 -0.357553 0.005226 0.376047 -0.220860 0.004947 -0.065435 0.432791 0.022190 -0.254088 0.262701 0.004963 0.164197 -0.366106 0.005194 
-0.276734 0.397717 0.022340 0.378217 -0.357553 0.005229 0.376047 -0.220860 0.004949 -0.065435 0.432791 0.022190 -0.254088 0.262701 0.004964 0.164197 -0.366106 0.005197 
-0.276734 0.397717 0.022342 0.378217 -0.357553 0.005232 0.376046 -0.220859 0.004950 -0.065435 0.432791 0.022190 -0.254088 0.262701 0.004965 0.164198 -0.366106 0.005199 
-0.276734 0.397717 0.022343 0.378218 -0.357553 0.005234 0.376047 -0.220859 0.004950 -0.065435 0.432791 0.022191 -0.254088 0.262701 0.004966 0.164198 -0.366106 0.005200 
-0.276734 0.397716 0.022345 0.378218 -0.357552 0.005240 0.376046 -0.220859 0.004951 -0.065435 0.432791 0.022192 -0.254088 0.262701 0.004967 0.164198 -0.366106 0.005206 
-0.276734 0.397716 0.022348 0.378218 -0.357552 0.005252 0.376046 -0.220859 0.004952 -0.065435 0.432791 0.022194 -0.254088 0.262701 0.004967 0.164198 -0.366106 0.005217 
-0.276734 0.397716 0.022349 0.378218 -0.357551 0.005268 0.376046 -0.220858 0.004953 -0.065435 0.432791 0.022194 -0.254088 0.262701 0.004968 0.164198 -0.366105 0.005234 
-0.276734 0.397716 0.022348 0.378218 -0.357550 0.005288 0.376046 -0.220857 0.004953 -0.065435 0.432792 0.022193 -0.254088 0.262701 0.004969 0.164198 -0.366104 0.005253 
-0.276734 0.397717 0.022345 0.378218 -0.357549 0.005310 0.376046 -0.220856 0.004954 -0.065435 0.432792 0.022189 -0.254088 0.262701 0.004969 0.164198 -0.366104 0.005275 
-0.276735 0.397718 0.022340 0.378218 -0.357548 0.005335 0.376046 -0.220855 0.004954 -0.065435 0.432794 0.022183 -0.254088 0.262701 0.004970 0.164198 -0.366103 0.005300 
-0.276735 0.397719 0.022333 0.378218 -0.357547 0.005362 0.376046 -0.220854 0.004955 -0.065436 0.432795 0.022176 -0.254088 0.262701 0.004970 0.164198 -0.366102 0.005327 
-0.276735 0.397720 0.022326 0.378218 -0.357546 0.005389 0.376046 -0.220853 0.004955 -0.065436 0.432796 0.022169 -0.254088 0.262701 0.004971 0.164198 -0.366101 0.005354 
-0.276736 0.397721 0.022320 0.378218 -0.357545 0.005415 0.376046 -0.220852 0.004956 -0.065437 0.432798 0.022162 -0.254088 0.262702 0.004971 0.164198 -0.366100 0.005380 
-0.276736 0.397722 0.022314 0.378218 -0.357544 0.005441 0.376046 -0.220851 0.004956 -0.065437 0.432800 0.022155 -0.254088 0.262702 0.004971 0.164198 -0.366099 0.005406 
-0.276737 0.397722 0.022308 0.378218 -0.357543 0.005465 0.376046 -0.220850 0.004957 -0.065438 0.432801 0.022149 -0.254088 0.262702 0.004972 0.164198 -0.366098 0.005430 
-0.276737 0.397723 0.022303 0.378218 -0.357542 0.005487 0.376046 -0.220849 0.004957 -0.065439 0.432803 0.022143 -0.254088 0.262702 0.004972 0.164198 -0.366097 0.005452 
-0.276738 0.397724 0.022298 0.378218 -0.357541 0.005509 0.376046 -0.220849 0.004957 -0.065440 0.432805 0.022138 -0.254088 0.262702 0.004972 0.164198 -0.366097 0.005474 
-0.276739 0.397724 0.022294 0.378218 -0.357540 0.005530 0.376046 -0.220848 0.004958 -0.065440 0.432806 0.022134 -0.254088 0.262702 0.004972 0.164198 -0.366096 0.005495 
-0.276739 0.397725 0.022292 0.378218 -0.357539 0.005550 0.376046 -0.220847 0.004958 -0.065441 0.432808 0.022131 -0.254088 0.262702 0.004973 0.164198 -0.366095 0.005515 
-0.276740 0.397725 0.022289 0.378218 -0.357538 0.005570 0.376046 -0.220846 0.004958 -0.065442 0.432809 0.022128 -0.254088 0.262702 0.004973 0.164198 -0.366094 0.005535 
-0.276741 0.397725 0.022286 0.378218 -0.357537 0.005591 0.376046 -0.220845 0.004958 -0.065443 0.432811 0.022125 -0.254088 0.262703 0.004973 0.164198 -0.366094 0.005555 
-0.276742 0.397725 0.022283 0.378218 -0.357536 0.005611 0.376046 -0.220844 0.004958 -0.065445 0.432813 0.022122 -0.254088 0.262703 0.004973 0.164199 -0.366093 0.005576 
-0.276743 0.397726 0.022280 0.378219 -0.357535 0.005632 0.376045 -0.220844 0.004959 -0.065446 0.432814 0.022118 -0.254087 0.262703 0.004973 0.164199 -0.366092 0.005597 
-0.276744 0.397726 0.022276 0.378218 -0.357534 0.005654 0.376045 -0.220843 0.004959 -0.065447 0.432817 0.022114 -0.254087 0.262703 0.004974 0.164199 -0.366091 0.005619 
-0.276745 0.397727 0.022272 0.378219 -0.357533 0.005675 0.376045 -0.220842 0.004959 -0.065449 0.432819 0.022110 -0.254087 0.262703 0.004974 0.164199 -0.366090 0.005640 
-0.276747 0.397727 0.022268 0.378219 -0.357532 0.005697 0.376045 -0.220841 0.004959 -0.065450 0.432822 0.022105 -0.254087 0.262703 0.004974 0.164199 -0.366090 0.005662 
-0.276748 0.397727 0.022264 0.378219 -0.357532 0.005718 0.376045 -0.220840 0.004959 -0.065453 0.432825 0.022101 -0.254087 0.262703 0.004974 0.164199 -0.366089 0.005684 
-0.276750 0.397728 0.022260 0.378219 -0.357531 0.005740 0.376045 -0.220839 0.004959 -0.065455 0.432828 0.022097 -0.254087 0.262703 0.004974 0.164199 -0.366088 0.005705 
-0.276753 0.397728 0.022256 0.378219 -0.357529 0.005761 0.376045 -0.220838 0.004959 -0.065458 0.432832 0.022093 -0.254087 0.262703 0.004974 0.164199 -0.366087 0.005726 
-0.276756 0.397728 0.022252 0.378219 -0.357529 0.005782 0.376045 -0.220838 0.004960 -0.065462 0.432837 0.022090 -0.254087 0.262703 0.004974 0.164199 -0.366086 0.005748 
-0.276759 0.397728 0.022249 0.378219 -0.357527 0.005803 0.376045 -0.220837 0.004960 -0.065466 0.432842 0.022086 -0.254087 0.262703 0.004974 0.164199 -0.366086 0.005769 
-0.276762 0.397728 0.022245 0.378219 -0.357526 0.005825 0.376045 -0.220836 0.004960 -0.065469 0.432846 0.022082 -0.254087 0.262704 0.004974 0.164199 -0.366085 0.005791 
-0.276765 0.397728 0.022241 0.378219 -0.357525 0.005847 0.376045 -0.220835 0.004960 -0.065473 0.432851 0.022077 -0.254086 0.262704 0.004974 0.164199 -0.366084 0.005813 
-0.276768 0.397728 0.022236 0.378219 -0.357525 0.005868 0.376045 -0.220834 0.004960 -0.065477 0.432856 0.022073 -0.254086 0.262704 0.004974 0.164199 -0.366083 0.005835 
-0.276770 0.397728 0.022232 0.378219 -0.357523 0.005890 0.376045 -0.220833 0.004960 -0.065480 0.432861 0.022069 -0.254086 0.262704 0.004975 0.164199 -0.366082 0.005856 
-0.276773 0.397729 0.022228 0.378219 -0.357522 0.005911 0.376045 -0.220832 0.004960 -0.065484 0.432865 0.022064 -0.254086 0.262704 0.004975 0.164199 -0.366081 0.005878 
-0.276776 0.397729 0.022224 0.378219 -0.357521 0.005932 0.376045 -0.220831 0.004960 -0.065487 0.432869 0.022060 -0.254086 0.262704 0.004975 0.164199 -0.366081 0.005899 
-0.276779 0.397729 0.022220 0.378219 -0.357520 0.005953 0.376045 -0.220831 0.004960 -0.065491 0.432874 0.022056 -0.254086 0.262704 0.004975 0.164199 -0.366080 0.005920 
-0.276781 0.397729 0.022216 0.378219 -0.357519 0.005973 0.376045 -0.220830 0.004960 -0.065494 0.432878 0.022052 -0.254086 0.262704 0.004975 0.164199 -0.366079 0.005940 
-0.276783 0.397729 0.022212 0.378219 -0.357518 0.005993 0.376044 -0.220829 0.004960 -0.065497 0.432882 0.022049 -0.254086 0.262704 0.004975 0.164200 -0.366078 0.005960 
-0.276786 0.397729 0.022209 0.378219 -0.357518 0.006012 0.376044 -0.220828 0.004960 -0.065500 0.432886 0.022046 -0.254086 0.262704 0.004975 0.164200 -0.366077 0.005979 
-0.276788 0.397729 0.022206 0.378219 -0.357517 0.006031 0.376044 -0.220827 0.004960 -0.065502 0.432889 0.022042 -0.254086 0.262704 0.004975 0.164200 -0.366077 0.005998 
-0.276790 0.397729 0.022203 0.378220 -0.357516 0.006050 0.376044 -0.220827 0.004960 -0.065505 0.432892 0.022039 -0.254085 0.262705 0.004975 0.164200 -0.366076 0.006017 
-0.276792 0.397729 0.022200 0.378220 -0.357515 0.006068 0.376044 -0.220826 0.004960 -0.065507 0.432895 0.022036 -0.254085 0.262705 0.004975 0.164200 -0.366075 0.006036 
-0.276793 0.397730 0.022197 0.378220 -0.357514 0.006086 0.376044 -0.220825 0.004960 -0.065509 0.432898 0.022033 -0.254085 0.262705 0.004975 0.164200 -0.366074 0.006054 
-0.276795 0.397730 0.022194 0.378220 -0.357513 0.006104 0.376044 -0.220824 0.004960 -0.065512 0.432901 0.022030 -0.254085 0.262705 0.004975 0.164200 -0.366074 0.006073 
-0.276797 0.397730 0.022191 0.378220 -0.357512 0.006122 0.376044 -0.220823 0.004960 -0.065514 0.432904 0.022028 -0.254085 0.262705 0.004975 0.164200 -0.366073 0.006091 
-0.276799 0.397730 0.022188 0.378220 -0.357511 0.006140 0.376044 -0.220823 0.004961 -0.065517 0.432908 0.022025 -0.254085 0.262705 0.004975 0.164200 -0.366072 0.006109 
-0.276801 0.397730 0.022185 0.378220 -0.357510 0.006159 0.376044 -0.220822 0.004961 -0.065519 0.432911 0.022022 -0.254085 0.262705 0.004975 0.164200 -0.366072 0.006127 
-0.276803 0.397730 0.022182 0.378220 -0.357509 0.006177 0.376044 -0.220821 0.004961 -0.065522 0.432914 0.022019 -0.254085 0.262705 0.004975 0.164200 -0.366071 0.006145 
-0.276806 0.397730 0.022179 0.378220 -0.357508 0.006195 0.376044 -0.220820 0.004961 -0.065525 0.432918 0.022016 -0.254084 0.262705 0.004975 0.164200 -0.366070 0.006163 
-0.276808 0.397730 0.022176 0.378220 -0.357507 0.006213 0.376044 -0.220820 0.004961 -0.065528 0.432922 0.022012 -0.254084 0.262705 0.004975 0.164200 -0.366069 0.006182 
-0.276810 0.397730 0.022172 0.378220 -0.357506 0.006231 0.376044 -0.220819 0.004961 -0.065531 0.432926 0.022009 -0.254084 0.262705 0.004975 0.164200 -0.366069 0.006200 
-0.276813 0.397730 0.022169 0.378220 -0.357505 0.006249 0.376044 -0.220818 0.004961 -0.065534 0.432930 0.022006 -0.254084 0.262705 0.004975 0.164200 -0.366068 0.006218 
-0.276815 0.397730 0.022165 0.378220 -0.357504 0.006267 0.376044 -0.220817 0.004961 -0.065537 0.432934 0.022002 -0.254084 0.262705 0.004975 0.164201 -0.366067 0.006237 
-0.276818 0.397730 0.022162 0.378220 -0.357504 0.006285 0.376044 -0.220817 0.004961 -0.065540 0.432938 0.021999 -0.254084 0.262705 0.004974 0.164201 -0.366066 0.006255 
-0.276820 0.397730 0.022159 0.378220 -0.357503 0.006303 0.376043 -0.220816 0.004961 -0.065543 0.432942 0.021996 -0.254084 0.262705 0.004974 0.164201 -0.366066 0.006273 
-0.276822 0.397730 0.022155 0.378220 -0.357502 0.006321 0.376043 -0.220815 0.004961 -0.065546 0.432946 0.021992 -0.254083 0.262705 0.004974 0.164201 -0.366065 0.006291 
-0.276825 0.397730 0.022152 0.378220 -0.357501 0.006339 0.376043 -0.220814 0.004961 -0.065549 0.432949 0.021989 -0.254083 0.262705 0.004974 0.164201 -0.366064 0.006309 
-0.276827 0.397731 0.022149 0.378221 -0.357500 0.006356 0.376043 -0.220814 0.004961 -0.065552 0.432953 0.021986 -0.254083 0.262705 0.004974 0.164201 -0.366064 0.006326 
-0.276829 0.397731 0.022146 0.378221 -0.357499 0.006373 0.376043 -0.220813 0.004961 -0.065555 0.432956 0.021983 -0.254083 0.262705 0.004974 0.164201 -0.366063 0.006343 
-0.276831 0.397731 0.022143 0.378221 -0.357498 0.006390 0.376043 -0.220812 0.004961 -0.065557 0.432960 0.021980 -0.254083 0.262705 0.004974 0.164201 -0.366062 0.006360 
