0.000260 0.000130 1.000000 0.000392 -0.000791 1.000000 0.000397 -0.000790 1.000000 0.000280 0.000133 1.000000 
0.000217 0.000109 1.000000 0.000358 -0.000723 1.000000 0.000363 -0.000722 1.000000 0.000236 0.000112 1.000000 
0.000204 0.000102 1.000000 0.000325 -0.000656 1.000000 0.000329 -0.000655 1.000000 0.000221 0.000104 1.000000 
0.000198 0.000099 1.000000 0.000291 -0.000588 1.000000 0.000295 -0.000588 1.000000 0.000214 0.000101 1.000000 
0.003996 0.002002 0.999990 0.001329 -0.002683 0.999996 0.001358 -0.002699 0.999995 0.004100 0.001940 0.999990 
0.005858 0.002935 0.999979 0.000399 -0.000805 1.000000 0.000422 -0.000838 1.000000 0.005939 0.002812 0.999978 
0.004568 0.002289 0.999987 -0.000416 0.000840 1.000000 -0.000407 0.000810 1.000000 0.004599 0.002177 0.999987 
0.005958 0.002988 0.999978 0.000730 -0.001471 0.999999 0.000757 -0.001503 0.999999 0.006055 0.002869 0.999978 
0.006864 0.003444 0.999971 0.000513 -0.001034 0.999999 0.000541 -0.001073 0.999999 0.006961 0.003301 0.999970 
0.006245 0.003134 0.999976 0.000440 -0.000886 1.000000 0.000464 -0.000921 0.999999 0.006332 0.003003 0.999975 
0.010811 0.005435 0.999927 0.000101 -0.000203 1.000000 0.000136 -0.000269 1.000000 0.010933 0.005194 0.999927 
0.010900 0.005483 0.999926 0.000621 -0.001248 0.999999 0.000662 -0.001311 0.999999 0.011046 0.005251 0.999925 
0.011111 0.005593 0.999923 0.000968 -0.001944 0.999998 0.001014 -0.002006 0.999997 0.011275 0.005364 0.999922 
0.013699 0.006900 0.999882 -0.000332 0.000667 1.000000 -0.000294 0.000581 1.000000 0.013832 0.006585 0.999883 
0.014439 0.007273 0.999869 -0.000277 0.000555 1.000000 -0.000235 0.000465 1.000000 0.014583 0.006942 0.999870 
0.016772 0.008448 0.999824 -0.000231 0.000464 1.000000 -0.000182 0.000360 1.000000 0.016943 0.008066 0.999824 
0.019932 0.010040 0.999751 -0.000189 0.000379 1.000000 -0.000129 0.000256 1.000000 0.020139 0.009587 0.999751 
0.022930 0.011550 0.999670 -0.000149 0.000298 1.000000 -0.000080 0.000157 1.000000 0.023171 0.011031 0.999671 
0.025597 0.012894 0.999589 -0.000111 0.000223 1.000000 -0.000034 0.000066 1.000000 0.025870 0.012316 0.999589 
0.027955 0.014082 0.999510 -0.000077 0.000155 1.000000 0.000008 -0.000016 1.000000 0.028254 0.013451 0.999510 
0.029973 0.015098 0.999437 -0.000046 0.000092 1.000000 0.000046 -0.000091 1.000000 0.030295 0.014423 0.999437 
0.031748 0.015993 0.999368 -0.000018 0.000036 1.000000 0.000080 -0.000158 1.000000 0.032092 0.015278 0.999368 
0.033270 0.016759 0.999306 0.000003 -0.000006 1.000000 0.000106 -0.000209 1.000000 0.033631 0.016010 0.999306 
0.034537 0.017398 0.999252 0.000009 -0.000017 1.000000 0.000115 -0.000228 1.000000 0.034912 0.016620 0.999252 
0.035558 0.017912 0.999207 0.000010 -0.000021 1.000000 0.000120 -0.000238 1.000000 0.035944 0.017112 0.999207 
0.036341 0.018306 0.999172 0.000012 -0.000023 1.000000 0.000124 -0.000245 1.000000 0.036735 0.017488 0.999172 
0.036890 0.018583 0.999147 0.000012 -0.000024 1.000000 0.000126 -0.000250 1.000000 0.037290 0.017753 0.999147 
0.037210 0.018744 0.999132 0.000012 -0.000024 1.000000 0.000127 -0.000252 1.000000 0.037614 0.017907 0.999132 
0.037308 0.018794 0.999127 0.000011 -0.000023 1.000000 0.000127 -0.000250 1.000000 0.037713 0.017954 0.999127 
0.037192 0.018735 0.999132 0.000010 -0.000021 1.000000 0.000125 -0.000248 1.000000 0.037596 0.017898 0.999133 
0.036857 0.018567 0.999148 0.000009 -0.000019 1.000000 0.000123 -0.000244 1.000000 0.037257 0.017737 0.999148 
0.036284 0.018278 0.999174 0.000009 -0.000017 1.000000 0.000121 -0.000239 1.000000 0.036678 0.017461 0.999175 
0.035457 0.017861 0.999212 0.000008 -0.000015 1.000000 0.000117 -0.000232 1.000000 0.035841 0.017063 0.999212 
0.034384 0.017320 0.999259 0.000007 -0.000014 1.000000 0.000113 -0.000224 1.000000 0.034756 0.016546 0.999259 
0.033057 0.016652 0.999315 0.000006 -0.000012 1.000000 0.000108 -0.000214 1.000000 0.033416 0.015908 0.999315 
0.031471 0.015853 0.999379 0.000005 -0.000011 1.000000 0.000103 -0.000203 1.000000 0.031812 0.015145 0.999379 
0.029616 0.014919 0.999450 0.000005 -0.000010 1.000000 0.000097 -0.000191 1.000000 0.029937 0.014252 0.999450 
0.027479 0.013842 0.999527 0.000005 -0.000009 1.000000 0.000090 -0.000177 1.000000 0.027777 0.013224 0.999527 
0.025045 0.012616 0.999607 0.000004 -0.000009 1.000000 0.000082 -0.000162 1.000000 0.025316 0.012052 0.999607 
0.022296 0.011232 0.999688 0.000004 -0.000008 1.000000 0.000073 -0.000145 1.000000 0.022538 0.010730 0.999688 
0.019215 0.009679 0.999769 0.000004 -0.000008 1.000000 0.000064 -0.000126 1.000000 0.019423 0.009247 0.999769 
0.015778 0.007948 0.999844 0.000004 -0.000008 1.000000 0.000053 -0.000104 1.000000 0.015950 0.007593 0.999844 
0.011963 0.006026 0.999910 0.000004 -0.000008 1.000000 0.000041 -0.000081 1.000000 0.012092 0.005757 0.999910 
0.007739 0.003898 0.999962 0.000004 -0.000008 1.000000 0.000028 -0.000055 1.000000 0.007823 0.003724 0.999962 
0.003412 0.001719 0.999993 0.000003 -0.000006 1.000000 0.000014 -0.000027 1.000000 0.003450 0.001642 0.999993 
0.002150 0.001083 0.999997 -0.000195 0.000392 1.000000 -0.000191 0.000378 1.000000 0.002164 0.001030 0.999997 
0.001587 0.000800 0.999998 -0.000139 0.000279 1.000000 -0.000136 0.000268 1.000000 0.001598 0.000761 0.999998 
0.001288 0.000649 0.999999 -0.000085 0.000170 1.000000 -0.000082 0.000162 1.000000 0.001298 0.000618 0.999999 
-0.000369 -0.000186 1.000000 0.001116 -0.002239 0.999997 0.001129 -0.002230 0.999997 -0.000322 -0.000154 1.000000 
-0.000224 -0.000113 1.000000 0.001654 -0.003317 0.999993 0.001674 -0.003305 0.999993 -0.000152 -0.000072 1.000000 
-0.002909 -0.001468 0.999995 0.003461 -0.006934 0.999970 0.003494 -0.006895 0.999970 -0.002785 -0.001328 0.999995 
-0.004368 -0.002203 0.999988 0.003225 -0.006466 0.999974 0.003251 -0.006419 0.999974 -0.004270 -0.002035 0.999989 
-0.004006 -0.002020 0.999990 0.002929 -0.005872 0.999978 0.002952 -0.005829 0.999979 -0.003918 -0.001867 0.999991 
-0.003690 -0.001861 0.999991 0.002655 -0.005322 0.999982 0.002676 -0.005283 0.999982 -0.003611 -0.001721 0.999992 
-0.005464 -0.002753 0.999981 0.001190 -0.002387 0.999996 0.001187 -0.002346 0.999997 -0.005469 -0.002605 0.999982 
-0.006301 -0.003173 0.999975 0.000716 -0.001436 0.999999 0.000705 -0.001393 0.999999 -0.006337 -0.003016 0.999975 
-0.005873 -0.002958 0.999978 0.000663 -0.001330 0.999999 0.000653 -0.001290 0.999999 -0.005907 -0.002812 0.999979 
-0.005657 -0.002848 0.999980 0.000873 -0.001753 0.999998 0.000866 -0.001713 0.999998 -0.005679 -0.002702 0.999980 
-0.006454 -0.003244 0.999974 0.000332 -0.000669 1.000000 0.000317 -0.000627 1.000000 -0.006508 -0.003092 0.999974 
-0.009299 -0.004658 0.999946 0.001586 -0.003200 0.999994 0.001577 -0.003133 0.999994 -0.009327 -0.004415 0.999947 
-0.008661 -0.004341 0.999953 0.001429 -0.002882 0.999995 0.001420 -0.002820 0.999995 -0.008690 -0.004115 0.999954 
-0.012155 -0.005939 0.999908 0.001319 -0.002728 0.999995 0.001299 -0.002646 0.999996 -0.012221 -0.005638 0.999909 
-0.017645 -0.007817 0.999814 0.003573 -0.008156 0.999960 0.003574 -0.008026 0.999961 -0.017629 -0.007345 0.999818 
-0.014491 -0.005327 0.999881 0.002035 -0.005609 0.999982 0.002036 -0.005508 0.999983 -0.014479 -0.004959 0.999883 
-0.009272 -0.003604 0.999951 0.000979 -0.002552 0.999996 0.000973 -0.002490 0.999996 -0.009291 -0.003375 0.999951 
-0.024660 -0.010715 0.999638 0.000999 -0.002326 0.999997 0.000947 -0.002169 0.999997 -0.024837 -0.010140 0.999640 
-0.003369 -0.001336 0.999993 0.000086 -0.000220 1.000000 0.000079 -0.000199 1.000000 -0.003393 -0.001259 0.999993 
-0.000077 -0.000027 1.000000 -0.000059 0.000173 1.000000 -0.000061 0.000173 1.000000 -0.000082 -0.000026 1.000000 
-0.002750 -0.000874 0.999996 0.001996 -0.006378 0.999978 0.002030 -0.006349 0.999978 -0.002626 -0.000770 0.999996 
-0.005820 -0.001817 0.999981 0.000785 -0.002554 0.999996 0.000789 -0.002513 0.999997 -0.005801 -0.001670 0.999982 
-0.012951 -0.004043 0.999908 0.000744 -0.002421 0.999997 0.000734 -0.002338 0.999997 -0.012982 -0.003737 0.999909 
-0.028238 -0.009198 0.999559 0.000729 -0.002271 0.999997 0.000686 -0.002094 0.999998 -0.028381 -0.008549 0.999561 
-0.046602 -0.015926 0.998787 0.000714 -0.002119 0.999998 0.000629 -0.001829 0.999998 -0.046891 -0.014865 0.998789 
-0.061660 -0.021931 0.997856 0.000347 -0.000989 0.999999 0.000218 -0.000610 1.000000 -0.062103 -0.020537 0.997858 
-0.070796 -0.025194 0.997173 0.000339 -0.000967 0.999999 0.000191 -0.000532 1.000000 -0.071309 -0.023594 0.997175 
-0.085761 -0.030610 0.995845 0.000332 -0.000943 0.999999 0.000150 -0.000417 1.000000 -0.086390 -0.028671 0.995849 
-0.095717 -0.034165 0.994822 0.000341 -0.000967 0.999999 0.000136 -0.000380 1.000000 -0.096423 -0.031999 0.994826 
-0.116645 -0.041648 0.992300 0.000371 -0.001052 0.999999 0.000121 -0.000337 1.000000 -0.117510 -0.039002 0.992306 
-0.139077 -0.050024 0.989017 0.000403 -0.001134 0.999999 0.000102 -0.000282 1.000000 -0.140122 -0.046860 0.989025 
0.000408 -0.001141 0.999999 -0.001242 0.004612 0.999989 0.237427 0.063184 0.969348 -0.013135 0.005673 0.999898 -0.155399 -0.052318 0.986465 0.113691 -0.052141 0.992147 
0.000432 -0.001210 0.999999 -0.001262 0.005198 0.999986 0.091299 0.021941 0.995582 -0.055284 0.027872 0.998082 -0.169473 -0.057046 0.983882 0.034517 -0.017608 0.999249 
0.000484 -0.001347 0.999999 -0.000935 0.003983 0.999992 0.042828 0.009970 0.999033 -0.064360 0.032696 0.997391 -0.196776 -0.066560 0.978187 0.016379 -0.008377 0.999831 
0.001173 -0.003194 0.999994 -0.000091 0.000386 1.000000 -0.000561 -0.000132 1.000000 -0.072115 0.037302 0.996699 -0.217194 -0.075079 0.973237 0.000233 -0.000120 1.000000 
0.007565 -0.020739 0.999756 0.000569 -0.002363 0.999997 -0.001984 -0.000474 0.999998 -0.086396 0.045169 0.995236 -0.232386 -0.078471 0.969453 -0.000491 0.000254 1.000000 
0.014601 -0.040332 0.999080 0.001484 -0.006194 0.999980 -0.007088 -0.001685 0.999973 -0.100962 0.052593 0.993499 -0.254742 -0.083503 0.963397 -0.000764 0.000392 1.000000 
0.020541 -0.056974 0.998164 0.004023 -0.016855 0.999850 -0.017378 -0.004110 0.999841 -0.109419 0.057176 0.992350 -0.277061 -0.088382 0.956779 -0.001755 0.000897 0.999998 
-0.032913 -0.007664 0.999429 0.008268 -0.035034 0.999352 0.026230 -0.073218 0.996971 -0.111576 0.059203 0.991991 -0.296955 -0.091710 0.950477 -0.002910 0.001499 0.999995 
-0.050350 -0.011414 0.998666 0.013128 -0.056652 0.998308 0.032664 -0.091952 0.995228 -0.109300 0.059348 0.992236 -0.313731 -0.093029 0.944943 -0.002092 0.001093 0.999997 
-0.068401 -0.014978 0.997545 0.018447 -0.081266 0.996522 0.040877 -0.115102 0.992512 -0.107740 0.059658 0.992388 -0.331224 -0.094101 0.938848 -0.000659 0.000348 1.000000 
-0.090781 -0.019478 0.995680 0.024728 -0.108742 0.993762 0.050756 -0.139717 0.988890 -0.106931 0.059850 0.992464 -0.350763 -0.097133 0.931413 -0.000604 0.000319 1.000000 
-0.117670 -0.025144 0.992734 0.032576 -0.139238 0.989723 0.060966 -0.162399 0.984840 -0.101889 0.057684 0.993122 -0.369994 -0.100858 0.923543 -0.000555 0.000293 1.000000 
-0.147465 -0.031516 0.988565 0.042320 -0.172959 0.984019 0.072413 -0.185012 0.980065 -0.094619 0.054195 0.994037 -0.389631 -0.105081 0.914957 -0.000492 0.000260 1.000000 
-0.180460 -0.038517 0.982828 0.054285 -0.209348 0.976333 0.085422 -0.207538 0.974490 -0.085594 0.049596 0.995095 -0.410157 -0.109881 0.905371 -0.000567 0.000300 1.000000 
-0.217272 -0.046080 0.975023 0.068822 -0.247322 0.966486 0.099996 -0.229359 0.968192 -0.074577 0.043646 0.996260 -0.432478 -0.115276 0.894245 -0.000586 0.000310 1.000000 
-0.258553 -0.053894 0.964492 0.087564 -0.288939 0.953334 0.116774 -0.250635 0.961013 -0.060608 0.035711 0.997523 -0.455742 -0.121261 0.881813 -0.000630 0.000333 1.000000 
-0.303016 -0.061381 0.951007 0.110847 -0.330920 0.937126 0.134563 -0.270111 0.953380 -0.044343 0.026132 0.998675 -0.480742 -0.126707 0.867659 -0.000533 0.000282 1.000000 
-0.350829 -0.068327 0.933943 0.139661 -0.370702 0.918191 0.153756 -0.287500 0.945359 -0.026322 0.015432 0.999534 -0.507614 -0.131867 0.851433 -0.000349 0.000185 1.000000 
-0.395617 -0.074567 0.915384 0.171530 -0.401620 0.899599 0.175710 -0.304583 0.936138 -0.012815 0.007391 0.999891 -0.536221 -0.135442 0.833140 -0.000109 0.000057 1.000000 
-0.436631 -0.077746 0.896275 0.204397 -0.426212 0.881229 0.202079 -0.323557 0.924378 -0.005634 0.003167 0.999979 -0.567728 -0.134251 0.812196 -0.000026 0.000014 1.000000 
-0.476618 -0.076461 0.875779 0.238998 -0.446654 0.862195 0.232028 -0.341991 0.910607 -0.001433 0.000786 0.999999 -0.602084 -0.126569 0.788337 -0.000030 0.000015 1.000000 
-0.515874 -0.069156 0.853868 0.277274 -0.464156 0.841237 0.266005 -0.358494 0.894831 0.001371 -0.000733 0.999999 -0.637905 -0.110496 0.762147 -0.000065 0.000032 1.000000 
-0.553473 -0.054659 0.831072 0.319947 -0.477316 0.818415 0.307072 -0.371414 0.876218 0.001868 -0.000974 0.999998 -0.673819 -0.084230 0.734080 -0.000224 0.000105 1.000000 
-0.589046 -0.030585 0.807520 0.367468 -0.484462 0.793892 0.356045 -0.377481 0.854833 0.001300 -0.000663 0.999999 -0.705920 -0.046117 0.706789 -0.000516 0.000235 1.000000 
-0.596132 -0.004977 0.802871 0.395245 -0.498316 0.771663 0.393283 -0.372902 0.840400 -0.005073 0.002662 0.999984 -0.725894 -0.014334 0.687657 -0.000917 0.000415 0.999999 
-0.604357 0.006237 0.796689 0.407965 -0.498266 0.765046 0.402431 -0.372952 0.836036 -0.004125 0.002171 0.999989 -0.733453 0.006860 0.679705 -0.000926 0.000420 0.999999 
-0.621083 0.014293 0.783615 0.424270 -0.487177 0.763317 0.402715 -0.365488 0.839190 0.005281 -0.002778 0.999982 -0.743357 0.013321 0.668762 -0.000530 0.000245 1.000000 
-0.635287 0.022976 0.771934 0.437229 -0.477002 0.762430 0.403503 -0.359610 0.841347 0.012888 -0.006759 0.999894 -0.750936 0.019283 0.660093 -0.000214 0.000100 1.000000 
-0.644320 0.029672 0.764181 0.446245 -0.469928 0.761599 0.409836 -0.356288 0.839698 0.015960 -0.008325 0.999838 -0.753955 0.024644 0.656463 -0.000113 0.000053 1.000000 
-0.647738 0.034015 0.761103 0.451739 -0.467250 0.760006 0.418617 -0.355089 0.835866 0.015495 -0.008019 0.999848 -0.753702 0.029307 0.656562 -0.000181 0.000084 1.000000 
-0.648900 0.036059 0.760018 0.456539 -0.465659 0.758112 0.424418 -0.353925 0.833431 0.014878 -0.007630 0.999860 -0.753782 0.032745 0.656308 -0.000244 0.000112 1.000000 
-0.649265 0.035683 0.759725 0.460518 -0.463929 0.756765 0.427208 -0.353350 0.832248 0.014840 -0.007509 0.999862 -0.753174 0.032274 0.657029 -0.000287 0.000130 1.000000 
-0.647979 0.034515 0.760875 0.464784 -0.463287 0.754547 0.432096 -0.353670 0.829585 0.012929 -0.006454 0.999896 -0.752237 0.036176 0.657899 -0.000404 0.000180 1.000000 
-0.644662 0.031990 0.763798 0.466979 -0.464628 0.752364 0.437613 -0.355530 0.825890 0.009155 -0.004501 0.999948 -0.750407 0.042981 0.659577 -0.000588 0.000256 1.000000 
-0.632962 0.047817 0.772705 0.470607 -0.481372 0.739466 0.450348 -0.360564 0.816811 0.005703 -0.002821 0.999980 -0.745352 0.060469 0.663923 0.001709 -0.000744 0.999998 
-0.625585 0.067729 0.777210 0.475960 -0.494422 0.727330 0.469399 -0.362742 0.805036 0.006801 -0.003453 0.999971 -0.738935 0.078850 0.669147 0.006705 -0.002956 0.999973 
-0.618621 0.088529 0.780686 0.488510 -0.503413 0.712694 0.488318 -0.365581 0.792399 0.015860 -0.008255 0.999840 -0.731167 0.103608 0.674285 0.016626 -0.007473 0.999834 
-0.613877 0.104881 0.782404 0.503799 -0.505911 0.700172 0.502751 -0.360732 0.785566 0.022911 -0.012151 0.999664 -0.728925 0.125645 0.672965 0.023133 -0.010521 0.999677 
-0.623957 0.119366 0.772288 0.512390 -0.494350 0.702193 0.487671 -0.357551 0.796451 0.035367 -0.018678 0.999200 -0.739556 0.137907 0.658816 0.024895 -0.011673 0.999622 
-0.635784 0.127415 0.761278 0.514626 -0.481888 0.709185 0.473948 -0.354485 0.806048 0.034174 -0.018094 0.999252 -0.748727 0.149306 0.645845 0.018443 -0.008840 0.999791 
-0.646292 0.137681 0.750567 0.510524 -0.474162 0.717312 0.460076 -0.350964 0.815570 0.027012 -0.014546 0.999529 -0.757690 0.160621 0.632540 0.008294 -0.004092 0.999957 
-0.658441 0.147693 0.737999 0.507364 -0.463398 0.726528 0.448550 -0.342157 0.825671 0.018062 -0.009894 0.999788 -0.768669 0.167889 0.617221 -0.003632 0.001834 0.999992 
-0.665802 0.159246 0.728936 0.513146 -0.452036 0.729619 0.441870 -0.332592 0.833147 0.017126 -0.009508 0.999808 -0.777319 0.178358 0.603294 -0.008708 0.004488 0.999952 
-0.669097 0.168109 0.723912 0.514406 -0.447543 0.731500 0.440155 -0.325734 0.836756 0.015044 -0.008463 0.999851 -0.782050 0.182831 0.595794 -0.012490 0.006516 0.999901 
-0.675199 0.185002 0.714059 -0.788527 0.170286 0.590955 0.436626 -0.319084 0.841156 0.028397 -0.015847 0.999471 0.516441 -0.438408 0.735586 -0.007761 0.004121 0.999961 
-0.681648 0.198598 0.704212 -0.796654 0.150660 0.585358 0.430028 -0.311814 0.847259 0.047989 -0.026653 0.998492 0.518861 -0.427436 0.740325 0.000446 -0.000242 1.000000 
-0.680420 0.207894 0.702715 -0.799383 0.148386 0.582210 0.428732 -0.308356 0.849179 0.051556 -0.028669 0.998259 0.520637 -0.426645 0.739534 0.001166 -0.000639 0.999999 
-0.673225 0.209729 0.709071 -0.798744 0.145173 0.583894 0.431310 -0.307698 0.848112 0.050264 -0.027870 0.998347 0.522534 -0.434333 0.733698 0.001035 -0.000565 0.999999 
-0.668999 0.205372 0.714327 -0.795203 0.145770 0.588560 0.434962 -0.310871 0.845084 0.046889 -0.025924 0.998564 0.520850 -0.441527 0.730595 0.000849 -0.000459 1.000000 
-0.661695 0.212775 0.718949 -0.796352 0.148528 0.586312 0.433620 -0.309859 0.846145 0.046822 -0.025829 0.998569 0.522118 -0.448948 0.725147 0.000942 -0.000511 0.999999 
-0.657897 0.222191 0.719585 -0.797696 0.156264 0.582462 0.428681 -0.310780 0.848321 0.047221 -0.026190 0.998541 0.521650 -0.452792 0.723091 0.000409 -0.000225 1.000000 
0.423420 -0.309748 0.851335 -0.800044 0.167558 0.576067 -0.659185 0.235841 0.714041 0.046273 -0.026206 0.998585 0.519741 -0.450347 0.725987 -0.002249 0.001271 0.999997 
-0.804845 0.177024 0.566469 -0.661657 0.249879 0.706945 0.519534 -0.444357 0.729816 -0.004411 0.002557 0.999987 0.415906 -0.305924 0.856407 0.047511 -0.027407 0.998495 
-0.809676 0.182620 0.557740 -0.664041 0.259498 0.701221 0.521254 -0.437357 0.732812 -0.005379 0.003172 0.999981 0.409042 -0.301692 0.861200 0.049900 -0.029053 0.998332 
-0.813006 0.181679 0.553185 0.402754 -0.300414 0.864604 0.522900 -0.444484 0.727331 -0.002198 0.001314 0.999997 -0.655163 0.270289 0.705483 0.056376 -0.032778 0.997871 
-0.815252 0.180478 0.550265 0.398456 -0.299601 0.866875 0.523554 -0.448125 0.724620 -0.000257 0.000155 1.000000 -0.651140 0.273624 0.707917 0.060300 -0.035138 0.997562 
-0.816059 0.180716 0.548989 0.396667 -0.299364 0.867777 0.523742 -0.448921 0.723992 0.000305 -0.000184 1.000000 -0.650120 0.274781 0.708407 0.061522 -0.035936 0.997459 
-0.816375 0.179275 0.548992 0.396569 -0.299080 0.867919 0.524043 -0.449713 0.723282 0.000740 -0.000448 1.000000 -0.649269 0.274948 0.709122 0.062271 -0.036395 0.997396 
-0.816776 0.176278 0.549366 0.396838 -0.298601 0.867961 0.525068 -0.449802 0.722483 0.001513 -0.000916 0.999998 -0.648485 0.275141 0.709763 0.063692 -0.037185 0.997277 
-0.816679 0.175201 0.549854 0.397216 -0.298651 0.867771 0.526114 -0.448417 0.722583 0.001792 -0.001085 0.999998 -0.648735 0.275706 0.709316 0.064299 -0.037443 0.997228 
-0.816337 0.175230 0.550354 0.397622 -0.298968 0.867476 0.526934 -0.446619 0.723099 0.001796 -0.001087 0.999998 -0.649524 0.275959 0.708495 0.064384 -0.037373 0.997225 
-0.815867 0.174757 0.551199 0.398712 -0.299109 0.866927 0.526788 -0.445694 0.723776 0.001796 -0.001085 0.999998 -0.650142 0.276699 0.707639 0.064540 -0.037330 0.997217 
-0.815571 0.174959 0.551573 0.399231 -0.299250 0.866639 0.526815 -0.445380 0.723950 0.001611 -0.000970 0.999998 -0.650515 0.276109 0.707526 0.064205 -0.037004 0.997250 
-0.816425 0.173459 0.550783 0.398892 -0.298189 0.867161 0.527217 -0.443903 0.724563 0.001823 -0.001098 0.999998 -0.651056 0.277390 0.706527 0.065265 -0.037555 0.997161 
-0.817145 0.171795 0.550238 0.399265 -0.296900 0.867432 0.527625 -0.441975 0.725445 0.001852 -0.001115 0.999998 -0.651940 0.278614 0.705229 0.065939 -0.037891 0.997104 
-0.817474 0.170546 0.550136 0.399773 -0.296135 0.867459 0.527862 -0.440726 0.726032 0.001865 -0.001121 0.999998 -0.652564 0.279254 0.704398 0.066302 -0.038042 0.997074 
-0.817639 0.169815 0.550117 0.400079 -0.295728 0.867457 0.528006 -0.439983 0.726378 0.001878 -0.001128 0.999998 -0.652942 0.279596 0.703913 0.066515 -0.038126 0.997057 
-0.817615 0.169472 0.550259 0.400394 -0.295596 0.867357 0.527858 -0.439684 0.726666 0.001868 -0.001122 0.999998 -0.653237 0.279704 0.703596 0.066549 -0.038130 0.997054 
-0.817628 0.169356 0.550275 0.400466 -0.295539 0.867343 0.527857 -0.439125 0.727005 0.001884 -0.001131 0.999998 -0.653631 0.279811 0.703187 0.066649 -0.038174 0.997046 
-0.819893 0.168848 0.547052 0.398931 -0.292701 0.869011 0.528932 -0.445231 0.722495 0.001907 -0.001151 0.999998 -0.646459 0.286496 0.707114 0.067505 -0.038717 0.996967 
-0.822683 0.168113 0.543075 0.396200 -0.289754 0.871245 0.529933 -0.446409 0.721034 0.001977 -0.001198 0.999997 -0.643052 0.292850 0.707618 0.069528 -0.039804 0.996786 
-0.825706 0.165866 0.539164 0.394059 -0.286131 0.873411 0.530751 -0.443861 0.722005 0.002073 -0.001259 0.999997 -0.643095 0.297293 0.705724 0.071924 -0.041135 0.996561 
-0.827860 0.165870 0.535850 0.391991 -0.283702 0.875132 0.531334 -0.442295 0.722537 0.001819 -0.001109 0.999998 -0.642901 0.300427 0.704572 0.073003 -0.041832 0.996454 
-0.828480 0.167454 0.534397 0.390473 -0.283434 0.875898 0.531435 -0.442778 0.722167 0.001695 -0.001037 0.999998 -0.642146 0.301431 0.704832 0.073069 -0.041993 0.996442 
-0.832205 0.166650 0.528831 0.386273 -0.279673 0.878963 0.532589 -0.444302 0.720378 0.002360 -0.001464 0.999996 -0.635529 0.315203 0.704805 0.077204 -0.044453 0.996024 
-0.835847 0.164838 0.523630 0.383703 -0.275011 0.881556 0.536316 -0.434371 0.723662 0.002559 -0.001587 0.999995 -0.636357 0.325754 0.699238 0.081175 -0.045912 0.995642 
-0.838823 0.158321 0.520875 0.383811 -0.270239 0.882984 0.541315 -0.427252 0.724178 0.002641 -0.001627 0.999995 -0.636504 0.329199 0.697489 0.083571 -0.046551 0.995414 
-0.841070 0.149589 0.519831 0.385814 -0.265579 0.883524 0.544214 -0.423602 0.724149 0.002691 -0.001634 0.999995 -0.637888 0.326882 0.697314 0.085022 -0.046624 0.995288 
-0.843918 0.139741 0.517953 0.387574 -0.259816 0.884467 0.547522 -0.420096 0.723699 0.002747 -0.001640 0.999995 -0.639119 0.323805 0.697623 0.086753 -0.046807 0.995130 
-0.847594 0.131290 0.514147 0.387133 -0.253705 0.886432 0.550242 -0.410396 0.727192 0.002993 -0.001773 0.999994 -0.640133 0.332776 0.692452 0.090740 -0.047827 0.994725 
-0.859202 0.109411 0.499800 -0.221013 0.114887 0.968480 0.375702 -0.240361 0.895028 0.552259 -0.387403 0.738193 0.003558 -0.002109 0.999991 
-0.872503 0.078402 0.482277 -0.223817 0.115783 0.967730 0.362565 -0.222859 0.904920 0.551365 -0.361675 0.751790 0.002671 -0.001586 0.999995 
-0.884217 0.047886 0.464616 -0.229315 0.118599 0.966100 0.350109 -0.205337 0.913926 0.345679 -0.202079 0.916335 0.547832 -0.337522 0.765479 0.405780 -0.243170 0.881028 -0.657752 0.396974 0.640136 
-0.893276 0.026344 0.448735 -0.236179 0.122901 0.963906 0.338178 -0.191894 0.921310 0.333643 -0.188708 0.923619 -0.655970 0.413686 0.631322 0.469311 -0.282396 0.836660 
-0.897210 0.015233 0.441340 0.327317 -0.182881 0.927048 -0.239979 0.126019 0.962564 0.331895 -0.186041 0.924789 -0.653660 0.426348 0.625265 0.471757 -0.283923 0.834765 
-0.889705 0.021981 0.456006 0.340670 -0.190452 0.920691 -0.233544 0.123617 0.964456 0.345193 -0.193622 0.918342 -0.647923 0.416629 0.637664 0.477736 -0.295182 0.827428 
-0.876956 0.053749 0.477555 0.363132 -0.204880 0.908933 -0.228261 0.121276 0.966017 0.367567 -0.208067 0.906423 0.555571 -0.352678 0.752967 -0.249065 0.155178 0.955974 
-0.869557 0.074782 0.488138 -0.226945 0.118746 0.966641 0.377590 -0.217333 0.900107 0.373215 -0.214120 0.902698 0.561544 -0.363780 0.743191 -0.254568 0.152497 0.954955 
-0.866484 0.082460 0.492347 -0.225063 0.115542 0.967469 0.380467 -0.221782 0.897807 0.564802 -0.367926 0.738667 0.004280 -0.002481 0.999988 
-0.864851 0.091389 0.493640 -0.224023 0.115284 0.967741 0.382000 -0.224168 0.896563 0.567499 -0.373050 0.734015 0.004095 -0.002374 0.999989 
-0.868938 0.089451 0.486770 -0.224163 0.116912 0.967514 0.376775 -0.219776 0.899855 0.374305 -0.216497 0.901679 0.566439 -0.367876 0.737438 -0.633212 0.383335 0.672381 
-0.876398 0.076142 0.475531 -0.224844 0.118065 0.967216 0.369059 -0.209707 0.905438 -0.627901 0.397374 0.669204 0.551462 -0.346206 0.758967 0.364608 -0.206535 0.907967 0.399971 -0.231420 0.886830 
-0.883478 0.058682 0.464784 0.357850 -0.195487 0.913087 -0.226647 0.120429 0.966503 0.362390 -0.198585 0.910625 -0.624374 0.414311 0.662196 0.425965 -0.251798 0.868994 0.549519 -0.335218 0.765282 
-0.037919 0.020321 0.999074 -0.884916 0.049706 0.463090 0.358974 -0.190551 0.913689 -0.621957 0.417817 0.662267 0.488696 -0.298224 0.819901 
-0.877293 0.077427 0.473668 -0.226933 0.121600 0.966289 0.370711 -0.206417 0.905519 -0.619125 0.401679 0.674788 0.553168 -0.354160 0.754039 0.366222 -0.203294 0.908049 0.399269 -0.235346 0.886113 
-0.875608 0.091633 0.474252 -0.226438 0.122234 0.966325 0.369374 -0.211406 0.904915 -0.617622 0.404753 0.674328 0.551393 -0.356048 0.754451 0.364921 -0.208233 0.907453 0.389517 -0.226908 0.892631 
-0.877095 0.088773 0.472042 -0.223894 0.121401 0.967023 0.365977 -0.210927 0.906405 -0.618192 0.408100 0.671784 0.550139 -0.353151 0.756724 0.361529 -0.207737 0.908924 0.393501 -0.231778 0.889627 
-0.876290 0.085887 0.474067 -0.222929 0.121228 0.967268 0.367023 -0.211827 0.905772 -0.617772 0.406817 0.672947 0.549771 -0.355955 0.755677 0.362586 -0.208630 0.908298 0.395657 -0.235414 0.887714 
-0.876122 0.085991 0.474359 -0.223101 0.121619 0.967179 0.367344 -0.211934 0.905617 -0.617220 0.406906 0.673400 0.549592 -0.357083 0.755275 0.362908 -0.208738 0.908144 0.395926 -0.236522 0.887299 
-0.878281 0.082519 0.470970 -0.224407 0.122223 0.966801 0.365751 -0.208452 0.907069 -0.614563 0.417820 0.669133 0.548398 -0.350626 0.759159 0.361283 -0.205283 0.909579 0.406000 -0.237437 0.882489 
-0.888908 0.074377 0.452007 0.346383 -0.193331 0.917955 -0.222886 0.122100 0.967168 0.350949 -0.196453 0.915555 -0.608640 0.437373 0.662014 0.417607 -0.241690 0.875894 0.549276 -0.333566 0.766178 
-0.895274 0.065351 0.440697 0.333966 -0.188241 0.923597 -0.216120 0.118821 0.969110 0.338555 -0.191384 0.921278 -0.606035 0.447121 0.657878 0.422167 -0.245298 0.872699 0.549324 -0.323459 0.770466 
-0.895878 0.066843 0.439244 -0.604815 0.450492 0.656701 -0.213814 0.118347 0.969679 0.335455 -0.192447 0.922190 0.330883 -0.189273 0.924496 0.547924 -0.323151 0.771591 0.420981 -0.246061 0.873057 
-0.896787 0.062411 0.438039 -0.604076 0.457062 0.652829 -0.214625 0.119754 0.969327 0.332621 -0.192294 0.923248 0.328058 -0.189099 0.925537 0.543698 -0.322042 0.775036 0.428082 -0.252615 0.867716 
-0.046381 0.026239 0.998579 -0.904553 0.028310 0.425421 0.315291 -0.177505 0.932246 -0.600867 0.483580 0.636482 0.492152 -0.292294 0.819970 
-0.916446 -0.026651 0.399270 0.293512 -0.154400 0.943404 0.527283 -0.283081 0.801148 -0.209903 0.118358 0.970532 -0.592243 0.525939 0.610440 0.506089 -0.296744 0.809825 
-0.580086 0.559972 0.591551 0.506787 -0.291829 0.811174 0.509316 -0.264200 0.819021 -0.239606 0.134110 0.961563 -0.929007 -0.055390 0.365892 0.270696 -0.131593 0.953628 
-0.573204 0.558884 0.599238 0.507249 -0.294692 0.809849 0.513780 -0.273738 0.813079 -0.255522 0.141729 0.956358 -0.931899 -0.034315 0.361091 0.274885 -0.127499 0.952986 
-0.922536 -0.035260 0.384296 0.295803 -0.135406 0.945603 0.525337 -0.282776 0.802533 -0.241732 0.131076 0.961449 -0.580584 0.538645 0.610561 0.521059 -0.306034 0.796769 
-0.059882 0.032231 0.997685 -0.911852 -0.027688 0.409584 0.318427 -0.146089 0.936623 -0.575247 0.521851 0.629891 0.538723 -0.316931 0.780598 
-0.049656 0.027052 0.998400 -0.911174 -0.027487 0.411105 0.319998 -0.146510 0.936021 -0.564721 0.518836 0.641794 0.550065 -0.330411 0.766979 
-0.914189 -0.030269 0.404157 0.312829 -0.144193 0.938800 0.545648 -0.299032 0.782846 -0.210476 0.116115 0.970679 -0.557436 0.532750 0.636744 0.551671 -0.330168 0.765930 
-0.551405 0.544557 0.631989 0.552546 -0.326829 0.766730 0.541477 -0.291193 0.788675 -0.210205 0.117154 0.970613 -0.917120 -0.034623 0.397104 0.305855 -0.141285 0.941537 
-0.547051 0.555946 0.625827 0.553929 -0.324567 0.766693 0.536246 -0.281810 0.795627 -0.210411 0.118056 0.970459 -0.919811 -0.046210 0.389632 0.297957 -0.137223 0.944665 
-0.536580 0.564196 0.627507 0.559273 -0.319781 0.764823 0.536491 -0.279224 0.796374 -0.210789 0.118614 0.970308 -0.922077 -0.048631 0.383940 0.292814 -0.134770 0.946624 
-0.531303 0.572000 0.624926 0.564094 -0.320747 0.760868 0.533811 -0.273219 0.800248 -0.212174 0.119668 0.969877 -0.924087 -0.059515 0.377520 0.287067 -0.130362 0.948998 
-0.526993 0.576951 0.624024 0.566942 -0.323918 0.757399 0.532335 -0.270629 0.802109 -0.213216 0.120763 0.969513 -0.924844 -0.065119 0.374730 0.284949 -0.127996 0.949958 
-0.528129 0.570637 0.628851 0.564875 -0.329515 0.756529 0.535842 -0.279869 0.796584 -0.213009 0.120921 0.969539 -0.923305 -0.056000 0.379962 0.290523 -0.130893 0.947873 
-0.533486 0.552638 0.640300 0.557638 -0.330567 0.761423 0.544822 -0.298822 0.783501 -0.210965 0.119475 0.970165 -0.919040 -0.032078 0.392858 0.302527 -0.139888 0.942820 
-0.530319 0.544219 0.650067 0.547237 -0.321489 0.772772 0.550131 -0.314857 0.773447 -0.207766 0.119657 0.970832 -0.917413 0.006683 0.397880 0.306117 -0.150307 0.940053 
-0.515249 0.568123 0.641681 -0.923655 0.009688 0.383102 0.539050 -0.308876 0.783595 -0.209729 0.126174 0.969584 0.545247 -0.326355 0.772138 0.290753 -0.146919 0.945451 
