-0.376292 -0.926501 -0.000744 -0.924853 0.380323 -0.000655 0.927162 -0.374660 0.000660 0.396858 0.917880 0.000759 
-0.376305 -0.926495 -0.001101 -0.924848 0.380337 -0.000282 0.927157 -0.374674 0.000289 0.396872 0.917873 0.001107 
-0.376347 -0.926479 -0.000440 -0.924831 0.380378 0.000911 0.927140 -0.374715 -0.000908 0.396914 0.917856 0.000420 
-0.376276 -0.926503 0.002773 -0.924857 0.380313 0.001437 0.927166 -0.374649 -0.001454 0.396843 0.917882 -0.002805 
-0.376276 -0.926504 0.002488 -0.924858 0.380312 0.001259 0.927166 -0.374648 -0.001274 0.396844 0.917883 -0.002516 
-0.376278 -0.926504 0.002250 -0.924858 0.380312 0.001117 0.927167 -0.374648 -0.001130 0.396844 0.917883 -0.002275 
-0.376038 -0.926596 0.003972 -0.924957 0.380071 -0.000313 0.927264 -0.374407 0.000289 0.396607 0.917980 -0.003965 
-0.376090 -0.926578 0.003233 -0.924935 0.380125 0.000518 0.927242 -0.374461 -0.000538 0.396659 0.917960 -0.003244 
-0.376029 -0.926603 0.002889 -0.924958 0.380067 0.001340 0.927265 -0.374402 -0.001358 0.396598 0.917988 -0.002918 
-0.375839 -0.926677 0.003765 -0.925031 0.379881 0.002916 0.927337 -0.374216 -0.002939 0.396408 0.918066 -0.003830 
-0.375839 -0.926679 0.003402 -0.925032 0.379880 0.002633 0.927338 -0.374215 -0.002654 0.396410 0.918067 -0.003460 
-0.375839 -0.926680 0.003082 -0.925033 0.379880 0.002388 0.927339 -0.374215 -0.002407 0.396410 0.918068 -0.003135 
-0.375842 -0.926679 0.002800 -0.925033 0.379880 0.002178 0.927339 -0.374215 -0.002195 0.396412 0.918068 -0.002848 
-0.375841 -0.926681 0.002549 -0.925034 0.379879 0.002137 0.927340 -0.374215 -0.002152 0.396412 0.918069 -0.002596 
-0.375837 -0.926683 0.002331 -0.925030 0.379876 0.003697 0.927336 -0.374211 -0.003712 0.396407 0.918072 -0.002413 
-0.375829 -0.926687 0.002178 -0.925011 0.379867 0.007477 0.927317 -0.374202 -0.007490 0.396399 0.918075 -0.002345 
-0.375820 -0.926690 0.002049 -0.924965 0.379847 0.012473 0.927271 -0.374182 -0.012485 0.396389 0.918080 -0.002327 
-0.375811 -0.926694 0.001882 -0.924902 0.379819 0.017152 0.927208 -0.374154 -0.017164 0.396380 0.918084 -0.002264 
-0.375804 -0.926697 0.001723 -0.924829 0.379787 0.021294 0.927135 -0.374121 -0.021305 0.396370 0.918088 -0.002197 
-0.375799 -0.926700 0.001577 -0.924753 0.379751 0.024920 0.927059 -0.374086 -0.024930 0.396363 0.918091 -0.002133 
-0.375794 -0.926702 0.001444 -0.924678 0.379716 0.028052 0.926984 -0.374051 -0.028061 0.396356 0.918095 -0.002069 
-0.375789 -0.926704 0.001304 -0.924607 0.379682 0.030709 0.926913 -0.374017 -0.030717 0.396351 0.918097 -0.001988 
-0.375785 -0.926706 0.001166 -0.924545 0.379649 0.032909 0.926851 -0.373984 -0.032916 0.396345 0.918100 -0.001900 
-0.375782 -0.926708 0.001039 -0.924492 0.379621 0.034664 0.926798 -0.373956 -0.034670 0.396340 0.918102 -0.001812 
-0.375778 -0.926709 0.000921 -0.924451 0.379598 0.035984 0.926757 -0.373933 -0.035989 0.396337 0.918104 -0.001723 
-0.375775 -0.926711 0.000810 -0.924424 0.379580 0.036875 0.926729 -0.373915 -0.036880 0.396332 0.918106 -0.001632 
-0.375772 -0.926712 0.000706 -0.924410 0.379567 0.037342 0.926716 -0.373903 -0.037347 0.396330 0.918107 -0.001539 
-0.375770 -0.926713 0.000608 -0.924411 0.379561 0.037388 0.926717 -0.373896 -0.037392 0.396328 0.918108 -0.001442 
-0.375768 -0.926714 0.000515 -0.924426 0.379560 0.037013 0.926732 -0.373895 -0.037016 0.396324 0.918110 -0.001340 
-0.375765 -0.926715 0.000426 -0.924456 0.379565 0.036215 0.926761 -0.373900 -0.036217 0.396324 0.918110 -0.001234 
-0.375763 -0.926716 0.000341 -0.924499 0.379576 0.034989 0.926804 -0.373911 -0.034991 0.396322 0.918111 -0.001121 
-0.375760 -0.926717 0.000259 -0.924553 0.379590 0.033361 0.926858 -0.373925 -0.033363 0.396319 0.918112 -0.001003 
-0.375756 -0.926719 0.000180 -0.924612 0.379608 0.031476 0.926917 -0.373943 -0.031478 0.396317 0.918113 -0.000882 
-0.375753 -0.926720 0.000103 -0.924674 0.379627 0.029336 0.926980 -0.373962 -0.029337 0.396316 0.918114 -0.000757 
-0.375751 -0.926721 0.000025 -0.924741 0.379649 0.026840 0.927047 -0.373983 -0.026840 0.396314 0.918115 -0.000623 
-0.375749 -0.926721 -0.000058 -0.924812 0.379673 0.023896 0.927118 -0.374007 -0.023895 0.396314 0.918115 -0.000475 
-0.375747 -0.926722 -0.000134 -0.924884 0.379698 0.020457 0.927190 -0.374032 -0.020456 0.396314 0.918115 -0.000322 
-0.375744 -0.926723 -0.000153 -0.924950 0.379722 0.016716 0.927255 -0.374057 -0.016715 0.396314 0.918115 -0.000220 
-0.375742 -0.926724 -0.000147 -0.925005 0.379742 0.012689 0.927311 -0.374078 -0.012688 0.396312 0.918116 -0.000136 
-0.375739 -0.926726 -0.000134 -0.925050 0.379758 0.008117 0.927356 -0.374093 -0.008116 0.396310 0.918117 -0.000047 
-0.375735 -0.926727 -0.000106 -0.925078 0.379766 0.002857 0.927384 -0.374101 -0.002857 0.396309 0.918117 0.000042 
-0.375637 -0.926767 0.000377 -0.925122 0.379669 0.000700 0.927427 -0.374004 -0.000702 0.396209 0.918160 -0.000392 
-0.375399 -0.926863 0.000108 -0.925219 0.379432 0.000630 0.927523 -0.373767 -0.000631 0.395974 0.918262 -0.000122 
-0.375400 -0.926863 0.000043 -0.925219 0.379432 0.000570 0.927523 -0.373766 -0.000570 0.395974 0.918262 -0.000056 
-0.375364 -0.926877 0.000077 -0.925234 0.379398 0.000098 0.927537 -0.373732 -0.000098 0.395941 0.918276 -0.000079 
-0.375518 -0.926813 -0.001882 -0.925165 0.379538 0.004579 0.927469 -0.373873 -0.004567 0.396091 0.918210 0.001780 
-0.375474 -0.926830 -0.002139 -0.925185 0.379498 0.003741 0.927489 -0.373832 -0.003728 0.396049 0.918227 0.002055 
-0.375473 -0.926831 -0.001906 -0.925186 0.379499 0.003338 0.927490 -0.373833 -0.003327 0.396047 0.918228 0.001832 
-0.375473 -0.926832 -0.001678 -0.925187 0.379499 0.002958 0.927491 -0.373834 -0.002947 0.396047 0.918229 0.001612 
-0.375715 -0.926735 -0.001190 -0.925089 0.379744 0.002454 0.927394 -0.374078 -0.002446 0.396286 0.918126 0.001135 
-0.375272 -0.926882 -0.007786 -0.925263 0.379324 -0.001093 0.927566 -0.373658 0.001141 0.395848 0.918283 0.007809 
-0.375267 -0.926890 -0.007067 -0.925267 0.379315 -0.000838 0.927570 -0.373649 0.000881 0.395843 0.918291 0.007085 
-0.375269 -0.926894 -0.006402 -0.925267 0.379315 -0.000760 0.927570 -0.373649 0.000799 0.395845 0.918295 0.006418 
-0.375295 -0.926886 -0.006006 -0.925257 0.379340 -0.000880 0.927560 -0.373674 0.000917 0.395871 0.918286 0.006025 
-0.375296 -0.926889 -0.005455 -0.925256 0.379341 -0.001266 0.927559 -0.373675 0.001300 0.395871 0.918290 0.005482 
-0.375288 -0.926895 -0.005012 -0.925245 0.379344 -0.004425 0.927548 -0.373678 0.004456 0.395864 0.918295 0.005110 
-0.375276 -0.926901 -0.004692 -0.925198 0.379339 -0.010521 0.927500 -0.373673 0.010549 0.395852 0.918301 0.004926 
-0.375260 -0.926909 -0.004484 -0.925067 0.379308 -0.019383 0.927370 -0.373642 0.019410 0.395833 0.918309 0.004915 
-0.375243 -0.926916 -0.004324 -0.924825 0.379233 -0.029685 0.927127 -0.373567 0.029712 0.395810 0.918319 0.004985 
-0.375221 -0.926926 -0.004185 -0.924470 0.379108 -0.040402 0.926773 -0.373441 0.040428 0.395779 0.918332 0.005085 
-0.375193 -0.926938 -0.004065 -0.923988 0.378925 -0.051587 0.926290 -0.373259 0.051612 0.395742 0.918347 0.005214 
-0.375169 -0.926948 -0.003938 -0.923371 0.378687 -0.063106 0.925673 -0.373020 0.063130 0.395702 0.918363 0.005345 
-0.375143 -0.926960 -0.003720 -0.922614 0.378383 -0.074902 0.924915 -0.372716 0.074925 0.395660 0.918381 0.005390 
-0.375117 -0.926971 -0.003524 -0.921704 0.378015 -0.086985 0.924006 -0.372348 0.087007 0.395613 0.918401 0.005464 
-0.375092 -0.926981 -0.003348 -0.920625 0.377577 -0.099429 0.922926 -0.371910 0.099450 0.395564 0.918422 0.005565 
-0.375065 -0.926993 -0.003188 -0.919350 0.377057 -0.112357 0.921651 -0.371391 0.112378 0.395510 0.918444 0.005693 
-0.375039 -0.927004 -0.003042 -0.917842 0.376443 -0.125919 0.920144 -0.370777 0.125939 0.395451 0.918469 0.005849 
-0.375001 -0.927021 -0.002633 -0.916086 0.375674 -0.140199 0.918387 -0.370007 0.140216 0.395372 0.918503 0.005759 
-0.374961 -0.927039 -0.001892 -0.914045 0.374720 -0.155266 0.916345 -0.369053 0.155279 0.395287 0.918542 0.005354 
-0.374929 -0.927053 -0.001080 -0.911642 0.373594 -0.171279 0.913942 -0.367928 0.171288 0.395203 0.918581 0.004900 
-0.374911 -0.927060 -0.000500 -0.908804 0.372328 -0.188275 0.911104 -0.366661 0.188280 0.395121 0.918617 0.004698 
-0.374904 -0.927063 -0.000436 -0.905444 0.370955 -0.206310 0.907744 -0.365288 0.206314 0.395037 0.918651 0.005036 
-0.374839 -0.927090 -0.000371 -0.901513 0.369286 -0.225615 0.903813 -0.363618 0.225619 0.394884 0.918715 0.005402 
-0.374832 -0.927093 -0.000295 -0.896811 0.367365 -0.246523 0.899110 -0.361698 0.246526 0.394774 0.918760 0.005793 
-0.374827 -0.927095 -0.000215 -0.891228 0.365086 -0.269118 0.893528 -0.359419 0.269121 0.394643 0.918813 0.006216 
-0.374823 -0.927096 -0.000132 -0.884645 0.362400 -0.293377 0.886944 -0.356733 0.293380 0.394495 0.918874 0.006674 
-0.374706 -0.927144 -0.000094 -0.876934 0.359143 -0.319379 0.879233 -0.353476 0.319382 0.394204 0.918995 0.007216 
-0.374706 -0.927144 0.000018 -0.867884 0.355447 -0.347037 0.870183 -0.349779 0.347040 0.394003 0.919077 0.007720 
-0.374708 -0.927143 0.000128 -0.857304 0.351128 -0.376482 0.859603 -0.345460 0.376484 0.393769 0.919172 0.008268 
-0.374713 -0.927141 0.000236 -0.844979 0.346100 -0.407709 0.847277 -0.340432 0.407711 0.393499 0.919282 0.008856 
-0.374723 -0.927137 0.000347 -0.830644 0.340255 -0.440746 0.832943 -0.334587 0.440747 0.393187 0.919410 0.009481 
-0.374735 -0.927132 0.000462 -0.813993 0.333466 -0.475621 0.816292 -0.327798 0.475622 0.392830 0.919555 0.010144 
-0.373788 -0.927513 0.001343 -0.794956 0.324320 -0.512700 0.797249 -0.318650 0.512695 0.391457 0.920141 0.010091 
-0.372249 -0.928133 0.000647 -0.772848 0.314277 -0.551305 0.775130 -0.308602 0.551305 0.389427 0.920984 0.011647 
-0.371881 -0.928280 0.000927 -0.747561 0.303584 -0.590753 0.749842 -0.297908 0.590752 0.388493 0.921370 0.012247 
-0.368073 -0.929796 0.001380 -0.720916 0.289134 -0.629827 0.723173 -0.283449 0.629823 0.384093 0.923208 0.012665 
-0.358794 -0.933409 0.003776 -0.694220 0.268816 -0.667680 0.696420 -0.263109 0.667662 0.374220 0.927273 0.011114 
-0.349176 -0.936999 0.010435 -0.664283 0.244328 -0.706421 0.666424 -0.238599 0.706364 0.363937 0.931408 0.005319 
-0.339841 -0.940204 0.022895 -0.629308 0.213905 -0.747139 0.631391 -0.208156 0.747005 0.353824 0.935291 -0.006231 
-0.332124 -0.942477 0.037815 -0.587327 0.179930 -0.789096 0.589363 -0.174167 0.788871 0.345170 0.938322 -0.020213 
-0.536148 0.144561 -0.831653 -0.326937 -0.943615 0.051983 0.338843 0.940249 -0.033430 0.538152 -0.138791 0.831342 
-0.467828 0.114991 -0.876307 -0.329237 -0.942522 0.057057 0.339619 0.939815 -0.037507 0.469845 -0.109227 0.875965 
-0.392427 0.096035 -0.914756 -0.338259 -0.939658 0.051224 0.346958 0.937374 -0.030817 0.394499 -0.090288 0.914450 
-0.317296 0.084340 -0.944569 -0.351104 -0.935523 0.039020 0.358126 0.933501 -0.017951 0.319446 -0.078618 0.944338 
-0.239767 0.069059 -0.968371 -0.363006 -0.931367 0.027957 0.368297 0.929686 -0.006358 0.241990 -0.063364 0.968208 
-0.208441 -0.015488 -0.977912 -0.358837 -0.928487 0.095645 0.363431 0.928691 -0.073823 0.210637 0.021167 0.977335 
-0.222284 -0.081586 -0.971562 -0.336339 -0.928157 0.159375 0.341246 0.929835 -0.137685 0.224342 0.087264 0.970595 
-0.234077 -0.105755 -0.966449 -0.304961 -0.935067 0.180689 0.310136 0.937283 -0.159111 0.235943 0.111475 0.965352 
-0.258422 -0.108245 -0.959948 -0.290059 -0.938276 0.188423 0.295776 0.940548 -0.166988 0.260199 0.113984 0.958803 
-0.299301 -0.101428 -0.948752 -0.287085 -0.937762 0.195410 0.293717 0.939881 -0.174224 0.301059 0.107165 0.947565 
-0.317712 -0.100625 -0.942833 -0.292743 -0.934396 0.202991 0.299784 0.936498 -0.181936 0.319505 0.106341 0.941599 
-0.318482 -0.116026 -0.940801 -0.303486 -0.926697 0.221653 0.310541 0.929144 -0.200640 0.320342 0.121695 0.939453 
-0.320391 -0.148773 -0.935530 -0.316079 -0.912955 0.258085 0.323176 0.916134 -0.237184 0.322326 0.154358 0.933959 
-0.328187 -0.193952 -0.924487 -0.325783 -0.893904 0.307898 0.333052 0.898094 -0.287236 0.330183 0.199421 0.922611 
-0.339670 -0.237401 -0.910091 -0.330654 -0.873962 0.356171 0.338179 0.879124 -0.335822 0.341695 0.242748 0.907920 
-0.357431 -0.268171 -0.894610 -0.329337 -0.858212 0.393711 0.337258 0.864062 -0.373702 0.359448 0.273422 0.892209 
-0.384703 -0.291708 -0.875734 -0.322890 -0.844133 0.427998 0.331419 0.850510 -0.408405 0.386681 0.296873 0.873123 
-0.396500 -0.325597 -0.858356 -0.319490 -0.825258 0.465698 0.328282 0.832394 -0.446487 0.398458 0.330647 0.855514 
0.730559 -0.658921 -0.179181 0.822341 -0.069973 -0.564676 -0.345403 -0.130233 -0.929374 -0.902932 -0.068154 0.424344 0.326644 0.822700 -0.465262 0.410571 0.343833 0.844518 
0.736932 -0.650549 -0.183621 0.807927 -0.092710 -0.581944 -0.380382 -0.174545 -0.908209 -0.895319 -0.049795 0.442633 0.322952 0.819179 -0.473969 0.417952 0.349721 0.838458 
0.741853 -0.643411 -0.188882 0.796913 -0.112881 -0.593454 -0.405949 -0.206728 -0.890207 -0.889754 -0.033725 0.455194 0.322051 0.814764 -0.482124 0.422265 0.355932 0.833669 
0.742168 -0.640673 -0.196784 0.789358 -0.129392 -0.600143 -0.425556 -0.223642 -0.876862 -0.886435 -0.020428 0.462401 0.326597 0.808774 -0.489100 0.425478 0.360032 0.830268 
0.738715 -0.640925 -0.208605 0.784091 -0.142413 -0.604086 -0.444318 -0.230330 -0.865754 -0.884584 -0.010025 0.466274 0.333746 0.803070 -0.493651 0.427098 0.361838 0.828650 
0.733842 -0.641642 -0.223096 0.779838 -0.153820 -0.606789 -0.462658 -0.231610 -0.855748 -0.883635 -0.000874 0.468176 0.342724 0.798304 -0.495229 0.427697 0.360694 0.828840 
0.728732 -0.640998 -0.240981 0.775867 -0.164072 -0.609188 -0.481204 -0.228944 -0.846184 -0.883466 0.007635 0.468434 0.354349 0.795792 -0.491073 0.426257 0.354103 0.832416 
0.723958 -0.637577 -0.263401 0.771937 -0.173308 -0.611619 -0.500791 -0.223143 -0.836311 -0.883993 0.015494 0.467243 0.367899 0.796006 -0.480650 0.422677 0.341718 0.839389 
0.719150 -0.630954 -0.291067 0.767975 -0.181873 -0.614114 -0.522014 -0.214117 -0.825624 -0.885244 0.022966 0.464560 0.383370 0.798493 -0.464150 0.417126 0.323549 0.849307 
0.401237 0.802421 -0.441734 0.409443 0.299632 0.861729 -0.544877 -0.201277 -0.814000 -0.887414 0.030438 0.459967 0.713508 -0.621233 -0.324000 0.764170 -0.190109 -0.616362 
0.420276 0.804343 -0.420000 0.403092 0.275063 0.872844 -0.572406 -0.183035 -0.799281 -0.890379 0.037504 0.453672 0.703507 -0.610369 -0.364044 0.761914 -0.197656 -0.616781 
0.435354 0.808412 -0.396153 0.400669 0.246430 0.882461 -0.584618 -0.146998 -0.797880 -0.894560 0.035685 0.445520 0.693218 -0.601451 -0.397122 0.764684 -0.192755 -0.614901 
0.447910 0.815885 -0.365662 0.379110 0.223776 0.897886 -0.585574 -0.100555 -0.804358 -0.906020 0.023445 0.422585 0.682229 -0.597042 -0.422024 0.781208 -0.177222 -0.598587 
0.458193 0.822803 -0.336236 0.358668 0.201936 0.911361 -0.577846 -0.055204 -0.814277 -0.916583 0.006459 0.399792 0.674499 -0.594032 -0.438381 0.798404 -0.155316 -0.581746 
0.674589 -0.589035 -0.444935 0.814190 -0.131426 -0.565528 -0.558446 -0.013026 -0.829438 -0.925663 -0.011520 0.378174 0.464946 0.830442 -0.306906 0.340664 0.179327 0.922925 
-0.937511 -0.026045 0.346980 0.675858 -0.582016 -0.452188 0.823547 -0.111063 -0.556269 0.468760 0.836662 -0.283304 0.330225 0.158801 0.930448 
-0.940861 -0.034185 0.337064 0.471791 0.842117 -0.261252 0.320517 0.139657 0.936891 0.682511 -0.573856 -0.452624 0.829478 -0.097799 -0.549911 
-0.943525 -0.038707 0.329031 0.474034 0.846814 -0.241242 0.311646 0.122397 0.942282 0.691760 -0.563751 -0.451279 0.833569 -0.089329 -0.545145 
-0.945646 -0.041567 0.322530 0.475835 0.850623 -0.223654 0.304124 0.107048 0.946599 0.699628 -0.554847 -0.450183 0.824683 -0.081765 -0.559654 0.505994 -0.060109 0.860440 
-0.947462 -0.044490 0.316761 0.477194 0.853544 -0.209162 0.298074 0.094310 0.949872 0.827567 -0.075795 -0.556227 0.704577 -0.548292 -0.450496 0.498821 -0.068861 0.863965 
-0.948989 -0.047618 0.311693 0.478140 0.855698 -0.197896 0.293384 0.084411 0.952261 0.830255 -0.070158 -0.552951 0.706911 -0.543711 -0.452389 0.494372 -0.077604 0.865780 
-0.950076 -0.049892 0.308003 0.478773 0.857176 -0.189805 0.290020 0.077299 0.953894 0.832207 -0.066056 -0.550517 0.708419 -0.540520 -0.453852 0.491281 -0.084041 0.866937 
-0.950695 -0.051202 0.305872 0.479065 0.858037 -0.185118 0.288095 0.073184 0.954801 0.833347 -0.063660 -0.549072 0.709140 -0.538869 -0.454688 0.489528 -0.087816 0.867554 
-0.950900 -0.051633 0.305162 0.479172 0.858308 -0.183579 0.287457 0.071832 0.955096 0.833720 -0.062880 -0.548596 0.709434 -0.538252 -0.454959 0.488932 -0.089048 0.867765 
-0.950725 -0.051264 0.305768 0.479067 0.858085 -0.184891 0.288003 0.072987 0.954844 0.833405 -0.063544 -0.548997 0.709174 -0.538802 -0.454714 0.489431 -0.087998 0.867591 
-0.950167 -0.050089 0.307692 0.478727 0.857369 -0.189049 0.289740 0.076644 0.954032 0.832405 -0.065649 -0.550265 0.708346 -0.540543 -0.453937 0.491005 -0.084677 0.867032 
-0.949210 -0.048077 0.310947 0.478132 0.856116 -0.196100 0.292686 0.082845 0.952613 0.830701 -0.069236 -0.552397 0.706946 -0.543491 -0.452598 0.493686 -0.079040 0.866041 
-0.947830 -0.045174 0.315559 0.477245 0.854252 -0.206131 0.296879 0.091664 0.950505 0.828260 -0.074369 -0.555386 0.704956 -0.547679 -0.450650 0.497498 -0.071018 0.864553 
-0.945991 -0.041304 0.321552 0.476017 0.851669 -0.219245 0.302359 0.103193 0.947592 0.702362 -0.553137 -0.448026 0.825042 -0.081140 -0.559215 0.502482 -0.060528 0.862466 
-0.943642 -0.036362 0.328965 0.474375 0.848213 -0.235591 0.309188 0.117561 0.943707 0.699137 -0.559920 -0.444631 0.832959 -0.090803 -0.545833 
-0.940720 -0.030214 0.337837 0.472224 0.843687 -0.255338 0.317437 0.134916 0.938633 0.695261 -0.568078 -0.440341 0.828151 -0.100919 -0.551345 
-0.937145 -0.022691 0.348203 0.469442 0.837830 -0.278684 0.327186 0.155429 0.932090 0.690698 -0.577677 -0.435000 0.822372 -0.113079 -0.557600 
0.685425 -0.588776 -0.428411 0.815516 -0.127505 -0.564514 -0.535472 -0.008885 -0.844506 -0.925776 -0.013460 0.377832 0.465883 0.830309 -0.305845 0.338524 0.179285 0.923720 
0.680022 -0.598234 -0.423894 0.806335 -0.143537 -0.573778 -0.549208 -0.032595 -0.835050 -0.919963 -0.002291 0.391999 0.464119 0.820740 -0.333135 0.349983 0.202628 0.914579 
0.678438 -0.603784 -0.418530 0.794547 -0.159651 -0.585838 -0.560554 -0.057203 -0.826140 -0.913149 0.010724 0.407486 0.462173 0.813407 -0.353222 0.364367 0.215925 0.905877 
0.460422 0.807659 -0.368372 0.376734 0.224879 0.898610 -0.565149 -0.077749 -0.821317 -0.907345 0.023232 0.419744 0.678654 -0.609874 -0.409247 0.784698 -0.173694 -0.595045 
0.458384 0.802964 -0.380963 0.386824 0.232515 0.892358 -0.567416 -0.092848 -0.818180 -0.902540 0.033287 0.429317 0.678034 -0.616488 -0.400266 0.777104 -0.184607 -0.601689 
0.456079 0.799413 -0.391063 0.395331 0.238483 0.887040 -0.570215 -0.103365 -0.814967 -0.898632 0.040898 0.436793 0.675660 -0.623292 -0.393688 0.771325 -0.192635 -0.606588 
0.455433 0.797889 -0.394909 0.399863 0.239769 0.884659 -0.571331 -0.111194 -0.813152 -0.895950 0.046617 0.441702 0.674336 -0.628352 -0.387871 0.767184 -0.197795 -0.610169 
0.455949 0.798138 -0.393810 0.399965 0.238328 0.885001 -0.569189 -0.115272 -0.814086 -0.895112 0.049455 0.443090 0.674930 -0.630973 -0.382547 0.765785 -0.199639 -0.611324 
0.457527 0.799716 -0.388745 0.396916 0.234385 0.887424 -0.564317 -0.113886 -0.817665 -0.896292 0.048814 0.440769 0.677000 -0.630657 -0.379398 0.767402 -0.197821 -0.609886 
0.459851 0.802260 -0.380678 0.392370 0.227928 0.891120 -0.558383 -0.106484 -0.822721 -0.899056 0.045058 0.435509 0.679502 -0.627631 -0.379943 0.771350 -0.192832 -0.606494 
0.462288 0.805035 -0.371763 0.387581 0.220646 0.895040 -0.552202 -0.095499 -0.828223 -0.902697 0.039332 0.428476 0.682418 -0.622455 -0.383217 0.776662 -0.186084 -0.601805 
0.465476 0.808780 -0.359453 0.380835 0.210702 0.900316 -0.546838 -0.083495 -0.833065 -0.906801 0.033003 0.420265 0.684680 -0.617256 -0.387567 0.782541 -0.178170 -0.596561 
0.469597 0.813368 -0.343383 0.372226 0.197536 0.906878 -0.539437 -0.070850 -0.839040 -0.911287 0.026319 0.410929 0.688002 -0.611564 -0.390695 0.788889 -0.169035 -0.590831 
0.473631 0.817758 -0.327025 0.363691 0.183961 0.913174 -0.530765 -0.055197 -0.845720 -0.915989 0.019025 0.400752 0.691410 -0.605300 -0.394416 0.795834 -0.159162 -0.584222 
0.476144 0.820469 -0.316413 0.358036 0.175230 0.917118 -0.529157 -0.038726 -0.847640 -0.919235 0.010961 0.393557 0.689892 -0.601224 -0.403210 0.801276 -0.149443 -0.579331 
0.476773 0.822593 -0.309884 0.353112 0.171091 0.919804 -0.529844 -0.025013 -0.847726 -0.921811 0.003165 0.387628 0.687359 -0.598183 -0.411964 0.806098 -0.140962 -0.574749 
0.476798 0.823789 -0.306652 0.349498 0.169909 0.921402 -0.531985 -0.016630 -0.846591 -0.923479 -0.002055 0.383643 0.685326 -0.595662 -0.418946 0.809286 -0.135826 -0.571496 
0.476645 0.823860 -0.306701 0.348016 0.171005 0.921760 -0.534181 -0.013633 -0.845260 -0.924113 -0.004290 0.382094 0.683950 -0.594630 -0.422643 0.810590 -0.134071 -0.570060 
0.476013 0.822789 -0.310532 0.349092 0.174746 0.920651 -0.536359 -0.015830 -0.843841 -0.923639 -0.003580 0.383246 0.682778 -0.595858 -0.422809 0.810003 -0.135623 -0.570527 
0.681251 -0.599028 -0.420787 0.807936 -0.139917 -0.572418 -0.539409 -0.022165 -0.841752 -0.922247 -0.000687 0.386600 0.474877 0.820425 -0.318426 0.352416 0.181656 0.918044 
0.679740 -0.601939 -0.419074 0.804406 -0.146215 -0.575806 -0.544580 -0.031466 -0.838119 -0.920020 0.003560 0.391855 0.473350 0.817479 -0.328129 0.355729 0.190696 0.914927 
0.682817 -0.600561 -0.416039 0.800688 -0.152303 -0.579398 -0.546097 -0.041269 -0.836705 -0.918075 0.008521 0.396314 0.472595 0.816247 -0.332256 0.357622 0.194239 0.913443 
0.472877 0.816014 -0.332428 0.358475 0.193773 0.913207 -0.543068 -0.048100 -0.838310 -0.917116 0.013057 0.398407 0.686520 -0.600290 -0.410296 0.798511 -0.156662 -0.581238 
0.473609 0.816662 -0.329785 0.357925 0.190985 0.914010 -0.539046 -0.049683 -0.840810 -0.917151 0.015422 0.398242 0.688334 -0.601296 -0.405759 0.798236 -0.158062 -0.581236 
0.474019 0.817436 -0.327269 0.357182 0.188561 0.914804 -0.535796 -0.047860 -0.842990 -0.917569 0.015616 0.397270 0.687836 -0.603782 -0.402901 0.799011 -0.157183 -0.580409 
0.473977 0.817434 -0.327333 0.357220 0.188618 0.914777 -0.534002 -0.046318 -0.844214 -0.917610 0.014836 0.397206 0.687147 -0.605546 -0.401426 0.799425 -0.155975 -0.580164 
0.473967 0.817422 -0.327379 0.357247 0.188654 0.914759 -0.533807 -0.045584 -0.844377 -0.917656 0.014454 0.397113 0.686622 -0.606192 -0.401349 0.799619 -0.155481 -0.580030 
0.473928 0.817374 -0.327554 0.357418 0.188744 0.914674 -0.534071 -0.045282 -0.844226 -0.917698 0.014245 0.397022 0.686426 -0.606161 -0.401731 0.799708 -0.155320 -0.579950 
0.473925 0.817370 -0.327569 0.357427 0.188755 0.914668 -0.534253 -0.045057 -0.844123 -0.917719 0.014134 0.396978 0.686167 -0.606330 -0.401918 0.799763 -0.155201 -0.579907 
0.473923 0.817367 -0.327580 0.357446 0.188755 0.914660 -0.534281 -0.045029 -0.844107 -0.917722 0.014119 0.396971 0.686134 -0.606348 -0.401948 0.799771 -0.155186 -0.579900 
0.473921 0.817361 -0.327596 0.357453 0.188769 0.914655 -0.534287 -0.045040 -0.844102 -0.917720 0.014124 0.396977 0.686131 -0.606354 -0.401945 0.799768 -0.155194 -0.579902 
0.473919 0.817357 -0.327611 0.357460 0.188782 0.914650 -0.534294 -0.045054 -0.844097 -0.917718 0.014129 0.396982 0.686129 -0.606357 -0.401942 0.799764 -0.155201 -0.579905 
0.473917 0.817353 -0.327624 0.357467 0.188793 0.914644 -0.534295 -0.045061 -0.844096 -0.917716 0.014133 0.396987 0.686127 -0.606362 -0.401939 0.799761 -0.155208 -0.579907 
0.473915 0.817349 -0.327636 0.357472 0.188803 0.914640 -0.534306 -0.045071 -0.844089 -0.917714 0.014136 0.396991 0.686126 -0.606365 -0.401937 0.799759 -0.155214 -0.579909 
0.473913 0.817346 -0.327648 0.357477 0.188813 0.914636 -0.534307 -0.045078 -0.844088 -0.917712 0.014140 0.396995 0.686125 -0.606367 -0.401934 0.799756 -0.155219 -0.579911 
0.473912 0.817342 -0.327658 0.357482 0.188822 0.914633 -0.534318 -0.045084 -0.844080 -0.917710 0.014143 0.396998 0.686124 -0.606370 -0.401931 0.799754 -0.155224 -0.579913 
0.473910 0.817339 -0.327668 0.357487 0.188830 0.914629 -0.534314 -0.045092 -0.844083 -0.917709 0.014145 0.397001 0.686123 -0.606372 -0.401930 0.799752 -0.155228 -0.579914 
0.473907 0.817337 -0.327677 0.357491 0.188837 0.914626 -0.534320 -0.045098 -0.844079 -0.917708 0.014148 0.397004 0.686122 -0.606375 -0.401929 0.799750 -0.155232 -0.579916 
0.473911 0.817327 -0.327697 0.357510 0.188846 0.914617 -0.534316 -0.045102 -0.844081 -0.917706 0.014154 0.397009 0.686122 -0.606374 -0.401929 0.799746 -0.155242 -0.579919 
0.473921 0.817316 -0.327710 0.357533 0.188842 0.914609 -0.534369 -0.045047 -0.844050 -0.917712 0.014129 0.396995 0.686075 -0.606385 -0.401992 0.799757 -0.155218 -0.579910 
0.473920 0.817314 -0.327717 0.357537 0.188847 0.914606 -0.534371 -0.045050 -0.844049 -0.917711 0.014129 0.396997 0.686071 -0.606389 -0.401994 0.799756 -0.155220 -0.579911 
0.473919 0.817312 -0.327724 0.357540 0.188853 0.914603 -0.534376 -0.045053 -0.844045 -0.917710 0.014131 0.396999 0.686071 -0.606390 -0.401993 0.799755 -0.155223 -0.579912 
0.473918 0.817310 -0.327730 0.357543 0.188858 0.914601 -0.534377 -0.045057 -0.844045 -0.917709 0.014132 0.397001 0.686070 -0.606391 -0.401992 0.799754 -0.155225 -0.579913 
0.473918 0.817307 -0.327735 0.357546 0.188863 0.914599 -0.534377 -0.045060 -0.844044 -0.917709 0.014133 0.397003 0.686071 -0.606391 -0.401991 0.799753 -0.155228 -0.579914 
0.473916 0.817306 -0.327741 0.357550 0.188867 0.914597 -0.534383 -0.045060 -0.844041 -0.917708 0.014134 0.397004 0.686071 -0.606392 -0.401990 0.799752 -0.155230 -0.579914 
0.473915 0.817305 -0.327746 0.357552 0.188871 0.914595 -0.534383 -0.045064 -0.844040 -0.917707 0.014135 0.397006 0.686069 -0.606393 -0.401990 0.799751 -0.155231 -0.579915 
0.473914 0.817303 -0.327751 0.357555 0.188875 0.914593 -0.534383 -0.045067 -0.844040 -0.917707 0.014136 0.397007 0.686070 -0.606393 -0.401990 0.799750 -0.155233 -0.579916 
0.473913 0.817302 -0.327755 0.357557 0.188878 0.914592 -0.534389 -0.045071 -0.844036 -0.917706 0.014137 0.397008 0.686070 -0.606394 -0.401989 0.799750 -0.155235 -0.579916 
0.473913 0.817300 -0.327760 0.357560 0.188882 0.914590 -0.534389 -0.045074 -0.844036 -0.917706 0.014137 0.397009 0.686071 -0.606393 -0.401989 0.799749 -0.155236 -0.579917 
0.473912 0.817300 -0.327764 0.357563 0.188885 0.914588 -0.534389 -0.045074 -0.844036 -0.917705 0.014138 0.397010 0.686071 -0.606393 -0.401988 0.799748 -0.155237 -0.579917 
0.473912 0.817298 -0.327767 0.357565 0.188888 0.914587 -0.534389 -0.045078 -0.844035 -0.917705 0.014138 0.397011 0.686071 -0.606393 -0.401988 0.799748 -0.155239 -0.579917 
0.473910 0.817298 -0.327771 0.357567 0.188890 0.914585 -0.534390 -0.045078 -0.844035 -0.917705 0.014138 0.397012 0.686071 -0.606393 -0.401988 0.799747 -0.155240 -0.579918 
0.473910 0.817296 -0.327775 0.357570 0.188893 0.914584 -0.534385 -0.045078 -0.844038 -0.917704 0.014139 0.397013 0.686070 -0.606394 -0.401989 0.799747 -0.155240 -0.579918 
0.473908 0.817296 -0.327778 0.357572 0.188895 0.914582 -0.534385 -0.045081 -0.844038 -0.917704 0.014139 0.397013 0.686070 -0.606393 -0.401989 0.799747 -0.155241 -0.579918 
0.473908 0.817295 -0.327781 0.357574 0.188898 0.914581 -0.534396 -0.045078 -0.844031 -0.917704 0.014138 0.397013 0.686069 -0.606394 -0.401990 0.799747 -0.155241 -0.579918 
0.473907 0.817294 -0.327784 0.357576 0.188900 0.914580 -0.534398 -0.045071 -0.844030 -0.917705 0.014133 0.397012 0.686059 -0.606400 -0.401998 0.799749 -0.155236 -0.579917 
0.473908 0.817292 -0.327787 0.357578 0.188902 0.914579 -0.534407 -0.045057 -0.844026 -0.917706 0.014125 0.397009 0.686041 -0.606411 -0.402011 0.799753 -0.155228 -0.579914 
0.473906 0.817292 -0.327790 0.357580 0.188904 0.914577 -0.534431 -0.045040 -0.844011 -0.917707 0.014116 0.397006 0.686021 -0.606424 -0.402027 0.799757 -0.155219 -0.579910 
0.473905 0.817292 -0.327793 0.357582 0.188906 0.914576 -0.534445 -0.045022 -0.844003 -0.917709 0.014106 0.397002 0.686001 -0.606436 -0.402042 0.799762 -0.155209 -0.579907 
0.473919 0.817279 -0.327804 0.357609 0.188896 0.914568 -0.534507 -0.044925 -0.843969 -0.917719 0.014062 0.396982 0.685919 -0.606475 -0.402122 0.799781 -0.155162 -0.579892 
