0.906527 -0.422148 0.000000 -0.883360 -0.468695 -0.000000 0.037050 -0.999313 0.000000 0.443838 0.896107 0.000000 -0.467141 0.884183 0.000000 -0.125649 0.992075 0.000000 
0.906523 -0.422157 0.000000 -0.883439 -0.468547 -0.000000 0.036984 -0.999316 0.000000 0.443847 0.896103 0.000000 -0.466993 0.884261 0.000000 -0.125557 0.992086 0.000000 
0.906469 -0.422271 0.000000 -0.883734 -0.467989 -0.000000 0.037003 -0.999315 0.000000 0.443958 0.896048 0.000000 -0.466434 0.884556 0.000000 -0.125746 0.992062 0.000000 
0.906429 -0.422357 0.000000 -0.884002 -0.467483 -0.000000 0.036810 -0.999322 0.000000 0.444047 0.896004 0.000000 -0.465928 0.884823 0.000000 -0.125685 0.992070 0.000000 
0.906414 -0.422391 0.000000 -0.884562 -0.466423 -0.000000 0.036531 -0.999333 0.000000 0.444080 0.895987 0.000000 -0.464867 0.885380 0.000000 -0.125671 0.992072 0.000000 
0.906399 -0.422422 0.000000 -0.884871 -0.465835 -0.000000 0.036430 -0.999336 0.000000 0.444111 0.895972 0.000000 -0.464277 0.885690 0.000000 -0.125734 0.992064 0.000000 
0.906377 -0.422470 0.000000 -0.884958 -0.465671 -0.000000 0.036437 -0.999336 0.000000 0.444157 0.895949 0.000000 -0.464113 0.885776 0.000000 -0.125796 0.992056 0.000000 
0.906376 -0.422472 0.000000 -0.885201 -0.465210 -0.000000 0.036340 -0.999339 0.000000 0.444159 0.895948 0.000000 -0.463651 0.886018 0.000000 -0.125830 0.992052 0.000000 
0.906375 -0.422474 0.000000 -0.885438 -0.464757 -0.000000 0.036211 -0.999344 0.000000 0.444161 0.895947 0.000000 -0.463194 0.886257 0.000000 -0.125816 0.992054 0.000000 
0.906336 -0.422558 0.000000 -0.885958 -0.463765 -0.000000 0.035925 -0.999354 0.000000 0.444243 0.895906 0.000000 -0.462185 0.886784 0.000000 -0.125784 0.992058 0.000000 
0.905298 -0.424778 0.000000 -0.886928 -0.461908 -0.000000 0.035387 -0.999374 0.000000 0.446435 0.894816 0.000000 -0.460290 0.887769 0.000000 -0.125792 0.992057 0.000000 
0.903816 -0.427921 0.000000 -0.888431 -0.459010 -0.000000 0.034627 -0.999400 0.000000 0.449538 0.893261 0.000000 -0.457304 0.889310 0.000000 -0.125994 0.992031 0.000000 
0.901826 -0.432100 0.000000 -0.889869 -0.456216 -0.000000 0.033897 -0.999425 0.000000 0.453662 0.891174 0.000000 -0.454342 0.890827 0.000000 -0.126300 0.991992 0.000000 
0.900572 -0.434707 0.000000 -0.890675 -0.454641 -0.000000 0.033357 -0.999443 0.000000 0.456228 0.889863 0.000000 -0.452574 0.891727 0.000000 -0.126373 0.991983 0.000000 
0.899451 -0.437021 0.000000 -0.891338 -0.453339 -0.000000 0.032812 -0.999462 0.000000 0.458501 0.888694 0.000000 -0.451058 0.892495 0.000000 -0.126342 0.991987 0.000000 
0.898180 -0.439627 0.000000 -0.892120 -0.451799 -0.000000 0.032185 -0.999482 0.000000 0.461061 0.887369 0.000000 -0.449280 0.893391 0.000000 -0.126311 0.991991 0.000000 
0.896823 -0.442390 0.000000 -0.893011 -0.450034 -0.000000 0.031489 -0.999504 0.000000 0.463772 0.885955 0.000000 -0.447261 0.894404 0.000000 -0.126280 0.991995 0.000000 
0.895406 -0.445251 0.000000 -0.893960 -0.448147 -0.000000 0.030754 -0.999527 0.000000 0.466580 0.884479 0.000000 -0.445108 0.895477 0.000000 -0.126249 0.991999 0.000000 
0.893882 -0.448303 0.000000 -0.895015 -0.446036 -0.000000 0.029947 -0.999551 0.000000 0.469573 0.882893 0.000000 -0.442716 0.896662 0.000000 -0.126218 0.992002 0.000000 
0.892322 -0.451399 0.000000 -0.896136 -0.443780 -0.000000 0.029098 -0.999577 0.000000 0.472614 0.881270 0.000000 -0.440176 0.897912 0.000000 -0.126187 0.992006 0.000000 
0.890814 -0.454369 0.000000 -0.897244 -0.441535 -0.000000 0.028258 -0.999601 0.000000 0.475532 0.879699 0.000000 -0.437649 0.899146 0.000000 -0.126156 0.992010 0.000000 
0.889456 -0.457021 0.000000 -0.898239 -0.439507 -0.000000 0.027494 -0.999622 0.000000 0.478136 0.878286 0.000000 -0.435356 0.900258 0.000000 -0.126129 0.992014 0.000000 
0.888350 -0.459168 0.000000 -0.899031 -0.437885 -0.000000 0.026871 -0.999639 0.000000 0.480244 0.877135 0.000000 -0.433495 0.901156 0.000000 -0.126106 0.992017 0.000000 
0.887583 -0.460647 0.000000 -0.899549 -0.436821 -0.000000 0.026438 -0.999650 0.000000 0.481693 0.876340 0.000000 -0.432224 0.901766 0.000000 -0.126089 0.992019 0.000000 
0.887206 -0.461373 0.000000 -0.899766 -0.436372 -0.000000 0.026215 -0.999656 0.000000 0.482402 0.875950 0.000000 -0.431613 0.902059 0.000000 -0.126078 0.992020 0.000000 
0.887108 -0.461562 0.000000 -0.899752 -0.436401 -0.000000 0.026166 -0.999658 0.000000 0.482584 0.875850 0.000000 -0.431531 0.902098 0.000000 -0.126074 0.992021 0.000000 
0.887095 -0.461586 0.000000 -0.899721 -0.436465 -0.000000 0.026162 -0.999658 0.000000 0.482606 0.875837 0.000000 -0.431548 0.902090 0.000000 -0.126073 0.992021 0.000000 
0.887098 -0.461581 0.000000 -0.899720 -0.436467 -0.000000 0.026165 -0.999658 0.000000 0.482604 0.875839 0.000000 -0.431559 0.902085 0.000000 -0.126073 0.992021 0.000000 
0.887108 -0.461561 0.000000 -0.899722 -0.436463 -0.000000 0.026177 -0.999657 0.000000 0.482595 0.875844 0.000000 -0.431590 0.902070 0.000000 -0.126073 0.992021 0.000000 
0.887127 -0.461526 0.000000 -0.899724 -0.436460 -0.000000 0.026197 -0.999657 0.000000 0.482577 0.875853 0.000000 -0.431646 0.902043 0.000000 -0.126072 0.992021 0.000000 
0.887149 -0.461484 0.000000 -0.899729 -0.436448 -0.000000 0.026226 -0.999656 0.000000 0.482553 0.875867 0.000000 -0.431719 0.902008 0.000000 -0.126071 0.992021 0.000000 
0.887172 -0.461439 0.000000 -0.899728 -0.436450 -0.000000 0.026271 -0.999655 0.000000 0.482527 0.875881 0.000000 -0.431830 0.901955 0.000000 -0.126072 0.992021 0.000000 
0.887215 -0.461357 0.000000 -0.899714 -0.436480 -0.000000 0.026332 -0.999653 0.000000 0.482462 0.875917 0.000000 -0.431988 0.901879 0.000000 -0.126071 0.992021 0.000000 
0.887340 -0.461116 0.000000 -0.899659 -0.436593 -0.000000 0.026423 -0.999651 0.000000 0.482244 0.876037 0.000000 -0.432253 0.901752 0.000000 -0.126059 0.992023 0.000000 
0.887586 -0.460642 0.000000 -0.899504 -0.436912 -0.000000 0.026577 -0.999647 0.000000 0.481792 0.876286 0.000000 -0.432750 0.901514 0.000000 -0.126030 0.992026 0.000000 
0.887705 -0.460412 0.000000 -0.899383 -0.437161 -0.000000 0.026730 -0.999643 0.000000 0.481575 0.876405 0.000000 -0.433193 0.901301 0.000000 -0.126022 0.992027 0.000000 
0.887725 -0.460375 0.000000 -0.899431 -0.437062 -0.000000 0.026795 -0.999641 0.000000 0.481549 0.876419 0.000000 -0.433289 0.901255 0.000000 -0.126027 0.992027 0.000000 
0.887731 -0.460362 0.000000 -0.899485 -0.436951 -0.000000 0.026833 -0.999640 0.000000 0.481546 0.876421 0.000000 -0.433389 0.901207 0.000000 -0.125977 0.992033 0.000000 
0.887737 -0.460350 0.000000 -0.899610 -0.436694 -0.000000 0.026879 -0.999639 0.000000 0.481543 0.876422 0.000000 -0.433363 0.901219 0.000000 -0.125987 0.992032 0.000000 
0.887745 -0.460336 0.000000 -0.899742 -0.436422 -0.000000 0.026925 -0.999637 0.000000 0.481539 0.876425 0.000000 -0.433334 0.901233 0.000000 -0.125986 0.992032 0.000000 
0.887751 -0.460323 0.000000 -0.899900 -0.436096 -0.000000 0.026967 -0.999636 0.000000 0.481534 0.876427 0.000000 -0.433263 0.901267 0.000000 -0.125986 0.992032 0.000000 
0.887793 -0.460244 0.000000 -0.900028 -0.435831 -0.000000 0.027031 -0.999635 0.000000 0.481464 0.876466 0.000000 -0.433254 0.901272 0.000000 -0.125988 0.992032 0.000000 
0.888205 -0.459447 0.000000 -0.899850 -0.436200 -0.000000 0.027177 -0.999631 0.000000 0.480682 0.876895 0.000000 -0.433874 0.900974 0.000000 -0.125851 0.992049 0.000000 
0.888782 -0.458330 0.000000 -0.899356 -0.437217 -0.000000 0.027432 -0.999624 0.000000 0.479580 0.877498 0.000000 -0.435124 0.900370 0.000000 -0.125621 0.992078 0.000000 
0.889561 -0.456817 0.000000 -0.898708 -0.438548 -0.000000 0.027593 -0.999619 0.000000 0.478090 0.878311 0.000000 -0.436642 0.899636 0.000000 -0.125190 0.992133 0.000000 
0.889598 -0.456745 0.000000 -0.897793 -0.440418 -0.000000 0.028179 -0.999603 0.000000 0.478017 0.878350 0.000000 -0.438658 0.898654 0.000000 -0.125193 0.992132 0.000000 
0.889787 -0.456377 0.000000 -0.897134 -0.441758 -0.000000 0.028671 -0.999589 0.000000 0.477656 0.878547 0.000000 -0.440093 0.897952 0.000000 -0.125269 0.992123 0.000000 
0.889835 -0.456282 0.000000 -0.896649 -0.442741 -0.000000 0.028956 -0.999581 0.000000 0.477560 0.878599 0.000000 -0.441138 0.897439 0.000000 -0.125233 0.992127 0.000000 
0.889914 -0.456129 0.000000 -0.896110 -0.443832 -0.000000 0.029199 -0.999574 0.000000 0.477410 0.878680 0.000000 -0.442253 0.896891 0.000000 -0.125128 0.992141 0.000000 
0.890154 -0.455661 0.000000 -0.895819 -0.444419 -0.000000 0.028999 -0.999579 0.000000 0.476948 0.878932 0.000000 -0.442841 0.896600 0.000000 -0.124536 0.992215 0.000000 
0.890418 -0.455144 0.000000 -0.895707 -0.444644 -0.000000 0.028856 -0.999584 0.000000 0.476439 0.879208 0.000000 -0.443067 0.896488 0.000000 -0.124194 0.992258 0.000000 
0.890619 -0.454751 0.000000 -0.895738 -0.444582 -0.000000 0.028757 -0.999586 0.000000 0.476048 0.879419 0.000000 -0.443006 0.896518 0.000000 -0.124032 0.992278 0.000000 
0.890753 -0.454487 0.000000 -0.895756 -0.444546 -0.000000 0.028672 -0.999589 0.000000 0.475789 0.879560 0.000000 -0.442971 0.896536 0.000000 -0.123918 0.992292 0.000000 
0.890874 -0.454250 0.000000 -0.895754 -0.444549 -0.000000 0.028681 -0.999589 0.000000 0.475554 0.879687 0.000000 -0.442974 0.896534 0.000000 -0.123931 0.992291 0.000000 
0.891439 -0.453140 0.000000 -0.895357 -0.445348 -0.000000 0.028704 -0.999588 0.000000 0.474458 0.880278 0.000000 -0.443778 0.896137 0.000000 -0.123668 0.992324 0.000000 
0.892466 -0.451116 0.000000 -0.894537 -0.446994 -0.000000 0.028731 -0.999587 0.000000 0.472459 0.881352 0.000000 -0.445429 0.895317 0.000000 -0.123103 0.992394 0.000000 
0.893421 -0.449221 0.000000 -0.893713 -0.448640 -0.000000 0.028759 -0.999586 0.000000 0.470590 0.882352 0.000000 -0.447079 0.894495 0.000000 -0.122541 0.992463 0.000000 
0.894252 -0.447565 0.000000 -0.893000 -0.450056 -0.000000 0.028783 -0.999586 0.000000 0.468953 0.883223 0.000000 -0.448497 0.893784 0.000000 -0.122061 0.992523 0.000000 
0.895045 -0.445975 0.000000 -0.892300 -0.451443 -0.000000 0.028804 -0.999585 0.000000 0.467384 0.884054 0.000000 -0.449887 0.893085 0.000000 -0.121585 0.992581 0.000000 
0.895734 -0.444591 0.000000 -0.891679 -0.452669 -0.000000 0.028819 -0.999585 0.000000 0.466016 0.884776 0.000000 -0.451113 0.892467 0.000000 -0.121159 0.992633 0.000000 
0.896277 -0.443494 0.000000 -0.891154 -0.453700 -0.000000 0.028830 -0.999584 0.000000 0.464932 0.885346 0.000000 -0.452146 0.891944 0.000000 -0.120796 0.992677 0.000000 
0.896625 -0.442791 0.000000 -0.890850 -0.454298 -0.000000 0.028836 -0.999584 0.000000 0.464238 0.885710 0.000000 -0.452745 0.891640 0.000000 -0.120585 0.992703 0.000000 
0.896640 -0.442761 0.000000 -0.890839 -0.454319 -0.000000 0.028835 -0.999584 0.000000 0.464208 0.885726 0.000000 -0.452763 0.891631 0.000000 -0.120578 0.992704 0.000000 
0.896643 -0.442755 0.000000 -0.890835 -0.454326 -0.000000 0.028834 -0.999584 0.000000 0.464202 0.885729 0.000000 -0.452769 0.891628 0.000000 -0.120573 0.992704 0.000000 
0.896646 -0.442749 0.000000 -0.890836 -0.454326 -0.000000 0.028829 -0.999584 0.000000 0.464198 0.885732 0.000000 -0.452767 0.891629 0.000000 -0.120563 0.992706 0.000000 
0.896659 -0.442723 0.000000 -0.890827 -0.454343 -0.000000 0.028761 -0.999586 0.000000 0.464173 0.885745 0.000000 -0.452784 0.891620 0.000000 -0.120461 0.992718 0.000000 
0.896661 -0.442717 0.000000 -0.890821 -0.454354 -0.000000 0.028748 -0.999587 0.000000 0.464167 0.885748 0.000000 -0.452793 0.891615 0.000000 -0.120432 0.992722 0.000000 
0.896663 -0.442713 0.000000 -0.890821 -0.454355 -0.000000 0.028740 -0.999587 0.000000 0.464161 0.885751 0.000000 -0.452794 0.891615 0.000000 -0.120413 0.992724 0.000000 
0.896666 -0.442708 0.000000 -0.890821 -0.454354 -0.000000 0.028728 -0.999587 0.000000 0.464156 0.885754 0.000000 -0.452791 0.891617 0.000000 -0.120388 0.992727 0.000000 
0.896668 -0.442704 0.000000 -0.890821 -0.454355 -0.000000 0.028717 -0.999588 0.000000 0.464151 0.885756 0.000000 -0.452792 0.891616 0.000000 -0.120363 0.992730 0.000000 
0.896673 -0.442693 0.000000 -0.890817 -0.454363 -0.000000 0.028641 -0.999590 0.000000 0.464142 0.885761 0.000000 -0.452798 0.891613 0.000000 -0.120251 0.992744 0.000000 
0.896675 -0.442690 0.000000 -0.890880 -0.454238 -0.000000 0.028580 -0.999591 0.000000 0.464138 0.885763 0.000000 -0.452673 0.891677 0.000000 -0.120207 0.992749 0.000000 
0.896677 -0.442686 0.000000 -0.891174 -0.453662 -0.000000 0.028349 -0.999598 0.000000 0.464134 0.885765 0.000000 -0.452095 0.891970 0.000000 -0.120102 0.992762 0.000000 
0.896831 -0.442373 0.000000 -0.891383 -0.453250 -0.000000 0.028050 -0.999607 0.000000 0.463823 0.885928 0.000000 -0.451684 0.892178 0.000000 -0.119821 0.992796 0.000000 
0.897094 -0.441840 0.000000 -0.891588 -0.452848 -0.000000 0.027737 -0.999615 0.000000 0.463296 0.886204 0.000000 -0.451283 0.892381 0.000000 -0.119503 0.992834 0.000000 
0.897176 -0.441673 0.000000 -0.891647 -0.452731 -0.000000 0.027744 -0.999615 0.000000 0.463129 0.886291 0.000000 -0.451163 0.892442 0.000000 -0.119533 0.992830 0.000000 
0.897236 -0.441552 0.000000 -0.891296 -0.453422 -0.000000 0.027563 -0.999620 0.000000 0.463012 0.886352 0.000000 -0.451862 0.892088 0.000000 -0.118963 0.992899 0.000000 
0.897236 -0.441551 0.000000 -0.891281 -0.453450 -0.000000 0.027559 -0.999620 0.000000 0.463011 0.886352 0.000000 -0.451888 0.892075 0.000000 -0.118946 0.992901 0.000000 
0.897257 -0.441508 0.000000 -0.891262 -0.453489 -0.000000 0.027561 -0.999620 0.000000 0.462970 0.886374 0.000000 -0.451926 0.892056 0.000000 -0.118929 0.992903 0.000000 
0.897258 -0.441507 0.000000 -0.891258 -0.453497 -0.000000 0.027561 -0.999620 0.000000 0.462968 0.886375 0.000000 -0.451932 0.892053 0.000000 -0.118926 0.992903 0.000000 
0.897258 -0.441506 0.000000 -0.891253 -0.453505 -0.000000 0.027560 -0.999620 0.000000 0.462967 0.886375 0.000000 -0.451939 0.892049 0.000000 -0.118920 0.992904 0.000000 
0.897271 -0.441481 0.000000 -0.891281 -0.453451 -0.000000 0.027466 -0.999623 0.000000 0.462941 0.886389 0.000000 -0.451883 0.892077 0.000000 -0.118787 0.992920 0.000000 
0.897438 -0.441141 0.000000 -0.891229 -0.453553 -0.000000 0.027347 -0.999626 0.000000 0.462607 0.886563 0.000000 -0.451985 0.892026 0.000000 -0.118572 0.992945 0.000000 
0.897458 -0.441100 0.000000 -0.891119 -0.453770 -0.000000 0.027511 -0.999621 0.000000 0.462566 0.886585 0.000000 -0.452197 0.891918 0.000000 -0.118700 0.992930 0.000000 
0.897458 -0.441099 0.000000 -0.891137 -0.453733 -0.000000 0.027443 -0.999623 0.000000 0.462565 0.886585 0.000000 -0.452160 0.891937 0.000000 -0.118604 0.992942 0.000000 
0.897459 -0.441098 0.000000 -0.891152 -0.453706 -0.000000 0.027436 -0.999624 0.000000 0.462564 0.886586 0.000000 -0.452133 0.891951 0.000000 -0.118603 0.992942 0.000000 
0.897588 -0.440835 0.000000 -0.891168 -0.453673 -0.000000 0.027330 -0.999626 0.000000 0.462306 0.886721 0.000000 -0.452098 0.891968 0.000000 -0.118477 0.992957 0.000000 
0.897589 -0.440834 0.000000 -0.891175 -0.453659 -0.000000 0.027325 -0.999627 0.000000 0.462304 0.886721 0.000000 -0.452086 0.891974 0.000000 -0.118475 0.992957 0.000000 
0.897589 -0.440833 0.000000 -0.891186 -0.453638 -0.000000 0.027318 -0.999627 0.000000 0.462303 0.886722 0.000000 -0.452066 0.891985 0.000000 -0.118473 0.992957 0.000000 
0.897595 -0.440822 0.000000 -0.891086 -0.453835 -0.000000 0.027358 -0.999626 0.000000 0.462292 0.886728 0.000000 -0.452262 0.891885 0.000000 -0.118425 0.992963 0.000000 
0.897596 -0.440819 0.000000 -0.891101 -0.453805 -0.000000 0.027349 -0.999626 0.000000 0.462290 0.886729 0.000000 -0.452233 0.891900 0.000000 -0.118423 0.992963 0.000000 
0.897597 -0.440818 0.000000 -0.891113 -0.453781 -0.000000 0.027341 -0.999626 0.000000 0.462289 0.886730 0.000000 -0.452211 0.891911 0.000000 -0.118420 0.992964 0.000000 
0.897634 -0.440741 0.000000 -0.891131 -0.453745 -0.000000 0.027299 -0.999627 0.000000 0.462211 0.886770 0.000000 -0.452176 0.891929 0.000000 -0.118364 0.992970 0.000000 
0.897603 -0.440804 0.000000 -0.891167 -0.453676 -0.000000 0.027361 -0.999626 0.000000 0.462273 0.886738 0.000000 -0.452106 0.891964 0.000000 -0.118470 0.992958 0.000000 
0.897607 -0.440797 0.000000 -0.891091 -0.453825 -0.000000 0.027337 -0.999626 0.000000 0.462266 0.886741 0.000000 -0.452257 0.891888 0.000000 -0.118364 0.992970 0.000000 
0.897612 -0.440787 0.000000 -0.890957 -0.454087 -0.000000 0.027541 -0.999621 0.000000 0.462256 0.886746 0.000000 -0.452514 0.891757 0.000000 -0.118535 0.992950 0.000000 
0.897612 -0.440786 0.000000 -0.890986 -0.454030 -0.000000 0.027521 -0.999621 0.000000 0.462255 0.886747 0.000000 -0.452459 0.891785 0.000000 -0.118520 0.992952 0.000000 
0.897672 -0.440665 0.000000 -0.890831 -0.454334 -0.000000 0.027487 -0.999622 0.000000 0.462135 0.886810 0.000000 -0.452767 0.891629 0.000000 -0.118321 0.992975 0.000000 
0.897673 -0.440662 0.000000 -0.890838 -0.454321 -0.000000 0.027484 -0.999622 0.000000 0.462134 0.886810 0.000000 -0.452755 0.891635 0.000000 -0.118321 0.992975 0.000000 
0.897673 -0.440661 0.000000 -0.890868 -0.454262 -0.000000 0.027462 -0.999623 0.000000 0.462132 0.886811 0.000000 -0.452694 0.891666 0.000000 -0.118314 0.992976 0.000000 
0.897674 -0.440660 0.000000 -0.890898 -0.454203 -0.000000 0.027427 -0.999624 0.000000 0.462130 0.886812 0.000000 -0.452634 0.891696 0.000000 -0.118285 0.992980 0.000000 
0.897675 -0.440658 0.000000 -0.890931 -0.454139 -0.000000 0.027405 -0.999624 0.000000 0.462129 0.886813 0.000000 -0.452571 0.891728 0.000000 -0.118277 0.992981 0.000000 
0.897681 -0.440647 0.000000 -0.890854 -0.454290 -0.000000 0.027374 -0.999625 0.000000 0.462116 0.886819 0.000000 -0.452724 0.891651 0.000000 -0.118158 0.992995 0.000000 
0.897682 -0.440645 0.000000 -0.890889 -0.454222 -0.000000 0.027349 -0.999626 0.000000 0.462115 0.886820 0.000000 -0.452655 0.891686 0.000000 -0.118150 0.992996 0.000000 
0.897787 -0.440429 0.000000 -0.890724 -0.454545 -0.000000 0.027326 -0.999627 0.000000 0.461906 0.886929 0.000000 -0.452981 0.891520 0.000000 -0.117977 0.993016 0.000000 
0.897772 -0.440461 0.000000 -0.890765 -0.454464 -0.000000 0.027380 -0.999625 0.000000 0.461935 0.886914 0.000000 -0.452899 0.891562 0.000000 -0.118074 0.993005 0.000000 
0.897779 -0.440445 0.000000 -0.890774 -0.454447 -0.000000 0.027361 -0.999626 0.000000 0.461919 0.886922 0.000000 -0.452882 0.891570 0.000000 -0.118044 0.993008 0.000000 
0.897784 -0.440435 0.000000 -0.890708 -0.454575 -0.000000 0.027320 -0.999627 0.000000 0.461908 0.886928 0.000000 -0.453013 0.891504 0.000000 -0.117923 0.993023 0.000000 
0.897830 -0.440342 0.000000 -0.890645 -0.454700 -0.000000 0.027265 -0.999628 0.000000 0.461818 0.886975 0.000000 -0.453141 0.891439 0.000000 -0.117777 0.993040 0.000000 
0.897945 -0.440108 0.000000 -0.890612 -0.454764 -0.000000 0.027207 -0.999630 0.000000 0.461587 0.887095 0.000000 -0.453206 0.891406 0.000000 -0.117670 0.993053 0.000000 
0.897946 -0.440106 0.000000 -0.890658 -0.454674 -0.000000 0.027174 -0.999631 0.000000 0.461586 0.887095 0.000000 -0.453115 0.891452 0.000000 -0.117657 0.993054 0.000000 
0.898072 -0.439849 0.000000 -0.890614 -0.454759 -0.000000 0.027118 -0.999632 0.000000 0.461330 0.887228 0.000000 -0.453202 0.891408 0.000000 -0.117525 0.993070 0.000000 
0.898074 -0.439844 0.000000 -0.890570 -0.454846 -0.000000 0.027048 -0.999634 0.000000 0.461327 0.887230 0.000000 -0.453291 0.891363 0.000000 -0.117379 0.993087 0.000000 
0.898076 -0.439841 0.000000 -0.890426 -0.455128 -0.000000 0.026978 -0.999636 0.000000 0.461323 0.887232 0.000000 -0.453583 0.891214 0.000000 -0.117144 0.993115 0.000000 
0.898076 -0.439840 0.000000 -0.890480 -0.455023 -0.000000 0.026936 -0.999637 0.000000 0.461322 0.887233 0.000000 -0.453472 0.891270 0.000000 -0.117127 0.993117 0.000000 
0.898077 -0.439839 0.000000 -0.890534 -0.454917 -0.000000 0.026896 -0.999638 0.000000 0.461321 0.887234 0.000000 -0.453364 0.891325 0.000000 -0.117111 0.993119 0.000000 
0.898077 -0.439838 0.000000 -0.890582 -0.454822 -0.000000 0.026860 -0.999639 0.000000 0.461320 0.887234 0.000000 -0.453266 0.891376 0.000000 -0.117097 0.993120 0.000000 
0.898077 -0.439838 0.000000 -0.890617 -0.454754 -0.000000 0.026820 -0.999640 0.000000 0.461318 0.887235 0.000000 -0.453195 0.891411 0.000000 -0.117066 0.993124 0.000000 
0.898078 -0.439837 0.000000 -0.890659 -0.454673 -0.000000 0.026790 -0.999641 0.000000 0.461317 0.887235 0.000000 -0.453112 0.891454 0.000000 -0.117055 0.993125 0.000000 
0.898079 -0.439834 0.000000 -0.890589 -0.454808 -0.000000 0.026762 -0.999642 0.000000 0.461315 0.887237 0.000000 -0.453252 0.891383 0.000000 -0.116948 0.993138 0.000000 
0.898079 -0.439833 0.000000 -0.890627 -0.454735 -0.000000 0.026733 -0.999643 0.000000 0.461314 0.887237 0.000000 -0.453175 0.891422 0.000000 -0.116938 0.993139 0.000000 
0.898080 -0.439833 0.000000 -0.890664 -0.454662 -0.000000 0.026706 -0.999643 0.000000 0.461314 0.887237 0.000000 -0.453101 0.891459 0.000000 -0.116928 0.993140 0.000000 
0.898075 -0.439842 0.000000 -0.890696 -0.454600 -0.000000 0.026673 -0.999644 0.000000 0.461323 0.887232 0.000000 -0.453037 0.891492 0.000000 -0.116904 0.993143 0.000000 
0.898137 -0.439715 0.000000 -0.890714 -0.454564 -0.000000 0.026622 -0.999646 0.000000 0.461197 0.887298 0.000000 -0.453002 0.891510 0.000000 -0.116853 0.993149 0.000000 
0.898138 -0.439713 0.000000 -0.890700 -0.454591 -0.000000 0.026598 -0.999646 0.000000 0.461196 0.887298 0.000000 -0.453028 0.891496 0.000000 -0.116800 0.993155 0.000000 
0.898139 -0.439712 0.000000 -0.890729 -0.454536 -0.000000 0.026577 -0.999647 0.000000 0.461196 0.887298 0.000000 -0.452972 0.891525 0.000000 -0.116792 0.993156 0.000000 
0.898139 -0.439712 0.000000 -0.890620 -0.454749 -0.000000 0.026529 -0.999648 0.000000 0.461194 0.887300 0.000000 -0.453191 0.891413 0.000000 -0.116622 0.993176 0.000000 
0.898133 -0.439723 0.000000 -0.890637 -0.454714 -0.000000 0.026489 -0.999649 0.000000 0.461206 0.887293 0.000000 -0.453154 0.891432 0.000000 -0.116579 0.993181 0.000000 
0.898134 -0.439722 0.000000 -0.890556 -0.454874 -0.000000 0.026463 -0.999650 0.000000 0.461204 0.887294 0.000000 -0.453319 0.891348 0.000000 -0.116466 0.993195 0.000000 
0.898135 -0.439720 0.000000 -0.890503 -0.454977 -0.000000 0.026430 -0.999651 0.000000 0.461201 0.887296 0.000000 -0.453424 0.891295 0.000000 -0.116368 0.993206 0.000000 
0.898139 -0.439711 0.000000 -0.890314 -0.455347 -0.000000 0.026514 -0.999648 0.000000 0.461194 0.887299 0.000000 -0.453796 0.891105 0.000000 -0.116318 0.993212 0.000000 
0.898139 -0.439711 0.000000 -0.890368 -0.455241 -0.000000 0.026475 -0.999649 0.000000 0.461193 0.887300 0.000000 -0.453687 0.891161 0.000000 -0.116303 0.993214 0.000000 
0.898141 -0.439708 0.000000 -0.890294 -0.455386 -0.000000 0.026429 -0.999651 0.000000 0.461192 0.887300 0.000000 -0.453836 0.891085 0.000000 -0.116167 0.993230 0.000000 
0.898141 -0.439707 0.000000 -0.890348 -0.455280 -0.000000 0.026389 -0.999652 0.000000 0.461190 0.887302 0.000000 -0.453728 0.891140 0.000000 -0.116151 0.993232 0.000000 
0.898142 -0.439706 0.000000 -0.890403 -0.455174 -0.000000 0.026349 -0.999653 0.000000 0.461189 0.887302 0.000000 -0.453617 0.891197 0.000000 -0.116136 0.993233 0.000000 
0.898142 -0.439705 0.000000 -0.890406 -0.455167 -0.000000 0.026316 -0.999654 0.000000 0.461187 0.887303 0.000000 -0.453612 0.891199 0.000000 -0.116085 0.993239 0.000000 
0.898143 -0.439704 0.000000 -0.890442 -0.455096 -0.000000 0.026272 -0.999655 0.000000 0.461187 0.887303 0.000000 -0.453538 0.891237 0.000000 -0.116049 0.993243 0.000000 
0.898143 -0.439704 0.000000 -0.890487 -0.455010 -0.000000 0.026240 -0.999656 0.000000 0.461185 0.887304 0.000000 -0.453450 0.891282 0.000000 -0.116038 0.993245 0.000000 
0.898143 -0.439703 0.000000 -0.890509 -0.454966 -0.000000 0.026209 -0.999656 0.000000 0.461184 0.887305 0.000000 -0.453406 0.891304 0.000000 -0.116007 0.993248 0.000000 
0.898144 -0.439701 0.000000 -0.890542 -0.454900 -0.000000 0.026183 -0.999657 0.000000 0.461183 0.887305 0.000000 -0.453338 0.891338 0.000000 -0.115993 0.993250 0.000000 
0.898144 -0.439701 0.000000 -0.890547 -0.454890 -0.000000 0.026159 -0.999658 0.000000 0.461182 0.887306 0.000000 -0.453330 0.891343 0.000000 -0.115956 0.993254 0.000000 
0.898145 -0.439698 0.000000 -0.890429 -0.455121 -0.000000 0.026112 -0.999659 0.000000 0.461181 0.887306 0.000000 -0.453567 0.891222 0.000000 -0.115782 0.993275 0.000000 
0.898146 -0.439698 0.000000 -0.890469 -0.455043 -0.000000 0.026082 -0.999660 0.000000 0.461179 0.887307 0.000000 -0.453486 0.891263 0.000000 -0.115769 0.993276 0.000000 
0.898146 -0.439696 0.000000 -0.890507 -0.454969 -0.000000 0.026054 -0.999661 0.000000 0.461180 0.887307 0.000000 -0.453411 0.891301 0.000000 -0.115756 0.993278 0.000000 
0.898147 -0.439695 0.000000 -0.890410 -0.455160 -0.000000 0.026009 -0.999662 0.000000 0.461178 0.887308 0.000000 -0.453607 0.891202 0.000000 -0.115604 0.993295 0.000000 
0.898148 -0.439694 0.000000 -0.890448 -0.455085 -0.000000 0.025980 -0.999662 0.000000 0.461177 0.887308 0.000000 -0.453528 0.891242 0.000000 -0.115593 0.993297 0.000000 
0.898152 -0.439685 0.000000 -0.890377 -0.455225 -0.000000 0.026094 -0.999659 0.000000 0.461167 0.887313 0.000000 -0.453663 0.891173 0.000000 -0.115691 0.993285 0.000000 
0.898152 -0.439684 0.000000 -0.890440 -0.455100 -0.000000 0.026050 -0.999661 0.000000 0.461167 0.887313 0.000000 -0.453539 0.891236 0.000000 -0.115676 0.993287 0.000000 
0.898153 -0.439684 0.000000 -0.890487 -0.455008 -0.000000 0.026016 -0.999662 0.000000 0.461167 0.887314 0.000000 -0.453446 0.891284 0.000000 -0.115665 0.993288 0.000000 
0.898153 -0.439684 0.000000 -0.890530 -0.454925 -0.000000 0.025958 -0.999663 0.000000 0.461166 0.887314 0.000000 -0.453361 0.891327 0.000000 -0.115616 0.993294 0.000000 
0.898154 -0.439682 0.000000 -0.890527 -0.454931 -0.000000 0.025952 -0.999663 0.000000 0.461165 0.887315 0.000000 -0.453368 0.891323 0.000000 -0.115600 0.993296 0.000000 
0.898087 -0.439818 0.000000 -0.890541 -0.454904 -0.000000 0.025924 -0.999664 0.000000 0.461298 0.887245 0.000000 -0.453342 0.891337 0.000000 -0.115566 0.993300 0.000000 
0.898087 -0.439818 0.000000 -0.890568 -0.454850 -0.000000 0.025903 -0.999664 0.000000 0.461298 0.887245 0.000000 -0.453287 0.891365 0.000000 -0.115558 0.993301 0.000000 
0.898087 -0.439817 0.000000 -0.890591 -0.454805 -0.000000 0.025886 -0.999665 0.000000 0.461298 0.887245 0.000000 -0.453241 0.891388 0.000000 -0.115550 0.993302 0.000000 
0.898088 -0.439816 0.000000 -0.890613 -0.454761 -0.000000 0.025870 -0.999665 0.000000 0.461297 0.887246 0.000000 -0.453196 0.891411 0.000000 -0.115544 0.993302 0.000000 
0.898088 -0.439816 0.000000 -0.890633 -0.454723 -0.000000 0.025856 -0.999666 0.000000 0.461297 0.887246 0.000000 -0.453158 0.891430 0.000000 -0.115539 0.993303 0.000000 
0.898088 -0.439816 0.000000 -0.890649 -0.454692 -0.000000 0.025845 -0.999666 0.000000 0.461297 0.887246 0.000000 -0.453127 0.891446 0.000000 -0.115534 0.993303 0.000000 
0.898088 -0.439815 0.000000 -0.890659 -0.454671 -0.000000 0.025827 -0.999666 0.000000 0.461296 0.887246 0.000000 -0.453107 0.891456 0.000000 -0.115515 0.993306 0.000000 
0.898089 -0.439814 0.000000 -0.890657 -0.454677 -0.000000 0.025817 -0.999667 0.000000 0.461295 0.887247 0.000000 -0.453111 0.891454 0.000000 -0.115494 0.993308 0.000000 
0.898089 -0.439814 0.000000 -0.890669 -0.454652 -0.000000 0.025807 -0.999667 0.000000 0.461295 0.887247 0.000000 -0.453085 0.891467 0.000000 -0.115488 0.993309 0.000000 
0.898089 -0.439813 0.000000 -0.890671 -0.454649 -0.000000 0.025805 -0.999667 0.000000 0.461295 0.887247 0.000000 -0.453082 0.891469 0.000000 -0.115484 0.993309 0.000000 
0.898124 -0.439743 0.000000 -0.890669 -0.454652 -0.000000 0.025797 -0.999667 0.000000 0.461225 0.887283 0.000000 -0.453087 0.891466 0.000000 -0.115463 0.993312 0.000000 
0.898212 -0.439563 0.000000 -0.890683 -0.454625 -0.000000 0.025765 -0.999668 0.000000 0.461047 0.887376 0.000000 -0.453059 0.891480 0.000000 -0.115436 0.993315 0.000000 
0.898212 -0.439562 0.000000 -0.890657 -0.454677 -0.000000 0.025725 -0.999669 0.000000 0.461046 0.887376 0.000000 -0.453111 0.891454 0.000000 -0.115353 0.993325 0.000000 
0.898218 -0.439550 0.000000 -0.890677 -0.454637 -0.000000 0.025692 -0.999670 0.000000 0.461035 0.887382 0.000000 -0.453072 0.891474 0.000000 -0.115317 0.993329 0.000000 
0.898359 -0.439261 0.000000 -0.890664 -0.454661 -0.000000 0.025436 -0.999676 0.000000 0.460746 0.887532 0.000000 -0.453097 0.891461 0.000000 -0.114943 0.993372 0.000000 
0.898367 -0.439246 0.000000 -0.890688 -0.454615 -0.000000 0.025493 -0.999675 0.000000 0.460731 0.887540 0.000000 -0.453051 0.891485 0.000000 -0.115008 0.993365 0.000000 
0.898427 -0.439123 0.000000 -0.890698 -0.454596 -0.000000 0.025509 -0.999675 0.000000 0.460610 0.887603 0.000000 -0.453030 0.891495 0.000000 -0.115049 0.993360 0.000000 
0.898427 -0.439122 0.000000 -0.890710 -0.454571 -0.000000 0.025499 -0.999675 0.000000 0.460611 0.887602 0.000000 -0.453006 0.891507 0.000000 -0.115043 0.993360 0.000000 
0.898427 -0.439123 0.000000 -0.890715 -0.454562 -0.000000 0.025493 -0.999675 0.000000 0.460610 0.887603 0.000000 -0.452996 0.891513 0.000000 -0.115040 0.993361 0.000000 
0.898427 -0.439122 0.000000 -0.890722 -0.454549 -0.000000 0.025488 -0.999675 0.000000 0.460610 0.887603 0.000000 -0.452983 0.891519 0.000000 -0.115037 0.993361 0.000000 
0.898427 -0.439122 0.000000 -0.890731 -0.454532 -0.000000 0.025480 -0.999675 0.000000 0.460610 0.887602 0.000000 -0.452965 0.891528 0.000000 -0.115033 0.993362 0.000000 
0.898428 -0.439122 0.000000 -0.890737 -0.454520 -0.000000 0.025475 -0.999675 0.000000 0.460610 0.887603 0.000000 -0.452955 0.891534 0.000000 -0.115030 0.993362 0.000000 
0.898428 -0.439121 0.000000 -0.890745 -0.454504 -0.000000 0.025574 -0.999673 0.000000 0.460610 0.887603 0.000000 -0.452936 0.891543 0.000000 -0.115193 0.993343 0.000000 
0.898352 -0.439277 0.000000 -0.890757 -0.454480 -0.000000 0.025411 -0.999677 0.000000 0.460764 0.887522 0.000000 -0.452913 0.891555 0.000000 -0.114975 0.993368 0.000000 
0.898352 -0.439277 0.000000 -0.890777 -0.454440 -0.000000 0.025396 -0.999677 0.000000 0.460764 0.887523 0.000000 -0.452875 0.891574 0.000000 -0.114967 0.993369 0.000000 
0.898352 -0.439276 0.000000 -0.890665 -0.454660 -0.000000 0.025381 -0.999678 0.000000 0.460763 0.887523 0.000000 -0.453097 0.891461 0.000000 -0.114846 0.993383 0.000000 
0.898355 -0.439269 0.000000 -0.890685 -0.454620 -0.000000 0.025358 -0.999678 0.000000 0.460758 0.887526 0.000000 -0.453056 0.891482 0.000000 -0.114829 0.993385 0.000000 
0.898355 -0.439270 0.000000 -0.890703 -0.454586 -0.000000 0.025344 -0.999679 0.000000 0.460758 0.887526 0.000000 -0.453021 0.891500 0.000000 -0.114822 0.993386 0.000000 
0.898356 -0.439269 0.000000 -0.890722 -0.454549 -0.000000 0.025330 -0.999679 0.000000 0.460757 0.887526 0.000000 -0.452983 0.891519 0.000000 -0.114816 0.993387 0.000000 
0.898356 -0.439269 0.000000 -0.890740 -0.454513 -0.000000 0.025316 -0.999679 0.000000 0.460757 0.887526 0.000000 -0.452947 0.891538 0.000000 -0.114811 0.993387 0.000000 
0.898356 -0.439269 0.000000 -0.890752 -0.454490 -0.000000 0.025307 -0.999680 0.000000 0.460757 0.887526 0.000000 -0.452924 0.891549 0.000000 -0.114806 0.993388 0.000000 
0.898356 -0.439269 0.000000 -0.890768 -0.454457 -0.000000 0.025294 -0.999680 0.000000 0.460756 0.887527 0.000000 -0.452890 0.891566 0.000000 -0.114800 0.993389 0.000000 
