-0.999460 -0.032851 -0.000000 -0.028516 0.999593 0.000000 0.034629 -0.999400 0.000000 0.999944 0.010556 0.000000 
-0.999451 -0.033139 -0.000000 -0.028814 0.999585 0.000000 0.034927 -0.999390 0.000000 0.999941 0.010845 0.000000 
-0.999449 -0.033184 -0.000000 -0.028879 0.999583 0.000000 0.034993 -0.999388 0.000000 0.999941 0.010890 0.000000 
-0.999449 -0.033190 -0.000000 -0.028877 0.999583 0.000000 0.034990 -0.999388 0.000000 0.999941 0.010896 0.000000 
-0.999449 -0.033196 -0.000000 -0.028876 0.999583 0.000000 0.034989 -0.999388 0.000000 0.999941 0.010902 0.000000 
-0.999449 -0.033201 -0.000000 -0.028875 0.999583 0.000000 0.034988 -0.999388 0.000000 0.999941 0.010907 0.000000 
-0.999440 -0.033452 -0.000000 -0.029121 0.999576 0.000000 0.035234 -0.999379 0.000000 0.999938 0.011157 0.000000 
-0.999430 -0.033745 -0.000000 -0.029412 0.999567 0.000000 0.035525 -0.999369 0.000000 0.999934 0.011451 0.000000 
-0.999421 -0.034036 -0.000000 -0.029700 0.999559 0.000000 0.035813 -0.999359 0.000000 0.999931 0.011742 0.000000 
-0.999431 -0.033737 -0.000000 -0.029389 0.999568 0.000000 0.035502 -0.999370 0.000000 0.999935 0.011443 0.000000 
-0.999431 -0.033738 -0.000000 -0.029389 0.999568 0.000000 0.035502 -0.999370 0.000000 0.999935 0.011444 0.000000 
-0.999431 -0.033741 -0.000000 -0.029388 0.999568 0.000000 0.035501 -0.999370 0.000000 0.999934 0.011447 0.000000 
-0.999431 -0.033742 -0.000000 -0.029386 0.999568 0.000000 0.035499 -0.999370 0.000000 0.999934 0.011447 0.000000 
-0.999759 -0.021952 -0.000000 -0.017595 0.999845 0.000000 0.023710 -0.999719 0.000000 1.000000 -0.000347 0.000000 
-0.999803 -0.019846 -0.000000 -0.015464 0.999880 0.000000 0.021579 -0.999767 0.000000 0.999997 -0.002454 0.000000 
-0.999783 -0.020852 -0.000000 -0.016440 0.999865 0.000000 0.022555 -0.999746 0.000000 0.999999 -0.001447 0.000000 
-0.999783 -0.020845 -0.000000 -0.016443 0.999865 0.000000 0.022558 -0.999746 0.000000 0.999999 -0.001454 0.000000 
-0.999797 -0.020165 -0.000000 -0.015824 0.999875 0.000000 0.021938 -0.999759 0.000000 0.999998 -0.002137 0.000000 
-0.999793 -0.020358 -0.000000 -0.015941 0.999873 0.000000 0.022055 -0.999757 0.000000 0.999998 -0.001944 0.000000 
-0.999793 -0.020348 -0.000000 -0.015937 0.999873 0.000000 0.022052 -0.999757 0.000000 0.999998 -0.001955 0.000000 
-0.999815 -0.019247 -0.000000 -0.014825 0.999890 0.000000 0.020938 -0.999781 0.000000 0.999995 -0.003060 0.000000 
-0.460410 0.887706 0.000000 0.024515 -0.999699 0.000000 1.000000 0.000499 0.000000 0.759554 0.650444 0.000000 -0.886885 -0.461990 -0.000000 -0.813140 -0.582068 -0.000000 
-0.465498 0.885049 0.000000 0.030915 -0.999522 0.000000 0.999976 0.006863 0.000000 0.761127 0.648602 0.000000 -0.884236 -0.467040 -0.000000 -0.817636 -0.575736 -0.000000 
-0.465638 0.884975 0.000000 0.031514 -0.999503 0.000000 0.999972 0.007461 0.000000 0.761280 0.648423 0.000000 -0.884154 -0.467196 -0.000000 -0.817954 -0.575284 -0.000000 
-0.465637 0.884976 0.000000 0.031515 -0.999503 0.000000 0.999972 0.007461 0.000000 0.761282 0.648421 0.000000 -0.884154 -0.467195 -0.000000 -0.817958 -0.575278 -0.000000 
-0.465637 0.884976 0.000000 0.031516 -0.999503 0.000000 0.999972 0.007461 0.000000 0.761278 0.648425 0.000000 -0.884154 -0.467195 -0.000000 -0.817951 -0.575288 -0.000000 
-0.465636 0.884976 0.000000 0.031516 -0.999503 0.000000 0.999972 0.007460 0.000000 0.761277 0.648426 0.000000 -0.884155 -0.467194 -0.000000 -0.817949 -0.575290 -0.000000 
-0.465635 0.884977 0.000000 0.031516 -0.999503 0.000000 0.999972 0.007460 0.000000 0.761279 0.648425 0.000000 -0.884156 -0.467192 -0.000000 -0.817954 -0.575284 -0.000000 
-0.465624 0.884983 0.000000 0.031506 -0.999504 0.000000 0.999972 0.007450 0.000000 0.761201 0.648516 0.000000 -0.884161 -0.467182 -0.000000 -0.817840 -0.575445 -0.000000 
-0.465623 0.884983 0.000000 0.031504 -0.999504 0.000000 0.999972 0.007447 0.000000 0.761211 0.648504 0.000000 -0.884162 -0.467181 -0.000000 -0.817863 -0.575413 -0.000000 
-0.465623 0.884983 0.000000 0.031502 -0.999504 0.000000 0.999972 0.007445 0.000000 0.761225 0.648488 0.000000 -0.884162 -0.467180 -0.000000 -0.817891 -0.575374 -0.000000 
-0.465622 0.884984 0.000000 0.031499 -0.999504 0.000000 0.999972 0.007442 0.000000 0.761240 0.648471 0.000000 -0.884162 -0.467180 -0.000000 -0.817920 -0.575333 -0.000000 
-0.465581 0.885005 0.000000 0.031449 -0.999505 0.000000 0.999973 0.007392 0.000000 0.761145 0.648581 0.000000 -0.884184 -0.467138 -0.000000 -0.817774 -0.575540 -0.000000 
-0.465607 0.884991 0.000000 0.031405 -0.999507 0.000000 0.999973 0.007348 0.000000 0.761005 0.648746 0.000000 -0.884170 -0.467165 -0.000000 -0.817574 -0.575823 -0.000000 
-0.465607 0.884992 0.000000 0.031404 -0.999507 0.000000 0.999973 0.007347 0.000000 0.761018 0.648730 0.000000 -0.884171 -0.467164 -0.000000 -0.817600 -0.575786 -0.000000 
-0.465606 0.884992 0.000000 0.031403 -0.999507 0.000000 0.999973 0.007346 0.000000 0.761027 0.648720 0.000000 -0.884171 -0.467164 -0.000000 -0.817619 -0.575759 -0.000000 
-0.465495 0.885050 0.000000 0.031402 -0.999507 0.000000 0.999973 0.007345 0.000000 0.761057 0.648686 0.000000 -0.884228 -0.467056 -0.000000 -0.817633 -0.575740 -0.000000 
-0.464855 0.885387 0.000000 0.031400 -0.999507 0.000000 0.999973 0.007342 0.000000 0.761189 0.648531 0.000000 -0.884563 -0.466421 -0.000000 -0.817632 -0.575741 -0.000000 
-0.464344 0.885655 0.000000 0.031395 -0.999507 0.000000 0.999973 0.007337 0.000000 0.761290 0.648412 0.000000 -0.884829 -0.465917 -0.000000 -0.817623 -0.575754 -0.000000 
-0.464107 0.885779 0.000000 0.031392 -0.999507 0.000000 0.999973 0.007335 0.000000 0.761312 0.648385 0.000000 -0.884949 -0.465688 -0.000000 -0.817601 -0.575785 -0.000000 
-0.464115 0.885775 0.000000 0.031422 -0.999506 0.000000 0.999973 0.007366 0.000000 0.761312 0.648386 0.000000 -0.884942 -0.465702 -0.000000 -0.817588 -0.575804 -0.000000 
-0.464184 0.885739 0.000000 0.031508 -0.999504 0.000000 0.999972 0.007454 0.000000 0.761231 0.648481 0.000000 -0.884900 -0.465780 -0.000000 -0.817499 -0.575930 -0.000000 
-0.464184 0.885739 0.000000 0.031507 -0.999504 0.000000 0.999972 0.007453 0.000000 0.761220 0.648493 0.000000 -0.884895 -0.465790 -0.000000 -0.817492 -0.575940 -0.000000 
-0.464196 0.885732 0.000000 0.031666 -0.999499 0.000000 0.999971 0.007614 0.000000 0.761282 0.648421 0.000000 -0.884885 -0.465810 -0.000000 -0.817596 -0.575792 -0.000000 
-0.464292 0.885682 0.000000 0.032026 -0.999487 0.000000 0.999968 0.007985 0.000000 0.761488 0.648179 0.000000 -0.884834 -0.465906 -0.000000 -0.817969 -0.575263 -0.000000 
-0.464283 0.885687 0.000000 0.031990 -0.999488 0.000000 0.999968 0.007946 0.000000 0.761417 0.648263 0.000000 -0.884835 -0.465905 -0.000000 -0.817859 -0.575418 -0.000000 
-0.464271 0.885693 0.000000 0.031990 -0.999488 0.000000 0.999968 0.007944 0.000000 0.761416 0.648264 0.000000 -0.884838 -0.465900 -0.000000 -0.817860 -0.575417 -0.000000 
-0.464295 0.885680 0.000000 0.032080 -0.999485 0.000000 0.999968 0.008035 0.000000 0.761436 0.648241 0.000000 -0.884823 -0.465927 -0.000000 -0.817916 -0.575337 -0.000000 
-0.464293 0.885682 0.000000 0.032079 -0.999485 0.000000 0.999968 0.008032 0.000000 0.761432 0.648244 0.000000 -0.884821 -0.465931 -0.000000 -0.817917 -0.575336 -0.000000 
-0.464315 0.885670 0.000000 0.032225 -0.999481 0.000000 0.999967 0.008179 0.000000 0.761491 0.648175 0.000000 -0.884807 -0.465958 -0.000000 -0.818032 -0.575173 -0.000000 
-0.464359 0.885647 0.000000 0.032457 -0.999473 0.000000 0.999964 0.008430 0.000000 0.761809 0.647802 0.000000 -0.884782 -0.466005 -0.000000 -0.818459 -0.574566 -0.000000 
-0.464421 0.885615 0.000000 0.032588 -0.999469 0.000000 0.999963 0.008574 0.000000 0.762035 0.647536 0.000000 -0.884749 -0.466068 -0.000000 -0.818769 -0.574123 -0.000000 
-0.464436 0.885607 0.000000 0.032654 -0.999467 0.000000 0.999963 0.008634 0.000000 0.761976 0.647606 0.000000 -0.884740 -0.466086 -0.000000 -0.818706 -0.574213 -0.000000 
-0.464454 0.885597 0.000000 0.032697 -0.999465 0.000000 0.999962 0.008674 0.000000 0.761942 0.647645 0.000000 -0.884729 -0.466106 -0.000000 -0.818656 -0.574284 -0.000000 
-0.464450 0.885600 0.000000 0.032698 -0.999465 0.000000 0.999962 0.008668 0.000000 0.761945 0.647641 0.000000 -0.884730 -0.466104 -0.000000 -0.818665 -0.574272 -0.000000 
-0.464438 0.885606 0.000000 0.032698 -0.999465 0.000000 0.999962 0.008664 0.000000 0.761950 0.647636 0.000000 -0.884735 -0.466094 -0.000000 -0.818672 -0.574261 -0.000000 
-0.464424 0.885613 0.000000 0.032699 -0.999465 0.000000 0.999962 0.008661 0.000000 0.761956 0.647629 0.000000 -0.884742 -0.466080 -0.000000 -0.818679 -0.574252 -0.000000 
-0.464410 0.885621 0.000000 0.032698 -0.999465 0.000000 0.999963 0.008657 0.000000 0.761961 0.647622 0.000000 -0.884750 -0.466067 -0.000000 -0.818685 -0.574243 -0.000000 
-0.464397 0.885627 0.000000 0.032698 -0.999465 0.000000 0.999963 0.008654 0.000000 0.761967 0.647616 0.000000 -0.884756 -0.466054 -0.000000 -0.818690 -0.574236 -0.000000 
-0.464386 0.885633 0.000000 0.032698 -0.999465 0.000000 0.999963 0.008652 0.000000 0.761971 0.647611 0.000000 -0.884762 -0.466043 -0.000000 -0.818694 -0.574229 -0.000000 
-0.464390 0.885631 0.000000 0.032730 -0.999464 0.000000 0.999962 0.008686 0.000000 0.762027 0.647546 0.000000 -0.884761 -0.466046 -0.000000 -0.818747 -0.574155 -0.000000 
-0.464372 0.885640 0.000000 0.032730 -0.999464 0.000000 0.999962 0.008683 0.000000 0.762034 0.647537 0.000000 -0.884770 -0.466028 -0.000000 -0.818753 -0.574146 -0.000000 
-0.464409 0.885621 0.000000 0.032825 -0.999461 0.000000 0.999961 0.008788 0.000000 0.762335 0.647182 0.000000 -0.884752 -0.466062 -0.000000 -0.819168 -0.573553 -0.000000 
-0.464404 0.885623 0.000000 0.032825 -0.999461 0.000000 0.999961 0.008785 0.000000 0.762342 0.647174 0.000000 -0.884755 -0.466057 -0.000000 -0.819179 -0.573538 -0.000000 
-0.464386 0.885633 0.000000 0.032671 -0.999466 0.000000 0.999963 0.008626 0.000000 0.762267 0.647263 0.000000 -0.884766 -0.466035 -0.000000 -0.819042 -0.573734 -0.000000 
-0.464369 0.885642 0.000000 0.032670 -0.999466 0.000000 0.999963 0.008623 0.000000 0.762275 0.647253 0.000000 -0.884776 -0.466017 -0.000000 -0.819049 -0.573723 -0.000000 
-0.464351 0.885651 0.000000 0.032669 -0.999466 0.000000 0.999963 0.008621 0.000000 0.762284 0.647243 0.000000 -0.884786 -0.465998 -0.000000 -0.819056 -0.573714 -0.000000 
-0.464338 0.885658 0.000000 0.032571 -0.999469 0.000000 0.999964 0.008516 0.000000 0.762272 0.647256 0.000000 -0.884793 -0.465984 -0.000000 -0.819007 -0.573784 -0.000000 
-0.464308 0.885674 0.000000 0.032431 -0.999474 0.000000 0.999965 0.008372 0.000000 0.762279 0.647249 0.000000 -0.884811 -0.465950 -0.000000 -0.818983 -0.573818 -0.000000 
-0.464331 0.885662 0.000000 0.032627 -0.999468 0.000000 0.999963 0.008582 0.000000 0.762546 0.646934 0.000000 -0.884801 -0.465969 -0.000000 -0.819381 -0.573249 -0.000000 
-0.464322 0.885666 0.000000 0.032627 -0.999468 0.000000 0.999963 0.008588 0.000000 0.762609 0.646860 0.000000 -0.884807 -0.465958 -0.000000 -0.819470 -0.573122 -0.000000 
-0.464338 0.885658 0.000000 0.032573 -0.999469 0.000000 0.999964 0.008530 0.000000 0.762556 0.646922 0.000000 -0.884800 -0.465972 -0.000000 -0.819395 -0.573229 -0.000000 
-0.464290 0.885683 0.000000 0.032480 -0.999472 0.000000 0.999964 0.008449 0.000000 0.762701 0.646751 0.000000 -0.884827 -0.465919 -0.000000 -0.819555 -0.573000 -0.000000 
-0.464317 0.885669 0.000000 0.032451 -0.999473 0.000000 0.999965 0.008415 0.000000 0.762656 0.646804 0.000000 -0.884814 -0.465944 -0.000000 -0.819496 -0.573085 -0.000000 
-0.464336 0.885659 0.000000 0.032450 -0.999473 0.000000 0.999965 0.008411 0.000000 0.762658 0.646802 0.000000 -0.884804 -0.465963 -0.000000 -0.819506 -0.573070 -0.000000 
-0.464334 0.885660 0.000000 0.032478 -0.999472 0.000000 0.999964 0.008438 0.000000 0.762661 0.646798 0.000000 -0.884806 -0.465960 -0.000000 -0.819496 -0.573084 -0.000000 
-0.464351 0.885651 0.000000 0.032482 -0.999472 0.000000 0.999964 0.008440 0.000000 0.762660 0.646800 0.000000 -0.884798 -0.465976 -0.000000 -0.819502 -0.573077 -0.000000 
-0.464341 0.885657 0.000000 0.032312 -0.999478 0.000000 0.999966 0.008261 0.000000 0.762632 0.646833 0.000000 -0.884803 -0.465965 -0.000000 -0.819418 -0.573196 -0.000000 
-0.464324 0.885666 0.000000 0.032310 -0.999478 0.000000 0.999966 0.008259 0.000000 0.762639 0.646825 0.000000 -0.884812 -0.465948 -0.000000 -0.819424 -0.573188 -0.000000 
-0.464160 0.885751 0.000000 0.032377 -0.999476 0.000000 0.999965 0.008338 0.000000 0.763184 0.646181 0.000000 -0.884888 -0.465803 -0.000000 -0.820106 -0.572211 -0.000000 
-0.464184 0.885739 0.000000 0.032377 -0.999476 0.000000 0.999965 0.008335 0.000000 0.763192 0.646172 0.000000 -0.884879 -0.465821 -0.000000 -0.820124 -0.572186 -0.000000 
-0.464184 0.885739 0.000000 0.032489 -0.999472 0.000000 0.999964 0.008470 0.000000 0.763401 0.645924 0.000000 -0.884880 -0.465820 -0.000000 -0.820434 -0.571742 -0.000000 
-0.464289 0.885684 0.000000 0.032734 -0.999464 0.000000 0.999962 0.008731 0.000000 0.763557 0.645740 0.000000 -0.884828 -0.465918 -0.000000 -0.820691 -0.571372 -0.000000 
-0.464347 0.885654 0.000000 0.032736 -0.999464 0.000000 0.999962 0.008723 0.000000 0.763555 0.645743 0.000000 -0.884798 -0.465974 -0.000000 -0.820711 -0.571343 -0.000000 
-0.464394 0.885629 0.000000 0.032737 -0.999464 0.000000 0.999962 0.008716 0.000000 0.763553 0.645746 0.000000 -0.884774 -0.466021 -0.000000 -0.820728 -0.571319 -0.000000 
-0.464480 0.885584 0.000000 0.033054 -0.999454 0.000000 0.999959 0.009053 0.000000 0.763759 0.645501 0.000000 -0.884730 -0.466104 -0.000000 -0.821057 -0.570846 -0.000000 
-0.464554 0.885545 0.000000 0.033055 -0.999454 0.000000 0.999959 0.009045 0.000000 0.763753 0.645509 0.000000 -0.884691 -0.466177 -0.000000 -0.821077 -0.570817 -0.000000 
-0.464616 0.885512 0.000000 0.033056 -0.999453 0.000000 0.999959 0.009038 0.000000 0.763744 0.645520 0.000000 -0.884659 -0.466238 -0.000000 -0.821092 -0.570797 -0.000000 
-0.464663 0.885488 0.000000 0.033057 -0.999453 0.000000 0.999959 0.009031 0.000000 0.763737 0.645528 0.000000 -0.884634 -0.466286 -0.000000 -0.821105 -0.570777 -0.000000 
-0.464715 0.885460 0.000000 0.033056 -0.999453 0.000000 0.999959 0.009026 0.000000 0.763730 0.645536 0.000000 -0.884606 -0.466339 -0.000000 -0.821117 -0.570761 -0.000000 
-0.464753 0.885440 0.000000 0.033076 -0.999453 0.000000 0.999959 0.009039 0.000000 0.763634 0.645650 0.000000 -0.884586 -0.466377 -0.000000 -0.820981 -0.570955 -0.000000 
-0.464779 0.885427 0.000000 0.033075 -0.999453 0.000000 0.999959 0.009034 0.000000 0.763630 0.645654 0.000000 -0.884572 -0.466404 -0.000000 -0.820988 -0.570945 -0.000000 
-0.464794 0.885419 0.000000 0.033074 -0.999453 0.000000 0.999959 0.009031 0.000000 0.763628 0.645656 0.000000 -0.884562 -0.466422 -0.000000 -0.820993 -0.570938 -0.000000 
-0.464796 0.885418 0.000000 0.033197 -0.999449 0.000000 0.999958 0.009156 0.000000 0.763704 0.645567 0.000000 -0.884561 -0.466425 -0.000000 -0.821092 -0.570796 -0.000000 
-0.464803 0.885414 0.000000 0.033196 -0.999449 0.000000 0.999958 0.009153 0.000000 0.763702 0.645568 0.000000 -0.884556 -0.466435 -0.000000 -0.821097 -0.570789 -0.000000 
-0.464784 0.885424 0.000000 0.033238 -0.999447 0.000000 0.999958 0.009190 0.000000 0.763734 0.645531 0.000000 -0.884564 -0.466419 -0.000000 -0.821105 -0.570778 -0.000000 
-0.464815 0.885408 0.000000 0.033357 -0.999444 0.000000 0.999956 0.009335 0.000000 0.764018 0.645195 0.000000 -0.884549 -0.466446 -0.000000 -0.821491 -0.570222 -0.000000 
-0.464814 0.885408 0.000000 0.033395 -0.999442 0.000000 0.999956 0.009376 0.000000 0.764068 0.645136 0.000000 -0.884550 -0.466446 -0.000000 -0.821564 -0.570116 -0.000000 
-0.464826 0.885402 0.000000 0.033396 -0.999442 0.000000 0.999956 0.009371 0.000000 0.764068 0.645136 0.000000 -0.884542 -0.466461 -0.000000 -0.821576 -0.570099 -0.000000 
-0.464805 0.885413 0.000000 0.033376 -0.999443 0.000000 0.999956 0.009335 0.000000 0.763921 0.645310 0.000000 -0.884551 -0.466443 -0.000000 -0.821350 -0.570425 -0.000000 
-0.464831 0.885400 0.000000 0.033467 -0.999440 0.000000 0.999955 0.009441 0.000000 0.764244 0.644927 0.000000 -0.884537 -0.466471 -0.000000 -0.821796 -0.569782 -0.000000 
-0.464839 0.885395 0.000000 0.033468 -0.999440 0.000000 0.999955 0.009436 0.000000 0.764245 0.644926 0.000000 -0.884531 -0.466482 -0.000000 -0.821807 -0.569765 -0.000000 
-0.464828 0.885401 0.000000 0.033378 -0.999443 0.000000 0.999956 0.009336 0.000000 0.764134 0.645058 0.000000 -0.884535 -0.466474 -0.000000 -0.821637 -0.570011 -0.000000 
-0.464804 0.885413 0.000000 0.033519 -0.999438 0.000000 0.999955 0.009482 0.000000 0.764176 0.645008 0.000000 -0.884547 -0.466451 -0.000000 -0.821712 -0.569904 -0.000000 
-0.464793 0.885419 0.000000 0.033518 -0.999438 0.000000 0.999955 0.009478 0.000000 0.764180 0.645004 0.000000 -0.884551 -0.466443 -0.000000 -0.821718 -0.569894 -0.000000 
-0.464774 0.885429 0.000000 0.033518 -0.999438 0.000000 0.999955 0.009474 0.000000 0.764183 0.644999 0.000000 -0.884559 -0.466428 -0.000000 -0.821723 -0.569888 -0.000000 
-0.464752 0.885441 0.000000 0.033517 -0.999438 0.000000 0.999955 0.009472 0.000000 0.764186 0.644996 0.000000 -0.884568 -0.466411 -0.000000 -0.821725 -0.569884 -0.000000 
-0.464732 0.885452 0.000000 0.033516 -0.999438 0.000000 0.999955 0.009469 0.000000 0.764188 0.644994 0.000000 -0.884577 -0.466395 -0.000000 -0.821727 -0.569881 -0.000000 
-0.464714 0.885461 0.000000 0.033516 -0.999438 0.000000 0.999955 0.009467 0.000000 0.764188 0.644993 0.000000 -0.884583 -0.466383 -0.000000 -0.821728 -0.569879 -0.000000 
-0.464700 0.885468 0.000000 0.033515 -0.999438 0.000000 0.999955 0.009465 0.000000 0.764187 0.644994 0.000000 -0.884587 -0.466375 -0.000000 -0.821728 -0.569879 -0.000000 
-0.464746 0.885444 0.000000 0.033573 -0.999436 0.000000 0.999955 0.009533 0.000000 0.764495 0.644630 0.000000 -0.884561 -0.466424 -0.000000 -0.822158 -0.569260 -0.000000 
-0.464747 0.885444 0.000000 0.033573 -0.999436 0.000000 0.999955 0.009530 0.000000 0.764491 0.644634 0.000000 -0.884557 -0.466431 -0.000000 -0.822161 -0.569256 -0.000000 
-0.464741 0.885447 0.000000 0.033572 -0.999436 0.000000 0.999955 0.009527 0.000000 0.764488 0.644638 0.000000 -0.884557 -0.466432 -0.000000 -0.822162 -0.569254 -0.000000 
-0.464714 0.885461 0.000000 0.033391 -0.999442 0.000000 0.999956 0.009335 0.000000 0.764276 0.644889 0.000000 -0.884567 -0.466413 -0.000000 -0.821839 -0.569720 -0.000000 
-0.464696 0.885470 0.000000 0.033390 -0.999442 0.000000 0.999956 0.009334 0.000000 0.764275 0.644891 0.000000 -0.884572 -0.466403 -0.000000 -0.821838 -0.569722 -0.000000 
-0.464705 0.885466 0.000000 0.033515 -0.999438 0.000000 0.999955 0.009463 0.000000 0.764306 0.644854 0.000000 -0.884565 -0.466417 -0.000000 -0.821902 -0.569629 -0.000000 
-0.464698 0.885469 0.000000 0.033515 -0.999438 0.000000 0.999955 0.009462 0.000000 0.764302 0.644858 0.000000 -0.884565 -0.466416 -0.000000 -0.821901 -0.569630 -0.000000 
-0.464686 0.885476 0.000000 0.033514 -0.999438 0.000000 0.999955 0.009461 0.000000 0.764300 0.644861 0.000000 -0.884568 -0.466411 -0.000000 -0.821900 -0.569632 -0.000000 
-0.464674 0.885482 0.000000 0.033514 -0.999438 0.000000 0.999955 0.009460 0.000000 0.764298 0.644863 0.000000 -0.884571 -0.466405 -0.000000 -0.821899 -0.569634 -0.000000 
-0.464664 0.885487 0.000000 0.033513 -0.999438 0.000000 0.999955 0.009459 0.000000 0.764296 0.644866 0.000000 -0.884574 -0.466400 -0.000000 -0.821897 -0.569636 -0.000000 
-0.464657 0.885491 0.000000 0.033452 -0.999440 0.000000 0.999956 0.009397 0.000000 0.764233 0.644940 0.000000 -0.884575 -0.466398 -0.000000 -0.821792 -0.569788 -0.000000 
-0.464653 0.885493 0.000000 0.033490 -0.999439 0.000000 0.999955 0.009435 0.000000 0.764206 0.644972 0.000000 -0.884575 -0.466399 -0.000000 -0.821763 -0.569829 -0.000000 
-0.464643 0.885498 0.000000 0.033489 -0.999439 0.000000 0.999956 0.009434 0.000000 0.764205 0.644974 0.000000 -0.884578 -0.466392 -0.000000 -0.821762 -0.569831 -0.000000 
-0.464701 0.885468 0.000000 0.033835 -0.999427 0.000000 0.999952 0.009790 0.000000 0.764372 0.644776 0.000000 -0.884546 -0.466453 -0.000000 -0.822049 -0.569416 -0.000000 
-0.464707 0.885464 0.000000 0.033465 -0.999440 0.000000 0.999956 0.009419 0.000000 0.764351 0.644801 0.000000 -0.884542 -0.466460 -0.000000 -0.821993 -0.569498 -0.000000 
-0.464730 0.885452 0.000000 0.033464 -0.999440 0.000000 0.999956 0.009417 0.000000 0.764341 0.644812 0.000000 -0.884528 -0.466488 -0.000000 -0.821992 -0.569499 -0.000000 
-0.464750 0.885442 0.000000 0.033464 -0.999440 0.000000 0.999956 0.009415 0.000000 0.764335 0.644820 0.000000 -0.884514 -0.466513 -0.000000 -0.821995 -0.569495 -0.000000 
-0.464762 0.885436 0.000000 0.033187 -0.999449 0.000000 0.999958 0.009135 0.000000 0.764502 0.644621 0.000000 -0.884508 -0.466526 -0.000000 -0.822141 -0.569283 -0.000000 
-0.464745 0.885445 0.000000 0.033186 -0.999449 0.000000 0.999958 0.009133 0.000000 0.764507 0.644616 0.000000 -0.884515 -0.466512 -0.000000 -0.822146 -0.569276 -0.000000 
-0.464780 0.885426 0.000000 0.033589 -0.999436 0.000000 0.999954 0.009553 0.000000 0.764756 0.644320 0.000000 -0.884497 -0.466545 -0.000000 -0.822538 -0.568710 -0.000000 
-0.464814 0.885408 0.000000 0.033589 -0.999436 0.000000 0.999954 0.009550 0.000000 0.764753 0.644323 0.000000 -0.884479 -0.466581 -0.000000 -0.822548 -0.568695 -0.000000 
-0.464801 0.885415 0.000000 0.033174 -0.999450 0.000000 0.999958 0.009145 0.000000 0.764889 0.644163 0.000000 -0.884487 -0.466566 -0.000000 -0.822695 -0.568483 -0.000000 
-0.464839 0.885395 0.000000 0.033174 -0.999450 0.000000 0.999958 0.009140 0.000000 0.764887 0.644165 0.000000 -0.884467 -0.466603 -0.000000 -0.822707 -0.568465 -0.000000 
-0.464862 0.885383 0.000000 0.033174 -0.999450 0.000000 0.999958 0.009136 0.000000 0.764885 0.644167 0.000000 -0.884454 -0.466628 -0.000000 -0.822717 -0.568452 -0.000000 
-0.464859 0.885385 0.000000 0.033174 -0.999450 0.000000 0.999958 0.009133 0.000000 0.764884 0.644168 0.000000 -0.884455 -0.466625 -0.000000 -0.822722 -0.568444 -0.000000 
-0.464875 0.885376 0.000000 0.033148 -0.999450 0.000000 0.999959 0.009105 0.000000 0.764861 0.644196 0.000000 -0.884447 -0.466640 -0.000000 -0.822694 -0.568485 -0.000000 
-0.464882 0.885372 0.000000 0.033148 -0.999450 0.000000 0.999959 0.009102 0.000000 0.764863 0.644193 0.000000 -0.884443 -0.466648 -0.000000 -0.822701 -0.568474 -0.000000 
-0.464815 0.885408 0.000000 0.032945 -0.999457 0.000000 0.999960 0.008890 0.000000 0.764635 0.644464 0.000000 -0.884480 -0.466579 -0.000000 -0.822340 -0.568997 -0.000000 
-0.464793 0.885419 0.000000 0.032944 -0.999457 0.000000 0.999960 0.008889 0.000000 0.764642 0.644456 0.000000 -0.884492 -0.466556 -0.000000 -0.822342 -0.568993 -0.000000 
-0.464771 0.885431 0.000000 0.032943 -0.999457 0.000000 0.999961 0.008887 0.000000 0.764648 0.644448 0.000000 -0.884504 -0.466533 -0.000000 -0.822344 -0.568990 -0.000000 
-0.464730 0.885452 0.000000 0.032815 -0.999461 0.000000 0.999962 0.008756 0.000000 0.764518 0.644602 0.000000 -0.884526 -0.466491 -0.000000 -0.822133 -0.569295 -0.000000 
-0.464755 0.885439 0.000000 0.032993 -0.999456 0.000000 0.999960 0.008943 0.000000 0.764799 0.644270 0.000000 -0.884514 -0.466513 -0.000000 -0.822552 -0.568689 -0.000000 
-0.464716 0.885460 0.000000 0.032992 -0.999456 0.000000 0.999960 0.008941 0.000000 0.764811 0.644254 0.000000 -0.884536 -0.466473 -0.000000 -0.822558 -0.568682 -0.000000 
-0.464700 0.885468 0.000000 0.032907 -0.999458 0.000000 0.999961 0.008854 0.000000 0.764739 0.644340 0.000000 -0.884544 -0.466457 -0.000000 -0.822448 -0.568840 -0.000000 
-0.464662 0.885488 0.000000 0.032906 -0.999458 0.000000 0.999961 0.008852 0.000000 0.764747 0.644331 0.000000 -0.884562 -0.466422 -0.000000 -0.822449 -0.568838 -0.000000 
-0.464600 0.885521 0.000000 0.032773 -0.999463 0.000000 0.999962 0.008717 0.000000 0.764656 0.644439 0.000000 -0.884595 -0.466360 -0.000000 -0.822298 -0.569058 -0.000000 
-0.464587 0.885527 0.000000 0.032772 -0.999463 0.000000 0.999962 0.008716 0.000000 0.764657 0.644438 0.000000 -0.884601 -0.466349 -0.000000 -0.822297 -0.569058 -0.000000 
-0.464559 0.885542 0.000000 0.032642 -0.999467 0.000000 0.999963 0.008588 0.000000 0.764688 0.644401 0.000000 -0.884615 -0.466323 -0.000000 -0.822341 -0.568995 -0.000000 
-0.464474 0.885587 0.000000 0.032641 -0.999467 0.000000 0.999963 0.008587 0.000000 0.764704 0.644381 0.000000 -0.884658 -0.466241 -0.000000 -0.822340 -0.568996 -0.000000 
-0.464461 0.885594 0.000000 0.032591 -0.999469 0.000000 0.999964 0.008533 0.000000 0.764639 0.644459 0.000000 -0.884664 -0.466229 -0.000000 -0.822211 -0.569183 -0.000000 
-0.464422 0.885614 0.000000 0.032590 -0.999469 0.000000 0.999964 0.008533 0.000000 0.764640 0.644458 0.000000 -0.884684 -0.466191 -0.000000 -0.822207 -0.569189 -0.000000 
-0.464402 0.885625 0.000000 0.032575 -0.999469 0.000000 0.999964 0.008513 0.000000 0.764613 0.644490 0.000000 -0.884694 -0.466173 -0.000000 -0.822139 -0.569287 -0.000000 
-0.464374 0.885639 0.000000 0.032574 -0.999469 0.000000 0.999964 0.008513 0.000000 0.764617 0.644485 0.000000 -0.884707 -0.466148 -0.000000 -0.822138 -0.569289 -0.000000 
-0.464326 0.885664 0.000000 0.032546 -0.999470 0.000000 0.999964 0.008486 0.000000 0.764685 0.644404 0.000000 -0.884733 -0.466098 -0.000000 -0.822182 -0.569225 -0.000000 
-0.464272 0.885693 0.000000 0.032545 -0.999470 0.000000 0.999964 0.008485 0.000000 0.764689 0.644399 0.000000 -0.884761 -0.466045 -0.000000 -0.822179 -0.569229 -0.000000 
-0.464289 0.885684 0.000000 0.032730 -0.999464 0.000000 0.999962 0.008681 0.000000 0.764871 0.644183 0.000000 -0.884752 -0.466063 -0.000000 -0.822453 -0.568833 -0.000000 
-0.464283 0.885687 0.000000 0.032696 -0.999465 0.000000 0.999963 0.008648 0.000000 0.764877 0.644177 0.000000 -0.884755 -0.466056 -0.000000 -0.822459 -0.568824 -0.000000 
-0.464280 0.885689 0.000000 0.032695 -0.999465 0.000000 0.999963 0.008646 0.000000 0.764878 0.644175 0.000000 -0.884756 -0.466055 -0.000000 -0.822464 -0.568817 -0.000000 
-0.464253 0.885703 0.000000 0.032541 -0.999470 0.000000 0.999964 0.008492 0.000000 0.764946 0.644094 0.000000 -0.884772 -0.466024 -0.000000 -0.822500 -0.568766 -0.000000 
-0.464243 0.885708 0.000000 0.032540 -0.999470 0.000000 0.999964 0.008490 0.000000 0.764953 0.644086 0.000000 -0.884777 -0.466014 -0.000000 -0.822507 -0.568755 -0.000000 
-0.464219 0.885721 0.000000 0.032450 -0.999473 0.000000 0.999965 0.008393 0.000000 0.764758 0.644318 0.000000 -0.884791 -0.465988 -0.000000 -0.822220 -0.569170 -0.000000 
-0.464154 0.885754 0.000000 0.032439 -0.999474 0.000000 0.999965 0.008381 0.000000 0.764803 0.644264 0.000000 -0.884823 -0.465928 -0.000000 -0.822263 -0.569107 -0.000000 
-0.464123 0.885771 0.000000 0.032438 -0.999474 0.000000 0.999965 0.008380 0.000000 0.764814 0.644251 0.000000 -0.884840 -0.465895 -0.000000 -0.822267 -0.569102 -0.000000 
-0.464093 0.885787 0.000000 0.032437 -0.999474 0.000000 0.999965 0.008379 0.000000 0.764824 0.644239 0.000000 -0.884857 -0.465863 -0.000000 -0.822271 -0.569097 -0.000000 
-0.464084 0.885791 0.000000 0.032557 -0.999470 0.000000 0.999964 0.008513 0.000000 0.765069 0.643949 0.000000 -0.884863 -0.465851 -0.000000 -0.822633 -0.568573 -0.000000 
-0.464161 0.885751 0.000000 0.032892 -0.999459 0.000000 0.999961 0.008865 0.000000 0.765209 0.643782 0.000000 -0.884826 -0.465922 -0.000000 -0.822857 -0.568248 -0.000000 
-0.464189 0.885736 0.000000 0.032925 -0.999458 0.000000 0.999960 0.008890 0.000000 0.765166 0.643833 0.000000 -0.884811 -0.465951 -0.000000 -0.822781 -0.568358 -0.000000 
-0.464242 0.885708 0.000000 0.032936 -0.999457 0.000000 0.999960 0.008895 0.000000 0.765101 0.643910 0.000000 -0.884785 -0.465999 -0.000000 -0.822681 -0.568503 -0.000000 
-0.464264 0.885697 0.000000 0.032935 -0.999457 0.000000 0.999960 0.008892 0.000000 0.765105 0.643905 0.000000 -0.884775 -0.466018 -0.000000 -0.822694 -0.568484 -0.000000 
-0.464250 0.885704 0.000000 0.032693 -0.999465 0.000000 0.999962 0.008662 0.000000 0.765044 0.643978 0.000000 -0.884788 -0.465994 -0.000000 -0.822533 -0.568718 -0.000000 
-0.464315 0.885670 0.000000 0.032868 -0.999460 0.000000 0.999961 0.008869 0.000000 0.765329 0.643639 0.000000 -0.884759 -0.466050 -0.000000 -0.822966 -0.568090 -0.000000 
-0.464397 0.885627 0.000000 0.032871 -0.999460 0.000000 0.999961 0.008861 0.000000 0.765327 0.643641 0.000000 -0.884719 -0.466125 -0.000000 -0.822991 -0.568055 -0.000000 
-0.464447 0.885601 0.000000 0.032872 -0.999460 0.000000 0.999961 0.008854 0.000000 0.765328 0.643640 0.000000 -0.884694 -0.466171 -0.000000 -0.823011 -0.568026 -0.000000 
-0.464469 0.885590 0.000000 0.032873 -0.999460 0.000000 0.999961 0.008848 0.000000 0.765330 0.643638 0.000000 -0.884686 -0.466187 -0.000000 -0.823025 -0.568005 -0.000000 
-0.464438 0.885606 0.000000 0.032882 -0.999459 0.000000 0.999961 0.008848 0.000000 0.765281 0.643696 0.000000 -0.884706 -0.466149 -0.000000 -0.822945 -0.568121 -0.000000 
-0.464403 0.885624 0.000000 0.032881 -0.999459 0.000000 0.999961 0.008844 0.000000 0.765288 0.643688 0.000000 -0.884728 -0.466108 -0.000000 -0.822952 -0.568111 -0.000000 
-0.464430 0.885610 0.000000 0.033056 -0.999454 0.000000 0.999959 0.009037 0.000000 0.765799 0.643079 0.000000 -0.884715 -0.466132 -0.000000 -0.823631 -0.567126 -0.000000 
-0.464467 0.885590 0.000000 0.033057 -0.999453 0.000000 0.999959 0.009032 0.000000 0.765806 0.643071 0.000000 -0.884699 -0.466162 -0.000000 -0.823652 -0.567096 -0.000000 
-0.464437 0.885606 0.000000 0.032974 -0.999456 0.000000 0.999960 0.008948 0.000000 0.765781 0.643101 0.000000 -0.884720 -0.466123 -0.000000 -0.823624 -0.567137 -0.000000 
-0.464293 0.885682 0.000000 0.033038 -0.999454 0.000000 0.999959 0.009024 0.000000 0.765887 0.642975 0.000000 -0.884800 -0.465970 -0.000000 -0.823734 -0.566977 -0.000000 
-0.464017 0.885826 0.000000 0.032867 -0.999460 0.000000 0.999961 0.008843 0.000000 0.765803 0.643076 0.000000 -0.884950 -0.465687 -0.000000 -0.823530 -0.567272 -0.000000 
-0.463880 0.885898 0.000000 0.032819 -0.999461 0.000000 0.999961 0.008789 0.000000 0.765660 0.643245 0.000000 -0.885026 -0.465542 -0.000000 -0.823305 -0.567600 -0.000000 
-0.463879 0.885898 0.000000 0.032773 -0.999463 0.000000 0.999962 0.008731 0.000000 0.765509 0.643425 0.000000 -0.885028 -0.465538 -0.000000 -0.823082 -0.567923 -0.000000 
-0.463865 0.885906 0.000000 0.032682 -0.999466 0.000000 0.999963 0.008631 0.000000 0.765520 0.643412 0.000000 -0.885037 -0.465521 -0.000000 -0.823039 -0.567985 -0.000000 
-0.463817 0.885931 0.000000 0.032680 -0.999466 0.000000 0.999963 0.008629 0.000000 0.765529 0.643401 0.000000 -0.885064 -0.465469 -0.000000 -0.823044 -0.567977 -0.000000 
-0.463746 0.885968 0.000000 0.032647 -0.999467 0.000000 0.999963 0.008597 0.000000 0.765552 0.643374 0.000000 -0.885102 -0.465398 -0.000000 -0.823045 -0.567976 -0.000000 
-0.463711 0.885986 0.000000 0.032755 -0.999463 0.000000 0.999962 0.008711 0.000000 0.765686 0.643215 0.000000 -0.885119 -0.465365 -0.000000 -0.823232 -0.567705 -0.000000 
-0.463712 0.885986 0.000000 0.032660 -0.999467 0.000000 0.999963 0.008616 0.000000 0.765591 0.643328 0.000000 -0.885121 -0.465361 -0.000000 -0.823080 -0.567925 -0.000000 
-0.463713 0.885986 0.000000 0.032560 -0.999470 0.000000 0.999964 0.008520 0.000000 0.765571 0.643352 0.000000 -0.885122 -0.465358 -0.000000 -0.823048 -0.567972 -0.000000 
-0.463700 0.885992 0.000000 0.032559 -0.999470 0.000000 0.999964 0.008516 0.000000 0.765580 0.643341 0.000000 -0.885130 -0.465345 -0.000000 -0.823058 -0.567957 -0.000000 
-0.463636 0.886026 0.000000 0.032236 -0.999480 0.000000 0.999966 0.008190 0.000000 0.765495 0.643442 0.000000 -0.885163 -0.465280 -0.000000 -0.822909 -0.568173 -0.000000 
-0.463478 0.886109 0.000000 0.032233 -0.999480 0.000000 0.999967 0.008185 0.000000 0.765531 0.643399 0.000000 -0.885246 -0.465123 -0.000000 -0.822914 -0.568166 -0.000000 
-0.463476 0.886109 0.000000 0.032318 -0.999478 0.000000 0.999966 0.008292 0.000000 0.765730 0.643162 0.000000 -0.885247 -0.465121 -0.000000 -0.823211 -0.567736 -0.000000 
-0.463481 0.886107 0.000000 0.032318 -0.999478 0.000000 0.999966 0.008286 0.000000 0.765732 0.643159 0.000000 -0.885243 -0.465128 -0.000000 -0.823221 -0.567721 -0.000000 
-0.463489 0.886103 0.000000 0.032151 -0.999483 0.000000 0.999967 0.008108 0.000000 0.765667 0.643237 0.000000 -0.885239 -0.465137 -0.000000 -0.823098 -0.567900 -0.000000 
-0.463477 0.886109 0.000000 0.032150 -0.999483 0.000000 0.999967 0.008105 0.000000 0.765668 0.643236 0.000000 -0.885243 -0.465130 -0.000000 -0.823101 -0.567894 -0.000000 
-0.463450 0.886123 0.000000 0.032112 -0.999484 0.000000 0.999968 0.008057 0.000000 0.765535 0.643395 0.000000 -0.885255 -0.465106 -0.000000 -0.822898 -0.568189 -0.000000 
-0.463423 0.886137 0.000000 0.032175 -0.999482 0.000000 0.999967 0.008126 0.000000 0.765715 0.643179 0.000000 -0.885264 -0.465089 -0.000000 -0.823146 -0.567829 -0.000000 
-0.463404 0.886147 0.000000 0.032174 -0.999482 0.000000 0.999967 0.008124 0.000000 0.765712 0.643183 0.000000 -0.885272 -0.465074 -0.000000 -0.823146 -0.567829 -0.000000 
-0.463406 0.886146 0.000000 0.032199 -0.999481 0.000000 0.999967 0.008150 0.000000 0.765732 0.643160 0.000000 -0.885268 -0.465082 -0.000000 -0.823178 -0.567783 -0.000000 
