-0.007376 0.146695 0.001734 0.086476 0.047317 0.004115 -0.074134 -0.098945 0.006412 -0.166610 0.003457 0.003976 
-0.007364 0.146698 0.002046 0.086490 0.047318 0.004232 -0.074117 -0.098952 0.006254 -0.166595 0.003453 0.004019 
-0.007318 0.146707 0.002360 0.086544 0.047332 0.004434 -0.074051 -0.098957 0.006032 -0.166537 0.003443 0.003916 
-0.007317 0.146702 0.002605 0.086546 0.047324 0.004484 -0.074048 -0.098967 0.005932 -0.166535 0.003436 0.004015 
-0.007617 0.146513 0.001854 0.086258 0.047139 0.003259 -0.074319 -0.099150 0.006109 -0.166819 0.003249 0.004649 
-0.007567 0.146524 0.002137 0.086322 0.047162 0.003535 -0.074237 -0.099156 0.005929 -0.166751 0.003231 0.004484 
-0.007563 0.146504 0.002330 0.086330 0.047145 0.003644 -0.074222 -0.099182 0.005878 -0.166741 0.003202 0.004520 
-0.007564 0.146499 0.002579 0.086329 0.047139 0.003772 -0.074224 -0.099191 0.005794 -0.166742 0.003195 0.004561 
-0.007564 0.146495 0.002804 0.086329 0.047133 0.003888 -0.074225 -0.099199 0.005716 -0.166743 0.003189 0.004596 
-0.007315 0.146483 0.002982 0.086602 0.047150 0.004513 -0.073912 -0.099233 0.005481 -0.166455 0.003126 0.003921 
-0.007198 0.146500 0.003148 0.086765 0.047214 0.004868 -0.073677 -0.099251 0.005317 -0.166267 0.003062 0.003574 
-0.007055 0.146276 0.002964 0.086928 0.047014 0.004971 -0.073483 -0.099485 0.005504 -0.166094 0.002804 0.003471 
-0.006983 0.146509 0.003426 0.087004 0.047246 0.005244 -0.073397 -0.099264 0.005044 -0.166012 0.003026 0.003212 
-0.007299 0.146352 0.002987 0.086731 0.047127 0.004620 -0.073612 -0.099445 0.004997 -0.166272 0.002806 0.003343 
-0.007186 0.146378 0.003185 0.086873 0.047182 0.004935 -0.073423 -0.099443 0.004817 -0.166113 0.002781 0.003052 
-0.007179 0.146404 0.003431 0.086876 0.047202 0.004947 -0.073427 -0.099415 0.004729 -0.166113 0.002816 0.003201 
-0.007205 0.146360 0.003435 0.086856 0.047162 0.004867 -0.073440 -0.099462 0.004835 -0.166132 0.002763 0.003390 
-0.007203 0.146357 0.003579 0.086860 0.047158 0.004880 -0.073437 -0.099466 0.004848 -0.166130 0.002761 0.003534 
-0.007005 0.146297 0.003675 0.087054 0.047100 0.005279 -0.073240 -0.099527 0.004754 -0.165929 0.002699 0.003142 
-0.006849 0.146242 0.003747 0.087211 0.047048 0.005547 -0.073076 -0.099585 0.004703 -0.165766 0.002637 0.002898 
-0.006850 0.146248 0.003870 0.087213 0.047055 0.005502 -0.073072 -0.099580 0.004717 -0.165766 0.002641 0.003080 
-0.006869 0.146201 0.003826 0.087190 0.047001 0.005327 -0.073106 -0.099623 0.004748 -0.165795 0.002605 0.003240 
-0.006873 0.146015 0.003390 0.087189 0.046820 0.005076 -0.073106 -0.099806 0.005061 -0.165797 0.002416 0.003360 
-0.006713 0.145969 0.003337 0.087350 0.046779 0.005176 -0.072938 -0.099855 0.004877 -0.165631 0.002363 0.003025 
-0.006738 0.145938 0.003368 0.087320 0.046740 0.005004 -0.072979 -0.099882 0.004906 -0.165668 0.002344 0.003257 
-0.006725 0.145932 0.003512 0.087337 0.046737 0.005041 -0.072955 -0.099892 0.004904 -0.165649 0.002332 0.003362 
-0.006567 0.145898 0.003468 0.087502 0.046712 0.005167 -0.072776 -0.099932 0.004796 -0.165477 0.002283 0.003086 
-0.006564 0.145895 0.003608 0.087507 0.046708 0.005153 -0.072772 -0.099935 0.004815 -0.165473 0.002280 0.003260 
-0.006575 0.145766 0.003331 0.087484 0.046567 0.004875 -0.072817 -0.100053 0.005006 -0.165506 0.002174 0.003445 
-0.005938 0.145738 0.003489 0.088141 0.046580 0.006061 -0.072084 -0.100111 0.004248 -0.164795 0.002075 0.001677 
-0.005903 0.145464 0.002918 0.088151 0.046287 0.005658 -0.072122 -0.100360 0.004683 -0.164807 0.001845 0.001931 
-0.005726 0.145407 0.002964 0.088359 0.046268 0.005992 -0.071850 -0.100444 0.004509 -0.164568 0.001724 0.001473 
-0.005707 0.145286 0.002841 0.088371 0.046136 0.005757 -0.071861 -0.100555 0.004706 -0.164571 0.001624 0.001777 
-0.005698 0.145089 0.002447 0.088372 0.045932 0.005379 -0.071884 -0.100737 0.004991 -0.164584 0.001448 0.002037 
-0.005556 0.145126 0.002737 0.088510 0.045960 0.005458 -0.071749 -0.100704 0.004714 -0.164447 0.001491 0.001978 
-0.005157 0.145080 0.002920 0.088889 0.045905 0.006015 -0.071376 -0.100745 0.004473 -0.164053 0.001458 0.001370 
-0.005162 0.145048 0.002973 0.088885 0.045866 0.005799 -0.071391 -0.100775 0.004539 -0.164069 0.001434 0.001704 
-0.005131 0.144630 0.001599 0.088951 0.045500 0.005027 -0.071287 -0.101188 0.005408 -0.164000 0.000970 0.001942 
-0.005187 0.144726 0.001596 0.089026 0.045712 0.004768 -0.071023 -0.101182 0.005149 -0.163871 0.000861 0.001941 
-0.005184 0.144721 0.001915 0.089034 0.045703 0.004789 -0.071014 -0.101193 0.005131 -0.163867 0.000855 0.002225 
-0.004856 0.144682 0.002062 0.089309 0.045619 0.005091 -0.070803 -0.101206 0.004828 -0.163603 0.000886 0.001773 
-0.004742 0.144618 0.002338 0.089371 0.045497 0.005124 -0.070826 -0.101236 0.004852 -0.163571 0.000913 0.002042 
-0.004601 0.144491 0.002383 0.089382 0.045246 0.005109 -0.071012 -0.101273 0.005054 -0.163622 0.001000 0.002303 
-0.004625 0.144436 0.002408 0.089372 0.045205 0.005157 -0.071002 -0.101335 0.005293 -0.163627 0.000923 0.002515 
-0.004622 0.144433 0.002650 0.089377 0.045199 0.005223 -0.070996 -0.101341 0.005327 -0.163624 0.000920 0.002729 
-0.004625 0.144435 0.002870 0.089379 0.045202 0.005309 -0.070989 -0.101344 0.005382 -0.163622 0.000916 0.002918 
-0.005015 0.144864 0.003098 0.089260 0.045886 0.005427 -0.070709 -0.101096 0.005443 -0.163621 0.000913 0.003091 
-0.005497 0.145509 0.003633 0.089358 0.047107 0.006683 -0.069706 -0.100848 0.005355 -0.163216 0.000593 0.002294 
-0.004835 0.144753 0.004752 0.089552 0.045898 0.007724 -0.070198 -0.101306 0.005510 -0.163225 0.000582 0.002541 
-0.003944 0.143774 0.004850 0.089821 0.044338 0.008107 -0.070842 -0.101870 0.006023 -0.163229 0.000590 0.002764 
-0.004340 0.144220 0.004880 0.089689 0.045048 0.008544 -0.070575 -0.101600 0.006638 -0.163234 0.000601 0.002966 
-0.004688 0.144612 0.004881 0.089561 0.045675 0.009158 -0.070357 -0.101352 0.007442 -0.163244 0.000617 0.003149 
-0.004918 0.144868 0.004975 0.089473 0.046085 0.009674 -0.070218 -0.101189 0.008033 -0.163252 0.000627 0.003313 
-0.006742 0.146843 0.005201 0.088884 0.049251 0.009846 -0.068944 -0.100017 0.008131 -0.163250 0.000624 0.003466 
-0.013831 0.154093 0.006558 0.086357 0.061187 0.011110 -0.064110 -0.095481 0.008167 -0.163126 0.000535 0.003614 
-0.021685 0.161286 0.009328 0.082932 0.073433 0.014534 -0.059527 -0.090479 0.008877 -0.163128 0.000538 0.003701 
-0.031401 0.169882 0.013885 0.078415 0.088706 0.020256 -0.053323 -0.083738 0.010154 -0.162325 0.000660 0.003865 
-0.038743 0.177695 0.019089 0.075701 0.103466 0.028176 -0.044642 -0.076757 0.012979 -0.158478 0.000737 0.004019 
-0.044543 0.184819 0.024511 0.073983 0.117862 0.037092 -0.034145 -0.069438 0.016575 -0.152275 0.000815 0.004165 
-0.048573 0.191956 0.030048 0.072572 0.130814 0.046640 -0.025281 -0.061397 0.020688 -0.146201 0.003054 0.004305 -0.277692 -0.199966 0.019488 -0.297161 -0.334458 0.004562 -0.508256 -0.312329 0.033319 -0.491631 -0.176212 0.048804 
-0.046356 0.209413 0.040948 0.075104 0.149867 0.060739 -0.017910 -0.043035 0.024255 -0.139216 0.019815 0.004791 -0.279288 -0.200589 0.018629 -0.297230 -0.335393 0.004640 -0.508550 -0.315473 0.033358 -0.493471 -0.179072 0.047895 
-0.040496 0.235293 0.055864 0.079570 0.173114 0.076055 -0.014889 -0.016432 0.027645 -0.134768 0.049029 0.007946 -0.278864 -0.200595 0.016980 -0.297429 -0.335482 0.004705 -0.509294 -0.313606 0.027342 -0.493594 -0.177093 0.040061 
-0.042592 0.254183 0.064967 0.076840 0.190922 0.085558 -0.017516 0.003215 0.030271 -0.136756 0.069742 0.010266 -0.280354 -0.200223 0.015611 -0.297554 -0.335410 0.004730 -0.510111 -0.314919 0.021382 -0.495799 -0.178123 0.032608 
-0.063204 0.261107 0.062026 0.057023 0.199086 0.081742 -0.036216 0.010128 0.028874 -0.156274 0.075420 0.009717 -0.283175 -0.199630 0.014313 -0.296596 -0.335344 0.004751 -0.509997 -0.320161 0.015102 -0.499512 -0.182910 0.024906 
-0.099008 0.262018 0.050593 0.023027 0.202864 0.067858 -0.067988 0.010884 0.022538 -0.189903 0.073326 0.005749 -0.289005 -0.199071 0.012721 -0.296695 -0.335334 0.004779 -0.510755 -0.328614 0.008040 -0.506067 -0.190930 0.016106 
-0.137115 0.264941 0.040807 -0.012713 0.210195 0.055526 -0.098995 0.014135 0.019339 -0.223368 0.072184 0.004991 -0.295714 -0.198377 0.010662 -0.296960 -0.334965 0.005011 -0.511127 -0.338163 0.004866 -0.512947 -0.200293 0.010569 
-0.163942 0.268894 0.033129 -0.037562 0.218765 0.047447 -0.117834 0.018907 0.019039 -0.244288 0.072348 0.004986 -0.300982 -0.194216 0.008912 -0.297205 -0.330819 0.004996 -0.511110 -0.341886 0.004877 -0.517997 -0.204115 0.008830 
-0.179033 0.271617 0.026467 -0.051503 0.224831 0.041861 -0.127332 0.022408 0.020215 -0.255010 0.072510 0.004980 -0.303837 -0.187898 0.007597 -0.295962 -0.324357 0.004992 -0.509439 -0.341837 0.004889 -0.520458 -0.204303 0.007518 
-0.185444 0.273865 0.020860 -0.057038 0.230240 0.038146 -0.128527 0.025719 0.022200 -0.257150 0.072659 0.004974 -0.299699 -0.182487 0.006797 -0.288244 -0.318712 0.005649 -0.501187 -0.341784 0.004900 -0.515814 -0.204566 0.006048 
-0.204199 0.275968 0.028449 -0.070398 0.248869 0.035704 -0.117411 0.036780 0.037074 -0.251828 0.067144 0.029730 -0.296817 -0.181981 0.005228 -0.284706 -0.318153 0.005690 -0.497537 -0.342256 0.005443 -0.512824 -0.205106 0.004972 
-0.212969 0.308768 0.046135 -0.079516 0.279569 0.051381 -0.129615 0.068213 0.047874 -0.263638 0.100686 0.042627 -0.296873 -0.184475 0.004811 -0.283788 -0.320557 0.005107 -0.496441 -0.346181 0.005162 -0.512709 -0.209144 0.004865 
-0.220619 0.347403 0.063807 -0.087709 0.315926 0.069627 -0.141191 0.105529 0.061492 -0.274618 0.140288 0.055731 -0.296874 -0.184461 0.004826 -0.283790 -0.320543 0.005510 -0.496443 -0.346166 0.005561 -0.512710 -0.209130 0.004871 
-0.238997 0.402677 0.086630 -0.107248 0.366900 0.093853 -0.167051 0.158580 0.079023 -0.299215 0.197651 0.071941 -0.296733 -0.184715 0.004864 -0.283865 -0.320817 0.005603 -0.496558 -0.346102 0.005580 -0.512608 -0.209040 0.004833 
-0.265455 0.449276 0.101832 -0.134184 0.411789 0.109068 -0.196863 0.204150 0.096769 -0.328504 0.244939 0.089638 -0.296611 -0.184745 0.004866 -0.284243 -0.320881 0.006863 -0.497027 -0.345387 0.006867 -0.512574 -0.208281 0.004851 
-0.314142 0.493210 0.111325 -0.180393 0.464980 0.113303 -0.228912 0.253393 0.104901 -0.363256 0.284892 0.103023 -0.296439 -0.186591 0.004870 -0.285286 -0.322784 0.008962 -0.498280 -0.345399 0.008993 -0.512602 -0.208206 0.004862 
-0.351543 0.523368 0.099814 -0.215539 0.510284 0.095180 -0.240282 0.294465 0.093351 -0.377239 0.310731 0.098056 -0.296433 -0.186872 0.004896 -0.284931 -0.322883 0.012540 -0.497864 -0.346067 0.012577 -0.512537 -0.209066 0.004860 
-0.390193 0.560195 0.099005 -0.257965 0.552394 0.065171 -0.273809 0.335764 0.068950 -0.407079 0.346709 0.103055 -0.296452 -0.186781 0.004905 -0.282904 -0.322416 0.015371 -0.495460 -0.348828 0.015554 -0.512195 -0.212254 0.004989 
-0.397429 0.592264 0.062215 -0.265713 0.583867 0.026576 -0.282523 0.367311 0.030431 -0.415263 0.378857 0.066357 -0.296471 -0.186644 0.004909 -0.280444 -0.321577 0.019942 -0.492469 -0.351960 0.020155 -0.511699 -0.216151 0.004979 
-0.402021 0.606920 0.035700 -0.269303 0.598872 0.003907 -0.286420 0.382307 0.004036 -0.420168 0.393500 0.036132 -0.296636 -0.186547 0.004932 -0.279146 -0.320681 0.024734 -0.490818 -0.353420 0.025505 -0.511521 -0.218453 0.005522 
-0.402467 0.607706 0.035188 -0.269560 0.599429 0.004251 -0.286747 0.382873 0.005578 -0.420685 0.394297 0.036793 -0.295354 -0.187868 0.007886 -0.277082 -0.321360 0.031032 -0.488532 -0.355511 0.031438 -0.510021 -0.221211 0.008073 
-0.402669 0.608832 0.034216 -0.269597 0.599508 0.004303 -0.287987 0.383074 0.007774 -0.422074 0.395554 0.037925 -0.296154 -0.195865 0.020072 -0.277477 -0.328469 0.047589 -0.488759 -0.363643 0.047096 -0.510654 -0.230255 0.019305 
-0.402844 0.610127 0.033197 -0.269632 0.599538 0.004348 -0.289804 0.383287 0.009046 -0.424007 0.397041 0.038105 -0.301045 -0.208535 0.039872 -0.282746 -0.340024 0.072515 -0.494087 -0.374850 0.072289 -0.515601 -0.242583 0.039326 
-0.403118 0.611556 0.032086 -0.269753 0.599672 0.004475 -0.292107 0.383627 0.008799 -0.426433 0.398686 0.036613 -0.308127 -0.221714 0.062812 -0.290442 -0.352027 0.100172 -0.501921 -0.385994 0.100662 -0.522818 -0.254903 0.062946 
-0.403374 0.612643 0.030614 -0.269810 0.599643 0.004509 -0.294272 0.383801 0.007252 -0.428770 0.399984 0.033569 -0.315292 -0.234008 0.086089 -0.298550 -0.363267 0.127343 -0.510227 -0.395986 0.127808 -0.530174 -0.265941 0.086160 
-0.403780 0.613422 0.028925 -0.269949 0.599714 0.004610 -0.295968 0.384037 0.004906 -0.430713 0.400931 0.029449 -0.321419 -0.245566 0.108820 -0.305663 -0.373882 0.153277 -0.517501 -0.405535 0.152842 -0.536455 -0.276426 0.107946 
-0.404054 0.613822 0.027404 -0.269993 0.599710 0.004635 -0.296616 0.384106 0.004916 -0.431585 0.401408 0.027899 -0.323625 -0.255163 0.129344 -0.308646 -0.382478 0.176847 -0.520531 -0.413748 0.174682 -0.538700 -0.285645 0.126687 
-0.404002 0.613904 0.025768 -0.269691 0.599537 0.004693 -0.296621 0.383973 0.005310 -0.431837 0.401531 0.026579 -0.321674 -0.258055 0.141758 -0.306329 -0.384632 0.191079 -0.517908 -0.417656 0.186436 -0.536442 -0.290322 0.136569 
-0.404532 0.612974 0.023426 -0.269770 0.599593 0.004714 -0.294782 0.383813 0.007374 -0.430480 0.400379 0.026228 -0.315445 -0.251182 0.142835 -0.299851 -0.377881 0.191763 -0.510978 -0.412866 0.182858 -0.529758 -0.285438 0.133326 
-0.405178 0.611120 0.020531 -0.269866 0.599684 0.004731 -0.291340 0.383597 0.010966 -0.427645 0.398204 0.026829 -0.305441 -0.235764 0.134773 -0.289502 -0.363323 0.181297 -0.499919 -0.400526 0.166527 -0.519038 -0.272262 0.119339 
-0.405822 0.608641 0.017265 -0.269974 0.599794 0.004743 -0.286999 0.383485 0.015434 -0.423908 0.395481 0.027926 -0.292776 -0.214537 0.121808 -0.276357 -0.343326 0.164628 -0.485736 -0.382784 0.142689 -0.505324 -0.253309 0.099138 
-0.406385 0.605836 0.013689 -0.270095 0.599916 0.004755 -0.282369 0.383595 0.020519 -0.419791 0.392637 0.029315 -0.278530 -0.190317 0.107483 -0.261255 -0.320367 0.145934 -0.469183 -0.362230 0.116086 -0.489615 -0.231518 0.076832 
-0.406821 0.604309 0.010176 -0.270247 0.601428 0.004800 -0.277891 0.385315 0.025549 -0.415666 0.391286 0.030683 -0.264295 -0.167856 0.093964 -0.245989 -0.298929 0.128236 -0.452132 -0.343014 0.090300 -0.473579 -0.211301 0.055150 
-0.407043 0.613236 0.006989 -0.270350 0.612930 0.004818 -0.274413 0.396656 0.024887 -0.412359 0.400029 0.026794 -0.251584 -0.151697 0.081780 -0.231639 -0.283221 0.113298 -0.435755 -0.330254 0.068551 -0.458828 -0.198127 0.036084 
-0.406383 0.632678 0.004926 -0.269712 0.634988 0.007308 -0.270152 0.418069 0.019132 -0.408126 0.418811 0.016559 -0.236892 -0.138937 0.066340 -0.215360 -0.270654 0.095952 -0.416869 -0.320758 0.043401 -0.441506 -0.188481 0.012746 
-0.406375 0.651390 0.004925 -0.269944 0.656496 0.012012 -0.265820 0.439303 0.013928 -0.403618 0.437224 0.006746 -0.229448 -0.137733 0.054089 -0.207863 -0.270123 0.080488 -0.410892 -0.318203 0.032061 -0.435605 -0.185217 0.004709 
-0.406497 0.654515 0.004922 -0.270247 0.660478 0.014416 -0.264662 0.443309 0.014543 -0.402297 0.440365 0.004957 -0.228698 -0.141965 0.054758 -0.209431 -0.274903 0.080175 -0.413197 -0.319107 0.031156 -0.435580 -0.185512 0.004788 
-0.406441 0.654571 0.004911 -0.270453 0.660459 0.017666 -0.264985 0.443287 0.017828 -0.402353 0.440419 0.004948 -0.230648 -0.142299 0.062081 -0.212525 -0.275218 0.088426 -0.414552 -0.319157 0.032461 -0.435755 -0.185578 0.005055 
-0.406418 0.654602 0.004927 -0.270830 0.659968 0.021565 -0.266187 0.442776 0.021746 -0.403141 0.440436 0.004946 -0.233927 -0.141281 0.071615 -0.216501 -0.274032 0.099242 -0.415568 -0.319003 0.034224 -0.436026 -0.185607 0.005394 
-0.406579 0.654606 0.004931 -0.271593 0.659452 0.026022 -0.267820 0.442244 0.026521 -0.404154 0.440429 0.005220 -0.237783 -0.139570 0.081014 -0.220919 -0.272031 0.110328 -0.416477 -0.318608 0.036399 -0.436316 -0.185528 0.005737 
-0.406646 0.654645 0.004934 -0.272523 0.658931 0.031056 -0.269812 0.441711 0.032377 -0.405259 0.440461 0.005986 -0.242107 -0.137684 0.090086 -0.225785 -0.269799 0.121216 -0.417396 -0.318255 0.038664 -0.436630 -0.185553 0.006045 
-0.406854 0.654664 0.004936 -0.273941 0.658617 0.036694 -0.272039 0.441396 0.038983 -0.406252 0.440483 0.006888 -0.246682 -0.136476 0.099082 -0.231486 -0.268327 0.131857 -0.418900 -0.317910 0.040780 -0.436937 -0.185490 0.006377 
-0.406866 0.654781 0.004939 -0.275428 0.658043 0.042401 -0.274926 0.440822 0.045326 -0.407630 0.440607 0.007463 -0.252088 -0.135805 0.108741 -0.238347 -0.267474 0.142865 -0.420794 -0.317849 0.042599 -0.437290 -0.185625 0.006703 
-0.406644 0.655238 0.004972 -0.276704 0.656433 0.047447 -0.280019 0.439248 0.051148 -0.411157 0.441119 0.008214 -0.258786 -0.134437 0.118883 -0.246399 -0.265772 0.154764 -0.422700 -0.317802 0.044816 -0.437741 -0.185938 0.007006 
-0.407432 0.655808 0.004975 -0.279294 0.654495 0.052606 -0.287814 0.437497 0.058354 -0.417060 0.441897 0.010186 -0.269887 -0.131105 0.127702 -0.258655 -0.261828 0.166111 -0.428752 -0.316538 0.047994 -0.442538 -0.185331 0.007514 
-0.422272 0.660261 0.004989 -0.294779 0.657522 0.054261 -0.306187 0.440682 0.060907 -0.434741 0.446520 0.011068 -0.292442 -0.127027 0.130067 -0.282609 -0.257596 0.169373 -0.451275 -0.311916 0.049045 -0.463628 -0.180859 0.007628 
-0.447987 0.666261 0.004988 -0.320088 0.662353 0.053116 -0.333263 0.445604 0.059452 -0.462201 0.452621 0.010773 -0.323634 -0.123530 0.128784 -0.314727 -0.254011 0.168601 -0.484570 -0.307349 0.049496 -0.496004 -0.176367 0.007581 -0.996351 0.478212 0.004365 -0.934976 0.454762 0.010622 -0.930338 0.469027 0.018599 -0.991713 0.492478 0.012343 
-0.476771 0.671149 0.004987 -0.348110 0.665626 0.050875 -0.363778 0.449041 0.057125 -0.493450 0.457685 0.010709 -0.359699 -0.120613 0.125845 -0.351727 -0.251203 0.165499 -0.524138 -0.302439 0.049194 -0.534666 -0.171316 0.007483 -0.996398 0.478282 0.004412 -0.933636 0.459186 0.011648 -0.930073 0.473853 0.019448 -0.992834 0.492949 0.012212 
-0.507817 0.675043 0.004987 -0.378114 0.667299 0.047495 -0.397213 0.450992 0.053829 -0.527889 0.461875 0.010824 -0.401060 -0.118333 0.121302 -0.394364 -0.249166 0.160387 -0.570570 -0.297021 0.048408 -0.579863 -0.165604 0.007334 -0.996473 0.478446 0.004459 -0.933186 0.461954 0.013338 -0.930292 0.477005 0.020670 -0.993579 0.493498 0.011791 
-0.539101 0.678132 0.004987 -0.408311 0.667769 0.043410 -0.431535 0.451885 0.050366 -0.563249 0.465406 0.011476 -0.449260 -0.115883 0.115042 -0.445006 -0.247141 0.153029 -0.626335 -0.289067 0.047011 -0.633236 -0.157135 0.007132 -0.996563 0.478707 0.004507 -0.933330 0.463318 0.015493 -0.930704 0.478777 0.022034 -0.993938 0.494166 0.011048 
-0.571824 0.682174 0.004987 -0.440034 0.669858 0.039187 -0.466234 0.454342 0.046951 -0.598915 0.469830 0.012314 -0.500562 -0.110503 0.107228 -0.499136 -0.242287 0.143571 -0.686130 -0.276841 0.044996 -0.690258 -0.144272 0.006884 -0.996601 0.479077 0.004560 -0.933338 0.465174 0.017226 -0.930900 0.481121 0.022557 -0.994164 0.495024 0.009891 
-0.601076 0.686036 0.004985 -0.468621 0.671860 0.035719 -0.497615 0.456726 0.044107 -0.630929 0.474086 0.012959 -0.547729 -0.103831 0.100026 -0.549334 -0.236095 0.134575 -0.741011 -0.263052 0.042863 -0.742145 -0.129890 0.006661 -0.996709 0.479552 0.004629 -0.933358 0.467250 0.018462 -0.930986 0.483655 0.022189 -0.994337 0.495957 0.008356 
-0.617705 0.687360 0.004982 -0.485294 0.669799 0.034118 -0.519753 0.455503 0.043265 -0.652944 0.476268 0.013720 -0.583323 -0.100961 0.097348 -0.587889 -0.233301 0.131336 -0.781447 -0.254844 0.042179 -0.779618 -0.121527 0.006579 -0.997964 0.480002 0.004683 -0.934693 0.468304 0.019380 -0.932117 0.484958 0.021546 -0.995388 0.496656 0.006849 
-0.619935 0.687406 0.004971 -0.488273 0.665621 0.034642 -0.529614 0.452542 0.043686 -0.661953 0.477554 0.013603 -0.610325 -0.102202 0.098337 -0.619092 -0.234267 0.132567 -0.812768 -0.250096 0.042472 -0.806698 -0.116974 0.006615 -0.999551 0.480253 0.004716 -0.936802 0.467127 0.020410 -0.933652 0.483770 0.021732 -0.996400 0.496896 0.006038 
-0.619717 0.687482 0.004966 -0.488819 0.661643 0.034768 -0.536540 0.449863 0.042870 -0.668016 0.478950 0.012668 -0.632227 -0.105421 0.100574 -0.645084 -0.236918 0.135689 -0.838085 -0.248033 0.043466 -0.827877 -0.115417 0.006685 -1.001525 0.479842 0.004783 -0.939537 0.464500 0.021462 -0.935671 0.481023 0.022289 -0.997658 0.496365 0.005611 
-0.618614 0.687712 0.004961 -0.488540 0.658163 0.034916 -0.541968 0.447697 0.041507 -0.672532 0.480512 0.011172 -0.651833 -0.109286 0.103136 -0.668451 -0.240042 0.139420 -0.860452 -0.247297 0.044758 -0.846431 -0.115374 0.006760 -1.011407 0.477859 0.004893 -0.950078 0.460280 0.021797 -0.945418 0.476618 0.021880 -1.006747 0.494197 0.004976 
-0.617643 0.687740 0.004926 -0.488518 0.654756 0.035402 -0.547253 0.445667 0.040474 -0.676783 0.481930 0.009634 -0.669727 -0.112584 0.105832 -0.689655 -0.242583 0.143154 -0.880465 -0.246665 0.045928 -0.863085 -0.115461 0.006846 -1.012836 0.478366 0.005209 -0.953312 0.456946 0.024026 -0.947494 0.472907 0.023792 -1.007018 0.494327 0.004975 
-0.617340 0.687732 0.004916 -0.489259 0.651875 0.036528 -0.552548 0.444093 0.040410 -0.680960 0.483238 0.008440 -0.686436 -0.115084 0.108490 -0.709244 -0.244356 0.146679 -0.898782 -0.245834 0.046925 -0.878476 -0.115326 0.006931 -1.013429 0.478682 0.005472 -0.954895 0.455767 0.025591 -0.948555 0.471521 0.025090 -1.007088 0.494437 0.004971 
-0.617404 0.687729 0.004918 -0.490344 0.649788 0.038177 -0.557047 0.443062 0.041145 -0.684379 0.484296 0.007526 -0.700976 -0.116228 0.111191 -0.726286 -0.244876 0.149906 -0.914455 -0.244126 0.047585 -0.891604 -0.114216 0.007023 -1.013795 0.478861 0.005548 -0.956015 0.455183 0.026921 -0.949393 0.470818 0.026339 -1.007173 0.494496 0.004966 
-0.617485 0.687742 0.004922 -0.491424 0.648479 0.040372 -0.560476 0.442518 0.042774 -0.686767 0.485076 0.006951 -0.711319 -0.115992 0.114274 -0.738470 -0.244167 0.153309 -0.925008 -0.242203 0.048060 -0.900274 -0.112753 0.007132 -1.014051 0.478937 0.005451 -0.956958 0.454836 0.028156 -0.950189 0.470411 0.027666 -1.007281 0.494512 0.004961 
-0.617409 0.687793 0.004911 -0.492329 0.648047 0.043188 -0.562751 0.442556 0.046007 -0.688031 0.485594 0.007322 -0.716521 -0.114071 0.117796 -0.744750 -0.241967 0.156981 -0.929362 -0.240000 0.048389 -0.903512 -0.110832 0.007262 -1.014198 0.478921 0.005214 -0.957721 0.454705 0.029297 -0.950934 0.470278 0.029039 -1.007410 0.494494 0.004956 
-0.617307 0.687865 0.004908 -0.493175 0.648250 0.046283 -0.564342 0.443039 0.050430 -0.688655 0.485941 0.008600 -0.718689 -0.110496 0.121299 -0.747490 -0.238273 0.160457 -0.930115 -0.236919 0.048547 -0.903659 -0.107880 0.007400 -1.014215 0.478698 0.004989 -0.958184 0.454789 0.030383 -0.951518 0.470416 0.030388 -1.007549 0.494325 0.004993 
-0.616883 0.688036 0.004916 -0.493837 0.648735 0.049693 -0.565695 0.443802 0.055388 -0.688903 0.486382 0.010101 -0.720912 -0.106076 0.124650 -0.750356 -0.233746 0.163681 -0.930998 -0.232788 0.048592 -0.903864 -0.103863 0.007528 -1.015039 0.476429 0.004990 -0.959015 0.453596 0.031370 -0.952573 0.469317 0.031296 -1.008597 0.492150 0.004916 
-0.616954 0.689634 0.005059 -0.494878 0.650736 0.052748 -0.567247 0.446027 0.059855 -0.689468 0.488197 0.011608 -0.723071 -0.101057 0.127890 -0.753037 -0.228620 0.166868 -0.931686 -0.228282 0.048706 -0.903996 -0.099473 0.007651 -1.014988 0.476380 0.004974 -0.959284 0.454174 0.032540 -0.952991 0.469956 0.032538 -1.008696 0.492162 0.004972 
-0.618781 0.694376 0.005472 -0.497379 0.656010 0.055266 -0.569524 0.451232 0.062675 -0.691067 0.492867 0.012300 -0.725149 -0.095433 0.130774 -0.755441 -0.222888 0.169855 -0.932255 -0.223461 0.048966 -0.904209 -0.094774 0.007768 -1.015607 0.474859 0.005024 -0.960467 0.452967 0.033943 -0.954161 0.468743 0.033862 -1.009301 0.490635 0.004942 
-0.621426 0.700376 0.004961 -0.500653 0.662692 0.056765 -0.572204 0.457706 0.064174 -0.693120 0.498656 0.011768 -0.727054 -0.089515 0.133403 -0.757404 -0.216836 0.172875 -0.932473 -0.218891 0.049488 -0.904344 -0.090362 0.007859 -1.015660 0.474739 0.004997 -0.961089 0.453267 0.035278 -0.954845 0.469068 0.035230 -1.009416 0.490540 0.004949 
-0.622537 0.706652 0.004964 -0.502613 0.669420 0.059019 -0.573986 0.464366 0.066267 -0.694048 0.504860 0.011592 -0.729239 -0.083383 0.136294 -0.759910 -0.210502 0.176169 -0.932991 -0.213849 0.050036 -0.904509 -0.085543 0.007960 -1.016310 0.473366 0.005064 -0.962352 0.452331 0.036720 -0.956094 0.468126 0.036548 -1.010052 0.489161 0.004892 
-0.622586 0.713513 0.004963 -0.503686 0.676441 0.061342 -0.575093 0.471368 0.067636 -0.694120 0.511700 0.010628 -0.732018 -0.077956 0.139874 -0.763123 -0.204775 0.180363 -0.933627 -0.209867 0.050824 -0.904670 -0.081888 0.008081 -1.016693 0.470770 0.005281 -0.963605 0.449970 0.038522 -0.957233 0.465717 0.038200 -1.010322 0.486517 0.004958 
-0.622591 0.719130 0.004961 -0.505031 0.681706 0.063858 -0.577113 0.476825 0.068507 -0.694779 0.517510 0.008980 -0.735880 -0.075274 0.144577 -0.767686 -0.201620 0.185990 -0.934614 -0.209096 0.051987 -0.904897 -0.081630 0.008245 -1.017086 0.465513 0.005480 -0.965231 0.444687 0.040599 -0.958600 0.460321 0.040079 -1.010455 0.481147 0.004960 
-0.620812 0.721726 0.004961 -0.505003 0.683933 0.067008 -0.578196 0.479422 0.070464 -0.694078 0.520475 0.007773 -0.740390 -0.073458 0.149793 -0.773549 -0.199242 0.191850 -0.936295 -0.208401 0.052899 -0.905153 -0.081527 0.008435 -1.017588 0.457672 0.005723 -0.967263 0.436796 0.042973 -0.960282 0.452267 0.042213 -1.010608 0.473143 0.004963 
-0.616682 0.724889 0.004963 -0.503039 0.686922 0.070794 -0.576823 0.482600 0.072234 -0.690510 0.523825 0.005752 -0.745380 -0.072107 0.155193 -0.780293 -0.197244 0.197756 -0.938412 -0.207772 0.053655 -0.905432 -0.081569 0.008607 -1.018215 0.446889 0.006052 -0.969743 0.426051 0.045704 -0.962305 0.441288 0.044619 -1.010777 0.462126 0.004968 
-0.612661 0.725933 0.004964 -0.501358 0.687754 0.074563 -0.576498 0.483923 0.075256 -0.687802 0.525355 0.004980 -0.750843 -0.070925 0.160788 -0.787954 -0.195287 0.203760 -0.940996 -0.206907 0.054358 -0.905723 -0.081503 0.008821 -1.018886 0.433716 0.006501 -0.972393 0.413329 0.048677 -0.964455 0.428273 0.047150 -1.010949 0.448660 0.004975 
-0.605143 0.723264 0.006609 -0.497672 0.681360 0.079983 -0.580322 0.480457 0.079040 -0.687652 0.525609 0.004976 -0.745219 -0.102567 0.162424 -0.804939 -0.223657 0.183886 -0.956019 -0.180781 0.038235 -0.897890 -0.057898 0.014471 -1.019626 0.422666 0.006934 -0.975291 0.402942 0.051671 -0.966826 0.417543 0.049719 -1.011161 0.437267 0.004982 
-0.591072 0.716500 0.013221 -0.490197 0.665756 0.090287 -0.587310 0.471580 0.082632 -0.687776 0.525562 0.004936 -0.732821 -0.131615 0.158779 -0.808171 -0.245580 0.163702 -0.958419 -0.157819 0.038798 -0.884496 -0.041485 0.032032 -1.020597 0.417419 0.006982 -0.979436 0.397454 0.054556 -0.970261 0.411614 0.052560 -1.011422 0.431579 0.004987 
-0.577640 0.708246 0.022025 -0.484625 0.648449 0.102413 -0.595620 0.462440 0.085850 -0.687955 0.525445 0.004926 -0.724604 -0.150439 0.155613 -0.811084 -0.256245 0.151611 -0.962735 -0.135507 0.060497 -0.877594 -0.026937 0.063228 -1.021940 0.412865 0.006811 -0.985050 0.392141 0.057462 -0.974947 0.405679 0.055643 -1.011837 0.426403 0.004991 
-0.568578 0.701633 0.029707 -0.483040 0.636036 0.113791 -0.602940 0.456530 0.089388 -0.687600 0.525299 0.004844 -0.730618 -0.155373 0.157439 -0.826557 -0.252396 0.148945 -0.974051 -0.108660 0.090097 -0.879300 -0.008628 0.097828 -1.023519 0.406869 0.006414 -0.991691 0.385555 0.060161 -0.980617 0.398354 0.058678 -1.012444 0.419668 0.004931 
-0.560273 0.694530 0.039271 -0.483253 0.623334 0.126957 -0.610787 0.450813 0.092824 -0.686738 0.525134 0.004781 -0.733294 -0.149209 0.177444 -0.831443 -0.243949 0.168442 -0.976074 -0.096227 0.112425 -0.879049 0.001557 0.120710 -1.024767 0.401709 0.005977 -0.998336 0.380371 0.062564 -0.986397 0.392414 0.061529 -1.012828 0.413752 0.004942 
-0.554602 0.690633 0.047780 -0.485506 0.617081 0.140006 -0.615696 0.448494 0.097314 -0.683609 0.525139 0.004809 -0.744433 -0.137037 0.191057 -0.844416 -0.229885 0.182535 -0.986204 -0.079605 0.126059 -0.887288 0.016305 0.133852 -1.025899 0.395666 0.005442 -1.005177 0.375011 0.064603 -0.992522 0.386338 0.064125 -1.013244 0.406993 0.004964 
-0.550275 0.686509 0.057481 -0.489992 0.610662 0.153933 -0.621828 0.446166 0.101450 -0.680821 0.525071 0.004818 -0.759541 -0.119200 0.198093 -0.861498 -0.209849 0.189304 -1.000501 -0.056054 0.135425 -0.899550 0.037687 0.143526 -1.026762 0.390299 0.004996 -1.011732 0.371071 0.066318 -0.998516 0.381748 0.066426 -1.013546 0.400976 0.005104 
-0.548311 0.684832 0.065330 -0.496684 0.609220 0.166854 -0.627155 0.446302 0.106616 -0.677428 0.524947 0.004972 -0.783892 -0.099233 0.192850 -0.889417 -0.185665 0.183685 -1.023450 -0.025231 0.137063 -0.918826 0.064347 0.145647 -1.027234 0.385078 0.004944 -1.017662 0.368164 0.068018 -1.004054 0.378316 0.068674 -1.013626 0.395229 0.005601 
-0.548491 0.684487 0.070695 -0.505750 0.610645 0.177516 -0.634466 0.448416 0.111884 -0.675793 0.525263 0.004970 -0.812271 -0.079931 0.182919 -0.926306 -0.155036 0.176214 -1.045439 0.019563 0.141566 -0.932007 0.097907 0.147838 -1.027625 0.381718 0.004954 -1.023385 0.367778 0.069325 -1.009506 0.377505 0.070518 -1.013746 0.391444 0.006146 
-0.550695 0.689884 0.075514 -0.516957 0.619366 0.187670 -0.640923 0.455488 0.117170 -0.673228 0.529003 0.004939 -0.843293 -0.054293 0.176833 -0.961249 -0.123029 0.169653 -1.071159 0.058421 0.140104 -0.953636 0.130433 0.146929 -1.028075 0.380797 0.005661 -1.029095 0.370494 0.070844 -1.015124 0.380009 0.072566 -1.014105 0.390311 0.007383 
-0.554615 0.690705 0.083939 -0.531717 0.621221 0.199427 -0.651554 0.458138 0.120453 -0.672974 0.530599 0.004976 -0.868878 -0.023942 0.188312 -0.987103 -0.091544 0.176361 -1.093225 0.090455 0.137731 -0.975376 0.161329 0.149243 -1.030585 0.387430 0.013379 -1.036376 0.380538 0.078762 -1.022382 0.389912 0.080990 -1.016591 0.396804 0.015606 
-0.560711 0.680227 0.104123 -0.543875 0.600238 0.213705 -0.666760 0.449156 0.117439 -0.682016 0.532052 0.008171 -0.919788 -0.012136 0.158112 -1.039346 -0.075312 0.138001 -1.139821 0.112026 0.111789 -1.020544 0.178508 0.131719 -1.028908 0.406155 0.012633 -1.035138 0.398355 0.077874 -1.021135 0.407659 0.080323 -1.014905 0.415460 0.015083 
-0.571258 0.661709 0.126558 -0.562669 0.570730 0.228238 -0.684803 0.434350 0.111287 -0.691744 0.528133 0.010289 -0.958657 0.020729 0.132206 -1.076974 -0.046679 0.120085 -1.185616 0.136950 0.101239 -1.067709 0.207653 0.113207 -1.030395 0.419996 0.011275 -1.037430 0.410794 0.076251 -1.023258 0.419736 0.079051 -1.016223 0.428939 0.014076 
-0.584389 0.630242 0.139543 -0.583889 0.530100 0.232609 -0.707551 0.411058 0.099454 -0.706305 0.513846 0.007383 -0.982883 0.060823 0.119775 -1.096844 -0.013321 0.105449 -1.216207 0.163782 0.089186 -1.102853 0.241193 0.103418 -1.032365 0.429387 0.009635 -1.041071 0.418140 0.074084 -1.026777 0.426663 0.077503 -1.018070 0.437910 0.013053 
-0.600120 0.591422 0.161522 -0.610429 0.480910 0.241337 -0.729580 0.385298 0.086885 -0.717484 0.498225 0.008494 -0.997026 0.107425 0.129434 -1.103367 0.024079 0.108580 -1.235214 0.190668 0.081333 -1.129734 0.277218 0.101998 -1.034497 0.435084 0.007304 -1.044431 0.421679 0.071160 -1.029983 0.429708 0.075093 -1.020049 0.443113 0.011236 
-0.615923 0.552376 0.171793 -0.634427 0.437553 0.243648 -0.752554 0.358439 0.079390 -0.732200 0.475484 0.009173 -1.012130 0.130592 0.130108 -1.114781 0.042216 0.111607 -1.253320 0.202137 0.078286 -1.151661 0.293670 0.096488 -1.036626 0.436087 0.004988 -1.048749 0.420002 0.067840 -1.034234 0.427471 0.072551 -1.022111 0.443555 0.009699 
-0.625607 0.525083 0.173964 -0.647975 0.409340 0.243196 -0.767842 0.337596 0.076827 -0.743561 0.455465 0.009289 -1.014092 0.141516 0.170995 -1.113620 0.047927 0.165986 -1.257855 0.196690 0.111732 -1.159432 0.293327 0.116009 -1.035827 0.433862 0.004988 -1.050180 0.415122 0.066622 -1.035585 0.421893 0.072080 -1.021231 0.440633 0.010446 
-0.630170 0.515237 0.175549 -0.653046 0.399797 0.245119 -0.773956 0.328461 0.079331 -0.749148 0.446018 0.011443 -1.024380 0.145996 0.217436 -1.122873 0.051250 0.213954 -1.264443 0.193718 0.139532 -1.167027 0.291433 0.141979 -1.034420 0.432052 0.004988 -1.050038 0.411618 0.065771 -1.035389 0.417905 0.071648 -1.019771 0.438339 0.010866 
-0.633727 0.506941 0.185935 -0.657666 0.392477 0.256750 -0.777396 0.319514 0.090813 -0.751531 0.436109 0.021671 -1.040490 0.158692 0.224103 -1.137964 0.062860 0.221925 -1.281369 0.203078 0.146747 -1.185008 0.301857 0.147866 -1.032629 0.429454 0.004989 -1.049186 0.408311 0.065279 -1.034482 0.414231 0.071393 -1.017925 0.435373 0.011103 
-0.637044 0.498561 0.203279 -0.663144 0.385067 0.274888 -0.780099 0.311020 0.107460 -0.752092 0.426650 0.037537 -1.056394 0.171413 0.201803 -1.153296 0.074988 0.200310 -1.301127 0.217199 0.138668 -1.205408 0.316604 0.139290 -1.030271 0.428547 0.004989 -1.047387 0.407226 0.065060 -1.032625 0.412893 0.071277 -1.015510 0.434214 0.011207 
-0.639630 0.489628 0.221797 -0.668507 0.377229 0.294062 -0.782501 0.302499 0.124903 -0.751732 0.417035 0.054342 -1.074923 0.192788 0.165003 -1.170951 0.095487 0.163971 -1.324196 0.239902 0.124750 -1.229437 0.340224 0.125229 -1.027861 0.428855 0.004990 -1.045095 0.407527 0.065024 -1.030209 0.412897 0.071206 -1.012974 0.434225 0.011171 
-0.641099 0.485186 0.236229 -0.672037 0.374039 0.309571 -0.783439 0.297590 0.139457 -0.750627 0.410886 0.067822 -1.096254 0.216173 0.134121 -1.192428 0.119238 0.127484 -1.347003 0.266509 0.110296 -1.252116 0.366503 0.116750 -1.026288 0.429553 0.004992 -1.043340 0.408378 0.065133 -1.028298 0.413456 0.071185 -1.011246 0.434631 0.011045 
-0.640527 0.483945 0.244629 -0.672797 0.374160 0.319433 -0.782384 0.295272 0.149253 -0.748252 0.407227 0.076143 -1.112806 0.241431 0.123893 -1.209101 0.147247 0.100516 -1.362068 0.297126 0.096640 -1.267035 0.394379 0.120189 -1.026169 0.430234 0.004990 -1.042614 0.409478 0.065444 -1.027358 0.414224 0.071224 -1.010914 0.434980 0.010769 
-0.639348 0.483056 0.247173 -0.672309 0.374633 0.323645 -0.781719 0.293460 0.154429 -0.746892 0.404072 0.079621 -1.116474 0.258687 0.136473 -1.209628 0.169587 0.090939 -1.361063 0.321050 0.088896 -1.269179 0.413193 0.134844 -1.025862 0.430675 0.004990 -1.041622 0.410549 0.065839 -1.026165 0.414997 0.071313 -1.010405 0.435123 0.010465 
-0.635381 0.484746 0.244545 -0.668254 0.377714 0.322989 -0.778210 0.293721 0.155512 -0.743464 0.402968 0.078689 -1.128021 0.278230 0.162504 -1.211945 0.198468 0.089808 -1.360624 0.352490 0.082766 -1.278021 0.435241 0.156068 -1.025676 0.432417 0.004993 -1.039194 0.413291 0.066698 -1.023480 0.417630 0.071485 -1.009962 0.436756 0.009781 
-0.635984 0.482087 0.244644 -0.669149 0.374412 0.322079 -0.779032 0.292125 0.153710 -0.743993 0.401997 0.077919 -1.143058 0.288215 0.155115 -1.226614 0.213894 0.076474 -1.373375 0.369903 0.076010 -1.291115 0.447188 0.155409 -1.025677 0.434062 0.004994 -1.037821 0.415454 0.067141 -1.021943 0.419644 0.071498 -1.009799 0.438253 0.009351 
-0.639747 0.471654 0.249574 -0.675198 0.364067 0.326112 -0.783836 0.283783 0.155977 -0.746507 0.393539 0.081116 -1.151825 0.290159 0.130636 -1.241064 0.218531 0.055832 -1.386796 0.374803 0.070630 -1.298784 0.449373 0.146374 -1.025701 0.434415 0.004893 -1.036330 0.416137 0.067415 -1.020269 0.420088 0.071300 -1.009641 0.438366 0.008779 
-0.641003 0.462520 0.248389 -0.677578 0.355328 0.324953 -0.786933 0.276073 0.154795 -0.748458 0.385414 0.079907 -1.156377 0.287978 0.120464 -1.249023 0.216309 0.049966 -1.393538 0.373057 0.070539 -1.302068 0.447675 0.142017 -1.025517 0.434012 0.004893 -1.035332 0.415841 0.067578 -1.019112 0.419416 0.071154 -1.009297 0.437587 0.008469 
-0.640856 0.453112 0.246846 -0.678698 0.346744 0.323943 -0.789185 0.268065 0.154249 -0.749415 0.376566 0.078818 -1.160333 0.286885 0.106180 -1.257559 0.214594 0.042849 -1.400382 0.371568 0.071802 -1.304264 0.446818 0.136166 -1.025120 0.433945 0.004905 -1.033420 0.416414 0.067990 -1.017015 0.419613 0.071038 -1.008714 0.437144 0.007952 
-0.639988 0.446832 0.243516 -0.678458 0.341072 0.321134 -0.789935 0.262545 0.152018 -0.749516 0.370432 0.076052 -1.164701 0.285891 0.092278 -1.265897 0.213480 0.035660 -1.406304 0.370900 0.072840 -1.306142 0.446278 0.130543 -1.024729 0.433957 0.004914 -1.031217 0.417302 0.068447 -1.014662 0.420224 0.070904 -1.008174 0.436879 0.007370 
-0.637645 0.443982 0.235545 -0.676014 0.339250 0.314594 -0.789035 0.259361 0.147149 -0.748696 0.366229 0.069714 -1.169952 0.283447 0.081531 -1.273362 0.216260 0.022522 -1.409970 0.374211 0.070138 -1.307518 0.444321 0.130406 -1.024645 0.434887 0.004925 -1.028451 0.419436 0.068978 -1.011769 0.422196 0.070635 -1.007962 0.437647 0.006582 
-0.634164 0.441998 0.222034 -0.671405 0.338676 0.303444 -0.788101 0.256752 0.139541 -0.748850 0.362225 0.059673 -1.173904 0.278717 0.075591 -1.276989 0.223185 0.005025 -1.409558 0.380363 0.065012 -1.307376 0.438693 0.137126 -1.024489 0.436018 0.004932 -1.026449 0.421364 0.069255 -1.009685 0.423903 0.070344 -1.007725 0.438557 0.006022 
-0.629408 0.450329 0.198314 -0.660218 0.354017 0.290317 -0.785715 0.257559 0.141522 -0.752832 0.356161 0.050745 -1.174782 0.263546 0.102825 -1.266959 0.236634 0.005517 -1.397319 0.389668 0.079439 -1.306119 0.419041 0.178756 -1.022893 0.435228 0.004941 -1.023281 0.421910 0.069583 -1.006443 0.424109 0.070137 -1.006055 0.437427 0.005496 
-0.634159 0.452490 0.176502 -0.658196 0.364192 0.278067 -0.790597 0.254007 0.145692 -0.764453 0.344713 0.045029 -1.157438 0.303630 0.140040 -1.221817 0.309588 0.019584 -1.383976 0.419770 0.105852 -1.321302 0.415337 0.228719 -1.014753 0.429322 0.005552 -1.013675 0.418378 0.070629 -0.996846 0.420704 0.070742 -0.997923 0.431647 0.005664 
-0.647311 0.430481 0.168738 -0.671948 0.343533 0.271319 -0.810065 0.236506 0.142236 -0.783236 0.325804 0.040500 -1.148114 0.368330 0.157286 -1.200099 0.397292 0.034207 -1.389318 0.448593 0.120476 -1.339547 0.420086 0.245991 -1.014890 0.423331 0.005231 -1.012214 0.413691 0.070468 -0.995388 0.416021 0.070122 -0.998064 0.425661 0.004885 
-0.656447 0.399369 0.173641 -0.688293 0.310687 0.272692 -0.828490 0.215340 0.136871 -0.794353 0.306223 0.038795 -1.155881 0.395916 0.141846 -1.208687 0.431690 0.020926 -1.401916 0.461654 0.108349 -1.351373 0.425964 0.231700 -1.021939 0.419557 0.005384 -1.018967 0.410355 0.070672 -1.002125 0.412540 0.070213 -1.005096 0.421742 0.004925 
-0.662748 0.379403 0.181036 -0.700457 0.286297 0.273767 -0.838146 0.202644 0.128036 -0.798125 0.297827 0.036481 -1.160628 0.388788 0.132154 -1.207242 0.432661 0.011356 -1.402699 0.465105 0.092730 -1.358441 0.421273 0.215872 -1.022918 0.415779 0.005501 -1.019488 0.406143 0.070704 -1.002642 0.408281 0.070133 -1.006073 0.417918 0.004931 
-0.672171 0.355591 0.196723 -0.716375 0.258966 0.282743 -0.849993 0.187163 0.127230 -0.803471 0.285730 0.042588 -1.166444 0.382502 0.129887 -1.205646 0.432380 0.008787 -1.404138 0.466965 0.081469 -1.367408 0.417099 0.204791 -1.022962 0.411072 0.005395 -1.019935 0.400514 0.070475 -1.003071 0.402522 0.070016 -1.006098 0.413080 0.004936 
-0.683715 0.332429 0.221639 -0.734622 0.236229 0.304367 -0.863488 0.170565 0.142270 -0.810267 0.268617 0.061045 -1.172717 0.377497 0.133512 -1.205385 0.430071 0.011616 -1.406174 0.467823 0.075929 -1.376075 0.415281 0.199934 -1.023095 0.406807 0.005071 -1.021262 0.395153 0.070008 -1.004382 0.397085 0.069878 -1.006215 0.408739 0.004941 
-0.691904 0.322937 0.243824 -0.746654 0.227607 0.325092 -0.870809 0.162896 0.158984 -0.813775 0.260056 0.079291 -1.177892 0.372930 0.137637 -1.206939 0.426481 0.015251 -1.408551 0.467070 0.075105 -1.382120 0.413582 0.199541 -1.023260 0.403321 0.004989 -1.022962 0.390574 0.069746 -1.006069 0.392357 0.070019 -1.006366 0.405105 0.005263 
-0.697124 0.321423 0.258257 -0.753618 0.226245 0.338504 -0.873995 0.161072 0.169817 -0.815255 0.258085 0.091191 -1.181896 0.369923 0.140103 -1.208748 0.423942 0.017422 -1.410829 0.466165 0.074502 -1.386620 0.412227 0.199196 -1.024527 0.401421 0.004990 -1.025803 0.387595 0.069513 -1.008903 0.389208 0.070192 -1.007628 0.403033 0.005669 
-0.700804 0.321770 0.265258 -0.758001 0.226404 0.344781 -0.876433 0.161221 0.174726 -0.817011 0.258424 0.096851 -1.184506 0.369367 0.142310 -1.209791 0.423470 0.019333 -1.412583 0.465658 0.073860 -1.389967 0.411636 0.198816 -1.029146 0.400785 0.004990 -1.031990 0.385933 0.069234 -1.015091 0.387323 0.070304 -1.012247 0.402175 0.006059 
-0.701119 0.321936 0.270662 -0.758820 0.226516 0.349754 -0.875952 0.161256 0.178830 -0.816038 0.258515 0.101402 -1.185546 0.370252 0.144349 -1.210196 0.424740 0.021412 -1.413513 0.465957 0.074717 -1.391545 0.411532 0.199614 -1.038178 0.402688 0.004995 -1.041560 0.387428 0.069118 -1.024622 0.388200 0.070195 -1.021239 0.403460 0.006072 
-0.701892 0.322865 0.276732 -0.760109 0.228061 0.356186 -0.876395 0.161712 0.185104 -0.815973 0.258364 0.107313 -1.186028 0.371797 0.147539 -1.210255 0.425665 0.024247 -1.413929 0.466558 0.076421 -1.392394 0.412753 0.201662 -1.038037 0.406290 0.004995 -1.040971 0.391145 0.069167 -1.024016 0.391746 0.070084 -1.021082 0.406891 0.005912 
-0.702190 0.325431 0.282017 -0.760598 0.231129 0.361926 -0.876053 0.163327 0.190851 -0.815450 0.259494 0.112600 -1.186322 0.372931 0.150507 -1.210261 0.425834 0.026741 -1.414078 0.467057 0.078093 -1.392835 0.414232 0.203800 -1.036173 0.409123 0.004989 -1.038438 0.394366 0.069278 -1.021473 0.394934 0.070006 -1.019208 0.409691 0.005717 
-0.703115 0.326254 0.287642 -0.762051 0.232170 0.367420 -0.876215 0.163759 0.195722 -0.815097 0.259714 0.117612 -1.186589 0.373166 0.152130 -1.209978 0.425917 0.028194 -1.414026 0.467187 0.078582 -1.393342 0.414517 0.204448 -1.035178 0.410406 0.004984 -1.037345 0.395648 0.069276 -1.020379 0.396220 0.069979 -1.018212 0.410978 0.005687 
-0.703306 0.326792 0.289134 -0.762312 0.232760 0.368921 -0.876026 0.163971 0.197075 -0.814844 0.259880 0.118958 -1.186846 0.372902 0.152263 -1.210158 0.425654 0.028313 -1.414187 0.467094 0.078640 -1.393580 0.414425 0.204518 -1.034110 0.410639 0.004984 -1.036238 0.395883 0.069278 -1.019273 0.396476 0.069976 -1.017144 0.411231 0.005682 
-0.702978 0.325788 0.287102 -0.761900 0.231689 0.366872 -0.875983 0.163212 0.195147 -0.814880 0.259183 0.117045 -1.186755 0.372425 0.151196 -1.210267 0.425368 0.027365 -1.414167 0.466892 0.078145 -1.393356 0.414030 0.203909 -1.032962 0.410590 0.004991 -1.034950 0.395883 0.069301 -1.017984 0.396487 0.069963 -1.015996 0.411194 0.005654 
-0.701484 0.325384 0.282361 -0.760005 0.231050 0.362150 -0.874901 0.163032 0.190785 -0.814192 0.259233 0.112659 -1.185835 0.372433 0.149065 -1.209892 0.425680 0.025469 -1.413638 0.466836 0.077157 -1.392275 0.413663 0.202697 -1.032457 0.410585 0.004986 -1.034200 0.395974 0.069325 -1.017233 0.396602 0.069928 -1.015490 0.411213 0.005589 
-0.699256 0.326094 0.276339 -0.757115 0.231354 0.356129 -0.872941 0.163773 0.185217 -0.812886 0.260379 0.107084 -1.184437 0.372844 0.146360 -1.209274 0.426430 0.023065 -1.412845 0.466914 0.075954 -1.390693 0.413390 0.201208 -1.032437 0.410595 0.004986 -1.033915 0.396075 0.069352 -1.016946 0.396719 0.069887 -1.015468 0.411240 0.005521 
-0.697317 0.326553 0.270687 -0.754574 0.231409 0.350430 -0.871224 0.164282 0.179901 -0.811766 0.261289 0.101808 -1.183283 0.373052 0.143599 -1.208884 0.426999 0.020619 -1.412254 0.466887 0.074724 -1.389327 0.412988 0.199677 -1.032380 0.410590 0.004984 -1.033573 0.396167 0.069378 -1.016600 0.396785 0.069831 -1.015407 0.411208 0.005437 
-0.696090 0.324760 0.265530 -0.753012 0.229373 0.345223 -0.870697 0.163048 0.175091 -0.811563 0.260290 0.097045 -1.182623 0.372667 0.142054 -1.208656 0.426466 0.019100 -1.411863 0.466325 0.073835 -1.388498 0.412576 0.198771 -1.032215 0.409843 0.004980 -1.033005 0.395606 0.069421 -1.016027 0.396165 0.069753 -1.015237 0.410402 0.005311 -2.109388 1.205385 0.528793 -2.168211 1.176155 0.535232 -2.173404 1.183361 0.520503 -2.114581 1.212592 0.514064 
-0.695861 0.320288 0.264133 -0.753119 0.225086 0.343806 -0.871469 0.159597 0.173812 -0.811986 0.256640 0.095783 -1.182253 0.370881 0.141903 -1.208139 0.424738 0.018943 -1.411125 0.465528 0.073813 -1.387904 0.411733 0.198757 -1.032055 0.407362 0.004988 -1.032129 0.393525 0.069521 -1.015148 0.394049 0.069653 -1.015073 0.407886 0.005120 -2.083868 1.205726 0.561848 -2.142839 1.177895 0.572037 -2.149034 1.185938 0.558153 -2.090063 1.213770 0.547964 
-0.696511 0.313191 0.265944 -0.754787 0.218338 0.345296 -0.873215 0.154137 0.174865 -0.812703 0.250808 0.097167 -1.182134 0.368015 0.142495 -1.207203 0.422287 0.019548 -1.409984 0.464744 0.073907 -1.387585 0.410554 0.198831 -1.031860 0.403553 0.005146 -1.030864 0.390350 0.069804 -1.013882 0.390847 0.069644 -1.014878 0.404050 0.004985 -2.073006 1.208339 0.569476 -2.131406 1.180485 0.582503 -2.138196 1.188299 0.568767 -2.079797 1.216152 0.555740 
-0.698190 0.304693 0.269982 -0.757947 0.210264 0.348735 -0.875992 0.147734 0.177420 -0.813990 0.243954 0.100339 -1.182449 0.364891 0.143714 -1.206174 0.419723 0.020750 -1.408824 0.464214 0.073960 -1.387780 0.409488 0.198885 -1.031788 0.399300 0.005383 -1.029927 0.386695 0.070142 -1.012948 0.387156 0.069744 -1.014809 0.399762 0.004985 -2.066998 1.214446 0.566116 -2.124896 1.186607 0.581243 -2.132005 1.193844 0.567353 -2.074107 1.221683 0.552226 
-0.700384 0.296922 0.274326 -0.761535 0.203220 0.352878 -0.879212 0.141601 0.180980 -0.815808 0.237073 0.104111 -1.183320 0.361705 0.144529 -1.206024 0.417133 0.021638 -1.408413 0.463520 0.074218 -1.388398 0.408220 0.199059 -1.031706 0.395288 0.005640 -1.028893 0.383258 0.070473 -1.011921 0.383700 0.069819 -1.014734 0.395731 0.004985 -2.059641 1.221409 0.563926 -2.117515 1.194118 0.580105 -2.124695 1.201033 0.566088 -2.066820 1.228324 0.549909 
-0.702396 0.290950 0.274922 -0.764271 0.197678 0.353419 -0.882227 0.136888 0.181417 -0.818087 0.231915 0.104605 -1.184793 0.359114 0.144642 -1.207025 0.414744 0.021757 -1.409100 0.462588 0.074242 -1.389555 0.407105 0.199077 -1.031667 0.391908 0.005759 -1.028419 0.380140 0.070620 -1.011452 0.380556 0.069846 -1.014699 0.392324 0.004985 -2.050334 1.226508 0.567704 -2.108465 1.200023 0.584297 -2.115641 1.207013 0.570315 -2.057510 1.233498 0.553722 
-0.704107 0.286091 0.274705 -0.766507 0.193152 0.353180 -0.884866 0.133126 0.181186 -0.820191 0.227807 0.104396 -1.186093 0.357194 0.144689 -1.207994 0.412958 0.021804 -1.409814 0.461903 0.074250 -1.390601 0.406301 0.199083 -1.031644 0.389386 0.005826 -1.028148 0.377776 0.070703 -1.011184 0.378178 0.069861 -1.014680 0.389788 0.004984 -2.043448 1.228932 0.573664 -2.101694 1.202877 0.590533 -2.108910 1.210019 0.576649 -2.050664 1.236074 0.559780 
-0.705221 0.282890 0.274466 -0.767958 0.190167 0.352928 -0.886610 0.130670 0.180953 -0.821591 0.225125 0.104175 -1.186916 0.355959 0.144720 -1.208601 0.411808 0.021836 -1.410255 0.461464 0.074256 -1.391257 0.405786 0.199088 -1.031629 0.387654 0.005869 -1.027968 0.376151 0.070756 -1.011006 0.376555 0.069870 -1.014667 0.388057 0.004984 -2.038725 1.230276 0.578504 -2.097051 1.204485 0.595500 -2.104291 1.211761 0.581698 -2.045964 1.237552 0.564702 
-0.705687 0.281417 0.274496 -0.768593 0.188797 0.352945 -0.887346 0.129533 0.180958 -0.822154 0.223880 0.104194 -1.187229 0.355358 0.144749 -1.208802 0.411251 0.021865 -1.410377 0.461250 0.074261 -1.391491 0.405533 0.199093 -1.031620 0.386713 0.005893 -1.027863 0.375277 0.070786 -1.010902 0.375689 0.069876 -1.014660 0.387125 0.004983 -2.036417 1.230900 0.580771 -2.094773 1.205226 0.597844 -2.102025 1.212556 0.584077 -2.043670 1.238231 0.567005 
-0.705716 0.281231 0.274529 -0.768646 0.188624 0.352974 -0.887403 0.129389 0.180980 -0.822188 0.223723 0.104221 -1.187235 0.355281 0.144760 -1.208790 0.411180 0.021876 -1.410356 0.461222 0.074264 -1.391489 0.405499 0.199095 -1.031619 0.386535 0.005896 -1.027842 0.375113 0.070791 -1.010881 0.375531 0.069877 -1.014659 0.386953 0.004983 -2.036100 1.230977 0.581050 -2.094455 1.205314 0.598141 -2.101711 1.212647 0.584378 -2.043356 1.238310 0.567287 
-0.705720 0.281233 0.274542 -0.768652 0.188627 0.352987 -0.887406 0.129390 0.180992 -0.822189 0.223724 0.104233 -1.187237 0.355281 0.144766 -1.208790 0.411180 0.021881 -1.410357 0.461223 0.074265 -1.391492 0.405500 0.199097 -1.031619 0.386534 0.005896 -1.027843 0.375112 0.070790 -1.010882 0.375530 0.069877 -1.014659 0.386952 0.004982 -2.036110 1.230979 0.581037 -2.094466 1.205317 0.598127 -2.101721 1.212650 0.584364 -2.043366 1.238313 0.567274 
-0.705724 0.281235 0.274555 -0.768657 0.188629 0.352999 -0.887408 0.129392 0.181002 -0.822190 0.223725 0.104244 -1.187239 0.355282 0.144771 -1.208790 0.411180 0.021885 -1.410358 0.461223 0.074266 -1.391495 0.405501 0.199099 -1.031619 0.386534 0.005895 -1.027843 0.375111 0.070789 -1.010883 0.375529 0.069876 -1.014659 0.386952 0.004982 -2.036120 1.230982 0.581024 -2.094476 1.205319 0.598114 -2.101731 1.212652 0.584351 -2.043375 1.238315 0.567261 
-0.705728 0.281237 0.274567 -0.768662 0.188631 0.353010 -0.887411 0.129393 0.181012 -0.822192 0.223726 0.104254 -1.187241 0.355282 0.144775 -1.208791 0.411180 0.021889 -1.410359 0.461224 0.074267 -1.391497 0.405502 0.199100 -1.031619 0.386518 0.005894 -1.027845 0.375095 0.070788 -1.010885 0.375516 0.069876 -1.014659 0.386939 0.004982 -2.036129 1.230984 0.581013 -2.094485 1.205321 0.598102 -2.101740 1.212655 0.584338 -2.043384 1.238317 0.567250 
-0.705731 0.281239 0.274577 -0.768666 0.188633 0.353020 -0.887413 0.129394 0.181021 -0.822193 0.223727 0.104263 -1.187243 0.355283 0.144779 -1.208791 0.411179 0.021893 -1.410360 0.461224 0.074267 -1.391500 0.405503 0.199101 -1.031619 0.386459 0.005892 -1.027848 0.375036 0.070786 -1.010888 0.375463 0.069876 -1.014659 0.386886 0.004981 -2.036137 1.230986 0.581002 -2.094493 1.205323 0.598090 -2.101748 1.212656 0.584327 -2.043392 1.238319 0.567239 
-0.705734 0.281240 0.274587 -0.768670 0.188635 0.353029 -0.887414 0.129396 0.181029 -0.822194 0.223728 0.104272 -1.187245 0.355283 0.144783 -1.208791 0.411179 0.021896 -1.410361 0.461224 0.074268 -1.391502 0.405504 0.199102 -1.031620 0.386378 0.005889 -1.027852 0.374955 0.070784 -1.010892 0.375391 0.069876 -1.014660 0.386814 0.004981 -2.036144 1.230987 0.580993 -2.094501 1.205325 0.598080 -2.101755 1.212658 0.584317 -2.043399 1.238320 0.567230 
-0.705737 0.281242 0.274596 -0.768673 0.188637 0.353037 -0.887416 0.129397 0.181036 -0.822194 0.223729 0.104279 -1.187246 0.355283 0.144787 -1.208791 0.411179 0.021899 -1.410361 0.461225 0.074268 -1.391504 0.405504 0.199103 -1.031621 0.386292 0.005886 -1.027856 0.374869 0.070781 -1.010896 0.375314 0.069875 -1.014661 0.386738 0.004981 -2.036151 1.230989 0.580984 -2.094508 1.205326 0.598071 -2.101762 1.212659 0.584308 -2.043406 1.238322 0.567221 
-0.705739 0.281244 0.274604 -0.768676 0.188638 0.353045 -0.887417 0.129398 0.181043 -0.822195 0.223730 0.104286 -1.187248 0.355283 0.144790 -1.208791 0.411179 0.021902 -1.410362 0.461225 0.074269 -1.391506 0.405505 0.199104 -1.031621 0.386208 0.005883 -1.027860 0.374784 0.070778 -1.010900 0.375239 0.069875 -1.014661 0.386663 0.004980 -2.036158 1.230990 0.580976 -2.094514 1.205327 0.598063 -2.101769 1.212660 0.584299 -2.043413 1.238323 0.567213 
-0.705742 0.281245 0.274611 -0.768679 0.188640 0.353052 -0.887419 0.129399 0.181049 -0.822196 0.223731 0.104293 -1.187249 0.355283 0.144793 -1.208791 0.411179 0.021905 -1.410362 0.461225 0.074269 -1.391508 0.405506 0.199105 -1.031622 0.386126 0.005881 -1.027864 0.374702 0.070776 -1.010904 0.375165 0.069875 -1.014662 0.386589 0.004980 -2.036164 1.230991 0.580969 -2.094521 1.205328 0.598055 -2.101775 1.212661 0.584291 -2.043419 1.238324 0.567205 
