1.576777 0.566594 0.004452 1.692638 0.560874 0.004642 1.609426 0.451518 0.004520 1.746985 0.434019 0.004747 
1.576781 0.566598 0.004503 1.692796 0.560753 0.004675 1.609585 0.451398 0.004564 1.746992 0.434027 0.004768 
1.575957 0.565650 0.004665 1.691864 0.561372 0.004556 1.608676 0.451992 0.004659 1.746174 0.433129 0.004532 
1.576125 0.565875 0.004648 1.691871 0.561370 0.004537 1.608687 0.451988 0.004603 1.746348 0.433353 0.004469 
1.576292 0.566096 0.004678 1.691569 0.561602 0.004579 1.608384 0.452216 0.004635 1.746514 0.433562 0.004515 
1.575615 0.564604 0.004155 1.691499 0.561465 0.004029 1.608237 0.452135 0.004434 1.745724 0.431980 0.004331 
1.575685 0.564901 0.004392 1.687932 0.564160 0.003953 1.604681 0.454790 0.004405 1.745768 0.432233 0.003878 
1.575240 0.564086 0.004162 1.687559 0.564273 0.003809 1.604311 0.454898 0.004525 1.745314 0.431434 0.004180 
1.575615 0.564685 0.004329 1.684406 0.566654 0.003860 1.601161 0.457248 0.004582 1.745662 0.431973 0.004053 
1.576776 0.566056 0.004150 1.682895 0.567851 0.003907 1.599626 0.458446 0.004469 1.746798 0.433248 0.004228 
1.577211 0.566724 0.004300 1.679223 0.570639 0.003965 1.595951 0.461201 0.004540 1.747196 0.433841 0.004136 
1.577575 0.566975 0.004041 1.677583 0.571783 0.003863 1.594315 0.462326 0.004524 1.747552 0.434065 0.004424 
1.578234 0.567845 0.004104 1.674517 0.574129 0.003942 1.591251 0.464642 0.004560 1.748189 0.434868 0.004479 
1.578778 0.568391 0.003841 1.672367 0.575753 0.003763 1.589098 0.466246 0.004378 1.748713 0.435361 0.004475 
1.580255 0.570244 0.003803 1.669848 0.577768 0.003882 1.586550 0.468257 0.004205 1.750150 0.437082 0.004522 
1.579533 0.569450 0.003975 1.665365 0.581054 0.003760 1.582087 0.471486 0.004361 1.749391 0.436274 0.004174 
1.578909 0.568408 0.003722 1.664040 0.581828 0.003512 1.580741 0.472266 0.004421 1.748714 0.435203 0.004470 
1.579543 0.569241 0.003832 1.661038 0.584124 0.003636 1.577730 0.474539 0.004462 1.749313 0.435956 0.004512 
1.579664 0.569345 0.003818 1.658658 0.585885 0.003617 1.575350 0.476277 0.004504 1.749410 0.436021 0.004623 
1.579926 0.569505 0.003625 1.657286 0.586863 0.003503 1.573960 0.477256 0.004422 1.749637 0.436127 0.004844 
1.580591 0.570376 0.003730 1.654617 0.588927 0.003627 1.571282 0.479299 0.004426 1.750272 0.436922 0.004848 
1.580755 0.570229 0.003327 1.654288 0.589082 0.003335 1.570948 0.479454 0.004195 1.750424 0.436765 0.005090 
1.579848 0.568816 0.003203 1.652980 0.589797 0.003101 1.569607 0.480185 0.004295 1.749444 0.435317 0.005256 
1.582164 0.571564 0.002966 1.652060 0.590769 0.003181 1.568748 0.481094 0.003796 1.751857 0.438070 0.005298 
1.582426 0.571902 0.003152 1.649592 0.592655 0.003309 1.566272 0.482963 0.003872 1.752086 0.438346 0.005227 
1.582621 0.572153 0.003321 1.647515 0.594243 0.003441 1.564186 0.484536 0.003956 1.752251 0.438545 0.005206 
1.582757 0.572327 0.003475 1.645635 0.595679 0.003564 1.562299 0.485960 0.004035 1.752359 0.438673 0.005186 
1.582719 0.571619 0.003048 1.645793 0.595649 0.003169 1.562295 0.486052 0.003732 1.752109 0.437730 0.005216 
1.582827 0.571678 0.003078 1.644436 0.596686 0.003193 1.560942 0.487071 0.003714 1.752208 0.437772 0.005206 
1.582908 0.571778 0.003255 1.642643 0.598059 0.003340 1.559142 0.488433 0.003812 1.752261 0.437829 0.005183 
1.582213 0.570724 0.003216 1.641744 0.598597 0.003223 1.558216 0.488982 0.003886 1.751510 0.436748 0.005272 
1.582304 0.570838 0.003380 1.640027 0.599912 0.003367 1.556493 0.490286 0.003971 1.751575 0.436821 0.005243 
1.582695 0.571266 0.003411 1.638634 0.601028 0.003431 1.555102 0.491385 0.003899 1.751957 0.437217 0.005181 
1.582743 0.571324 0.003558 1.636987 0.602290 0.003560 1.553448 0.492637 0.003985 1.751978 0.437237 0.005161 
1.583874 0.572318 0.003127 1.636986 0.602437 0.003287 1.553415 0.492804 0.003430 1.753079 0.438148 0.005098 
1.583836 0.572261 0.003300 1.635052 0.603922 0.003419 1.551472 0.494277 0.003548 1.753008 0.438048 0.005026 
1.582951 0.571105 0.003460 1.633179 0.605140 0.003456 1.549601 0.495477 0.003792 1.752091 0.436897 0.004994 
1.584423 0.573208 0.003749 1.629853 0.607989 0.003870 1.546306 0.498269 0.003700 1.753590 0.438944 0.004506 
1.584141 0.572834 0.003863 1.628131 0.609311 0.003967 1.544574 0.499582 0.003812 1.753269 0.438538 0.004547 
1.583638 0.572347 0.004101 1.624863 0.611718 0.004126 1.541305 0.501959 0.004083 1.752723 0.438017 0.004298 
1.583879 0.572646 0.004178 1.623094 0.613093 0.004204 1.539521 0.503328 0.004154 1.752930 0.438260 0.004370 
1.591487 0.569423 0.004634 1.621777 0.611296 0.004757 1.538575 0.501191 0.004413 1.760964 0.435423 0.005701 
1.597281 0.568834 0.004954 1.614519 0.616250 0.005245 1.529377 0.507527 0.004472 1.764262 0.431600 0.004605 
1.597734 0.569415 0.004952 1.609568 0.620164 0.005218 1.524405 0.511408 0.004526 1.764638 0.432062 0.004642 
1.597212 0.568526 0.004552 1.604601 0.623927 0.004645 1.519457 0.515105 0.004323 1.764070 0.431148 0.004688 
1.597868 0.569325 0.004279 1.598912 0.628392 0.004338 1.513857 0.519445 0.003963 1.764781 0.431978 0.004686 
1.598793 0.566055 0.004358 1.599097 0.633508 0.004292 1.509022 0.528607 0.003888 1.758955 0.421031 0.005410 
1.604239 0.559444 0.004573 1.591433 0.640488 0.004689 1.499378 0.537158 0.004190 1.761424 0.411210 0.004794 
1.602315 0.557187 0.004235 1.583061 0.647438 0.004267 1.491191 0.543855 0.004032 1.759639 0.409187 0.004403 
1.367814 0.736220 0.073177 1.592733 0.712867 0.025667 1.757299 0.406097 0.004544 1.366170 0.593434 0.076974 1.379460 0.586976 0.074067 
1.355508 0.699835 0.046700 1.582345 0.675668 0.006115 1.757529 0.406271 0.004623 1.350586 0.551483 0.061260 1.377884 0.542093 0.056353 
1.367503 0.700321 0.037854 1.575864 0.679548 0.005536 1.756214 0.404695 0.006334 1.344755 0.564623 0.052882 1.379445 0.537820 0.048853 
1.371139 0.701792 0.033897 1.574479 0.680706 0.006370 1.755129 0.403650 0.012012 1.343833 0.563878 0.051084 1.378103 0.538698 0.047769 
1.380470 0.703028 0.027660 1.576004 0.678547 0.007750 1.755912 0.401636 0.020327 1.343916 0.560533 0.047516 1.382330 0.535305 0.044839 
1.391595 0.703756 0.021470 1.578887 0.673199 0.009709 1.755923 0.392291 0.030709 1.344562 0.557177 0.043018 1.389853 0.528267 0.041677 
1.404448 0.704841 0.015536 1.580887 0.666429 0.011843 1.748441 0.375820 0.041654 1.345393 0.553735 0.037742 1.398176 0.519044 0.038759 
1.419918 0.706908 0.009960 1.582480 0.659397 0.014232 1.738090 0.364215 0.051997 1.345551 0.552353 0.030961 1.407366 0.508658 0.035635 
1.438820 0.709881 0.005136 1.726668 0.361238 0.060668 1.583608 0.653412 0.016733 1.346023 0.550462 0.023232 1.417457 0.497970 0.032594 
1.430311 0.708304 0.004806 1.716104 0.363541 0.069539 1.586848 0.645644 0.020333 1.346006 0.551251 0.023524 1.448431 0.471463 0.026325 1.387318 0.519206 0.027468 
1.422156 0.706836 0.005070 1.710159 0.365142 0.078797 1.590394 0.638841 0.024738 1.346239 0.551063 0.024981 1.441213 0.472841 0.033218 1.394758 0.512453 0.031800 
1.420054 0.707046 0.006065 1.708508 0.366606 0.087994 1.592292 0.636380 0.029697 1.346849 0.550705 0.026515 1.439683 0.472074 0.038665 1.399475 0.508627 0.035694 
1.419209 0.707749 0.007088 1.709388 0.369617 0.096047 1.593297 0.636939 0.033998 1.347779 0.550118 0.028213 1.440869 0.472405 0.042605 1.401681 0.508175 0.038684 
1.416701 0.708096 0.007671 1.711583 0.373905 0.102726 1.594039 0.638962 0.037156 1.348707 0.550216 0.029746 1.443446 0.474395 0.045102 1.401818 0.510467 0.040576 
1.418251 0.716946 0.021375 1.714340 0.375784 0.105246 1.575895 0.672416 0.042727 1.327946 0.649048 0.018962 1.455258 0.470299 0.041754 1.400701 0.518031 0.034391 
1.432679 0.722327 0.026615 1.714917 0.375333 0.101307 1.563057 0.700808 0.042952 1.327942 0.678567 0.018683 1.465786 0.461079 0.033386 1.370324 0.550079 0.023472 
1.446772 0.729504 0.027621 1.714804 0.374314 0.091337 1.550639 0.731808 0.040433 1.332472 0.693650 0.015026 1.474340 0.453050 0.019747 1.333029 0.596005 0.013912 
1.486841 0.740272 0.031373 1.723791 0.382840 0.078783 1.543465 0.767596 0.042137 1.345816 0.706361 0.005175 1.468695 0.454167 0.003370 1.325821 0.631208 0.002479 
1.476534 0.726529 0.032878 1.729303 0.387660 0.075941 1.533415 0.787480 0.044651 1.353267 0.698506 0.010616 1.451006 0.465140 -0.003155 1.296575 0.661768 0.014651 
1.498081 0.740543 0.047085 1.742236 0.380799 0.082031 1.513636 0.807715 0.056807 1.358435 0.625609 0.025077 1.450506 0.457590 -0.006843 1.256172 0.695122 0.041975 
1.330393 0.781287 0.057414 1.771998 0.352431 0.096245 1.495876 0.802215 0.056724 1.288780 0.730138 0.057861 1.474306 0.423527 -0.014284 1.228742 0.714902 0.068849 
1.338269 0.781767 0.036011 1.783972 0.364690 0.091705 1.505373 0.803346 0.040470 1.298178 0.735310 0.035423 1.450469 0.437168 -0.028020 1.245746 0.711067 0.041465 
1.364312 0.766358 0.008538 1.790233 0.374688 0.092858 1.518853 0.797688 0.021154 1.318159 0.724366 0.006045 1.438152 0.442772 -0.035987 1.267039 0.696551 0.009414 
1.337465 0.762280 0.005756 1.788666 0.374349 0.095414 1.512568 0.806560 0.014587 1.316782 0.733528 0.005851 1.424067 0.452706 -0.045206 1.252390 0.711945 0.010780 
1.292482 0.759158 0.004723 1.787443 0.370739 0.104353 1.512336 0.805485 0.003315 1.310743 0.769831 0.004737 1.428034 0.456654 -0.054655 1.241448 0.721101 0.004692 
1.270530 0.757040 0.005020 1.796554 0.365911 0.125192 1.509839 0.805596 -0.001465 1.308643 0.783602 0.004341 1.452915 0.448906 -0.059233 1.228921 0.726081 0.002854 
1.255830 0.755726 0.005024 1.809217 0.365276 0.155295 1.509023 0.805267 -0.003069 1.308373 0.786766 0.003649 1.483409 0.437941 -0.055112 1.220886 0.727283 0.002196 
1.240443 0.754440 0.005028 1.819568 0.370686 0.188289 1.508433 0.804699 -0.004783 1.308556 0.785649 0.002841 1.511849 0.431325 -0.046050 1.212933 0.727805 0.002286 
1.227155 0.753515 0.004517 1.824185 0.380811 0.220335 1.506279 0.806215 -0.006443 1.308800 0.784195 0.002040 1.532210 0.429924 -0.035027 1.204330 0.729525 0.002232 
1.217668 0.753055 0.002921 1.824000 0.393330 0.253729 1.502848 0.809066 -0.007256 1.308996 0.782724 0.001287 1.548882 0.431488 -0.021524 1.195372 0.731396 0.001705 
1.210804 0.752981 0.000156 1.819883 0.408540 0.290535 1.499290 0.811591 -0.007003 1.309255 0.780754 0.000697 1.563983 0.435059 -0.004220 1.186940 0.732305 0.000438 
1.205872 0.753073 -0.003796 1.811040 0.426087 0.331766 1.496395 0.813113 -0.005186 1.309530 0.778446 0.000350 1.577022 0.438755 0.018471 1.180179 0.732323 -0.002041 
1.202444 0.753054 -0.008923 1.795982 0.445799 0.377497 1.494521 0.813643 -0.001279 1.309744 0.776319 0.000185 1.586483 0.441926 0.047364 1.175731 0.731867 -0.006159 
1.200582 0.752625 -0.015210 1.773267 0.468747 0.426421 1.493275 0.813947 0.004990 1.309863 0.774708 0.000066 1.590255 0.445667 0.081842 1.173430 0.731318 -0.012038 
1.200598 0.751530 -0.022538 1.742043 0.496621 0.477143 1.492088 0.814650 0.013859 1.309903 0.773673 -0.000118 1.587457 0.451845 0.121034 1.173131 0.730301 -0.019517 
1.205761 0.749939 -0.028871 1.705326 0.527926 0.526621 1.492524 0.816341 0.028735 1.310658 0.772343 0.001031 1.578822 0.461415 0.163610 1.178641 0.727907 -0.026039 
1.231908 0.745970 -0.031709 1.689215 0.544351 0.557825 1.504879 0.820670 0.050339 1.323442 0.772846 0.000178 1.206831 0.721756 -0.030871 
1.239261 0.744775 -0.031916 1.674177 0.556780 0.565973 1.503208 0.824819 0.059340 1.323705 0.774232 -0.000436 1.213305 0.719845 -0.032489 
1.246271 0.744061 -0.031322 1.659705 0.566809 0.560087 1.499087 0.831477 0.063467 1.323415 0.775097 -0.000787 1.215106 0.721748 -0.035504 
1.253819 0.743900 -0.029903 1.644965 0.576069 0.553969 1.495274 0.837471 0.068484 1.323095 0.775535 -0.000896 1.218712 0.722697 -0.037332 
1.262049 0.744356 -0.027557 1.629937 0.585763 0.554974 1.492592 0.841395 0.077040 1.322743 0.775662 -0.000826 1.499494 0.498388 0.195352 1.227038 0.720470 -0.035964 
1.271053 0.745318 -0.024241 1.614671 0.596235 0.561078 1.490391 0.844035 0.088048 1.322458 0.775408 -0.000678 1.483875 0.503243 0.204468 1.238860 0.715806 -0.031244 
1.280876 0.747090 -0.019856 1.599617 0.607442 0.567796 1.487648 0.847012 0.099211 1.322282 0.775345 -0.000720 1.468611 0.507505 0.214711 1.251769 0.710429 -0.024142 
1.302489 0.750352 -0.011677 1.584914 0.619703 0.572474 1.487888 0.851235 0.112009 1.328468 0.774589 -0.001360 1.452339 0.512536 0.222700 1.274083 0.702379 -0.013195 
1.491086 0.856180 0.126684 1.570894 0.632454 0.574833 1.330519 0.757036 -0.000525 1.339711 0.773463 -0.001433 1.435631 0.518076 0.228289 1.303270 0.693508 0.003920 
1.313959 0.689805 0.016490 1.486280 0.861753 0.133280 1.341371 0.763750 0.007533 1.340401 0.773023 -0.001038 1.420193 0.522188 0.232144 1.558796 0.643895 0.574586 
1.314060 0.689976 0.022618 1.478158 0.867703 0.134046 1.343350 0.769092 0.012804 1.336255 0.771621 0.000343 1.407004 0.526116 0.233079 1.549261 0.654286 0.571453 
1.308854 0.690814 0.024700 1.469395 0.872139 0.132230 1.339869 0.772024 0.015426 1.329747 0.770463 0.001301 1.397161 0.530423 0.232495 1.541997 0.663332 0.568059 
1.303695 0.691302 0.025548 1.462436 0.875037 0.130692 1.336279 0.773963 0.017068 1.324331 0.769623 0.002081 1.390700 0.534190 0.231711 1.536690 0.670011 0.565891 
1.299480 0.691527 0.025534 1.457909 0.876086 0.130081 1.332892 0.774616 0.017573 1.320422 0.769052 0.002649 1.386924 0.536032 0.231325 1.532968 0.672884 0.565209 
1.297210 0.691569 0.025058 1.455889 0.875792 0.130362 1.330720 0.774469 0.017459 1.318453 0.769071 0.002716 1.385261 0.535743 0.230980 1.530663 0.671753 0.565522 
1.296745 0.691854 0.024133 1.455664 0.875313 0.130812 1.330272 0.774111 0.017242 1.318388 0.768936 0.002899 1.384976 0.534652 0.230226 1.529609 0.669336 0.565327 
1.296187 0.692162 0.023021 1.455448 0.875078 0.131044 1.329983 0.773845 0.017070 1.318391 0.768701 0.003136 1.385640 0.534289 0.229547 1.529167 0.667915 0.565117 
1.295572 0.692283 0.021983 1.455168 0.874845 0.131335 1.329767 0.773645 0.016977 1.318391 0.768491 0.003354 1.386727 0.534369 0.228942 1.528796 0.666854 0.565183 
1.294852 0.692413 0.020879 1.454848 0.874450 0.131746 1.329354 0.773333 0.016781 1.318320 0.768313 0.003558 1.387466 0.534275 0.228065 1.528065 0.665253 0.565251 
1.294401 0.692391 0.020021 1.454442 0.873943 0.132427 1.329205 0.773170 0.016805 1.318312 0.768238 0.003671 1.387717 0.533842 0.227075 1.526845 0.663051 0.565434 
1.294017 0.692320 0.019317 1.453998 0.873231 0.133394 1.328920 0.772956 0.016782 1.318232 0.768188 0.003781 1.387534 0.533011 0.226076 1.525251 0.660302 0.565708 
1.293934 0.692216 0.018830 1.453535 0.872442 0.134538 1.328873 0.772864 0.016936 1.318218 0.768187 0.003842 1.386785 0.531682 0.224976 1.523344 0.656963 0.565828 
1.293869 0.692118 0.018432 1.453078 0.871529 0.135820 1.328628 0.772680 0.016967 1.318132 0.768206 0.003903 1.385796 0.530101 0.223940 1.521255 0.653362 0.565973 
1.293930 0.692000 0.018086 1.452594 0.870601 0.137155 1.328582 0.772583 0.017136 1.318117 0.768192 0.003979 1.384638 0.528379 0.222787 1.519027 0.649519 0.566021 
1.294010 0.691892 0.017731 1.452081 0.869613 0.138551 1.328539 0.772485 0.017319 1.318101 0.768183 0.004054 1.383336 0.526524 0.221520 1.516656 0.645428 0.565988 
1.293949 0.691811 0.017318 1.451529 0.868479 0.140034 1.328135 0.772241 0.017285 1.317939 0.768311 0.004059 1.381914 0.524540 0.220202 1.514127 0.641099 0.565942 
1.294087 0.691641 0.017025 1.450950 0.867330 0.141621 1.328101 0.772142 0.017500 1.317921 0.768291 0.004152 1.380435 0.522462 0.218835 1.511461 0.636561 0.565883 
1.294194 0.691458 0.016677 1.450329 0.866116 0.143260 1.328055 0.772029 0.017718 1.317902 0.768258 0.004259 1.378994 0.520371 0.217368 1.508695 0.631842 0.565790 
1.449655 0.864848 0.144924 1.505845 0.626940 0.565637 1.327989 0.771894 0.017931 1.317882 0.768214 0.004378 1.377649 0.518313 0.215754 1.294236 0.691285 0.016210 
1.448908 0.863501 0.146607 1.502893 0.621818 0.565422 1.327719 0.771680 0.018022 1.317782 0.768287 0.004439 1.294133 0.691151 0.015567 
1.448102 0.862081 0.148375 1.499778 0.616391 0.565135 1.327618 0.771505 0.018237 1.317757 0.768232 0.004578 1.294060 0.690998 0.014849 
1.447178 0.860535 0.150257 1.496385 0.610477 0.564747 1.327312 0.771291 0.018351 1.317640 0.768394 0.004619 1.293907 0.690891 0.014005 
1.446179 0.858790 0.152323 1.492657 0.603972 0.564218 1.327190 0.771078 0.018606 1.317608 0.768338 0.004779 1.293818 0.690733 0.013115 
1.445025 0.856839 0.154550 1.488539 0.596790 0.563524 1.326750 0.770783 0.018683 1.317437 0.768553 0.004819 1.293613 0.690640 0.012061 
1.443765 0.854631 0.157019 1.483978 0.588835 0.562607 1.326601 0.770520 0.018992 1.317397 0.768476 0.005022 1.293522 0.690472 0.010975 
1.442369 0.852120 0.159714 1.478995 0.579962 0.561382 1.326442 0.770226 0.019334 1.317351 0.768387 0.005247 1.293453 0.690289 0.009799 
1.440796 0.849290 0.162673 1.473465 0.570139 0.559822 1.326264 0.769924 0.019720 1.317294 0.768355 0.005470 1.293439 0.690087 0.008573 
1.438985 0.846092 0.165875 1.467329 0.559259 0.557844 1.325826 0.769565 0.019976 1.317118 0.768586 0.005604 1.293376 0.689923 0.007205 
1.325515 0.769172 0.020379 1.316996 0.768616 0.005852 1.436961 0.842441 0.169369 1.460526 0.547219 0.555322 1.293393 0.689711 0.005754 
1.325176 0.768759 0.020831 1.316865 0.768712 0.006115 1.434657 0.838312 0.173146 1.452991 0.533897 0.552125 1.358069 0.484741 0.179077 1.293464 0.689498 0.004177 
1.325117 0.768461 0.021786 1.316711 0.768606 0.006507 1.432014 0.833174 0.177676 1.444332 0.518842 0.547874 1.354398 0.479457 0.172680 1.293847 0.688778 0.003156 
1.324355 0.768387 0.022759 1.315940 0.768946 0.006956 1.428653 0.827017 0.182596 1.433691 0.500627 0.541623 1.348506 0.473240 0.164309 1.293730 0.688186 0.002281 
1.304909 0.632775 0.066627 1.323426 0.768182 0.023844 1.314937 0.768916 0.007499 1.424826 0.819680 0.187854 1.421404 0.480504 0.533668 
1.301248 0.630203 0.062853 1.320718 0.767644 0.024385 1.312577 0.769966 0.007649 1.419821 0.811869 0.192476 1.408124 0.458896 0.524744 
1.296659 0.627504 0.058776 1.316929 0.766670 0.024360 1.309413 0.770313 0.008027 1.414194 0.803205 0.196734 1.394444 0.437172 0.515499 
1.290685 0.625207 0.053854 1.311613 0.765450 0.023580 1.305037 0.770263 0.008472 1.407624 0.794228 0.200137 1.380104 0.415578 0.505461 
1.284784 0.622911 0.049407 1.306573 0.764287 0.023584 1.300674 0.769916 0.009359 1.365438 0.394566 0.495202 1.402941 0.815850 0.189700 1.383102 0.545516 0.158663 
1.278933 0.620522 0.045159 1.301238 0.763190 0.023524 1.296086 0.770393 0.010090 1.350891 0.374114 0.484580 1.396081 0.807678 0.193506 1.375753 0.536836 0.153826 
1.273500 0.618338 0.040791 1.296077 0.762127 0.023194 1.291753 0.770818 0.010877 1.337086 0.354517 0.473183 1.389442 0.799608 0.196881 1.369019 0.528569 0.148836 
1.269740 0.616083 0.036613 1.293088 0.761181 0.023758 1.289071 0.770435 0.011835 1.324378 0.335926 0.460508 1.383804 0.791072 0.200398 1.363224 0.521112 0.143374 
1.266342 0.614735 0.031569 1.290237 0.760212 0.023998 1.286611 0.769824 0.012759 1.312769 0.318522 0.445516 1.378398 0.782694 0.203499 1.357644 0.515189 0.136110 
1.263054 0.613826 0.026222 1.287494 0.759248 0.024524 1.284140 0.769269 0.013716 1.301582 0.302013 0.429550 1.372768 0.774777 0.206280 1.352368 0.510192 0.128502 
1.285164 0.758277 0.026167 1.366975 0.766574 0.210026 1.282087 0.769147 0.015653 1.260393 0.613342 0.021568 1.290261 0.285936 0.412553 1.346963 0.505691 0.120564 
1.284709 0.757086 0.031841 1.361670 0.756378 0.217786 1.281795 0.768667 0.021295 1.259696 0.613000 0.020360 1.278996 0.270245 0.395714 1.341516 0.502018 0.113574 
1.283425 0.755618 0.037637 1.356189 0.746461 0.224726 1.280735 0.768563 0.027211 1.258404 0.611769 0.019953 1.268743 0.254919 0.380945 1.336873 0.497227 0.108766 
1.283007 0.753877 0.043443 1.352140 0.735600 0.230760 1.280428 0.767850 0.033064 1.257642 0.609962 0.019838 1.259924 0.239405 0.365489 1.332884 0.491282 0.103512 
1.282307 0.752245 0.047571 1.280149 0.767102 0.038240 1.256787 0.608328 0.019494 1.251585 0.224977 0.349107 1.328465 0.485727 0.096386 1.349647 0.722040 0.220251 1.349348 0.727344 0.236639 
1.264074 0.661355 0.072181 1.282007 0.750725 0.051282 1.244691 0.212972 0.334521 1.324996 0.480955 0.089935 1.347940 0.710522 0.225108 1.347044 0.720301 0.240543 
1.263440 0.659541 0.072911 1.281759 0.749356 0.054275 1.239925 0.203932 0.322575 1.323330 0.478391 0.085492 1.346254 0.703300 0.228303 1.345148 0.713864 0.243674 
1.263076 0.658406 0.073458 1.281505 0.748206 0.056570 1.236483 0.196891 0.313013 1.322589 0.476723 0.082329 1.344809 0.698509 0.230491 1.343623 0.708369 0.246136 
1.262881 0.657789 0.073824 1.281205 0.747369 0.058062 1.234058 0.191397 0.305551 1.322415 0.475387 0.079968 1.343731 0.695393 0.232029 1.342513 0.704019 0.247968 
1.262832 0.657599 0.074073 1.280898 0.746843 0.058870 1.232581 0.187342 0.300443 1.322787 0.474323 0.078620 1.342995 0.693987 0.232883 1.341803 0.700845 0.249235 
1.262917 0.657775 0.074240 1.280620 0.746602 0.059117 1.232006 0.184697 0.297864 1.323685 0.473577 0.078457 1.342565 0.694333 0.233015 1.341465 0.698865 0.249988 
1.266269 0.656090 0.075610 1.285541 0.746484 0.063267 1.231298 0.180105 0.295573 1.327756 0.469854 0.081847 1.344089 0.696069 0.232393 1.343092 0.697200 0.251586 
1.271064 0.660176 0.077981 1.291199 0.755338 0.067294 1.230163 0.172580 0.282668 1.335095 0.466810 0.082272 1.346435 0.699614 0.232062 1.344963 0.699363 0.255066 
1.275820 0.670357 0.079535 1.295651 0.768012 0.072016 1.230226 0.169682 0.255654 1.341227 0.474777 0.074863 1.348127 0.702394 0.234602 1.346197 0.699093 0.258897 
1.281391 0.683503 0.080661 1.300707 0.783217 0.078397 1.229725 0.169294 0.211599 1.347332 0.490295 0.061267 1.349869 0.701720 0.238624 1.347381 0.695334 0.262138 
1.283540 0.691953 0.086236 1.303245 0.797133 0.088200 1.346662 0.698938 0.267499 1.221457 0.160945 0.181917 1.356674 0.484757 0.073109 
1.288128 0.687620 0.103044 1.309454 0.792099 0.111233 1.343292 0.688380 0.287456 1.208363 0.149220 0.165244 1.360390 0.470886 0.094016 
1.292181 0.675850 0.133568 1.190384 0.138693 0.143740 1.357676 0.457065 0.113227 1.316786 0.781939 0.151473 1.339575 0.694648 0.272185 1.331346 0.636972 0.308096 
1.351648 0.439475 0.132733 1.291920 0.658735 0.174567 1.326785 0.657349 0.322244 1.319390 0.766780 0.204619 1.314229 0.603517 0.347002 
1.342829 0.426206 0.158587 1.286912 0.634968 0.223073 1.315001 0.734071 0.262406 1.324414 0.715596 0.155519 
1.335897 0.432853 0.185356 1.309234 0.704776 0.303586 1.325557 0.692879 0.200718 1.281329 0.610765 0.259322 
1.326792 0.425950 0.200725 1.300238 0.689750 0.334314 1.321127 0.675628 0.235076 1.299747 0.693186 0.339540 1.227970 0.459994 0.386974 
1.315640 0.413274 0.216085 1.288941 0.685300 0.350711 1.312123 0.670161 0.252086 1.288595 0.689885 0.355781 1.212950 0.454562 0.399472 
1.277772 0.685994 0.357365 1.297619 0.650299 0.272397 1.277879 0.692507 0.361831 1.210440 0.489695 0.455006 1.305396 0.406109 0.228277 
1.268875 0.687196 0.358938 1.289565 0.656729 0.275685 1.269470 0.695499 0.362614 1.202988 0.492223 0.457659 1.298220 0.404814 0.235566 
1.263278 0.686929 0.360092 1.284447 0.659747 0.278024 1.264055 0.695795 0.363391 1.198122 0.493301 0.459636 1.293872 0.405351 0.240092 
1.260042 0.686362 0.363381 1.281718 0.660053 0.281679 1.260806 0.695210 0.366658 1.194607 0.493042 0.462587 1.291651 0.406013 0.243993 
1.258291 0.685768 0.366826 1.280381 0.659136 0.285072 1.259022 0.694594 0.370171 1.192186 0.492108 0.465223 1.290500 0.405717 0.246640 
1.258137 0.685175 0.368150 1.280313 0.657952 0.286266 1.258850 0.693999 0.371568 1.191536 0.491202 0.466080 1.290332 0.405179 0.247040 
1.259682 0.684786 0.366603 1.281557 0.657052 0.284618 1.260400 0.693609 0.370068 1.193013 0.490767 0.464704 1.291259 0.404938 0.244960 
1.262934 0.685012 0.361837 1.284101 0.656841 0.279731 1.263682 0.693863 0.365314 1.196801 0.491171 0.460799 1.293347 0.405224 0.240123 
1.267864 0.686112 0.353619 1.287903 0.657530 0.271345 1.268668 0.695035 0.357072 1.202980 0.492602 0.454128 1.296591 0.406032 0.232336 
1.300833 0.407177 0.221655 1.274361 0.687808 0.342022 1.275243 0.696833 0.345420 1.211363 0.494810 0.444710 1.292855 0.658827 0.259562 
1.305968 0.408370 0.207853 1.282311 0.689805 0.327405 1.302235 0.679600 0.226664 1.283284 0.698969 0.330762 1.211350 0.462601 0.386486 
1.311623 0.409709 0.191286 1.291076 0.692348 0.310344 1.308139 0.681437 0.209228 1.259864 0.598409 0.265505 
1.317289 0.411404 0.173427 1.300187 0.694959 0.291144 1.314045 0.683383 0.189624 1.267656 0.600655 0.247962 
1.321515 0.412918 0.162006 1.275326 0.603759 0.230865 1.308720 0.697695 0.271063 1.318950 0.683483 0.167556 
1.324914 0.414621 0.158957 1.281532 0.607259 0.217667 1.314415 0.698567 0.253926 1.321333 0.683281 0.147256 
1.327084 0.415637 0.154823 1.285400 0.608107 0.209540 1.318406 0.698448 0.243844 1.323141 0.681960 0.135878 
1.328813 0.417056 0.151686 1.287628 0.608205 0.206457 1.320913 0.698464 0.240179 1.324696 0.681454 0.132315 
1.329796 0.417056 0.150245 1.288538 0.608072 0.207069 1.322280 0.699095 0.241195 1.326093 0.681904 0.134021 
1.330095 0.416099 0.150386 1.288336 0.607999 0.209719 1.322498 0.700158 0.244769 1.326912 0.682862 0.138449 
1.329582 0.414428 0.152325 1.287100 0.608014 0.213564 1.321459 0.701197 0.249692 1.326823 0.683869 0.144017 
1.328104 0.412273 0.156199 1.284797 0.607706 0.218520 1.319026 0.701475 0.255792 1.325683 0.684404 0.150424 
1.325754 0.410569 0.161478 1.281382 0.606702 0.224657 1.315111 0.700543 0.263220 1.323465 0.684095 0.157956 
1.324191 0.411911 0.164027 1.277647 0.605891 0.231049 1.310489 0.699186 0.270634 1.320769 0.686054 0.166414 
1.323682 0.417131 0.165488 1.274365 0.606989 0.237126 1.306530 0.700798 0.278365 1.318430 0.688915 0.175627 
1.322126 0.418022 0.170065 1.302964 0.701890 0.285577 1.316125 0.689989 0.183400 1.271218 0.607486 0.243299 
1.320127 0.417272 0.176458 1.299682 0.701418 0.292319 1.313974 0.689577 0.190166 1.268399 0.607015 0.249415 
1.318437 0.416408 0.182012 1.297087 0.700284 0.298427 1.312394 0.688627 0.196404 1.266143 0.605977 0.254956 
1.317321 0.415705 0.185720 1.295438 0.699254 0.303094 1.311501 0.687618 0.201283 1.264644 0.604886 0.259081 
1.316832 0.415323 0.187321 1.294799 0.698397 0.305549 1.311251 0.686793 0.203920 1.264027 0.603985 0.261183 
1.316955 0.415301 0.186950 1.295049 0.698190 0.305435 1.311474 0.686583 0.203854 1.264219 0.603756 0.261025 
1.317617 0.415434 0.184932 1.296132 0.698399 0.303287 1.312196 0.686730 0.201664 1.265144 0.603937 0.259060 
1.318809 0.415674 0.181243 1.298091 0.698779 0.299355 1.313495 0.686995 0.197660 1.266815 0.604266 0.255465 
1.320425 0.415983 0.176331 1.300858 0.699299 0.293665 1.315292 0.687296 0.191803 1.269185 0.604758 0.250336 
1.322432 0.416361 0.170035 1.304318 0.699963 0.286437 1.317519 0.687668 0.184387 1.272143 0.605371 0.243815 
1.324585 0.416835 0.163005 1.275650 0.606124 0.235995 1.308428 0.700824 0.277712 1.320099 0.687699 0.175280 
1.325661 0.418410 0.162496 1.278442 0.607665 0.229115 1.311068 0.700978 0.268674 1.320991 0.686479 0.164293 
1.326194 0.419403 0.162138 1.280174 0.608271 0.224602 1.312453 0.700015 0.262578 1.321211 0.685533 0.156882 
1.326337 0.419717 0.162068 1.280624 0.608201 0.223741 1.312803 0.699492 0.261392 1.321316 0.685075 0.155379 
1.326207 0.419492 0.162011 1.280113 0.608021 0.225243 1.312354 0.699680 0.263349 1.321257 0.685486 0.157717 
1.325904 0.418952 0.162245 1.278954 0.607875 0.228106 1.311310 0.700365 0.267129 1.320965 0.686427 0.162305 
