0.000775 0.003967 0.999992 0.001137 -0.000227 0.999999 0.001163 -0.000225 0.999999 0.000869 0.003973 0.999992 
0.000704 0.003599 0.999993 0.001030 -0.000206 0.999999 0.001053 -0.000204 0.999999 0.000789 0.003605 0.999993 
0.000637 0.003259 0.999994 0.000931 -0.000186 1.000000 0.000952 -0.000184 1.000000 0.000714 0.003264 0.999994 
0.000273 0.001396 0.999999 0.002082 -0.000416 0.999998 0.002093 -0.000405 0.999998 0.000314 0.001436 0.999999 
0.000298 0.001525 0.999999 0.002535 -0.000506 0.999997 0.002547 -0.000492 0.999997 0.000344 0.001574 0.999999 
0.000480 0.002456 0.999997 0.003671 -0.000734 0.999993 0.003691 -0.000714 0.999993 0.000552 0.002526 0.999997 
0.000467 0.002390 0.999997 0.003000 -0.000600 0.999995 0.003018 -0.000584 0.999995 0.000535 0.002445 0.999997 
0.001034 0.005311 0.999985 0.006338 -0.001263 0.999979 0.006378 -0.001230 0.999979 0.001183 0.005427 0.999985 
0.000933 0.004790 0.999988 0.005690 -0.001134 0.999983 0.005727 -0.001105 0.999983 0.001067 0.004894 0.999987 
0.000846 0.004343 0.999990 0.005133 -0.001023 0.999986 0.005166 -0.000996 0.999986 0.000967 0.004437 0.999990 
0.000770 0.003957 0.999992 0.004641 -0.000925 0.999989 0.004671 -0.000901 0.999989 0.000881 0.004042 0.999991 
0.000709 0.003643 0.999993 0.004208 -0.000838 0.999991 0.004235 -0.000817 0.999991 0.000811 0.003719 0.999993 
0.000655 0.003364 0.999994 0.003820 -0.000761 0.999992 0.003845 -0.000742 0.999992 0.000748 0.003433 0.999994 
0.000612 0.003143 0.999995 0.003480 -0.000693 0.999994 0.003503 -0.000676 0.999994 0.000699 0.003205 0.999995 
0.000593 0.003045 0.999995 0.003187 -0.000635 0.999995 0.003210 -0.000619 0.999995 0.000676 0.003102 0.999995 
0.000602 0.003091 0.999995 0.002938 -0.000585 0.999996 0.002961 -0.000571 0.999995 0.000685 0.003142 0.999995 
0.000710 0.003646 0.999993 0.003165 -0.000630 0.999995 0.003191 -0.000615 0.999995 0.000806 0.003699 0.999993 
0.000937 0.004824 0.999988 0.004914 -0.000977 0.999987 0.004950 -0.000952 0.999987 0.001068 0.004910 0.999987 
0.001267 0.006544 0.999978 0.007843 -0.001555 0.999968 0.007892 -0.001514 0.999968 0.001450 0.006687 0.999977 
0.001628 0.008446 0.999963 0.011499 -0.002270 0.999931 0.011565 -0.002210 0.999931 0.001871 0.008662 0.999961 
0.001959 0.010208 0.999946 0.014978 -0.002944 0.999883 0.015059 -0.002865 0.999883 0.002257 0.010493 0.999942 
0.002260 0.011834 0.999927 0.018175 -0.003557 0.999828 0.018269 -0.003460 0.999827 0.002609 0.012183 0.999922 
0.002534 0.013334 0.999908 0.021108 -0.004113 0.999769 0.021214 -0.003999 0.999767 0.002930 0.013741 0.999901 
0.002782 0.014716 0.999888 0.023793 -0.004615 0.999706 0.023911 -0.004486 0.999704 0.003221 0.015176 0.999880 
0.003008 0.015990 0.999868 0.026246 -0.005068 0.999643 0.026374 -0.004926 0.999640 0.003487 0.016500 0.999858 
0.003215 0.017175 0.999847 0.028481 -0.005475 0.999579 0.028620 -0.005320 0.999576 0.003730 0.017729 0.999836 
0.003405 0.018279 0.999827 0.030514 -0.005839 0.999517 0.030661 -0.005673 0.999514 0.003953 0.018874 0.999814 
0.003578 0.019305 0.999807 0.032353 -0.006164 0.999457 0.032509 -0.005988 0.999454 0.004157 0.019937 0.999793 
0.003735 0.020253 0.999788 0.034011 -0.006450 0.999401 0.034174 -0.006265 0.999396 0.004342 0.020918 0.999772 
0.003875 0.021122 0.999769 0.035495 -0.006701 0.999347 0.035665 -0.006507 0.999343 0.004507 0.021816 0.999752 
0.003999 0.021912 0.999752 0.036814 -0.006917 0.999298 0.036990 -0.006716 0.999293 0.004654 0.022632 0.999733 
0.004108 0.022625 0.999736 0.037975 -0.007101 0.999253 0.038156 -0.006894 0.999248 0.004783 0.023368 0.999715 
0.004202 0.023264 0.999721 0.038984 -0.007255 0.999213 0.039171 -0.007042 0.999208 0.004895 0.024028 0.999699 
0.004282 0.023836 0.999707 0.039852 -0.007380 0.999178 0.040042 -0.007162 0.999172 0.004991 0.024616 0.999685 
0.004350 0.024346 0.999694 0.040585 -0.007478 0.999148 0.040779 -0.007256 0.999142 0.005073 0.025141 0.999671 
0.004408 0.024801 0.999683 0.041185 -0.007550 0.999123 0.041382 -0.007325 0.999117 0.005142 0.025608 0.999659 
0.004455 0.025207 0.999672 0.041658 -0.007597 0.999103 0.041858 -0.007369 0.999096 0.005200 0.026023 0.999648 
0.004493 0.025562 0.999663 0.042097 -0.007637 0.999084 0.042299 -0.007406 0.999078 0.005247 0.026387 0.999638 
0.004521 0.025869 0.999655 0.042553 -0.007677 0.999065 0.042758 -0.007444 0.999058 0.005282 0.026704 0.999629 
0.004540 0.026137 0.999648 0.042979 -0.007711 0.999046 0.043186 -0.007475 0.999039 0.005309 0.026981 0.999622 
0.004553 0.026369 0.999642 0.043326 -0.007729 0.999031 0.043534 -0.007491 0.999024 0.005327 0.027220 0.999615 
0.004559 0.026562 0.999637 0.043562 -0.007726 0.999021 0.043772 -0.007487 0.999014 0.005337 0.027418 0.999610 
0.004557 0.026714 0.999633 0.043671 -0.007700 0.999016 0.043881 -0.007460 0.999009 0.005338 0.027573 0.999606 
0.004547 0.026823 0.999630 0.043637 -0.007648 0.999018 0.043848 -0.007409 0.999011 0.005330 0.027681 0.999603 
0.004530 0.026887 0.999628 0.043450 -0.007569 0.999027 0.043661 -0.007331 0.999020 0.005312 0.027741 0.999601 
0.004505 0.026906 0.999628 0.043105 -0.007464 0.999043 0.043315 -0.007227 0.999035 0.005285 0.027753 0.999601 
0.004472 0.026879 0.999629 0.042600 -0.007331 0.999065 0.042809 -0.007097 0.999058 0.005249 0.027716 0.999602 
0.004433 0.026808 0.999631 0.041935 -0.007172 0.999095 0.042142 -0.006942 0.999088 0.005204 0.027631 0.999605 
0.004386 0.026695 0.999634 0.041111 -0.006986 0.999130 0.041317 -0.006761 0.999123 0.005150 0.027500 0.999609 
0.004333 0.026541 0.999638 0.040125 -0.006775 0.999172 0.040328 -0.006556 0.999165 0.005089 0.027326 0.999614 
0.004274 0.026349 0.999644 0.038971 -0.006538 0.999219 0.039171 -0.006325 0.999212 0.005020 0.027110 0.999620 
0.004209 0.026120 0.999650 0.037641 -0.006273 0.999272 0.037839 -0.006068 0.999265 0.004944 0.026852 0.999627 
0.004139 0.025852 0.999657 0.036126 -0.005981 0.999329 0.036320 -0.005785 0.999323 0.004860 0.026552 0.999636 
0.004062 0.025543 0.999665 0.034414 -0.005659 0.999392 0.034605 -0.005473 0.999386 0.004769 0.026207 0.999645 
0.003979 0.025190 0.999675 0.032492 -0.005306 0.999458 0.032678 -0.005132 0.999453 0.004670 0.025814 0.999656 
0.003890 0.024791 0.999685 0.030343 -0.004921 0.999527 0.030524 -0.004759 0.999523 0.004563 0.025370 0.999668 
0.003794 0.024344 0.999696 0.027952 -0.004501 0.999599 0.028128 -0.004353 0.999595 0.004446 0.024871 0.999681 
0.003690 0.023844 0.999709 0.025304 -0.004045 0.999672 0.025474 -0.003913 0.999668 0.004320 0.024315 0.999695 
0.003580 0.023291 0.999722 0.022384 -0.003552 0.999743 0.022548 -0.003437 0.999740 0.004185 0.023700 0.999710 
0.003462 0.022684 0.999737 0.019169 -0.003020 0.999812 0.019326 -0.002923 0.999809 0.004041 0.023024 0.999727 
0.003337 0.022021 0.999752 0.015635 -0.002444 0.999875 0.015785 -0.002369 0.999873 0.003887 0.022285 0.999744 
0.003204 0.021300 0.999768 0.011761 -0.001825 0.999929 0.011902 -0.001772 0.999928 0.003723 0.021482 0.999762 
0.003064 0.020519 0.999785 0.007522 -0.001158 0.999971 0.007655 -0.001131 0.999970 0.003549 0.020610 0.999781 
0.002916 0.019675 0.999802 0.002895 -0.000442 0.999996 0.003018 -0.000442 0.999995 0.003365 0.019666 0.999801 
0.002730 0.018486 0.999825 0.000528 -0.000080 1.000000 0.000641 -0.000094 1.000000 0.003143 0.018430 0.999825 
0.002567 0.017381 0.999846 0.000518 -0.000079 1.000000 0.000625 -0.000091 1.000000 0.002955 0.017328 0.999845 
0.002422 0.016396 0.999863 0.000503 -0.000076 1.000000 0.000604 -0.000088 1.000000 0.002788 0.016347 0.999862 
0.002266 0.015344 0.999880 0.000482 -0.000073 1.000000 0.000577 -0.000084 1.000000 0.002609 0.015298 0.999880 
0.002108 0.014274 0.999896 0.000458 -0.000070 1.000000 0.000546 -0.000080 1.000000 0.002427 0.014231 0.999896 
0.001918 0.012990 0.999914 0.000429 -0.000065 1.000000 0.000509 -0.000074 1.000000 0.002209 0.012952 0.999914 
0.001701 0.011518 0.999932 0.000395 -0.000060 1.000000 0.000465 -0.000068 1.000000 0.001959 0.011484 0.999932 
0.001459 0.009881 0.999950 0.000355 -0.000054 1.000000 0.000416 -0.000061 1.000000 0.001680 0.009853 0.999950 
0.001196 0.008099 0.999966 0.000310 -0.000047 1.000000 0.000360 -0.000052 1.000000 0.001377 0.008076 0.999966 
0.000912 0.006174 0.999981 0.000259 -0.000039 1.000000 0.000297 -0.000043 1.000000 0.001050 0.006157 0.999980 
0.000604 0.004088 0.999991 0.000205 -0.000031 1.000000 0.000230 -0.000034 1.000000 0.000695 0.004078 0.999991 
0.000362 0.002449 0.999997 0.000141 -0.000021 1.000000 0.000156 -0.000023 1.000000 0.000417 0.002444 0.999997 
0.000306 0.002070 0.999998 0.000061 -0.000009 1.000000 0.000074 -0.000011 1.000000 0.000352 0.002064 0.999998 
0.000940 0.006334 0.999979 -0.003146 0.000481 0.999995 -0.003110 0.000456 0.999995 0.001069 0.006240 0.999980 
0.000854 0.005753 0.999983 -0.002832 0.000433 0.999996 -0.002799 0.000410 0.999996 0.000971 0.005669 0.999983 
0.000775 0.005225 0.999986 -0.002556 0.000391 0.999997 -0.002527 0.000370 0.999997 0.000882 0.005149 0.999986 
0.000515 0.003475 0.999994 -0.001728 0.000264 0.999998 -0.001709 0.000250 0.999999 0.000586 0.003423 0.999994 
0.000244 0.001655 0.999999 0.000043 -0.000006 1.000000 0.000053 -0.000008 1.000000 0.000281 0.001650 0.999999 
0.000129 0.000876 1.000000 0.001383 -0.000210 0.999999 0.001389 -0.000202 0.999999 0.000154 0.000904 1.000000 
0.000052 0.000352 1.000000 0.001825 -0.000278 0.999998 0.001829 -0.000267 0.999998 0.000067 0.000391 1.000000 
-0.000265 -0.001782 0.999998 -0.001960 0.000300 0.999998 -0.001973 0.000290 0.999998 -0.000312 -0.001819 0.999998 
-0.000021 -0.000142 1.000000 -0.004529 0.000696 0.999990 -0.004534 0.000669 0.999989 -0.000042 -0.000242 1.000000 
-0.001308 -0.008751 0.999961 -0.001616 0.000249 0.999999 -0.001671 0.000247 0.999999 -0.001509 -0.008754 0.999961 
-0.000925 -0.005586 0.999984 -0.005102 0.000868 0.999987 -0.005142 0.000843 0.999986 -0.001071 -0.005677 0.999983 
-0.001150 -0.006480 0.999978 -0.003771 0.000686 0.999993 -0.003815 0.000670 0.999993 -0.001311 -0.006535 0.999978 
-0.001522 -0.008649 0.999961 -0.002237 0.000404 0.999997 -0.002293 0.000399 0.999997 -0.001724 -0.008661 0.999961 
-0.001491 -0.007889 0.999968 -0.004204 0.000813 0.999991 -0.004257 0.000797 0.999991 -0.001686 -0.007946 0.999967 
-0.001442 -0.007508 0.999971 -0.006505 0.001279 0.999978 -0.006559 0.001248 0.999978 -0.001640 -0.007618 0.999970 
-0.001612 -0.008118 0.999966 -0.012736 0.002587 0.999916 -0.012802 0.002519 0.999915 -0.001855 -0.008362 0.999963 
-0.001671 -0.008411 0.999963 -0.028780 0.005855 0.999569 -0.028867 0.005689 0.999567 -0.001999 -0.009010 0.999957 
-0.001956 -0.008889 0.999959 -0.048264 0.010865 0.998776 -0.048384 0.010581 0.998773 -0.002414 -0.009914 0.999948 
-0.002020 -0.009083 0.999957 -0.068198 0.015522 0.997551 -0.068348 0.015116 0.997547 -0.002593 -0.010550 0.999941 
-0.001822 -0.008259 0.999964 -0.088366 0.019968 0.995888 -0.088538 0.019436 0.995883 -0.002483 -0.010178 0.999945 
-0.001765 -0.008183 0.999965 -0.105941 0.023442 0.994096 -0.106134 0.022801 0.994090 -0.002508 -0.010493 0.999942 
-0.001605 -0.007521 0.999970 -0.118371 0.025921 0.992631 -0.118576 0.025201 0.992625 -0.002393 -0.010112 0.999946 
-0.001435 -0.007080 0.999974 -0.128518 0.026763 0.991346 -0.128725 0.025979 0.991340 -0.002236 -0.009901 0.999948 
-0.001185 -0.006171 0.999980 -0.138034 0.027253 0.990052 -0.138239 0.026407 0.990047 -0.001980 -0.009210 0.999956 
-0.001205 -0.006597 0.999978 -0.150811 0.028408 0.988154 -0.151026 0.027481 0.988148 -0.002039 -0.009919 0.999949 
-0.184746 0.034776 0.982171 -0.187019 0.062349 0.980376 0.000243 0.000673 1.000000 -0.000116 0.000756 1.000000 -0.005014 -0.024011 0.999699 -0.019885 0.073533 0.997094 
0.000207 0.000576 1.000000 -0.210128 0.069864 0.975174 -0.234458 0.044704 0.971098 -0.000717 0.004058 0.999992 -0.007474 -0.036105 0.999320 -0.031222 0.113294 0.993071 
-0.001064 -0.003027 0.999995 -0.287513 0.054449 0.956228 -0.005920 0.025733 0.999651 -0.236868 0.076963 0.968489 -0.006038 -0.029307 0.999552 -0.043375 0.143279 0.988731 
-0.004435 -0.012824 0.999908 -0.331624 0.063691 0.941259 -0.013863 0.050626 0.998621 -0.257328 0.082943 0.962758 -0.003935 -0.018598 0.999819 -0.052524 0.161354 0.985498 
-0.008274 -0.023958 0.999679 -0.368945 0.073163 0.926567 -0.020948 0.069804 0.997341 -0.273602 0.089156 0.957702 -0.002772 -0.012603 0.999917 -0.059229 0.176058 0.982596 
-0.011964 -0.034198 0.999343 -0.400951 0.082868 0.912344 -0.025711 0.082067 0.996295 -0.289043 0.096705 0.952419 -0.003038 -0.013331 0.999907 -0.063915 0.189415 0.979815 
-0.015738 -0.044447 0.998888 -0.428001 0.091694 0.899115 -0.028270 0.090021 0.995539 -0.307885 0.105833 0.945519 -0.004477 -0.019278 0.999804 -0.066075 0.199867 0.977593 
-0.019410 -0.054635 0.998318 -0.452269 0.099854 0.886274 -0.028966 0.094961 0.995060 -0.333419 0.117020 0.935488 -0.006685 -0.028673 0.999566 -0.065874 0.206828 0.976157 
-0.023320 -0.065665 0.997569 -0.474543 0.107996 0.873582 -0.027818 0.096358 0.994958 -0.361369 0.129525 0.923383 -0.009553 -0.041218 0.999105 -0.063718 0.211150 0.975375 
-0.027449 -0.077484 0.996616 -0.496061 0.115847 0.860525 -0.025187 0.094651 0.995192 -0.391104 0.143521 0.909087 -0.012574 -0.055235 0.998394 -0.059854 0.213023 0.975212 
-0.030398 -0.084112 0.995992 -0.512715 0.124938 0.849420 -0.019906 0.084349 0.996237 -0.418826 0.159951 0.893868 -0.015082 -0.065778 0.997720 -0.052758 0.207634 0.976783 
-0.032806 -0.087485 0.995626 -0.531440 0.137365 0.835884 -0.013688 0.065414 0.997764 -0.440095 0.176734 0.880387 -0.017681 -0.075199 0.997012 -0.045266 0.201700 0.978401 
-0.049372 -0.065156 0.996653 -0.563062 0.140155 0.814443 0.001396 -0.003825 0.999992 -0.202875 0.152635 0.967235 -0.015824 -0.070005 0.997421 -0.067933 0.326934 0.942602 
-0.034373 -0.026589 0.999055 -0.582222 0.138220 0.801195 0.036200 -0.083114 0.995882 -0.012931 -0.058224 0.998220 -0.048730 0.060364 0.996986 -0.116472 0.413241 0.903142 
-0.068428 -0.042859 0.996735 -0.606465 0.141793 0.782365 0.049963 -0.119740 0.991547 -0.011840 -0.053823 0.998480 -0.034988 0.053573 0.997951 -0.106570 0.372494 0.921895 
-0.122926 -0.063667 0.990372 -0.636287 0.144445 0.757809 0.065955 -0.172058 0.982876 -0.010603 -0.049389 0.998723 -0.024849 0.046043 0.998630 -0.069570 0.259637 0.963197 
-0.163171 -0.077147 0.983577 -0.665057 0.166393 0.728019 0.086473 -0.226419 0.970184 -0.013299 -0.059180 0.998159 -0.016887 0.034159 0.999274 -0.037299 0.139268 0.989552 
-0.188998 -0.082773 0.978483 -0.695675 0.189457 0.692923 0.108013 -0.262874 0.958765 -0.015919 -0.068966 0.997492 -0.013085 0.028473 0.999509 -0.017734 0.058230 0.998146 
-0.202606 -0.080449 0.975950 -0.724270 0.232373 0.649181 -0.022262 -0.092914 0.995425 -0.006301 0.015963 0.999853 0.215282 -0.399976 0.890883 -0.008528 0.020299 0.999758 -0.025580 0.064768 0.997572 
-0.198769 -0.083445 0.976488 -0.030918 -0.125129 0.991659 -0.035381 0.073997 0.996631 -0.742055 0.291275 0.603749 -0.025977 0.064304 0.997592 0.284496 -0.384563 0.878165 
-0.185547 -0.070922 0.980073 -0.037112 -0.149476 0.988069 -0.072747 0.132046 0.988571 -0.033839 0.093688 0.995026 -0.756713 0.353497 0.549932 0.305291 -0.307255 0.901328 
-0.145564 -0.042800 0.988423 -0.043556 -0.177594 0.983139 -0.131654 0.203034 0.970281 -0.028759 0.103436 0.994220 -0.754491 0.439275 0.487627 0.294267 -0.217448 0.930657 
-0.100116 -0.019141 0.994792 -0.017950 0.098428 0.994982 -0.195208 0.121984 0.973146 -0.049147 -0.207699 0.976957 -0.201984 0.274762 0.940058 
-0.041993 -0.004440 0.999108 -0.013975 0.137590 0.990391 -0.236473 0.134179 0.962329 -0.048349 -0.207135 0.977117 -0.293589 0.346631 0.890872 
0.040789 0.002948 0.999163 -0.017122 0.206742 0.978246 -0.271638 0.132379 0.953252 -0.028432 -0.127117 0.991480 -0.389367 0.362738 0.846649 
0.024676 -0.000163 0.999695 -0.000249 0.231503 0.972834 -0.012287 -0.054300 0.998449 -0.400805 0.293649 0.867828 -0.910994 0.318100 0.262491 0.174398 -0.074637 0.981842 
0.018905 0.168311 0.985553 0.002439 0.010557 0.999941 -0.961916 0.089640 0.258230 0.244813 -0.102293 0.964159 -0.112063 0.010586 0.993645 -0.263847 0.161031 0.951028 
-0.206252 0.048088 0.977316 0.025242 0.099055 0.994762 0.016670 0.070251 0.997390 -0.094398 0.036088 0.994880 -0.953807 -0.098431 0.283838 0.291012 -0.109531 0.950429 
0.024815 0.101135 0.994563 0.026341 0.072358 0.997031 -0.168041 0.045992 0.984707 -0.937109 -0.201902 0.284713 -0.178547 0.061123 0.982031 0.545660 -0.185393 0.817242 
0.045012 0.091689 0.994770 -0.261078 0.057829 0.963584 -0.113747 0.053402 0.992074 0.323815 -0.058412 0.944315 0.039703 0.150455 0.987819 -0.882774 -0.371903 0.287050 
-0.056969 0.033373 0.997818 0.082894 -0.008767 0.996520 0.080195 0.132370 0.987951 -0.340449 0.065085 0.938008 0.052220 0.182963 0.981732 -0.808381 -0.517329 0.280875 
-0.076555 0.047147 0.995950 -0.079633 0.004805 0.996813 0.132676 0.202920 0.970165 -0.418870 0.059949 0.906065 0.070751 0.225722 0.971619 -0.714826 -0.631570 0.300240 
-0.017135 0.012324 0.999777 -0.257778 -0.001137 0.966203 0.174215 0.236652 0.955848 -0.467168 0.041320 0.883203 0.093420 0.283275 0.954478 -0.616488 -0.707510 0.345503 
-0.001608 0.001216 0.999998 -0.305217 -0.014201 0.952177 0.211296 0.276217 0.937581 -0.480978 0.018393 0.876539 0.104640 0.326868 0.939259 -0.520932 -0.764671 0.379353 
-0.029924 0.022218 0.999305 -0.238944 -0.011479 0.970966 0.228878 0.295875 0.927401 -0.444699 0.012391 0.895594 0.112028 0.359705 0.926317 -0.552764 -0.719227 0.420909 
-0.051891 0.037449 0.997950 -0.171079 -0.005067 0.985244 0.251899 0.325329 0.911432 -0.401159 0.011724 0.915933 0.127161 0.405801 0.905072 -0.575127 -0.663248 0.478886 
-0.066854 0.047290 0.996642 -0.129052 -0.002585 0.991634 0.274839 0.352925 0.894376 -0.373176 0.009096 0.927716 0.140197 0.445402 0.884286 -0.568614 -0.634268 0.523815 
-0.079968 0.055607 0.995245 -0.120132 -0.003283 0.992752 0.296137 0.376826 0.877670 -0.366823 0.002463 0.930287 0.150157 0.476351 0.866338 -0.538860 -0.636721 0.551558 
-0.092816 0.063243 0.993673 -0.129190 -0.005904 0.991602 0.317151 0.400002 0.859891 -0.371330 -0.007539 0.928470 0.158912 0.504104 0.848897 -0.496630 -0.652284 0.572612 
-0.105009 0.069654 0.992029 -0.137674 -0.009518 0.990432 0.337208 0.423232 0.840931 -0.374622 -0.019370 0.926975 0.165571 0.531151 0.830942 -0.453159 -0.665052 0.593593 
-0.116957 0.075008 0.990300 -0.133676 -0.011979 0.990953 0.356129 0.446391 0.820919 -0.369038 -0.029795 0.928937 0.170346 0.559612 0.811059 -0.418756 -0.665074 0.618320 
-0.128183 0.079139 0.988588 -0.110602 -0.011062 0.993803 0.377192 0.471793 0.796955 -0.352677 -0.035483 0.935072 0.173808 0.585403 0.791893 -0.403864 -0.650245 0.643487 
-0.133475 0.079335 0.987872 -0.072989 -0.007412 0.997305 0.393357 0.495662 0.774332 -0.327644 -0.036387 0.944100 0.171541 0.606343 0.776481 -0.402313 -0.628912 0.665293 
-0.131497 0.076879 0.988331 -0.034677 -0.003466 0.999393 0.404000 0.512101 0.757982 -0.300465 -0.034305 0.953176 0.165309 0.622934 0.764609 -0.407363 -0.605181 0.683967 
-0.129699 0.075077 0.988707 -0.008191 -0.000766 0.999966 0.412197 0.523873 0.745420 -0.279582 -0.031541 0.959604 0.162640 0.638402 0.752324 -0.408388 -0.584280 0.701310 
-0.129724 0.074403 0.988755 0.001840 0.000169 0.999998 0.417698 0.531581 0.736851 -0.269783 -0.031121 0.962418 0.161434 0.649904 0.742673 -0.402181 -0.574970 0.712502 
-0.131298 0.074749 0.988521 -0.001524 -0.000150 0.999999 0.420270 0.534910 0.732970 -0.270387 -0.033219 0.962178 0.160370 0.654944 0.738464 -0.393346 -0.577103 0.715703 
-0.134405 0.076093 0.988001 -0.012203 -0.001316 0.999925 0.420363 0.534258 0.733392 -0.277545 -0.036549 0.960017 0.160065 0.654790 0.738668 -0.385024 -0.585543 0.713369 
-0.139140 0.078386 0.987166 -0.025798 -0.003006 0.999663 0.418265 0.530322 0.737437 -0.288368 -0.040103 0.956680 0.160770 0.650744 0.742081 -0.378515 -0.596890 0.707424 
-0.140082 0.078330 0.987037 -0.039818 -0.004906 0.999195 0.410422 0.526477 0.744564 -0.299755 -0.042903 0.953051 0.159894 0.641837 0.749986 -0.376934 -0.609599 0.697360 
-0.135374 0.075909 0.987882 -0.050117 -0.006306 0.998723 0.397375 0.519322 0.756569 -0.308132 -0.043247 0.950360 0.156354 0.629018 0.761505 -0.384093 -0.619278 0.684812 
-0.130374 0.073123 0.988765 -0.055621 -0.006736 0.998429 0.381831 0.510380 0.770531 -0.314665 -0.041150 0.948310 0.153228 0.612960 0.775113 -0.399109 -0.625429 0.670486 
-0.125274 0.069992 0.989650 -0.057280 -0.006475 0.998337 0.364609 0.500369 0.785296 -0.319931 -0.037682 0.946691 0.149736 0.593578 0.790724 -0.420493 -0.628838 0.654025 
-0.120170 0.066970 0.990492 -0.056739 -0.005959 0.998371 0.347941 0.489058 0.799850 -0.324004 -0.033791 0.945452 0.145583 0.573211 0.806371 -0.444400 -0.629628 0.637242 
-0.113737 0.064077 0.991442 -0.058763 -0.005711 0.998256 0.332976 0.474178 0.815035 -0.329084 -0.029402 0.943843 0.141665 0.551047 0.822361 -0.469430 -0.629745 0.618915 
-0.105131 0.060785 0.992599 -0.066129 -0.005748 0.997795 0.318911 0.454967 0.831445 -0.336403 -0.023788 0.941418 0.138825 0.526424 0.838812 -0.495600 -0.629780 0.598129 
-0.095352 0.056947 0.993813 -0.076351 -0.005664 0.997065 0.305301 0.433565 0.847828 -0.344888 -0.016949 0.938491 0.136617 0.499773 0.855315 -0.523931 -0.627891 0.575543 
0.135481 0.475135 0.869420 0.161035 -0.123601 0.979179 -0.082818 0.051595 0.995228 -0.551126 -0.623255 0.554809 -0.089913 -0.005212 0.995936 -0.333387 -0.513134 0.790915 0.053488 -0.020480 0.998358 
0.136475 0.456269 0.879314 0.161191 -0.126901 0.978731 -0.068201 0.044567 0.996676 -0.573151 -0.617193 0.539046 -0.105198 -0.004018 0.994443 -0.349161 -0.509579 0.786394 0.049558 -0.019788 0.998575 
0.138056 0.440922 0.886865 0.162285 -0.129597 0.978196 -0.053487 0.036593 0.997898 -0.591742 -0.610623 0.526290 -0.119183 -0.002234 0.992870 -0.359750 -0.511784 0.780165 0.047144 -0.019435 0.998699 
0.137881 0.426073 0.894120 0.165535 -0.133086 0.977183 -0.042453 0.029908 0.998651 -0.609662 -0.603379 0.514049 -0.129128 -0.000426 0.991628 -0.369505 -0.514830 0.773573 0.046998 -0.019795 0.998699 
0.135481 0.412722 0.900725 0.170741 -0.137493 0.975676 -0.034027 0.024429 0.999122 -0.624631 -0.597483 0.502842 -0.135387 0.000727 0.990792 -0.379871 -0.517365 0.766832 0.048943 -0.020827 0.998584 
0.131488 0.399739 0.907149 0.176705 -0.141795 0.973997 -0.027314 0.019841 0.999430 -0.637656 -0.593094 0.491564 -0.139805 0.001228 0.990178 -0.390407 -0.521583 0.758639 0.051583 -0.021975 0.998427 
0.126927 0.387929 0.912908 0.183014 -0.145962 0.972214 -0.021865 0.016002 0.999633 -0.648205 -0.590362 0.480940 -0.144003 0.001300 0.989576 -0.401101 -0.526385 0.749691 0.054427 -0.023089 0.998251 
0.122328 0.376762 0.918197 0.189407 -0.150009 0.970372 -0.016645 0.012268 0.999786 -0.657656 -0.588120 0.470748 -0.148126 0.001204 0.988968 -0.411815 -0.530776 0.740733 0.057322 -0.024167 0.998063 
0.117962 0.365497 0.923308 0.195637 -0.153933 0.968520 -0.010801 0.008021 0.999909 -0.667913 -0.584479 0.460735 -0.152068 0.001243 0.988369 -0.422223 -0.534563 0.732100 0.060197 -0.025252 0.997867 
0.113814 0.353540 0.928469 0.201800 -0.157900 0.966615 -0.003533 0.002644 0.999990 -0.680672 -0.577431 0.450842 -0.155881 0.001623 0.987774 -0.432008 -0.537626 0.724104 0.063234 -0.026468 0.997648 
0.111754 0.344401 0.932148 0.205372 -0.159393 0.965617 0.001741 -0.001310 0.999998 -0.696914 -0.561506 0.446119 -0.154119 0.002889 0.988048 -0.441418 -0.549303 0.709519 0.065992 -0.027615 0.997438 
0.112600 0.340308 0.933548 0.205463 -0.157451 0.965916 0.001756 -0.001321 0.999998 -0.710179 -0.544170 0.446681 -0.144661 0.004977 0.989469 -0.447571 -0.571306 0.687961 0.068100 -0.028517 0.997271 
0.114481 0.342351 0.932572 0.208381 -0.156970 0.965369 0.001766 -0.001326 0.999998 -0.714331 -0.534712 0.451458 -0.139491 0.006201 0.990204 -0.455628 -0.592173 0.664632 0.072065 -0.029908 0.996951 
0.180644 -0.134160 0.974356 0.113876 0.341739 0.932870 -0.713032 -0.537671 0.449995 -0.141731 0.006243 0.989886 -0.470911 -0.600824 0.645952 0.077018 -0.031424 0.996534 
0.189320 -0.138366 0.972118 0.113830 0.344496 0.931861 -0.703428 -0.551064 0.448907 -0.149471 0.005713 0.988750 -0.491194 -0.607124 0.624602 0.083084 -0.033035 0.995995 
0.200250 -0.143717 0.969147 0.112197 0.345979 0.931510 -0.693527 -0.565308 0.446594 -0.156594 0.004313 0.987654 -0.514475 -0.604550 0.608140 0.090836 -0.034965 0.995252 
0.211604 -0.148499 0.966008 0.110351 0.349092 0.930569 -0.682388 -0.578883 0.446364 -0.161615 0.002651 0.986850 -0.536856 -0.599256 0.593867 0.099520 -0.036883 0.994352 
0.222147 -0.151657 0.963146 0.103999 0.342149 0.933873 -0.685208 -0.580518 0.439874 -0.160170 0.000353 0.987089 -0.554559 -0.595583 0.581158 0.107777 -0.038310 0.993437 
0.232541 -0.154527 0.960232 0.093481 0.322780 0.941846 -0.702531 -0.571407 0.424198 -0.156654 -0.002306 0.987651 -0.572689 -0.591794 0.567280 0.114921 -0.039224 0.992600 
0.247049 -0.161196 0.955501 0.083108 0.294635 0.951989 -0.729195 -0.554876 0.400483 -0.163343 -0.003570 0.986563 -0.592418 -0.565378 0.573923 0.122113 -0.040878 0.991674 
0.265294 -0.171006 0.948881 0.074703 0.261972 0.962180 -0.759608 -0.534678 0.370291 -0.187207 -0.002331 0.982318 -0.606589 -0.518456 0.602705 0.127559 -0.042910 0.990902 
0.279161 -0.177287 0.943736 0.065360 0.225184 0.972122 -0.796835 -0.501528 0.336933 -0.214781 0.000738 0.976662 -0.607890 -0.489055 0.625535 0.127195 -0.043214 0.990936 
0.288826 -0.180078 0.940293 0.052061 0.179262 0.982423 -0.847225 -0.439495 0.298418 -0.236761 0.003454 0.971562 -0.607306 -0.473920 0.637636 0.123204 -0.042089 0.991488 
0.298696 -0.183140 0.936611 0.034814 0.122869 0.991812 -0.911826 -0.318986 0.258498 -0.256178 0.005603 0.966613 -0.597589 -0.453955 0.660918 0.118727 -0.040940 0.992083 
0.308493 -0.185255 0.933013 0.015379 0.056502 0.998284 -0.969233 -0.105677 0.222307 -0.276777 0.008143 0.960900 -0.585349 -0.433992 0.684848 0.112740 -0.039295 0.992847 
0.316361 -0.185283 0.930369 -0.594765 0.026013 0.803479 0.002568 0.009686 0.999950 -0.582439 -0.429745 0.689989 0.108008 -0.037597 0.993439 
0.320193 -0.184428 0.929227 -0.593599 0.030320 0.804190 -0.000066 -0.000253 1.000000 -0.584894 -0.438035 0.682660 0.109449 -0.037619 0.993280 
0.324023 -0.186813 0.927421 -0.585666 0.026243 0.810128 0.000804 0.003098 0.999995 -0.578179 -0.435994 0.689651 0.115728 -0.039503 0.992495 
0.322875 -0.186548 0.927875 -0.571007 0.033486 0.820262 -0.003280 -0.012708 0.999914 -0.571438 -0.432727 0.697285 0.119375 -0.041343 0.991988 
0.312131 -0.183494 0.932150 -0.561340 0.037989 0.826713 -0.004686 -0.017826 0.999830 -0.569667 -0.442896 0.692331 0.115557 -0.041207 0.992446 
0.299826 -0.181539 0.936562 -0.561108 0.042061 0.826673 -0.003918 -0.014304 0.999890 -0.565742 -0.452710 0.689194 0.107284 -0.039816 0.993431 
0.289873 -0.181576 0.939683 -0.565831 0.045928 0.823241 -0.002727 -0.009590 0.999950 -0.560265 -0.452471 0.693811 0.097998 -0.037899 0.994465 
0.282891 -0.182012 0.941724 -0.572410 0.048449 0.818535 -0.001290 -0.004400 0.999989 -0.559151 -0.450831 0.695774 0.090499 -0.036084 0.995243 
0.280637 -0.183036 0.942200 -0.577837 0.049363 0.814658 0.000322 0.001074 0.999999 -0.567436 -0.447050 0.691493 0.088403 -0.035779 0.995442 
0.286098 -0.187156 0.939745 -0.583328 0.049366 0.810735 0.002068 0.006789 0.999975 -0.577564 -0.432195 0.692552 0.092559 -0.037523 0.995000 
0.296317 -0.192464 0.935497 -0.589812 0.048792 0.806065 0.003825 0.012378 0.999916 -0.592800 -0.413085 0.691339 0.100101 -0.040148 0.994167 
0.309032 -0.200061 0.929771 0.008658 0.027792 0.999576 -0.977902 0.041586 0.204887 -0.292663 0.022371 0.955954 -0.579478 -0.385908 0.717830 0.109145 -0.043195 0.993087 
0.317927 -0.201637 0.926426 0.008522 0.027972 0.999572 -0.978959 0.030674 0.201737 -0.296751 0.020917 0.954726 -0.578832 -0.382619 0.720108 0.114601 -0.044128 0.992431 
0.325622 -0.200569 0.923982 0.008647 0.029656 0.999523 -0.977890 0.019447 0.208215 -0.289911 0.016723 0.956908 -0.584159 -0.389992 0.711803 0.122527 -0.045216 0.991435 
0.335742 -0.199912 0.920496 0.008772 0.031691 0.999459 -0.975839 0.009520 0.218285 -0.278893 0.012090 0.960246 -0.589269 -0.394522 0.705064 0.133660 -0.046899 0.989917 
0.348371 -0.201891 0.915356 0.008845 0.033690 0.999393 -0.973529 0.000149 0.228563 -0.268247 0.007650 0.963320 -0.586299 -0.388920 0.710630 0.146455 -0.049044 0.988001 
