0.003505 0.004343 0.999984 -0.000149 0.000119 1.000000 -0.000242 0.000202 1.000000 0.003479 0.004366 0.999984 
0.003174 0.003933 0.999987 -0.000127 0.000101 1.000000 -0.000211 0.000177 1.000000 0.003150 0.003953 0.999987 
0.002652 0.003286 0.999991 -0.000450 0.000360 1.000000 -0.000514 0.000431 1.000000 0.002634 0.003305 0.999991 
0.002895 0.003587 0.999989 0.000184 -0.000147 1.000000 0.000102 -0.000085 1.000000 0.002872 0.003603 0.999989 
0.004880 0.006048 0.999970 0.001463 -0.001170 0.999998 0.001303 -0.001091 0.999999 0.004836 0.006069 0.999970 
0.003362 0.004165 0.999986 0.002858 -0.002287 0.999993 0.002715 -0.002273 0.999994 0.003323 0.004168 0.999986 
0.004090 0.005068 0.999979 0.002566 -0.002053 0.999995 0.002408 -0.002016 0.999995 0.004047 0.005077 0.999979 
0.003702 0.004586 0.999983 0.002344 -0.001875 0.999995 0.002200 -0.001842 0.999996 0.003662 0.004595 0.999983 
0.003840 0.004757 0.999981 0.002797 -0.002238 0.999994 0.002642 -0.002212 0.999994 0.003797 0.004764 0.999981 
0.002657 0.003289 0.999991 0.004078 -0.003264 0.999986 0.003931 -0.003293 0.999987 0.002616 0.003281 0.999991 
0.002929 0.003622 0.999989 0.009860 -0.007905 0.999920 0.009600 -0.008055 0.999921 0.002859 0.003579 0.999990 
0.003683 0.004550 0.999983 0.012133 -0.009735 0.999879 0.011811 -0.009917 0.999881 0.003595 0.004498 0.999983 
0.003290 0.004065 0.999986 0.011996 -0.009624 0.999882 0.011687 -0.009813 0.999884 0.003206 0.004011 0.999987 
0.002958 0.003654 0.999989 0.014158 -0.011359 0.999835 0.013819 -0.011603 0.999837 0.002866 0.003586 0.999989 
0.002673 0.003303 0.999991 0.017996 -0.014439 0.999734 0.017594 -0.014773 0.999736 0.002565 0.003209 0.999992 
0.002430 0.003003 0.999993 0.022605 -0.018137 0.999580 0.022125 -0.018578 0.999583 0.002301 0.002879 0.999993 
0.002210 0.002731 0.999994 0.027186 -0.021812 0.999392 0.026628 -0.022359 0.999395 0.002060 0.002578 0.999995 
0.002002 0.002474 0.999995 0.031724 -0.025453 0.999173 0.031089 -0.026105 0.999176 0.001832 0.002292 0.999996 
0.001811 0.002238 0.999996 0.036248 -0.029082 0.998920 0.035536 -0.029838 0.998923 0.001620 0.002027 0.999997 
0.001639 0.002025 0.999997 0.040782 -0.032719 0.998632 0.039991 -0.033579 0.998636 0.001427 0.001786 0.999997 
0.001484 0.001834 0.999997 0.045348 -0.036382 0.998309 0.044477 -0.037346 0.998312 0.001251 0.001565 0.999998 
0.001346 0.001663 0.999998 0.049969 -0.040088 0.997946 0.049017 -0.041158 0.997950 0.001091 0.001365 0.999998 
0.001221 0.001509 0.999998 0.054672 -0.043861 0.997541 0.053637 -0.045037 0.997544 0.000945 0.001182 0.999999 
0.001121 0.001385 0.999998 0.059485 -0.047721 0.997088 0.058363 -0.049006 0.997092 0.000821 0.001027 0.999999 
0.001035 0.001280 0.999999 0.064437 -0.051693 0.996582 0.063227 -0.053090 0.996586 0.000712 0.000891 0.999999 
0.000962 0.001189 0.999999 0.069571 -0.055810 0.996015 0.068267 -0.057323 0.996019 0.000614 0.000768 1.000000 
0.000906 0.001120 0.999999 0.074918 -0.060099 0.995377 0.073518 -0.061733 0.995381 0.000533 0.000667 1.000000 
0.000860 0.001063 0.999999 0.080505 -0.064579 0.994660 0.079001 -0.066338 0.994665 0.000460 0.000575 1.000000 
0.000823 0.001017 0.999999 0.086365 -0.069279 0.993852 0.084753 -0.071170 0.993857 0.000394 0.000493 1.000000 
0.000794 0.000981 0.999999 0.092535 -0.074228 0.992939 0.090810 -0.076258 0.992944 0.000335 0.000419 1.000000 
0.000772 0.000954 0.999999 0.099050 -0.079454 0.991905 0.097203 -0.081630 0.991911 0.000281 0.000352 1.000000 
0.000758 0.000937 0.999999 0.105941 -0.084980 0.990735 0.103965 -0.087312 0.990741 0.000234 0.000293 1.000000 
0.000752 0.000929 0.999999 0.113241 -0.090834 0.989407 0.111127 -0.093332 0.989414 0.000192 0.000240 1.000000 
0.000752 0.000930 0.999999 0.120989 -0.097049 0.987898 0.118729 -0.099723 0.987906 0.000155 0.000193 1.000000 
0.000760 0.000939 0.999999 0.129236 -0.103663 0.986180 0.126819 -0.106526 0.986189 0.000122 0.000152 1.000000 
0.000774 0.000957 0.999999 0.138028 -0.110715 0.984221 0.135443 -0.113779 0.984230 0.000093 0.000116 1.000000 
0.000795 0.000983 0.999999 0.147408 -0.118238 0.981983 0.144641 -0.121519 0.981994 0.000068 0.000085 1.000000 
0.000823 0.001017 0.999999 0.157423 -0.126271 0.979425 0.154461 -0.129784 0.979437 0.000046 0.000058 1.000000 
0.000857 0.001059 0.999999 0.168128 -0.134859 0.976497 0.164957 -0.138623 0.976511 0.000028 0.000035 1.000000 
0.000898 0.001110 0.999999 0.179584 -0.144048 0.973139 0.176185 -0.148082 0.973155 0.000012 0.000015 1.000000 
0.000949 0.001173 0.999999 0.191968 -0.153983 0.969246 0.188321 -0.158313 0.969264 0.000002 0.000002 1.000000 
0.001014 0.001253 0.999999 0.205388 -0.164750 0.964714 0.201467 -0.169404 0.964735 0.000001 0.000001 1.000000 
0.001086 0.001343 0.999999 0.219863 -0.176365 0.959456 0.215642 -0.181375 0.959480 0.000002 0.000002 1.000000 
0.001162 0.001437 0.999998 0.235424 -0.188852 0.953368 0.230876 -0.194251 0.953395 0.000002 0.000002 1.000000 
0.001243 0.001538 0.999998 0.252106 -0.202240 0.946331 0.247199 -0.208064 0.946362 0.000000 0.000001 1.000000 
0.001332 0.001647 0.999998 0.269946 -0.216558 0.938207 0.264646 -0.222849 0.938244 0.000001 0.000001 1.000000 
0.001425 0.001762 0.999997 0.288987 -0.231842 0.928836 0.283256 -0.238644 0.928878 -0.000000 -0.000000 1.000000 
0.001525 0.001887 0.999997 0.308118 -0.247203 0.918670 0.301940 -0.254536 0.918719 0.000006 0.000008 1.000000 
0.001545 0.001914 0.999997 0.327865 -0.262713 0.907462 0.321220 -0.270613 0.907517 -0.000068 -0.000086 1.000000 
0.001513 0.001879 0.999997 0.344870 -0.275755 0.897231 0.337819 -0.284163 0.897290 -0.000180 -0.000226 1.000000 
0.001689 0.002097 0.999996 0.359574 -0.287531 0.887712 0.352139 -0.296387 0.887780 -0.000077 -0.000096 1.000000 
0.001876 0.002330 0.999996 0.380889 -0.304629 0.872998 0.372877 -0.314167 0.873076 0.000005 0.000007 1.000000 
0.001872 0.002329 0.999996 0.407618 -0.325455 0.853186 0.398862 -0.335903 0.853275 -0.000126 -0.000158 1.000000 
0.002103 0.002617 0.999994 0.436600 -0.348687 0.829336 0.426946 -0.360196 0.829443 -0.000037 -0.000047 1.000000 
0.002370 0.002951 0.999993 0.468659 -0.374352 0.800137 0.457912 -0.387152 0.800269 0.000072 0.000091 1.000000 
0.003856 0.004829 0.999981 0.503229 -0.401427 0.765256 0.491142 -0.415765 0.765454 0.001391 0.001759 0.999997 
0.003904 0.004899 0.999980 0.535304 -0.426455 0.729099 0.521829 -0.442466 0.729327 0.001288 0.001631 0.999998 
0.003644 0.004595 0.999983 0.570135 -0.452051 0.686000 0.554962 -0.470182 0.686255 0.000874 0.001112 0.999999 
0.003709 0.004683 0.999982 0.604440 -0.479167 0.636436 0.587098 -0.499879 0.636739 0.000776 0.000988 0.999999 
0.000718 0.000925 0.999999 0.624939 -0.518413 0.583695 0.644407 -0.494250 0.583487 -0.002317 -0.003007 0.999993 
-0.011374 -0.015329 0.999818 0.699176 -0.478075 0.531599 0.678745 -0.507161 0.531124 -0.014398 -0.019536 0.999705 
0.738985 -0.470005 0.482697 -0.027875 -0.039310 0.998838 -0.030841 -0.043766 0.998566 0.758976 -0.435097 0.484402 
0.810065 -0.393025 0.435116 -0.049437 -0.073164 0.996094 -0.052308 -0.077857 0.995591 0.827053 -0.351226 0.438889 
0.883468 -0.249306 0.396650 -0.078690 -0.121924 0.989415 -0.081428 -0.126818 0.988578 0.892265 -0.202123 0.403744 
-0.118904 -0.191629 0.974238 0.922916 -0.020814 0.384439 -0.238932 0.085815 0.967237 0.248813 -0.046261 0.967446 -0.019172 -0.090754 0.995689 -0.262543 0.139443 0.954792 
-0.167737 -0.275013 0.946695 0.885471 0.217425 0.410691 -0.213910 0.075205 0.973954 0.221220 -0.013814 0.975126 -0.004182 -0.055619 0.998443 -0.227469 0.119119 0.966472 
-0.228342 -0.370809 0.900200 0.784386 0.398285 0.475508 -0.189460 0.063564 0.979829 0.220817 -0.002015 0.975313 -0.000096 0.048964 0.998801 -0.186774 0.095001 0.977799 
-0.170879 0.054725 0.983771 0.222161 0.012712 0.974927 -0.299837 -0.468455 0.831052 0.668424 0.478711 0.569249 -0.008843 0.107646 0.994150 -0.148233 0.072658 0.986280 
-0.173553 0.054036 0.983341 0.227051 0.038084 0.973138 -0.384053 -0.570026 0.726343 0.552299 0.471388 0.687574 -0.024248 0.122184 0.992211 -0.125296 0.058931 0.990368 
-0.203123 0.061402 0.977226 0.233000 0.061878 0.970506 -0.457354 -0.671928 0.582529 0.433970 0.394594 0.809917 -0.030339 0.103016 0.994217 -0.126252 0.055974 0.990418 
-0.223566 0.062675 0.972672 0.224047 0.087352 0.970656 -0.465109 -0.685530 0.560109 0.412750 0.386679 0.824692 -0.032065 0.077439 0.996481 -0.145283 0.059825 0.987580 
-0.248389 0.062758 0.966625 0.228358 0.115615 0.966688 -0.434642 -0.750293 0.498144 0.351948 0.357810 0.864931 -0.022422 0.042913 0.998827 -0.160896 0.060008 0.985146 
-0.251666 0.056228 0.966179 0.262196 0.162632 0.951212 -0.421787 -0.785360 0.453107 0.307073 0.340843 0.888556 -0.005650 0.009040 0.999943 -0.157375 0.052560 0.986139 
-0.236132 0.045863 0.970638 0.296159 0.234586 0.925883 -0.454226 -0.785860 0.419647 0.276846 0.329954 0.902489 0.019073 -0.024720 0.999512 -0.136584 0.040346 0.989807 
-0.218268 0.036126 0.975220 0.293960 0.308154 0.904781 -0.514911 -0.771646 0.373402 0.242218 0.304222 0.921292 0.043989 -0.044516 0.998040 -0.111693 0.028587 0.993331 
-0.203394 0.029002 0.978667 0.275675 0.352322 0.894356 0.192832 0.255182 0.947469 -0.599634 -0.734216 0.318381 0.064977 -0.055495 0.996342 -0.089189 0.019917 0.995816 
-0.197853 0.024651 0.979922 0.258266 0.361373 0.895940 0.163867 0.229014 0.959531 -0.676898 -0.679354 0.283350 0.071676 -0.056310 0.995837 -0.078449 0.015571 0.996797 
-0.202929 0.022006 0.978946 0.242940 0.351303 0.904194 0.142083 0.210304 0.967256 -0.718223 -0.645693 0.259301 0.067283 -0.050614 0.996449 -0.080811 0.014399 0.996625 
-0.216576 0.020626 0.976048 0.227489 0.333050 0.915055 0.125762 0.195332 0.972640 -0.727477 -0.643129 0.239086 0.057905 -0.042303 0.997425 -0.093404 0.015181 0.995513 
-0.234493 0.019844 0.971915 0.212816 0.315190 0.924859 0.122913 0.196253 0.972819 -0.684419 -0.690074 0.235304 0.050826 -0.036255 0.998049 -0.113304 0.017280 0.993410 
-0.254666 0.018898 0.966844 0.199841 0.301606 0.932254 0.123890 0.200645 0.971799 -0.596714 -0.767152 0.235393 0.047310 -0.032895 0.998338 -0.136078 0.019574 0.990505 
-0.273132 0.017457 0.961818 0.189850 0.293140 0.937030 -0.492489 -0.839334 0.230158 0.128628 0.211516 0.968873 0.045748 -0.030986 0.998472 -0.154895 0.020748 0.987713 
-0.285264 0.015899 0.958317 0.184044 0.287715 0.939866 -0.433828 -0.873053 0.222647 0.123075 0.205408 0.970907 0.040607 -0.027002 0.998810 -0.167057 0.020991 0.985724 
-0.292292 0.014331 0.956222 0.182110 0.285502 0.940917 -0.413714 -0.883425 0.220001 0.120459 0.203531 0.971630 0.031808 -0.020908 0.999275 -0.174212 0.020715 0.984490 
-0.296245 0.012683 0.955028 0.183353 0.287178 0.940165 -0.411694 -0.884064 0.221221 0.120325 0.205052 0.971327 0.021821 -0.014224 0.999661 -0.178417 0.020144 0.983749 
-0.299374 0.010838 0.954074 0.187437 0.292867 0.937601 -0.398649 -0.888598 0.226877 0.122659 0.209878 0.970003 0.012119 -0.007848 0.999896 -0.182064 0.019510 0.983093 
-0.302761 0.008777 0.953026 0.194264 0.302118 0.933267 -0.366105 -0.899487 0.238516 0.128091 0.218908 0.967301 0.002817 -0.001816 0.999994 -0.186488 0.018973 0.982274 
-0.306653 0.006496 0.951799 0.203844 0.313944 0.927301 -0.324126 -0.910556 0.256574 0.136795 0.232303 0.962976 -0.007932 0.005107 0.999955 -0.192053 0.018557 0.981209 
-0.310474 0.003979 0.950574 0.216544 0.328715 0.919269 -0.281335 -0.917668 0.280599 0.148736 0.249429 0.956903 -0.020219 0.013023 0.999711 -0.198124 0.018162 0.980009 
-0.313759 0.001185 0.949502 0.232926 0.346203 0.908784 -0.242438 -0.918801 0.311495 0.164642 0.270848 0.948438 -0.034538 0.022301 0.999155 -0.204396 0.017746 0.978727 
-0.311309 -0.001855 0.950307 0.253492 0.366001 0.895424 -0.241900 -0.906399 0.346301 0.184754 0.297211 0.936767 -0.051323 0.033279 0.998127 -0.205485 0.016683 0.978518 
-0.295562 -0.004749 0.955312 0.277223 0.389033 0.878522 -0.284338 -0.884385 0.370155 0.198442 0.321136 0.926009 -0.068740 0.044493 0.996642 -0.191063 0.014026 0.981478 
-0.276402 -0.007830 0.961010 0.302417 0.416442 0.857391 -0.307896 -0.863635 0.399168 0.214348 0.347440 0.912875 -0.083407 0.053267 0.995091 -0.173427 0.011099 0.984784 
-0.253824 -0.010579 0.967193 0.325736 0.452190 0.830314 -0.313444 -0.847072 0.429211 0.229392 0.373995 0.898614 -0.082457 0.051540 0.995261 -0.152422 0.008153 0.988282 
-0.230718 -0.012245 0.972944 0.347173 0.488314 0.800637 -0.316732 -0.828345 0.462087 0.245834 0.402881 0.881619 -0.076651 0.047039 0.995948 -0.131677 0.005937 0.991275 
-0.209786 -0.013020 0.977661 0.367038 0.520363 0.771041 -0.314936 -0.809207 0.495984 0.262778 0.432246 0.862619 -0.070205 0.042673 0.996619 -0.113796 0.004467 0.993494 
-0.192281 -0.013137 0.981252 0.385876 0.545902 0.743701 -0.308554 -0.785393 0.536612 0.286850 0.464162 0.838016 -0.067654 0.040919 0.996869 -0.101224 0.003703 0.994857 
-0.179194 -0.013071 0.983727 0.407565 0.559053 0.722046 -0.297386 -0.761949 0.575322 0.311835 0.492504 0.812527 -0.075905 0.045963 0.996055 -0.093410 0.003320 0.995622 
-0.167863 -0.012912 0.985726 0.428553 0.568021 0.702634 -0.285882 -0.740748 0.607917 0.333261 0.515867 0.789189 -0.084815 0.051446 0.995068 -0.086719 0.003003 0.996228 
-0.159173 -0.012915 0.987166 0.445344 0.574939 0.686378 -0.274782 -0.728574 0.627435 0.345607 0.529710 0.774573 -0.092446 0.055879 0.994149 -0.080508 0.002623 0.996751 
-0.153287 -0.012869 0.988098 0.458849 0.577649 0.675114 -0.265163 -0.720425 0.640841 0.353861 0.539101 0.764299 -0.100109 0.060325 0.993146 -0.076326 0.002400 0.997080 
-0.149139 -0.012670 0.988735 0.468085 0.579022 0.667556 -0.259966 -0.713607 0.650525 0.359748 0.546217 0.756458 -0.103711 0.062631 0.992634 -0.073574 0.002317 0.997287 
-0.146659 -0.012487 0.989108 0.472781 0.580229 0.663183 -0.257527 -0.709415 0.656056 0.363148 0.550341 0.751830 -0.103670 0.062906 0.992620 -0.071958 0.002289 0.997405 
-0.146088 -0.012409 0.989194 0.473825 0.580468 0.662229 -0.257132 -0.708189 0.657535 0.364192 0.551368 0.750572 -0.102776 0.062589 0.992733 -0.071659 0.002301 0.997427 
-0.140741 -0.011105 0.989984 0.474750 0.590125 0.652966 -0.263999 -0.706578 0.656545 0.360009 0.554676 0.750153 -0.067732 0.044659 0.996704 -0.065581 0.002513 0.997844 
-0.127586 -0.008087 0.991795 0.437002 0.633156 0.638861 -0.275371 -0.712148 0.645768 0.349790 0.550477 0.758039 0.042218 -0.033384 0.998551 -0.049974 0.002601 0.998747 
-0.110869 -0.004258 0.993826 0.378791 0.675108 0.633046 -0.282438 -0.715033 0.639497 0.344814 0.547213 0.762667 0.163881 -0.174939 0.970845 -0.031953 0.002433 0.999486 
-0.100159 -0.001376 0.994971 0.365887 0.690852 0.623578 -0.286280 -0.714923 0.637910 0.346759 0.544084 0.764023 0.196771 -0.294906 0.935047 -0.020806 0.002106 0.999781 
-0.100766 0.002145 0.994908 0.463508 0.639166 0.613700 -0.291987 -0.716340 0.633720 0.345608 0.540269 0.767244 0.139070 -0.367037 0.919752 -0.020997 0.002897 0.999775 
-0.104825 0.006647 0.994468 0.590483 0.534757 0.604455 -0.295755 -0.716680 0.631584 0.344715 0.538667 0.768772 0.046215 -0.401350 0.914758 -0.024904 0.004588 0.999679 
-0.027849 0.006694 0.999590 -0.107814 0.012135 0.994097 -0.296705 -0.716347 0.631517 0.344213 0.539090 0.768700 -0.073421 -0.418841 0.905086 0.700179 0.392171 0.596616 
-0.028606 0.008058 0.999558 -0.106729 0.015848 0.994162 -0.297998 -0.712924 0.634773 0.341931 0.545191 0.765408 -0.194699 -0.469571 0.861159 0.708351 0.320468 0.628919 
-0.033269 0.010229 0.999394 -0.107906 0.018526 0.993989 -0.298230 -0.712262 0.635406 0.342224 0.545799 0.764844 -0.322042 -0.538400 0.778726 0.651893 0.274592 0.706848 
-0.043187 0.013954 0.998970 -0.113365 0.021058 0.993330 -0.298364 -0.712775 0.634769 0.342666 0.544660 0.765458 -0.427711 -0.604865 0.671716 0.562279 0.223992 0.796034 
-0.051128 0.017096 0.998546 -0.116279 0.022748 0.992956 -0.298137 -0.713421 0.634150 0.342572 0.543918 0.766027 -0.518889 -0.659553 0.543824 0.454227 0.177814 0.872961 
-0.053049 0.018100 0.998428 -0.119817 0.023898 0.992508 -0.297981 -0.713742 0.633861 0.342366 0.543690 0.766281 -0.606348 -0.577223 0.546951 0.482888 0.169687 0.859084 
-0.052214 0.018082 0.998472 -0.123676 0.024815 0.992012 -0.297711 -0.713951 0.633753 0.342180 0.543667 0.766380 -0.632082 -0.461276 0.622653 0.575231 0.167281 0.800704 
-0.051404 0.018158 0.998513 -0.129148 0.026026 0.991284 -0.297218 -0.714155 0.633754 0.341954 0.543789 0.766394 -0.597033 -0.336793 0.728095 0.696815 0.134015 0.704620 
-0.053132 0.019099 0.998405 -0.135640 0.027360 0.990380 -0.296636 -0.714474 0.633668 0.341606 0.543884 0.766482 -0.540929 -0.252725 0.802200 0.780582 0.063739 0.621796 
-0.057791 0.021207 0.998103 -0.145391 0.029236 0.988942 -0.295909 -0.714823 0.633614 0.341220 0.544033 0.766549 -0.453330 -0.168261 0.875317 0.847277 -0.085977 0.524146 
-0.064754 0.024149 0.997609 -0.295269 -0.714778 0.633963 0.341203 0.544422 0.766280 -0.114585 0.023151 0.993144 -0.378261 -0.112892 0.918789 
-0.294770 -0.714487 0.634522 0.341428 0.544907 0.765835 -0.125694 0.025810 0.991733 -0.278405 -0.058320 0.958691 0.738814 -0.538717 0.404893 -0.115170 0.043067 0.992412 
0.643781 -0.635471 0.426290 -0.128999 0.047558 0.990504 -0.140104 0.028373 0.989730 -0.251826 -0.049320 0.966515 -0.294610 -0.714155 0.634970 0.341607 0.545323 0.765459 
0.686751 -0.495881 0.531484 -0.152996 0.051501 0.986884 -0.163390 0.028785 0.986142 -0.288828 -0.119776 0.949859 -0.295023 -0.713654 0.635342 0.341578 0.545865 0.765085 
-0.187140 0.025333 0.982006 -0.243103 -0.177071 0.953702 -0.295426 -0.713832 0.634955 0.341777 0.545262 0.765426 0.682184 -0.395288 0.615120 -0.177897 0.051205 0.982716 
-0.194731 0.021351 0.980624 -0.188130 -0.175448 0.966346 -0.295299 -0.715003 0.633695 0.342268 0.543257 0.766632 0.679257 -0.364348 0.637071 -0.186222 0.047884 0.981340 
-0.192777 0.019944 0.981040 -0.168412 -0.165051 0.971800 -0.295448 -0.715858 0.632659 0.342383 0.541857 0.767571 0.684566 -0.366661 0.630024 -0.184361 0.045965 0.981783 
-0.189602 0.020316 0.981651 -0.170156 -0.160991 0.972177 -0.295170 -0.715854 0.632794 0.342270 0.542086 0.767459 0.687775 -0.378287 0.619568 -0.181085 0.045862 0.982397 
-0.187856 0.021122 0.981970 -0.177893 -0.161144 0.970766 -0.295092 -0.715585 0.633133 0.342068 0.542671 0.767136 0.688333 -0.386222 0.614027 -0.179198 0.046468 0.982715 
-0.187581 0.021746 0.982008 -0.185170 -0.163243 0.969053 -0.295095 -0.715386 0.633358 0.341939 0.543058 0.766920 0.687540 -0.388390 0.613548 -0.178818 0.047112 0.982754 
-0.187529 0.021949 0.982014 -0.188063 -0.164475 0.968287 -0.295104 -0.715373 0.633368 0.341935 0.543076 0.766908 0.687599 -0.388068 0.613686 -0.178722 0.047335 0.982760 
-0.187517 0.021954 0.982016 -0.188492 -0.164938 0.968125 -0.295109 -0.715370 0.633369 0.341937 0.543077 0.766907 0.687918 -0.387272 0.613832 -0.178713 0.047345 0.982761 
-0.187510 0.021951 0.982017 -0.188800 -0.165335 0.967997 -0.295109 -0.715368 0.633371 0.341938 0.543078 0.766906 0.688202 -0.386545 0.613971 -0.178709 0.047346 0.982762 
-0.187502 0.021948 0.982019 -0.189128 -0.165754 0.967862 -0.295111 -0.715366 0.633373 0.341939 0.543080 0.766904 0.688506 -0.385763 0.614122 -0.178705 0.047347 0.982763 
-0.187495 0.021945 0.982020 -0.189427 -0.166140 0.967737 -0.295111 -0.715364 0.633375 0.341939 0.543082 0.766903 0.688780 -0.385052 0.614261 -0.178701 0.047349 0.982763 
-0.187486 0.021945 0.982022 -0.189819 -0.166577 0.967585 -0.295112 -0.715363 0.633376 0.341940 0.543083 0.766902 0.689072 -0.384295 0.614408 -0.178695 0.047353 0.982764 
-0.187474 0.021947 0.982024 -0.190275 -0.167010 0.967421 -0.295112 -0.715362 0.633377 0.341940 0.543085 0.766900 0.689337 -0.383605 0.614542 -0.178686 0.047360 0.982766 
-0.187462 0.021951 0.982027 -0.190788 -0.167487 0.967237 -0.295113 -0.715361 0.633378 0.341940 0.543086 0.766900 0.689618 -0.382867 0.614687 -0.178676 0.047368 0.982767 
-0.187449 0.021955 0.982029 -0.191286 -0.167930 0.967062 -0.295113 -0.715359 0.633379 0.341940 0.543087 0.766898 0.689873 -0.382197 0.614818 -0.178666 0.047377 0.982769 
-0.187436 0.021959 0.982031 -0.191808 -0.168397 0.966878 -0.295113 -0.715359 0.633380 0.341942 0.543087 0.766898 0.690143 -0.381482 0.614958 -0.178655 0.047386 0.982770 
-0.187424 0.021963 0.982034 -0.192302 -0.168840 0.966702 -0.295112 -0.715359 0.633381 0.341942 0.543087 0.766898 0.690389 -0.380831 0.615087 -0.178644 0.047395 0.982772 
-0.187411 0.021968 0.982036 -0.192811 -0.169293 0.966522 -0.295115 -0.715356 0.633382 0.341941 0.543090 0.766896 0.690649 -0.380135 0.615224 -0.178634 0.047404 0.982773 
-0.187399 0.021972 0.982038 -0.193291 -0.169717 0.966351 -0.295115 -0.715356 0.633382 0.341942 0.543089 0.766896 0.690885 -0.379503 0.615349 -0.178624 0.047412 0.982774 
-0.187386 0.021977 0.982041 -0.193792 -0.170159 0.966173 -0.295116 -0.715355 0.633383 0.341941 0.543091 0.766895 0.691138 -0.378825 0.615483 -0.178612 0.047421 0.982776 
-0.187368 0.021984 0.982044 -0.194309 -0.170591 0.965993 -0.295115 -0.715355 0.633383 0.341942 0.543091 0.766895 0.691374 -0.378202 0.615601 -0.178595 0.047433 0.982779 
-0.187346 0.021993 0.982048 -0.194880 -0.171057 0.965796 -0.295115 -0.715355 0.633384 0.341943 0.543091 0.766895 0.691628 -0.377533 0.615726 -0.178573 0.047446 0.982782 
-0.187324 0.022004 0.982052 -0.195443 -0.171501 0.965603 -0.295116 -0.715354 0.633384 0.341942 0.543092 0.766894 0.691858 -0.376926 0.615840 -0.178551 0.047461 0.982785 
-0.187303 0.022016 0.982056 -0.196022 -0.171964 0.965403 -0.295117 -0.715353 0.633385 0.341942 0.543092 0.766894 0.692100 -0.376279 0.615964 -0.178528 0.047477 0.982789 
-0.187282 0.022027 0.982059 -0.196572 -0.172391 0.965215 -0.295117 -0.715353 0.633385 0.341943 0.543093 0.766893 0.692320 -0.375692 0.616075 -0.178507 0.047492 0.982792 
-0.187261 0.022037 0.982063 -0.197126 -0.172833 0.965023 -0.295117 -0.715353 0.633385 0.341943 0.543093 0.766893 0.692554 -0.375063 0.616195 -0.178485 0.047506 0.982795 
-0.187240 0.022047 0.982067 -0.197650 -0.173246 0.964842 -0.295117 -0.715353 0.633385 0.341943 0.543093 0.766893 0.692767 -0.374490 0.616304 -0.178464 0.047520 0.982798 
-0.187219 0.022057 0.982070 -0.198185 -0.173679 0.964655 -0.295118 -0.715352 0.633385 0.341942 0.543094 0.766893 0.692993 -0.373882 0.616420 -0.178443 0.047533 0.982801 
-0.187199 0.022066 0.982074 -0.198692 -0.174080 0.964478 -0.295118 -0.715352 0.633386 0.341944 0.543092 0.766893 0.693199 -0.373329 0.616523 -0.178423 0.047547 0.982805 
-0.187179 0.022076 0.982078 -0.199213 -0.174495 0.964296 -0.295118 -0.715352 0.633386 0.341943 0.543094 0.766892 0.693415 -0.372731 0.616642 -0.178402 0.047560 0.982808 
-0.187160 0.022086 0.982081 -0.199709 -0.174881 0.964123 -0.295117 -0.715352 0.633386 0.341944 0.543093 0.766893 0.693612 -0.372194 0.616744 -0.178382 0.047573 0.982811 
-0.187140 0.022095 0.982085 -0.200217 -0.175288 0.963944 -0.295117 -0.715352 0.633386 0.341943 0.543093 0.766893 0.693821 -0.371617 0.616857 -0.178361 0.047586 0.982814 
-0.187121 0.022105 0.982088 -0.200702 -0.175665 0.963774 -0.295118 -0.715351 0.633386 0.341943 0.543094 0.766892 0.694011 -0.371094 0.616958 -0.178342 0.047599 0.982817 
-0.187103 0.022114 0.982091 -0.201199 -0.176065 0.963598 -0.295118 -0.715351 0.633386 0.341944 0.543093 0.766892 0.694214 -0.370528 0.617071 -0.178323 0.047612 0.982819 
-0.187086 0.022123 0.982094 -0.201676 -0.176440 0.963429 -0.295118 -0.715352 0.633386 0.341944 0.543093 0.766892 0.694395 -0.370005 0.617181 -0.178306 0.047625 0.982822 
-0.187080 0.022133 0.982095 -0.202178 -0.176847 0.963249 -0.295119 -0.715351 0.633386 0.341943 0.543094 0.766892 0.694571 -0.369422 0.617332 -0.178298 0.047640 0.982823 
-0.187082 0.022144 0.982095 -0.202670 -0.177252 0.963071 -0.295119 -0.715351 0.633386 0.341944 0.543093 0.766892 0.694716 -0.368867 0.617501 -0.178299 0.047657 0.982821 
-0.187085 0.022154 0.982094 -0.203175 -0.177670 0.962888 -0.295119 -0.715351 0.633386 0.341944 0.543093 0.766892 0.694868 -0.368271 0.617685 -0.178302 0.047674 0.982820 
-0.187088 0.022164 0.982093 -0.203654 -0.178058 0.962715 -0.295118 -0.715352 0.633386 0.341944 0.543093 0.766892 0.695006 -0.367730 0.617852 -0.178303 0.047691 0.982819 
-0.187090 0.022174 0.982092 -0.204144 -0.178467 0.962536 -0.295120 -0.715351 0.633386 0.341944 0.543093 0.766892 0.695155 -0.367157 0.618026 -0.178305 0.047708 0.982818 
-0.187093 0.022185 0.982092 -0.204611 -0.178840 0.962367 -0.295118 -0.715352 0.633385 0.341944 0.543092 0.766893 0.695287 -0.366629 0.618190 -0.178306 0.047724 0.982817 
-0.187095 0.022194 0.982091 -0.205087 -0.179236 0.962192 -0.295120 -0.715351 0.633386 0.341943 0.543094 0.766892 0.695428 -0.366071 0.618362 -0.178307 0.047740 0.982816 
-0.187097 0.022204 0.982090 -0.205542 -0.179607 0.962026 -0.295119 -0.715351 0.633385 0.341944 0.543093 0.766893 0.695555 -0.365560 0.618522 -0.178308 0.047756 0.982815 
-0.187099 0.022214 0.982090 -0.206006 -0.179988 0.961856 -0.295119 -0.715351 0.633385 0.341944 0.543093 0.766893 0.695691 -0.365019 0.618689 -0.178309 0.047772 0.982814 
-0.187102 0.022224 0.982089 -0.206448 -0.180345 0.961694 -0.295119 -0.715351 0.633385 0.341943 0.543093 0.766893 0.695811 -0.364521 0.618846 -0.178311 0.047788 0.982813 
-0.187104 0.022233 0.982089 -0.206900 -0.180720 0.961526 -0.295119 -0.715352 0.633385 0.341944 0.543093 0.766893 0.695942 -0.363996 0.619009 -0.178312 0.047803 0.982812 
-0.187106 0.022243 0.982088 -0.207331 -0.181064 0.961369 -0.295119 -0.715352 0.633385 0.341944 0.543092 0.766893 0.696057 -0.363514 0.619162 -0.178313 0.047818 0.982811 
-0.187108 0.022252 0.982087 -0.207771 -0.181425 0.961206 -0.295118 -0.715352 0.633385 0.341944 0.543092 0.766893 0.696181 -0.363003 0.619322 -0.178314 0.047834 0.982810 
-0.187111 0.022261 0.982087 -0.208191 -0.181768 0.961050 -0.295120 -0.715352 0.633385 0.341943 0.543093 0.766893 0.696292 -0.362534 0.619472 -0.178315 0.047848 0.982809 
-0.187113 0.022270 0.982086 -0.208618 -0.182116 0.960891 -0.295118 -0.715352 0.633384 0.341945 0.543091 0.766894 0.696412 -0.362042 0.619626 -0.178316 0.047863 0.982808 
-0.187115 0.022280 0.982085 -0.209027 -0.182446 0.960740 -0.295119 -0.715353 0.633384 0.341944 0.543092 0.766894 0.696518 -0.361582 0.619775 -0.178317 0.047878 0.982808 
-0.187117 0.022288 0.982085 -0.209443 -0.182785 0.960585 -0.295119 -0.715353 0.633384 0.341944 0.543092 0.766894 0.696632 -0.361103 0.619926 -0.178318 0.047892 0.982807 
-0.187119 0.022297 0.982084 -0.209842 -0.183110 0.960436 -0.295120 -0.715352 0.633384 0.341944 0.543091 0.766894 0.696733 -0.360659 0.620071 -0.178319 0.047906 0.982806 
-0.187122 0.022306 0.982083 -0.210248 -0.183444 0.960283 -0.295120 -0.715352 0.633384 0.341944 0.543091 0.766894 0.696843 -0.360193 0.620219 -0.178320 0.047921 0.982805 
-0.187124 0.022315 0.982083 -0.210636 -0.183753 0.960139 -0.295120 -0.715352 0.633384 0.341943 0.543092 0.766894 0.696940 -0.359764 0.620358 -0.178321 0.047934 0.982804 
-0.187126 0.022323 0.982082 -0.211030 -0.184075 0.959991 -0.295119 -0.715353 0.633383 0.341944 0.543090 0.766895 0.697044 -0.359308 0.620506 -0.178322 0.047948 0.982803 
-0.187128 0.022332 0.982082 -0.211408 -0.184380 0.959849 -0.295120 -0.715353 0.633384 0.341943 0.543091 0.766894 0.697137 -0.358891 0.620642 -0.178323 0.047962 0.982802 
-0.187130 0.022340 0.982081 -0.211793 -0.184693 0.959704 -0.295121 -0.715353 0.633383 0.341944 0.543090 0.766895 0.697237 -0.358450 0.620785 -0.178324 0.047975 0.982802 
-0.187133 0.022349 0.982080 -0.212160 -0.184986 0.959567 -0.295120 -0.715353 0.633383 0.341944 0.543090 0.766895 0.697327 -0.358044 0.620918 -0.178325 0.047989 0.982801 
-0.187135 0.022357 0.982080 -0.212535 -0.185291 0.959425 -0.295119 -0.715354 0.633382 0.341944 0.543090 0.766895 0.697422 -0.357613 0.621060 -0.178326 0.048002 0.982800 
-0.187137 0.022365 0.982079 -0.212893 -0.185576 0.959290 -0.295120 -0.715354 0.633382 0.341944 0.543089 0.766895 0.697507 -0.357220 0.621190 -0.178327 0.048015 0.982799 
-0.187139 0.022373 0.982079 -0.213258 -0.185877 0.959151 -0.295120 -0.715354 0.633382 0.341943 0.543089 0.766896 0.697599 -0.356806 0.621325 -0.178328 0.048028 0.982798 
-0.187141 0.022381 0.982078 -0.213606 -0.186155 0.959020 -0.295119 -0.715355 0.633382 0.341943 0.543089 0.766896 0.697681 -0.356421 0.621455 -0.178328 0.048040 0.982798 
-0.187143 0.022389 0.982077 -0.213961 -0.186441 0.958885 -0.295119 -0.715356 0.633381 0.341944 0.543088 0.766896 0.697769 -0.356019 0.621586 -0.178329 0.048053 0.982797 
-0.187145 0.022397 0.982077 -0.214301 -0.186715 0.958756 -0.295120 -0.715355 0.633381 0.341943 0.543089 0.766896 0.697846 -0.355646 0.621713 -0.178330 0.048065 0.982796 
-0.187147 0.022405 0.982076 -0.214647 -0.186993 0.958624 -0.295120 -0.715355 0.633380 0.341943 0.543087 0.766897 0.697929 -0.355254 0.621844 -0.178331 0.048078 0.982795 
-0.187147 0.022412 0.982076 -0.214974 -0.187253 0.958500 -0.295126 -0.715356 0.633377 0.341939 0.543086 0.766900 0.697996 -0.354907 0.621967 -0.178329 0.048088 0.982795 
-0.187143 0.022417 0.982077 -0.215291 -0.187504 0.958380 -0.295137 -0.715358 0.633369 0.341933 0.543082 0.766905 0.698066 -0.354553 0.622090 -0.178322 0.048096 0.982796 
-0.187134 0.022420 0.982078 -0.215571 -0.187734 0.958272 -0.295153 -0.715361 0.633359 0.341924 0.543078 0.766912 0.698127 -0.354246 0.622196 -0.178310 0.048101 0.982798 
-0.187125 0.022421 0.982080 -0.215837 -0.187957 0.958168 -0.295166 -0.715363 0.633351 0.341915 0.543076 0.766918 0.698184 -0.353920 0.622317 -0.178298 0.048104 0.982800 
-0.187121 0.022424 0.982081 -0.216077 -0.188165 0.958073 -0.295151 -0.715393 0.633323 0.342050 0.542935 0.766957 0.698225 -0.353645 0.622429 -0.178290 0.048106 0.982801 
-0.187104 0.022421 0.982084 -0.216290 -0.188357 0.957988 -0.295166 -0.715402 0.633306 0.342040 0.542922 0.766971 0.698278 -0.353353 0.622535 -0.178269 0.048102 0.982805 
-0.187102 0.022418 0.982085 -0.216509 -0.188568 0.957897 -0.295169 -0.715409 0.633297 0.342033 0.542916 0.766978 0.698300 -0.353038 0.622689 -0.178265 0.048102 0.982806 
-0.187119 0.022418 0.982081 -0.216769 -0.188830 0.957786 -0.295170 -0.715414 0.633290 0.342029 0.542911 0.766984 0.698302 -0.352656 0.622903 -0.178280 0.048107 0.982803 
-0.187139 0.022421 0.982078 -0.217041 -0.189090 0.957673 -0.295174 -0.715419 0.633283 0.342024 0.542906 0.766990 0.698296 -0.352294 0.623114 -0.178297 0.048116 0.982800 
-0.187152 0.022424 0.982075 -0.217329 -0.189351 0.957556 -0.295179 -0.715424 0.633276 0.342020 0.542899 0.766996 0.698312 -0.351936 0.623299 -0.178308 0.048124 0.982797 
