-0.153378 0.067598 0.004378 -0.096207 -0.018293 0.004258 -0.307427 0.024984 0.004956 -0.182766 -0.066772 0.004607 
-0.153078 0.067532 0.004437 -0.096206 -0.018277 0.004329 -0.307427 0.024994 0.004952 -0.182466 -0.066840 0.004637 
-0.151528 0.067210 0.004469 -0.096112 -0.018075 0.004426 -0.307344 0.025173 0.004764 -0.180926 -0.067169 0.004603 
-0.149874 0.066930 0.004458 -0.095898 -0.017262 0.004381 -0.307155 0.025949 0.004543 -0.179276 -0.067459 0.004412 
-0.147976 0.066547 0.004486 -0.095752 -0.016998 0.004413 -0.307016 0.026204 0.004433 -0.177401 -0.067848 0.004357 
-0.147421 0.066402 0.004352 -0.095934 -0.017376 0.004214 -0.307192 0.025812 0.004525 -0.176846 -0.067998 0.004277 
-0.146803 0.066328 0.004369 -0.095853 -0.016745 0.004067 -0.307132 0.026398 0.004697 -0.176213 -0.068079 0.004167 
-0.144795 0.065878 0.004375 -0.095931 -0.017085 0.004113 -0.307211 0.026015 0.004750 -0.174207 -0.068542 0.004243 
-0.143231 0.065422 0.004204 -0.096267 -0.018378 0.003998 -0.307535 0.024637 0.004922 -0.172610 -0.069015 0.004332 
-0.140713 0.064887 0.004090 -0.096318 -0.018378 0.003843 -0.307600 0.024554 0.004993 -0.170079 -0.069569 0.004240 
-0.137476 0.064172 0.003930 -0.096387 -0.018402 0.003642 -0.307697 0.024382 0.005072 -0.166800 -0.070315 0.004110 
-0.133935 0.063352 0.003739 -0.096591 -0.018626 0.003390 -0.307930 0.023964 0.005339 -0.163192 -0.071173 0.004000 
-0.129583 0.062544 0.003849 -0.096299 -0.016896 0.003317 -0.307699 0.025558 0.005544 -0.158831 -0.072011 0.003806 
-0.125837 0.061744 0.004064 -0.096292 -0.016908 0.003480 -0.307701 0.025470 0.006144 -0.155095 -0.072833 0.004025 
-0.119869 0.060249 0.003950 -0.096647 -0.018577 0.003645 -0.308035 0.023754 0.006025 -0.149182 -0.074354 0.004198 
-0.113814 0.059005 0.003746 -0.096785 -0.018636 0.003555 -0.308192 0.023602 0.005580 -0.143163 -0.075630 0.003975 
-0.113673 0.058864 0.002881 -0.097442 -0.019761 0.002598 -0.308812 0.022449 0.005960 -0.143007 -0.075777 0.003301 
-0.110283 0.058050 0.002609 -0.097763 -0.020563 0.002412 -0.309128 0.021548 0.006126 -0.139605 -0.076616 0.003167 
-0.118221 0.061365 0.004500 -0.088543 -0.020970 0.003056 -0.300028 0.020009 0.010443 -0.146574 -0.073403 0.004745 
-0.104477 0.063956 0.005559 -0.068278 -0.027693 0.004679 -0.279224 0.015531 0.009547 -0.134084 -0.070484 0.006168 
-0.086565 0.061674 0.004810 -0.061309 -0.027886 0.004885 -0.272204 0.015837 0.005034 -0.116661 -0.072727 0.004986 
-0.081282 0.060191 0.004712 -0.061864 -0.028069 0.004757 -0.272703 0.015931 0.004737 -0.111645 -0.074187 0.004782 
-0.073949 0.058539 0.004742 -0.061987 -0.028059 0.004787 -0.272859 0.015781 0.004673 -0.104326 -0.075884 0.004790 
-0.072011 0.057893 0.004949 -0.062150 -0.028637 0.004817 -0.273310 0.013710 0.006039 -0.101475 -0.076749 0.004995 
0.244871 0.162203 0.003869 -0.273581 0.012325 0.007333 -0.078541 0.089758 0.006672 -0.093857 -0.084180 0.007729 0.085951 -0.306175 0.009646 
0.242708 0.168144 0.004911 -0.273842 0.010910 0.007018 -0.074632 0.089521 0.006361 -0.093497 -0.084157 0.006348 0.092262 -0.305118 0.005063 
0.244039 0.166001 0.004912 -0.274177 0.009219 0.006901 -0.072857 0.089444 0.006275 -0.091419 -0.084675 0.006268 0.092403 -0.305045 0.005107 
0.244760 0.164825 0.004954 -0.274206 0.008668 0.006816 -0.073065 0.089436 0.006366 -0.090940 -0.084801 0.006130 0.091722 -0.305608 0.005012 
0.245159 0.164168 0.005013 -0.274608 0.006683 0.006323 -0.073472 0.089455 0.006043 -0.091137 -0.084752 0.005810 0.090378 -0.306433 0.004903 
0.245246 0.163981 0.005394 -0.274976 0.004847 0.005549 -0.073720 0.089465 0.005638 -0.091650 -0.084622 0.005298 0.090364 -0.306542 0.004165 
0.245064 0.164246 0.005837 -0.275265 0.003390 0.004989 -0.074572 0.089516 0.005410 -0.092814 -0.084305 0.004908 0.090594 -0.306593 0.003273 
0.245219 0.164837 0.006570 -0.275532 0.002201 0.005015 -0.075875 0.089581 0.005659 -0.094570 -0.083847 0.004922 0.090597 -0.306541 0.002386 
0.245502 0.166307 0.007699 -0.275530 0.001985 0.004744 -0.076370 0.089697 0.005863 -0.095759 -0.083386 0.004707 0.091230 -0.306362 0.001370 
0.246333 0.168364 0.008905 -0.275484 0.003050 0.004847 -0.077243 0.090101 0.006436 -0.096904 -0.082646 0.004699 0.092675 -0.305617 0.000218 
0.247415 0.170360 0.009983 -0.275414 0.004004 0.004928 -0.077884 0.090625 0.006929 -0.097717 -0.081840 0.004686 0.094240 -0.304631 -0.000873 
0.248127 0.172136 0.010858 -0.275587 0.002856 0.004759 -0.077935 0.090925 0.006998 -0.098241 -0.081318 0.004601 0.095526 -0.303742 -0.001725 
0.248529 0.173875 0.011660 -0.275770 0.001925 0.004770 -0.078097 0.091359 0.007177 -0.098641 -0.080718 0.004662 0.096691 -0.302707 -0.002315 
0.248644 0.175163 0.012290 -0.275927 0.001128 0.004780 -0.078153 0.091735 0.007324 -0.098747 -0.080264 0.004758 0.097663 -0.301886 -0.002571 
0.248376 0.175993 0.012670 -0.275172 0.005572 0.004607 -0.078760 0.092235 0.007730 -0.098299 -0.079879 0.004411 0.097968 -0.301352 -0.002812 
0.247850 0.176193 0.012753 -0.275191 0.005147 0.004394 -0.078696 0.092338 0.007584 -0.098321 -0.079786 0.004218 0.097534 -0.301181 -0.002973 
0.247316 0.176103 0.012681 -0.274913 0.005805 0.003945 -0.078423 0.092443 0.007341 -0.097789 -0.079791 0.003836 0.097341 -0.301254 -0.002977 
0.247250 0.175983 0.012762 -0.275158 0.004547 0.004025 -0.078220 0.092440 0.007335 -0.097826 -0.079784 0.003944 0.097294 -0.301277 -0.002974 
0.247431 0.175766 0.012813 -0.275172 0.005531 0.004283 -0.078461 0.092569 0.007634 -0.097772 -0.079700 0.004061 0.097316 -0.301243 -0.002993 
0.247616 0.175495 0.012797 -0.275256 0.005281 0.004372 -0.078329 0.092597 0.007690 -0.097606 -0.079712 0.004128 0.097312 -0.301232 -0.002969 
0.247757 0.175263 0.012760 -0.275470 0.004188 0.004413 -0.078020 0.092594 0.007628 -0.097475 -0.079739 0.004208 0.097314 -0.301235 -0.002924 
0.247853 0.175084 0.012700 -0.275648 0.003282 0.004453 -0.077757 0.092591 0.007566 -0.097361 -0.079762 0.004280 0.097321 -0.301245 -0.002863 
0.247913 0.174961 0.012616 -0.275787 0.002570 0.004494 -0.077550 0.092590 0.007503 -0.097275 -0.079778 0.004345 0.097329 -0.301255 -0.002787 
0.247938 0.174893 0.012498 -0.275889 0.002053 0.004533 -0.077400 0.092591 0.007435 -0.097219 -0.079788 0.004404 0.097340 -0.301267 -0.002692 
0.247926 0.174854 0.012332 -0.275519 0.004477 0.004668 -0.077836 0.092721 0.007672 -0.097052 -0.079722 0.004392 0.097361 -0.301292 -0.002570 
0.247864 0.174843 0.012131 -0.275619 0.003993 0.004696 -0.077713 0.092716 0.007563 -0.097017 -0.079734 0.004450 0.097405 -0.301336 -0.002422 
0.247762 0.174840 0.011874 -0.275499 0.005170 0.004733 -0.077857 0.092831 0.007580 -0.096866 -0.079672 0.004439 0.097439 -0.301396 -0.002241 
0.247707 0.174837 0.011609 -0.275559 0.005071 0.004825 -0.077886 0.092844 0.007517 -0.096892 -0.079662 0.004528 0.097457 -0.301428 -0.002058 
0.247670 0.174832 0.011315 -0.275599 0.004880 0.004836 -0.077800 0.092850 0.007377 -0.096834 -0.079671 0.004570 0.097473 -0.301456 -0.001860 
0.247649 0.174798 0.010976 -0.275324 0.007354 0.004889 -0.078113 0.093042 0.007478 -0.096570 -0.079574 0.004512 0.097490 -0.301484 -0.001641 
0.247601 0.174797 0.010625 -0.275377 0.007099 0.004901 -0.078019 0.093045 0.007310 -0.096519 -0.079584 0.004565 0.097513 -0.301512 -0.001409 
0.247576 0.174785 0.010264 -0.275247 0.008291 0.004948 -0.078174 0.093127 0.007285 -0.096385 -0.079554 0.004567 0.097532 -0.301530 -0.001181 
0.247465 0.174762 0.009844 -0.274824 0.010589 0.004816 -0.078399 0.093151 0.007238 -0.095931 -0.079659 0.004371 0.097611 -0.301608 -0.000923 
0.247421 0.174689 0.009432 -0.274523 0.013460 0.005095 -0.079074 0.093317 0.007489 -0.095850 -0.079565 0.004424 0.097687 -0.301663 -0.000679 
0.247450 0.174624 0.009087 -0.274724 0.012956 0.005118 -0.078978 0.093329 0.007327 -0.095835 -0.079575 0.004502 0.097682 -0.301682 -0.000461 
0.247462 0.174562 0.008747 -0.274829 0.012439 0.005087 -0.078844 0.093335 0.007127 -0.095790 -0.079578 0.004543 0.097695 -0.301700 -0.000263 
0.247445 0.174529 0.008432 -0.274917 0.012012 0.005066 -0.078734 0.093342 0.006948 -0.095754 -0.079581 0.004582 0.097709 -0.301725 -0.000070 
0.247424 0.174404 0.008061 -0.274910 0.012317 0.005026 -0.078785 0.093374 0.006807 -0.095649 -0.079584 0.004565 0.097737 -0.301774 0.000122 
0.247414 0.174390 0.007790 -0.274984 0.011953 0.005014 -0.078688 0.093379 0.006654 -0.095627 -0.079584 0.004603 0.097749 -0.301785 0.000288 
0.247407 0.174369 0.007554 -0.275126 0.011972 0.005096 -0.078735 0.093404 0.006609 -0.095653 -0.079578 0.004691 0.097767 -0.301794 0.000474 
0.247422 0.174338 0.007432 -0.275035 0.012086 0.004923 -0.078460 0.093409 0.006441 -0.095367 -0.079623 0.004630 0.097787 -0.301769 0.000702 
0.247382 0.174336 0.007342 -0.275101 0.011761 0.004924 -0.078389 0.093412 0.006366 -0.095397 -0.079616 0.004702 0.097810 -0.301722 0.000875 
0.247246 0.174338 0.007244 -0.275158 0.011476 0.004925 -0.078382 0.093416 0.006293 -0.095469 -0.079605 0.004763 0.097696 -0.301704 0.001059 
0.247082 0.174339 0.007148 -0.275206 0.011240 0.004927 -0.078410 0.093420 0.006225 -0.095562 -0.079593 0.004820 0.097547 -0.301688 0.001237 
0.246914 0.174342 0.007056 -0.275283 0.010863 0.004951 -0.078461 0.093409 0.006161 -0.095706 -0.079585 0.004897 0.097393 -0.301668 0.001409 
0.246762 0.174344 0.006967 -0.275331 0.010686 0.004978 -0.078529 0.093419 0.006116 -0.095828 -0.079560 0.004968 0.097266 -0.301643 0.001577 
0.246623 0.174348 0.006875 -0.275361 0.010551 0.004986 -0.078569 0.093421 0.006061 -0.095908 -0.079551 0.005025 0.097161 -0.301623 0.001752 
0.246545 0.174374 0.006796 -0.275382 0.011154 0.005105 -0.078785 0.093496 0.006146 -0.096022 -0.079479 0.005118 0.097111 -0.301589 0.001899 
0.246462 0.174361 0.006709 -0.275216 0.011635 0.004914 -0.078648 0.093504 0.006015 -0.095790 -0.079517 0.005012 0.097075 -0.301558 0.002066 
0.246314 0.174365 0.006616 -0.275314 0.011210 0.004965 -0.078703 0.093496 0.005963 -0.095950 -0.079501 0.005111 0.096946 -0.301539 0.002239 
0.246181 0.174369 0.006520 -0.275312 0.011233 0.004965 -0.078748 0.093501 0.005916 -0.095990 -0.079497 0.005154 0.096846 -0.301529 0.002420 
0.246066 0.174379 0.006435 -0.275361 0.011031 0.004993 -0.078785 0.093498 0.005872 -0.096082 -0.079488 0.005224 0.096756 -0.301514 0.002579 
0.245944 0.174397 0.006369 -0.275432 0.010574 0.005009 -0.078769 0.093485 0.005803 -0.096199 -0.079480 0.005288 0.096644 -0.301485 0.002702 
0.245847 0.174414 0.006323 -0.275525 0.010314 0.005041 -0.078793 0.093466 0.005772 -0.096312 -0.079487 0.005344 0.096552 -0.301451 0.002789 
0.245730 0.174405 0.006276 -0.275459 0.010498 0.004966 -0.078774 0.093468 0.005712 -0.096268 -0.079500 0.005305 0.096446 -0.301427 0.002877 
0.245623 0.174429 0.006242 -0.275381 0.011756 0.005149 -0.079210 0.093539 0.005927 -0.096415 -0.079438 0.005381 0.096345 -0.301406 0.002942 
0.245561 0.174427 0.006193 -0.275350 0.011776 0.005064 -0.079101 0.093541 0.005847 -0.096304 -0.079458 0.005343 0.096318 -0.301400 0.003032 
0.245495 0.174428 0.006142 -0.275360 0.011742 0.005051 -0.079065 0.093543 0.005808 -0.096277 -0.079465 0.005359 0.096295 -0.301391 0.003129 
0.245449 0.174420 0.006087 -0.275305 0.011871 0.004977 -0.078977 0.093547 0.005742 -0.096160 -0.079484 0.005329 0.096295 -0.301375 0.003232 
0.245371 0.174447 0.006039 -0.275098 0.013637 0.005069 -0.079339 0.093628 0.005931 -0.096112 -0.079449 0.005320 0.096227 -0.301369 0.003323 
0.245365 0.174452 0.005998 -0.275261 0.013052 0.005185 -0.079380 0.093604 0.005938 -0.096284 -0.079443 0.005449 0.096217 -0.301357 0.003399 
0.245302 0.174433 0.005968 -0.275006 0.013812 0.004900 -0.079152 0.093635 0.005793 -0.095924 -0.079479 0.005234 0.096162 -0.301322 0.003456 
0.245147 0.174434 0.005931 -0.275143 0.013205 0.004956 -0.079196 0.093625 0.005758 -0.096117 -0.079459 0.005314 0.096007 -0.301309 0.003523 
0.245131 0.174410 0.005924 -0.276034 0.010754 0.005005 -0.079016 0.093426 0.005579 -0.096496 -0.079641 0.005475 0.095922 -0.301249 0.003537 
0.245109 0.174416 0.005903 -0.276024 0.010807 0.004997 -0.079126 0.093433 0.005572 -0.096573 -0.079619 0.005487 0.095911 -0.301261 0.003580 
0.245104 0.174411 0.005891 -0.276102 0.010581 0.004976 -0.079152 0.093425 0.005534 -0.096646 -0.079616 0.005500 0.095922 -0.301251 0.003605 
0.245069 0.174416 0.005891 -0.276098 0.010625 0.004974 -0.079233 0.093430 0.005538 -0.096717 -0.079599 0.005508 0.095948 -0.301230 0.003610 
0.244957 0.174428 0.005884 -0.276094 0.010666 0.004974 -0.079287 0.093433 0.005537 -0.096768 -0.079592 0.005509 0.095904 -0.301208 0.003624 
0.244802 0.174432 0.005869 -0.276091 0.010701 0.004973 -0.079315 0.093435 0.005530 -0.096793 -0.079595 0.005505 0.095810 -0.301191 0.003651 
0.244698 0.174435 0.005854 -0.276089 0.010728 0.004974 -0.079305 0.093436 0.005523 -0.096778 -0.079602 0.005502 0.095754 -0.301183 0.003676 
0.244617 0.174437 0.005839 -0.276087 0.010748 0.004974 -0.079282 0.093437 0.005517 -0.096748 -0.079612 0.005499 0.095709 -0.301182 0.003702 
0.244550 0.174444 0.005831 -0.276138 0.010497 0.005009 -0.079251 0.093440 0.005510 -0.096784 -0.079603 0.005531 0.095671 -0.301175 0.003715 
0.244455 0.174436 0.005827 -0.276140 0.010308 0.004940 -0.079151 0.093429 0.005444 -0.096732 -0.079624 0.005488 0.095605 -0.301165 0.003719 
0.244293 0.174452 0.005826 -0.276206 0.010130 0.005014 -0.079277 0.093427 0.005474 -0.096899 -0.079604 0.005535 0.095457 -0.301161 0.003719 
0.244143 0.174464 0.005828 -0.276203 0.010160 0.005007 -0.079332 0.093428 0.005472 -0.096950 -0.079602 0.005518 0.095333 -0.301160 0.003712 
0.243973 0.174470 0.005827 -0.276157 0.010297 0.004964 -0.079374 0.093433 0.005455 -0.096960 -0.079603 0.005472 0.095183 -0.301161 0.003710 
0.243787 0.174466 0.005818 -0.276157 0.010306 0.004965 -0.079465 0.093435 0.005453 -0.097039 -0.079597 0.005463 0.094995 -0.301170 0.003724 
0.243648 0.174471 0.005814 -0.276155 0.010325 0.004966 -0.079538 0.093439 0.005453 -0.097103 -0.079589 0.005457 0.094869 -0.301163 0.003729 
0.243544 0.174523 0.005831 -0.275869 0.012392 0.005020 -0.079910 0.093578 0.005675 -0.097024 -0.079499 0.005387 0.094835 -0.301126 0.003703 
0.243507 0.174512 0.005807 -0.275894 0.012270 0.005012 -0.079859 0.093579 0.005648 -0.096994 -0.079505 0.005394 0.094813 -0.301129 0.003746 
0.243479 0.174506 0.005773 -0.275924 0.011999 0.004986 -0.079760 0.093569 0.005589 -0.096955 -0.079519 0.005403 0.094805 -0.301120 0.003809 
0.243437 0.174492 0.005734 -0.276238 0.010636 0.005085 -0.079684 0.093477 0.005518 -0.097166 -0.079574 0.005547 0.094761 -0.301111 0.003879 
0.243304 0.174464 0.005702 -0.276222 0.010747 0.005015 -0.079704 0.093478 0.005467 -0.097159 -0.079586 0.005507 0.094627 -0.301097 0.003939 
0.243101 0.174490 0.005689 -0.276214 0.010798 0.005005 -0.079807 0.093480 0.005456 -0.097257 -0.079576 0.005495 0.094457 -0.301095 0.003960 
0.242892 0.174586 0.005702 -0.276210 0.010823 0.004997 -0.079900 0.093497 0.005451 -0.097366 -0.079548 0.005476 0.094307 -0.301042 0.003937 
0.242562 0.174762 0.005719 -0.276211 0.010826 0.004992 -0.080027 0.093536 0.005442 -0.097510 -0.079494 0.005446 0.094078 -0.300941 0.003896 
0.242006 0.175153 0.005765 -0.276213 0.010822 0.004988 -0.080199 0.093627 0.005430 -0.097726 -0.079384 0.005390 0.093702 -0.300688 0.003794 
0.241368 0.175569 0.005807 -0.276216 0.010813 0.004986 -0.080368 0.093730 0.005413 -0.097939 -0.079268 0.005329 0.093249 -0.300396 0.003697 
0.240913 0.175730 0.005810 -0.276220 0.010799 0.004985 -0.080459 0.093779 0.005397 -0.098040 -0.079224 0.005293 0.092889 -0.300257 0.003680 
0.240842 0.175739 0.005808 -0.276220 0.010805 0.004985 -0.080430 0.093785 0.005394 -0.098009 -0.079228 0.005285 0.092856 -0.300226 0.003681 
0.240817 0.175734 0.005804 -0.276219 0.010814 0.004984 -0.080407 0.093786 0.005392 -0.097982 -0.079235 0.005282 0.092849 -0.300222 0.003685 
0.240788 0.175739 0.005802 -0.276219 0.010820 0.004984 -0.080399 0.093787 0.005391 -0.097972 -0.079237 0.005279 0.092832 -0.300219 0.003689 
0.240762 0.175747 0.005800 -0.276218 0.010824 0.004984 -0.080393 0.093790 0.005389 -0.097963 -0.079238 0.005277 0.092817 -0.300215 0.003692 
0.240736 0.175755 0.005798 -0.276218 0.010829 0.004984 -0.080389 0.093793 0.005388 -0.097957 -0.079237 0.005274 0.092802 -0.300209 0.003694 
0.240702 0.175769 0.005797 -0.276218 0.010832 0.004984 -0.080396 0.093798 0.005387 -0.097960 -0.079234 0.005272 0.092779 -0.300198 0.003695 
0.240650 0.175806 0.005804 -0.275826 0.013599 0.004985 -0.080810 0.093944 0.005630 -0.097742 -0.079172 0.005132 0.092734 -0.300177 0.003681 
0.240600 0.175854 0.005810 -0.275731 0.014353 0.005029 -0.080966 0.094006 0.005723 -0.097724 -0.079127 0.005118 0.092719 -0.300126 0.003671 
0.240614 0.175850 0.005809 -0.275871 0.014360 0.005157 -0.081064 0.094060 0.005805 -0.097841 -0.079068 0.005203 0.092700 -0.300104 0.003668 
0.240611 0.175835 0.005795 -0.276007 0.013617 0.005079 -0.080836 0.094031 0.005683 -0.097790 -0.079102 0.005193 0.092699 -0.300084 0.003689 
0.240608 0.175823 0.005771 -0.276049 0.013388 0.005065 -0.080750 0.094033 0.005641 -0.097762 -0.079103 0.005206 0.092706 -0.300082 0.003733 
0.240605 0.175816 0.005737 -0.276070 0.013288 0.005053 -0.080693 0.094035 0.005608 -0.097722 -0.079109 0.005219 0.092729 -0.300081 0.003797 
0.240591 0.175806 0.005693 -0.276078 0.013259 0.005043 -0.080643 0.094038 0.005577 -0.097676 -0.079116 0.005238 0.092766 -0.300067 0.003883 
0.240546 0.175806 0.005643 -0.276078 0.013269 0.005033 -0.080622 0.094040 0.005546 -0.097655 -0.079120 0.005257 0.092767 -0.300051 0.003976 
0.240504 0.175831 0.005605 -0.275743 0.015701 0.005051 -0.080985 0.094164 0.005740 -0.097475 -0.079068 0.005161 0.092716 -0.300030 0.004046 
0.240418 0.175832 0.005559 -0.275783 0.015505 0.005039 -0.080961 0.094166 0.005692 -0.097511 -0.079064 0.005187 0.092662 -0.300008 0.004132 
0.240335 0.175824 0.005510 -0.275753 0.015471 0.004971 -0.080902 0.094175 0.005616 -0.097482 -0.079061 0.005168 0.092581 -0.299987 0.004224 
0.240210 0.175831 0.005462 -0.275880 0.014926 0.005020 -0.080935 0.094160 0.005576 -0.097656 -0.079048 0.005251 0.092456 -0.299967 0.004313 
0.240103 0.175830 0.005401 -0.275887 0.014896 0.005014 -0.080964 0.094163 0.005540 -0.097694 -0.079044 0.005277 0.092370 -0.299958 0.004427 
0.240085 0.175826 0.005341 -0.276048 0.014960 0.004996 -0.080968 0.094185 0.005504 -0.097695 -0.079049 0.005295 0.092322 -0.299955 0.004539 
0.240060 0.175830 0.005282 -0.276047 0.014984 0.004993 -0.081007 0.094189 0.005476 -0.097724 -0.079040 0.005327 0.092310 -0.299954 0.004653 
0.239972 0.175823 0.005224 -0.276140 0.015335 0.005045 -0.081188 0.094232 0.005511 -0.097826 -0.079008 0.005376 0.092222 -0.299937 0.004763 
0.239961 0.175828 0.005168 -0.276138 0.015363 0.005033 -0.081226 0.094236 0.005480 -0.097854 -0.078999 0.005404 0.092233 -0.299933 0.004870 
0.239854 0.175831 0.005109 -0.276135 0.015393 0.005023 -0.081301 0.094241 0.005448 -0.097916 -0.078989 0.005426 0.092144 -0.299931 0.004983 
0.239726 0.175848 0.005075 -0.276058 0.016402 0.005093 -0.081587 0.094305 0.005557 -0.097997 -0.078941 0.005439 0.092011 -0.299866 0.005045 
0.239578 0.175849 0.005021 -0.276073 0.016344 0.005074 -0.081606 0.094307 0.005512 -0.098037 -0.078939 0.005452 0.091900 -0.299851 0.005145 
0.239482 0.175846 0.004963 -0.276040 0.016387 0.005009 -0.081554 0.094309 0.005443 -0.097976 -0.078952 0.005432 0.091832 -0.299842 0.005253 
0.239433 0.175850 0.004919 -0.276153 0.016021 0.005052 -0.081556 0.094285 0.005418 -0.098069 -0.078966 0.005502 0.091792 -0.299818 0.005336 
0.239424 0.175856 0.004872 -0.276152 0.016042 0.005039 -0.081528 0.094288 0.005388 -0.098035 -0.078970 0.005517 0.091810 -0.299817 0.005424 
0.239393 0.175861 0.004829 -0.276145 0.016081 0.005028 -0.081522 0.094293 0.005363 -0.098016 -0.078971 0.005529 0.091802 -0.299818 0.005505 
0.239396 0.175766 0.004781 -0.276305 0.015551 0.005024 -0.081491 0.094243 0.005300 -0.098077 -0.079022 0.005580 0.091722 -0.299795 0.005597 
0.239217 0.175765 0.004745 -0.276301 0.015587 0.005013 -0.081611 0.094249 0.005279 -0.098181 -0.079007 0.005587 0.091564 -0.299782 0.005666 
0.239027 0.175757 0.004707 -0.276298 0.015618 0.005004 -0.081711 0.094252 0.005258 -0.098269 -0.078999 0.005591 0.091393 -0.299772 0.005735 
0.238882 0.175749 0.004675 -0.276294 0.015639 0.004995 -0.081779 0.094254 0.005238 -0.098324 -0.078995 0.005595 0.091250 -0.299774 0.005802 
0.238771 0.175784 0.004672 -0.276065 0.017190 0.004937 -0.081984 0.094315 0.005325 -0.098180 -0.078992 0.005474 0.091168 -0.299723 0.005806 
0.238656 0.175806 0.004650 -0.276092 0.017057 0.004938 -0.082024 0.094336 0.005304 -0.098231 -0.078968 0.005487 0.091062 -0.299671 0.005846 
0.238615 0.175793 0.004645 -0.276057 0.018426 0.004990 -0.082299 0.094461 0.005448 -0.098194 -0.078898 0.005452 0.090969 -0.299595 0.005854 
0.238610 0.175793 0.004657 -0.276091 0.018137 0.004963 -0.082229 0.094461 0.005411 -0.098213 -0.078890 0.005446 0.090960 -0.299576 0.005832 
0.238636 0.175785 0.004672 -0.276314 0.017983 0.005119 -0.082377 0.094500 0.005506 -0.098420 -0.078836 0.005552 0.090901 -0.299556 0.005800 
0.238647 0.175785 0.004694 -0.276382 0.017649 0.005096 -0.082283 0.094495 0.005472 -0.098427 -0.078837 0.005541 0.090873 -0.299550 0.005757 
0.238641 0.175788 0.004707 -0.276443 0.017347 0.005078 -0.082200 0.094495 0.005441 -0.098416 -0.078838 0.005535 0.090879 -0.299553 0.005730 
0.238636 0.175773 0.004712 -0.276491 0.017081 0.005061 -0.082129 0.094493 0.005412 -0.098396 -0.078841 0.005532 0.090877 -0.299565 0.005724 
0.238637 0.175759 0.004709 -0.276529 0.016864 0.005046 -0.082069 0.094497 0.005386 -0.098369 -0.078841 0.005532 0.090902 -0.299559 0.005724 
0.238662 0.175707 0.004698 -0.276712 0.015994 0.005042 -0.081938 0.094459 0.005310 -0.098410 -0.078869 0.005580 0.090902 -0.299557 0.005748 
0.238656 0.175726 0.004691 -0.276728 0.015931 0.005030 -0.081930 0.094477 0.005294 -0.098395 -0.078854 0.005581 0.090916 -0.299524 0.005764 
0.238610 0.175756 0.004673 -0.276734 0.015911 0.005021 -0.081940 0.094496 0.005277 -0.098391 -0.078838 0.005584 0.090895 -0.299484 0.005797 
0.238499 0.175772 0.004645 -0.276737 0.015910 0.005012 -0.081980 0.094514 0.005258 -0.098409 -0.078824 0.005587 0.090804 -0.299447 0.005848 
0.238489 0.175692 0.004617 -0.276902 0.015399 0.004995 -0.081959 0.094476 0.005196 -0.098465 -0.078866 0.005618 0.090718 -0.299402 0.005905 
0.238278 0.175754 0.004612 -0.276901 0.015422 0.004989 -0.082106 0.094501 0.005189 -0.098601 -0.078827 0.005613 0.090559 -0.299339 0.005915 
0.238055 0.175851 0.004631 -0.276656 0.016829 0.004890 -0.082261 0.094690 0.005236 -0.098504 -0.078677 0.005462 0.090369 -0.299238 0.005873 
0.237865 0.176023 0.004665 -0.276541 0.017864 0.004931 -0.082531 0.094816 0.005355 -0.098544 -0.078568 0.005413 0.090284 -0.299086 0.005806 
0.237803 0.176035 0.004677 -0.276752 0.017389 0.005040 -0.082625 0.094747 0.005393 -0.098726 -0.078623 0.005501 0.090230 -0.299050 0.005783 
0.237795 0.176056 0.004679 -0.276696 0.017498 0.004932 -0.082492 0.094767 0.005330 -0.098560 -0.078632 0.005419 0.090238 -0.299015 0.005779 
0.237784 0.176105 0.004683 -0.276740 0.017279 0.004933 -0.082463 0.094792 0.005313 -0.098567 -0.078605 0.005430 0.090244 -0.298954 0.005772 
0.237737 0.176163 0.004681 -0.276774 0.017107 0.004936 -0.082445 0.094820 0.005296 -0.098573 -0.078577 0.005439 0.090223 -0.298887 0.005775 
0.237864 0.176018 0.004670 -0.277111 0.016440 0.005051 -0.082491 0.094812 0.005319 -0.098740 -0.078582 0.005563 0.090137 -0.298818 0.005799 
0.237854 0.176042 0.004672 -0.277134 0.016340 0.005037 -0.082512 0.094823 0.005303 -0.098777 -0.078564 0.005565 0.090158 -0.298798 0.005798 
0.237780 0.176064 0.004659 -0.277143 0.016283 0.005024 -0.082533 0.094837 0.005283 -0.098796 -0.078549 0.005566 0.090104 -0.298769 0.005829 
0.237671 0.176110 0.004637 -0.277149 0.016270 0.005012 -0.082546 0.094863 0.005261 -0.098795 -0.078530 0.005565 0.090045 -0.298705 0.005869 
0.237588 0.176121 0.004607 -0.277152 0.016272 0.005004 -0.082543 0.094878 0.005240 -0.098774 -0.078524 0.005569 0.089994 -0.298667 0.005923 
0.237515 0.176117 0.004577 -0.277152 0.016288 0.004996 -0.082530 0.094883 0.005221 -0.098751 -0.078529 0.005574 0.089956 -0.298649 0.005980 
0.237418 0.176161 0.004561 -0.277141 0.016295 0.004990 -0.082542 0.094897 0.005206 -0.098767 -0.078516 0.005573 0.089893 -0.298592 0.006006 
0.237322 0.176155 0.004531 -0.277141 0.016307 0.004987 -0.082570 0.094901 0.005190 -0.098783 -0.078515 0.005580 0.089810 -0.298583 0.006061 
0.237267 0.176152 0.004518 -0.277237 0.016621 0.005040 -0.082705 0.094898 0.005243 -0.098848 -0.078535 0.005605 0.089748 -0.298553 0.006085 
0.237340 0.176068 0.004502 -0.277318 0.016637 0.005042 -0.082772 0.094919 0.005247 -0.098887 -0.078521 0.005626 0.089718 -0.298520 0.006120 
0.237327 0.176077 0.004483 -0.277321 0.016640 0.005029 -0.082812 0.094931 0.005231 -0.098912 -0.078506 0.005634 0.089725 -0.298502 0.006159 
0.237209 0.176120 0.004461 -0.277323 0.016648 0.005017 -0.082862 0.094950 0.005211 -0.098949 -0.078486 0.005634 0.089651 -0.298457 0.006201 
0.237079 0.176131 0.004433 -0.277323 0.016661 0.005007 -0.082903 0.094961 0.005191 -0.098977 -0.078477 0.005635 0.089550 -0.298430 0.006253 
0.237060 0.176073 0.004411 -0.277491 0.016147 0.004992 -0.082879 0.094918 0.005132 -0.099049 -0.078520 0.005665 0.089480 -0.298401 0.006295 
0.236773 0.176253 0.004425 -0.277489 0.016173 0.004988 -0.083028 0.094953 0.005126 -0.099217 -0.078464 0.005644 0.089296 -0.298317 0.006263 
0.236455 0.176543 0.004461 -0.277490 0.016181 0.004987 -0.083184 0.095021 0.005123 -0.099397 -0.078371 0.005615 0.089109 -0.298137 0.006187 
0.236294 0.176712 0.004508 -0.277497 0.017068 0.005034 -0.083469 0.095120 0.005238 -0.099516 -0.078287 0.005581 0.088996 -0.297971 0.006095 
0.236009 0.176977 0.004542 -0.277518 0.016973 0.005022 -0.083563 0.095184 0.005219 -0.099653 -0.078205 0.005550 0.088846 -0.297806 0.006024 
0.235942 0.176992 0.004541 -0.277658 0.016391 0.004973 -0.083534 0.095151 0.005147 -0.099701 -0.078241 0.005546 0.088787 -0.297723 0.006027 
0.235631 0.177307 0.004575 -0.277660 0.016395 0.004971 -0.083650 0.095227 0.005139 -0.099841 -0.078148 0.005516 0.088623 -0.297523 0.005956 
0.235469 0.177402 0.004576 -0.277663 0.016395 0.004971 -0.083687 0.095258 0.005132 -0.099875 -0.078118 0.005507 0.088539 -0.297442 0.005951 
0.235394 0.177443 0.004569 -0.277666 0.016393 0.004972 -0.083666 0.095276 0.005126 -0.099844 -0.078110 0.005503 0.088511 -0.297397 0.005960 
0.235334 0.177484 0.004563 -0.277668 0.016395 0.004972 -0.083639 0.095290 0.005120 -0.099810 -0.078105 0.005499 0.088492 -0.297368 0.005969 
0.235320 0.177543 0.004574 -0.277487 0.018062 0.005037 -0.083908 0.095383 0.005303 -0.099690 -0.078065 0.005447 0.088508 -0.297317 0.005948 
0.235309 0.177565 0.004574 -0.277522 0.017867 0.005026 -0.083841 0.095390 0.005278 -0.099668 -0.078061 0.005446 0.088517 -0.297301 0.005946 
0.235331 0.177549 0.004574 -0.277923 0.015823 0.004855 -0.083340 0.095195 0.004985 -0.099648 -0.078254 0.005439 0.088497 -0.297272 0.005947 
0.235349 0.177541 0.004580 -0.277916 0.015883 0.004871 -0.083391 0.095202 0.005002 -0.099697 -0.078237 0.005446 0.088451 -0.297273 0.005936 
0.235332 0.177545 0.004584 -0.277897 0.015932 0.004869 -0.083456 0.095213 0.005007 -0.099751 -0.078214 0.005446 0.088438 -0.297272 0.005929 
0.235131 0.177616 0.004589 -0.277896 0.015949 0.004880 -0.083601 0.095236 0.005014 -0.099887 -0.078174 0.005443 0.088280 -0.297217 0.005917 
0.234906 0.177677 0.004593 -0.277897 0.015955 0.004889 -0.083733 0.095262 0.005019 -0.100008 -0.078137 0.005437 0.088103 -0.297147 0.005906 
0.234716 0.177742 0.004601 -0.277898 0.015960 0.004897 -0.083835 0.095286 0.005024 -0.100103 -0.078105 0.005430 0.087964 -0.297084 0.005888 
0.234555 0.177841 0.004616 -0.277899 0.015961 0.004905 -0.083906 0.095312 0.005030 -0.100178 -0.078071 0.005421 0.087867 -0.297016 0.005857 
