2.025000 -0.000000 0.000000 -0.000000
2.050000 -199.878792 6.961937 -0.000000
2.075000 -399.757584 13.923873 -0.000000
2.100000 -599.636376 20.885810 -0.000000
2.125000 -799.515167 27.847747 -0.000000
2.150000 -999.393959 34.809684 -0.000000
2.175000 -1199.272751 41.771620 -0.000000
2.200000 -1399.151543 48.733557 -0.000000
2.225000 -1599.030335 55.695494 -0.000000
2.250000 -1798.909127 62.657431 -0.000000
2.275000 -1998.787919 69.619367 -0.000000
2.300000 -2198.666711 76.581304 -0.000000
2.325000 -2398.545502 83.543241 -0.000000
2.350000 -2598.424294 90.505177 -0.000000
2.375000 -2798.303086 97.467114 -0.000000
2.400000 -2998.181878 104.429051 -0.000000
2.425000 -3198.060670 111.390988 -0.000000
