-0.098647 -0.995070 0.010257 0.995540 -0.094330 -0.001264 -0.993190 0.116505 0.001035 0.092559 0.995654 -0.010249 
-0.098647 -0.995079 0.009266 0.995541 -0.094327 -0.001134 -0.993190 0.116503 0.000927 0.092559 0.995664 -0.009259 
-0.098768 -0.995085 0.007122 0.995526 -0.094453 -0.002538 -0.993173 0.116629 0.002379 0.092680 0.995671 -0.007107 
-0.098769 -0.995089 0.006450 0.995527 -0.094451 -0.002254 -0.993174 0.116626 0.002110 0.092681 0.995675 -0.006436 
-0.098770 -0.995093 0.005849 0.995528 -0.094448 -0.001989 -0.993174 0.116624 0.001859 0.092682 0.995679 -0.005837 
-0.098506 -0.995100 0.008488 0.995554 -0.094183 -0.001107 -0.993207 0.116360 0.000917 0.092418 0.995684 -0.008481 
-0.098507 -0.995107 0.007666 0.995555 -0.094182 -0.000910 -0.993207 0.116358 0.000739 0.092419 0.995691 -0.007660 
-0.098508 -0.995112 0.006928 0.995555 -0.094180 -0.000742 -0.993207 0.116357 0.000588 0.092420 0.995696 -0.006924 
-0.098322 -0.995126 0.007535 0.995573 -0.093985 0.000670 -0.993230 0.116161 -0.000838 0.092234 0.995709 -0.007539 
-0.098323 -0.995131 0.006835 0.995573 -0.093985 0.000635 -0.993230 0.116162 -0.000787 0.092234 0.995714 -0.006839 
-0.098323 -0.995125 0.007682 0.995573 -0.093986 0.000621 -0.993230 0.116162 -0.000792 0.092234 0.995708 -0.007686 
-0.098311 -0.995082 0.012125 0.995574 -0.093978 0.000363 -0.993231 0.116154 -0.000634 0.092222 0.995665 -0.012128 
-0.098301 -0.994987 0.018363 0.995575 -0.093973 0.000471 -0.993232 0.116147 -0.000881 0.092213 0.995570 -0.018366 
-0.098284 -0.994820 0.025936 0.995575 -0.093965 0.000599 -0.993233 0.116135 -0.001178 0.092196 0.995403 -0.025939 
-0.098262 -0.994553 0.034783 0.995576 -0.093962 0.000641 -0.993234 0.116125 -0.001417 0.092173 0.995135 -0.034787 
-0.098232 -0.994216 0.043415 0.995576 -0.093960 0.000615 -0.993234 0.116116 -0.001583 0.092144 0.994799 -0.043419 
-0.098196 -0.993817 0.051817 0.995576 -0.093957 0.000578 -0.993235 0.116105 -0.001734 0.092107 0.994400 -0.051821 
-0.097956 -0.993313 0.061098 0.995590 -0.093810 -0.000225 -0.993255 0.115947 -0.001138 0.091868 0.993895 -0.061098 
-0.097890 -0.992785 0.069252 0.995592 -0.093792 -0.000177 -0.993258 0.115917 -0.001367 0.091802 0.993366 -0.069252 
-0.097837 -0.992193 0.077342 0.995592 -0.093793 -0.000144 -0.993259 0.115905 -0.001581 0.091748 0.992774 -0.077342 
-0.097776 -0.991531 0.085476 0.995592 -0.093794 -0.000119 -0.993260 0.115891 -0.001787 0.091688 0.992113 -0.085476 
-0.097707 -0.990793 0.093711 0.995592 -0.093795 -0.000107 -0.993262 0.115875 -0.001983 0.091619 0.991375 -0.093711 
-0.097635 -0.989974 0.102076 0.995591 -0.093799 -0.000091 -0.993263 0.115861 -0.002185 0.091546 0.990555 -0.102076 
-0.097556 -0.989065 0.110600 0.995591 -0.093804 -0.000072 -0.993264 0.115845 -0.002395 0.091467 0.989647 -0.110601 
-0.097466 -0.988059 0.119332 0.995590 -0.093806 -0.000044 -0.993266 0.115825 -0.002617 0.091377 0.988640 -0.119333 
-0.095749 -0.986811 0.130523 0.995734 -0.092266 -0.000487 -0.993448 0.114257 -0.002423 0.089659 0.987383 -0.130521 
-0.095632 -0.985557 0.139757 0.995735 -0.092263 -0.000442 -0.993451 0.114227 -0.002675 0.089543 0.986129 -0.139755 
-0.095473 -0.984372 0.147974 0.995739 -0.092213 -0.000413 -0.993459 0.114150 -0.002887 0.089383 0.984944 -0.147973 
-0.095344 -0.982945 0.157251 0.995739 -0.092212 -0.000365 -0.993462 0.114118 -0.003142 0.089254 0.983517 -0.157250 
-0.095170 -0.981094 0.168513 0.995739 -0.092211 -0.000347 -0.993466 0.114075 -0.003411 0.089080 0.981666 -0.168512 
-0.094596 -0.978669 0.182369 0.995785 -0.091716 0.000453 -0.993525 0.113526 -0.004519 0.088506 0.979238 -0.182373 
-0.094130 -0.976173 0.195513 0.995769 -0.091882 -0.001619 -0.993519 0.113636 -0.002741 0.088040 0.976743 -0.195505 
-0.093408 -0.973837 0.207162 0.995806 -0.091473 -0.002019 -0.993572 0.113175 -0.002601 0.087319 0.974404 -0.207152 
-0.093232 -0.971699 0.217047 0.995805 -0.091480 -0.001867 -0.993575 0.113134 -0.002973 0.087142 0.972266 -0.217037 
-0.093019 -0.969583 0.226397 0.995749 -0.092015 -0.004183 -0.993524 0.113622 -0.000866 0.086930 0.970154 -0.226373 
-0.091940 -0.967179 0.236878 0.995834 -0.091102 -0.003841 -0.993633 0.112655 -0.001442 0.085850 0.967744 -0.236857 
-0.090726 -0.965233 0.245141 0.995909 -0.090252 -0.004545 -0.993735 0.111762 -0.000922 0.084636 0.965793 -0.245115 
-0.089215 -0.963502 0.252396 0.995955 -0.089574 -0.007152 -0.993814 0.111046 0.001522 0.083125 0.964058 -0.252354 
-0.087318 -0.961967 0.258833 0.995971 -0.088951 -0.011421 -0.993872 0.110389 0.005647 0.081228 0.962519 -0.258766 
-0.085388 -0.960639 0.264350 0.995936 -0.088539 -0.016526 -0.993881 0.109948 0.010629 0.079297 0.961188 -0.264251 
-0.083482 -0.959553 0.268866 0.995843 -0.088332 -0.022237 -0.993830 0.109716 0.016238 0.077392 0.960101 -0.268732 
-0.081725 -0.958725 0.272337 0.995686 -0.088368 -0.028287 -0.993713 0.109734 0.022209 0.075636 0.959273 -0.272166 
-0.079889 -0.957872 0.275861 0.995480 -0.088445 -0.034608 -0.993547 0.109792 0.028451 0.073801 0.958420 -0.275652 
-0.077948 -0.957224 0.278650 0.995198 -0.088603 -0.041610 -0.993308 0.109935 0.035390 0.071861 0.957774 -0.278398 
-0.075878 -0.956614 0.281303 0.994834 -0.088814 -0.049164 -0.992991 0.110133 0.042884 0.069794 0.957165 -0.281005 
-0.073770 -0.956000 0.283939 0.994389 -0.089108 -0.057006 -0.992594 0.110413 0.050666 0.067689 0.956553 -0.283592 
-0.071545 -0.955465 0.286300 0.993866 -0.089378 -0.065130 -0.992120 0.110671 0.058735 0.065467 0.956019 -0.285904 
-0.069165 -0.954946 0.288608 0.993255 -0.089616 -0.073578 -0.991562 0.110897 0.067131 0.063090 0.955502 -0.288160 
-0.066664 -0.954415 0.290945 0.992536 -0.089887 -0.082417 -0.990899 0.111157 0.075916 0.060594 0.954972 -0.290443 
-0.064061 -0.953858 0.293346 0.991695 -0.090225 -0.091658 -0.990116 0.111482 0.085103 0.057996 0.954417 -0.292788 
-0.061376 -0.953270 0.295818 0.990712 -0.090666 -0.101340 -0.989193 0.111909 0.094728 0.055317 0.953833 -0.295201 
-0.058599 -0.952648 0.298377 0.989565 -0.091229 -0.111528 -0.988108 0.112459 0.104858 0.052547 0.953213 -0.297697 
-0.055684 -0.951983 0.301043 0.988228 -0.091906 -0.122308 -0.986836 0.113121 0.115576 0.049640 0.952553 -0.300298 
-0.052555 -0.951271 0.303846 0.986670 -0.092662 -0.133779 -0.985348 0.113861 0.126983 0.046520 0.951845 -0.303030 
-0.049118 -0.950503 0.306808 0.984858 -0.093446 -0.146023 -0.983613 0.114627 0.139159 0.043095 0.951082 -0.305918 
-0.045275 -0.949674 0.309952 0.982758 -0.094195 -0.159106 -0.981599 0.115358 0.152170 0.039264 0.950257 -0.308981 
-0.040910 -0.948773 0.313299 0.980320 -0.094851 -0.173134 -0.979260 0.115994 0.166121 0.034914 0.949361 -0.312242 
-0.035976 -0.947792 0.316853 0.977483 -0.095426 -0.188206 -0.976532 0.116547 0.181112 0.029998 0.948383 -0.315704 
-0.030576 -0.946723 0.320595 0.974160 -0.096081 -0.204405 -0.973330 0.117178 0.197225 0.024618 0.947318 -0.319347 
-0.024639 -0.945527 0.324610 0.970263 -0.096837 -0.221838 -0.969567 0.117907 0.214566 0.018705 0.946127 -0.323256 
-0.018038 -0.944141 0.329046 0.965693 -0.097693 -0.240609 -0.965145 0.118732 0.233235 0.012132 0.944746 -0.327577 
-0.010680 -0.942541 0.333921 0.960330 -0.098665 -0.260827 -0.959947 0.119669 0.253341 0.004806 0.943152 -0.332328 
-0.002529 -0.940764 0.339052 0.954032 -0.099786 -0.282605 -0.953831 0.120750 0.275002 -0.003306 0.941382 -0.337327 
0.006530 -0.938820 0.344346 0.946630 -0.101041 -0.306076 -0.946632 0.121960 0.298351 -0.012320 0.939446 -0.342476 
0.016651 -0.936672 0.349811 0.937927 -0.102428 -0.331362 -0.938157 0.123300 0.323511 -0.022388 0.937306 -0.347787 
0.027839 -0.934325 0.355333 0.927695 -0.104056 -0.358546 -0.928175 0.124875 0.350568 -0.033513 0.934969 -0.353143 
0.040263 -0.931846 0.360614 0.915686 -0.105803 -0.387717 -0.916445 0.126567 0.379617 -0.045864 0.932500 -0.358245 
0.065389 -0.929262 0.363589 0.902962 -0.095689 -0.418932 -0.904283 0.116397 0.410760 -0.070912 0.929854 -0.361030 
0.108163 -0.926491 0.360438 0.887430 -0.068998 -0.455748 -0.889708 0.089648 0.447642 -0.113592 0.926920 -0.357653 
0.156567 -0.924035 0.348777 0.867963 -0.035202 -0.495380 -0.871323 0.055802 0.487527 -0.161877 0.924258 -0.345750 
0.209077 -0.919393 0.333170 0.844311 0.002559 -0.535848 -0.848845 0.017944 0.528337 -0.214242 0.919385 -0.329896 
0.262319 -0.912991 0.312467 0.814467 0.040697 -0.578781 -0.820193 -0.020331 0.571725 -0.267303 0.912750 -0.308929 
0.286720 -0.909816 0.300042 0.782890 0.046914 -0.620388 -0.789165 -0.026618 0.613604 -0.291511 0.909537 -0.296250 
0.299193 -0.907132 0.295966 0.749175 0.036108 -0.661388 -0.755733 -0.015874 0.654688 -0.303777 0.906918 -0.291923 
0.308305 -0.902499 0.300738 0.709708 0.012550 -0.704384 -0.716475 0.007577 0.697571 -0.312649 0.902429 -0.296433 
0.315822 -0.896712 0.310104 0.661801 -0.021210 -0.749379 -0.668744 0.041203 0.742351 -0.319872 0.896849 -0.305523 
0.323890 -0.886912 0.329367 0.604235 -0.069216 -0.793794 -0.611366 0.088984 0.786329 -0.327588 0.887342 -0.324515 
0.357624 -0.871055 0.336703 0.541827 -0.095337 -0.835066 -0.549719 0.114747 0.827431 -0.360941 0.871645 -0.331598 
0.433469 -0.851274 0.295698 -0.909934 0.408996 0.068869 -0.579458 -0.801632 0.147019 0.399403 0.914144 -0.069408 0.477480 -0.056328 -0.876835 
-0.560012 -0.813922 0.154651 0.472463 -0.841824 0.260981 -0.842782 0.537115 0.035010 0.431457 -0.032177 -0.901560 0.385854 0.920311 -0.064382 
0.481850 -0.835534 0.264014 -0.825790 0.563404 0.025424 -0.546806 -0.810867 0.208561 -0.543808 -0.824526 0.156300 0.424438 -0.035899 -0.904745 0.367023 0.927895 -0.065617 
0.482188 -0.827879 0.286551 -0.828284 0.559660 0.026941 -0.537254 -0.806932 0.245395 -0.528659 -0.834365 0.156061 0.440398 -0.048534 -0.896490 0.347236 0.935006 -0.072053 
0.471188 -0.820410 0.323898 0.469426 -0.072505 -0.879990 -0.521152 -0.813730 0.257377 -0.515419 -0.842692 0.155607 -0.837599 0.545529 0.028745 0.328936 0.940716 -0.082795 
0.452957 -0.814154 0.363294 0.501335 -0.099277 -0.859539 -0.501448 -0.827203 0.253544 -0.502201 -0.850750 0.154978 -0.850417 0.525166 0.031485 0.311414 0.945591 -0.094230 
0.437767 -0.811854 0.386333 0.525927 -0.112244 -0.843091 -0.481528 -0.841952 0.243409 -0.489986 -0.857831 0.155049 -0.862996 0.503935 0.035883 0.295705 0.949863 -0.101582 
-0.479907 -0.862796 0.158976 0.430440 -0.814745 0.388473 0.536697 -0.109993 -0.836575 -0.876504 0.479568 0.041899 0.282972 0.953500 -0.103755 
-0.469009 -0.868426 0.160829 0.430043 -0.817125 0.383889 0.540565 -0.102483 -0.835037 -0.891040 0.451187 0.049778 0.269453 0.957425 -0.103603 
-0.456227 -0.875082 0.161521 0.434247 -0.816330 0.380836 0.544798 -0.093624 -0.833325 -0.902639 0.426166 0.060208 0.254713 0.961445 -0.103657 
-0.443534 -0.881332 0.162884 0.445118 -0.809643 0.382554 0.545789 -0.088276 -0.833260 -0.908217 0.413145 0.066724 0.240725 0.964815 -0.105756 
-0.434314 -0.885674 0.164176 0.454612 -0.803276 0.384805 0.545522 -0.085245 -0.833750 -0.911394 0.405920 0.067743 0.230644 0.967076 -0.107552 
-0.430534 -0.887346 0.165099 0.459583 -0.799873 0.385987 0.545273 -0.083744 -0.834065 -0.913357 0.401733 0.066258 0.226228 0.968011 -0.108514 
-0.430614 -0.887003 0.166725 0.459867 -0.799239 0.386962 0.544707 -0.085075 -0.834300 -0.913731 0.401278 0.063814 0.226257 0.967846 -0.109915 
-0.431840 -0.885981 0.168970 0.458495 -0.799102 0.388867 0.544149 -0.088344 -0.834324 -0.912937 0.403262 0.062652 0.227807 0.967209 -0.112296 
-0.433830 -0.884576 0.171222 0.455875 -0.799633 0.390851 0.543695 -0.092331 -0.834188 -0.911186 0.407227 0.062506 0.230391 0.966296 -0.114853 
-0.436155 -0.883105 0.172900 0.452436 -0.800782 0.392492 0.543405 -0.096281 -0.833931 -0.908906 0.412210 0.063031 0.233506 0.965301 -0.116916 
-0.438292 -0.881920 0.173541 0.448796 -0.802386 0.393395 0.543249 -0.099447 -0.833661 -0.906726 0.416807 0.064187 0.236555 0.964433 -0.117944 
-0.439777 -0.881372 0.172565 0.446049 -0.804287 0.392636 0.543378 -0.100128 -0.833495 -0.905234 0.419721 0.066218 0.238872 0.963953 -0.117198 
-0.440445 -0.881617 0.169589 0.444400 -0.806706 0.389530 0.543941 -0.097397 -0.833451 -0.904522 0.420820 0.068919 0.240213 0.963987 -0.114136 
-0.440203 -0.882696 0.164527 0.443795 -0.809512 0.384365 0.545110 -0.091465 -0.833360 -0.904623 0.420045 0.072251 0.240475 0.964540 -0.108785 
-0.439069 -0.884529 0.157568 0.444473 -0.812566 0.377068 0.546678 -0.082292 -0.833289 -0.905425 0.417712 0.075644 0.239690 0.965556 -0.101248 
-0.438784 -0.884818 0.156735 0.445194 -0.817676 0.364978 0.542264 -0.073047 -0.837027 -0.906973 0.413488 0.080176 0.240613 0.965750 -0.097119 
-0.440390 -0.884102 0.156271 0.443332 -0.822630 0.356000 0.538768 -0.067751 -0.839725 -0.907441 0.411346 0.085709 0.243411 0.965323 -0.094356 
-0.447444 -0.880711 0.155376 0.441012 -0.823528 0.356806 0.533550 -0.074024 -0.842523 -0.903441 0.420151 0.085243 0.252458 0.963047 -0.093843 
-0.447324 -0.880867 0.154840 0.456303 -0.820409 0.344552 0.523729 -0.060272 -0.849750 -0.896945 0.433478 0.087098 0.252520 0.963389 -0.090082 
-0.444653 -0.882003 0.156055 0.486532 -0.816201 0.311612 0.501507 -0.025873 -0.864767 -0.893339 0.440484 0.088988 0.249097 0.965072 -0.081158 
-0.443653 -0.882312 0.157156 0.509568 -0.813029 0.281646 -0.886766 0.452529 0.094141 0.476522 -0.000538 -0.879162 0.248732 0.965810 -0.073098 
0.536749 -0.808723 0.240555 -0.879011 0.466509 0.098530 -0.439397 -0.872805 0.212467 -0.441425 -0.883396 0.157337 0.443796 0.033566 -0.895499 0.248118 0.966727 -0.062257 
0.571868 -0.797990 0.190207 -0.867745 0.487676 0.095866 -0.452529 -0.855009 0.253332 -0.434760 -0.886685 0.157398 0.412082 0.084528 -0.907217 0.242843 0.968820 -0.049133 
0.603015 -0.784883 0.142591 -0.854744 0.509839 0.097354 -0.463775 -0.834386 0.297846 -0.428991 -0.889719 0.156095 0.383021 0.133772 -0.914002 0.238638 0.970417 -0.036647 
0.622236 -0.776211 0.101584 -0.843010 0.528134 0.102021 -0.471584 -0.816897 0.332095 -0.426231 -0.891312 0.154564 0.358184 0.172661 -0.917547 0.238257 0.970860 -0.025787 
0.626711 -0.775083 0.080495 -0.833409 0.541761 0.109202 -0.478022 -0.805812 0.349518 -0.425433 -0.891967 0.152977 0.347088 0.190906 -0.918197 0.239490 0.970690 -0.020127 
0.623027 -0.778762 0.073264 -0.829871 0.545451 0.117457 -0.480431 -0.805598 0.346697 -0.426433 -0.891681 0.151857 0.345812 0.195922 -0.917621 0.241825 0.970150 -0.018149 
0.618805 -0.782034 0.074181 -0.830987 0.542147 0.124649 -0.480434 -0.812383 0.330479 -0.426298 -0.891855 0.151209 0.347885 0.193832 -0.917282 0.242470 0.969986 -0.018327 
0.613429 -0.785850 0.078384 -0.833359 0.537116 0.130457 -0.479915 -0.820225 0.311308 -0.425394 -0.892366 0.150740 0.350637 0.187732 -0.917502 0.242525 0.969952 -0.019341 
0.609369 -0.788627 0.082079 -0.836178 0.531751 0.134342 -0.478985 -0.827331 0.293424 -0.423928 -0.893122 0.150393 0.352030 0.181977 -0.918128 0.242139 0.970031 -0.020200 
0.952601 0.254747 -0.166299 0.611840 -0.787525 0.073871 -0.833182 0.536611 0.133627 -0.485200 -0.825301 0.288893 -0.423754 -0.893303 0.149805 -0.622254 0.782711 -0.012800 0.676382 0.509045 -0.532336 -0.582529 0.811999 0.036312 
0.616376 -0.785663 0.053040 -0.819949 0.556859 0.132636 -0.635378 0.771830 -0.023922 0.646532 0.534350 -0.544488 0.963742 0.228103 -0.138460 -0.498561 -0.808551 0.312541 -0.427156 -0.891808 0.149052 
0.623356 -0.781410 0.028731 -0.803194 0.580733 0.132771 -0.647066 0.762047 -0.024282 0.633361 0.559751 -0.534352 0.969156 0.210678 -0.127870 -0.510052 -0.785545 0.350381 -0.429387 -0.890932 0.147878 
-0.431311 -0.890199 0.146683 0.624185 -0.781094 0.016913 -0.652069 0.758102 -0.009342 0.671196 0.557522 -0.488533 0.966667 0.214090 -0.140430 -0.520249 -0.760064 0.389415 -0.784231 0.605711 0.134518 
-0.430890 -0.890579 0.145613 0.625816 -0.779718 0.019850 0.694176 0.531349 -0.485580 0.964880 0.220007 -0.143536 -0.527711 -0.737394 0.421629 -0.767973 0.626282 0.134121 -0.647794 0.755278 -0.099593 -0.651400 0.758734 0.000046 
-0.429936 -0.891090 0.145303 0.627661 -0.778082 0.025106 0.701415 0.516540 -0.491125 0.964385 0.221926 -0.143914 -0.527118 -0.722386 0.447554 -0.761034 0.635629 0.129624 -0.640667 0.758877 -0.116842 -0.651381 0.758751 0.000073 
-0.430061 -0.890974 0.145650 0.628556 -0.777162 0.030591 0.707344 0.506871 -0.492693 0.964333 0.221746 -0.144537 -0.524940 -0.711033 0.467836 -0.758130 0.640454 0.122713 -0.636202 0.760285 -0.131197 -0.651358 0.758770 0.000053 
-0.430678 -0.890584 0.146208 0.630026 -0.775625 0.038393 0.712131 0.500092 -0.492725 0.964423 0.220466 -0.145887 -0.523601 -0.700471 0.484955 -0.755915 0.644525 0.114806 -0.633399 0.760363 -0.143715 -0.651284 0.758834 0.000027 
-0.431855 -0.889923 0.146762 0.631014 -0.774157 0.050013 0.715667 0.494950 -0.492794 0.964516 0.218404 -0.148354 -0.523205 -0.688898 0.501674 -0.752721 0.649589 0.106979 -0.631373 0.760144 -0.153458 -0.651167 0.758934 -0.000000 
-0.433211 -0.889187 0.147227 0.631808 -0.772601 0.062504 0.718687 0.490738 -0.492610 0.964597 0.216151 -0.151102 -0.523141 -0.676846 0.517884 -0.748941 0.655103 0.099633 -0.629683 0.759831 -0.161726 -0.651096 0.758996 -0.000004 
-0.434411 -0.888535 0.147627 0.632632 -0.770949 0.073587 0.721451 0.486708 -0.492569 0.964657 0.214167 -0.153521 -0.522865 -0.665534 0.532613 -0.745468 0.660032 0.092932 -0.627942 0.759668 -0.169095 -0.651001 0.759077 -0.000028 
-0.435240 -0.888070 0.147979 0.633934 -0.769030 0.081979 0.724139 0.483050 -0.492225 0.964720 0.212572 -0.155334 -0.521754 -0.656277 0.545045 -0.743144 0.663399 0.087406 -0.626303 0.759425 -0.176120 -0.650976 0.759098 -0.000024 
-0.435733 -0.887782 0.148260 0.635441 -0.767161 0.087630 0.726237 0.480294 -0.491830 0.964758 0.211482 -0.156581 -0.520213 -0.649231 0.554867 -0.741811 0.665437 0.083125 -0.624972 0.759287 -0.181368 -0.650994 0.759083 -0.000022 
-0.436010 -0.887615 0.148443 0.636489 -0.765901 0.090985 0.727855 0.478197 -0.491482 0.964711 0.211092 -0.157392 -0.518803 -0.644228 0.561973 -0.741072 0.666634 0.080067 -0.623591 0.759712 -0.184314 -0.651042 0.759042 -0.000005 
-0.436105 -0.887554 0.148530 0.636837 -0.765462 0.092231 0.729005 0.476790 -0.491145 0.964702 0.210992 -0.157584 -0.517832 -0.641560 0.565907 -0.740767 0.667159 0.078507 -0.622765 0.759786 -0.186785 -0.651107 0.758986 -0.000012 
-0.436102 -0.887552 0.148545 0.636876 -0.765423 0.092287 0.729237 0.476527 -0.491055 0.964694 0.211030 -0.157580 -0.517779 -0.641342 0.566202 -0.740720 0.667224 0.078394 -0.622569 0.759851 -0.187176 -0.651135 0.758962 -0.000018 
-0.436042 -0.887583 0.148540 0.636659 -0.765693 0.091540 0.729105 0.476661 -0.491122 0.964636 0.211370 -0.157480 -0.518364 -0.643113 0.563652 -0.741062 0.666747 0.079223 -0.622362 0.760303 -0.186023 -0.651174 0.758928 -0.000023 
-0.435910 -0.887660 0.148469 0.636287 -0.766181 0.090030 0.728840 0.477025 -0.491160 0.964621 0.211714 -0.157109 -0.519349 -0.646353 0.559020 -0.741614 0.665922 0.080967 -0.622461 0.760442 -0.185122 -0.651200 0.758906 -0.000027 
-0.435676 -0.887795 0.148343 0.636084 -0.766630 0.087606 0.728452 0.477565 -0.491213 0.964602 0.212227 -0.156532 -0.520607 -0.650728 0.552740 -0.742307 0.664833 0.083533 -0.622607 0.760646 -0.183789 -0.651234 0.758877 -0.000030 
-0.435309 -0.888005 0.148169 0.636350 -0.766799 0.084137 0.727924 0.478202 -0.491376 0.964532 0.213080 -0.155803 -0.522027 -0.655890 0.545249 -0.743128 0.663512 0.086678 -0.622536 0.761293 -0.181334 -0.651287 0.758831 -0.000033 
-0.434895 -0.888239 0.147978 0.636742 -0.766911 0.080042 0.727439 0.479181 -0.491140 0.964473 0.213985 -0.154926 -0.523005 -0.661910 0.536974 -0.744465 0.661522 0.090337 -0.622615 0.761800 -0.178914 -0.651424 0.758714 -0.000014 
-0.434397 -0.888519 0.147761 0.637227 -0.766910 0.076099 0.726692 0.480264 -0.491189 0.964345 0.215117 -0.154152 -0.523629 -0.668374 0.528289 -0.746209 0.659022 0.094134 -0.622648 0.762547 -0.175587 -0.651524 0.758628 -0.000008 
-0.433870 -0.888810 0.147555 0.637508 -0.767014 0.072624 0.725696 0.481663 -0.491291 0.964248 0.216074 -0.153424 -0.524117 -0.674640 0.519771 -0.748052 0.656411 0.097686 -0.623188 0.762763 -0.172712 -0.651568 0.758590 -0.000012 
-0.433278 -0.889135 0.147344 0.637856 -0.767012 0.069515 0.724683 0.483180 -0.491295 0.964087 0.217222 -0.152808 -0.524608 -0.680257 0.511896 -0.749748 0.654010 0.100740 -0.623737 0.763002 -0.169645 -0.651636 0.758532 -0.000010 
-0.432596 -0.889504 0.147116 0.638384 -0.766789 0.067090 0.723689 0.484583 -0.491378 0.963865 0.218541 -0.152332 -0.525187 -0.685046 0.504867 -0.751198 0.651960 0.103202 -0.624330 0.763115 -0.166932 -0.651672 0.758501 -0.000014 
-0.431842 -0.889910 0.146877 0.639020 -0.766401 0.065448 0.722872 0.485736 -0.491444 0.963568 0.220065 -0.152016 -0.525739 -0.689309 0.498449 -0.752572 0.650055 0.105186 -0.624828 0.763183 -0.164745 -0.651705 0.758473 -0.000017 
-0.431027 -0.890345 0.146635 0.639700 -0.765931 0.064295 0.722250 0.486611 -0.491492 0.963217 0.221751 -0.151785 -0.526244 -0.693200 0.492485 -0.753920 0.648225 0.106811 -0.625213 0.763217 -0.163119 -0.651736 0.758446 -0.000021 
-0.430161 -0.890804 0.146388 0.640447 -0.765399 0.063184 0.721734 0.487340 -0.491528 0.962842 0.223534 -0.151552 -0.526662 -0.696740 0.487012 -0.755191 0.646505 0.108251 -0.625536 0.763242 -0.161760 -0.651764 0.758422 -0.000023 
-0.429298 -0.891260 0.146147 0.641155 -0.764907 0.061941 0.721085 0.488059 -0.491767 0.962468 0.225306 -0.151302 -0.527012 -0.700185 0.481664 -0.756446 0.644797 0.109662 -0.625845 0.763342 -0.160086 -0.651747 0.758437 -0.000043 
-0.428445 -0.891708 0.145917 0.641852 -0.764435 0.060544 0.720400 0.489027 -0.491810 0.962107 0.227022 -0.151033 -0.527399 -0.703572 0.476273 -0.757669 0.643121 0.111051 -0.626265 0.763368 -0.158307 -0.651774 0.758413 -0.000044 
-0.427594 -0.892153 0.145689 0.642615 -0.763922 0.058898 0.719700 0.490021 -0.491846 0.961762 0.228693 -0.150712 -0.527730 -0.706888 0.470968 -0.758864 0.641464 0.112472 -0.626694 0.763396 -0.156464 -0.651801 0.758390 -0.000044 
-0.426769 -0.892585 0.145463 0.643401 -0.763399 0.057075 0.718993 0.491024 -0.491879 0.961437 0.230291 -0.150351 -0.528026 -0.710117 0.465750 -0.759995 0.639859 0.113963 -0.627120 0.763429 -0.154581 -0.651827 0.758368 -0.000044 
-0.425985 -0.892996 0.145240 0.644142 -0.762910 0.055214 0.718287 0.492025 -0.491910 0.961130 0.231809 -0.149981 -0.528306 -0.713246 0.460622 -0.761052 0.638323 0.115515 -0.627537 0.763470 -0.152680 -0.651852 0.758346 -0.000044 
-0.425245 -0.893384 0.145022 0.644804 -0.762477 0.053447 0.717584 0.493024 -0.491936 0.960834 0.233255 -0.149633 -0.528581 -0.716256 0.455609 -0.762045 0.636852 0.117080 -0.627947 0.763510 -0.150781 -0.651877 0.758325 -0.000044 
-0.424542 -0.893753 0.144811 0.645400 -0.762083 0.051854 0.716892 0.494005 -0.491961 0.960542 0.234650 -0.149326 -0.528835 -0.719134 0.450755 -0.762995 0.635432 0.118597 -0.628349 0.763546 -0.148915 -0.651900 0.758305 -0.000044 
-0.423861 -0.894109 0.144610 0.645971 -0.761694 0.050426 0.716223 0.494956 -0.491979 0.960252 0.236005 -0.149057 -0.529073 -0.721863 0.446090 -0.763911 0.634063 0.120018 -0.628740 0.763572 -0.147117 -0.651923 0.758285 -0.000044 
-0.423197 -0.894454 0.144420 0.646543 -0.761294 0.049132 0.715580 0.495866 -0.491998 0.959963 0.237325 -0.148820 -0.529288 -0.724437 0.441640 -0.764804 0.632737 0.121321 -0.629115 0.763590 -0.145413 -0.651945 0.758267 -0.000044 
-0.422552 -0.894787 0.144240 0.647114 -0.760885 0.047936 0.714976 0.496723 -0.492011 0.959679 0.238607 -0.148603 -0.529467 -0.726874 0.437401 -0.765674 0.631455 0.122507 -0.629472 0.763599 -0.143813 -0.651965 0.758249 -0.000044 
-0.421931 -0.895108 0.144071 0.647673 -0.760479 0.046808 0.714408 0.497530 -0.492022 0.959404 0.239839 -0.148397 -0.529625 -0.729166 0.433376 -0.766519 0.630216 0.123597 -0.629808 0.763603 -0.142313 -0.651985 0.758232 -0.000043 
-0.421341 -0.895411 0.143911 0.648207 -0.760090 0.045722 0.713869 0.498293 -0.492032 0.959141 0.241010 -0.148196 -0.529758 -0.731330 0.429550 -0.767327 0.629031 0.124616 -0.630123 0.763604 -0.140901 -0.652003 0.758216 -0.000043 
-0.420787 -0.895696 0.143761 0.648705 -0.759728 0.044668 0.713359 0.499015 -0.492040 0.958895 0.242110 -0.147999 -0.529879 -0.733365 0.425915 -0.768088 0.627908 0.125587 -0.630422 0.763603 -0.139565 -0.652021 0.758201 -0.000043 
-0.420271 -0.895961 0.143619 0.649164 -0.759395 0.043643 0.712884 0.499692 -0.492042 0.958665 0.243135 -0.147804 -0.529992 -0.735271 0.422474 -0.768797 0.626852 0.126523 -0.630702 0.763603 -0.138297 -0.652037 0.758187 -0.000043 
-0.419794 -0.896206 0.143485 0.649585 -0.759092 0.042657 0.712429 0.500335 -0.492047 0.958453 0.244084 -0.147616 -0.530091 -0.737054 0.419231 -0.769450 0.625868 0.127423 -0.630961 0.763605 -0.137097 -0.652052 0.758174 -0.000042 
-0.419353 -0.896432 0.143360 0.649970 -0.758814 0.041721 0.712005 0.500937 -0.492048 0.958257 0.244962 -0.147436 -0.530185 -0.738709 0.416188 -0.770051 0.624952 0.128280 -0.631204 0.763606 -0.135965 -0.652067 0.758161 -0.000042 
-0.418944 -0.896642 0.143243 0.650326 -0.758556 0.040851 0.711608 0.501501 -0.492048 0.958074 0.245777 -0.147269 -0.530267 -0.740240 0.413354 -0.770605 0.624104 0.129082 -0.631430 0.763607 -0.134906 -0.652080 0.758150 -0.000041 
-0.418564 -0.896837 0.143134 0.650659 -0.758313 0.040061 0.711240 0.502023 -0.492047 0.957901 0.246539 -0.147118 -0.530346 -0.741649 0.410719 -0.771119 0.623316 0.129819 -0.631641 0.763606 -0.133922 -0.652093 0.758139 -0.000041 
-0.418214 -0.897016 0.143036 0.650959 -0.758093 0.039338 0.710891 0.502517 -0.492048 0.957742 0.247241 -0.146980 -0.530399 -0.742977 0.408244 -0.771624 0.622550 0.130495 -0.631838 0.763603 -0.133009 -0.652104 0.758129 -0.000041 
-0.417905 -0.897173 0.142952 0.651177 -0.757941 0.038642 0.710562 0.502985 -0.492045 0.957601 0.247864 -0.146844 -0.530408 -0.744288 0.405835 -0.772149 0.621763 0.131135 -0.632028 0.763597 -0.132140 -0.652116 0.758120 -0.000040 
-0.417646 -0.897305 0.142881 0.651311 -0.757860 0.037966 0.710218 0.503471 -0.492044 0.957484 0.248392 -0.146716 -0.530391 -0.745586 0.403468 -0.772679 0.620971 0.131767 -0.632226 0.763589 -0.131233 -0.652127 0.758110 -0.000040 
-0.417432 -0.897415 0.142818 0.651393 -0.757821 0.037328 0.709823 0.504031 -0.492041 0.957387 0.248831 -0.146606 -0.530375 -0.746831 0.401181 -0.773177 0.620214 0.132408 -0.632452 0.763579 -0.130197 -0.652137 0.758101 -0.000040 
-0.417263 -0.897502 0.142764 0.651422 -0.757826 0.036718 0.709392 0.504642 -0.492036 0.957311 0.249180 -0.146510 -0.530358 -0.748011 0.398999 -0.773639 0.619500 0.133051 -0.632700 0.763566 -0.129065 -0.652147 0.758092 -0.000039 
-0.417142 -0.897565 0.142719 0.651387 -0.757886 0.036116 0.708927 0.505303 -0.492029 0.957258 0.249434 -0.146423 -0.530330 -0.749131 0.396928 -0.774070 0.618823 0.133692 -0.632968 0.763551 -0.127835 -0.652156 0.758084 -0.000039 
-0.417059 -0.897610 0.142681 0.651318 -0.757971 0.035549 0.708443 0.505985 -0.492024 0.957224 0.249611 -0.146347 -0.530316 -0.750161 0.394998 -0.774449 0.618213 0.134320 -0.633241 0.763535 -0.126572 -0.652165 0.758077 -0.000039 
-0.417000 -0.897643 0.142647 0.651243 -0.758058 0.035068 0.707998 0.506616 -0.492015 0.957198 0.249742 -0.146289 -0.530318 -0.751070 0.393265 -0.774766 0.617685 0.134914 -0.633491 0.763521 -0.125401 -0.652173 0.758071 -0.000039 
-0.416960 -0.897666 0.142619 0.651149 -0.758156 0.034689 0.707600 0.507182 -0.492005 0.957178 0.249842 -0.146250 -0.530321 -0.751871 0.391726 -0.775037 0.617229 0.135444 -0.633719 0.763506 -0.124335 -0.652179 0.758065 -0.000038 
-0.416933 -0.897682 0.142596 0.651046 -0.758259 0.034392 0.707223 0.507711 -0.492001 0.957161 0.249920 -0.146226 -0.530308 -0.752595 0.390350 -0.775301 0.616798 0.135900 -0.633928 0.763489 -0.123369 -0.652185 0.758060 -0.000038 
-0.416916 -0.897692 0.142584 0.650954 -0.758350 0.034117 0.706900 0.508172 -0.491990 0.957152 0.249970 -0.146201 -0.530249 -0.753322 0.389026 -0.775613 0.616320 0.136289 -0.634117 0.763469 -0.122520 -0.652191 0.758055 -0.000038 
-0.416883 -0.897709 0.142570 0.650941 -0.758371 0.033902 0.706612 0.508550 -0.492013 0.957112 0.250110 -0.146223 -0.530153 -0.754043 0.387760 -0.775951 0.615819 0.136626 -0.634132 0.763633 -0.121416 -0.652193 0.758053 -0.000038 
-0.416834 -0.897733 0.142566 0.650808 -0.758501 0.033545 0.706399 0.508821 -0.492039 0.957072 0.250279 -0.146196 -0.530043 -0.754747 0.386537 -0.776306 0.615306 0.136922 -0.634106 0.763798 -0.120511 -0.652196 0.758051 -0.000038 
-0.416795 -0.897752 0.142561 0.650777 -0.758544 0.033152 0.706198 0.509106 -0.492033 0.957065 0.250347 -0.146127 -0.529912 -0.755507 0.385230 -0.776675 0.614760 0.137281 -0.634215 0.763790 -0.119981 -0.652202 0.758046 -0.000038 
-0.416769 -0.897765 0.142553 0.650742 -0.758589 0.032841 0.705964 0.509436 -0.492027 0.957058 0.250401 -0.146082 -0.529747 -0.756357 0.383787 -0.777088 0.614142 0.137711 -0.634343 0.763781 -0.119361 -0.652208 0.758040 -0.000038 
-0.416752 -0.897774 0.142547 0.650686 -0.758647 0.032587 0.705739 0.509757 -0.492017 0.957051 0.250446 -0.146050 -0.529562 -0.757270 0.382238 -0.777532 0.613475 0.138176 -0.634469 0.763772 -0.118747 -0.652215 0.758034 -0.000037 
-0.416736 -0.897783 0.142540 0.650631 -0.758705 0.032337 0.705545 0.510032 -0.492010 0.957044 0.250494 -0.146012 -0.529368 -0.758223 0.380614 -0.777996 0.612778 0.138659 -0.634572 0.763768 -0.118224 -0.652222 0.758028 -0.000037 
-0.416718 -0.897792 0.142532 0.650579 -0.758761 0.032067 0.705364 0.510288 -0.492004 0.957038 0.250546 -0.145965 -0.529175 -0.759191 0.378948 -0.778471 0.612062 0.139151 -0.634665 0.763765 -0.117743 -0.652230 0.758021 -0.000037 
-0.416696 -0.897804 0.142524 0.650532 -0.758814 0.031767 0.705192 0.510531 -0.491998 0.957031 0.250604 -0.145909 -0.528968 -0.760176 0.377260 -0.778949 0.611339 0.139651 -0.634754 0.763763 -0.117278 -0.652238 0.758015 -0.000037 
-0.416670 -0.897817 0.142514 0.650487 -0.758867 0.031430 0.705025 0.510769 -0.491991 0.957024 0.250668 -0.145842 -0.528762 -0.761160 0.375562 -0.779430 0.610610 0.140158 -0.634840 0.763762 -0.116818 -0.652245 0.758008 -0.000037 
-0.416640 -0.897833 0.142503 0.650435 -0.758927 0.031055 0.704860 0.511002 -0.491985 0.957017 0.250740 -0.145765 -0.528550 -0.762144 0.373861 -0.779908 0.609882 0.140668 -0.634923 0.763762 -0.116359 -0.652253 0.758001 -0.000036 
-0.416605 -0.897851 0.142491 0.650382 -0.758989 0.030645 0.704692 0.511241 -0.491977 0.957010 0.250818 -0.145679 -0.528344 -0.763118 0.372161 -0.780386 0.609152 0.141180 -0.635010 0.763761 -0.115897 -0.652261 0.757995 -0.000036 
-0.416571 -0.897869 0.142478 0.650316 -0.759062 0.030226 0.704523 0.511482 -0.491969 0.957002 0.250898 -0.145590 -0.528132 -0.764091 0.370461 -0.780861 0.608424 0.141693 -0.635096 0.763759 -0.115433 -0.652268 0.757988 -0.000036 
-0.416529 -0.897890 0.142468 0.650168 -0.759206 0.029801 0.704368 0.511670 -0.491995 0.956967 0.251068 -0.145527 -0.527933 -0.765039 0.368784 -0.781328 0.607710 0.142177 -0.635038 0.763919 -0.114687 -0.652271 0.757986 -0.000036 
-0.416484 -0.897913 0.142457 0.650062 -0.759317 0.029290 0.704235 0.511861 -0.491987 0.956959 0.251168 -0.145407 -0.527707 -0.766014 0.367079 -0.781819 0.606963 0.142671 -0.635105 0.763920 -0.114313 -0.652279 0.757979 -0.000036 
-0.416444 -0.897934 0.142442 0.649986 -0.759400 0.028807 0.704063 0.512102 -0.491981 0.956951 0.251261 -0.145300 -0.527484 -0.766996 0.365347 -0.782293 0.606224 0.143212 -0.635187 0.763922 -0.113847 -0.652287 0.757972 -0.000035 
-0.416410 -0.897952 0.142425 0.649918 -0.759475 0.028372 0.703884 0.512361 -0.491969 0.956943 0.251345 -0.145209 -0.527267 -0.767959 0.363631 -0.782754 0.605500 0.143757 -0.635283 0.763918 -0.113332 -0.652294 0.757966 -0.000035 
-0.416383 -0.897967 0.142409 0.649840 -0.759555 0.027987 0.703686 0.512640 -0.491962 0.956935 0.251420 -0.145132 -0.527063 -0.768891 0.361954 -0.783202 0.604796 0.144278 -0.635382 0.763915 -0.112801 -0.652302 0.757959 -0.000035 
-0.416358 -0.897981 0.142396 0.649756 -0.759641 0.027623 0.703492 0.512915 -0.491953 0.956927 0.251492 -0.145059 -0.526872 -0.769781 0.360338 -0.783636 0.604117 0.144766 -0.635485 0.763907 -0.112274 -0.652309 0.757953 -0.000035 
-0.416334 -0.897994 0.142384 0.649665 -0.759731 0.027264 0.703300 0.513186 -0.491944 0.956920 0.251563 -0.144986 -0.526680 -0.770639 0.358782 -0.784059 0.603457 0.145224 -0.635584 0.763898 -0.111768 -0.652316 0.757947 -0.000034 
-0.416308 -0.898008 0.142373 0.649572 -0.759824 0.026907 0.703121 0.513440 -0.491936 0.956912 0.251633 -0.144913 -0.526485 -0.771471 0.357277 -0.784476 0.602810 0.145663 -0.635677 0.763891 -0.111289 -0.652322 0.757942 -0.000034 
-0.416281 -0.898021 0.142364 0.649479 -0.759916 0.026552 0.702961 0.513671 -0.491922 0.956905 0.251702 -0.144840 -0.526278 -0.772285 0.355820 -0.784885 0.602173 0.146091 -0.635765 0.763884 -0.110838 -0.652329 0.757936 -0.000034 
-0.416254 -0.898035 0.142356 0.649393 -0.760001 0.026205 0.702797 0.513898 -0.491920 0.956898 0.251768 -0.144769 -0.526067 -0.773078 0.354406 -0.785290 0.601543 0.146510 -0.635844 0.763879 -0.110415 -0.652335 0.757931 -0.000034 
-0.416227 -0.898049 0.142349 0.649315 -0.760080 0.025870 0.702646 0.514110 -0.491914 0.956892 0.251831 -0.144701 -0.525855 -0.773852 0.353030 -0.785689 0.600922 0.146920 -0.635919 0.763874 -0.110015 -0.652341 0.757925 -0.000033 
-0.416201 -0.898062 0.142342 0.649246 -0.760149 0.025552 0.702512 0.514303 -0.491904 0.956886 0.251891 -0.144636 -0.525642 -0.774604 0.351694 -0.786079 0.600313 0.147320 -0.635990 0.763869 -0.109637 -0.652347 0.757920 -0.000033 
-0.416177 -0.898074 0.142335 0.649182 -0.760214 0.025253 0.702379 0.514492 -0.491896 0.956881 0.251947 -0.144576 -0.525425 -0.775340 0.350395 -0.786462 0.599717 0.147709 -0.636057 0.763865 -0.109278 -0.652353 0.757915 -0.000033 
-0.416154 -0.898086 0.142329 0.649122 -0.760274 0.024970 0.702255 0.514667 -0.491890 0.956875 0.252000 -0.144518 -0.525209 -0.776056 0.349131 -0.786837 0.599131 0.148086 -0.636120 0.763861 -0.108937 -0.652358 0.757911 -0.000033 
-0.416133 -0.898096 0.142324 0.649062 -0.760334 0.024703 0.702137 0.514836 -0.491882 0.956870 0.252050 -0.144463 -0.524993 -0.776754 0.347903 -0.787207 0.598554 0.148454 -0.636180 0.763857 -0.108614 -0.652364 0.757906 -0.000033 
-0.416114 -0.898106 0.142319 0.649002 -0.760393 0.024451 0.702022 0.514997 -0.491877 0.956866 0.252098 -0.144412 -0.524779 -0.777436 0.346699 -0.787571 0.597986 0.148813 -0.636235 0.763855 -0.108306 -0.652369 0.757902 -0.000032 
