2.025000 -3212.628844 3135.137715 0.000000
2.050000 -3212.628844 3135.137715 0.000000
2.075000 -3212.628844 3135.137715 0.000000
2.100000 -3212.628844 3135.137715 0.000000
2.125000 -3212.628844 3135.137715 0.000000
2.150000 -3212.628844 3135.137715 0.000000
2.175000 -3212.628844 3135.137715 0.000000
2.200000 -3212.628844 3135.137715 0.000000
2.225000 -3212.628844 3135.137715 0.000000
2.250000 -3212.628844 3135.137715 0.000000
2.275000 -3212.628844 3135.137715 0.000000
2.300000 -3212.628844 3135.137715 0.000000
2.325000 -3212.628844 3135.137715 0.000000
2.350000 -3212.628844 3135.137715 0.000000
2.375000 -3212.628844 3135.137715 0.000000
2.400000 -3212.628844 3135.137715 0.000000
2.425000 -3212.628844 3135.137715 0.000000
2.450000 -3212.628844 3135.137715 0.000000
2.475000 -3212.628844 3135.137715 0.000000
2.500000 -3212.628844 3135.137715 0.000000
