0.432069 0.502697 0.005664 0.660143 -0.090817 0.004898 0.430691 -0.114115 0.004791 0.448933 0.032852 0.004992 0.882790 0.102982 0.002995 0.691387 -0.011431 0.004936 
0.431972 0.502684 0.005303 0.659981 -0.090949 0.004907 0.430783 -0.114221 0.004809 0.448840 0.032321 0.004925 0.883349 0.101063 0.003975 0.691363 -0.011555 0.004941 
0.431311 0.502404 0.005135 0.659694 -0.091172 0.004934 0.431274 -0.114892 0.004775 0.448673 0.031471 0.004862 0.884102 0.100366 0.004220 0.691184 -0.012340 0.004964 
0.431192 0.502400 0.005151 0.659295 -0.091460 0.004872 0.431825 -0.115572 0.004743 0.448445 0.030310 0.004843 0.884474 0.099130 0.004196 0.690940 -0.013470 0.004913 
0.431483 0.502570 0.005418 0.659911 -0.090934 0.004883 0.432593 -0.116402 0.004509 0.448314 0.029446 0.004724 0.884517 0.098746 0.003473 0.690687 -0.014911 0.004961 
0.432389 0.503143 0.005769 0.660197 -0.090756 0.004876 0.434009 -0.118144 0.004307 0.448176 0.028745 0.004635 0.884309 0.098410 0.002533 0.690429 -0.016209 0.004969 
0.434149 0.504147 0.006109 0.660271 -0.090728 0.004887 0.435441 -0.119794 0.004367 0.448062 0.028046 0.004752 0.883886 0.097809 0.001616 0.690257 -0.017189 0.004969 
0.436679 0.505741 0.006678 0.661217 -0.089928 0.004854 0.436537 -0.121021 0.004339 0.448077 0.027982 0.004854 0.882937 0.097517 0.000359 0.690154 -0.017779 0.004945 
0.438993 0.507171 0.007466 0.662249 -0.089085 0.004850 0.437983 -0.122687 0.004369 0.448149 0.028258 0.005026 0.882115 0.097152 -0.000767 0.690095 -0.018137 0.004934 
0.440818 0.508335 0.008635 0.663215 -0.087831 0.004567 0.437980 -0.122685 0.004587 0.448039 0.028803 0.005456 0.881396 0.096895 -0.001897 0.689874 -0.017969 0.004668 
0.442341 0.509246 0.010126 0.663679 -0.087752 0.004382 0.439432 -0.124645 0.004987 0.448200 0.029316 0.006050 0.880813 0.096748 -0.003128 0.689953 -0.017880 0.004455 
0.443214 0.509827 0.012154 0.665654 -0.086149 0.004434 0.440278 -0.125626 0.005404 0.448377 0.030151 0.006785 0.880305 0.096848 -0.004555 0.689908 -0.018200 0.004498 
0.444022 0.510382 0.014591 0.667962 -0.084284 0.004479 0.440718 -0.126136 0.006009 0.448575 0.031022 0.007772 0.879733 0.097075 -0.006233 0.689862 -0.018559 0.004536 
0.444874 0.510937 0.017412 0.670615 -0.082144 0.004520 0.440919 -0.126369 0.006774 0.448791 0.031909 0.008980 0.879102 0.097389 -0.008170 0.689806 -0.018997 0.004569 
0.445744 0.511396 0.020585 0.673605 -0.079734 0.004555 0.441080 -0.126556 0.007664 0.449019 0.032761 0.010374 0.878517 0.097767 -0.010344 0.689729 -0.019578 0.004598 
0.446625 0.511810 0.024210 0.676931 -0.077055 0.004585 0.441259 -0.126747 0.008677 0.449263 0.033614 0.011972 0.877879 0.098203 -0.012832 0.689619 -0.020354 0.004623 
0.447550 0.512306 0.028416 0.680511 -0.074179 0.004610 0.441397 -0.126650 0.009825 0.449472 0.034539 0.013806 0.877016 0.098620 -0.015717 0.689466 -0.021388 0.004643 
0.451247 0.517661 0.030792 0.695279 -0.080822 0.017322 0.436305 -0.123234 0.025454 0.454787 0.014970 0.025731 0.877264 0.096696 -0.018193 0.695932 -0.039254 0.016215 
0.462155 0.533070 0.032832 0.713753 -0.114839 0.029289 0.456478 -0.162042 0.034845 0.470458 -0.002623 0.033520 0.872655 0.097119 -0.024611 0.714138 -0.054595 0.026658 
0.482552 0.548376 0.030305 0.462241 -0.202384 0.037402 0.471349 -0.010703 0.035671 0.708124 -0.091981 0.024931 0.867970 0.089813 -0.028646 0.700980 -0.054223 0.023540 
0.515630 0.567399 0.028727 0.500488 -0.255224 0.041908 0.489011 -0.027287 0.039759 0.704490 -0.082675 0.026507 0.853585 0.085313 -0.037467 0.697668 -0.061666 0.025787 
0.539017 0.576545 0.025233 0.518631 -0.267024 0.025807 0.497455 -0.027949 0.027579 0.709010 -0.077978 0.013629 0.852046 0.091345 -0.046561 0.702424 -0.054800 0.013612 
0.573665 0.592476 0.028695 0.533951 -0.292736 0.017553 0.513677 -0.033903 0.024133 0.831714 0.089069 -0.058442 0.689536 -0.051771 0.005041 0.687186 -0.051417 0.004951 
0.602225 0.607494 0.039614 0.541950 -0.031625 0.020413 0.622332 -0.314517 0.007120 0.797230 0.093028 -0.072433 0.705643 -0.060336 0.004872 
0.602889 0.615253 0.046191 0.541512 -0.030066 0.017592 0.657095 -0.317171 0.004192 0.789987 0.100079 -0.080044 0.703904 -0.065246 0.004920 
0.593164 0.622156 0.055352 0.662337 -0.317616 0.004193 0.539512 -0.031354 0.020375 0.786518 0.111279 -0.085542 0.701378 -0.067558 0.005952 
0.585458 0.626693 0.065254 0.664091 -0.317847 0.003094 0.537602 -0.029868 0.023456 0.783205 0.118998 -0.086969 0.699371 -0.066147 0.006650 
0.582542 0.629031 0.075051 0.662650 -0.318208 0.002554 0.536520 -0.027422 0.027555 0.781551 0.124141 -0.085213 0.698398 -0.063141 0.008091 
0.583028 0.629258 0.083340 0.668739 -0.318648 0.002424 0.536561 -0.023578 0.030880 0.780040 0.125585 -0.081497 0.698561 -0.059678 0.009896 
0.583039 0.626429 0.088412 0.670027 -0.318743 0.002624 0.536465 -0.021801 0.034109 0.779360 0.123595 -0.077615 0.698672 -0.057155 0.011207 
0.581528 0.620448 0.089102 0.668662 -0.318646 0.002909 0.536048 -0.022590 0.036321 0.778141 0.117417 -0.075066 0.698341 -0.056727 0.011260 
0.580048 0.613613 0.086242 0.664018 -0.318377 0.003506 0.535447 -0.025855 0.038125 0.776189 0.109652 -0.074406 0.697660 -0.057831 0.010279 
0.576801 0.607949 0.081488 0.661400 -0.318329 0.004095 0.534347 -0.029580 0.038971 0.772786 0.103398 -0.076204 0.696275 -0.059824 0.008547 
0.571468 0.604248 0.075630 0.662261 -0.318458 0.004288 0.532785 -0.032723 0.038828 0.767492 0.099434 -0.080450 0.694227 -0.062265 0.006183 
0.571317 0.603573 0.068106 0.664454 -0.318581 0.004230 0.531456 -0.035040 0.038091 0.762542 0.095118 -0.084305 0.692495 -0.063290 0.003924 
0.585196 0.608503 0.066027 0.671343 -0.318935 0.003634 0.532584 -0.032066 0.039299 0.759385 0.099654 -0.084832 0.693603 -0.058761 0.004020 
0.590226 0.612985 0.067844 0.533193 -0.028718 0.041484 0.675743 -0.319091 0.003138 0.757134 0.105620 -0.086561 0.693878 -0.055553 0.004137 
0.593039 0.614819 0.070297 0.533875 -0.027209 0.044158 0.677902 -0.319167 0.002852 0.755383 0.108121 -0.087600 0.694026 -0.054065 0.004255 
0.594955 0.614774 0.073149 0.534693 -0.027158 0.047136 0.679119 -0.319210 0.002635 0.753766 0.108289 -0.088306 0.694114 -0.053988 0.004371 
0.596215 0.614565 0.076620 0.679747 -0.319233 0.002464 0.535765 -0.043435 0.041624 0.534801 0.089489 -0.029401 0.752015 0.108467 -0.089192 0.694183 -0.054217 0.004485 
0.600038 0.616153 0.080182 0.682932 -0.319433 0.001666 0.536430 -0.042955 0.044757 0.532341 0.092424 -0.026153 0.748204 0.110671 -0.090804 0.694065 -0.054365 0.004586 
0.605664 0.617350 0.082667 0.687265 -0.319587 0.000544 0.537261 -0.042541 0.047720 0.530322 0.095720 -0.023321 0.744857 0.113405 -0.092279 0.694161 -0.053991 0.004682 
0.612728 0.618044 0.083918 0.688625 -0.319633 -0.000145 0.538312 -0.042713 0.051385 0.528847 0.096885 -0.019687 0.742038 0.114020 -0.092790 0.694340 -0.052981 0.004776 
0.619438 0.618675 0.085324 0.687431 -0.319611 -0.000291 0.539698 -0.043199 0.055782 0.527691 0.097121 -0.015227 0.739256 0.113809 -0.093024 0.694542 -0.051880 0.004874 
0.627576 0.619911 0.086143 0.685446 -0.319563 -0.000160 0.541361 -0.044238 0.060576 0.525882 0.096307 -0.009929 0.735588 0.112038 -0.092912 0.694700 -0.051175 0.004973 
0.542974 -0.044660 0.065645 0.684630 -0.319570 -0.000450 0.630293 0.623115 0.091137 0.524633 0.098317 -0.005048 0.731481 0.114073 -0.095031 0.694249 -0.051750 0.005123 
0.544568 -0.044639 0.070418 0.689447 -0.319638 -0.003102 0.633180 0.627295 0.097898 0.522152 0.103749 -0.000217 0.725298 0.119330 -0.098324 0.693525 -0.053373 0.005188 
0.547089 -0.045804 0.075680 0.694880 -0.319774 -0.006075 0.637036 0.628515 0.104551 0.520498 0.107592 0.005942 0.719289 0.123281 -0.100648 0.693361 -0.055811 0.005303 
0.550376 -0.047239 0.082490 0.691875 -0.319837 -0.006268 0.639067 0.627197 0.112355 0.521454 0.109048 0.013580 0.715063 0.125943 -0.101904 0.693079 -0.057047 0.005368 
0.554877 -0.048045 0.090235 0.684845 -0.319715 -0.003844 0.640622 0.625892 0.120152 0.524498 0.105697 0.023036 0.712220 0.124107 -0.101659 0.693251 -0.056806 0.005516 
0.559912 -0.048523 0.097894 0.695331 -0.036401 0.016646 0.679322 -0.319557 -0.001353 0.644549 0.625106 0.127030 0.527318 0.101926 0.033248 
0.565408 -0.049435 0.104972 0.696278 -0.036768 0.016675 0.678359 -0.319277 -0.001013 0.651647 0.624763 0.132306 0.529370 0.100119 0.043088 
0.571228 -0.050837 0.111976 0.697071 -0.037317 0.016729 0.679105 -0.319267 -0.002174 0.660806 0.624456 0.136300 0.531497 0.099100 0.052734 
0.577825 -0.052535 0.119338 0.697673 -0.037806 0.016757 0.679267 -0.319215 -0.003362 0.670964 0.624112 0.139725 0.534243 0.097949 0.063016 
0.585294 -0.054897 0.126963 0.697881 -0.039083 0.016716 0.679471 -0.319164 -0.004684 0.679437 0.623247 0.144391 0.537560 0.095610 0.074381 
0.698357 -0.039861 0.016986 0.678089 -0.319196 -0.004322 0.687752 0.621221 0.151366 0.544193 0.092731 0.084577 0.593804 -0.076161 0.115743 0.594855 -0.048747 0.121649 
0.706477 0.618792 0.158363 0.571995 0.084814 0.068452 0.704605 -0.030415 0.022315 0.662669 -0.320277 0.020199 0.602818 -0.088590 0.130448 0.605339 -0.052738 0.135399 
0.716962 0.623401 0.201403 0.595854 0.095181 0.060629 0.655118 -0.323471 0.045572 0.613841 -0.093661 0.143679 0.617230 -0.051317 0.150162 0.733313 0.150740 -0.110573 0.710835 -0.030312 0.021454 
0.725096 0.627851 0.262208 0.605772 0.112912 0.078804 0.724073 -0.007052 0.056835 0.668227 -0.325356 0.045215 0.623556 -0.105212 0.149738 0.627886 -0.044598 0.162910 
0.735173 -0.002573 0.079736 0.687820 -0.324369 0.032585 0.730287 0.628154 0.333995 0.606375 0.129005 0.114146 0.632789 -0.113939 0.150663 0.637263 -0.037061 0.174616 
0.740558 0.000548 0.103765 0.700172 -0.320579 0.023912 0.730331 0.619488 0.412249 0.601656 0.140808 0.157133 0.636033 -0.124677 0.157644 0.640798 -0.032571 0.193938 
0.738709 0.002903 0.123638 0.703092 -0.307491 0.019029 0.726187 0.599863 0.481667 0.594835 0.138813 0.199996 0.635690 -0.125673 0.170283 0.640297 -0.033644 0.214324 
0.735173 0.001627 0.136362 0.706196 -0.288385 0.012994 0.721225 0.573476 0.532938 0.587535 0.121418 0.239366 0.635649 -0.122469 0.185561 0.639496 -0.041335 0.231067 
0.731344 -0.001219 0.142274 0.710704 -0.262719 0.005949 0.717232 0.544248 0.565782 0.581471 0.092437 0.273754 0.637255 -0.112351 0.204545 0.640038 -0.053772 0.242756 
0.643086 -0.082461 0.255678 0.723839 -0.003405 0.145822 0.708617 -0.234965 0.004681 0.711709 0.512293 0.587607 0.580339 0.061779 0.292026 
0.641060 -0.092862 0.260532 0.720243 -0.012468 0.150719 0.704998 -0.229811 0.009033 0.714184 0.486419 0.598244 0.582915 0.038020 0.300420 
1.227068 -0.244609 0.037170 0.644109 -0.109550 0.262904 1.283979 -0.035063 0.119483 1.387554 -0.381084 0.076324 0.724013 0.466079 0.605164 0.586303 0.023583 0.305404 
1.233680 -0.250500 0.033873 0.648552 -0.128543 0.258940 1.285728 -0.052264 0.115710 1.377161 -0.389388 0.077403 0.729833 0.442735 0.611061 0.590095 0.007674 0.303646 
1.238927 -0.250886 0.032152 0.651223 -0.143919 0.256681 1.287614 -0.067618 0.110859 1.371291 -0.391552 0.074450 0.733208 0.416492 0.617273 0.595975 -0.016428 0.301138 
1.245419 -0.251227 0.030397 0.656474 -0.155396 0.259518 1.292448 -0.078963 0.109645 1.372033 -0.391801 0.068031 0.745153 0.392379 0.631226 0.604818 -0.033205 0.304591 
1.251926 -0.251503 0.028553 0.761295 0.365887 0.659050 0.613168 -0.044855 0.317628 0.662966 -0.165163 0.267322 1.372793 -0.392437 0.061432 1.296887 -0.088334 0.112059 
1.257547 -0.251883 0.026681 0.777935 0.332809 0.698999 0.620628 -0.055135 0.336657 0.670049 -0.176320 0.277708 1.373300 -0.393543 0.054224 1.300322 -0.096524 0.117720 
1.260855 -0.251799 0.024859 0.788410 0.291962 0.750770 0.625463 -0.062996 0.360424 0.676229 -0.187037 0.289159 1.373178 -0.391780 0.043361 1.300327 -0.103651 0.125037 
0.682706 -0.193790 0.298133 1.263052 -0.251479 0.023467 0.765518 0.193538 0.673216 0.712344 0.098924 0.254349 1.369575 -0.391611 0.034213 1.301330 -0.109203 0.129664 
0.689633 -0.200747 0.302060 1.264757 -0.252174 0.022615 0.777427 0.180612 0.684376 0.719502 0.093558 0.265453 1.363523 -0.394503 0.028724 1.304736 -0.113972 0.129216 
1.265276 -0.254020 0.022357 0.696722 -0.197175 0.294597 0.696308 -0.198496 0.286333 0.786567 0.176086 0.678804 0.726540 0.083831 0.262884 1.356938 -0.398291 0.025271 1.309213 -0.118317 0.124399 
1.264393 -0.256953 0.022534 0.699605 -0.208882 0.291783 0.699231 -0.210173 0.284666 0.791669 0.176378 0.662160 0.730441 0.069635 0.251000 1.353312 -0.399672 0.021387 1.314167 -0.122748 0.116332 
0.699460 -0.226480 0.293269 1.263831 -0.259258 0.022483 0.650052 -0.103979 0.371984 0.831083 0.250530 0.751352 1.353010 -0.398596 0.017492 1.317844 -0.127493 0.107361 
0.699078 -0.228563 0.287287 1.265028 -0.259588 0.023106 0.651454 -0.110029 0.360435 0.830014 0.255544 0.731303 1.353426 -0.398037 0.017125 1.320710 -0.131143 0.101298 
0.697975 -0.229466 0.283349 1.264640 -0.260129 0.022875 0.650861 -0.112244 0.353468 0.826979 0.258512 0.721530 1.353915 -0.398276 0.016939 1.321005 -0.132184 0.098714 
0.697029 -0.229622 0.282863 1.263412 -0.260472 0.022850 0.648966 -0.111073 0.353525 0.824357 0.259641 0.722487 1.353840 -0.398984 0.017830 1.319756 -0.130937 0.099807 
0.696412 -0.228932 0.284821 1.262247 -0.260886 0.023098 0.646999 -0.107341 0.357329 0.822797 0.259782 0.730160 1.353807 -0.399914 0.019649 1.317698 -0.128926 0.103162 
0.695767 -0.227648 0.288258 1.261176 -0.261201 0.023410 0.644993 -0.102497 0.363321 0.821823 0.259244 0.740678 1.353681 -0.401106 0.021962 1.315579 -0.126386 0.107487 
1.260019 -0.261457 0.023697 0.694967 -0.216914 0.286995 0.693961 -0.221099 0.278424 0.643010 -0.097667 0.368827 0.820875 0.258753 0.750313 1.353470 -0.402099 0.024132 1.313596 -0.124083 0.111417 
1.258876 -0.261516 0.023936 0.692563 -0.213148 0.289849 0.690539 -0.221343 0.276313 0.641141 -0.093720 0.372176 0.819783 0.259291 0.755991 1.353170 -0.402821 0.025951 1.312066 -0.122328 0.114054 
1.258009 -0.261434 0.024103 0.690741 -0.211027 0.290439 0.688479 -0.220200 0.275713 0.639452 -0.091485 0.372802 0.818113 0.260676 0.757192 1.353004 -0.403354 0.027359 1.311007 -0.121298 0.115256 
1.257333 -0.261574 0.024206 0.689422 -0.210442 0.290114 0.687237 -0.219375 0.275722 0.637980 -0.090870 0.372432 0.816192 0.261688 0.756538 1.353056 -0.403814 0.028255 1.310241 -0.120882 0.115670 
1.256881 -0.261839 0.024282 0.688627 -0.211154 0.289144 0.686720 -0.219076 0.276046 0.636873 -0.091555 0.371218 0.814184 0.262069 0.754855 1.353107 -0.404260 0.028776 1.309753 -0.120942 0.115551 
1.308039 -0.120883 0.113895 1.244539 -1.158764 -0.071586 0.938422 -0.685049 0.066298 1.717274 -0.482476 0.013705 1.410238 -0.355803 0.008184 0.809464 0.265006 0.752732 0.636204 -0.086050 0.365919 0.686890 -0.215564 0.276092 0.688084 -0.210208 0.286102 
1.308604 -0.120660 0.110309 1.241668 -1.185752 -0.035243 0.943003 -0.685897 0.067201 1.669896 -0.453175 -0.039855 1.412436 -0.349961 0.006603 0.808278 0.277802 0.735361 0.636494 -0.083831 0.357417 0.687403 -0.211314 0.277906 0.687639 -0.209837 0.282684 
1.308770 -0.121841 0.105660 0.684719 -0.213715 0.282364 1.302274 -1.222197 0.000091 0.955448 -0.686197 0.067786 1.588157 -0.403156 -0.068640 1.415060 -0.340716 0.005237 0.804889 0.291831 0.715859 0.635650 -0.083196 0.346652 
1.309630 -0.122343 0.100842 0.683200 -0.209723 0.277845 1.445605 -1.245729 0.003324 0.984678 -0.685911 0.069738 1.542793 -0.378251 -0.090148 1.421290 -0.328726 0.005686 0.803404 0.306867 0.699575 0.634416 -0.078966 0.338498 
1.311866 -0.123064 0.096064 0.682787 -0.203060 0.276250 1.655887 -1.222392 0.001748 1.029865 -0.680204 0.069509 1.513434 -0.375454 -0.133170 1.427341 -0.309836 0.005847 0.808962 0.324176 0.686557 0.633753 -0.068880 0.337046 
1.314010 -0.123748 0.092055 0.682554 -0.195117 0.276965 1.772904 -1.182339 0.009952 1.058232 -0.673803 0.070186 1.518918 -0.386002 -0.166329 1.428537 -0.297849 0.006119 0.817890 0.339508 0.674103 0.634624 -0.057163 0.337701 
1.315529 -0.124252 0.088228 1.867658 -1.120346 0.022661 1.086406 -0.664015 0.070166 1.507306 -0.362767 -0.153176 1.428566 -0.287183 0.006225 0.823344 0.351560 0.662719 0.635121 -0.048644 0.335997 0.681540 -0.186293 0.266835 0.682247 -0.182789 0.272422 
1.316028 -0.124748 0.085255 1.937421 -1.055403 0.036055 1.109765 -0.653031 0.069948 0.827650 0.361694 0.651894 0.636004 -0.041383 0.332463 0.680423 -0.182948 0.265042 0.681540 -0.177842 0.271836 1.480537 -0.347621 -0.138595 1.426729 -0.278063 0.006331 
1.315941 -0.124602 0.083856 1.425181 -0.270289 0.006527 1.991295 -0.986382 0.048739 1.131579 -0.640788 0.069356 0.829774 0.368970 0.644265 0.636210 -0.036785 0.330906 0.679762 -0.179772 0.264362 0.681048 -0.174041 0.271622 
1.414536 -0.246613 0.303667 2.038761 -0.906855 0.062775 1.154554 -0.625887 0.068565 0.829353 0.373673 0.639311 0.635826 -0.034147 0.330119 0.679299 -0.177225 0.264258 0.680570 -0.171532 0.271505 
1.178817 -0.607489 0.067517 1.431788 -0.221678 0.300559 2.079721 -0.813152 0.080617 0.827307 0.376412 0.636030 0.634987 -0.032995 0.330131 0.679014 -0.174721 0.265466 0.680001 -0.170180 0.271766 
1.199996 -0.588789 0.066384 1.444647 -0.198712 0.298888 2.107051 -0.721299 0.099790 0.822654 0.376070 0.635165 0.633324 -0.034455 0.330575 0.678297 -0.174273 0.267065 0.678983 -0.170908 0.272327 
1.215021 -0.573889 0.065344 1.451379 -0.182101 0.299553 2.120472 -0.653452 0.114585 0.814992 0.372032 0.638128 0.630560 -0.038751 0.331883 0.677127 -0.175747 0.269219 0.677437 -0.173906 0.273107 
1.223580 -0.564804 0.064573 0.674717 -0.182329 0.277627 1.452825 -0.173310 0.302227 2.126743 -0.616035 0.122629 0.805208 0.365034 0.644493 0.626862 -0.045097 0.334088 
1.226860 -0.561508 0.064201 0.672651 -0.186961 0.278215 1.450980 -0.171547 0.306181 2.130509 -0.605432 0.124531 0.794926 0.356272 0.653370 0.623229 -0.051738 0.336173 
1.227432 -0.561798 0.063973 0.671524 -0.190712 0.278874 1.448638 -0.173692 0.310073 2.132176 -0.609681 0.124087 0.787831 0.348530 0.661622 0.621109 -0.056564 0.337722 
1.227990 -0.562393 0.063739 0.671490 -0.192634 0.279781 1.448084 -0.175675 0.312729 2.132102 -0.613578 0.124500 0.785710 0.343965 0.667082 0.620709 -0.058643 0.339294 
1.228852 -0.562818 0.063604 0.671957 -0.193290 0.280557 1.449083 -0.176935 0.314237 2.132484 -0.614678 0.125790 0.786728 0.341716 0.669729 0.621384 -0.059239 0.340370 
1.229860 -0.563243 0.063452 0.672687 -0.193509 0.281032 1.450636 -0.178035 0.314676 2.132654 -0.614232 0.127480 0.789077 0.340519 0.670471 0.622529 -0.059521 0.341082 
1.231016 -0.563611 0.063343 0.673528 -0.193507 0.281299 1.452525 -0.179023 0.314622 2.132903 -0.612329 0.130038 0.792051 0.339838 0.670173 0.623985 -0.059662 0.341303 
1.232094 -0.564000 0.063204 0.674382 -0.193480 0.281582 1.454427 -0.180001 0.314558 2.133128 -0.610398 0.132517 0.795244 0.339351 0.669738 0.625427 -0.059719 0.341616 
1.233078 -0.564352 0.063083 0.675099 -0.193684 0.281966 1.456050 -0.181075 0.314898 2.133248 -0.608721 0.134998 0.797822 0.338390 0.670169 0.626548 -0.059961 0.342281 
1.233877 -0.564687 0.062945 0.675599 -0.194186 0.282426 1.457189 -0.182286 0.315595 2.133154 -0.607840 0.136803 0.799398 0.336757 0.671648 0.627245 -0.060512 0.343239 
1.234543 -0.564970 0.062823 0.675927 -0.194815 0.282839 1.457994 -0.183350 0.316420 2.133327 -0.607175 0.138199 0.800300 0.334992 0.673285 0.627679 -0.061252 0.344107 
1.235083 -0.565173 0.062755 0.676086 -0.195421 0.283153 1.458607 -0.184133 0.317321 2.134151 -0.607138 0.139503 0.800699 0.333381 0.674709 0.627908 -0.062047 0.344758 
1.235484 -0.565300 0.062702 0.676181 -0.195916 0.283308 1.458987 -0.184685 0.317888 2.134683 -0.607059 0.140417 0.800867 0.332205 0.675601 0.628042 -0.062706 0.345119 
1.235707 -0.565361 0.062677 0.676219 -0.196203 0.283361 1.459184 -0.184972 0.318178 2.135033 -0.606962 0.140946 0.800914 0.331557 0.676029 0.628101 -0.063096 0.345268 
1.235769 -0.565373 0.062711 0.676196 -0.196242 0.283362 1.459300 -0.184975 0.318350 2.135577 -0.607343 0.141225 0.800891 0.331419 0.676077 0.628101 -0.063198 0.345268 
1.235696 -0.565336 0.062726 0.676158 -0.196173 0.283294 1.459222 -0.184849 0.318244 2.135583 -0.607485 0.141127 0.800799 0.331634 0.675844 0.628051 -0.063111 0.345148 
1.235530 -0.565283 0.062785 0.676047 -0.196040 0.283154 1.459071 -0.184557 0.318071 2.135878 -0.607899 0.140941 0.800553 0.332074 0.675329 0.627920 -0.062964 0.344888 
1.235308 -0.565174 0.062839 0.675912 -0.195853 0.282940 1.458804 -0.184169 0.317757 2.135955 -0.608286 0.140620 0.800202 0.332701 0.674608 0.627734 -0.062765 0.344540 
1.235011 -0.565070 0.062901 0.675767 -0.195580 0.282714 1.458521 -0.183666 0.317402 2.136263 -0.608858 0.140162 0.799839 0.333516 0.673754 0.627536 -0.062466 0.344146 
1.234701 -0.564937 0.063002 0.675591 -0.195198 0.282511 1.458269 -0.183067 0.317079 2.136778 -0.609311 0.139733 0.799481 0.334439 0.672859 0.627342 -0.062062 0.343717 
1.234391 -0.564773 0.063077 0.675450 -0.194830 0.282304 1.457950 -0.182464 0.316652 2.136849 -0.609449 0.139207 0.799131 0.335417 0.671965 0.627154 -0.061611 0.343295 
1.234053 -0.564649 0.063187 0.675265 -0.194424 0.282121 1.457679 -0.181835 0.316362 2.137464 -0.609931 0.138719 0.798743 0.336367 0.671101 0.626947 -0.061180 0.342882 
1.233748 -0.564498 0.063254 0.675115 -0.194111 0.281932 1.457334 -0.181285 0.315996 2.137528 -0.610123 0.138206 0.798338 0.337229 0.670321 0.626738 -0.060799 0.342502 
1.233483 -0.564359 0.063339 0.674974 -0.193830 0.281759 1.457046 -0.180760 0.315723 2.137736 -0.610432 0.137828 0.797951 0.338009 0.669617 0.626541 -0.060457 0.342156 
1.233233 -0.564238 0.063391 0.674849 -0.193586 0.281608 1.456757 -0.180321 0.315435 2.137786 -0.610599 0.137410 0.797606 0.338690 0.669002 0.626366 -0.060160 0.341853 
1.233024 -0.564148 0.063454 0.674736 -0.193370 0.281485 1.456547 -0.179935 0.315248 2.138037 -0.610879 0.137107 0.797315 0.339258 0.668488 0.626217 -0.059913 0.341600 
1.232829 -0.564100 0.063472 0.674654 -0.193218 0.281388 1.456352 -0.179660 0.315056 2.138184 -0.611041 0.136729 0.797089 0.339688 0.668098 0.626101 -0.059729 0.341407 
1.232717 -0.564046 0.063497 0.674598 -0.193110 0.281320 1.456221 -0.179465 0.314930 2.138205 -0.611117 0.136546 0.796930 0.339991 0.667824 0.626021 -0.059598 0.341272 
1.232649 -0.564013 0.063513 0.674563 -0.193044 0.281279 1.456140 -0.179345 0.314853 2.138218 -0.611164 0.136435 0.796833 0.340175 0.667657 0.625972 -0.059519 0.341190 
1.232624 -0.563999 0.063527 0.674547 -0.193015 0.281260 1.456115 -0.179287 0.314835 2.138264 -0.611220 0.136414 0.796791 0.340256 0.667583 0.625950 -0.059483 0.341153 
1.232621 -0.563997 0.063528 0.674546 -0.193011 0.281258 1.456111 -0.179280 0.314831 2.138264 -0.611222 0.136409 0.796786 0.340267 0.667573 0.625948 -0.059478 0.341148 
1.232620 -0.563996 0.063528 0.674545 -0.193010 0.281257 1.456110 -0.179278 0.314830 2.138265 -0.611221 0.136409 0.796784 0.340270 0.667570 0.625947 -0.059476 0.341147 
1.232624 -0.563995 0.063537 0.674544 -0.193008 0.281256 1.456121 -0.179267 0.314847 2.138316 -0.611267 0.136440 0.796782 0.340275 0.667566 0.625945 -0.059474 0.341145 
1.232622 -0.563994 0.063537 0.674543 -0.193006 0.281254 1.456119 -0.179263 0.314844 2.138317 -0.611270 0.136440 0.796780 0.340282 0.667559 0.625944 -0.059471 0.341141 
1.232618 -0.563992 0.063538 0.674542 -0.193001 0.281252 1.456116 -0.179257 0.314839 2.138316 -0.611285 0.136432 0.796777 0.340293 0.667548 0.625942 -0.059466 0.341137 
1.232609 -0.563988 0.063540 0.674538 -0.192991 0.281245 1.456108 -0.179241 0.314828 2.138317 -0.611305 0.136424 0.796769 0.340321 0.667522 0.625938 -0.059452 0.341125 
1.232582 -0.563993 0.063555 0.674525 -0.192962 0.281234 1.456109 -0.179198 0.314838 2.138471 -0.611453 0.136419 0.796751 0.340381 0.667466 0.625925 -0.059424 0.341100 
1.232544 -0.563991 0.063572 0.674509 -0.192921 0.281214 1.456100 -0.179136 0.314834 2.138620 -0.611642 0.136397 0.796722 0.340477 0.667377 0.625908 -0.059379 0.341058 
1.232502 -0.563970 0.063582 0.674492 -0.192869 0.281184 1.456062 -0.179059 0.314779 2.138620 -0.611757 0.136351 0.796683 0.340614 0.667248 0.625885 -0.059314 0.340998 
1.232443 -0.563940 0.063596 0.674468 -0.192797 0.281142 1.456008 -0.178953 0.314702 2.138620 -0.611910 0.136286 0.796628 0.340803 0.667071 0.625854 -0.059226 0.340914 
1.232368 -0.563901 0.063614 0.674437 -0.192706 0.281090 1.455940 -0.178817 0.314604 2.138620 -0.612099 0.136205 0.796559 0.341044 0.666844 0.625815 -0.059113 0.340808 
1.232278 -0.563855 0.063636 0.674400 -0.192595 0.281026 1.455858 -0.178653 0.314486 2.138619 -0.612340 0.136100 0.796476 0.341334 0.666571 0.625767 -0.058977 0.340680 
1.232175 -0.563802 0.063661 0.674358 -0.192469 0.280953 1.455764 -0.178466 0.314351 2.138618 -0.612604 0.135987 0.796380 0.341665 0.666258 0.625714 -0.058822 0.340533 
1.232062 -0.563744 0.063688 0.674311 -0.192334 0.280875 1.455658 -0.178263 0.314206 2.138619 -0.612874 0.135858 0.796270 0.342021 0.665924 0.625652 -0.058655 0.340376 
1.231942 -0.563685 0.063715 0.674258 -0.192199 0.280797 1.455538 -0.178050 0.314060 2.138626 -0.613102 0.135699 0.796139 0.342379 0.665593 0.625580 -0.058490 0.340222 
1.231817 -0.563624 0.063742 0.674201 -0.192069 0.280722 1.455404 -0.177833 0.313916 2.138638 -0.613274 0.135517 0.795987 0.342731 0.665275 0.625498 -0.058330 0.340074 
1.231691 -0.563564 0.063769 0.674140 -0.191945 0.280647 1.455262 -0.177615 0.313775 2.138654 -0.613413 0.135321 0.795822 0.343073 0.664966 0.625411 -0.058176 0.339928 
1.231567 -0.563504 0.063795 0.674078 -0.191824 0.280573 1.455119 -0.177400 0.313636 2.138672 -0.613531 0.135128 0.795653 0.343407 0.664662 0.625323 -0.058028 0.339782 
1.231445 -0.563446 0.063821 0.674019 -0.191707 0.280502 1.454981 -0.177192 0.313501 2.138689 -0.613652 0.134938 0.795490 0.343732 0.664368 0.625238 -0.057885 0.339641 
1.231330 -0.563391 0.063845 0.673963 -0.191593 0.280434 1.454851 -0.176993 0.313372 2.138703 -0.613778 0.134760 0.795338 0.344044 0.664086 0.625159 -0.057745 0.339509 
1.231223 -0.563339 0.063869 0.673912 -0.191485 0.280370 1.454732 -0.176808 0.313251 2.138715 -0.613905 0.134597 0.795201 0.344339 0.663820 0.625085 -0.057611 0.339385 
1.231124 -0.563291 0.063890 0.673866 -0.191384 0.280312 1.454625 -0.176637 0.313139 2.138725 -0.614030 0.134450 0.795078 0.344611 0.663575 0.625019 -0.057486 0.339273 
1.231035 -0.563248 0.063909 0.673825 -0.191292 0.280260 1.454530 -0.176483 0.313040 2.138734 -0.614148 0.134324 0.794970 0.344859 0.663353 0.624960 -0.057370 0.339169 
1.230956 -0.563210 0.063926 0.673791 -0.191207 0.280216 1.454449 -0.176345 0.312955 2.138739 -0.614271 0.134211 0.794880 0.345081 0.663163 0.624911 -0.057260 0.339079 
1.230885 -0.563176 0.063942 0.673761 -0.191131 0.280181 1.454379 -0.176225 0.312889 2.138742 -0.614411 0.134120 0.794803 0.345276 0.663008 0.624866 -0.057156 0.339010 
1.230821 -0.563147 0.063955 0.673733 -0.191067 0.280154 1.454316 -0.176124 0.312841 2.138739 -0.614577 0.134044 0.794733 0.345440 0.662885 0.624825 -0.057066 0.338955 
1.230761 -0.563119 0.063966 0.673708 -0.191009 0.280132 1.454262 -0.176037 0.312806 2.138735 -0.614742 0.133995 0.794674 0.345585 0.662787 0.624785 -0.056984 0.338914 
1.230707 -0.563093 0.063978 0.673690 -0.190952 0.280117 1.454228 -0.175962 0.312781 2.138726 -0.614912 0.133974 0.794649 0.345721 0.662706 0.624753 -0.056900 0.338893 
1.230665 -0.563073 0.063986 0.673678 -0.190905 0.280110 1.454205 -0.175905 0.312771 2.138715 -0.615089 0.133969 0.794637 0.345829 0.662654 0.624731 -0.056825 0.338883 
1.230631 -0.563059 0.063993 0.673670 -0.190866 0.280108 1.454191 -0.175863 0.312771 2.138702 -0.615274 0.133975 0.794633 0.345913 0.662625 0.624715 -0.056759 0.338881 
1.230604 -0.563047 0.063998 0.673665 -0.190834 0.280108 1.454182 -0.175831 0.312776 2.138688 -0.615466 0.133987 0.794633 0.345981 0.662606 0.624702 -0.056701 0.338883 
1.230572 -0.563054 0.064008 0.673658 -0.190813 0.280111 1.454179 -0.175809 0.312817 2.138767 -0.615782 0.134010 0.794620 0.346024 0.662611 0.624685 -0.056658 0.338893 
1.230555 -0.563049 0.064011 0.673657 -0.190792 0.280112 1.454177 -0.175792 0.312827 2.138754 -0.615945 0.134026 0.794623 0.346066 0.662607 0.624681 -0.056615 0.338890 
1.230542 -0.563045 0.064012 0.673656 -0.190778 0.280109 1.454173 -0.175781 0.312832 2.138739 -0.616118 0.134045 0.794623 0.346099 0.662593 0.624678 -0.056588 0.338884 
1.230528 -0.563041 0.064014 0.673654 -0.190764 0.280106 1.454169 -0.175771 0.312839 2.138723 -0.616301 0.134069 0.794622 0.346133 0.662580 0.624674 -0.056560 0.338876 
1.230512 -0.563036 0.064017 0.673653 -0.190743 0.280105 1.454167 -0.175754 0.312847 2.138706 -0.616491 0.134086 0.794626 0.346176 0.662569 0.624670 -0.056521 0.338872 
1.230491 -0.563029 0.064020 0.673652 -0.190716 0.280106 1.454163 -0.175728 0.312853 2.138692 -0.616674 0.134101 0.794632 0.346234 0.662553 0.624664 -0.056468 0.338870 
1.230465 -0.563019 0.064025 0.673649 -0.190682 0.280103 1.454157 -0.175693 0.312853 2.138678 -0.616850 0.134110 0.794636 0.346309 0.662525 0.624656 -0.056405 0.338863 
1.230434 -0.563005 0.064031 0.673644 -0.190641 0.280096 1.454145 -0.175647 0.312844 2.138666 -0.617026 0.134109 0.794634 0.346401 0.662480 0.624645 -0.056335 0.338848 
1.230399 -0.562989 0.064039 0.673637 -0.190594 0.280084 1.454128 -0.175590 0.312822 2.138656 -0.617192 0.134098 0.794626 0.346511 0.662413 0.624631 -0.056259 0.338823 
1.230358 -0.562969 0.064049 0.673625 -0.190543 0.280066 1.454103 -0.175523 0.312791 2.138647 -0.617350 0.134076 0.794606 0.346634 0.662327 0.624612 -0.056181 0.338787 
1.230312 -0.562946 0.064060 0.673611 -0.190486 0.280044 1.454072 -0.175447 0.312751 2.138639 -0.617509 0.134046 0.794578 0.346773 0.662226 0.624590 -0.056098 0.338742 
1.230262 -0.562921 0.064072 0.673595 -0.190424 0.280018 1.454037 -0.175362 0.312706 2.138630 -0.617683 0.134012 0.794547 0.346927 0.662112 0.624565 -0.056006 0.338690 
1.230209 -0.562894 0.064084 0.673579 -0.190355 0.279991 1.454003 -0.175271 0.312656 2.138622 -0.617861 0.133974 0.794519 0.347093 0.661985 0.624541 -0.055908 0.338636 
1.230156 -0.562867 0.064097 0.673563 -0.190285 0.279963 1.453966 -0.175177 0.312600 2.138614 -0.618033 0.133928 0.794489 0.347265 0.661848 0.624517 -0.055808 0.338578 
1.230102 -0.562840 0.064110 0.673544 -0.190216 0.279933 1.453925 -0.175082 0.312543 2.138607 -0.618200 0.133877 0.794451 0.347435 0.661709 0.624491 -0.055713 0.338516 
1.230049 -0.562813 0.064123 0.673524 -0.190151 0.279900 1.453880 -0.174990 0.312484 2.138600 -0.618360 0.133823 0.794405 0.347599 0.661570 0.624463 -0.055626 0.338450 
1.229997 -0.562786 0.064135 0.673503 -0.190088 0.279868 1.453835 -0.174900 0.312426 2.138594 -0.618519 0.133769 0.794357 0.347758 0.661434 0.624435 -0.055543 0.338385 
1.229946 -0.562760 0.064148 0.673483 -0.190025 0.279838 1.453793 -0.174812 0.312372 2.138587 -0.618676 0.133717 0.794312 0.347913 0.661306 0.624407 -0.055458 0.338324 
1.229888 -0.562745 0.064165 0.673462 -0.189967 0.279812 1.453757 -0.174729 0.312345 2.138651 -0.618909 0.133675 0.794261 0.348054 0.661201 0.624377 -0.055376 0.338272 
1.229842 -0.562721 0.064176 0.673442 -0.189915 0.279789 1.453716 -0.174653 0.312306 2.138645 -0.619052 0.133627 0.794211 0.348183 0.661109 0.624348 -0.055302 0.338222 
1.229800 -0.562699 0.064186 0.673428 -0.189859 0.279766 1.453684 -0.174578 0.312260 2.138639 -0.619181 0.133584 0.794183 0.348319 0.660998 0.624328 -0.055224 0.338176 
1.229760 -0.562679 0.064196 0.673415 -0.189806 0.279743 1.453655 -0.174506 0.312215 2.138634 -0.619302 0.133545 0.794158 0.348448 0.660888 0.624310 -0.055152 0.338129 
1.229722 -0.562659 0.064205 0.673402 -0.189755 0.279722 1.453626 -0.174437 0.312173 2.138628 -0.619424 0.133504 0.794133 0.348571 0.660788 0.624292 -0.055081 0.338085 
1.229683 -0.562640 0.064214 0.673389 -0.189707 0.279704 1.453597 -0.174371 0.312137 2.138623 -0.619543 0.133464 0.794103 0.348687 0.660702 0.624272 -0.055012 0.338046 
1.229645 -0.562620 0.064224 0.673375 -0.189661 0.279686 1.453567 -0.174307 0.312104 2.138618 -0.619659 0.133426 0.794070 0.348797 0.660624 0.624251 -0.054945 0.338008 
1.229608 -0.562601 0.064233 0.673360 -0.189617 0.279668 1.453537 -0.174244 0.312072 2.138612 -0.619773 0.133389 0.794036 0.348904 0.660548 0.624230 -0.054880 0.337972 
1.229571 -0.562582 0.064241 0.673346 -0.189572 0.279650 1.453507 -0.174182 0.312039 2.138607 -0.619885 0.133353 0.794004 0.349013 0.660469 0.624209 -0.054815 0.337935 
1.229523 -0.562572 0.064254 0.673318 -0.189551 0.279647 1.453457 -0.174139 0.312065 2.138658 -0.620089 0.133309 0.793904 0.349060 0.660498 0.624159 -0.054775 0.337932 
1.229485 -0.562553 0.064263 0.673302 -0.189510 0.279633 1.453427 -0.174079 0.312044 2.138652 -0.620209 0.133269 0.793864 0.349157 0.660446 0.624136 -0.054709 0.337898 
1.229450 -0.562535 0.064271 0.673290 -0.189464 0.279611 1.453399 -0.174016 0.312001 2.138646 -0.620318 0.133233 0.793839 0.349271 0.660343 0.624119 -0.054650 0.337857 
1.229408 -0.562528 0.064281 0.673268 -0.189437 0.279601 1.453353 -0.173969 0.311999 2.138691 -0.620500 0.133183 0.793768 0.349341 0.660305 0.624081 -0.054618 0.337846 
1.229369 -0.562509 0.064291 0.673251 -0.189397 0.279601 1.453320 -0.173912 0.312003 2.138689 -0.620603 0.133141 0.793713 0.349419 0.660313 0.624055 -0.054544 0.337825 
1.229335 -0.562491 0.064299 0.673241 -0.189349 0.279583 1.453296 -0.173848 0.311963 2.138684 -0.620709 0.133106 0.793696 0.349535 0.660218 0.624037 -0.054478 0.337796 
1.229301 -0.562474 0.064307 0.673228 -0.189308 0.279559 1.453266 -0.173789 0.311920 2.138678 -0.620810 0.133072 0.793667 0.349642 0.660115 0.624021 -0.054427 0.337748 
1.229269 -0.562457 0.064315 0.673215 -0.189267 0.279537 1.453237 -0.173731 0.311878 2.138674 -0.620904 0.133036 0.793638 0.349745 0.660018 0.624004 -0.054378 0.337702 
1.229236 -0.562441 0.064322 0.673203 -0.189224 0.279521 1.453208 -0.173672 0.311842 2.138672 -0.620984 0.132996 0.793611 0.349848 0.659933 0.623988 -0.054326 0.337665 
1.229204 -0.562425 0.064330 0.673194 -0.189176 0.279513 1.453181 -0.173608 0.311812 2.138673 -0.621051 0.132953 0.793588 0.349955 0.659861 0.623975 -0.054266 0.337637 
1.229171 -0.562409 0.064337 0.673187 -0.189119 0.279514 1.453159 -0.173541 0.311790 2.138676 -0.621115 0.132906 0.793573 0.350067 0.659807 0.623965 -0.054192 0.337618 
