-0.459084 -0.081969 0.005249 0.530874 -0.083511 0.005495 0.322888 -0.020780 0.004646 -0.311258 0.073032 0.005047 -0.359052 -0.177035 0.004923 0.489054 -0.213668 0.005591 
-0.459125 -0.081922 0.005260 0.531336 -0.083530 0.004964 0.323353 -0.020788 0.004679 -0.311271 0.073052 0.005067 -0.359110 -0.177006 0.004920 0.489510 -0.213685 0.005053 
-0.459466 -0.081704 0.005236 0.532923 -0.083513 0.004960 0.324935 -0.020788 0.004715 -0.311450 0.073115 0.005084 -0.359551 -0.176893 0.004915 0.491108 -0.213671 0.005029 
-0.460078 -0.081250 0.005228 0.534778 -0.083211 0.004975 0.326704 -0.020771 0.004753 -0.311675 0.073198 0.005105 -0.360402 -0.176689 0.004942 0.493141 -0.213427 0.005002 
-0.460608 -0.080885 0.005264 0.536601 -0.082715 0.004996 0.328361 -0.020828 0.004774 -0.311762 0.073136 0.005163 -0.361206 -0.176610 0.004960 0.495310 -0.213041 0.005029 
-0.461157 -0.080043 0.005230 0.537509 -0.083597 0.004989 0.329262 -0.021734 0.004745 -0.311635 0.073323 0.005157 -0.362177 -0.176203 0.004980 0.496232 -0.213928 0.005026 
-0.461642 -0.079539 0.005187 0.538318 -0.083701 0.005041 0.330013 -0.022033 0.004831 -0.311555 0.073273 0.005152 -0.363018 -0.176065 0.004966 0.497164 -0.214071 0.005020 
-0.462151 -0.078526 0.004994 0.538862 -0.086251 0.005184 0.330679 -0.024174 0.004912 -0.311190 0.073422 0.004993 -0.364082 -0.175616 0.004989 0.497451 -0.216539 0.005209 
-0.462606 -0.080056 0.005522 0.539783 -0.087763 0.005083 0.331511 -0.025986 0.004837 -0.311924 0.072170 0.005385 -0.364360 -0.176965 0.005043 0.498561 -0.218110 0.005337 
-0.462523 -0.082153 0.005104 0.540746 -0.090033 0.005204 0.332401 -0.028500 0.004955 -0.311598 0.069832 0.005077 -0.364430 -0.179219 0.004984 0.499676 -0.220429 0.005323 
-0.462622 -0.082859 0.005357 0.542262 -0.092477 0.005449 0.333852 -0.031169 0.004779 -0.311421 0.068852 0.005332 -0.364706 -0.180102 0.005000 0.501332 -0.222915 0.006003 
-0.463150 -0.083611 0.005909 0.543407 -0.097616 0.006022 0.335034 -0.036191 0.004941 -0.311280 0.067427 0.005218 -0.365670 -0.181288 0.004962 0.502400 -0.228024 0.007395 
-0.463270 -0.086919 0.007734 0.544077 -0.099627 0.004995 0.335893 -0.037552 0.004937 -0.311252 0.063956 0.005458 -0.365894 -0.184701 0.006858 0.502668 -0.229916 0.005242 
-0.462611 -0.089159 0.005048 0.555387 -0.114219 0.018406 0.347347 -0.052561 0.007852 -0.310454 0.061592 0.004991 -0.365312 -0.187020 0.004962 0.513999 -0.244434 0.022995 
-0.464676 -0.094325 0.009845 0.552758 -0.127536 0.013980 0.345792 -0.062169 0.004689 -0.312231 0.056073 0.005561 -0.367594 -0.192400 0.009226 0.509095 -0.257015 0.018282 
-0.465557 -0.093147 0.009223 0.553198 -0.132987 0.010136 0.345840 -0.068433 0.004715 -0.310627 0.054713 0.005765 -0.370116 -0.192819 0.008373 0.510149 -0.262684 0.014032 
-0.465571 -0.095851 0.008824 0.553428 -0.138503 0.009412 0.345964 -0.074234 0.004736 -0.310231 0.051579 0.005394 -0.370401 -0.195784 0.008370 0.510563 -0.268230 0.014237 
-0.465789 -0.098103 0.009808 0.553241 -0.143507 0.008967 0.346023 -0.078418 0.004756 -0.309960 0.048782 0.005352 -0.370962 -0.198361 0.009440 0.509872 -0.273049 0.014237 
-0.466078 -0.100315 0.011000 0.553154 -0.148182 0.008327 0.346097 -0.082543 0.004774 -0.309581 0.045815 0.005291 -0.371723 -0.201017 0.010765 0.509457 -0.277601 0.013901 
-0.466056 -0.103272 0.012536 0.553181 -0.152909 0.007191 0.346204 -0.086967 0.004790 -0.308858 0.042018 0.004943 -0.372214 -0.204454 0.012392 0.509327 -0.282261 0.013071 
-0.465534 -0.107493 0.013923 0.553303 -0.158209 0.005853 0.346335 -0.092202 0.004804 -0.307970 0.037326 0.005045 -0.371976 -0.208937 0.013725 0.509449 -0.287541 0.012171 
-0.462682 -0.111458 0.013377 0.552191 -0.161169 0.010482 0.346262 -0.092212 0.004817 -0.308223 0.036696 0.004968 -0.366973 -0.210875 0.013620 0.506335 -0.289676 0.019032 
-0.462547 -0.111475 0.014912 0.551065 -0.163314 0.013533 0.345987 -0.092168 0.004855 -0.308424 0.036931 0.004938 -0.366621 -0.210678 0.015912 0.503702 -0.291235 0.022637 
-0.468369 -0.105701 0.016452 0.552395 -0.172727 0.018321 0.351315 -0.091601 0.004941 -0.313697 0.042099 0.005986 -0.372853 -0.205304 0.016480 0.498556 -0.298026 0.027883 
-0.485995 -0.093114 0.020492 0.562210 -0.186504 0.032389 0.368527 -0.091415 0.007120 -0.330096 0.053291 0.008710 -0.391526 -0.193645 0.016864 0.499204 -0.307691 0.038194 
-0.495136 -0.089516 0.016871 0.570261 -0.198410 0.041488 0.384654 -0.090825 0.007295 -0.337398 0.055026 0.006673 -0.401787 -0.191139 0.015287 0.499280 -0.315230 0.043636 
-0.497433 -0.082930 0.007765 0.581122 -0.198483 0.057447 0.397625 -0.092537 0.009510 -0.335900 0.057701 0.004950 -0.406635 -0.186852 0.007820 0.510539 -0.315562 0.057759 
-0.499722 -0.072102 0.007276 0.593229 -0.184885 0.072341 0.409853 -0.087102 0.009054 -0.332101 0.061225 0.005110 -0.413628 -0.179953 0.007147 0.526527 -0.304218 0.072814 
-0.500730 -0.055339 0.014780 0.598629 -0.145335 0.062444 0.406292 -0.061695 0.005836 -0.324969 0.066763 0.006012 -0.421830 -0.168555 0.013828 0.541935 -0.269734 0.061856 
-0.499480 -0.055612 0.029643 0.598146 -0.124660 0.050726 0.399834 -0.048388 0.005463 -0.324557 0.066708 0.011819 -0.420747 -0.168751 0.022957 0.546810 -0.251366 0.050358 
-0.493478 -0.061500 0.040061 0.591715 -0.120052 0.038716 0.390256 -0.046036 0.005105 -0.320605 0.062317 0.014331 -0.413996 -0.173944 0.030955 0.542169 -0.247468 0.039245 
-0.482065 -0.061902 0.043608 0.586715 -0.122796 0.028719 0.384750 -0.046309 0.005192 -0.308039 0.059179 0.013078 -0.404094 -0.175498 0.035837 0.536002 -0.249752 0.028675 
-0.468113 -0.056848 0.044882 0.587087 -0.125545 0.020661 0.385301 -0.046575 0.005175 -0.292112 0.060654 0.011795 -0.392190 -0.171911 0.038547 0.534995 -0.251942 0.020461 
-0.450403 -0.051365 0.044207 0.587119 -0.128416 0.011855 0.385798 -0.047076 0.004983 -0.272137 0.062372 0.010106 -0.376629 -0.167901 0.039660 0.533638 -0.254231 0.011892 
-0.428560 -0.045204 0.041621 0.587471 -0.129518 0.004719 0.386453 -0.047145 0.004963 -0.247481 0.064151 0.008011 -0.357349 -0.163387 0.039207 0.533371 -0.255069 0.004758 
-0.403628 -0.040469 0.036240 0.591957 -0.130910 0.004724 0.391610 -0.046917 0.004707 -0.219956 0.065409 0.005707 -0.334498 -0.159905 0.036223 0.536847 -0.256020 0.004923 
-0.379873 -0.038248 0.032937 0.595989 -0.131373 0.003966 0.396501 -0.045366 0.005077 -0.194536 0.065505 0.005312 -0.312023 -0.158398 0.035009 0.539624 -0.255921 0.004633 
-0.362325 -0.036482 0.031454 0.602926 -0.131436 0.004061 0.404128 -0.043866 0.006173 -0.176533 0.066820 0.005229 -0.294752 -0.156770 0.034370 0.545588 -0.255538 0.004974 
-0.354428 -0.033102 0.031119 0.610955 -0.131447 0.004148 0.412247 -0.043663 0.005870 -0.168723 0.070441 0.005231 -0.286802 -0.153379 0.033154 0.553486 -0.255486 0.005396 
-0.353536 -0.031494 0.030983 0.617579 -0.131523 0.004232 0.418891 -0.043682 0.004989 -0.168027 0.072448 0.005290 -0.285760 -0.151699 0.032019 0.560070 -0.255545 0.005358 
-0.353704 -0.031295 0.030512 0.620204 -0.131619 0.004421 0.421583 -0.043624 0.004968 -0.168041 0.072487 0.005290 -0.286057 -0.151573 0.031501 0.562597 -0.255597 0.005312 
-0.353803 -0.031038 0.030527 0.620703 -0.131620 0.004469 0.422082 -0.043624 0.004959 -0.168020 0.072516 0.005249 -0.286278 -0.151383 0.031745 0.563096 -0.255598 0.005321 
-0.353883 -0.031162 0.030628 0.620705 -0.131614 0.004514 0.422084 -0.043619 0.004951 -0.168195 0.072504 0.005108 -0.286261 -0.151451 0.031986 0.563098 -0.255591 0.005524 
-0.354191 -0.031493 0.030459 0.620807 -0.131630 0.004577 0.422191 -0.043624 0.004920 -0.168704 0.072571 0.005097 -0.286320 -0.151642 0.031790 0.563194 -0.255603 0.005719 
-0.354566 -0.031799 0.029574 0.620825 -0.131589 0.004614 0.422191 -0.043622 0.004917 -0.169227 0.072732 0.005066 -0.286439 -0.151804 0.030810 0.563236 -0.255572 0.005820 
-0.354497 -0.032570 0.028135 0.621139 -0.130874 0.004650 0.422192 -0.043616 0.004916 -0.169355 0.072637 0.005073 -0.286002 -0.152366 0.029258 0.563993 -0.255061 0.006021 
-0.354286 -0.033635 0.026886 0.621739 -0.129491 0.004682 0.422197 -0.043604 0.004915 -0.169521 0.072506 0.005116 -0.285256 -0.153126 0.027778 0.565451 -0.254064 0.006410 
-0.354097 -0.034463 0.026043 0.622204 -0.128401 0.004712 0.422201 -0.043593 0.004914 -0.169650 0.072404 0.005152 -0.284644 -0.153709 0.026760 0.566592 -0.253272 0.006748 
-0.353969 -0.034934 0.025705 0.622472 -0.127765 0.004738 0.422203 -0.043586 0.004913 -0.169721 0.072346 0.005180 -0.284270 -0.154038 0.026313 0.567253 -0.252808 0.006980 
-0.353952 -0.035008 0.025631 0.622523 -0.127643 0.004761 0.422203 -0.043586 0.004913 -0.169731 0.072336 0.005198 -0.284219 -0.154092 0.026192 0.567381 -0.252719 0.006992 
-0.353989 -0.034930 0.025568 0.622521 -0.127646 0.004781 0.422202 -0.043589 0.004915 -0.169719 0.072344 0.005213 -0.284306 -0.154044 0.026089 0.567378 -0.252724 0.006919 
-0.354027 -0.034860 0.025477 0.622519 -0.127650 0.004799 0.422200 -0.043593 0.004916 -0.169707 0.072351 0.005235 -0.284395 -0.154004 0.025925 0.567375 -0.252729 0.006807 
-0.354066 -0.034794 0.025356 0.622517 -0.127655 0.004816 0.422197 -0.043598 0.004917 -0.169694 0.072356 0.005265 -0.284486 -0.153969 0.025705 0.567371 -0.252737 0.006660 
-0.354116 -0.034706 0.025213 0.622514 -0.127662 0.004830 0.422194 -0.043604 0.004918 -0.169678 0.072364 0.005298 -0.284603 -0.153919 0.025447 0.567367 -0.252746 0.006472 
-0.354152 -0.034633 0.025006 0.622486 -0.127728 0.004844 0.422191 -0.043611 0.004920 -0.169658 0.072380 0.005306 -0.284683 -0.153873 0.025216 0.567301 -0.252798 0.006255 
-0.354187 -0.034519 0.024784 0.622442 -0.127835 0.004856 0.422188 -0.043620 0.004921 -0.169618 0.072406 0.005313 -0.284784 -0.153797 0.024972 0.567194 -0.252880 0.006011 
-0.354223 -0.034416 0.024542 0.622416 -0.127897 0.004867 0.422185 -0.043628 0.004922 -0.169582 0.072429 0.005320 -0.284881 -0.153729 0.024708 0.567134 -0.252928 0.005754 
-0.354259 -0.034335 0.024275 0.622392 -0.127953 0.004876 0.422181 -0.043637 0.004924 -0.169553 0.072447 0.005326 -0.284967 -0.153678 0.024419 0.567080 -0.252973 0.005491 
-0.354340 -0.034204 0.024041 0.622374 -0.127997 0.004886 0.422178 -0.043644 0.004925 -0.169563 0.072495 0.005325 -0.285115 -0.153585 0.024124 0.567038 -0.253008 0.005270 
-0.354371 -0.034213 0.023727 0.622372 -0.128000 0.004904 0.422177 -0.043646 0.004923 -0.169564 0.072493 0.005345 -0.285153 -0.153599 0.023770 0.567036 -0.253011 0.005202 
-0.354407 -0.034310 0.023477 0.622384 -0.128012 0.004928 0.422196 -0.043642 0.004923 -0.169609 0.072469 0.005430 -0.285161 -0.153679 0.023383 0.567038 -0.253019 0.005153 
-0.354419 -0.034409 0.023248 0.622384 -0.128014 0.004936 0.422195 -0.043644 0.004931 -0.169631 0.072446 0.005549 -0.285146 -0.153762 0.022973 0.567037 -0.253020 0.005115 
-0.354440 -0.034462 0.022970 0.622382 -0.128019 0.004969 0.422194 -0.043648 0.004965 -0.169644 0.072434 0.005611 -0.285157 -0.153809 0.022598 0.567035 -0.253025 0.005013 
-0.354480 -0.034533 0.022657 0.622450 -0.128141 0.004995 0.422285 -0.043716 0.004709 -0.169673 0.072386 0.005552 -0.285185 -0.153873 0.022330 0.567069 -0.253132 0.005093 
-0.354520 -0.034570 0.022432 0.622424 -0.128131 0.004931 0.422253 -0.043721 0.004738 -0.169703 0.072369 0.005569 -0.285220 -0.153908 0.022078 0.567053 -0.253126 0.005050 
-0.354542 -0.034611 0.022187 0.622424 -0.128132 0.004934 0.422253 -0.043722 0.004764 -0.169718 0.072359 0.005592 -0.285231 -0.153942 0.021796 0.567053 -0.253127 0.005035 
-0.354746 -0.034846 0.022290 0.622436 -0.128249 0.004966 0.422288 -0.043783 0.004558 -0.170052 0.072284 0.005289 -0.285327 -0.154114 0.021820 0.567029 -0.253228 0.005136 
-0.354760 -0.034905 0.022176 0.622441 -0.128250 0.004964 0.422293 -0.043784 0.004611 -0.170075 0.072269 0.005361 -0.285321 -0.154161 0.021656 0.567034 -0.253230 0.005089 
-0.354773 -0.034960 0.022081 0.622441 -0.128252 0.004965 0.422293 -0.043786 0.004665 -0.170096 0.072254 0.005428 -0.285315 -0.154205 0.021514 0.567035 -0.253232 0.005051 
-0.354782 -0.035006 0.022013 0.622442 -0.128254 0.004967 0.422294 -0.043788 0.004712 -0.170113 0.072241 0.005489 -0.285309 -0.154241 0.021406 0.567035 -0.253233 0.005021 
-0.354788 -0.035039 0.021984 0.622442 -0.128255 0.004970 0.422294 -0.043789 0.004751 -0.170124 0.072232 0.005561 -0.285305 -0.154268 0.021322 0.567035 -0.253235 0.005000 
-0.354794 -0.035065 0.021973 0.622446 -0.128269 0.004972 0.422298 -0.043804 0.004748 -0.170134 0.072223 0.005619 -0.285304 -0.154290 0.021273 0.567040 -0.253249 0.005013 
-0.354797 -0.035078 0.022001 0.622418 -0.128259 0.004908 0.422263 -0.043810 0.004781 -0.170139 0.072218 0.005670 -0.285305 -0.154302 0.021266 0.567023 -0.253243 0.004963 
-0.354797 -0.035079 0.022020 0.622418 -0.128259 0.004917 0.422263 -0.043811 0.004800 -0.170139 0.072218 0.005698 -0.285305 -0.154303 0.021276 0.567023 -0.253244 0.004964 
-0.354797 -0.035077 0.022043 0.622419 -0.128259 0.004922 0.422263 -0.043811 0.004816 -0.170138 0.072218 0.005716 -0.285306 -0.154301 0.021298 0.567023 -0.253244 0.004966 
-0.354806 -0.035063 0.022079 0.622429 -0.128276 0.004944 0.422274 -0.043826 0.004777 -0.170146 0.072229 0.005739 -0.285317 -0.154289 0.021322 0.567032 -0.253260 0.005003 
-0.354805 -0.035055 0.022103 0.622429 -0.128276 0.004947 0.422274 -0.043826 0.004795 -0.170143 0.072231 0.005745 -0.285320 -0.154283 0.021355 0.567032 -0.253260 0.005001 
-0.354804 -0.035045 0.022126 0.622429 -0.128276 0.004949 0.422275 -0.043826 0.004812 -0.170140 0.072233 0.005748 -0.285323 -0.154275 0.021391 0.567032 -0.253261 0.004999 
-0.354804 -0.035035 0.022149 0.622429 -0.128277 0.004952 0.422275 -0.043826 0.004826 -0.170137 0.072236 0.005748 -0.285325 -0.154267 0.021428 0.567032 -0.253261 0.004998 
-0.354810 -0.035029 0.022178 0.622462 -0.128333 0.004985 0.422323 -0.043846 0.004743 -0.170141 0.072232 0.005745 -0.285336 -0.154264 0.021473 0.567042 -0.253307 0.005049 
-0.354812 -0.035017 0.022202 0.622489 -0.128322 0.004990 0.422352 -0.043828 0.004748 -0.170139 0.072235 0.005741 -0.285342 -0.154254 0.021514 0.567065 -0.253294 0.004994 
-0.354813 -0.035009 0.022227 0.622494 -0.128346 0.004984 0.422361 -0.043847 0.004721 -0.170140 0.072236 0.005736 -0.285346 -0.154247 0.021556 0.567067 -0.253316 0.005023 
-0.354813 -0.034998 0.022246 0.622495 -0.128346 0.004983 0.422361 -0.043847 0.004745 -0.170137 0.072239 0.005729 -0.285349 -0.154238 0.021594 0.567068 -0.253317 0.005017 
-0.354812 -0.034986 0.022265 0.622495 -0.128346 0.004981 0.422362 -0.043847 0.004767 -0.170133 0.072242 0.005722 -0.285352 -0.154229 0.021631 0.567068 -0.253317 0.005012 
-0.354812 -0.034974 0.022283 0.622496 -0.128347 0.004980 0.422362 -0.043847 0.004786 -0.170130 0.072245 0.005714 -0.285355 -0.154220 0.021666 0.567069 -0.253317 0.005008 
-0.355021 -0.035003 0.022539 0.622477 -0.128340 0.004949 0.422339 -0.043851 0.004799 -0.170422 0.072271 0.005415 -0.285532 -0.154228 0.021709 0.567056 -0.253313 0.004979 
-0.355019 -0.034995 0.022614 0.622478 -0.128340 0.004950 0.422340 -0.043851 0.004813 -0.170419 0.072273 0.005456 -0.285532 -0.154221 0.021799 0.567057 -0.253313 0.004980 
-0.355017 -0.034986 0.022685 0.622478 -0.128340 0.004951 0.422340 -0.043851 0.004826 -0.170417 0.072275 0.005490 -0.285532 -0.154214 0.021884 0.567057 -0.253314 0.004982 
-0.355015 -0.034978 0.022751 0.622478 -0.128341 0.004952 0.422340 -0.043851 0.004838 -0.170415 0.072277 0.005520 -0.285533 -0.154207 0.021966 0.567057 -0.253314 0.004982 
-0.355030 -0.034982 0.022839 0.622479 -0.128341 0.004953 0.422342 -0.043849 0.004848 -0.170439 0.072275 0.005516 -0.285545 -0.154210 0.022037 0.567057 -0.253313 0.004983 
-0.355028 -0.034974 0.022902 0.622480 -0.128341 0.004953 0.422343 -0.043849 0.004858 -0.170438 0.072277 0.005543 -0.285545 -0.154203 0.022114 0.567057 -0.253314 0.004984 
-0.355026 -0.034966 0.022960 0.622480 -0.128341 0.004954 0.422343 -0.043849 0.004866 -0.170436 0.072279 0.005568 -0.285545 -0.154197 0.022187 0.567057 -0.253314 0.004985 
-0.355025 -0.034958 0.023012 0.622480 -0.128342 0.004954 0.422343 -0.043849 0.004873 -0.170434 0.072281 0.005587 -0.285546 -0.154190 0.022255 0.567057 -0.253314 0.004986 
-0.355023 -0.034951 0.023061 0.622480 -0.128342 0.004954 0.422344 -0.043849 0.004880 -0.170432 0.072283 0.005605 -0.285546 -0.154183 0.022319 0.567057 -0.253314 0.004987 
-0.355030 -0.034949 0.023119 0.622482 -0.128342 0.004955 0.422346 -0.043848 0.004886 -0.170443 0.072282 0.005608 -0.285553 -0.154182 0.022375 0.567057 -0.253314 0.004988 
-0.355029 -0.034943 0.023164 0.622482 -0.128342 0.004955 0.422346 -0.043848 0.004892 -0.170441 0.072284 0.005624 -0.285554 -0.154177 0.022433 0.567057 -0.253314 0.004989 
-0.355028 -0.034937 0.023205 0.622482 -0.128343 0.004957 0.422346 -0.043848 0.004898 -0.170440 0.072285 0.005639 -0.285554 -0.154171 0.022487 0.567057 -0.253314 0.004989 
-0.355027 -0.034931 0.023242 0.622482 -0.128343 0.004958 0.422347 -0.043848 0.004904 -0.170439 0.072287 0.005653 -0.285554 -0.154166 0.022535 0.567057 -0.253315 0.004990 
-0.355026 -0.034926 0.023276 0.622482 -0.128343 0.004959 0.422347 -0.043848 0.004909 -0.170437 0.072288 0.005666 -0.285554 -0.154162 0.022578 0.567057 -0.253315 0.004990 
-0.355025 -0.034922 0.023306 0.622482 -0.128344 0.004959 0.422347 -0.043848 0.004913 -0.170436 0.072289 0.005678 -0.285554 -0.154159 0.022617 0.567057 -0.253315 0.004992 
-0.355024 -0.034918 0.023333 0.622482 -0.128344 0.004960 0.422347 -0.043847 0.004917 -0.170435 0.072290 0.005689 -0.285555 -0.154155 0.022651 0.567057 -0.253315 0.004992 
-0.355023 -0.034915 0.023357 0.622483 -0.128344 0.004961 0.422347 -0.043847 0.004921 -0.170435 0.072291 0.005700 -0.285555 -0.154153 0.022680 0.567057 -0.253315 0.004992 
-0.355023 -0.034913 0.023378 0.622483 -0.128344 0.004961 0.422348 -0.043847 0.004924 -0.170434 0.072291 0.005711 -0.285555 -0.154151 0.022705 0.567057 -0.253316 0.004993 
-0.355022 -0.034911 0.023396 0.622483 -0.128345 0.004962 0.422348 -0.043847 0.004928 -0.170434 0.072292 0.005721 -0.285555 -0.154149 0.022727 0.567057 -0.253316 0.004993 
-0.355022 -0.034909 0.023413 0.622483 -0.128345 0.004962 0.422348 -0.043847 0.004930 -0.170433 0.072292 0.005731 -0.285555 -0.154148 0.022745 0.567057 -0.253316 0.004993 
-0.355023 -0.034909 0.023434 0.622456 -0.128334 0.004873 0.422315 -0.043851 0.004958 -0.170435 0.072291 0.005739 -0.285556 -0.154148 0.022770 0.567039 -0.253309 0.004926 
-0.355023 -0.034909 0.023446 0.622456 -0.128334 0.004882 0.422315 -0.043851 0.004959 -0.170436 0.072291 0.005742 -0.285556 -0.154148 0.022789 0.567039 -0.253309 0.004932 
-0.355023 -0.034907 0.023459 0.622456 -0.128334 0.004891 0.422315 -0.043851 0.004959 -0.170436 0.072291 0.005742 -0.285555 -0.154146 0.022811 0.567039 -0.253309 0.004938 
-0.355022 -0.034905 0.023471 0.622456 -0.128334 0.004899 0.422315 -0.043851 0.004960 -0.170436 0.072292 0.005740 -0.285555 -0.154144 0.022834 0.567038 -0.253309 0.004943 
-0.355025 -0.034902 0.023480 0.622488 -0.128392 0.004948 0.422362 -0.043875 0.004841 -0.170438 0.072292 0.005736 -0.285558 -0.154141 0.022856 0.567049 -0.253358 0.005027 
-0.355025 -0.034895 0.023493 0.622488 -0.128393 0.004949 0.422362 -0.043875 0.004853 -0.170436 0.072294 0.005735 -0.285560 -0.154135 0.022879 0.567049 -0.253358 0.005023 
-0.355029 -0.034892 0.023513 0.622487 -0.128382 0.004932 0.422365 -0.043853 0.004850 -0.170440 0.072292 0.005734 -0.285567 -0.154134 0.022907 0.567041 -0.253344 0.004972 
-0.355029 -0.034888 0.023522 0.622487 -0.128382 0.004935 0.422366 -0.043853 0.004860 -0.170439 0.072293 0.005734 -0.285568 -0.154130 0.022922 0.567041 -0.253344 0.004975 
-0.355029 -0.034885 0.023530 0.622487 -0.128382 0.004939 0.422366 -0.043853 0.004869 -0.170438 0.072294 0.005737 -0.285569 -0.154128 0.022933 0.567041 -0.253344 0.004977 
-0.355032 -0.034885 0.023536 0.622513 -0.128384 0.004991 0.422397 -0.043843 0.004832 -0.170440 0.072292 0.005737 -0.285572 -0.154129 0.022942 0.567060 -0.253343 0.004992 
-0.355031 -0.034881 0.023549 0.622514 -0.128384 0.004989 0.422397 -0.043843 0.004843 -0.170439 0.072293 0.005739 -0.285573 -0.154126 0.022959 0.567061 -0.253343 0.004992 
-0.355030 -0.034877 0.023561 0.622514 -0.128384 0.004987 0.422397 -0.043844 0.004854 -0.170437 0.072294 0.005740 -0.285574 -0.154123 0.022973 0.567061 -0.253343 0.004992 
-0.355030 -0.034874 0.023573 0.622514 -0.128384 0.004986 0.422398 -0.043844 0.004864 -0.170437 0.072294 0.005742 -0.285574 -0.154120 0.022987 0.567061 -0.253343 0.004992 
-0.355032 -0.034876 0.023600 0.622504 -0.128430 0.004898 0.422396 -0.043869 0.004761 -0.170440 0.072290 0.005742 -0.285578 -0.154122 0.023018 0.567038 -0.253383 0.004966 
-0.355031 -0.034873 0.023614 0.622504 -0.128430 0.004904 0.422396 -0.043869 0.004779 -0.170439 0.072291 0.005743 -0.285578 -0.154120 0.023034 0.567038 -0.253384 0.004969 
-0.355031 -0.034871 0.023625 0.622504 -0.128431 0.004911 0.422396 -0.043869 0.004795 -0.170438 0.072291 0.005745 -0.285578 -0.154118 0.023047 0.567038 -0.253384 0.004972 
-0.355030 -0.034869 0.023635 0.622504 -0.128431 0.004916 0.422397 -0.043870 0.004810 -0.170437 0.072292 0.005747 -0.285578 -0.154117 0.023057 0.567038 -0.253384 0.004975 
-0.355029 -0.034867 0.023644 0.622504 -0.128431 0.004921 0.422397 -0.043870 0.004824 -0.170437 0.072292 0.005749 -0.285578 -0.154115 0.023065 0.567039 -0.253385 0.004976 
-0.355029 -0.034866 0.023652 0.622505 -0.128431 0.004926 0.422397 -0.043870 0.004837 -0.170436 0.072292 0.005751 -0.285578 -0.154114 0.023073 0.567039 -0.253385 0.004978 
-0.355032 -0.034867 0.023656 0.622516 -0.128510 0.004932 0.422422 -0.043917 0.004711 -0.170438 0.072290 0.005750 -0.285581 -0.154116 0.023079 0.567030 -0.253454 0.005085 
-0.355030 -0.034862 0.023675 0.622516 -0.128510 0.004935 0.422422 -0.043917 0.004735 -0.170437 0.072291 0.005751 -0.285581 -0.154112 0.023100 0.567031 -0.253455 0.005075 
-0.355046 -0.034859 0.023720 0.622497 -0.128503 0.004901 0.422398 -0.043922 0.004754 -0.170459 0.072294 0.005734 -0.285598 -0.154110 0.023111 0.567018 -0.253451 0.005032 
-0.355046 -0.034856 0.023734 0.622497 -0.128504 0.004907 0.422398 -0.043922 0.004773 -0.170458 0.072295 0.005740 -0.285599 -0.154107 0.023125 0.567018 -0.253452 0.005028 
-0.355045 -0.034854 0.023748 0.622497 -0.128504 0.004913 0.422398 -0.043922 0.004791 -0.170457 0.072296 0.005746 -0.285599 -0.154106 0.023139 0.567019 -0.253452 0.005025 
-0.355044 -0.034852 0.023761 0.622497 -0.128505 0.004918 0.422398 -0.043923 0.004807 -0.170456 0.072296 0.005751 -0.285600 -0.154104 0.023151 0.567018 -0.253452 0.005022 
-0.355044 -0.034849 0.023773 0.622498 -0.128505 0.004923 0.422399 -0.043923 0.004821 -0.170455 0.072297 0.005755 -0.285600 -0.154102 0.023163 0.567019 -0.253453 0.005019 
-0.355043 -0.034847 0.023783 0.622498 -0.128506 0.004927 0.422399 -0.043923 0.004835 -0.170455 0.072297 0.005759 -0.285600 -0.154100 0.023174 0.567019 -0.253453 0.005017 
-0.355043 -0.034845 0.023793 0.622498 -0.128506 0.004931 0.422399 -0.043924 0.004847 -0.170454 0.072298 0.005762 -0.285600 -0.154099 0.023184 0.567019 -0.253454 0.005014 
-0.355042 -0.034843 0.023802 0.622498 -0.128506 0.004935 0.422399 -0.043924 0.004858 -0.170453 0.072298 0.005765 -0.285601 -0.154097 0.023194 0.567019 -0.253454 0.005012 
-0.355042 -0.034842 0.023810 0.622498 -0.128507 0.004938 0.422399 -0.043924 0.004868 -0.170452 0.072299 0.005768 -0.285601 -0.154096 0.023201 0.567018 -0.253454 0.005010 
-0.355041 -0.034840 0.023817 0.622498 -0.128507 0.004941 0.422399 -0.043924 0.004877 -0.170452 0.072299 0.005771 -0.285601 -0.154095 0.023209 0.567019 -0.253455 0.005008 
-0.355041 -0.034839 0.023824 0.622498 -0.128507 0.004944 0.422399 -0.043924 0.004885 -0.170452 0.072299 0.005774 -0.285601 -0.154094 0.023216 0.567018 -0.253455 0.005006 
-0.355044 -0.034840 0.023834 0.622528 -0.128511 0.004946 0.422435 -0.043916 0.004842 -0.170454 0.072298 0.005775 -0.285604 -0.154095 0.023226 0.567041 -0.253455 0.004963 
-0.355045 -0.034842 0.023851 0.622544 -0.128545 0.004973 0.422457 -0.043934 0.004777 -0.170457 0.072295 0.005774 -0.285605 -0.154097 0.023246 0.567046 -0.253485 0.005015 
-0.355051 -0.034832 0.023884 0.622533 -0.128582 0.004937 0.422449 -0.043965 0.004701 -0.170465 0.072303 0.005784 -0.285612 -0.154088 0.023268 0.567032 -0.253520 0.005048 
-0.355053 -0.034833 0.023923 0.622511 -0.128583 0.004869 0.422421 -0.043979 0.004699 -0.170470 0.072301 0.005784 -0.285614 -0.154089 0.023310 0.567018 -0.253524 0.005022 
-0.355052 -0.034828 0.023937 0.622511 -0.128584 0.004878 0.422422 -0.043980 0.004725 -0.170468 0.072302 0.005782 -0.285615 -0.154084 0.023329 0.567018 -0.253525 0.005019 
-0.355051 -0.034823 0.023950 0.622511 -0.128584 0.004887 0.422422 -0.043980 0.004747 -0.170466 0.072303 0.005781 -0.285616 -0.154081 0.023345 0.567018 -0.253526 0.005016 
-0.355050 -0.034819 0.023961 0.622511 -0.128585 0.004895 0.422422 -0.043980 0.004768 -0.170465 0.072304 0.005780 -0.285616 -0.154078 0.023360 0.567018 -0.253526 0.005013 
-0.355058 -0.034808 0.023980 0.622551 -0.128579 0.004987 0.422471 -0.043950 0.004758 -0.170473 0.072314 0.005789 -0.285626 -0.154068 0.023365 0.567043 -0.253514 0.004995 
-0.355056 -0.034807 0.024012 0.622551 -0.128579 0.004986 0.422472 -0.043951 0.004777 -0.170473 0.072314 0.005789 -0.285623 -0.154066 0.023399 0.567043 -0.253514 0.004995 
-0.355052 -0.034806 0.024046 0.622552 -0.128579 0.004984 0.422472 -0.043951 0.004794 -0.170473 0.072314 0.005789 -0.285619 -0.154065 0.023436 0.567044 -0.253514 0.004995 
-0.355050 -0.034806 0.024077 0.622552 -0.128579 0.004982 0.422473 -0.043951 0.004809 -0.170473 0.072314 0.005789 -0.285615 -0.154064 0.023470 0.567044 -0.253514 0.004995 
-0.355047 -0.034806 0.024107 0.622552 -0.128580 0.004981 0.422473 -0.043951 0.004823 -0.170473 0.072315 0.005789 -0.285612 -0.154063 0.023501 0.567044 -0.253514 0.004995 
-0.355044 -0.034805 0.024134 0.622553 -0.128580 0.004980 0.422474 -0.043951 0.004836 -0.170473 0.072315 0.005789 -0.285609 -0.154063 0.023530 0.567045 -0.253514 0.004995 
-0.355042 -0.034805 0.024159 0.622553 -0.128580 0.004979 0.422474 -0.043951 0.004848 -0.170473 0.072315 0.005788 -0.285606 -0.154062 0.023557 0.567045 -0.253514 0.004995 
-0.355040 -0.034805 0.024183 0.622553 -0.128580 0.004978 0.422474 -0.043951 0.004858 -0.170474 0.072315 0.005788 -0.285603 -0.154062 0.023583 0.567045 -0.253515 0.004995 
-0.355038 -0.034805 0.024205 0.622554 -0.128580 0.004977 0.422474 -0.043951 0.004867 -0.170474 0.072314 0.005788 -0.285600 -0.154062 0.023607 0.567045 -0.253515 0.004995 
-0.355036 -0.034806 0.024225 0.622554 -0.128580 0.004976 0.422475 -0.043951 0.004876 -0.170474 0.072314 0.005788 -0.285597 -0.154061 0.023628 0.567046 -0.253515 0.004995 
-0.355051 -0.034802 0.024270 0.622596 -0.128610 0.004936 0.422528 -0.043957 0.004712 -0.170492 0.072315 0.005795 -0.285614 -0.154059 0.023663 0.567073 -0.253538 0.004930 
-0.355048 -0.034801 0.024305 0.622597 -0.128610 0.004939 0.422528 -0.043957 0.004734 -0.170492 0.072316 0.005792 -0.285610 -0.154057 0.023703 0.567073 -0.253538 0.004937 
-0.355045 -0.034800 0.024336 0.622597 -0.128610 0.004941 0.422529 -0.043957 0.004755 -0.170491 0.072316 0.005790 -0.285606 -0.154055 0.023738 0.567074 -0.253538 0.004943 
-0.355042 -0.034798 0.024365 0.622598 -0.128611 0.004943 0.422529 -0.043957 0.004773 -0.170491 0.072316 0.005788 -0.285603 -0.154054 0.023771 0.567074 -0.253538 0.004949 
-0.355039 -0.034798 0.024394 0.622598 -0.128611 0.004946 0.422529 -0.043957 0.004791 -0.170492 0.072316 0.005787 -0.285599 -0.154053 0.023803 0.567074 -0.253538 0.004953 
-0.355037 -0.034799 0.024422 0.622598 -0.128611 0.004948 0.422530 -0.043957 0.004807 -0.170492 0.072316 0.005788 -0.285596 -0.154053 0.023831 0.567075 -0.253539 0.004956 
-0.355034 -0.034800 0.024447 0.622599 -0.128611 0.004950 0.422530 -0.043957 0.004821 -0.170492 0.072316 0.005788 -0.285592 -0.154053 0.023857 0.567075 -0.253539 0.004960 
-0.355035 -0.034802 0.024470 0.622600 -0.128616 0.004952 0.422531 -0.043963 0.004816 -0.170495 0.072315 0.005788 -0.285591 -0.154055 0.023880 0.567077 -0.253544 0.004977 
-0.355033 -0.034802 0.024487 0.622601 -0.128616 0.004954 0.422531 -0.043964 0.004830 -0.170495 0.072315 0.005788 -0.285589 -0.154054 0.023899 0.567078 -0.253544 0.004978 
-0.355041 -0.034793 0.024515 0.622637 -0.128610 0.005039 0.422578 -0.043935 0.004815 -0.170506 0.072324 0.005799 -0.285597 -0.154046 0.023913 0.567100 -0.253532 0.004968 
-0.355037 -0.034792 0.024559 0.622638 -0.128610 0.005028 0.422579 -0.043935 0.004827 -0.170506 0.072325 0.005795 -0.285592 -0.154044 0.023963 0.567101 -0.253532 0.004969 
-0.355033 -0.034791 0.024604 0.622639 -0.128610 0.005016 0.422580 -0.043934 0.004837 -0.170506 0.072325 0.005791 -0.285586 -0.154042 0.024017 0.567102 -0.253532 0.004969 
-0.355029 -0.034788 0.024643 0.622640 -0.128610 0.005006 0.422580 -0.043934 0.004846 -0.170506 0.072326 0.005786 -0.285582 -0.154039 0.024064 0.567102 -0.253531 0.004970 
-0.355026 -0.034786 0.024668 0.622640 -0.128610 0.005000 0.422581 -0.043934 0.004855 -0.170505 0.072326 0.005781 -0.285579 -0.154037 0.024096 0.567103 -0.253531 0.004973 
-0.355024 -0.034785 0.024689 0.622640 -0.128610 0.004996 0.422581 -0.043934 0.004863 -0.170505 0.072326 0.005777 -0.285577 -0.154035 0.024122 0.567103 -0.253531 0.004976 
-0.355022 -0.034784 0.024709 0.622641 -0.128609 0.004993 0.422581 -0.043934 0.004871 -0.170505 0.072326 0.005775 -0.285574 -0.154035 0.024146 0.567103 -0.253531 0.004978 
-0.355020 -0.034784 0.024732 0.622641 -0.128609 0.004990 0.422582 -0.043934 0.004878 -0.170506 0.072326 0.005773 -0.285571 -0.154034 0.024172 0.567103 -0.253531 0.004980 
-0.355021 -0.034786 0.024750 0.622645 -0.128621 0.004972 0.422587 -0.043941 0.004858 -0.170508 0.072325 0.005772 -0.285571 -0.154035 0.024192 0.567104 -0.253542 0.004975 
-0.355019 -0.034786 0.024766 0.622645 -0.128621 0.004972 0.422588 -0.043941 0.004868 -0.170508 0.072325 0.005771 -0.285569 -0.154035 0.024210 0.567104 -0.253542 0.004977 
-0.355017 -0.034786 0.024787 0.622645 -0.128621 0.004972 0.422588 -0.043941 0.004876 -0.170509 0.072325 0.005771 -0.285566 -0.154035 0.024230 0.567105 -0.253542 0.004978 
-0.355015 -0.034787 0.024805 0.622645 -0.128622 0.004972 0.422588 -0.043941 0.004884 -0.170509 0.072325 0.005772 -0.285563 -0.154035 0.024249 0.567105 -0.253542 0.004980 
-0.355013 -0.034788 0.024822 0.622646 -0.128622 0.004972 0.422588 -0.043941 0.004892 -0.170509 0.072324 0.005772 -0.285560 -0.154035 0.024266 0.567105 -0.253542 0.004981 
-0.355012 -0.034788 0.024837 0.622646 -0.128622 0.004972 0.422588 -0.043941 0.004898 -0.170509 0.072324 0.005772 -0.285558 -0.154036 0.024281 0.567105 -0.253542 0.004982 
-0.355010 -0.034789 0.024852 0.622646 -0.128622 0.004972 0.422589 -0.043941 0.004904 -0.170510 0.072324 0.005774 -0.285556 -0.154036 0.024295 0.567105 -0.253542 0.004982 
-0.355009 -0.034790 0.024865 0.622646 -0.128622 0.004972 0.422589 -0.043941 0.004910 -0.170510 0.072324 0.005774 -0.285554 -0.154036 0.024308 0.567105 -0.253542 0.004983 
-0.355008 -0.034791 0.024877 0.622646 -0.128622 0.004972 0.422589 -0.043941 0.004915 -0.170510 0.072324 0.005774 -0.285552 -0.154037 0.024320 0.567106 -0.253542 0.004984 
-0.355007 -0.034791 0.024888 0.622646 -0.128622 0.004972 0.422589 -0.043941 0.004919 -0.170510 0.072324 0.005775 -0.285551 -0.154037 0.024331 0.567106 -0.253542 0.004984 
-0.355006 -0.034792 0.024899 0.622646 -0.128622 0.004972 0.422589 -0.043941 0.004923 -0.170511 0.072323 0.005775 -0.285549 -0.154037 0.024341 0.567106 -0.253542 0.004985 
-0.355005 -0.034792 0.024908 0.622647 -0.128622 0.004972 0.422589 -0.043941 0.004927 -0.170511 0.072323 0.005775 -0.285548 -0.154037 0.024351 0.567106 -0.253542 0.004986 
-0.355004 -0.034793 0.024917 0.622647 -0.128622 0.004972 0.422590 -0.043941 0.004930 -0.170511 0.072323 0.005776 -0.285546 -0.154038 0.024359 0.567106 -0.253542 0.004986 
-0.355003 -0.034794 0.024928 0.622647 -0.128622 0.004972 0.422590 -0.043941 0.004933 -0.170511 0.072323 0.005777 -0.285545 -0.154038 0.024368 0.567106 -0.253542 0.004987 
-0.355002 -0.034794 0.024937 0.622647 -0.128622 0.004971 0.422590 -0.043941 0.004936 -0.170512 0.072323 0.005778 -0.285543 -0.154039 0.024376 0.567106 -0.253542 0.004987 
-0.355001 -0.034795 0.024945 0.622647 -0.128622 0.004971 0.422590 -0.043941 0.004938 -0.170512 0.072323 0.005779 -0.285542 -0.154039 0.024383 0.567106 -0.253542 0.004987 
-0.355000 -0.034795 0.024955 0.622647 -0.128622 0.004971 0.422590 -0.043941 0.004940 -0.170512 0.072322 0.005781 -0.285541 -0.154039 0.024391 0.567106 -0.253542 0.004988 
-0.354999 -0.034796 0.024964 0.622647 -0.128623 0.004971 0.422590 -0.043941 0.004942 -0.170512 0.072322 0.005783 -0.285539 -0.154040 0.024398 0.567106 -0.253543 0.004988 
-0.354998 -0.034797 0.024971 0.622647 -0.128623 0.004971 0.422590 -0.043941 0.004944 -0.170512 0.072322 0.005784 -0.285538 -0.154040 0.024404 0.567106 -0.253543 0.004988 
-0.354998 -0.034797 0.024977 0.622647 -0.128623 0.004971 0.422590 -0.043941 0.004946 -0.170513 0.072322 0.005785 -0.285538 -0.154041 0.024409 0.567106 -0.253543 0.004988 
-0.354997 -0.034798 0.024984 0.622647 -0.128623 0.004971 0.422591 -0.043941 0.004947 -0.170513 0.072322 0.005786 -0.285536 -0.154041 0.024415 0.567106 -0.253543 0.004988 
-0.354997 -0.034799 0.024990 0.622647 -0.128623 0.004971 0.422591 -0.043941 0.004949 -0.170513 0.072321 0.005787 -0.285536 -0.154042 0.024420 0.567106 -0.253543 0.004988 
-0.354996 -0.034799 0.024996 0.622647 -0.128623 0.004970 0.422591 -0.043941 0.004950 -0.170513 0.072321 0.005788 -0.285535 -0.154042 0.024425 0.567106 -0.253543 0.004989 
-0.354995 -0.034800 0.025002 0.622647 -0.128623 0.004970 0.422591 -0.043941 0.004951 -0.170513 0.072321 0.005788 -0.285534 -0.154042 0.024431 0.567106 -0.253543 0.004989 
-0.354995 -0.034801 0.025009 0.622648 -0.128623 0.004970 0.422591 -0.043941 0.004952 -0.170513 0.072321 0.005790 -0.285533 -0.154043 0.024435 0.567106 -0.253543 0.004989 
-0.354994 -0.034801 0.025013 0.622647 -0.128623 0.004970 0.422591 -0.043940 0.004953 -0.170514 0.072321 0.005790 -0.285532 -0.154043 0.024440 0.567106 -0.253543 0.004989 
-0.354994 -0.034802 0.025018 0.622648 -0.128623 0.004970 0.422591 -0.043940 0.004954 -0.170514 0.072321 0.005791 -0.285531 -0.154043 0.024444 0.567106 -0.253543 0.004989 
-0.354993 -0.034802 0.025023 0.622648 -0.128623 0.004970 0.422591 -0.043940 0.004955 -0.170514 0.072320 0.005791 -0.285531 -0.154044 0.024448 0.567106 -0.253543 0.004989 
-0.354993 -0.034802 0.025029 0.622648 -0.128624 0.004969 0.422591 -0.043940 0.004955 -0.170514 0.072320 0.005793 -0.285530 -0.154044 0.024452 0.567106 -0.253543 0.004989 
