0.000516 -0.000896 0.999999 0.002418 0.001381 0.999996 0.002404 0.001392 0.999996 0.000467 -0.000852 1.000000 
0.000357 -0.000618 1.000000 0.002010 0.001147 0.999997 0.001999 0.001158 0.999997 0.000318 -0.000581 1.000000 
0.000308 -0.000534 1.000000 0.001816 0.001037 0.999998 0.001806 0.001046 0.999998 0.000273 -0.000499 1.000000 
-0.000441 0.000764 1.000000 0.001247 0.000712 0.999999 0.001248 0.000723 0.999999 -0.000439 0.000802 1.000000 
-0.000496 0.000859 1.000000 0.000461 0.000263 1.000000 0.000464 0.000269 1.000000 -0.000482 0.000880 0.999999 
-0.000161 0.000279 1.000000 -0.000601 -0.000343 1.000000 -0.000597 -0.000346 1.000000 -0.000147 0.000269 1.000000 
-0.000508 0.000880 0.999999 0.001392 0.000796 0.999999 0.001393 0.000807 0.999999 -0.000505 0.000922 0.999999 
-0.000458 0.000794 1.000000 0.001245 0.000711 0.999999 0.001245 0.000722 0.999999 -0.000456 0.000832 1.000000 
-0.001051 0.001824 0.999998 -0.002024 -0.001155 0.999997 -0.002006 -0.001160 0.999997 -0.000985 0.001802 0.999998 
0.000670 -0.001165 0.999999 -0.003987 -0.002271 0.999989 -0.003980 -0.002300 0.999989 0.000693 -0.001269 0.999999 
0.000275 -0.000478 1.000000 -0.004367 -0.002487 0.999987 -0.004355 -0.002515 0.999987 0.000318 -0.000583 1.000000 
0.000255 -0.000443 1.000000 -0.004171 -0.002375 0.999988 -0.004159 -0.002402 0.999988 0.000296 -0.000543 1.000000 
0.000233 -0.000405 1.000000 -0.003810 -0.002170 0.999990 -0.003799 -0.002194 0.999990 0.000271 -0.000496 1.000000 
0.000209 -0.000364 1.000000 -0.003621 -0.002062 0.999991 -0.003611 -0.002085 0.999991 0.000246 -0.000450 1.000000 
0.001055 -0.001834 0.999998 -0.005241 -0.002985 0.999982 -0.005234 -0.003023 0.999982 0.001078 -0.001974 0.999997 
0.000980 -0.001703 0.999998 -0.007654 -0.004358 0.999961 -0.007637 -0.004411 0.999961 0.001036 -0.001897 0.999998 
0.000942 -0.001637 0.999998 -0.011826 -0.006734 0.999907 -0.011795 -0.006812 0.999907 0.001050 -0.001924 0.999998 
0.000930 -0.001617 0.999998 -0.017113 -0.009745 0.999806 -0.017063 -0.009856 0.999806 0.001104 -0.002022 0.999997 
0.000927 -0.001611 0.999998 -0.022946 -0.013068 0.999651 -0.022875 -0.013214 0.999651 0.001173 -0.002148 0.999997 
0.000888 -0.001543 0.999998 -0.028973 -0.016500 0.999444 -0.028881 -0.016683 0.999444 0.001209 -0.002215 0.999997 
0.000846 -0.001470 0.999999 -0.035147 -0.020017 0.999182 -0.035033 -0.020237 0.999181 0.001245 -0.002280 0.999997 
0.000810 -0.001408 0.999999 -0.041521 -0.023647 0.998858 -0.041384 -0.023906 0.998857 0.001289 -0.002360 0.999996 
0.000780 -0.001355 0.999999 -0.048128 -0.027410 0.998465 -0.047968 -0.027709 0.998464 0.001341 -0.002456 0.999996 
0.000754 -0.001311 0.999999 -0.055024 -0.031337 0.997993 -0.054840 -0.031678 0.997993 0.001402 -0.002567 0.999996 
0.000733 -0.001274 0.999999 -0.062267 -0.035461 0.997429 -0.062057 -0.035847 0.997429 0.001471 -0.002692 0.999995 
0.000715 -0.001243 0.999999 -0.069840 -0.039773 0.996765 -0.069603 -0.040206 0.996764 0.001547 -0.002831 0.999995 
0.000700 -0.001217 0.999999 -0.077543 -0.044159 0.996011 -0.077279 -0.044639 0.996010 0.001627 -0.002978 0.999994 
0.000686 -0.001193 0.999999 -0.085191 -0.048513 0.995183 -0.084899 -0.049041 0.995182 0.001708 -0.003126 0.999994 
0.000674 -0.001171 0.999999 -0.092726 -0.052803 0.994291 -0.092407 -0.053377 0.994290 0.001789 -0.003274 0.999993 
0.000663 -0.001153 0.999999 -0.100143 -0.057027 0.993337 -0.099798 -0.057647 0.993336 0.001870 -0.003422 0.999992 
0.000655 -0.001138 0.999999 -0.107668 -0.061310 0.992295 -0.107296 -0.061977 0.992293 0.001954 -0.003577 0.999992 
0.000647 -0.001125 0.999999 -0.115554 -0.065799 0.991119 -0.115154 -0.066515 0.991118 0.002044 -0.003741 0.999991 
0.000595 -0.001035 0.999999 -0.123907 -0.070556 0.989782 -0.123476 -0.071324 0.989781 0.002097 -0.003838 0.999990 
0.000418 -0.000727 1.000000 -0.132684 -0.075564 0.988274 -0.132219 -0.076387 0.988273 0.002035 -0.003724 0.999991 
0.000235 -0.000409 1.000000 -0.141988 -0.080874 0.986559 -0.141487 -0.081755 0.986558 0.001974 -0.003611 0.999992 
0.000219 -0.000381 1.000000 -0.151870 -0.086501 0.984608 -0.151333 -0.087445 0.984607 0.002080 -0.003805 0.999991 
0.000212 -0.000369 1.000000 -0.162414 -0.092505 0.982377 -0.161838 -0.093517 0.982376 0.002204 -0.004030 0.999989 
0.000202 -0.000351 1.000000 -0.173745 -0.098958 0.979806 -0.173128 -0.100042 0.979805 0.002333 -0.004267 0.999988 
0.000181 -0.000315 1.000000 -0.186093 -0.105989 0.976799 -0.185429 -0.107154 0.976798 0.002466 -0.004509 0.999987 
0.000157 -0.000273 1.000000 -0.199555 -0.113655 0.973273 -0.198840 -0.114908 0.973272 0.002609 -0.004770 0.999985 
0.000132 -0.000229 1.000000 -0.214165 -0.121974 0.969152 -0.213394 -0.123324 0.969151 0.002765 -0.005053 0.999983 
0.000104 -0.000181 1.000000 -0.229946 -0.130958 0.964352 -0.229113 -0.132416 0.964351 0.002933 -0.005360 0.999981 
0.000075 -0.000130 1.000000 -0.246918 -0.140621 0.958779 -0.246018 -0.142194 0.958778 0.003115 -0.005690 0.999979 
0.000043 -0.000074 1.000000 -0.265112 -0.150978 0.952324 -0.264140 -0.152679 0.952323 0.003309 -0.006042 0.999976 
0.000004 -0.000008 1.000000 -0.284574 -0.162057 0.944857 -0.283521 -0.163897 0.944856 0.003513 -0.006412 0.999973 
-0.000035 0.000061 1.000000 -0.305356 -0.173886 0.936227 -0.304215 -0.175878 0.936226 0.003732 -0.006809 0.999970 
-0.000076 0.000132 1.000000 -0.327532 -0.186507 0.926249 -0.326296 -0.188667 0.926248 0.003968 -0.007236 0.999966 
-0.000118 0.000205 1.000000 -0.351179 -0.199961 0.914707 -0.349835 -0.202305 0.914706 0.004222 -0.007693 0.999961 
-0.000162 0.000282 1.000000 -0.376363 -0.214286 0.901350 -0.374901 -0.216836 0.901350 0.004492 -0.008181 0.999956 
-0.000207 0.000360 1.000000 -0.403131 -0.229508 0.885896 -0.401538 -0.232286 0.885895 0.004782 -0.008702 0.999951 
-0.000255 0.000442 1.000000 -0.431514 -0.245642 0.868018 -0.429773 -0.248677 0.868018 0.005090 -0.009254 0.999944 
-0.000338 0.000588 1.000000 -0.461093 -0.262476 0.847644 -0.459187 -0.265796 0.847644 0.005379 -0.009770 0.999938 
0.000276 -0.000491 1.000000 -0.490441 -0.271777 0.828012 -0.488427 -0.275396 0.828007 0.006186 -0.011510 0.999915 
0.001106 -0.002041 0.999997 -0.515876 -0.274909 0.811355 -0.513806 -0.278799 0.811341 0.007072 -0.013631 0.999882 
-0.000311 0.000592 1.000000 -0.535901 -0.278391 0.797062 -0.533750 -0.282495 0.797062 0.005753 -0.011431 0.999918 
-0.002618 0.005088 0.999984 -0.551101 -0.282819 0.785048 -0.548855 -0.287090 0.785072 0.003575 -0.007259 0.999967 
-0.004361 0.008722 0.999952 -0.574013 -0.288827 0.766217 -0.571641 -0.293375 0.766262 0.001978 -0.004130 0.999990 
-0.007591 0.015187 0.999856 -0.596201 -0.305087 0.742608 -0.593582 -0.309940 0.742696 -0.000882 0.001840 0.999998 
-0.011755 0.023552 0.999654 -0.612570 -0.320551 0.722500 -0.609699 -0.325648 0.722648 -0.004710 0.009831 0.999941 
-0.013183 0.026354 0.999566 -0.632021 -0.335315 0.698651 -0.628911 -0.340746 0.698829 -0.005854 0.012174 0.999909 
-0.652141 -0.350855 0.672021 -0.013372 0.026500 0.999559 -0.005754 0.011840 0.999913 -0.648770 -0.356684 0.672215 
-0.671417 -0.366095 0.644340 -0.012703 0.024832 0.999611 -0.004795 0.009716 0.999941 -0.667771 -0.372364 0.644536 
-0.689916 -0.375405 0.618940 -0.007993 0.015221 0.999852 0.000147 -0.000290 1.000000 -0.686088 -0.382153 0.619066 
-0.707921 -0.380769 0.594864 -0.002430 0.004514 0.999987 0.005917 -0.011349 0.999918 -0.703947 -0.388015 0.594897 
-0.724174 -0.384843 0.572249 0.012622 -0.023372 0.999647 0.004026 -0.007232 0.999966 -0.720069 -0.392588 0.572167 
-0.737899 -0.388252 0.552056 0.019494 -0.034690 0.999208 0.010613 -0.018354 0.999775 -0.733675 -0.396463 0.551850 
-0.755405 -0.389815 0.526695 0.026695 -0.045776 0.998595 0.017492 -0.029202 0.999420 -0.751026 -0.398645 0.526348 
-0.775415 -0.386497 0.499351 0.035266 -0.058195 0.997682 0.025718 -0.041395 0.998812 -0.770916 -0.396062 0.498821 
-0.798540 -0.374678 0.471116 0.045274 -0.072093 0.996370 0.035396 -0.055077 0.997854 -0.794022 -0.385095 0.470352 
-0.829637 -0.339151 0.443485 0.057841 -0.090804 0.994188 0.047831 -0.073494 0.996148 -0.825474 -0.350555 0.442385 
-0.860003 -0.283176 0.424507 0.070724 -0.112053 0.991182 0.060832 -0.094435 0.993671 -0.856638 -0.295334 0.423023 
-0.883388 -0.223309 0.412017 0.081262 -0.131353 0.987999 0.071589 -0.113463 0.990960 -0.880964 -0.235910 0.410182 
-0.898856 -0.153983 0.410302 0.090837 -0.153116 0.984024 0.081644 -0.134946 0.987484 -0.897605 -0.166526 0.408135 
-0.905545 -0.071132 0.418245 0.100973 -0.181251 0.978239 0.092538 -0.162788 0.982312 -0.905684 -0.083080 0.415734 
-0.902062 0.017965 0.431232 0.110709 -0.214149 0.970507 0.103183 -0.195419 0.975277 -0.903573 0.006986 0.428377 
-0.890053 0.104887 0.443626 0.119188 -0.247872 0.961433 0.112526 -0.228932 0.966917 -0.892738 0.095012 0.440446 
-0.868843 0.189339 0.457452 0.128202 -0.283971 0.950224 0.122334 -0.264900 0.956484 -0.872498 0.180760 0.453952 
-0.835040 0.272822 0.477782 0.139172 -0.326696 0.934827 0.134139 -0.307589 0.942017 -0.839447 0.265849 0.473976 
-0.790950 0.344676 0.505566 0.150585 -0.373961 0.915138 0.146464 -0.354926 0.923350 -0.795790 0.339399 0.501525 
-0.738796 0.403776 0.539579 0.161916 -0.425424 0.890392 0.158799 -0.406574 0.899711 -0.743805 0.400153 0.535380 
-0.681964 0.451570 0.575334 0.171919 -0.477808 0.861477 0.169815 -0.459240 0.871930 -0.686955 0.449445 0.571044 
-0.620775 0.485023 0.615947 0.180191 -0.533169 0.826597 0.179238 -0.515012 0.838234 -0.625614 0.484244 0.611649 
-0.555880 0.501833 0.662693 0.185152 -0.592814 0.783767 0.185638 -0.575235 0.796645 -0.560492 0.502241 0.658485 
-0.486606 0.498714 0.717286 0.182858 -0.659042 0.729539 0.185394 -0.642281 0.743709 -0.490975 0.500167 0.713286 
-0.415111 0.473195 0.777026 0.165226 -0.729752 0.663447 0.170863 -0.714142 0.678827 -0.419268 0.475526 0.773362 
-0.333753 0.416738 0.845540 0.166697 -0.809858 0.562444 0.176123 -0.795797 0.579386 -0.337653 0.420005 0.842369 
-0.282723 0.364901 0.887082 0.204197 -0.853709 0.479045 0.215631 -0.840406 0.497214 -0.286478 0.368708 0.884299 
-0.262784 0.348942 0.899546 0.193932 -0.869943 0.453420 0.206937 -0.857061 0.471830 -0.266482 0.352913 0.896906 
-0.257937 0.336463 0.905683 0.124107 -0.881400 0.455775 0.141077 -0.869402 0.473536 -0.261734 0.340344 0.903140 
-0.249087 0.328855 0.910939 0.123813 -0.888101 0.442659 0.141455 -0.876281 0.460567 -0.252851 0.332818 0.908460 
-0.241877 0.326224 0.913824 0.155806 -0.890502 0.427469 0.172303 -0.878369 0.445847 -0.245564 0.330309 0.911370 
-0.231040 0.326216 0.916626 0.203990 -0.889353 0.409193 0.218011 -0.876979 0.428228 -0.234581 0.330485 0.914194 
-0.220764 0.328873 0.918208 0.251508 -0.883173 0.395916 0.262406 -0.870919 0.415503 -0.224138 0.333312 0.915787 
-0.213906 0.328827 0.919846 0.271628 -0.880573 0.388342 0.281079 -0.868557 0.408170 -0.217189 0.333356 0.917444 
-0.209674 0.321242 0.923494 0.269591 -0.884878 0.379884 0.279705 -0.872900 0.399763 -0.212969 0.325790 0.921144 
-0.205616 0.308661 0.928682 0.256062 -0.893359 0.369245 0.268101 -0.881325 0.389087 -0.208973 0.313198 0.926411 
-0.199936 0.292306 0.935191 0.234793 -0.904589 0.355796 0.249698 -0.892537 0.375538 -0.203372 0.296827 0.933024 
-0.193921 0.276038 0.941381 0.204331 -0.916590 0.343673 0.222809 -0.904674 0.363208 -0.197439 0.280534 0.939318 
-0.188346 0.262237 0.946445 0.172599 -0.926562 0.334205 0.194578 -0.914982 0.353480 -0.191930 0.266710 0.944473 
-0.181233 0.247674 0.951741 0.140578 -0.935826 0.323215 0.166274 -0.924795 0.342208 -0.184872 0.252136 0.949868 
-0.173333 0.232825 0.956947 0.102889 -0.944337 0.312475 0.132789 -0.934206 0.331099 -0.177021 0.237277 0.955177 
-0.165247 0.219098 0.961608 0.046945 -0.950894 0.305935 0.081777 -0.942535 0.323944 -0.168977 0.223534 0.959937 
-0.155930 0.204976 0.966266 -0.017447 -0.953677 0.300327 0.022557 -0.947969 0.317564 -0.159690 0.209405 0.964701 
-0.146025 0.190350 0.970795 -0.088956 -0.950838 0.296639 -0.043883 -0.948770 0.312907 -0.149810 0.194770 0.969341 
-0.135253 0.174601 0.975306 -0.168596 -0.940377 0.295409 -0.118860 -0.943130 0.310449 -0.139062 0.179008 0.973970 
-0.123194 0.157320 0.979833 -0.255649 -0.919948 0.297218 -0.202254 -0.928730 0.310731 -0.127022 0.161708 0.978630 
-0.105491 0.134679 0.985258 -0.286658 -0.921323 0.262660 -0.224795 -0.934564 0.275786 -0.109304 0.139162 0.984219 
-0.104418 0.132912 0.985612 -0.291958 -0.919901 0.261808 -0.229626 -0.933674 0.274818 -0.108236 0.137392 0.984585 
-0.106563 0.135775 0.984992 -0.289668 -0.919192 0.266791 -0.228622 -0.932432 0.279825 -0.110381 0.140244 0.983945 
-0.106631 0.134387 0.985175 -0.291762 -0.918221 0.267851 -0.230646 -0.931655 0.280752 -0.110472 0.138834 0.984135 
-0.105486 0.129494 0.985953 -0.295581 -0.917380 0.266543 -0.233445 -0.931435 0.279162 -0.109382 0.133897 0.984940 
-0.105874 0.126278 0.986329 -0.292279 -0.918369 0.266779 -0.229675 -0.932356 0.279215 -0.109831 0.130626 0.985329 
-0.109510 0.126980 0.985842 -0.276740 -0.922021 0.270726 -0.214977 -0.934658 0.283194 -0.113528 0.131262 0.984826 
-0.112677 0.125732 0.985645 -0.271969 -0.921109 0.278552 -0.211343 -0.933168 0.290743 -0.116775 0.129919 0.984624 
-0.112760 0.120501 0.986288 -0.271486 -0.920562 0.280822 -0.210496 -0.932769 0.292633 -0.116944 0.124596 0.985292 
-0.112054 0.115569 0.986959 -0.268820 -0.921599 0.279983 -0.207004 -0.933893 0.291535 -0.116308 0.119595 0.985987 
-0.112684 0.114204 0.987046 -0.261880 -0.923733 0.279530 -0.199821 -0.935604 0.291062 -0.116973 0.118194 0.986077 
-0.113858 0.115105 0.986807 -0.254922 -0.925712 0.279412 -0.193005 -0.937035 0.291057 -0.118153 0.119089 0.985828 
-0.114046 0.115904 0.986691 -0.252832 -0.926561 0.278497 -0.190875 -0.937727 0.290233 -0.118331 0.119901 0.985709 
-0.114104 0.117132 0.986540 -0.253163 -0.926585 0.278116 -0.191313 -0.937729 0.289936 -0.118370 0.121150 0.985551 
-0.113607 0.117901 0.986505 -0.259199 -0.924654 0.278983 -0.197580 -0.936167 0.290780 -0.117851 0.121940 0.985516 
-0.109824 0.113694 0.987427 -0.272735 -0.921792 0.275527 -0.209838 -0.934648 0.287057 -0.114070 0.117739 0.986471 
-0.114152 0.118449 0.986377 -0.255155 -0.925924 0.278496 -0.193553 -0.937135 0.290372 -0.118396 0.122488 0.985383 
-0.122826 0.128217 0.984111 -0.219304 -0.933384 0.284079 -0.160329 -0.941431 0.296651 -0.127064 0.132248 0.983039 
-0.126596 0.132151 0.983112 -0.207064 -0.934958 0.288057 -0.149402 -0.941902 0.300833 -0.130835 0.136169 0.982008 
-0.130501 0.134702 0.982255 -0.196042 -0.935733 0.293210 -0.139632 -0.941714 0.306067 -0.134764 0.138681 0.981125 
-0.136194 0.138571 0.980943 -0.182007 -0.936024 0.301218 -0.127422 -0.940776 0.314171 -0.140486 0.142496 0.979775 
-0.141893 0.142128 0.979626 -0.169286 -0.935697 0.309537 -0.116443 -0.939363 0.322550 -0.146216 0.145994 0.978420 
-0.144398 0.142975 0.979136 -0.160613 -0.936426 0.311945 -0.108317 -0.939489 0.325006 -0.148744 0.146809 0.977917 
-0.147526 0.145974 0.978227 -0.135231 -0.941634 0.308283 -0.083331 -0.943136 0.321793 -0.151876 0.149813 0.976980 
-0.151500 0.151970 0.976705 -0.094457 -0.948903 0.301101 -0.043473 -0.947955 0.315424 -0.155826 0.155855 0.975411 
-0.154675 0.159279 0.975041 -0.048602 -0.954976 0.292676 0.000841 -0.951404 0.307943 -0.158950 0.163241 0.973698 
-0.157668 0.166737 0.973314 -0.004283 -0.958009 0.286707 0.042905 -0.952079 0.302827 -0.161888 0.170772 0.971920 
-0.159449 0.172655 0.971991 0.026391 -0.958637 0.283406 0.071539 -0.951217 0.300113 -0.163616 0.176750 0.970561 
-0.159708 0.176357 0.971284 0.041117 -0.958674 0.281519 0.085054 -0.950597 0.298548 -0.163832 0.180499 0.969835 
-0.158641 0.177740 0.971206 0.045984 -0.959094 0.279329 0.089547 -0.950820 0.296518 -0.162734 0.181918 0.969754 
-0.157236 0.177467 0.971485 0.044391 -0.959693 0.277524 0.088163 -0.951500 0.294744 -0.161313 0.181666 0.970039 
-0.155156 0.175461 0.972183 0.033768 -0.960546 0.276063 0.078476 -0.952835 0.293167 -0.159229 0.179666 0.970755 
-0.152161 0.171415 0.973378 0.008762 -0.961179 0.275785 0.055327 -0.954651 0.292541 -0.156245 0.175612 0.971981 
-0.148017 0.165584 0.975025 -0.027332 -0.960741 0.276096 0.021724 -0.956076 0.292314 -0.152118 0.169765 0.973673 
-0.143318 0.159425 0.976752 -0.071974 -0.957796 0.278291 -0.020473 -0.955642 0.293818 -0.147434 0.163588 0.975450 
-0.137862 0.152794 0.978595 -0.121790 -0.951768 0.281612 -0.068100 -0.952653 0.296336 -0.141986 0.156943 0.977348 
-0.136213 0.152242 0.978912 -0.157656 -0.943920 0.290102 -0.104065 -0.946883 0.304274 -0.140321 0.156387 0.977677 
-0.132974 0.147504 0.980082 -0.191668 -0.935943 0.295423 -0.137431 -0.941101 0.308938 -0.137096 0.151622 0.978885 
-0.131700 0.143208 0.980891 -0.190596 -0.937145 0.292288 -0.135349 -0.942467 0.305674 -0.135861 0.147295 0.979717 
-0.128605 0.137718 0.982087 -0.197120 -0.937153 0.287904 -0.140380 -0.943212 0.301071 -0.132795 0.141787 0.980949 
-0.125728 0.134664 0.982882 -0.201756 -0.937699 0.282868 -0.143771 -0.944314 0.295976 -0.129917 0.138748 0.981769 
-0.130253 0.139981 0.981550 -0.188644 -0.938766 0.288326 -0.132421 -0.944172 0.301669 -0.134437 0.144054 0.980395 
-0.137344 0.147949 0.979412 -0.168807 -0.939849 0.296963 -0.115192 -0.943526 0.310629 -0.141526 0.152002 0.978195 
-0.141588 0.151751 0.978225 -0.156738 -0.940344 0.301971 -0.104480 -0.943063 0.315780 -0.145782 0.155777 0.976976 
-0.142605 0.152245 0.978001 -0.153716 -0.940470 0.303129 -0.101717 -0.942971 0.316952 -0.146807 0.156259 0.976745 
-0.142948 0.152369 0.977931 -0.152658 -0.940521 0.303505 -0.100740 -0.942949 0.317332 -0.147154 0.156379 0.976674 
-0.143130 0.152451 0.977892 -0.152016 -0.940572 0.303670 -0.100141 -0.942955 0.317501 -0.147337 0.156458 0.976633 
-0.143181 0.152484 0.977879 -0.151779 -0.940602 0.303694 -0.099915 -0.942970 0.317528 -0.147388 0.156491 0.976620 
-0.143187 0.152493 0.977877 -0.151709 -0.940618 0.303681 -0.099847 -0.942982 0.317516 -0.147394 0.156500 0.976618 
-0.143184 0.152495 0.977877 -0.151672 -0.940631 0.303660 -0.099810 -0.942992 0.317497 -0.147391 0.156503 0.976618 
-0.143172 0.152491 0.977879 -0.151671 -0.940640 0.303632 -0.099801 -0.943002 0.317468 -0.147379 0.156499 0.976620 
-0.143145 0.152477 0.977886 -0.151712 -0.940648 0.303588 -0.099837 -0.943013 0.317425 -0.147352 0.156485 0.976627 
-0.143113 0.152458 0.977893 -0.151774 -0.940654 0.303538 -0.099888 -0.943025 0.317375 -0.147319 0.156467 0.976635 
-0.143079 0.152438 0.977901 -0.151845 -0.940658 0.303489 -0.099952 -0.943034 0.317326 -0.147285 0.156447 0.976643 
-0.143039 0.152407 0.977912 -0.152018 -0.940638 0.303464 -0.100114 -0.943026 0.317299 -0.147245 0.156416 0.976654 
-0.142982 0.152354 0.977929 -0.152304 -0.940597 0.303447 -0.100382 -0.943005 0.317277 -0.147188 0.156363 0.976671 
-0.142947 0.152334 0.977937 -0.152387 -0.940599 0.303400 -0.100458 -0.943013 0.317230 -0.147153 0.156344 0.976679 
-0.142922 0.152322 0.977942 -0.152433 -0.940604 0.303361 -0.100495 -0.943022 0.317191 -0.147127 0.156332 0.976685 
-0.142892 0.152306 0.977949 -0.152496 -0.940608 0.303317 -0.100552 -0.943031 0.317147 -0.147097 0.156316 0.976692 
-0.142856 0.152286 0.977958 -0.152579 -0.940611 0.303267 -0.100621 -0.943040 0.317097 -0.147061 0.156297 0.976701 
-0.142813 0.152262 0.977968 -0.152680 -0.940613 0.303208 -0.100714 -0.943050 0.317038 -0.147018 0.156273 0.976711 
-0.142763 0.152234 0.977979 -0.152804 -0.940614 0.303143 -0.100823 -0.943061 0.316972 -0.146967 0.156246 0.976723 
-0.142691 0.152186 0.977997 -0.153056 -0.940594 0.303078 -0.101056 -0.943058 0.316905 -0.146895 0.156198 0.976741 
-0.142617 0.152144 0.978015 -0.153267 -0.940588 0.302991 -0.101251 -0.943067 0.316816 -0.146820 0.156157 0.976759 
-0.142540 0.152100 0.978033 -0.153490 -0.940581 0.302900 -0.101449 -0.943077 0.316724 -0.146742 0.156114 0.976778 
-0.142464 0.152058 0.978050 -0.153699 -0.940576 0.302810 -0.101637 -0.943087 0.316633 -0.146667 0.156073 0.976796 
-0.142395 0.152024 0.978066 -0.153885 -0.940573 0.302724 -0.101805 -0.943098 0.316546 -0.146597 0.156039 0.976812 
-0.142325 0.151991 0.978081 -0.154071 -0.940571 0.302637 -0.101976 -0.943109 0.316459 -0.146527 0.156007 0.976827 
-0.142255 0.151959 0.978096 -0.154265 -0.940567 0.302551 -0.102147 -0.943120 0.316372 -0.146456 0.155976 0.976843 
-0.142169 0.151900 0.978118 -0.154626 -0.940525 0.302494 -0.102490 -0.943103 0.316311 -0.146369 0.155918 0.976865 
-0.142091 0.151863 0.978135 -0.154834 -0.940522 0.302398 -0.102678 -0.943115 0.316214 -0.146291 0.155882 0.976883 
-0.142011 0.151820 0.978153 -0.155231 -0.940467 0.302366 -0.103056 -0.943086 0.316178 -0.146210 0.155840 0.976902 
-0.141876 0.151718 0.978189 -0.155637 -0.940447 0.302218 -0.103423 -0.943097 0.316026 -0.146074 0.155739 0.976938 
-0.141795 0.151674 0.978207 -0.155860 -0.940442 0.302120 -0.103625 -0.943108 0.315927 -0.145993 0.155696 0.976957 
-0.141641 0.151527 0.978252 -0.156734 -0.940300 0.302109 -0.104459 -0.943024 0.315901 -0.145838 0.155549 0.977004 
-0.141508 0.151430 0.978286 -0.157251 -0.940246 0.302008 -0.104942 -0.943006 0.315795 -0.145705 0.155452 0.977039 
-0.141386 0.151344 0.978317 -0.157801 -0.940176 0.301941 -0.105465 -0.942972 0.315722 -0.145582 0.155367 0.977070 
-0.141235 0.151217 0.978359 -0.158719 -0.940017 0.301954 -0.106350 -0.942873 0.315721 -0.145431 0.155241 0.977113 
-0.141096 0.151100 0.978397 -0.159363 -0.939929 0.301887 -0.106953 -0.942831 0.315645 -0.145291 0.155125 0.977152 
-0.140952 0.150974 0.978437 -0.160136 -0.939807 0.301861 -0.107694 -0.942759 0.315607 -0.145147 0.155000 0.977194 
-0.140891 0.150957 0.978449 -0.160317 -0.939798 0.301791 -0.107861 -0.942763 0.315537 -0.145086 0.154983 0.977205 
-0.140817 0.150922 0.978465 -0.160622 -0.939764 0.301737 -0.108148 -0.942749 0.315480 -0.145010 0.154949 0.977222 
-0.140738 0.150878 0.978483 -0.160946 -0.939726 0.301681 -0.108453 -0.942734 0.315422 -0.144931 0.154906 0.977241 
-0.140680 0.150863 0.978493 -0.161129 -0.939715 0.301618 -0.108625 -0.942735 0.315359 -0.144872 0.154892 0.977251 
-0.140615 0.150843 0.978506 -0.161341 -0.939701 0.301549 -0.108821 -0.942736 0.315288 -0.144806 0.154873 0.977264 
-0.140548 0.150822 0.978519 -0.161559 -0.939686 0.301479 -0.109028 -0.942736 0.315218 -0.144739 0.154852 0.977278 
-0.140474 0.150793 0.978534 -0.161809 -0.939666 0.301405 -0.109257 -0.942734 0.315143 -0.144665 0.154825 0.977293 
-0.140391 0.150755 0.978552 -0.162097 -0.939643 0.301324 -0.109526 -0.942731 0.315059 -0.144580 0.154787 0.977311 
-0.140300 0.150711 0.978571 -0.162406 -0.939618 0.301236 -0.109813 -0.942728 0.314969 -0.144489 0.154744 0.977332 
-0.140196 0.150652 0.978595 -0.162757 -0.939590 0.301133 -0.110138 -0.942725 0.314864 -0.144385 0.154686 0.977356 
-0.140050 0.150538 0.978634 -0.163381 -0.939511 0.301041 -0.110724 -0.942690 0.314763 -0.144238 0.154573 0.977396 
-0.139940 0.150471 0.978660 -0.163762 -0.939479 0.300934 -0.111074 -0.942685 0.314654 -0.144127 0.154507 0.977423 
-0.139823 0.150406 0.978687 -0.164147 -0.939450 0.300813 -0.111427 -0.942685 0.314530 -0.144009 0.154444 0.977450 
-0.139673 0.150293 0.978725 -0.164819 -0.939359 0.300730 -0.112063 -0.942640 0.314439 -0.143858 0.154332 0.977490 
