0.814419 0.303932 0.004843 0.962499 0.144984 0.003587 0.713858 0.209426 0.004853 0.860814 0.053605 0.003615 
0.814347 0.303927 0.004865 0.962459 0.145010 0.003539 0.713806 0.209399 0.004975 0.860794 0.053609 0.003667 
0.814452 0.303943 0.004809 0.962526 0.144988 0.003766 0.713886 0.209442 0.004684 0.860836 0.053614 0.003657 
0.814349 0.303698 0.004456 0.962380 0.144700 0.003932 0.713758 0.209224 0.004572 0.860666 0.053354 0.004054 
0.814525 0.303628 0.004096 0.962531 0.144606 0.003947 0.713919 0.209169 0.004150 0.860803 0.053276 0.004002 
0.814466 0.303641 0.004165 0.962496 0.144642 0.003886 0.713874 0.209168 0.004233 0.860781 0.053296 0.003957 
0.814466 0.303641 0.004238 0.962495 0.144642 0.003985 0.713873 0.209168 0.004303 0.860781 0.053297 0.004053 
0.814449 0.303604 0.004174 0.962490 0.144615 0.004076 0.713864 0.209124 0.004340 0.860782 0.053263 0.004242 
0.814449 0.303604 0.004247 0.962490 0.144615 0.004157 0.713863 0.209124 0.004402 0.860782 0.053263 0.004312 
0.814367 0.303727 0.004414 0.962434 0.144762 0.003930 0.713798 0.209230 0.004467 0.860741 0.053393 0.003989 
0.814252 0.303519 0.004136 0.962268 0.144507 0.003581 0.713654 0.209054 0.004731 0.860547 0.053170 0.004179 
0.813434 0.303439 0.004374 0.961710 0.144683 0.002270 0.713007 0.208801 0.005761 0.860155 0.053171 0.003674 
0.813428 0.303440 0.004431 0.961706 0.144683 0.002522 0.712998 0.208802 0.005694 0.860149 0.053171 0.003800 
0.813312 0.303400 0.004530 0.961651 0.144701 0.002492 0.712921 0.208722 0.005863 0.860131 0.053149 0.003840 
0.813289 0.303313 0.004949 0.961617 0.144610 0.002518 0.712895 0.208639 0.006349 0.860094 0.053061 0.003939 
0.813302 0.303294 0.005939 0.961625 0.144599 0.002740 0.712913 0.208615 0.007296 0.860107 0.053046 0.004130 
0.813230 0.303174 0.007227 0.961642 0.144589 0.002941 0.712910 0.208424 0.008767 0.860191 0.052964 0.004526 
0.812953 0.302838 0.008754 0.961667 0.144578 0.003123 0.712842 0.207873 0.010641 0.860419 0.052736 0.005071 
0.812586 0.302396 0.010372 0.961694 0.144566 0.003288 0.712752 0.207150 0.012650 0.860714 0.052438 0.005644 
0.812199 0.301918 0.011980 0.961721 0.144553 0.003437 0.712662 0.206370 0.014619 0.861031 0.052120 0.006171 
0.811803 0.301416 0.013573 0.961748 0.144540 0.003573 0.712578 0.205554 0.016544 0.861361 0.051789 0.006656 
0.811411 0.300900 0.015153 0.961775 0.144525 0.003695 0.712504 0.204720 0.018430 0.861697 0.051452 0.007102 
0.811030 0.300378 0.016721 0.961802 0.144511 0.003806 0.712442 0.203881 0.020278 0.862034 0.051117 0.007510 
0.810669 0.299860 0.018269 0.961828 0.144495 0.003907 0.712395 0.203053 0.022082 0.862366 0.050787 0.007886 
0.810347 0.299364 0.019801 0.961854 0.144479 0.004000 0.712368 0.202267 0.023850 0.862680 0.050477 0.008232 
0.810081 0.298908 0.021333 0.961880 0.144462 0.004086 0.712371 0.201550 0.025599 0.862967 0.050196 0.008553 
0.809874 0.298493 0.022887 0.961899 0.144443 0.004165 0.712399 0.200909 0.027355 0.863216 0.049947 0.008854 
0.809725 0.298118 0.024475 0.961914 0.144421 0.004240 0.712454 0.200339 0.029133 0.863431 0.049727 0.009137 
0.961930 0.144398 0.004309 0.863630 0.049525 0.009405 0.809621 0.297762 0.026103 0.712536 0.199806 0.030939 
0.961836 0.144387 0.004280 0.863712 0.049346 0.009639 0.809456 0.297427 0.027796 0.712551 0.199306 0.032873 
0.961854 0.144361 0.004355 0.863909 0.049146 0.009894 0.809396 0.297056 0.029543 0.712673 0.198765 0.034778 
0.961873 0.144334 0.004430 0.864111 0.048942 0.010140 0.809354 0.296669 0.031364 0.712815 0.198205 0.036748 
0.961895 0.144305 0.004506 0.809332 0.296261 0.033275 0.864318 0.048733 0.010382 0.712981 0.197620 0.038799 
0.961918 0.144274 0.004584 0.809333 0.295829 0.035285 0.864530 0.048519 0.010618 0.713174 0.197009 0.040943 
0.961853 0.144260 0.004622 0.863850 0.049053 0.009168 0.809760 0.296614 0.033769 0.712972 0.198336 0.037945 
0.811080 0.298314 0.031969 0.961799 0.144266 0.004645 0.713174 0.201112 0.035154 0.862707 0.050148 0.008183 
0.813664 0.301177 0.030114 0.961766 0.144296 0.004663 0.713987 0.205782 0.032977 0.860957 0.052007 0.007856 
0.814371 0.303944 0.032424 0.962862 0.147871 0.004399 0.715122 0.208112 0.035580 0.862471 0.055139 0.007918 
0.963270 0.148979 0.004524 0.813457 0.302703 0.037974 0.864260 0.054847 0.009615 0.715621 0.205490 0.042640 
0.963590 0.148937 0.004877 0.817586 0.304261 0.046720 0.863167 0.056365 0.010835 0.718269 0.208601 0.052142 
0.963798 0.148416 0.005146 0.821556 0.305511 0.052916 0.861750 0.057631 0.010993 0.720545 0.211631 0.058142 
0.963779 0.148385 0.005203 0.821197 0.304985 0.053581 0.861896 0.057383 0.010517 0.720357 0.210892 0.058261 
0.963742 0.148381 0.005211 0.820491 0.304521 0.053098 0.862177 0.057018 0.010413 0.719982 0.210070 0.057671 
0.963745 0.148412 0.005193 0.820719 0.305056 0.052097 0.861982 0.057280 0.010597 0.720007 0.210832 0.056888 
0.963568 0.148579 0.005280 0.821905 0.305310 0.055884 0.861599 0.057744 0.011693 0.720966 0.211384 0.061641 
0.715135 0.214667 0.079496 1.112051 0.243782 0.006954 1.039775 0.127745 0.005723 0.854113 0.064839 0.015352 0.814712 0.309912 0.071962 0.941090 0.355658 0.071250 
0.697383 0.229854 0.104033 1.112989 0.243485 0.007211 1.040090 0.127840 0.005843 0.833731 0.084632 0.025308 0.795795 0.326261 0.095979 0.942712 0.356150 0.071940 
0.673792 0.251370 0.134381 1.114144 0.242822 0.007355 1.040060 0.127935 0.005810 0.806073 0.111111 0.041069 0.771453 0.348529 0.126229 0.944540 0.357475 0.070340 
0.648525 0.272045 0.167492 1.115110 0.242240 0.007707 1.039969 0.128049 0.005699 0.776029 0.137404 0.060291 0.745384 0.369991 0.159193 0.945512 0.358971 0.066767 
0.624611 0.289204 0.199163 0.720719 0.387845 0.190368 1.039932 0.128115 0.005660 0.746474 0.160296 0.079123 1.116133 0.241587 0.008388 0.947123 0.359910 0.065946 
0.607601 0.300724 0.225323 0.703138 0.399856 0.215860 1.039927 0.128204 0.005646 0.723857 0.176764 0.094954 1.117420 0.240790 0.008621 0.949529 0.361110 0.065308 
0.600245 0.307441 0.244492 0.695777 0.406523 0.234467 1.039946 0.128303 0.005653 0.711446 0.186818 0.106789 1.118680 0.240035 0.008263 0.952120 0.362395 0.064508 
0.601315 0.310666 0.258811 0.697103 0.409504 0.248827 1.040013 0.128356 0.005729 0.708426 0.192909 0.115500 1.119685 0.239433 0.007774 0.954636 0.363095 0.065604 
1.120236 0.239079 0.007776 1.040121 0.128318 0.005884 0.704750 0.408823 0.260786 0.956671 0.362689 0.069781 0.608614 0.310268 0.270198 0.712570 0.195275 0.122388 
1.120505 0.238849 0.008554 1.040258 0.128195 0.006099 0.716741 0.404302 0.271316 0.958507 0.361182 0.076883 0.620229 0.306034 0.279843 0.721611 0.193830 0.128154 
1.120628 0.238672 0.009753 1.040427 0.128011 0.006362 0.731088 0.395265 0.279633 0.960471 0.358778 0.085923 0.634318 0.297184 0.287365 0.733419 0.187707 0.132215 
1.120613 0.238540 0.011296 1.040630 0.127764 0.006668 0.746010 0.382128 0.285780 0.962696 0.355350 0.096710 0.649157 0.284087 0.292963 0.746240 0.177124 0.134813 
1.120492 0.238412 0.013206 1.040856 0.127464 0.006995 0.759985 0.366569 0.291890 0.965151 0.350926 0.108534 0.663229 0.268412 0.298779 0.757935 0.164257 0.137347 
1.120309 0.238210 0.015719 1.041091 0.127107 0.007323 0.772268 0.349848 0.300065 0.967772 0.345338 0.121236 0.675934 0.251242 0.306432 0.767944 0.151191 0.140898 
1.120171 0.237958 0.018649 1.041346 0.126810 0.007582 0.782565 0.332240 0.310639 0.970706 0.338783 0.134287 0.686924 0.232919 0.316321 0.775645 0.138261 0.145891 
1.041593 0.126394 0.007894 1.120168 0.237406 0.021757 0.696609 0.213868 0.328523 0.781185 0.125913 0.152488 0.791382 0.314062 0.323700 0.974125 0.331474 0.147058 
1.041855 0.125944 0.008215 1.120303 0.236640 0.025016 0.705933 0.193861 0.342325 0.785568 0.113890 0.160279 0.799708 0.295036 0.338615 0.978048 0.323389 0.159611 
1.120553 0.235624 0.028530 1.042154 0.125414 0.008601 0.808836 0.274655 0.354473 0.982572 0.314175 0.172296 0.716130 0.172455 0.356676 0.790127 0.101785 0.168506 
1.120586 0.234586 0.032771 1.042421 0.124994 0.008906 0.821190 0.251580 0.368436 0.988022 0.301997 0.186915 0.729595 0.148361 0.368144 0.798224 0.088513 0.174273 
1.123640 0.231739 0.035919 1.045319 0.122896 0.009297 0.846074 0.224104 0.368028 0.996212 0.290309 0.197812 0.747420 0.127624 0.369709 0.812179 0.058596 0.177566 
1.128346 0.229387 0.038745 0.765439 0.100514 0.359964 0.870423 0.189920 0.354597 1.007933 0.279078 0.208772 1.048931 0.121950 0.009758 0.827649 0.016817 0.172875 
1.135217 0.226409 0.040789 0.785081 0.067222 0.336154 1.023314 0.268018 0.218620 1.053801 0.120909 0.010279 0.847586 -0.038412 0.160620 0.958255 0.040899 0.148286 
0.805737 0.030262 0.313655 1.140899 0.222313 0.042821 1.039122 0.253845 0.228629 0.982587 -0.016971 0.133462 0.868304 -0.090534 0.148212 
0.826283 -0.011065 0.285041 1.146615 0.216053 0.044203 1.055508 0.237465 0.236865 1.012191 -0.080525 0.121977 0.894933 -0.149292 0.136520 
0.846300 -0.053571 0.264390 1.037007 -0.133755 0.112148 0.919073 -0.201214 0.127338 1.151306 0.210261 0.044779 0.983022 0.120512 0.213430 1.072614 0.221016 0.243700 
0.864079 -0.091984 0.257928 1.055673 -0.177821 0.109939 0.936551 -0.243253 0.124723 1.154791 0.205718 0.044127 0.999398 0.107065 0.220020 1.091660 0.205570 0.248803 
0.884913 -0.109475 0.273004 1.068250 -0.193539 0.113952 0.945510 -0.252603 0.125628 1.011594 0.091469 0.223059 1.155714 0.203693 0.045710 1.104453 0.189015 0.253158 
0.916512 -0.104413 0.279663 1.093643 -0.185032 0.112028 0.966078 -0.233992 0.116476 1.014797 0.076263 0.224438 1.155523 0.197626 0.050412 1.107931 0.172501 0.257732 
1.105213 -0.179163 0.118710 0.976906 -0.225470 0.127809 1.145779 0.184207 0.044528 1.102168 0.164683 0.253322 0.940528 -0.105733 0.301640 1.010155 0.065922 0.224618 
1.107489 -0.174918 0.134927 0.981219 -0.225209 0.149636 1.113926 0.174996 0.246255 0.958041 -0.125930 0.338008 1.018797 0.076671 0.228179 
1.115392 -0.161651 0.152982 0.991022 -0.215682 0.170372 1.114810 0.183968 0.240969 0.979821 -0.138707 0.369939 1.018907 0.085505 0.228660 
1.015486 -0.195890 0.178939 1.105187 0.185581 0.234613 1.010503 0.085373 0.228505 1.138060 0.166850 0.023790 1.139267 -0.140535 0.161507 1.139867 -0.085337 0.371618 
1.094678 0.182585 0.228296 1.001617 0.080696 0.229834 1.122829 0.153186 0.018008 1.174304 -0.088340 0.382690 1.042198 -0.183425 0.186924 1.165039 -0.126176 0.168970 
1.090639 0.178969 0.228917 1.000543 0.074440 0.229564 1.119295 0.152469 0.018313 1.201894 -0.088824 0.401522 1.046244 -0.179081 0.221399 1.162586 -0.114787 0.189450 
1.091535 0.175989 0.230055 1.003399 0.069801 0.229752 1.223688 -0.089473 0.434945 1.041921 -0.177392 0.279870 1.116148 -0.163119 0.480280 
1.096875 0.173906 0.230154 1.008042 0.068300 0.230437 1.233191 -0.065257 0.467774 1.029818 -0.162276 0.349265 1.141598 -0.146615 0.531302 
1.032004 -0.140198 0.410582 1.170958 -0.122092 0.572575 1.098661 0.172390 0.230107 1.009464 0.067090 0.230400 1.247771 -0.036098 0.496753 
1.049612 -0.103548 0.467831 1.212390 -0.086932 0.606052 1.096588 0.171221 0.230048 1.007012 0.066246 0.229664 1.274750 0.002528 0.521483 
1.007094 0.070885 0.231047 1.096823 0.175682 0.227824 1.298983 0.022693 0.549713 1.235515 -0.068538 0.631522 1.063796 -0.063209 0.503609 
1.100876 0.182146 0.226623 1.304007 0.028998 0.568405 1.234138 -0.064176 0.642438 1.011271 0.077439 0.233781 1.061388 -0.031226 0.520170 
1.108807 0.188810 0.225777 1.290187 0.033662 0.567708 1.215345 -0.060530 0.635312 1.018544 0.084815 0.234804 1.045160 -0.011092 0.515018 
1.115601 0.191907 0.225837 1.186108 -0.065152 0.615264 1.266463 0.030552 0.556717 1.025149 0.088104 0.235193 1.020619 0.002005 0.497022 
0.993243 0.007520 0.466651 1.237867 0.026892 0.534484 1.153798 -0.070004 0.585352 1.118306 0.190699 0.226236 1.028339 0.086443 0.235219 
1.119158 0.188082 0.226853 0.966458 0.009434 0.432798 1.121635 -0.081971 0.548743 1.143128 0.150935 0.017274 1.209735 0.015947 0.507577 
0.941291 0.006389 0.394591 1.091926 -0.093626 0.509412 1.119044 0.185968 0.227272 1.028551 0.106053 0.360790 1.143222 0.150734 0.017387 1.182199 0.005570 0.476933 
0.919977 0.001647 0.355491 1.066689 -0.103854 0.470482 1.118141 0.184464 0.227499 1.008515 0.102330 0.328776 1.143130 0.150631 0.017479 1.158196 -0.003707 0.445161 
0.899038 -0.010319 0.306462 1.042127 -0.099044 0.438868 1.116991 0.183586 0.227563 0.984304 0.092689 0.278021 1.143033 0.150568 0.017541 1.130279 0.003690 0.412053 
0.881868 -0.027138 0.259652 1.019893 -0.097178 0.407711 1.115982 0.183196 0.227536 0.963799 0.077652 0.228088 1.142960 0.150535 0.017576 1.104603 0.007624 0.377967 
0.872859 -0.042527 0.227683 1.006630 -0.102673 0.383777 1.113982 0.181568 0.227638 0.953250 0.063101 0.194975 1.142847 0.150445 0.017696 1.089725 0.003118 0.352995 
0.868387 -0.051114 0.210654 1.142543 0.150219 0.018261 1.081471 -0.002855 0.341358 0.998668 -0.109371 0.370374 0.948538 0.055206 0.179644 1.110716 0.178286 0.228206 
0.865328 -0.054855 0.206451 1.142593 0.149931 0.019320 1.076998 -0.007111 0.339621 0.994103 -0.113969 0.367076 0.945592 0.051816 0.176974 1.109208 0.176443 0.229225 
0.862457 -0.055310 0.210753 1.142754 0.149631 0.020054 1.074126 -0.009512 0.344605 0.991070 -0.116587 0.370694 0.942882 0.051607 0.182638 1.108146 0.175283 0.229869 
0.860186 -0.054157 0.218809 1.143023 0.149320 0.020558 1.072432 -0.010798 0.352560 0.989171 -0.118001 0.377443 0.940810 0.052922 0.191908 1.107351 0.174936 0.230198 
0.858371 -0.052563 0.227469 1.143224 0.149127 0.020739 1.071456 -0.011241 0.360530 0.988054 -0.118504 0.384669 0.939125 0.054607 0.201325 1.106742 0.175144 0.230190 
0.857290 -0.051077 0.234061 1.143325 0.149053 0.020717 1.071050 -0.011104 0.366449 0.987567 -0.118395 0.390182 0.938115 0.056139 0.208334 1.106326 0.175602 0.230011 
0.857158 -0.049992 0.237277 1.143378 0.149038 0.020587 1.071315 -0.010650 0.369211 0.987765 -0.117906 0.392865 0.938046 0.057198 0.211637 1.106244 0.176001 0.229804 
0.857529 -0.049687 0.237317 1.143428 0.149035 0.020410 1.071795 -0.010304 0.369062 0.988229 -0.117517 0.392861 0.938429 0.057459 0.211533 1.106547 0.176184 0.229648 
0.858014 -0.049888 0.235983 1.143454 0.149053 0.020223 1.072255 -0.010107 0.367649 0.988727 -0.117291 0.391703 0.938878 0.057224 0.209944 1.106918 0.176318 0.229506 
0.858501 -0.050281 0.234242 1.143467 0.149071 0.020085 1.072651 -0.010018 0.365908 0.989176 -0.117189 0.390206 0.939312 0.056811 0.207958 1.107270 0.176362 0.229424 
0.858938 -0.050573 0.232809 1.143453 0.149008 0.020028 1.072977 -0.009985 0.364557 0.989535 -0.117153 0.388980 0.939718 0.056511 0.206399 1.107394 0.176314 0.229388 
0.859217 -0.050664 0.232116 1.143446 0.149022 0.019992 1.073220 -0.009920 0.363874 0.989793 -0.117082 0.388373 0.939982 0.056412 0.205629 1.107529 0.176292 0.229382 
0.859304 -0.050670 0.231954 1.143446 0.149025 0.019974 1.073307 -0.009885 0.363701 0.989884 -0.117044 0.388227 0.940066 0.056402 0.205440 1.107579 0.176292 0.229373 
0.859304 -0.050669 0.231952 1.143446 0.149025 0.019971 1.073306 -0.009885 0.363698 0.989883 -0.117044 0.388225 0.940066 0.056402 0.205437 1.107578 0.176292 0.229369 
0.859303 -0.050669 0.231949 1.143446 0.149025 0.019968 1.073306 -0.009885 0.363696 0.989882 -0.117044 0.388223 0.940065 0.056402 0.205435 1.107578 0.176292 0.229366 
0.859303 -0.050670 0.231947 1.143446 0.149025 0.019966 1.073305 -0.009885 0.363695 0.989881 -0.117044 0.388221 0.940064 0.056402 0.205433 1.107577 0.176293 0.229364 
0.859303 -0.050670 0.231947 1.143446 0.149025 0.019964 1.073304 -0.009885 0.363694 0.989881 -0.117043 0.388221 0.940064 0.056402 0.205432 1.107577 0.176293 0.229362 
0.859303 -0.050669 0.231947 1.143446 0.149024 0.019963 1.073305 -0.009884 0.363694 0.989881 -0.117043 0.388220 0.940064 0.056402 0.205432 1.107577 0.176293 0.229361 
0.859297 -0.050668 0.231961 1.143447 0.149024 0.019960 1.073303 -0.009876 0.363700 0.989881 -0.117034 0.388234 0.940057 0.056403 0.205439 1.107575 0.176300 0.229357 
0.859293 -0.050668 0.231966 1.143447 0.149024 0.019958 1.073300 -0.009874 0.363701 0.989878 -0.117032 0.388238 0.940053 0.056402 0.205441 1.107574 0.176303 0.229354 
0.859281 -0.050673 0.231994 1.143447 0.149024 0.019958 1.073293 -0.009869 0.363719 0.989874 -0.117027 0.388264 0.940038 0.056398 0.205461 1.107566 0.176308 0.229352 
0.859281 -0.050672 0.231996 1.143447 0.149024 0.019957 1.073294 -0.009868 0.363719 0.989875 -0.117026 0.388265 0.940039 0.056398 0.205462 1.107567 0.176308 0.229351 
0.859271 -0.050691 0.232011 1.143445 0.149014 0.019959 1.073288 -0.009875 0.363724 0.989873 -0.117034 0.388279 0.940025 0.056380 0.205469 1.107550 0.176303 0.229350 
0.859247 -0.050725 0.232049 1.143439 0.148991 0.019962 1.073274 -0.009887 0.363739 0.989865 -0.117046 0.388311 0.939994 0.056347 0.205488 1.107512 0.176295 0.229346 
0.859214 -0.050746 0.232102 1.143437 0.148991 0.019966 1.073246 -0.009898 0.363782 0.989842 -0.117061 0.388360 0.939956 0.056329 0.205537 1.107495 0.176296 0.229346 
0.859214 -0.050747 0.232104 1.143437 0.148991 0.019965 1.073246 -0.009899 0.363783 0.989842 -0.117061 0.388361 0.939955 0.056328 0.205538 1.107494 0.176296 0.229346 
0.859175 -0.050783 0.232172 1.143436 0.148992 0.019964 1.073216 -0.009912 0.363829 0.989823 -0.117079 0.388421 0.939906 0.056296 0.205593 1.107483 0.176305 0.229342 
0.859096 -0.050864 0.232295 1.143436 0.148967 0.019958 1.073154 -0.009950 0.363911 0.989778 -0.117125 0.388530 0.939809 0.056222 0.205690 1.107457 0.176320 0.229326 
0.858980 -0.050966 0.232446 1.143444 0.148963 0.019950 1.073053 -0.010009 0.364025 0.989698 -0.117196 0.388664 0.939672 0.056131 0.205821 1.107459 0.176346 0.229313 
0.858858 -0.051024 0.232691 1.143443 0.148964 0.019948 1.072941 -0.010048 0.364249 0.989607 -0.117252 0.388885 0.939529 0.056090 0.206070 1.107425 0.176376 0.229302 
0.858769 -0.051055 0.232910 1.143443 0.148965 0.019940 1.072869 -0.010059 0.364433 0.989552 -0.117273 0.389079 0.939423 0.056069 0.206278 1.107409 0.176412 0.229286 
0.858691 -0.051077 0.233127 1.143444 0.148968 0.019927 1.072808 -0.010055 0.364613 0.989509 -0.117279 0.389273 0.939327 0.056057 0.206482 1.107398 0.176457 0.229266 
0.858641 -0.051088 0.233325 1.143447 0.148970 0.019906 1.072784 -0.010034 0.364760 0.989501 -0.117265 0.389447 0.939260 0.056052 0.206653 1.107414 0.176507 0.229240 
0.858615 -0.051009 0.233634 1.143441 0.148983 0.019872 1.072789 -0.009913 0.365005 0.989525 -0.117151 0.389729 0.939214 0.056137 0.206927 1.107399 0.176610 0.229194 
0.858614 -0.050906 0.234082 1.143445 0.148997 0.019808 1.072857 -0.009749 0.365320 0.989621 -0.116990 0.390120 0.939184 0.056243 0.207300 1.107450 0.176758 0.229120 
0.858623 -0.050777 0.234541 1.143493 0.149000 0.019731 1.072935 -0.009535 0.365640 0.989727 -0.116777 0.390532 0.939163 0.056373 0.207668 1.107484 0.176969 0.229013 
0.858689 -0.050571 0.235113 1.143499 0.149019 0.019636 1.073105 -0.009255 0.366018 0.989924 -0.116490 0.391029 0.939201 0.056570 0.208124 1.107567 0.177184 0.228905 
0.858824 -0.050356 0.235530 1.143512 0.149036 0.019530 1.073348 -0.008951 0.366232 0.990187 -0.116169 0.391384 0.939315 0.056766 0.208402 1.107707 0.177392 0.228794 
0.858975 -0.050145 0.235896 1.143521 0.149057 0.019420 1.073598 -0.008628 0.366398 0.990462 -0.115831 0.391698 0.939439 0.056960 0.208622 1.107846 0.177607 0.228680 
0.859119 -0.049938 0.236310 1.143524 0.149082 0.019308 1.073844 -0.008301 0.366606 0.990741 -0.115493 0.392054 0.939550 0.057156 0.208891 1.107966 0.177838 0.228561 
0.859271 -0.049711 0.236761 1.143527 0.149109 0.019188 1.074105 -0.007944 0.366836 0.991037 -0.115126 0.392441 0.939664 0.057371 0.209186 1.108089 0.178090 0.228430 
0.859446 -0.049467 0.237237 1.143535 0.149134 0.019059 1.074402 -0.007573 0.367069 0.991367 -0.114739 0.392846 0.939804 0.057597 0.209494 1.108243 0.178347 0.228293 
0.859620 -0.049201 0.237669 1.143539 0.149138 0.018918 1.074678 -0.007142 0.367279 0.991680 -0.114295 0.393235 0.939939 0.057846 0.209749 1.108349 0.178644 0.228128 
0.859776 -0.048894 0.238232 1.143535 0.149176 0.018769 1.074950 -0.006656 0.367590 0.991998 -0.113797 0.393740 0.940048 0.058138 0.210121 1.108458 0.178986 0.227955 
0.859907 -0.048558 0.238885 1.143526 0.149220 0.018613 1.075199 -0.006128 0.367985 0.992299 -0.113260 0.394333 0.940126 0.058463 0.210579 1.108530 0.179374 0.227763 
0.860075 -0.048201 0.239720 1.143531 0.149256 0.018445 1.075531 -0.005620 0.368496 0.992678 -0.112737 0.395056 0.940243 0.058803 0.211204 1.108676 0.179744 0.227571 
0.860274 -0.047876 0.240302 1.143537 0.149289 0.018286 1.075870 -0.005132 0.368790 0.993058 -0.112228 0.395560 0.940399 0.059105 0.211579 1.108839 0.180080 0.227392 
0.860476 -0.047603 0.240738 1.143541 0.149319 0.018141 1.076189 -0.004695 0.368974 0.993417 -0.111773 0.395937 0.940559 0.059357 0.211825 1.108997 0.180375 0.227234 
0.860742 -0.047343 0.241017 1.143573 0.149223 0.018104 1.076498 -0.004376 0.369161 0.993744 -0.111452 0.396189 0.940807 0.059615 0.212041 1.108871 0.180477 0.227141 
0.860943 -0.047177 0.241128 1.143579 0.149196 0.018094 1.076709 -0.004164 0.369238 0.993967 -0.111240 0.396299 0.940995 0.059780 0.212119 1.108786 0.180518 0.227106 
0.861011 -0.047146 0.241179 1.143615 0.149126 0.018078 1.076780 -0.004080 0.369267 0.994052 -0.111160 0.396357 0.941050 0.059814 0.212141 1.108713 0.180568 0.227054 
0.860989 -0.047164 0.241175 1.143631 0.149109 0.018076 1.076741 -0.004051 0.369276 0.994025 -0.111138 0.396374 0.941016 0.059802 0.212129 1.108659 0.180599 0.227033 
0.860975 -0.047158 0.241232 1.143629 0.149110 0.018074 1.076729 -0.004036 0.369326 0.994016 -0.111125 0.396429 0.940998 0.059810 0.212182 1.108645 0.180613 0.227027 
0.860971 -0.047158 0.241243 1.143629 0.149110 0.018074 1.076727 -0.004037 0.369336 0.994014 -0.111126 0.396438 0.940994 0.059811 0.212193 1.108643 0.180614 0.227026 
0.860968 -0.047158 0.241253 1.143629 0.149110 0.018073 1.076724 -0.004037 0.369345 0.994011 -0.111127 0.396447 0.940990 0.059811 0.212203 1.108640 0.180614 0.227025 
0.860966 -0.047158 0.241259 1.143629 0.149110 0.018073 1.076723 -0.004038 0.369349 0.994011 -0.111127 0.396452 0.940988 0.059811 0.212209 1.108639 0.180615 0.227025 
0.860963 -0.047159 0.241267 1.143629 0.149110 0.018072 1.076721 -0.004039 0.369356 0.994009 -0.111128 0.396458 0.940985 0.059810 0.212216 1.108637 0.180615 0.227024 
0.860962 -0.047160 0.241272 1.143628 0.149109 0.018072 1.076720 -0.004039 0.369360 0.994009 -0.111129 0.396463 0.940983 0.059809 0.212221 1.108636 0.180615 0.227023 
0.860960 -0.047161 0.241278 1.143628 0.149109 0.018072 1.076719 -0.004040 0.369365 0.994008 -0.111130 0.396468 0.940981 0.059809 0.212227 1.108634 0.180616 0.227022 
0.860957 -0.047163 0.241285 1.143628 0.149109 0.018072 1.076717 -0.004041 0.369370 0.994006 -0.111132 0.396474 0.940978 0.059807 0.212233 1.108632 0.180616 0.227022 
0.860954 -0.047165 0.241294 1.143628 0.149109 0.018072 1.076715 -0.004043 0.369377 0.994004 -0.111133 0.396481 0.940974 0.059806 0.212242 1.108629 0.180616 0.227021 
0.860950 -0.047166 0.241306 1.143628 0.149109 0.018071 1.076713 -0.004043 0.369387 0.994003 -0.111134 0.396492 0.940970 0.059805 0.212253 1.108626 0.180617 0.227021 
0.860945 -0.047167 0.241326 1.143628 0.149109 0.018071 1.076710 -0.004042 0.369402 0.994002 -0.111133 0.396510 0.940963 0.059804 0.212271 1.108623 0.180620 0.227019 
0.860938 -0.047165 0.241368 1.143627 0.149109 0.018069 1.076708 -0.004036 0.369432 0.994003 -0.111128 0.396546 0.940953 0.059805 0.212306 1.108619 0.180626 0.227016 
0.860928 -0.047165 0.241442 1.143648 0.149038 0.018050 1.076709 -0.004026 0.369486 0.994007 -0.111117 0.396612 0.940940 0.059805 0.212368 1.108587 0.180661 0.226972 
0.860874 -0.047156 0.241728 1.143663 0.149012 0.018045 1.076693 -0.003989 0.369700 0.994005 -0.111081 0.396865 0.940871 0.059816 0.212617 1.108515 0.180712 0.226940 
0.860788 -0.047136 0.242119 1.143672 0.148983 0.018037 1.076641 -0.003952 0.370026 0.993973 -0.111055 0.397212 0.940764 0.059845 0.212988 1.108425 0.180777 0.226902 
0.860725 -0.047097 0.242442 1.143666 0.148988 0.018033 1.076599 -0.003914 0.370313 0.993945 -0.111026 0.397500 0.940687 0.059894 0.213309 1.108369 0.180827 0.226882 
0.860689 -0.047089 0.242612 1.143663 0.148991 0.018031 1.076579 -0.003898 0.370454 0.993933 -0.111015 0.397651 0.940642 0.059906 0.213470 1.108340 0.180853 0.226872 
0.860672 -0.047087 0.242728 1.143678 0.148955 0.018021 1.076570 -0.003873 0.370550 0.993934 -0.110995 0.397760 0.940615 0.059913 0.213574 1.108293 0.180890 0.226841 
0.860629 -0.047103 0.243001 1.143712 0.148800 0.017977 1.076553 -0.003841 0.370762 0.993939 -0.110970 0.398008 0.940550 0.059903 0.213811 1.108188 0.180984 0.226735 
0.860553 -0.047119 0.243362 1.143715 0.148747 0.017960 1.076509 -0.003810 0.371052 0.993923 -0.110952 0.398331 0.940446 0.059900 0.214140 1.108102 0.181051 0.226685 
0.860462 -0.047149 0.243691 1.143692 0.148590 0.017919 1.076439 -0.003757 0.371318 0.993886 -0.110913 0.398642 0.940321 0.059883 0.214424 1.107921 0.181111 0.226582 
0.860349 -0.047178 0.244119 1.143677 0.148561 0.017906 1.076348 -0.003688 0.371676 0.993840 -0.110867 0.399044 0.940164 0.059876 0.214810 1.107796 0.181196 0.226533 
0.860319 -0.047158 0.244436 1.143666 0.148571 0.017903 1.076333 -0.003618 0.371950 0.993854 -0.110815 0.399336 0.940103 0.059913 0.215110 1.107738 0.181266 0.226513 
0.860363 -0.047121 0.244550 1.143666 0.148576 0.017896 1.076395 -0.003539 0.372018 0.993930 -0.110738 0.399439 0.940133 0.059951 0.215189 1.107761 0.181319 0.226502 
0.860389 -0.047108 0.244591 1.143666 0.148579 0.017894 1.076432 -0.003505 0.372036 0.993972 -0.110704 0.399474 0.940154 0.059964 0.215213 1.107779 0.181340 0.226500 
0.860394 -0.047105 0.244601 1.143667 0.148579 0.017896 1.076438 -0.003501 0.372042 0.993980 -0.110699 0.399483 0.940157 0.059967 0.215220 1.107782 0.181343 0.226503 
0.860395 -0.047105 0.244605 1.143667 0.148579 0.017899 1.076440 -0.003501 0.372045 0.993981 -0.110699 0.399486 0.940158 0.059967 0.215223 1.107783 0.181343 0.226505 
0.860396 -0.047105 0.244608 1.143667 0.148579 0.017901 1.076441 -0.003501 0.372048 0.993983 -0.110699 0.399489 0.940159 0.059967 0.215227 1.107784 0.181343 0.226508 
0.860397 -0.047105 0.244612 1.143667 0.148578 0.017904 1.076443 -0.003500 0.372050 0.993985 -0.110699 0.399492 0.940160 0.059967 0.215230 1.107785 0.181343 0.226510 
0.860398 -0.047105 0.244617 1.143667 0.148578 0.017906 1.076445 -0.003500 0.372053 0.993987 -0.110699 0.399496 0.940161 0.059966 0.215234 1.107786 0.181343 0.226512 
0.860398 -0.047107 0.244626 1.143667 0.148578 0.017907 1.076447 -0.003499 0.372058 0.993990 -0.110697 0.399504 0.940160 0.059964 0.215240 1.107787 0.181344 0.226514 
0.860398 -0.047113 0.244646 1.143667 0.148579 0.017908 1.076453 -0.003494 0.372064 0.993999 -0.110693 0.399520 0.940157 0.059958 0.215250 1.107789 0.181347 0.226514 
0.860407 -0.047111 0.244681 1.143667 0.148580 0.017906 1.076472 -0.003477 0.372077 0.994023 -0.110675 0.399549 0.940161 0.059960 0.215269 1.107798 0.181358 0.226513 
0.860431 -0.047091 0.244734 1.143669 0.148582 0.017902 1.076511 -0.003440 0.372098 0.994066 -0.110636 0.399593 0.940180 0.059977 0.215299 1.107821 0.181382 0.226509 
0.860471 -0.047053 0.244810 1.143672 0.148584 0.017894 1.076574 -0.003380 0.372128 0.994135 -0.110571 0.399656 0.940215 0.060010 0.215343 1.107858 0.181419 0.226502 
0.860530 -0.046996 0.244915 1.143676 0.148589 0.017882 1.076664 -0.003293 0.372169 0.994232 -0.110477 0.399744 0.940267 0.060060 0.215403 1.107913 0.181472 0.226491 
0.860608 -0.046921 0.245051 1.143682 0.148594 0.017866 1.076783 -0.003178 0.372223 0.994359 -0.110354 0.399856 0.940335 0.060126 0.215480 1.107984 0.181542 0.226475 
0.860704 -0.046828 0.245217 1.143689 0.148601 0.017846 1.076928 -0.003037 0.372288 0.994515 -0.110202 0.399994 0.940419 0.060208 0.215575 1.108072 0.181629 0.226456 
0.860816 -0.046718 0.245414 1.143697 0.148608 0.017822 1.108176 0.181731 0.226434 0.940518 0.060305 0.215687 0.994699 -0.110023 0.400157 1.077100 -0.002870 0.372365 
0.860942 -0.046591 0.245646 1.143706 0.148618 0.017794 1.108291 0.181849 0.226407 0.940628 0.060417 0.215824 0.994907 -0.109819 0.400350 1.077293 -0.002680 0.372461 
0.861060 -0.046477 0.245894 1.143714 0.148626 0.017771 1.108392 0.181958 0.226383 0.940728 0.060515 0.215968 0.995113 -0.109620 0.400556 1.077481 -0.002495 0.372562 
0.861139 -0.046403 0.246116 1.143719 0.148634 0.017754 1.108467 0.182046 0.226365 0.940788 0.060579 0.216106 0.995269 -0.109473 0.400742 1.077619 -0.002357 0.372663 
0.861220 -0.046314 0.246305 1.143725 0.148640 0.017738 1.108540 0.182129 0.226348 0.940856 0.060659 0.216230 0.995408 -0.109334 0.400901 1.077747 -0.002226 0.372756 
0.861284 -0.046240 0.246465 1.143730 0.148645 0.017725 1.108599 0.182199 0.226334 0.940911 0.060726 0.216337 0.995520 -0.109218 0.401035 1.077850 -0.002117 0.372837 
0.861336 -0.046178 0.246600 1.143733 0.148650 0.017714 1.108647 0.182255 0.226322 0.940955 0.060782 0.216430 0.995611 -0.109124 0.401149 1.077934 -0.002029 0.372907 
0.861379 -0.046125 0.246714 1.143737 0.148653 0.017705 1.108687 0.182303 0.226312 0.940991 0.060829 0.216508 0.995688 -0.109044 0.401245 1.078004 -0.001954 0.372966 
0.861417 -0.046080 0.246811 1.143740 0.148656 0.017697 1.108722 0.182345 0.226304 0.941024 0.060869 0.216573 0.995755 -0.108974 0.401327 1.078067 -0.001889 0.373016 
0.861454 -0.046039 0.246897 1.143742 0.148659 0.017690 1.108756 0.182382 0.226296 0.941056 0.060906 0.216629 0.995820 -0.108909 0.401400 1.078126 -0.001828 0.373057 
0.861490 -0.046004 0.246976 1.143745 0.148661 0.017684 1.108787 0.182416 0.226289 0.941086 0.060937 0.216677 0.995882 -0.108849 0.401465 1.078183 -0.001772 0.373092 
0.861529 -0.045964 0.247057 1.143747 0.148664 0.017676 1.108822 0.182453 0.226282 0.941120 0.060972 0.216726 0.995948 -0.108784 0.401533 1.078244 -0.001712 0.373127 
0.861572 -0.045921 0.247147 1.143750 0.148667 0.017669 1.108859 0.182494 0.226273 0.941156 0.061009 0.216781 0.996021 -0.108712 0.401608 1.078312 -0.001645 0.373167 
0.861618 -0.045873 0.247252 1.143754 0.148670 0.017659 1.108900 0.182539 0.226264 0.941195 0.061051 0.216846 0.996103 -0.108632 0.401696 1.078387 -0.001570 0.373213 
0.861675 -0.045802 0.247404 1.143757 0.148672 0.017647 1.108940 0.182599 0.226249 0.941244 0.061114 0.216950 0.996203 -0.108525 0.401825 1.078479 -0.001470 0.373294 
0.861720 -0.045728 0.247648 1.143758 0.148678 0.017637 1.108965 0.182669 0.226231 0.941274 0.061185 0.217144 0.996304 -0.108412 0.402036 1.078566 -0.001360 0.373454 
