2.787961 0.626119 0.002522 2.896674 0.438054 0.005110 2.670850 0.555586 0.002399 2.776900 0.369510 0.004949 
2.787963 0.626115 0.002756 2.896678 0.438048 0.005089 2.670852 0.555583 0.002645 2.776904 0.369504 0.004944 
2.787966 0.626112 0.002964 2.896681 0.438042 0.005061 2.670855 0.555580 0.002866 2.776907 0.369498 0.004932 
2.787944 0.626132 0.003035 2.896648 0.438053 0.004882 2.670828 0.555609 0.002994 2.776870 0.369518 0.004815 
2.787946 0.626130 0.003216 2.896651 0.438050 0.004889 2.670830 0.555607 0.003178 2.776872 0.369515 0.004826 
2.787948 0.626128 0.003382 2.896653 0.438047 0.004896 2.670831 0.555604 0.003346 2.776874 0.369512 0.004838 
2.787942 0.626173 0.003660 2.896667 0.438101 0.004818 2.670833 0.555638 0.003525 2.776896 0.369554 0.004665 
2.787947 0.626250 0.004025 2.896723 0.438205 0.004774 2.670858 0.555684 0.003624 2.776970 0.369626 0.004359 
2.788041 0.626407 0.004456 2.896798 0.438350 0.004709 2.670945 0.555853 0.003721 2.777040 0.369784 0.003962 
2.788116 0.626371 0.004371 2.896909 0.438335 0.004994 2.671036 0.555794 0.003407 2.777166 0.369746 0.004012 
2.788116 0.626369 0.004537 2.896909 0.438334 0.005096 2.671036 0.555792 0.003545 2.777166 0.369744 0.004087 
2.790423 0.626253 0.005182 2.898065 0.437555 0.005466 2.672916 0.556395 0.003899 2.777906 0.369701 0.004167 
2.791316 0.626202 0.005435 2.898304 0.437132 0.005608 2.673568 0.556751 0.004082 2.777912 0.369695 0.004240 
2.791314 0.626200 0.005566 2.898302 0.437131 0.005726 2.673566 0.556750 0.004159 2.777910 0.369694 0.004302 
2.791310 0.626198 0.005732 2.898299 0.437129 0.005878 2.673563 0.556749 0.004228 2.777907 0.369692 0.004358 
2.791293 0.626188 0.006231 2.898281 0.437118 0.006367 2.673550 0.556741 0.004289 2.777894 0.369685 0.004405 
2.791454 0.626148 0.006865 2.898562 0.437147 0.006950 2.673764 0.556632 0.004322 2.778228 0.369642 0.004381 
2.791518 0.626055 0.008499 2.898556 0.437014 0.008020 2.673817 0.556600 0.004970 2.778210 0.369572 0.004464 
2.791411 0.625997 0.010252 2.898450 0.436957 0.009855 2.673759 0.556572 0.004951 2.778155 0.369545 0.004509 
2.791255 0.626054 0.011530 2.898465 0.437111 0.011216 2.673716 0.556550 0.004927 2.778280 0.369618 0.004554 
2.791032 0.626168 0.012164 2.898520 0.437382 0.011913 2.673625 0.556508 0.004897 2.778464 0.369729 0.004580 
2.790971 0.626135 0.012912 2.898459 0.437350 0.012704 2.673601 0.556495 0.004894 2.778441 0.369716 0.004612 
2.790854 0.626069 0.014268 2.898341 0.437283 0.014103 2.673559 0.556472 0.004893 2.778399 0.369693 0.004639 
2.790707 0.625988 0.015789 2.898194 0.437201 0.015671 2.673512 0.556446 0.004888 2.778352 0.369667 0.004668 
2.790538 0.625895 0.017373 2.898023 0.437107 0.017302 2.673461 0.556419 0.004883 2.778302 0.369640 0.004694 
2.790368 0.625802 0.018819 2.897853 0.437014 0.018795 2.673415 0.556394 0.004877 2.778256 0.369616 0.004720 
2.790122 0.625916 0.019879 2.897907 0.437300 0.019902 2.673380 0.556376 0.004866 2.778519 0.369766 0.004745 
2.789932 0.625848 0.021176 2.897760 0.437257 0.021244 2.673338 0.556354 0.004856 2.778522 0.369768 0.004766 
2.789704 0.625766 0.022633 2.897583 0.437203 0.022744 2.673291 0.556328 0.004846 2.778526 0.369772 0.004785 
2.789420 0.625607 0.024494 2.897297 0.437044 0.024644 2.673233 0.556295 0.004841 2.778468 0.369739 0.004800 
2.789170 0.625441 0.026328 2.897004 0.436852 0.026535 2.673217 0.556290 0.004810 2.778412 0.369711 0.004808 
2.968288 0.042042 0.086134 2.673146 0.556249 0.004818 2.833280 0.070621 0.086281 2.788764 0.625211 0.028618 3.011898 0.250017 0.059255 
2.975567 0.050471 0.062131 2.673059 0.556199 0.004828 2.839972 0.076007 0.059721 2.788222 0.624903 0.031419 3.014889 0.260995 0.058778 
2.980263 0.070608 0.043304 2.672971 0.556150 0.004836 2.844470 0.094812 0.038999 2.787622 0.624563 0.034242 3.016982 0.281190 0.056893 
2.983414 0.090449 0.034083 2.672902 0.556112 0.004841 2.847536 0.113746 0.027902 2.787116 0.624279 0.036436 3.017946 0.300467 0.058121 
2.987057 0.103736 0.031622 2.672906 0.556219 0.004861 2.851213 0.126465 0.023033 2.786708 0.624064 0.038563 3.019792 0.313203 0.062116 
2.990461 0.108706 0.033116 2.672830 0.556181 0.004849 2.854782 0.131173 0.021697 2.786084 0.623723 0.040926 3.021809 0.317787 0.067465 
2.991257 0.107161 0.036080 2.672739 0.556133 0.004842 2.855877 0.129813 0.021825 2.785282 0.623278 0.043769 3.021932 0.315931 0.072852 
2.988834 0.101928 0.039202 2.672631 0.556072 0.004847 2.853842 0.125053 0.022273 2.784278 0.622714 0.047078 3.019342 0.310420 0.077651 
2.976386 0.102536 0.043846 2.672848 0.556175 0.004827 2.840508 0.124945 0.034945 2.783494 0.621998 0.050809 3.007868 0.310928 0.082047 
2.961694 0.118970 0.046867 2.672814 0.556155 0.004840 2.825139 0.138592 0.050299 2.782334 0.621279 0.054377 2.992226 0.326630 0.089563 
2.949645 0.141588 0.053191 2.672814 0.556149 0.004795 2.813195 0.157249 0.066621 2.781163 0.620556 0.057729 2.977791 0.348213 0.102094 
2.944101 0.174081 0.062700 2.672693 0.556081 0.004809 2.807703 0.183954 0.081192 2.779624 0.619689 0.061461 2.966683 0.378359 0.123018 
2.942534 0.202050 0.079298 2.672707 0.556068 0.004761 2.805547 0.208495 0.094690 2.778016 0.618739 0.065360 2.959502 0.403796 0.149215 
2.942184 0.238176 0.098345 2.672569 0.556046 0.004801 2.804524 0.239452 0.107938 2.775812 0.617520 0.070006 2.949554 0.434619 0.183395 
2.933505 0.255686 0.120371 2.672399 0.555953 0.004813 2.795599 0.257495 0.125135 2.773098 0.616406 0.074777 2.938701 0.451333 0.207392 
2.913172 0.233585 0.147049 2.672180 0.555899 0.004822 2.775828 0.246970 0.148160 2.768576 0.617156 0.079957 2.933173 0.437529 0.209376 
2.885832 0.198486 0.176134 2.671923 0.555854 0.004833 2.749374 0.218798 0.172880 2.762791 0.618431 0.085562 2.915365 0.406291 0.218824 
2.853502 0.160611 0.203031 2.893995 0.369118 0.230656 2.671833 0.555984 0.004849 2.718566 0.188211 0.194394 2.757302 0.618224 0.091516 2.873891 0.435209 0.101820 
2.832407 0.136070 0.211523 2.751718 0.616041 0.098260 2.671979 0.556083 0.004791 2.698747 0.167023 0.196662 2.877332 0.343948 0.236944 2.868864 0.433453 0.109748 
2.816464 0.125127 0.204673 2.746111 0.611970 0.105053 2.671917 0.556001 0.004791 2.683827 0.157335 0.184325 2.861228 0.331965 0.237722 2.861588 0.428337 0.116794 
2.799877 0.118614 0.192600 2.739743 0.607259 0.111677 2.671667 0.555907 0.004820 2.668360 0.151762 0.167131 2.842971 0.324021 0.235365 2.852881 0.422185 0.123552 
2.784061 0.112829 0.180644 2.731888 0.602479 0.118026 2.671100 0.555736 0.004846 2.654026 0.146752 0.149273 2.824154 0.316583 0.233127 2.842867 0.416153 0.130665 
2.767714 0.107702 0.165638 2.722451 0.596115 0.123911 2.830109 0.407779 0.135447 2.668804 0.555333 0.004963 2.639508 0.143260 0.128991 
2.737997 0.102038 0.133633 2.708606 0.588680 0.126370 2.811275 0.397278 0.130616 2.655659 0.554802 0.004967 2.608899 0.139257 0.102130 
2.718012 0.093623 0.117849 2.691553 0.584916 0.127646 2.794391 0.393560 0.128565 2.639837 0.553749 0.004992 2.588879 0.132512 0.088586 
2.710932 0.082315 0.122922 2.678241 0.583313 0.128278 2.784470 0.393819 0.129231 2.628241 0.551852 0.004990 2.582521 0.121537 0.091041 
2.712644 0.075222 0.139990 2.668147 0.582624 0.128076 2.778290 0.395427 0.132503 2.619787 0.548409 0.004867 2.584954 0.112292 0.103044 
2.718298 0.074655 0.164221 2.662351 0.582500 0.128249 2.776686 0.398437 0.143806 2.619217 0.542383 0.004879 2.591588 0.107732 0.120697 
2.725834 0.083792 0.189547 2.657204 0.585954 0.127735 2.775532 0.405704 0.154228 2.618886 0.539788 0.004892 2.600303 0.112128 0.139718 
2.732855 0.099850 0.211717 2.652579 0.591866 0.126758 2.774377 0.415799 0.163623 2.618759 0.539930 0.004903 2.608573 0.123051 0.156402 
2.738431 0.117320 0.229693 2.648464 0.597437 0.125524 2.772975 0.425626 0.172124 2.618972 0.540247 0.004904 2.615418 0.135148 0.169744 
2.739183 0.131739 0.241506 2.645526 0.601689 0.124177 2.770589 0.432612 0.178637 2.618879 0.540411 0.004910 2.616771 0.145217 0.179236 
2.739431 0.143916 0.254509 2.642354 0.605871 0.122738 2.768154 0.440058 0.184978 2.618796 0.540574 0.004961 2.617804 0.153283 0.189987 2.616527 0.367593 0.225530 
2.739861 0.154350 0.268931 2.639135 0.610119 0.121425 2.765973 0.448186 0.191307 2.618818 0.540820 0.005345 2.619302 0.159792 0.202000 2.614193 0.375074 0.230658 
2.740196 0.164483 0.283618 2.635986 0.614318 0.119883 2.763745 0.456558 0.197231 2.620835 0.166106 0.214377 2.618837 0.541082 0.005724 2.612362 0.382109 0.235928 
2.740182 0.175515 0.297770 2.632927 0.618444 0.118123 2.761400 0.465068 0.202764 2.622029 0.173211 0.226506 2.618848 0.541356 0.006100 2.610253 0.389657 0.240863 
2.739810 0.187621 0.311499 2.629925 0.622531 0.116133 2.758913 0.473790 0.207960 2.622891 0.181256 0.238469 2.618851 0.541645 0.006475 2.607804 0.397857 0.245534 
2.739188 0.200386 0.325276 2.626928 0.626620 0.113888 2.756285 0.482864 0.212856 2.605341 0.406349 0.250171 2.623595 0.189876 0.250633 
2.623917 0.630714 0.111375 2.738292 0.213783 0.339204 2.753492 0.492322 0.217450 2.602902 0.415078 0.254785 2.624137 0.199036 0.263078 
2.620895 0.634798 0.108584 2.736986 0.227948 0.353135 2.600341 0.424151 0.259278 2.624372 0.208868 0.275687 2.750491 0.502142 0.221727 2.746563 0.410985 0.118194 
2.617956 0.638788 0.105558 2.735003 0.243073 0.366125 2.597279 0.434056 0.263489 2.623908 0.219809 0.287634 2.747211 0.512035 0.225644 2.746218 0.417137 0.125458 
2.617016 0.641648 0.103157 2.731732 0.258190 0.373589 2.592743 0.446010 0.266901 2.621469 0.232477 0.294690 2.744747 0.518022 0.228038 2.744713 0.420457 0.130442 
2.617723 0.643352 0.101803 2.727982 0.270284 0.375513 2.587884 0.456884 0.268137 2.617856 0.243629 0.296735 2.743309 0.520024 0.229130 2.742466 0.420998 0.133020 
2.618462 0.644235 0.101035 2.724114 0.275430 0.376040 2.584835 0.461981 0.267520 2.613821 0.248779 0.297496 2.741968 0.520459 0.229952 2.740287 0.420623 0.134694 
2.619452 0.644688 0.100658 2.719552 0.274527 0.376769 2.583227 0.462433 0.266843 2.608883 0.249028 0.298371 2.740938 0.519835 0.230453 2.738174 0.419612 0.135628 
2.621139 0.644575 0.100624 2.714488 0.270419 0.377308 2.582412 0.460782 0.266426 2.603309 0.247013 0.298978 2.740464 0.517643 0.230407 2.735898 0.417456 0.135613 
2.623044 0.644378 0.100617 2.709009 0.264952 0.378732 2.582129 0.458126 0.266653 2.597392 0.244052 0.300317 2.740188 0.515223 0.230193 2.733600 0.415152 0.135396 
2.625092 0.644272 0.100470 2.702910 0.259740 0.381340 2.581865 0.455732 0.267709 2.590996 0.241519 0.302681 2.739866 0.512968 0.230007 2.731104 0.412926 0.135356 
2.627311 0.644279 0.100152 2.696010 0.256249 0.384700 2.581054 0.454989 0.269530 2.583948 0.240793 0.305660 2.739300 0.510853 0.229958 2.728173 0.410732 0.135639 
2.629845 0.644177 0.099831 2.687964 0.254666 0.387846 2.579278 0.456281 0.271591 2.575873 0.242195 0.308322 2.738280 0.508235 0.230045 2.724432 0.408133 0.136067 
2.633266 0.643626 0.099837 2.678249 0.253333 0.390948 2.576917 0.458514 0.274290 2.566608 0.244528 0.310308 2.737103 0.504342 0.230266 2.720249 0.404707 0.136282 
2.638914 0.642280 0.100625 2.666645 0.251477 0.391054 2.573596 0.461362 0.275872 2.556089 0.247310 0.308567 2.736121 0.498428 0.231204 2.716514 0.400055 0.136429 
2.644175 0.641444 0.101283 2.654482 0.249409 0.391137 2.569905 0.461929 0.274267 2.545578 0.248457 0.306383 2.734421 0.494657 0.233580 2.714009 0.397033 0.138202 
2.640759 0.247902 0.392204 2.711656 0.395912 0.141583 2.565333 0.461343 0.270836 2.533877 0.249111 0.304917 2.648214 0.641545 0.101376 2.731589 0.493667 0.236928 
2.627266 0.253589 0.391745 2.706357 0.396152 0.145721 2.557695 0.466740 0.266433 2.521610 0.255660 0.302994 2.649007 0.642446 0.100704 2.725967 0.494783 0.240227 
2.618345 0.268157 0.392599 2.700917 0.398380 0.150795 2.549456 0.479614 0.264081 2.513702 0.268833 0.302636 2.647917 0.644372 0.099262 2.719678 0.498755 0.243623 
2.612044 0.285295 0.396484 2.696100 0.402465 0.156556 2.542253 0.493420 0.263104 2.508461 0.283018 0.305327 2.646028 0.647273 0.097069 2.713533 0.505258 0.246964 
2.607022 0.301330 0.401674 2.692194 0.407938 0.162412 2.536179 0.505075 0.262225 2.504395 0.295459 0.309602 2.643273 0.650748 0.094393 2.707968 0.513511 0.249874 
2.531252 0.514982 0.261589 2.501631 0.306165 0.313664 2.640212 0.654724 0.091983 2.703100 0.521970 0.252030 2.603511 0.315436 0.406284 2.688957 0.414020 0.167231 
2.527542 0.522961 0.260702 2.500499 0.314766 0.316536 2.637462 0.657268 0.089932 2.699811 0.528372 0.253309 2.602019 0.327058 0.409200 2.686980 0.418537 0.170752 
2.526015 0.527433 0.260543 2.501401 0.319818 0.319567 2.635281 0.658914 0.088367 2.698220 0.533183 0.253969 2.602711 0.334735 0.412075 2.686677 0.421948 0.173114 
2.526933 0.527754 0.261596 2.503536 0.320585 0.322647 2.634346 0.659755 0.087506 2.698608 0.535915 0.254023 2.604669 0.337036 0.415089 2.687921 0.423935 0.174083 
2.529850 0.524323 0.264046 2.506232 0.317277 0.325430 2.634206 0.659692 0.087585 2.700347 0.535896 0.253397 2.607225 0.333834 0.418006 2.689795 0.424021 0.173292 
2.533617 0.518360 0.266942 2.508645 0.311002 0.326717 2.634883 0.658707 0.088654 2.703210 0.533189 0.252270 2.609674 0.326208 0.419486 2.692086 0.422222 0.170989 
2.537522 0.510579 0.269567 2.510286 0.302707 0.326498 2.636055 0.657108 0.090315 2.706431 0.528690 0.250783 2.611505 0.315522 0.419420 2.694265 0.419193 0.167678 
2.612833 0.304029 0.418468 2.696264 0.415950 0.164174 2.541192 0.502155 0.271533 2.511384 0.293839 0.325472 2.637417 0.655354 0.092066 2.709529 0.523826 0.249209 
2.613821 0.293715 0.416918 2.698243 0.413134 0.161080 2.544318 0.494509 0.272599 2.512153 0.285885 0.323932 2.638937 0.653769 0.093596 2.712413 0.519543 0.247799 
2.614802 0.286339 0.415098 2.700004 0.411079 0.158915 2.546762 0.488993 0.272695 2.512934 0.280192 0.322205 2.640602 0.652584 0.094702 2.714788 0.516409 0.246841 
2.615965 0.282784 0.413557 2.701445 0.410035 0.157873 2.548481 0.486311 0.272139 2.513937 0.277425 0.320791 2.642081 0.651973 0.095273 2.716476 0.514809 0.246419 
2.616867 0.282303 0.412926 2.702477 0.409973 0.157838 2.549387 0.485903 0.271611 2.514773 0.277021 0.320228 2.643091 0.651930 0.095331 2.717445 0.514706 0.246444 
2.617238 0.283705 0.413129 2.702790 0.410391 0.158282 2.549475 0.486870 0.271324 2.515159 0.278054 0.320436 2.643380 0.652170 0.095114 2.717616 0.515347 0.246647 
2.617093 0.286365 0.413802 2.702695 0.411321 0.159172 2.548837 0.488701 0.271051 2.515074 0.280014 0.321088 2.643060 0.652685 0.094645 2.717201 0.516752 0.247023 
2.616803 0.290025 0.414132 2.702474 0.412439 0.160279 2.547750 0.491413 0.270427 2.514826 0.282828 0.321434 2.642656 0.653303 0.094076 2.716583 0.518441 0.247506 
2.616509 0.294045 0.414340 2.702161 0.413603 0.161455 2.546559 0.494435 0.269677 2.514577 0.285945 0.321666 2.642227 0.653943 0.093478 2.715852 0.520197 0.248025 
2.616244 0.297673 0.414506 2.701699 0.414614 0.162551 2.545495 0.497131 0.268947 2.514354 0.288747 0.321863 2.641841 0.654507 0.092945 2.715024 0.521729 0.248534 
2.616044 0.300304 0.414575 2.701296 0.415342 0.163364 2.544706 0.499099 0.268397 2.514178 0.290791 0.321963 2.641559 0.654913 0.092557 2.714356 0.522831 0.248918 
2.615928 0.301633 0.414658 2.701067 0.415731 0.163801 2.544294 0.500074 0.268144 2.514080 0.291810 0.322059 2.641402 0.655129 0.092351 2.713979 0.523419 0.249127 
2.615952 0.301847 0.414798 2.701060 0.415835 0.163894 2.544272 0.500191 0.268175 2.514117 0.291945 0.322193 2.641361 0.655182 0.092301 2.713931 0.523572 0.249164 
2.616055 0.301629 0.414913 2.701126 0.415815 0.163848 2.544419 0.500011 0.268321 2.514228 0.291759 0.322296 2.641369 0.655167 0.092318 2.714002 0.523537 0.249136 
2.616203 0.301160 0.414976 2.701215 0.415712 0.163720 2.544643 0.499663 0.268511 2.514378 0.291386 0.322347 2.641402 0.655106 0.092379 2.714121 0.523378 0.249075 
2.616392 0.300577 0.415088 2.701328 0.415582 0.163559 2.544930 0.499205 0.268744 2.514571 0.290906 0.322444 2.641445 0.655030 0.092455 2.714272 0.523178 0.248997 
2.616593 0.300002 0.415252 2.701450 0.415460 0.163398 2.545233 0.498719 0.268980 2.514781 0.290411 0.322591 2.641487 0.654956 0.092529 2.714429 0.522987 0.248917 
2.616776 0.299541 0.415411 2.701560 0.415370 0.163272 2.545491 0.498318 0.269183 2.514972 0.290005 0.322734 2.641515 0.654900 0.092585 2.714562 0.522846 0.248852 
2.616918 0.299259 0.415548 2.701645 0.415329 0.163198 2.545672 0.498055 0.269326 2.515121 0.289742 0.322861 2.641526 0.654871 0.092615 2.714654 0.522778 0.248811 
2.617011 0.299138 0.415657 2.701701 0.415325 0.163169 2.545776 0.497917 0.269408 2.515221 0.289610 0.322964 2.641524 0.654864 0.092624 2.714705 0.522766 0.248792 
2.617069 0.299065 0.415723 2.701735 0.415324 0.163152 2.545841 0.497837 0.269460 2.515285 0.289532 0.323024 2.641522 0.654860 0.092629 2.714737 0.522761 0.248781 
2.617113 0.299031 0.415768 2.701761 0.415331 0.163146 2.545884 0.497796 0.269495 2.515334 0.289491 0.323064 2.641518 0.654861 0.092629 2.714756 0.522768 0.248775 
2.617157 0.299051 0.415829 2.701787 0.415357 0.163157 2.545915 0.497786 0.269522 2.515386 0.289485 0.323120 2.641505 0.654872 0.092620 2.714768 0.522805 0.248776 
2.617211 0.299115 0.415916 2.701819 0.415404 0.163183 2.545943 0.497795 0.269548 2.515449 0.289504 0.323201 2.641484 0.654892 0.092602 2.714777 0.522870 0.248781 
2.617272 0.299198 0.416031 2.701858 0.415465 0.163217 2.545976 0.497809 0.269583 2.515522 0.289531 0.323308 2.641458 0.654919 0.092577 2.714789 0.522956 0.248788 
2.617332 0.299267 0.416169 2.701908 0.415530 0.163249 2.546017 0.497808 0.269635 2.515597 0.289544 0.323437 2.641431 0.654948 0.092551 2.714809 0.523047 0.248793 
2.617392 0.299303 0.416313 2.701963 0.415588 0.163273 2.546068 0.497782 0.269699 2.515671 0.289533 0.323569 2.641408 0.654972 0.092529 2.714837 0.523126 0.248793 
2.617453 0.299300 0.416447 2.702019 0.415631 0.163285 2.546130 0.497732 0.269770 2.515746 0.289494 0.323692 2.641389 0.654989 0.092514 2.714872 0.523185 0.248789 
2.617516 0.299260 0.416573 2.702075 0.415661 0.163284 2.546202 0.497658 0.269845 2.515822 0.289430 0.323806 2.641376 0.654999 0.092506 2.714912 0.523224 0.248780 
2.617580 0.299194 0.416680 2.702131 0.415677 0.163272 2.546276 0.497567 0.269914 2.515897 0.289346 0.323904 2.641368 0.655002 0.092504 2.714956 0.523242 0.248766 
2.617646 0.299113 0.416772 2.702186 0.415684 0.163252 2.546351 0.497469 0.269978 2.515970 0.289254 0.323988 2.641363 0.655000 0.092507 2.715003 0.523247 0.248750 
2.617716 0.299034 0.416871 2.702243 0.415694 0.163234 2.546429 0.497371 0.270047 2.516048 0.289161 0.324080 2.641357 0.655000 0.092508 2.715052 0.523256 0.248734 
2.617788 0.298968 0.416988 2.702303 0.415713 0.163223 2.546511 0.497279 0.270124 2.516131 0.289077 0.324188 2.641348 0.655004 0.092505 2.715101 0.523280 0.248720 
2.617862 0.298925 0.417118 2.702364 0.415744 0.163220 2.546591 0.497201 0.270204 2.516216 0.289009 0.324308 2.641336 0.655014 0.092496 2.715147 0.523319 0.248708 
2.617933 0.298908 0.417251 2.702424 0.415783 0.163226 2.546664 0.497141 0.270279 2.516299 0.288960 0.324431 2.641321 0.655029 0.092483 2.715188 0.523371 0.248700 
2.618001 0.298914 0.417381 2.702479 0.415828 0.163239 2.546727 0.497100 0.270347 2.516378 0.288931 0.324552 2.641303 0.655047 0.092467 2.715223 0.523433 0.248696 
2.618063 0.298938 0.417506 2.702531 0.415878 0.163256 2.546783 0.497073 0.270407 2.516453 0.288916 0.324668 2.641284 0.655067 0.092448 2.715252 0.523501 0.248693 
2.618122 0.298975 0.417626 2.702579 0.415929 0.163278 2.546831 0.497057 0.270461 2.516523 0.288912 0.324780 2.641264 0.655089 0.092428 2.715278 0.523572 0.248693 
2.618190 0.299015 0.417738 2.702627 0.415977 0.163298 2.546885 0.497044 0.270507 2.516600 0.288911 0.324887 2.641247 0.655108 0.092408 2.715305 0.523639 0.248693 
2.618252 0.299040 0.417871 2.702679 0.416029 0.163319 2.546943 0.497019 0.270575 2.516675 0.288897 0.325010 2.641227 0.655130 0.092388 2.715334 0.523711 0.248692 
2.618307 0.299055 0.417993 2.702730 0.416075 0.163334 2.546995 0.496987 0.270637 2.516742 0.288877 0.325122 2.641209 0.655148 0.092370 2.715365 0.523773 0.248688 
2.618362 0.299060 0.418095 2.702779 0.416118 0.163348 2.547044 0.496950 0.270685 2.516806 0.288850 0.325218 2.641190 0.655165 0.092355 2.715392 0.523832 0.248686 
2.618418 0.299051 0.418192 2.702828 0.416162 0.163362 2.547096 0.496897 0.270724 2.516870 0.288809 0.325309 2.641169 0.655182 0.092340 2.715418 0.523892 0.248684 
2.618475 0.299030 0.418287 2.702878 0.416204 0.163374 2.547151 0.496834 0.270764 2.516936 0.288758 0.325399 2.641148 0.655198 0.092326 2.715445 0.523948 0.248682 
2.618534 0.299000 0.418385 2.702931 0.416243 0.163382 2.547210 0.496765 0.270811 2.517003 0.288700 0.325491 2.641129 0.655212 0.092314 2.715475 0.523999 0.248677 
2.618594 0.298963 0.418487 2.702985 0.416279 0.163388 2.547272 0.496692 0.270862 2.517071 0.288637 0.325586 2.641111 0.655225 0.092303 2.715508 0.524047 0.248671 
2.618654 0.298923 0.418590 2.703039 0.416315 0.163392 2.547337 0.496616 0.270916 2.517141 0.288571 0.325682 2.641094 0.655238 0.092292 2.715542 0.524094 0.248665 
2.618715 0.298882 0.418693 2.703092 0.416350 0.163397 2.547400 0.496540 0.270969 2.517210 0.288506 0.325778 2.641077 0.655250 0.092281 2.715576 0.524140 0.248658 
2.618773 0.298844 0.418793 2.703145 0.416385 0.163402 2.547462 0.496467 0.271021 2.517278 0.288443 0.325871 2.641059 0.655262 0.092271 2.715608 0.524186 0.248652 
2.618830 0.298812 0.418891 2.703196 0.416421 0.163409 2.547521 0.496398 0.271070 2.517343 0.288384 0.325963 2.641041 0.655275 0.092260 2.715639 0.524234 0.248647 
2.618885 0.298784 0.418989 2.703246 0.416459 0.163417 2.547577 0.496333 0.271116 2.517406 0.288330 0.326054 2.641023 0.655289 0.092248 2.715667 0.524284 0.248643 
2.618939 0.298763 0.419081 2.703294 0.416492 0.163427 2.547633 0.496272 0.271156 2.517469 0.288280 0.326141 2.641007 0.655299 0.092235 2.715696 0.524330 0.248640 
2.618999 0.298732 0.419166 2.703342 0.416529 0.163435 2.547688 0.496205 0.271193 2.517535 0.288223 0.326221 2.640987 0.655312 0.092224 2.715722 0.524379 0.248636 
2.619051 0.298705 0.419271 2.703393 0.416567 0.163443 2.547745 0.496142 0.271248 2.517597 0.288170 0.326319 2.640970 0.655326 0.092211 2.715752 0.524429 0.248632 
2.619102 0.298686 0.419375 2.703443 0.416606 0.163453 2.547798 0.496085 0.271301 2.517658 0.288124 0.326415 2.640952 0.655341 0.092198 2.715781 0.524482 0.248627 
2.619151 0.298673 0.419471 2.703489 0.416646 0.163465 2.547848 0.496034 0.271346 2.517716 0.288083 0.326504 2.640933 0.655356 0.092185 2.715806 0.524535 0.248625 
2.619200 0.298664 0.419564 2.703532 0.416685 0.163478 2.547896 0.495986 0.271387 2.517774 0.288046 0.326591 2.640914 0.655371 0.092171 2.715829 0.524588 0.248623 
2.619247 0.298657 0.419656 2.703576 0.416726 0.163491 2.547942 0.495939 0.271426 2.517830 0.288010 0.326676 2.640895 0.655387 0.092157 2.715851 0.524643 0.248622 
2.619294 0.298648 0.419748 2.703620 0.416766 0.163504 2.547989 0.495891 0.271466 2.517886 0.287973 0.326762 2.640876 0.655403 0.092143 2.715873 0.524698 0.248621 
2.619342 0.298635 0.419841 2.703665 0.416806 0.163517 2.548037 0.495840 0.271507 2.517942 0.287932 0.326848 2.640857 0.655418 0.092130 2.715896 0.524750 0.248619 
2.619390 0.298618 0.419933 2.703709 0.416843 0.163527 2.548086 0.495785 0.271551 2.517999 0.287888 0.326935 2.640839 0.655432 0.092117 2.715921 0.524800 0.248616 
2.619439 0.298594 0.420026 2.703755 0.416878 0.163535 2.548138 0.495726 0.271596 2.518057 0.287840 0.327020 2.640822 0.655445 0.092106 2.715947 0.524847 0.248612 
2.619488 0.298564 0.420117 2.703800 0.416911 0.163541 2.548191 0.495664 0.271641 2.518115 0.287786 0.327105 2.640805 0.655456 0.092096 2.715973 0.524890 0.248608 
2.619537 0.298529 0.420206 2.703846 0.416942 0.163546 2.548245 0.495598 0.271687 2.518172 0.287730 0.327187 2.640790 0.655467 0.092087 2.716001 0.524931 0.248603 
2.619587 0.298491 0.420294 2.703891 0.416972 0.163549 2.548300 0.495530 0.271732 2.518230 0.287671 0.327268 2.640774 0.655477 0.092078 2.716028 0.524969 0.248597 
2.619636 0.298453 0.420380 2.703936 0.417001 0.163552 2.548354 0.495461 0.271776 2.518287 0.287612 0.327348 2.640759 0.655487 0.092070 2.716056 0.525007 0.248592 
2.619685 0.298415 0.420465 2.703980 0.417030 0.163556 2.548408 0.495395 0.271820 2.518344 0.287554 0.327427 2.640744 0.655496 0.092061 2.716083 0.525045 0.248587 
2.619734 0.298381 0.420549 2.704024 0.417059 0.163560 2.548461 0.495331 0.271863 2.518402 0.287499 0.327505 2.640729 0.655506 0.092053 2.716109 0.525084 0.248582 
2.619785 0.298353 0.420633 2.704067 0.417090 0.163565 2.548513 0.495271 0.271904 2.518461 0.287447 0.327582 2.640713 0.655517 0.092044 2.716134 0.525123 0.248577 
2.619837 0.298328 0.420715 2.704110 0.417121 0.163571 2.548565 0.495214 0.271945 2.518520 0.287400 0.327659 2.640697 0.655528 0.092034 2.716159 0.525164 0.248574 
2.619887 0.298306 0.420798 2.704151 0.417153 0.163578 2.548615 0.495161 0.271985 2.518579 0.287354 0.327735 2.640682 0.655539 0.092024 2.716182 0.525206 0.248570 
2.619937 0.298286 0.420880 2.704193 0.417185 0.163585 2.548665 0.495108 0.272025 2.518636 0.287311 0.327812 2.640666 0.655551 0.092014 2.716206 0.525249 0.248567 
2.619986 0.298267 0.420962 2.704233 0.417217 0.163593 2.548714 0.495057 0.272064 2.518694 0.287268 0.327887 2.640650 0.655563 0.092004 2.716228 0.525292 0.248564 
2.620034 0.298249 0.421043 2.704274 0.417249 0.163600 2.548762 0.495006 0.272103 2.518750 0.287226 0.327963 2.640634 0.655574 0.091993 2.716251 0.525334 0.248560 
2.620083 0.298229 0.421124 2.704314 0.417280 0.163608 2.548810 0.494955 0.272141 2.518807 0.287183 0.328037 2.640618 0.655585 0.091983 2.716273 0.525375 0.248557 
2.620131 0.298207 0.421203 2.704355 0.417311 0.163614 2.548859 0.494902 0.272180 2.518862 0.287139 0.328111 2.640602 0.655596 0.091974 2.716296 0.525416 0.248554 
2.620179 0.298183 0.421282 2.704395 0.417340 0.163620 2.548908 0.494848 0.272219 2.518919 0.287093 0.328184 2.640587 0.655607 0.091965 2.716319 0.525455 0.248550 
2.620227 0.298157 0.421360 2.704435 0.417369 0.163625 2.548957 0.494793 0.272258 2.518974 0.287045 0.328256 2.640573 0.655616 0.091956 2.716342 0.525492 0.248546 
2.620275 0.298128 0.421438 2.704474 0.417396 0.163629 2.549006 0.494736 0.272297 2.519030 0.286996 0.328328 2.640558 0.655626 0.091948 2.716365 0.525528 0.248542 
2.620322 0.298098 0.421514 2.704514 0.417423 0.163632 2.549056 0.494678 0.272336 2.519084 0.286946 0.328398 2.640544 0.655635 0.091940 2.716389 0.525563 0.248537 
2.620369 0.298066 0.421590 2.704554 0.417449 0.163635 2.549106 0.494619 0.272375 2.519139 0.286895 0.328468 2.640530 0.655643 0.091933 2.716413 0.525597 0.248533 
2.620416 0.298034 0.421665 2.704593 0.417475 0.163638 2.549155 0.494561 0.272414 2.519193 0.286844 0.328538 2.640517 0.655652 0.091926 2.716436 0.525630 0.248528 
2.620463 0.298003 0.421740 2.704632 0.417501 0.163641 2.549204 0.494503 0.272453 2.519247 0.286794 0.328607 2.640503 0.655660 0.091918 2.716460 0.525663 0.248523 
2.620508 0.297972 0.421814 2.704671 0.417527 0.163644 2.549253 0.494446 0.272491 2.519300 0.286744 0.328675 2.640490 0.655669 0.091911 2.716483 0.525697 0.248519 
2.620554 0.297943 0.421888 2.704709 0.417552 0.163648 2.549300 0.494389 0.272529 2.519353 0.286695 0.328743 2.640476 0.655677 0.091904 2.716505 0.525730 0.248515 
2.620599 0.297914 0.421961 2.704747 0.417578 0.163651 2.549347 0.494334 0.272566 2.519405 0.286648 0.328811 2.640462 0.655686 0.091896 2.716528 0.525764 0.248511 
2.620643 0.297887 0.422034 2.704784 0.417604 0.163655 2.549394 0.494280 0.272603 2.519457 0.286601 0.328878 2.640449 0.655695 0.091889 2.716550 0.525797 0.248507 
2.620687 0.297859 0.422106 2.704821 0.417630 0.163659 2.549440 0.494227 0.272640 2.519508 0.286555 0.328945 2.640435 0.655703 0.091881 2.716571 0.525831 0.248503 
2.620731 0.297832 0.422178 2.704858 0.417655 0.163663 2.549486 0.494174 0.272676 2.519559 0.286509 0.329011 2.640422 0.655712 0.091874 2.716593 0.525864 0.248499 
2.620774 0.297805 0.422250 2.704895 0.417680 0.163666 2.549531 0.494120 0.272713 2.519610 0.286463 0.329077 2.640409 0.655720 0.091867 2.716614 0.525897 0.248495 
2.620817 0.297776 0.422320 2.704931 0.417705 0.163669 2.549577 0.494067 0.272749 2.519660 0.286417 0.329142 2.640396 0.655728 0.091860 2.716635 0.525929 0.248491 
2.620860 0.297747 0.422390 2.704967 0.417729 0.163672 2.549623 0.494012 0.272785 2.519710 0.286369 0.329206 2.640383 0.655736 0.091853 2.716657 0.525960 0.248486 
2.620903 0.297716 0.422460 2.705003 0.417752 0.163674 2.549668 0.493957 0.272821 2.519759 0.286321 0.329270 2.640370 0.655744 0.091846 2.716679 0.525990 0.248482 
2.620945 0.297684 0.422528 2.705039 0.417775 0.163676 2.549714 0.493902 0.272857 2.519809 0.286273 0.329333 2.640358 0.655751 0.091840 2.716700 0.526019 0.248478 
2.620987 0.297652 0.422596 2.705075 0.417798 0.163678 2.549760 0.493846 0.272893 2.519858 0.286224 0.329396 2.640346 0.655758 0.091834 2.716722 0.526048 0.248473 
2.621029 0.297618 0.422664 2.705111 0.417820 0.163679 2.549805 0.493790 0.272929 2.519907 0.286174 0.329458 2.640334 0.655765 0.091828 2.716743 0.526076 0.248468 
2.621070 0.297585 0.422731 2.705146 0.417841 0.163681 2.549850 0.493734 0.272965 2.519955 0.286125 0.329520 2.640322 0.655772 0.091823 2.716765 0.526104 0.248464 
2.621112 0.297552 0.422798 2.705181 0.417863 0.163682 2.549895 0.493678 0.273000 2.520003 0.286075 0.329581 2.640310 0.655778 0.091817 2.716786 0.526131 0.248459 
2.621152 0.297518 0.422864 2.705215 0.417884 0.163683 2.549940 0.493622 0.273035 2.520050 0.286027 0.329642 2.640299 0.655785 0.091811 2.716808 0.526159 0.248455 
2.621193 0.297486 0.422929 2.705250 0.417905 0.163684 2.549984 0.493567 0.273070 2.520097 0.285978 0.329702 2.640287 0.655792 0.091806 2.716829 0.526186 0.248450 
2.621233 0.297453 0.422994 2.705287 0.417927 0.163685 2.550028 0.493513 0.273104 2.520144 0.285930 0.329761 2.640275 0.655798 0.091800 2.716852 0.526214 0.248445 
2.621286 0.297422 0.423059 2.705335 0.417944 0.163690 2.550081 0.493455 0.273134 2.520204 0.285880 0.329821 2.640267 0.655795 0.091790 2.716884 0.526240 0.248439 
2.621347 0.297364 0.423134 2.705386 0.417956 0.163686 2.550146 0.493367 0.273168 2.520271 0.285801 0.329893 2.640257 0.655788 0.091779 2.716923 0.526261 0.248427 
2.621399 0.297304 0.423199 2.705437 0.417967 0.163672 2.550208 0.493297 0.273217 2.520329 0.285735 0.329952 2.640252 0.655789 0.091779 2.716967 0.526273 0.248413 
