2.025000 4503.747403 -4674.298665 0.000000
2.050000 4503.747403 -4674.298665 0.000000
2.075000 4503.747403 -4674.298665 0.000000
2.100000 4503.747403 -4674.298665 0.000000
2.125000 4503.747403 -4674.298665 0.000000
2.150000 4503.747403 -4674.298665 0.000000
2.175000 4503.747403 -4674.298665 0.000000
2.200000 4503.747403 -4674.298665 0.000000
2.225000 4503.747403 -4674.298665 0.000000
2.250000 4503.747403 -4674.298665 0.000000
2.275000 4503.747403 -4674.298665 0.000000
2.300000 4503.747403 -4674.298665 0.000000
2.325000 4503.747403 -4674.298665 0.000000
2.350000 4503.747403 -4674.298665 0.000000
2.375000 4503.747403 -4674.298665 0.000000
2.400000 4503.747403 -4674.298665 0.000000
2.425000 4503.747403 -4674.298665 0.000000
2.450000 4503.747403 -4674.298665 0.000000
2.475000 4503.747403 -4674.298665 0.000000
2.500000 4503.747403 -4674.298665 0.000000
