0.111060 -0.993814 0.000000 0.993320 0.115389 0.000000 -0.995646 -0.093211 -0.000000 -0.117136 0.993116 0.000000 
0.111060 -0.993814 0.000000 0.993320 0.115389 0.000000 -0.995646 -0.093210 -0.000000 -0.117137 0.993116 0.000000 
0.111092 -0.993810 0.000000 0.993317 0.115421 0.000000 -0.995644 -0.093241 -0.000000 -0.117168 0.993112 0.000000 
0.111189 -0.993799 0.000000 0.993306 0.115516 0.000000 -0.995635 -0.093338 -0.000000 -0.117265 0.993101 0.000000 
0.111443 -0.993771 0.000000 0.993277 0.115766 0.000000 -0.995611 -0.093588 -0.000000 -0.117519 0.993071 0.000000 
0.111410 -0.993775 0.000000 0.993281 0.115731 0.000000 -0.995614 -0.093553 -0.000000 -0.117486 0.993075 0.000000 
0.111337 -0.993783 0.000000 0.993289 0.115662 0.000000 -0.995621 -0.093483 -0.000000 -0.117413 0.993083 0.000000 
0.111236 -0.993794 0.000000 0.993300 0.115564 0.000000 -0.995630 -0.093386 -0.000000 -0.117312 0.993095 0.000000 
0.111313 -0.993785 0.000000 0.993291 0.115638 0.000000 -0.995623 -0.093460 -0.000000 -0.117389 0.993086 0.000000 
0.111138 -0.993805 0.000000 0.993311 0.115468 0.000000 -0.995639 -0.093288 -0.000000 -0.117214 0.993107 0.000000 
0.111232 -0.993794 0.000000 0.993295 0.115608 0.000000 -0.995626 -0.093428 -0.000000 -0.117308 0.993096 0.000000 
0.111621 -0.993751 0.000000 0.993255 0.115952 0.000000 -0.995594 -0.093773 -0.000000 -0.117696 0.993050 0.000000 
0.111770 -0.993734 0.000000 0.993239 0.116088 0.000000 -0.995581 -0.093909 -0.000000 -0.117845 0.993032 0.000000 
0.111772 -0.993734 0.000000 0.993239 0.116091 0.000000 -0.995581 -0.093912 -0.000000 -0.117847 0.993032 0.000000 
0.111773 -0.993734 0.000000 0.993238 0.116093 0.000000 -0.995581 -0.093912 -0.000000 -0.117848 0.993032 0.000000 
0.111775 -0.993734 0.000000 0.993238 0.116095 0.000000 -0.995581 -0.093911 -0.000000 -0.117849 0.993032 0.000000 
0.111597 -0.993754 0.000000 0.993257 0.115932 0.000000 -0.995596 -0.093744 -0.000000 -0.117670 0.993053 0.000000 
0.111025 -0.993818 0.000000 0.993316 0.115427 0.000000 -0.995644 -0.093235 -0.000000 -0.117097 0.993120 0.000000 
0.110018 -0.993930 0.000000 0.993416 0.114560 0.000000 -0.995726 -0.092361 -0.000000 -0.116090 0.993239 0.000000 
0.108644 -0.994081 0.000000 0.993548 0.113412 0.000000 -0.995832 -0.091206 -0.000000 -0.114716 0.993398 0.000000 
0.107197 -0.994238 0.000000 0.993681 0.112241 0.000000 -0.995939 -0.090027 -0.000000 -0.113269 0.993564 0.000000 
0.105717 -0.994396 0.000000 0.993812 0.111079 0.000000 -0.996044 -0.088858 -0.000000 -0.111789 0.993732 0.000000 
0.104201 -0.994556 0.000000 0.993940 0.109926 0.000000 -0.996147 -0.087697 -0.000000 -0.110272 0.993901 0.000000 
0.102636 -0.994719 0.000000 0.994067 0.108771 0.000000 -0.996249 -0.086534 -0.000000 -0.108706 0.994074 0.000000 
0.101007 -0.994886 0.000000 0.994193 0.107609 0.000000 -0.996350 -0.085363 -0.000000 -0.107076 0.994251 0.000000 
0.099309 -0.995057 0.000000 0.994319 0.106438 0.000000 -0.996450 -0.084183 -0.000000 -0.105378 0.994432 0.000000 
0.097545 -0.995231 0.000000 -0.996550 -0.083000 -0.000000 0.994444 0.105266 0.000000 -0.103613 0.994618 0.000000 
0.095717 -0.995409 0.000000 -0.996647 -0.081824 -0.000000 0.994567 0.104100 0.000000 -0.101784 0.994807 0.000000 
0.093825 -0.995589 0.000000 -0.996742 -0.080662 -0.000000 0.994687 0.102949 0.000000 -0.099890 0.994998 0.000000 
0.091863 -0.995772 0.000000 0.994803 0.101816 0.000000 -0.996834 -0.079516 -0.000000 -0.097927 0.995194 0.000000 
0.089822 -0.995958 0.000000 0.994916 0.100705 0.000000 -0.996923 -0.078391 -0.000000 -0.095884 0.995392 0.000000 
0.087688 -0.996148 0.000000 0.995026 0.099615 0.000000 -0.997009 -0.077286 -0.000000 -0.093748 0.995596 0.000000 
0.085445 -0.996343 0.000000 0.995132 0.098549 0.000000 -0.997092 -0.076204 -0.000000 -0.091502 0.995805 0.000000 
0.083076 -0.996543 0.000000 0.995234 0.097512 0.000000 -0.997172 -0.075147 -0.000000 -0.089130 0.996020 0.000000 
0.080565 -0.996749 0.000000 0.995332 0.096509 0.000000 -0.997249 -0.074123 -0.000000 -0.086616 0.996242 0.000000 
0.077894 -0.996962 0.000000 0.995425 0.095548 0.000000 -0.997322 -0.073140 -0.000000 -0.083939 0.996471 0.000000 
0.075041 -0.997180 0.000000 0.995511 0.094642 0.000000 -0.997390 -0.072207 -0.000000 -0.081082 0.996707 0.000000 
-0.997451 -0.071350 -0.000000 0.071997 -0.997405 0.000000 -0.078031 0.996951 0.000000 0.995590 0.093814 0.000000 
-0.997505 -0.070602 -0.000000 0.068751 -0.997634 0.000000 -0.074778 0.997200 0.000000 0.995657 0.093099 0.000000 
-0.997549 -0.069973 -0.000000 0.065263 -0.997868 0.000000 -0.071281 0.997456 0.000000 0.995712 0.092509 0.000000 
-0.997584 -0.069472 -0.000000 0.061484 -0.998108 0.000000 -0.067492 0.997720 0.000000 0.995754 0.092051 0.000000 
-0.997608 -0.069128 -0.000000 0.057350 -0.998354 0.000000 -0.063344 0.997992 0.000000 0.995781 0.091759 0.000000 
-0.997621 -0.068937 -0.000000 0.052729 -0.998609 0.000000 -0.058709 0.998275 0.000000 0.995794 0.091626 0.000000 
-0.997621 -0.068944 -0.000000 0.047567 -0.998868 0.000000 -0.053529 0.998566 0.000000 0.995787 0.091700 0.000000 
-0.997604 -0.069185 -0.000000 0.041762 -0.999128 0.000000 -0.047704 0.998862 0.000000 0.995757 0.092018 0.000000 
-0.997569 -0.069685 -0.000000 0.035213 -0.999380 0.000000 -0.041129 0.999154 0.000000 0.995703 0.092607 0.000000 
-0.997513 -0.070488 -0.000000 0.027785 -0.999614 0.000000 -0.033671 0.999433 0.000000 0.995618 0.093513 0.000000 
-0.997421 -0.071770 -0.000000 0.019507 -0.999810 0.000000 -0.025357 0.999678 0.000000 0.995485 0.094914 0.000000 
-0.997289 -0.073582 -0.000000 0.010195 -0.999948 0.000000 -0.016002 0.999872 0.000000 0.995298 0.096862 0.000000 
-0.997099 -0.076122 -0.000000 -0.000162 -1.000000 -0.000000 -0.005593 0.999984 0.000000 0.995031 0.099562 0.000000 
-0.996838 -0.079458 -0.000000 -0.011834 -0.999930 -0.000000 0.006142 0.999981 0.000000 0.994673 0.103081 0.000000 
-0.996476 -0.083882 -0.000000 -0.024955 -0.999689 -0.000000 0.019340 0.999813 0.000000 0.994181 0.107719 0.000000 
-0.995990 -0.089462 -0.000000 -0.039711 -0.999211 -0.000000 0.034187 0.999415 0.000000 0.993533 0.113542 0.000000 
-0.995318 -0.096652 -0.000000 -0.056266 -0.998416 -0.000000 0.050854 0.998706 0.000000 0.992651 0.121012 0.000000 
-0.994388 -0.105794 -0.000000 -0.075049 -0.997180 -0.000000 0.069771 0.997563 0.000000 0.991452 0.130470 0.000000 
-0.993076 -0.117477 -0.000000 -0.096188 -0.995363 -0.000000 0.091075 0.995844 0.000000 0.989793 0.142510 0.000000 
-0.991231 -0.132138 -0.000000 -0.119859 -0.992791 -0.000000 0.114947 0.993372 0.000000 0.987506 0.157579 0.000000 
-0.988413 -0.151791 -0.000000 -0.147851 -0.989010 -0.000000 0.143194 0.989695 0.000000 0.984087 0.177686 0.000000 
-0.984374 -0.176088 -0.000000 -0.175166 -0.984539 -0.000000 0.170779 0.985309 0.000000 0.979314 0.202347 0.000000 
-0.977208 -0.212285 -0.000000 -0.202029 -0.979380 -0.000000 0.197960 0.980210 0.000000 0.971081 0.238750 0.000000 
-0.965307 -0.261117 -0.000000 -0.230679 -0.973030 -0.000000 0.226976 0.973900 0.000000 0.957805 0.287418 0.000000 
-0.947328 -0.320264 -0.000000 -0.262017 -0.965063 -0.000000 0.258727 0.965951 0.000000 0.938286 0.345862 0.000000 
-0.919970 -0.391989 -0.000000 -0.293291 -0.956023 -0.000000 0.290441 0.956893 0.000000 0.909374 0.415979 0.000000 
-0.882929 -0.469506 -0.000000 -0.330674 -0.943745 -0.000000 0.328334 0.944562 0.000000 0.871070 0.491159 0.000000 
-0.829018 -0.559222 -0.000000 -0.377344 -0.926073 -0.000000 0.375607 0.926779 0.000000 0.816588 0.577221 0.000000 
-0.744531 -0.667587 -0.000000 -0.422383 -0.906418 -0.000000 0.421193 0.906971 0.000000 0.734085 0.679058 0.000000 
-0.697246 -0.716832 -0.000000 -0.468010 -0.883723 -0.000000 0.467116 0.884196 0.000000 0.689838 0.723964 0.000000 
-0.769933 -0.638125 -0.000000 -0.413215 -0.910634 -0.000000 0.411868 0.911244 0.000000 0.758919 0.651185 0.000000 
-0.793919 -0.608023 -0.000000 -0.392428 -0.919783 -0.000000 0.390937 0.920417 0.000000 0.781791 0.623540 0.000000 
-0.742007 -0.670393 -0.000000 -0.406741 -0.913544 -0.000000 0.405458 0.914113 0.000000 0.731558 0.681779 0.000000 
-0.694375 -0.719613 -0.000000 -0.416973 -0.908919 -0.000000 0.415839 0.909438 0.000000 0.685959 0.727641 0.000000 
-0.681731 -0.731603 -0.000000 -0.407825 -0.913060 -0.000000 0.406621 0.913597 0.000000 0.673954 0.738773 0.000000 
-0.686454 -0.727173 -0.000000 -0.388212 -0.921570 -0.000000 0.386815 0.922157 0.000000 0.678583 0.734524 0.000000 
-0.696598 -0.717462 -0.000000 -0.366482 -0.930425 -0.000000 0.364847 0.931068 0.000000 0.688474 0.725261 0.000000 
-0.705527 -0.708683 -0.000000 -0.349284 -0.937017 -0.000000 0.347438 0.937703 0.000000 0.697262 0.716816 0.000000 
-0.702704 -0.711483 -0.000000 -0.348576 -0.937281 -0.000000 0.346687 0.937981 0.000000 0.694704 0.719296 0.000000 
-0.348847 -0.937180 -0.000000 -0.697349 -0.716732 -0.000000 0.968833 0.247716 0.000000 0.936787 -0.349901 0.000000 -0.078516 0.996913 0.000000 -0.764210 0.644967 0.000000 
-0.344750 -0.938695 -0.000000 -0.693304 -0.720645 -0.000000 0.926090 0.377302 0.000000 0.953867 -0.300230 0.000000 -0.005358 0.999986 0.000000 -0.784432 0.620215 0.000000 
-0.338702 -0.940894 -0.000000 -0.687160 -0.726506 -0.000000 0.894625 0.446817 0.000000 0.968653 -0.248418 0.000000 0.050642 0.998717 0.000000 -0.813078 0.582155 0.000000 
-0.332947 -0.942945 -0.000000 -0.678065 -0.735002 -0.000000 0.908401 0.418100 0.000000 0.975997 -0.217782 0.000000 0.073438 0.997300 0.000000 -0.832470 0.554071 0.000000 
-0.328851 -0.944382 -0.000000 -0.668128 -0.744046 -0.000000 0.945084 0.326827 0.000000 0.976068 -0.217464 0.000000 0.065101 0.997879 0.000000 -0.836032 0.548681 0.000000 
-0.327178 -0.944963 -0.000000 -0.660654 -0.750691 -0.000000 0.973456 0.228875 0.000000 0.969512 -0.245042 0.000000 0.034904 0.999391 0.000000 -0.824251 0.566225 0.000000 
-0.326148 -0.945319 -0.000000 -0.656101 -0.754673 -0.000000 0.988479 0.151356 0.000000 0.957350 -0.288930 0.000000 -0.004100 0.999992 0.000000 -0.801997 0.597329 0.000000 
-0.325370 -0.945587 -0.000000 -0.652978 -0.757377 -0.000000 0.995388 0.095930 0.000000 0.942397 -0.334497 0.000000 -0.040936 0.999162 0.000000 -0.776751 0.629808 0.000000 
-0.327880 -0.944719 -0.000000 -0.650361 -0.759625 -0.000000 0.998532 0.054165 0.000000 0.928954 -0.370196 0.000000 -0.067755 0.997702 0.000000 -0.755683 0.654937 0.000000 
-0.331740 -0.943371 -0.000000 -0.647698 -0.761897 -0.000000 0.999960 0.008933 0.000000 0.919719 -0.392578 0.000000 -0.079354 0.996847 0.000000 -0.741633 0.670806 0.000000 
-0.330378 -0.943849 -0.000000 -0.645383 -0.763859 -0.000000 0.999019 -0.044292 0.000000 0.914522 -0.404537 0.000000 -0.078829 0.996888 0.000000 -0.733941 0.679214 0.000000 
-0.324509 -0.945883 -0.000000 -0.642970 -0.765892 -0.000000 0.993750 -0.111627 0.000000 0.911942 -0.410319 0.000000 -0.070264 0.997528 0.000000 -0.730725 0.682672 0.000000 
-0.316926 -0.948450 -0.000000 -0.639745 -0.768587 -0.000000 0.980682 -0.195610 0.000000 0.910590 -0.413311 0.000000 -0.057484 0.998346 0.000000 -0.730101 0.683340 0.000000 
-0.304307 -0.952574 -0.000000 -0.638259 -0.769822 -0.000000 0.955557 -0.294806 0.000000 0.908452 -0.417990 0.000000 -0.044304 0.999018 0.000000 -0.728960 0.684557 0.000000 
-0.638723 -0.769437 -0.000000 -0.286384 -0.958115 -0.000000 -0.034093 0.999419 0.000000 -0.725033 0.688714 0.000000 0.920034 -0.391840 0.000000 0.903652 -0.428267 0.000000 
-0.640242 -0.768173 -0.000000 0.895044 -0.445977 0.000000 -0.260972 -0.965346 -0.000000 -0.029192 0.999574 0.000000 -0.716849 0.697228 0.000000 
-0.642645 -0.766164 -0.000000 0.883543 -0.468351 0.000000 -0.226040 -0.974118 -0.000000 -0.027396 0.999625 0.000000 -0.705847 0.708364 0.000000 
-0.641125 -0.767437 -0.000000 0.869202 -0.494457 0.000000 -0.206080 -0.978535 -0.000000 -0.028865 0.999583 0.000000 -0.692465 0.721452 0.000000 
0.852205 -0.523209 0.000000 -0.034232 0.999414 0.000000 -0.677144 0.735850 0.000000 -0.638234 -0.769843 -0.000000 -0.196836 -0.980436 -0.000000 
0.832829 -0.553530 0.000000 -0.660664 0.750682 0.000000 -0.635152 -0.772387 -0.000000 -0.187382 -0.982287 -0.000000 -0.046660 0.998911 0.000000 -0.611807 0.791007 0.000000 
0.811450 -0.584422 0.000000 -0.644131 0.764915 0.000000 -0.633598 -0.773663 -0.000000 -0.151736 -0.988421 -0.000000 -0.065184 0.997873 0.000000 -0.523135 0.852250 0.000000 
0.788534 -0.614991 0.000000 -0.628072 0.778155 0.000000 -0.634546 -0.772885 -0.000000 -0.033429 -0.999441 -0.000000 -0.091361 0.995818 0.000000 -0.438501 0.898731 0.000000 
0.764857 -0.644200 0.000000 -0.613693 0.789545 0.000000 -0.634942 -0.772560 -0.000000 0.179258 -0.983802 0.000000 -0.125581 0.992083 0.000000 -0.365079 0.930977 0.000000 
0.741827 -0.670591 0.000000 -0.634368 -0.773031 -0.000000 0.468869 -0.883267 0.000000 -0.601540 0.798843 0.000000 -0.163299 0.986577 0.000000 -0.302353 0.953196 0.000000 
-0.634748 -0.772719 -0.000000 0.721287 -0.692636 0.000000 0.704361 -0.709842 0.000000 -0.726984 0.686654 0.000000 -0.581576 0.813492 0.000000 -0.196642 0.980475 0.000000 -0.235238 0.971938 0.000000 
-0.632100 -0.774887 -0.000000 0.716278 -0.697815 0.000000 -0.883685 0.468083 0.000000 -0.559251 0.828999 0.000000 -0.163289 0.986578 0.000000 -0.227583 0.973759 0.000000 
-0.630016 -0.776582 -0.000000 0.713806 -0.700344 0.000000 -0.968438 0.249254 0.000000 -0.540287 0.841481 0.000000 -0.084939 0.996386 0.000000 -0.258624 0.965978 0.000000 
-0.628775 -0.777588 -0.000000 0.712438 -0.701735 0.000000 -0.997644 0.068607 0.000000 -0.523818 0.851830 0.000000 -0.002224 0.999998 0.000000 -0.291902 0.956448 0.000000 
-0.629414 -0.777070 -0.000000 0.710857 -0.703337 0.000000 -0.998059 -0.062271 -0.000000 -0.507035 0.861926 0.000000 0.070247 0.997530 0.000000 -0.327217 0.944949 0.000000 
-0.629394 -0.777086 -0.000000 0.706920 -0.707294 0.000000 -0.986491 -0.163815 -0.000000 -0.488644 0.872483 0.000000 0.105575 0.994411 0.000000 -0.360585 0.932726 0.000000 
-0.629770 -0.776781 -0.000000 0.699388 -0.714742 0.000000 -0.972328 -0.233621 -0.000000 -0.467038 0.884237 0.000000 0.114826 0.993386 0.000000 -0.390067 0.920787 0.000000 
-0.630728 -0.776004 -0.000000 0.689428 -0.724354 0.000000 -0.959481 -0.281772 -0.000000 -0.443209 0.896418 0.000000 0.111791 0.993732 0.000000 -0.416902 0.908952 0.000000 
-0.630598 -0.776109 -0.000000 0.677082 -0.735907 0.000000 -0.938085 -0.346405 -0.000000 0.106711 0.994290 0.000000 -0.424933 0.905225 0.000000 
-0.632775 -0.774336 -0.000000 0.662809 -0.748788 0.000000 -0.924013 -0.382361 -0.000000 0.117979 0.993016 0.000000 -0.406993 0.913431 0.000000 
-0.635690 -0.771944 -0.000000 0.654352 -0.756190 0.000000 -0.907736 -0.419543 -0.000000 0.147048 0.989129 0.000000 -0.393099 0.919496 0.000000 
-0.638671 -0.769480 -0.000000 0.656648 -0.754197 0.000000 -0.903765 -0.428029 -0.000000 0.189244 0.981930 0.000000 -0.386496 0.922291 0.000000 
-0.630048 -0.776556 -0.000000 0.675225 -0.737612 0.000000 -0.882972 -0.469426 -0.000000 0.227378 0.973807 0.000000 -0.398178 0.917308 0.000000 
-0.619319 -0.785140 -0.000000 0.694601 -0.719395 0.000000 -0.851635 -0.524136 -0.000000 0.247131 0.968982 0.000000 -0.414338 0.910123 0.000000 
0.702473 -0.711710 0.000000 -0.824300 -0.566154 -0.000000 -0.614176 -0.789169 -0.000000 -0.419027 0.907974 0.000000 0.248220 0.968704 0.000000 
0.701475 -0.712694 0.000000 -0.805094 -0.593147 -0.000000 -0.611629 -0.791145 -0.000000 -0.413768 0.910382 0.000000 0.238271 0.971199 0.000000 
-0.793053 -0.609153 -0.000000 -0.608197 -0.793786 -0.000000 -0.403957 0.914778 0.000000 0.220747 0.975331 0.000000 0.738819 -0.673904 0.000000 0.692173 -0.721731 0.000000 
-0.781420 -0.624005 -0.000000 -0.602599 -0.798044 -0.000000 -0.395195 0.918597 0.000000 0.202241 0.979336 0.000000 0.770632 -0.637281 0.000000 0.683163 -0.730266 0.000000 
-0.769444 -0.638714 -0.000000 -0.593102 -0.805128 -0.000000 -0.393252 0.919431 0.000000 0.188413 0.982090 0.000000 0.797625 -0.603154 0.000000 0.680355 -0.732883 0.000000 
-0.756758 -0.653695 -0.000000 -0.576760 -0.816914 -0.000000 -0.401323 0.915937 0.000000 0.182751 0.983159 0.000000 0.824660 -0.565629 0.000000 0.686615 -0.727021 0.000000 
-0.742857 -0.669450 -0.000000 -0.559505 -0.828827 -0.000000 -0.416686 0.909051 0.000000 0.178513 0.983938 0.000000 0.848616 -0.529010 0.000000 0.698157 -0.715945 0.000000 
-0.724935 -0.688817 -0.000000 -0.560076 -0.828441 -0.000000 -0.426691 0.904398 0.000000 0.168678 0.985671 0.000000 0.865739 -0.500496 0.000000 0.704353 -0.709850 0.000000 
0.874811 -0.484464 0.000000 0.708987 -0.705222 0.000000 -0.435884 0.900003 0.000000 0.150408 0.988624 0.000000 -0.710566 -0.703631 -0.000000 -0.569922 -0.821699 -0.000000 
0.875204 -0.483753 0.000000 0.723140 -0.690701 0.000000 -0.455758 0.890104 0.000000 0.123586 0.992334 0.000000 -0.690443 -0.723387 -0.000000 -0.565651 -0.824644 -0.000000 
-0.487095 0.873349 0.000000 0.098429 0.995144 0.000000 -0.664915 -0.746919 -0.000000 -0.547519 -0.836793 -0.000000 0.869298 -0.494288 0.000000 0.749475 -0.662033 0.000000 
-0.525592 0.850737 0.000000 0.075367 0.997156 0.000000 -0.636181 -0.771540 -0.000000 -0.523968 -0.851738 -0.000000 0.863895 -0.503673 0.000000 0.781756 -0.623585 0.000000 
-0.558887 0.829244 0.000000 0.051477 0.998674 0.000000 -0.603864 -0.797088 -0.000000 -0.503685 -0.863887 -0.000000 0.862573 -0.505933 0.000000 0.809822 -0.586676 0.000000 
-0.583233 0.812305 0.000000 0.019444 0.999811 0.000000 -0.573308 -0.819340 -0.000000 -0.487036 -0.873382 -0.000000 0.865620 -0.500701 0.000000 0.828277 -0.560319 0.000000 
-0.019231 0.999815 0.000000 -0.594376 0.804187 0.000000 0.870133 -0.492816 0.000000 0.833295 -0.552828 0.000000 -0.553240 -0.833022 -0.000000 -0.475579 -0.879673 -0.000000 
-0.063907 0.997956 0.000000 -0.612725 0.790296 0.000000 0.872667 -0.488315 0.000000 0.842376 -0.538890 0.000000 -0.539393 -0.842054 -0.000000 -0.456737 -0.889602 -0.000000 
-0.118254 0.992983 0.000000 -0.646624 0.762809 0.000000 0.867873 -0.496786 0.000000 0.861482 -0.507788 0.000000 -0.513341 -0.858185 -0.000000 -0.420169 -0.907446 -0.000000 
0.880808 -0.473474 0.000000 -0.190304 0.981725 0.000000 -0.690704 0.723138 0.000000 -0.491681 -0.870775 -0.000000 -0.372670 -0.927964 -0.000000 
0.897914 -0.440172 0.000000 -0.485623 -0.874169 -0.000000 -0.325910 -0.945401 -0.000000 -0.278321 0.960488 0.000000 -0.741584 0.670860 0.000000 
0.914660 -0.404224 0.000000 -0.272884 -0.962047 -0.000000 -0.347637 0.937629 0.000000 -0.802057 0.597247 0.000000 -0.801294 0.598271 0.000000 
0.937660 -0.347553 0.000000 -0.220077 -0.975483 -0.000000 -0.849963 0.526843 0.000000 -0.430112 0.902776 0.000000 -0.774520 0.632549 0.000000 
0.954059 -0.299618 0.000000 -0.179363 -0.983783 -0.000000 -0.873216 0.487333 0.000000 -0.521964 0.852968 0.000000 -0.743003 0.669288 0.000000 
0.959273 -0.282482 0.000000 -0.160931 -0.986966 -0.000000 -0.885697 0.464264 0.000000 -0.609758 0.792587 0.000000 -0.723319 0.690514 0.000000 
0.964237 -0.265042 0.000000 -0.145167 -0.989407 -0.000000 -0.896754 0.442529 0.000000 -0.706432 0.707781 0.000000 -0.708495 0.705716 0.000000 
0.973975 -0.226653 0.000000 -0.118299 -0.992978 -0.000000 -0.913568 0.406685 0.000000 -0.699338 0.714791 0.000000 -0.783102 0.621893 0.000000 
0.984049 -0.177896 0.000000 -0.932123 0.362142 0.000000 -0.089986 -0.995943 -0.000000 -0.693231 0.720716 0.000000 -0.835906 0.548873 0.000000 
0.992387 -0.123156 0.000000 -0.948486 0.316820 0.000000 -0.063605 -0.997975 -0.000000 -0.687309 0.726365 0.000000 -0.880682 0.473708 0.000000 
0.997637 -0.068711 0.000000 -0.959741 0.280887 0.000000 -0.046428 -0.998922 -0.000000 0.366856 -0.930278 0.000000 -0.682439 0.730942 0.000000 -0.912841 0.408315 0.000000 
0.999847 -0.017503 0.000000 -0.968329 0.249679 0.000000 -0.042126 -0.999112 -0.000000 0.374098 -0.927389 0.000000 -0.675594 0.737274 0.000000 -0.931079 0.364817 0.000000 
0.999454 0.033031 0.000000 -0.976059 0.217506 0.000000 -0.050687 -0.998715 -0.000000 0.504654 -0.863322 0.000000 -0.667628 0.744495 0.000000 -0.922661 0.385613 0.000000 
0.997280 0.073701 0.000000 -0.982090 0.188410 0.000000 -0.050339 -0.998732 -0.000000 0.479514 -0.877534 0.000000 -0.660763 0.750595 0.000000 -0.898954 0.438042 0.000000 
0.995676 0.092895 0.000000 -0.984449 0.175672 0.000000 -0.044759 -0.998998 -0.000000 0.464820 -0.885405 0.000000 -0.662790 0.748805 0.000000 -0.884788 0.465993 0.000000 
0.995399 0.095816 0.000000 -0.984298 0.176512 0.000000 -0.040626 -0.999174 -0.000000 0.450639 -0.892706 0.000000 -0.671007 0.741451 0.000000 -0.893694 0.448678 0.000000 
0.995718 0.092446 0.000000 -0.983581 0.180465 0.000000 -0.034209 -0.999415 -0.000000 0.447457 -0.894305 0.000000 -0.680231 0.732998 0.000000 -0.910789 0.412872 0.000000 
0.996271 0.086275 0.000000 -0.982574 0.185874 0.000000 -0.026574 -0.999647 -0.000000 0.445243 -0.895410 0.000000 -0.688302 0.725424 0.000000 -0.918816 0.394687 0.000000 
0.996807 0.079850 0.000000 -0.981640 0.190743 0.000000 -0.021469 -0.999770 -0.000000 0.447898 -0.894085 0.000000 -0.692459 0.721457 0.000000 -0.918233 0.396040 0.000000 
0.997219 0.074524 0.000000 -0.981436 0.191788 0.000000 -0.018053 -0.999837 -0.000000 0.467910 -0.883776 0.000000 -0.692260 0.721648 0.000000 -0.922005 0.387177 0.000000 
0.997906 0.064687 0.000000 -0.981054 0.193733 0.000000 -0.016509 -0.999864 -0.000000 0.506719 -0.862111 0.000000 -0.690934 0.722917 0.000000 -0.928455 0.371444 0.000000 
0.998826 0.048434 0.000000 -0.979678 0.200579 0.000000 -0.015269 -0.999883 -0.000000 0.528960 -0.848647 0.000000 -0.692274 0.721634 0.000000 -0.924587 0.380970 0.000000 
0.999558 0.029743 0.000000 -0.978101 0.208133 0.000000 -0.009123 -0.999958 -0.000000 0.539670 -0.841876 0.000000 -0.700125 0.714020 0.000000 -0.909009 0.416776 0.000000 
0.999959 0.009055 0.000000 -0.975595 0.219576 0.000000 -0.006535 -0.999979 -0.000000 0.566250 -0.824234 0.000000 -0.714137 0.700006 0.000000 -0.888244 0.459372 0.000000 
0.999976 -0.006924 0.000000 -0.972406 0.233293 0.000000 -0.006302 -0.999980 -0.000000 0.599327 -0.800504 0.000000 -0.731944 0.681365 0.000000 -0.863866 0.503722 0.000000 
0.999811 -0.019421 0.000000 -0.969265 0.246018 0.000000 -0.007394 -0.999973 -0.000000 0.619598 -0.784919 0.000000 -0.748936 0.662643 0.000000 -0.851366 0.524573 0.000000 
0.999636 -0.026989 0.000000 -0.008326 -0.999965 -0.000000 0.632370 -0.774666 0.000000 -0.967257 0.253798 0.000000 -0.760229 0.649655 0.000000 -0.852125 0.523338 0.000000 
0.999645 -0.026646 0.000000 -0.009477 -0.999955 -0.000000 0.624518 -0.781010 0.000000 -0.967092 0.254426 0.000000 -0.762648 0.646813 0.000000 -0.855996 0.516982 0.000000 
0.999828 -0.018539 0.000000 -0.009903 -0.999951 -0.000000 0.630301 -0.776351 0.000000 -0.969081 0.246742 0.000000 -0.755476 0.655176 0.000000 -0.857345 0.514743 0.000000 
0.999968 -0.007965 0.000000 -0.971664 0.236368 0.000000 -0.010117 -0.999949 -0.000000 0.636663 -0.771142 0.000000 -0.744506 0.667616 0.000000 -0.859200 0.511640 0.000000 
0.999998 0.002183 0.000000 -0.973949 0.226766 0.000000 -0.009078 -0.999959 -0.000000 0.632704 -0.774393 0.000000 -0.734592 0.678509 0.000000 -0.859007 0.511963 0.000000 
0.999958 0.009198 0.000000 -0.975397 0.220454 0.000000 -0.007639 -0.999971 -0.000000 0.625025 -0.780605 0.000000 -0.728564 0.684978 0.000000 -0.858232 0.513263 0.000000 
0.999932 0.011651 0.000000 -0.975930 0.218082 0.000000 -0.006341 -0.999980 -0.000000 0.618035 -0.786151 0.000000 -0.726440 0.687230 0.000000 -0.859324 0.511432 0.000000 
0.999944 0.010618 0.000000 -0.975867 0.218365 0.000000 -0.005444 -0.999985 -0.000000 0.614406 -0.788990 0.000000 -0.726337 0.687339 0.000000 -0.859228 0.511592 0.000000 
0.999973 0.007362 0.000000 -0.975208 0.221290 0.000000 -0.004924 -0.999988 -0.000000 0.607659 -0.794198 0.000000 -0.728313 0.685244 0.000000 -0.863256 0.504767 0.000000 
0.999990 0.004493 0.000000 -0.974635 0.223801 0.000000 -0.004926 -0.999988 -0.000000 0.607450 -0.794358 0.000000 -0.730345 0.683079 0.000000 -0.865397 0.501086 0.000000 
0.999996 0.002994 0.000000 -0.974329 0.225130 0.000000 -0.004928 -0.999988 -0.000000 0.607615 -0.794232 0.000000 -0.731613 0.681720 0.000000 -0.866106 0.499860 0.000000 
0.999996 0.002810 0.000000 -0.974291 0.225292 0.000000 -0.004936 -0.999988 -0.000000 0.607833 -0.794065 0.000000 -0.731764 0.681558 0.000000 -0.866195 0.499706 0.000000 
0.999996 0.002817 0.000000 -0.974293 0.225287 0.000000 -0.004944 -0.999988 -0.000000 0.608029 -0.793915 0.000000 -0.731759 0.681563 0.000000 -0.866200 0.499697 0.000000 
0.999996 0.002826 0.000000 -0.974295 0.225276 0.000000 -0.004947 -0.999988 -0.000000 0.608259 -0.793739 0.000000 -0.731756 0.681566 0.000000 -0.866210 0.499680 0.000000 
0.999996 0.002835 0.000000 -0.974297 0.225266 0.000000 -0.004950 -0.999988 -0.000000 0.608471 -0.793576 0.000000 -0.731754 0.681569 0.000000 -0.866218 0.499667 0.000000 
0.999996 0.002843 0.000000 -0.974300 0.225256 0.000000 -0.004952 -0.999988 -0.000000 0.608704 -0.793397 0.000000 -0.731750 0.681573 0.000000 -0.866229 0.499647 0.000000 
0.999996 0.002840 0.000000 -0.974299 0.225258 0.000000 -0.004966 -0.999988 -0.000000 0.608902 -0.793245 0.000000 -0.731743 0.681581 0.000000 -0.866221 0.499661 0.000000 
0.999996 0.002836 0.000000 -0.974299 0.225259 0.000000 -0.004978 -0.999988 -0.000000 0.609133 -0.793068 0.000000 -0.731738 0.681586 0.000000 -0.866214 0.499674 0.000000 
0.999996 0.002832 0.000000 -0.974298 0.225263 0.000000 -0.004992 -0.999988 -0.000000 0.609330 -0.792917 0.000000 -0.731731 0.681594 0.000000 -0.866206 0.499687 0.000000 
0.999996 0.002816 0.000000 -0.974295 0.225276 0.000000 -0.005014 -0.999987 -0.000000 0.609547 -0.792750 0.000000 -0.731724 0.681601 0.000000 -0.866173 0.499744 0.000000 
0.999996 0.002794 0.000000 -0.974291 0.225294 0.000000 -0.005040 -0.999987 -0.000000 0.609779 -0.792571 0.000000 -0.731716 0.681609 0.000000 -0.866138 0.499805 0.000000 
0.999996 0.002767 0.000000 -0.974285 0.225318 0.000000 -0.005072 -0.999987 -0.000000 0.609993 -0.792407 0.000000 -0.731707 0.681619 0.000000 -0.866083 0.499900 0.000000 
0.999996 0.002733 0.000000 -0.974278 0.225348 0.000000 -0.005109 -0.999987 -0.000000 0.610223 -0.792230 0.000000 -0.731695 0.681632 0.000000 -0.866033 0.499986 0.000000 
0.999996 0.002695 0.000000 -0.974270 0.225383 0.000000 -0.005149 -0.999987 -0.000000 0.610438 -0.792064 0.000000 -0.731683 0.681645 0.000000 -0.865972 0.500092 0.000000 
0.999996 0.002655 0.000000 -0.974262 0.225418 0.000000 -0.005190 -0.999987 -0.000000 0.610665 -0.791889 0.000000 -0.731672 0.681657 0.000000 -0.865903 0.500212 0.000000 
0.999997 0.002619 0.000000 -0.974255 0.225451 0.000000 -0.005229 -0.999986 -0.000000 0.610877 -0.791725 0.000000 -0.731660 0.681669 0.000000 -0.865847 0.500310 0.000000 
0.999997 0.002586 0.000000 -0.974248 0.225479 0.000000 -0.005263 -0.999986 -0.000000 0.611100 -0.791554 0.000000 -0.731650 0.681680 0.000000 -0.865792 0.500404 0.000000 
0.999997 0.002559 0.000000 -0.974243 0.225502 0.000000 -0.005292 -0.999986 -0.000000 0.611304 -0.791396 0.000000 -0.731642 0.681689 0.000000 -0.865750 0.500477 0.000000 
0.999997 0.002535 0.000000 -0.974238 0.225521 0.000000 -0.005318 -0.999986 -0.000000 0.611522 -0.791228 0.000000 -0.731634 0.681697 0.000000 -0.865707 0.500550 0.000000 
0.999997 0.002512 0.000000 -0.974234 0.225540 0.000000 -0.005343 -0.999986 -0.000000 0.611724 -0.791071 0.000000 -0.731626 0.681706 0.000000 -0.865672 0.500612 0.000000 
0.999997 0.002488 0.000000 -0.974229 0.225560 0.000000 -0.005369 -0.999986 -0.000000 0.611941 -0.790903 0.000000 -0.731619 0.681714 0.000000 -0.865633 0.500680 0.000000 
0.999997 0.002460 0.000000 -0.974224 0.225583 0.000000 -0.005398 -0.999985 -0.000000 0.612139 -0.790750 0.000000 -0.731611 0.681722 0.000000 -0.865588 0.500758 0.000000 
0.999997 0.002429 0.000000 -0.974218 0.225608 0.000000 -0.005429 -0.999985 -0.000000 0.612355 -0.790583 0.000000 -0.731602 0.681732 0.000000 -0.865538 0.500844 0.000000 
0.999997 0.002396 0.000000 -0.974212 0.225637 0.000000 -0.005462 -0.999985 -0.000000 0.612548 -0.790433 0.000000 -0.731588 0.681747 0.000000 -0.865494 0.500919 0.000000 
0.999997 0.002359 0.000000 -0.974205 0.225664 0.000000 -0.005497 -0.999985 -0.000000 0.612763 -0.790267 0.000000 -0.731560 0.681777 0.000000 -0.865498 0.500912 0.000000 
0.999997 0.002320 0.000000 -0.974199 0.225692 0.000000 -0.005531 -0.999985 -0.000000 0.612955 -0.790118 0.000000 -0.731516 0.681824 0.000000 -0.865555 0.500815 0.000000 
0.999997 0.002279 0.000000 -0.974193 0.225719 0.000000 -0.005564 -0.999985 -0.000000 0.613164 -0.789955 0.000000 -0.731459 0.681886 0.000000 -0.865658 0.500636 0.000000 
0.999997 0.002240 0.000000 -0.974187 0.225743 0.000000 -0.005595 -0.999984 -0.000000 0.613358 -0.789805 0.000000 -0.731397 0.681952 0.000000 -0.865774 0.500435 0.000000 
0.999998 0.002203 0.000000 -0.974182 0.225764 0.000000 -0.005625 -0.999984 -0.000000 0.613562 -0.789647 0.000000 -0.731337 0.682016 0.000000 -0.865894 0.500228 0.000000 
0.999998 0.002170 0.000000 -0.974178 0.225783 0.000000 -0.005651 -0.999984 -0.000000 0.613748 -0.789502 0.000000 -0.731285 0.682072 0.000000 -0.865995 0.500053 0.000000 
0.999998 0.002139 0.000000 -0.974173 0.225801 0.000000 -0.005677 -0.999984 -0.000000 0.613950 -0.789345 0.000000 -0.731241 0.682120 0.000000 -0.866065 0.499932 0.000000 
0.999998 0.002108 0.000000 -0.974169 0.225821 0.000000 -0.005703 -0.999984 -0.000000 0.614134 -0.789202 0.000000 -0.731202 0.682161 0.000000 -0.866127 0.499823 0.000000 
0.999998 0.002077 0.000000 -0.974164 0.225842 0.000000 -0.005730 -0.999984 -0.000000 0.614333 -0.789047 0.000000 -0.731165 0.682201 0.000000 -0.866180 0.499732 0.000000 
