0.917810 0.315584 0.004396 0.820623 0.291142 0.003997 0.919802 0.482524 0.004432 0.796539 0.380571 0.003913 
0.916597 0.313711 0.004139 0.818559 0.292089 0.004162 0.917714 0.483431 0.003954 0.795321 0.378717 0.004067 
0.916875 0.314217 0.004134 0.818977 0.291957 0.004082 0.918174 0.483288 0.004057 0.795612 0.379241 0.004027 
0.916534 0.313575 0.004209 0.819048 0.291918 0.004164 0.918232 0.483259 0.004144 0.795267 0.378602 0.004117 
0.915998 0.312568 0.004276 0.818994 0.291947 0.004238 0.918154 0.483298 0.004223 0.794725 0.377598 0.004199 
0.915260 0.311182 0.004341 0.818894 0.292001 0.004305 0.918022 0.483365 0.004294 0.793978 0.376216 0.004271 
0.914267 0.309318 0.004399 0.818823 0.292039 0.004366 0.917908 0.483423 0.004360 0.792974 0.374358 0.004337 
0.913232 0.307596 0.004228 0.817389 0.292867 0.004296 0.916441 0.484229 0.004497 0.791931 0.372648 0.004443 
0.911541 0.304423 0.004295 0.817512 0.292801 0.004360 0.916493 0.484203 0.004543 0.790220 0.369486 0.004491 
0.909514 0.300605 0.004347 0.817740 0.292688 0.004392 0.916625 0.484145 0.004596 0.788167 0.365673 0.004510 
0.907064 0.296040 0.004349 0.817671 0.292738 0.004408 0.916446 0.484249 0.004665 0.785686 0.361119 0.004549 
0.904132 0.290617 0.004282 0.819141 0.291995 0.004237 0.918029 0.483491 0.004354 0.782800 0.355861 0.004239 
0.901079 0.285395 0.004052 0.818650 0.292341 0.004131 0.917672 0.483759 0.004342 0.779801 0.350817 0.004252 
0.898179 0.279980 0.004140 0.819790 0.291726 0.004208 0.918731 0.483218 0.004466 0.776881 0.345444 0.004324 
0.901507 0.286705 0.004760 0.819729 0.291000 0.004353 0.917038 0.483300 0.007913 0.779651 0.351024 0.005055 
0.902725 0.289160 0.005233 0.819410 0.290928 0.004462 0.915845 0.483613 0.009954 0.780580 0.352894 0.005547 
0.902051 0.287733 0.005379 0.818366 0.291416 0.004538 0.915207 0.483848 0.010733 0.780044 0.351750 0.005709 
0.898177 0.280300 0.005032 0.817212 0.292055 0.004579 0.913896 0.484569 0.009492 0.776126 0.344342 0.005330 
0.896894 0.277765 0.005036 0.815812 0.292736 0.004618 0.912989 0.484960 0.009663 0.775011 0.342162 0.005314 
0.893407 0.271141 0.004809 0.814812 0.293307 0.004649 0.911784 0.485634 0.008463 0.771463 0.335520 0.005055 
0.890825 0.266347 0.004723 0.814103 0.293863 0.004684 0.909782 0.486828 0.007740 0.768458 0.329999 0.004922 
0.888447 0.261809 0.004671 0.813504 0.294264 0.004710 0.908393 0.487607 0.007270 0.765826 0.325045 0.004847 
0.888884 0.262869 0.004711 0.812773 0.294831 0.004716 0.905478 0.489191 0.008436 0.765561 0.324723 0.004879 
0.888682 0.262594 0.004768 0.812271 0.295191 0.004751 0.903421 0.490250 0.009431 0.764873 0.323483 0.004901 
0.888935 0.263214 0.004854 0.811602 0.295581 0.004789 0.901537 0.491145 0.010907 0.764754 0.323342 0.004961 
0.889641 0.264694 0.005019 0.810987 0.295836 0.004832 0.900841 0.491349 0.012925 0.765443 0.324763 0.005095 
0.891190 0.267922 0.005333 0.810078 0.296213 0.004884 0.899900 0.491593 0.015577 0.766994 0.327946 0.005396 
0.900246 0.286236 0.007246 0.808786 0.297229 0.005010 0.894435 0.493977 0.021932 0.774847 0.343435 0.007197 
0.797769 -0.110956 0.004528 0.893671 0.494272 0.028672 0.964725 0.287117 0.021694 0.784199 0.360934 0.010210 0.710016 0.299790 0.025096 0.754497 0.252340 0.006475 
0.795224 -0.111946 0.004578 0.901511 0.488324 0.033410 0.966720 0.295102 0.026677 0.792378 0.369891 0.012928 0.708454 0.298715 0.024256 0.757398 0.253127 0.006493 
0.789145 -0.113008 0.004709 0.906572 0.480349 0.034211 0.968616 0.298688 0.028644 0.794365 0.365701 0.013769 0.712023 0.299266 0.022851 0.759955 0.257599 0.006935 
0.785931 -0.113542 0.004953 0.904926 0.475618 0.032138 0.967368 0.299937 0.027955 0.791892 0.361475 0.012590 0.713732 0.300103 0.021134 0.758830 0.260123 0.006191 
0.784388 -0.113393 0.004989 0.901279 0.476120 0.029751 0.965594 0.303289 0.026630 0.788388 0.358006 0.011139 0.711318 0.300583 0.018745 0.758071 0.265701 0.005538 
0.785042 -0.113134 0.005044 0.897284 0.478476 0.026114 0.965519 0.304376 0.024319 0.784556 0.350105 0.009377 0.709407 0.300960 0.015566 0.759271 0.274694 0.005300 
0.785848 -0.113224 0.005412 0.893847 0.480069 0.022087 0.966089 0.303906 0.021902 0.780905 0.341719 0.007819 0.710197 0.301159 0.011866 0.760697 0.284325 0.005095 
0.788068 -0.113635 0.006123 0.891550 0.480818 0.018420 0.967256 0.302573 0.020021 0.777965 0.334695 0.006737 0.713203 0.302060 0.008306 0.762118 0.294014 0.004985 
0.793783 -0.114066 0.007397 0.890827 0.480730 0.015628 0.969053 0.301452 0.019183 0.776310 0.330289 0.006102 0.718134 0.303978 0.005320 0.763515 0.303114 0.004941 
0.802346 -0.114585 0.009785 0.891314 0.480059 0.013564 0.971190 0.300385 0.019303 0.775548 0.328026 0.005727 0.724763 0.306323 0.003185 0.764438 0.310523 0.004932 
0.795085 -0.115373 0.009749 0.866076 0.490201 0.019141 0.969993 0.312246 0.021614 0.761142 0.316123 0.018859 0.727815 0.312657 0.002445 0.760873 0.356254 0.021325 
0.776056 -0.116440 0.007671 0.864583 0.495500 0.029435 0.972362 0.337622 0.030084 0.764125 0.323639 0.028869 0.733068 0.324600 0.003415 0.765027 0.388627 0.035388 
0.749067 -0.117061 0.005733 0.863077 0.508442 0.047853 0.973941 0.374541 0.046696 0.771293 0.344331 0.043845 0.740610 0.337155 0.004499 0.770628 0.427157 0.056955 
0.723705 -0.116175 0.004998 0.889855 0.512978 0.065364 0.770398 0.368244 0.056142 0.971237 0.330708 0.004898 0.976698 0.433278 0.067399 0.747487 0.349312 0.004926 0.765854 0.455139 0.072832 
0.703539 -0.115029 0.005025 0.875973 0.539821 0.091324 0.762443 0.378023 0.081381 0.763112 0.465193 0.098262 0.986029 0.332088 0.004250 0.956864 0.477451 0.093066 
0.684025 -0.112724 0.005945 0.856161 0.577960 0.106747 0.739183 0.396188 0.095059 0.741589 0.487744 0.112843 0.998137 0.333005 0.002009 0.923968 0.504475 0.102204 
0.664250 -0.108678 0.006184 0.760486 0.631747 0.104531 0.699732 0.427118 0.096617 0.698039 0.495441 0.108459 1.009940 0.338579 0.001346 0.880601 0.507983 0.085143 
0.657681 -0.107565 0.007472 0.594824 0.656081 0.134535 0.667004 0.423767 0.104313 0.662704 0.510124 0.117742 1.012037 0.349947 -0.002191 0.850304 0.494187 0.052500 
0.651040 -0.106347 0.009918 0.530211 0.666075 0.143589 0.661132 0.428933 0.081164 0.656727 0.502754 0.089317 1.013370 0.357149 -0.008992 0.845434 0.473245 0.017830 
0.650548 -0.107638 0.013726 0.526837 0.664053 0.126493 0.665417 0.453866 0.060346 0.658069 0.497391 0.065778 1.013781 0.362881 -0.015278 0.846582 0.473765 0.005199 
0.662413 -0.127038 0.028700 0.528710 0.664510 0.122288 0.666111 0.471143 0.057985 0.656800 0.490107 0.060861 1.018160 0.351062 -0.013476 0.847059 0.473496 0.009537 
0.668298 -0.161264 0.059924 0.529988 0.665663 0.116573 0.665675 0.483358 0.055267 0.657206 0.465183 0.055067 1.020213 0.316012 -0.007262 0.848447 0.457973 0.017766 
0.658934 -0.196611 0.103900 0.529670 0.665774 0.110488 0.665547 0.490615 0.052748 0.659110 0.432233 0.053337 1.012814 0.271141 0.002218 0.848068 0.436187 0.029012 
0.643967 -0.224030 0.145197 0.528467 0.668008 0.106129 0.664848 0.497525 0.050767 0.658448 0.405970 0.055742 1.002789 0.228706 0.012473 0.846023 0.418700 0.040077 
0.623184 -0.236112 0.172582 0.525507 0.672273 0.104749 0.663605 0.504142 0.049675 0.655077 0.392739 0.058760 0.989234 0.204167 0.019901 0.842012 0.409292 0.047115 
0.598640 -0.235144 0.186044 0.522946 0.678137 0.103544 0.661408 0.508413 0.049690 0.650431 0.392528 0.060727 0.974987 0.194338 0.022518 0.836497 0.408774 0.049897 
0.576250 -0.226729 0.191280 0.522039 0.681851 0.099531 0.659731 0.510231 0.049321 0.647133 0.397127 0.060890 0.962454 0.194876 0.023441 0.831593 0.412232 0.050423 
0.566130 -0.216744 0.188856 0.521570 0.684872 0.094641 0.658059 0.511297 0.048517 0.644762 0.404434 0.059445 0.959020 0.203374 0.026941 0.829151 0.416723 0.050385 
0.562948 -0.207353 0.182740 0.520739 0.688566 0.090325 0.655971 0.511796 0.047718 0.642389 0.412742 0.057561 0.960746 0.213160 0.032375 0.828028 0.420741 0.050365 
0.559198 -0.197635 0.175838 0.519528 0.692546 0.086358 0.653610 0.511541 0.046926 0.639874 0.420447 0.055742 0.961681 0.222229 0.038036 0.826752 0.423701 0.050348 
0.551601 -0.186041 0.168013 0.517971 0.696643 0.082638 0.651044 0.510535 0.046153 0.637279 0.427769 0.053946 0.959638 0.231538 0.042652 0.824771 0.426114 0.049914 
0.543460 -0.174240 0.155604 0.516706 0.704899 0.081391 0.648668 0.515975 0.045219 0.634148 0.438374 0.051429 0.959512 0.239273 0.046552 0.822627 0.431415 0.049739 
0.526715 -0.165177 0.140427 0.520521 0.720400 0.077594 0.651657 0.527618 0.039379 0.634812 0.446377 0.044819 0.956459 0.235151 0.044392 0.823763 0.435818 0.047333 
0.502980 -0.155843 0.123123 0.528255 0.732666 0.071667 0.655786 0.534187 0.033722 0.636886 0.455060 0.037859 0.948302 0.228565 0.037170 0.824848 0.440084 0.043221 
0.478288 -0.149205 0.110161 0.533668 0.740484 0.066176 0.655312 0.529718 0.031194 0.636992 0.461766 0.034550 0.936998 0.221733 0.032235 0.823477 0.440107 0.040590 
0.457060 -0.146329 0.101647 0.544490 0.746658 0.055122 0.656025 0.524177 0.026622 0.638107 0.461241 0.030424 0.925674 0.212989 0.031056 0.823555 0.435541 0.040300 
0.439019 -0.142321 0.093484 0.548921 0.751440 0.048112 0.655789 0.523421 0.023101 0.636918 0.460888 0.026895 0.915786 0.206754 0.033271 0.821238 0.432037 0.041617 
0.423461 -0.137817 0.086190 0.551433 0.753665 0.040960 0.656406 0.525752 0.019344 0.635222 0.458978 0.023054 0.906852 0.203533 0.037466 0.817945 0.429375 0.044034 
0.411701 -0.134533 0.078728 0.553565 0.756042 0.034128 0.657466 0.528785 0.015663 0.633731 0.457215 0.019146 0.900785 0.199543 0.043870 0.815310 0.426794 0.047156 
0.402389 -0.132447 0.070956 0.555209 0.757786 0.026521 0.658536 0.531749 0.011759 0.632459 0.455858 0.014863 0.895553 0.196242 0.050243 0.812736 0.425128 0.050092 
0.394605 -0.131122 0.062824 0.556445 0.759309 0.017810 0.659182 0.533468 0.007599 0.631500 0.455079 0.010337 0.890591 0.193124 0.056546 0.810159 0.423992 0.052657 
0.389369 -0.128908 0.053588 0.551245 0.764518 0.014506 0.657889 0.528899 0.007261 0.632120 0.458358 0.009389 0.888353 0.189384 0.066632 0.809225 0.421547 0.056284 
0.385342 -0.127490 0.046607 0.552536 0.765323 0.007623 0.656674 0.526268 0.007211 0.632144 0.460141 0.008943 0.884717 0.188078 0.077717 0.807124 0.421663 0.062357 
0.382129 -0.124876 0.040873 0.552896 0.766111 0.001113 0.656212 0.525592 0.007412 0.631697 0.460365 0.008760 0.880207 0.188806 0.091449 0.804225 0.421201 0.069830 
0.379287 -0.121091 0.035202 0.552869 0.766935 -0.005399 0.656171 0.525903 0.007763 0.631045 0.459890 0.008665 0.874679 0.190337 0.106774 0.800625 0.420467 0.078067 
0.377753 -0.116276 0.028471 0.552402 0.767511 -0.011901 0.656586 0.527646 0.008344 0.630522 0.459856 0.008473 0.868800 0.193512 0.122973 0.796464 0.420647 0.086656 
0.378141 -0.111607 0.020704 0.551847 0.766859 -0.019325 0.657095 0.530384 0.009017 0.630437 0.460903 0.008117 0.862725 0.199159 0.138429 0.791667 0.423048 0.094938 
0.380447 -0.107870 0.012602 0.551734 0.765789 -0.027052 0.657530 0.533388 0.009768 0.630670 0.462596 0.007697 0.856574 0.206084 0.154044 0.786609 0.426457 0.103252 
0.383903 -0.106317 0.005376 0.435033 0.972059 0.497161 0.493794 0.896125 0.072916 0.849653 0.212789 0.170015 0.781091 0.430038 0.111967 0.208719 0.713515 -0.050370 0.314652 0.605797 0.022678 
0.511822 0.886975 0.043674 0.386510 -0.107261 -0.000745 0.840502 0.216089 0.186469 0.774507 0.432220 0.121058 0.223420 0.744783 -0.063699 0.324585 0.617929 0.020812 
0.494447 0.892134 0.046377 0.393526 -0.101688 -0.010672 0.829703 0.216975 0.207065 0.764714 0.435039 0.130362 0.211262 0.715298 -0.049219 0.321275 0.631193 0.014541 
0.479084 0.901081 0.049607 0.375453 -0.082365 -0.030284 0.807793 0.227912 0.200572 0.743763 0.451197 0.132096 0.199547 0.697302 -0.037162 0.312647 0.643731 0.008145 
0.462335 0.911629 0.052613 0.372488 -0.080412 -0.026386 0.795689 0.245044 0.200272 0.723606 0.472329 0.134979 0.191360 0.686599 -0.025808 0.311397 0.649097 0.011728 
0.444418 0.923208 0.058182 0.367435 -0.074899 -0.026116 0.784358 0.259797 0.199118 0.705706 0.487705 0.135507 0.187859 0.683157 -0.015642 0.308753 0.654612 0.019062 
0.432414 0.933084 0.067635 0.367781 -0.070986 -0.026051 0.776848 0.268118 0.204339 0.695265 0.494552 0.139661 0.300862 0.681047 0.073010 0.190202 0.682668 -0.008071 
0.427094 0.939180 0.079912 0.368562 -0.070480 -0.025990 0.770773 0.268152 0.213114 0.689400 0.495999 0.149213 0.292907 0.682381 0.079907 0.193885 0.674873 0.062277 
0.426740 0.940820 0.094444 0.368670 -0.069841 -0.027110 0.765773 0.264516 0.224954 0.686184 0.494509 0.162993 0.286780 0.681715 0.086163 0.197367 0.677522 0.064727 
0.429317 0.937237 0.109867 0.367463 -0.067908 -0.030245 0.761546 0.258965 0.238425 0.685358 0.489501 0.179531 0.283675 0.678734 0.091728 0.211745 0.996000 0.538526 0.199159 0.681418 0.064649 
0.428455 0.932950 0.122033 0.368079 -0.071088 -0.031193 0.757592 0.249711 0.250846 0.684772 0.480788 0.193036 0.281802 0.674477 0.097284 0.203241 0.982994 0.548560 0.194518 0.682164 0.065489 
0.426419 0.928817 0.131483 0.265781 -0.055632 -0.069864 0.750384 0.250157 0.179935 0.690586 0.487558 0.192434 0.270327 0.658574 0.106645 0.191994 0.975331 0.554702 0.186946 0.680815 0.066833 
0.420927 0.928641 0.134679 0.084463 0.023654 -0.082320 0.749396 0.225113 0.157055 0.689442 0.486719 0.186616 0.258859 0.637463 0.119467 0.177187 0.979540 0.552613 0.180732 0.670315 0.070996 
0.412754 0.929129 0.132043 -0.058705 0.137104 -0.023476 0.739323 0.157821 0.150957 0.680944 0.479602 0.173504 0.251651 0.617133 0.132367 0.167457 0.979696 0.548791 0.172474 0.659006 0.073161 
0.402839 0.933075 0.127106 -0.073812 0.169854 -0.006539 0.728486 0.096754 0.173093 0.672234 0.462096 0.164982 0.249747 0.600936 0.143586 0.160291 0.976103 0.545897 0.160455 0.651975 0.070171 
0.404965 0.927861 0.133850 -0.050099 0.170340 -0.025008 0.716080 0.052175 0.208817 0.669647 0.434970 0.177702 0.247521 0.586139 0.151437 0.153547 0.968334 0.550212 0.154063 0.647814 0.064456 
0.403950 0.923369 0.143102 -0.026198 0.154653 -0.041700 0.678382 -0.021968 0.243785 0.658334 0.395070 0.194918 0.237833 0.564599 0.164808 0.144272 0.951198 0.559400 0.147529 0.647090 0.057491 
0.400177 0.918989 0.153606 -0.026145 0.150114 -0.048526 0.611742 -0.109243 0.259981 0.636134 0.352525 0.208495 0.218694 0.539893 0.176293 0.132681 0.929223 0.570024 0.142701 0.645513 0.051018 
0.394952 0.914390 0.164947 -0.021261 0.144156 -0.057231 0.510775 -0.205250 0.276540 0.604195 0.305708 0.222462 0.193463 0.513557 0.187232 0.120133 0.902675 0.581274 0.138401 0.644984 0.043840 
0.402129 -0.275341 0.272586 -0.023852 0.147023 -0.067430 0.373495 0.921458 0.156141 0.491248 0.829113 0.078790 0.667123 0.524029 0.089991 0.548597 0.214127 0.133285 0.167693 0.490014 0.190326 0.109710 0.870418 0.591139 0.134629 0.644876 0.035953 
0.265403 -0.330162 0.263011 -0.023701 0.148319 -0.076641 0.365200 0.915933 0.169928 0.486826 0.826690 0.088792 0.668277 0.523108 0.093295 0.506310 0.170590 0.137912 0.136437 0.467390 0.191823 0.096126 0.832750 0.599265 0.130540 0.647214 0.028738 
0.136627 -0.353108 0.233100 -0.025829 0.169174 -0.084493 0.356510 0.906987 0.183648 0.480165 0.821891 0.098996 0.667928 0.520780 0.097923 0.461535 0.135378 0.132226 0.106648 0.447592 0.186321 0.083727 0.788984 0.603935 0.125564 0.651040 0.021005 
-0.008096 -0.346482 0.205817 -0.029291 0.183474 -0.083898 0.346856 0.896500 0.199694 0.474082 0.816987 0.112417 0.669217 0.518741 0.104835 0.404643 0.101205 0.126080 0.068349 0.742317 0.605039 0.070640 0.428660 0.186457 
-0.096383 -0.320717 0.163662 -0.035754 0.216543 -0.079387 0.341741 0.877483 0.215016 0.469501 0.803604 0.127615 0.668080 0.508672 0.114350 0.356857 0.075607 0.109380 0.055706 0.689699 0.600623 0.042898 0.410264 0.176609 
-0.160391 -0.278341 0.133960 0.307735 0.050225 0.092165 -0.053928 0.259943 -0.052382 0.666756 0.487800 0.126666 0.042460 0.633107 0.587151 0.014813 0.388656 0.169918 0.336905 0.850227 0.229673 0.469191 0.780901 0.147150 
-0.072251 -0.270637 0.071570 -0.051909 0.302972 -0.033188 0.333598 0.816599 0.255468 0.480685 0.749557 0.188225 0.667614 0.432642 0.122285 0.303839 0.020686 0.074080 0.013964 0.591017 0.578423 0.020780 0.370211 0.154916 
-0.019006 -0.236946 0.034704 -0.076635 0.337843 0.021532 0.322893 0.787623 0.302776 0.501561 0.705293 0.237850 0.664712 0.378912 0.155317 0.298173 -0.005522 0.070891 -0.027328 0.571730 0.591823 0.021789 0.356491 0.163559 
0.009496 -0.230314 0.066308 -0.104638 0.309086 0.026681 0.309723 0.761247 0.365541 0.493559 0.678043 0.304925 0.655829 0.353303 0.222043 0.294924 -0.023218 0.107604 -0.064584 0.538255 0.613274 0.018964 0.337611 0.197614 
-0.128890 0.278434 0.032851 0.290681 0.734004 0.424470 0.038418 -0.216719 0.093456 0.286860 -0.040248 0.136138 -0.102918 0.499108 0.627360 0.014314 0.319461 0.227296 0.643161 0.326389 0.286660 0.482363 0.649373 0.365103 
-0.137259 0.275855 0.043029 0.262531 0.715090 0.474683 0.039710 -0.203353 0.085367 0.272546 -0.046330 0.142258 -0.143527 0.463770 0.632792 0.002321 0.307353 0.240150 0.628797 0.312729 0.342436 0.461870 0.635151 0.412732 
-0.159758 0.272012 0.059264 0.230284 0.694741 0.518686 0.022391 -0.183567 0.078099 0.245029 -0.048228 0.134363 -0.184486 0.435088 0.634451 -0.019857 0.296369 0.250398 0.470117 0.583336 0.249905 0.550894 0.414147 0.360376 
-0.185794 0.269899 0.082244 0.239957 0.641659 0.482273 0.457287 0.575544 0.290073 -0.028808 -0.185975 0.081485 0.219462 -0.046489 0.131252 -0.223338 0.407892 0.633731 -0.049913 0.281483 0.265135 
-0.208962 0.266912 0.105484 0.207519 0.627117 0.519339 0.441410 0.570656 0.324222 -0.076365 -0.200621 0.095211 0.198606 -0.049514 0.137324 -0.262721 0.380608 0.629188 -0.079559 0.263492 0.282188 
-0.218053 0.268671 0.108902 0.173089 0.610821 0.552298 0.424854 0.562185 0.359044 -0.092409 -0.203631 0.083085 0.184435 -0.054257 0.142910 -0.303660 0.356704 0.620521 -0.101133 0.253481 0.287544 
-0.220329 0.276471 0.106307 0.406359 0.553716 0.393582 -0.095413 -0.198796 0.052805 0.174263 -0.056924 0.145983 -0.344805 0.334976 0.607035 -0.119398 0.249080 0.285209 0.081735 0.652891 0.316476 0.129268 0.600315 0.574893 
0.384916 0.543726 0.429997 -0.222533 0.282392 0.104594 -0.096152 -0.193355 0.029937 0.163132 -0.060691 0.152726 0.058059 0.648723 0.347215 0.089085 0.585161 0.601443 -0.386526 0.315974 0.589995 -0.137991 0.245130 0.283421 
0.029896 0.645218 0.379271 0.045928 0.570579 0.627865 0.147667 -0.063496 0.161070 0.360575 0.533722 0.469405 -0.427510 0.298465 0.572749 -0.162332 0.238306 0.286980 -0.107884 -0.191908 0.019980 -0.234991 0.283882 0.113606 
-0.000679 0.641127 0.411354 0.001207 0.554231 0.652438 0.132853 -0.069280 0.173634 0.332208 0.520959 0.510937 -0.466332 0.279839 0.552565 -0.184679 0.231429 0.289613 -0.114190 -0.191429 0.013860 -0.243917 0.283283 0.115751 
-0.117386 -0.190462 0.007381 -0.033822 0.634607 0.440583 -0.046146 0.536812 0.673619 0.117633 -0.075861 0.186215 0.299827 0.506236 0.552037 -0.504299 0.263071 0.529023 -0.252309 0.282519 0.116130 -0.206645 0.224720 0.290341 
-0.118353 -0.188622 0.001237 -0.068546 0.630231 0.480524 -0.089566 0.518032 0.697014 0.106269 -0.079484 0.199716 0.266121 0.491381 0.594843 -0.534104 0.238464 0.508139 -0.261311 0.281746 0.121197 -0.227730 0.218695 0.294084 
-0.118220 -0.188100 0.000789 -0.100590 0.626520 0.516153 -0.120524 0.498926 0.717868 0.097194 -0.085205 0.211563 0.242663 0.473435 0.629711 -0.548997 0.212382 0.497497 -0.268996 0.278621 0.129925 -0.243065 0.211609 0.301578 
-0.120720 -0.188349 0.000581 -0.129245 0.624745 0.539840 -0.146431 0.486721 0.730217 0.088263 -0.090192 0.221043 0.222943 0.458872 0.655943 -0.556828 0.192971 0.486600 -0.243630 0.170099 0.355285 
-0.124578 -0.189051 0.000422 -0.152696 0.623331 0.557234 -0.166294 0.477799 0.738294 0.080226 -0.094110 0.227441 0.207708 0.448585 0.673171 -0.563214 0.178702 0.478455 -0.256006 0.166086 0.356963 
-0.128828 -0.189874 0.000353 -0.171472 0.622371 0.570051 -0.180719 0.471533 0.742776 0.073509 -0.096769 0.231093 0.196536 0.442529 0.682478 -0.567564 0.168417 0.471771 -0.266243 0.163157 0.357902 
-0.133637 -0.190641 0.000333 -0.181415 0.621082 0.574919 -0.188841 0.468544 0.744010 0.068032 -0.098208 0.231805 0.189881 0.439959 0.685049 -0.572219 0.164533 0.468887 -0.273191 0.161550 0.358216 
-0.138342 -0.191298 0.000442 -0.184320 0.620985 0.573694 -0.191546 0.469238 0.742715 0.064029 -0.098248 0.230474 0.187810 0.441262 0.681931 -0.575996 0.165146 0.468929 -0.277037 0.161362 0.358028 
-0.140804 -0.191374 0.000725 -0.183753 0.622789 0.569148 -0.190613 0.473143 0.739168 0.062583 -0.096362 0.227733 0.189164 0.446791 0.674367 -0.577576 0.167894 0.469831 -0.278135 0.162664 0.357301 
-0.140801 -0.191335 0.001115 -0.181546 0.626609 0.563500 -0.186344 0.479039 0.733895 0.064040 -0.092999 0.223828 0.193816 0.455783 0.662795 -0.575443 0.170459 0.470585 -0.276696 0.164631 0.356209 
-0.141715 -0.191517 0.001085 -0.177425 0.631533 0.556983 -0.179004 0.486406 0.727032 0.067150 -0.088871 0.218535 0.201930 0.467625 0.647048 -0.570458 0.173156 0.471296 -0.273803 0.166798 0.354640 
-0.142936 -0.191837 0.000920 -0.171086 0.637210 0.548923 -0.168949 0.495063 0.718471 0.071427 -0.084425 0.211773 0.212871 0.481212 0.627661 -0.563510 0.176743 0.472165 -0.269497 0.169392 0.352612 
-0.144020 -0.192143 0.000894 -0.162793 0.644299 0.538135 -0.156538 0.505529 0.707666 0.076116 -0.079773 0.203917 0.225310 0.495612 0.605064 -0.554962 0.182000 0.473273 -0.263875 0.173115 0.349893 
-0.144389 -0.192274 0.001154 -0.152584 0.653619 0.523886 -0.141783 0.518447 0.694274 0.080902 -0.075068 0.195608 0.238739 0.509991 0.580065 -0.544540 0.189529 0.474539 -0.297651 0.277461 0.121307 -0.270608 0.213582 0.294784 
-0.142970 -0.190428 0.002519 -0.140172 0.663469 0.506782 -0.126227 0.533853 0.680136 0.085437 -0.070991 0.188831 0.253239 0.523652 0.556023 -0.536071 0.201873 0.478616 -0.294505 0.280830 0.120625 -0.263744 0.220624 0.291561 
-0.142932 -0.189921 0.007866 -0.128476 0.674159 0.488409 -0.112310 0.549450 0.668377 0.087873 -0.068487 0.187048 0.263930 0.532902 0.540195 -0.529383 0.215495 0.486638 -0.292556 0.283241 0.120642 -0.258049 0.227885 0.290098 
-0.144035 -0.190068 0.013668 -0.119093 0.685530 0.470660 -0.100667 0.564947 0.657448 0.089650 -0.065721 0.188836 0.270727 0.540324 0.529582 -0.521422 0.228093 0.493205 -0.290778 0.285351 0.120289 -0.252966 0.235156 0.288367 
-0.145453 -0.190192 0.020022 -0.111049 0.696056 0.453532 -0.090956 0.579936 0.646744 0.090749 -0.063005 0.191935 0.276241 0.547317 0.520594 -0.514587 0.241004 0.498205 -0.289229 0.287481 0.119759 -0.248743 0.242264 0.286552 
-0.146683 -0.190086 0.027520 -0.104340 0.705691 0.437915 -0.082910 0.594246 0.636270 0.091413 -0.060275 0.195519 0.281455 0.554814 0.511354 -0.509424 0.254180 0.501609 -0.287909 0.289763 0.118999 -0.245444 0.249101 0.285120 
-0.147619 -0.189675 0.036273 -0.099168 0.715124 0.424635 -0.076467 0.608253 0.626275 0.092033 -0.056963 0.199699 0.286391 0.563801 0.500861 -0.505361 0.266936 0.503495 -0.286774 0.292350 0.118016 -0.242971 0.255732 0.284353 
-0.148236 -0.188887 0.046098 -0.095282 0.724685 0.412934 -0.071562 0.622565 0.616454 0.092805 -0.052720 0.204538 0.290580 0.574802 0.488903 -0.502129 0.279434 0.504166 -0.285822 0.295287 0.116832 -0.241116 0.262389 0.284085 
-0.092324 0.734448 0.402125 -0.068073 0.637336 0.606754 0.093591 -0.047620 0.210274 0.293994 0.587186 0.476208 -0.499924 0.292192 0.503867 -0.239815 0.269263 0.284217 -0.148612 -0.187654 0.057073 -0.285047 0.298549 0.115404 
-0.090107 0.744586 0.391296 -0.065789 0.652793 0.596671 0.094132 -0.041836 0.216984 0.296635 0.600427 0.463019 -0.498726 0.305611 0.502610 -0.239061 0.276553 0.284439 -0.149003 -0.185961 0.069136 -0.284459 0.302074 0.113705 
-0.088465 0.755176 0.379359 -0.064463 0.669184 0.585584 0.094172 -0.035542 0.224771 0.298513 0.614047 0.449498 -0.498431 0.320101 0.500509 -0.238830 0.284438 0.284438 -0.149678 -0.183820 0.082230 -0.284095 0.305774 0.111842 
0.093329 -0.029486 0.233134 0.301217 0.627901 0.435747 -0.498419 0.334941 0.497180 -0.239307 0.293050 0.284017 -0.150678 -0.181128 0.096416 -0.284011 0.309595 0.109934 -0.088346 0.767130 0.366248 -0.064471 0.686956 0.573136 
0.091540 -0.024127 0.241248 0.305284 0.641086 0.420020 -0.497921 0.348199 0.491758 -0.240944 0.302431 0.283220 -0.151841 -0.177658 0.112057 -0.284197 0.313590 0.107791 -0.091610 0.782307 0.353453 -0.065238 0.705120 0.558548 
0.092530 -0.016377 0.249976 0.308483 0.656148 0.404310 -0.494949 0.360000 0.490380 -0.241924 0.312104 0.283082 -0.152051 -0.174135 0.127817 -0.284028 0.317512 0.107401 0.331181 0.508415 0.590919 -0.094525 0.799293 0.341025 -0.142073 0.768498 0.589813 
0.096699 -0.008798 0.254307 0.314168 0.670505 0.384668 -0.488919 0.369385 0.493222 -0.241174 0.320324 0.283026 -0.150126 -0.170976 0.140838 -0.283115 0.320646 0.107485 0.337140 0.529349 0.580362 -0.095406 0.815145 0.329422 -0.135420 0.785435 0.577275 
-0.144940 -0.166936 0.149481 0.349026 0.545805 0.561560 0.102521 -0.002570 0.253256 0.322126 0.681999 0.361866 -0.540185 0.387674 0.502188 -0.069933 0.795589 0.424823 -0.138058 0.784531 0.593122 -0.280508 0.323160 0.104795 -0.259767 0.322792 0.287557 
-0.136509 -0.161901 0.153949 0.359239 0.562250 0.543770 0.109818 0.004684 0.250046 0.329735 0.692573 0.340552 -0.629035 0.445585 0.459794 -0.278496 0.315243 0.327745 -0.095861 0.777654 0.511566 -0.145807 0.794671 0.571569 
-0.132355 -0.158125 0.160063 -0.118101 0.820165 0.545049 0.367599 0.577528 0.527073 0.115420 0.011465 0.247403 0.333761 0.704454 0.318607 -0.680533 0.535384 0.437727 -0.279233 0.329896 0.307670 
-0.130742 -0.155367 0.164827 -0.086882 0.840759 0.520355 0.380720 0.585922 0.508382 0.119368 0.013985 0.242991 0.342875 0.710050 0.294921 -0.709224 0.616801 0.420501 -0.275422 0.332978 0.098255 -0.280478 0.354539 0.241597 
-0.131633 -0.152181 0.169009 -0.075086 0.855213 0.487222 0.394062 0.592852 0.488004 0.121431 0.015801 0.236810 0.351676 0.714816 0.270170 -0.730864 0.666758 0.380284 -0.280987 0.352276 0.271679 
-0.132893 -0.145832 0.162758 -0.073701 0.863826 0.448326 0.410175 0.596837 0.463181 0.122486 0.018837 0.219462 0.359280 0.721774 0.244987 -0.750594 0.704325 0.311676 -0.290652 0.360008 0.242250 
-0.131495 -0.138357 0.157846 -0.072232 0.870937 0.402389 0.430211 0.598252 0.428705 0.122803 0.021067 0.202686 0.367891 0.726665 0.215928 -0.757507 0.735520 0.220501 -0.297376 0.365621 0.209766 
-0.063689 0.877809 0.368384 0.126591 0.022715 0.195075 -0.127658 -0.134386 0.162267 0.446751 0.603741 0.397729 0.377437 0.728946 0.184684 -0.741145 0.788734 0.151446 -0.295567 0.368869 0.192987 
-0.046565 0.886614 0.352359 0.131427 0.025126 0.187854 -0.123764 -0.130657 0.167470 0.461670 0.610674 0.367252 0.386791 0.730075 0.151414 -0.708679 0.847544 0.154894 -0.284672 0.375813 0.195626 
-0.029929 0.894955 0.337917 0.136721 0.027122 0.179039 -0.117461 -0.126561 0.172185 0.338451 0.832083 0.288524 0.540941 0.521907 0.408433 -0.670703 0.901031 0.168099 -0.267538 0.360831 0.093085 -0.274646 0.386785 0.170883 
0.143626 0.030051 0.167213 -0.108878 -0.123064 0.173138 -0.641662 0.936126 0.176734 -0.017928 0.900969 0.324441 0.349609 0.837695 0.253882 0.557305 0.529817 0.371406 -0.267320 0.390752 0.172545 -0.264611 0.362505 0.092044 
0.150512 0.032009 0.152445 -0.099248 -0.120283 0.171166 -0.602386 0.982562 0.182413 -0.006302 0.905507 0.308680 0.359347 0.842508 0.219258 0.573222 0.536277 0.332197 -0.260184 0.392769 0.170957 -0.261364 0.363554 0.091396 
-0.089426 -0.117986 0.167193 0.368196 0.846096 0.184141 0.156661 0.032985 0.135791 0.588317 0.540213 0.289626 -0.251218 0.394654 0.169758 -0.257876 0.364201 0.090929 -0.554992 1.026738 0.200476 0.008353 0.909806 0.293662 
-0.080406 -0.115828 0.163029 0.375777 0.848536 0.148794 0.162091 0.033902 0.119154 0.601123 0.542207 0.245212 -0.241064 0.397317 0.170392 -0.254258 0.364917 0.090245 -0.511323 1.056332 0.225075 0.024903 0.914078 0.280058 
-0.072169 -0.113489 0.160280 0.381056 0.851056 0.113410 0.167450 0.035849 0.103952 0.611002 0.546221 0.203570 -0.232456 0.400062 0.172263 -0.250413 0.366397 0.090377 -0.486809 1.068004 0.242504 0.037800 0.917859 0.266378 
-0.063929 -0.110112 0.163082 0.383499 0.854361 0.077388 0.172296 0.038556 0.093377 0.618076 0.551800 0.163328 -0.226024 0.403300 0.175576 -0.247234 0.367740 0.091183 -0.477193 1.072132 0.251415 0.045726 0.922271 0.251096 
-0.057923 -0.107480 0.166740 -0.462186 1.077718 0.260683 0.179939 0.044534 0.092978 0.620824 0.563955 0.168285 -0.219360 0.407225 0.179130 -0.243484 0.369043 0.092134 0.384283 0.857923 0.073734 0.053299 0.926291 0.251991 
-0.213767 0.409879 0.180298 -0.445713 1.083619 0.270553 0.184101 0.047616 0.090484 0.623837 0.567591 0.170233 -0.055797 -0.106685 0.164029 -0.239843 0.371169 0.092876 0.385898 0.860288 0.076482 0.061787 0.928384 0.254815 
-0.211848 0.410567 0.180196 -0.437499 1.084371 0.276062 0.183930 0.047585 0.086146 0.626649 0.565325 0.171623 -0.057795 -0.107065 0.159393 -0.238039 0.373214 0.094535 0.388671 0.859273 0.080904 0.067002 0.926769 0.257280 
-0.058865 -0.108086 0.156864 -0.433158 1.083395 0.279158 0.183846 0.046581 0.083774 0.628434 0.562794 0.172361 -0.210722 0.410075 0.180282 -0.236859 0.373572 0.095683 0.391096 0.857251 0.083080 0.069859 0.924832 0.258649 
-0.059400 -0.108939 0.155397 0.392771 0.855698 0.084472 0.183489 0.045351 0.082398 0.629600 0.560354 0.172200 -0.210673 0.409109 0.179904 -0.236258 0.373368 0.096420 -0.433353 1.081899 0.279244 0.070512 0.923152 0.258941 
-0.059598 -0.109337 0.154657 0.393404 0.855116 0.085007 0.182950 0.044416 0.081841 0.630121 0.558663 0.171360 -0.211399 0.408208 0.179304 -0.236134 0.373157 0.096744 -0.436269 1.080307 0.277655 0.069333 0.922119 0.258669 
-0.059593 -0.109243 0.154798 0.393694 0.855009 0.084681 0.182086 0.043585 0.082339 0.630129 0.557637 0.170429 -0.212723 0.407617 0.178663 -0.236536 0.372973 0.096550 -0.440989 1.078967 0.274867 0.066849 0.921778 0.257951 
-0.059328 -0.108830 0.155432 0.394796 0.854527 0.083843 0.180926 0.042606 0.083478 0.629810 0.556373 0.169093 -0.214631 0.407076 0.177604 -0.237293 0.372755 0.096062 -0.448021 1.077993 0.270032 0.063443 0.921807 0.256331 
-0.058933 -0.108244 0.156303 0.394238 0.854925 0.082639 0.179855 0.042044 0.084862 0.628879 0.555056 0.166566 -0.216855 0.406580 0.176238 -0.238238 0.372559 0.095401 -0.456215 1.077223 0.263851 0.059463 0.922077 0.254127 
-0.058459 -0.107442 0.157554 0.392501 0.856179 0.081466 0.179111 0.042187 0.086616 0.627403 0.554953 0.164653 -0.219051 0.406372 0.175050 -0.239304 0.372467 0.094542 -0.464117 1.076408 0.257778 0.055151 0.922769 0.252147 
-0.057917 -0.106375 0.159415 0.389658 0.858539 0.081265 0.179116 0.043568 0.089124 0.625277 0.557803 0.166157 -0.220893 0.406731 0.174408 -0.240460 0.372537 0.093464 -0.470235 1.076056 0.253014 0.050912 0.924342 0.251326 
-0.057381 -0.105040 0.161805 0.386257 0.861455 0.081314 0.179421 0.045636 0.092267 0.622700 0.562206 0.169377 -0.222339 0.407650 0.174291 -0.241741 0.372726 0.092114 -0.474008 1.076677 0.249897 0.047058 0.926614 0.251329 
-0.056868 -0.103501 0.164566 0.382642 0.864562 0.081024 0.179717 0.047935 0.095767 0.619892 0.567019 0.172726 -0.223743 0.408823 0.174356 -0.243107 0.372980 0.090560 -0.477332 1.077648 0.247114 0.043184 0.929192 0.251401 
-0.056384 -0.101748 0.167703 0.378775 0.867885 0.080405 0.179992 0.050481 0.099633 0.616817 0.572279 0.176212 -0.225267 0.410184 0.174491 -0.244566 0.373291 0.088795 -0.480916 1.078681 0.244159 0.038998 0.932019 0.251403 
-0.055902 -0.099773 0.171182 0.374592 0.871465 0.079479 0.180247 0.053300 0.103841 0.613440 0.578028 0.179810 -0.226930 0.411694 0.174631 -0.246124 0.373634 0.086828 -0.484797 1.079820 0.240879 0.034453 0.935103 0.251261 
-0.055340 -0.097883 0.175077 0.370670 0.875121 0.080480 0.180464 0.055877 0.108591 0.610553 0.582825 0.183976 -0.228638 0.412789 0.175055 -0.247315 0.374078 0.086207 -0.489421 1.080445 0.236880 0.029716 0.937748 0.251488 
-0.056923 -0.096846 0.172452 0.367853 0.877733 0.087197 0.179036 0.057795 0.108209 0.607872 0.584928 0.189883 -0.231963 0.412833 0.173227 -0.248943 0.375632 0.086258 -0.498045 1.078078 0.233168 0.024194 0.938040 0.253534 
-0.056606 -0.096476 0.172218 0.365435 0.879729 0.090831 0.179251 0.059115 0.109598 0.605953 0.587612 0.194407 -0.234089 0.412225 0.172418 -0.249491 0.375801 0.086335 -0.506020 1.074301 0.228856 0.018977 0.938081 0.254617 
-0.055982 -0.096104 0.172413 0.363497 0.881388 0.092823 0.179717 0.060294 0.110475 0.604601 0.589971 0.196967 -0.234869 0.412078 0.172454 -0.249871 0.375750 0.086346 -0.509054 1.073069 0.228268 0.016443 0.938547 0.255731 
-0.055327 -0.095804 0.172402 0.362446 0.882449 0.092961 0.180134 0.061028 0.110505 0.604067 0.591444 0.197157 -0.235098 0.412046 0.172430 -0.249994 0.375742 0.086345 -0.510554 1.072512 0.228071 0.015275 0.938947 0.255820 
-0.054654 -0.095591 0.172171 0.362220 0.882937 0.091352 0.180543 0.061372 0.109685 0.604297 0.592122 0.195127 -0.234815 0.412109 0.172355 -0.249857 0.375776 0.086332 -0.510710 1.072376 0.228217 0.015337 0.939233 0.254961 
-0.053893 -0.095433 0.171713 0.362656 0.882994 0.088057 0.181027 0.061459 0.108008 0.605187 0.592270 0.191014 -0.234024 0.412278 0.172226 -0.249461 0.375860 0.086305 -0.509619 1.072616 0.228715 0.016526 0.939468 0.253185 
-0.052802 -0.095101 0.171407 0.363523 0.882926 0.082767 0.181599 0.061471 0.105842 0.606574 0.592302 0.184653 -0.232759 0.412717 0.172283 -0.248921 0.376017 0.086330 -0.507293 1.073709 0.229924 0.018611 0.940010 0.250524 
-0.051747 -0.094646 0.171841 0.364377 0.882845 0.078054 0.182126 0.061558 0.104500 0.607783 0.592428 0.179122 -0.231286 0.413509 0.173224 -0.248528 0.376091 0.086499 -0.503539 1.075530 0.233222 0.021042 0.940792 0.249004 
-0.051120 -0.094488 0.171760 0.365184 0.882515 0.074715 0.182671 0.061691 0.103029 0.608722 0.592599 0.175270 -0.229882 0.414168 0.174067 -0.248087 0.376211 0.086706 -0.499632 1.076964 0.236767 0.023561 0.941248 0.248215 
-0.050582 -0.094288 0.171989 0.365894 0.882235 0.071935 0.183050 0.061757 0.102081 0.609534 0.592618 0.171969 -0.228637 0.414816 0.174938 -0.247761 0.376296 0.087015 -0.495789 1.078512 0.239930 0.025771 0.941730 0.247564 
-0.051373 -0.094595 0.171525 0.367207 0.881029 0.072364 0.182641 0.061150 0.101632 0.610104 0.591171 0.172112 -0.228013 0.415164 0.175437 -0.247649 0.376417 0.087101 -0.492056 1.079826 0.242916 0.027815 0.941386 0.248463 
-0.052344 -0.095012 0.171230 0.368531 0.879754 0.073819 0.182296 0.060527 0.101779 0.610513 0.589764 0.173934 -0.227481 0.415400 0.175967 -0.247437 0.376559 0.087104 -0.488632 1.080996 0.245722 0.029702 0.940936 0.249988 
-0.052548 -0.095000 0.171374 0.368812 0.879524 0.073879 0.182275 0.060510 0.101945 0.610574 0.589648 0.174342 -0.226924 0.415733 0.176498 -0.247374 0.376647 0.087025 -0.485604 1.082172 0.248032 0.030757 0.941097 0.250770 
-0.052549 -0.094826 0.171749 0.368471 0.879800 0.073766 0.182261 0.060713 0.102389 0.610299 0.590045 0.174622 -0.226953 0.415920 0.176637 -0.247508 0.376668 0.086818 -0.485229 1.082563 0.248281 0.030567 0.941393 0.250919 
-0.052715 -0.094849 0.171819 0.368193 0.879939 0.074606 0.182143 0.060730 0.102798 0.610015 0.590096 0.175654 -0.227272 0.415787 0.176553 -0.247624 0.376645 0.086743 -0.485933 1.082163 0.247835 0.029879 0.941285 0.251323 
-0.052951 -0.094924 0.171817 0.368024 0.879969 0.075579 0.181935 0.060617 0.103200 0.609783 0.589909 0.176728 -0.227689 0.415565 0.176463 -0.247745 0.376604 0.086680 -0.486972 1.081342 0.247319 0.028975 0.941000 0.251835 
-0.053242 -0.095013 0.171825 0.367851 0.879976 0.076746 0.181707 0.060505 0.103677 0.609501 0.589735 0.178061 -0.228244 0.415305 0.176363 -0.247886 0.376554 0.086605 -0.488573 1.080054 0.246559 0.027774 0.940612 0.252437 
-0.053548 -0.095105 0.171841 0.367689 0.879965 0.077965 0.181483 0.060400 0.104181 0.609205 0.589566 0.179483 -0.228765 0.415076 0.176232 -0.248031 0.376505 0.086524 -0.489990 1.079037 0.245771 0.026731 0.940282 0.252997 
-0.053857 -0.095198 0.171851 0.367541 0.879936 0.079173 0.181271 0.060311 0.104668 0.608910 0.589411 0.180911 -0.229185 0.414905 0.176062 -0.248175 0.376464 0.086446 -0.490934 1.078580 0.245049 0.026033 0.940075 0.253460 
-0.054153 -0.095285 0.171863 0.367428 0.879884 0.080272 0.181070 0.060219 0.105115 0.608647 0.589246 0.182219 -0.229529 0.414774 0.175901 -0.248307 0.376427 0.086373 -0.491594 1.078370 0.244445 0.025535 0.939924 0.253861 
-0.054490 -0.095388 0.171873 0.367391 0.879755 0.081348 0.180854 0.060100 0.105547 0.608412 0.589019 0.183518 -0.229817 0.414679 0.175792 -0.248432 0.376394 0.086303 -0.491969 1.078266 0.244065 0.025191 0.939769 0.254309 
-0.054807 -0.095484 0.171883 0.367347 0.879637 0.082356 0.180674 0.060015 0.105939 0.608181 0.588853 0.184762 -0.230059 0.414607 0.175712 -0.248543 0.376368 0.086241 -0.492228 1.078191 0.243794 0.024916 0.939637 0.254751 
-0.054901 -0.095501 0.171932 0.367127 0.879739 0.082958 0.180729 0.060178 0.106155 0.607934 0.589152 0.185653 -0.230136 0.414614 0.175705 -0.248582 0.376375 0.086224 -0.492318 1.078176 0.243704 0.024776 0.939672 0.255032 
-0.054905 -0.095502 0.171932 0.367079 0.879766 0.083039 0.180754 0.060220 0.106170 0.607892 0.589228 0.185782 -0.230137 0.414618 0.175704 -0.248583 0.376377 0.086222 -0.492317 1.078176 0.243704 0.024766 0.939684 0.255072 
-0.054902 -0.095502 0.171928 0.367081 0.879766 0.083029 0.180756 0.060220 0.106162 0.607895 0.589228 0.185768 -0.230134 0.414618 0.175703 -0.248581 0.376377 0.086222 -0.492314 1.078175 0.243707 0.024771 0.939684 0.255067 
-0.054900 -0.095503 0.171924 0.367083 0.879766 0.083018 0.180758 0.060220 0.106155 0.607898 0.589228 0.185753 -0.230131 0.414618 0.175703 -0.248580 0.376377 0.086222 -0.492309 1.078175 0.243712 0.024775 0.939684 0.255062 
