-0.090735 -0.478230 0.005056 -0.045186 -0.690638 0.003698 0.044320 -0.449879 0.004534 0.087948 -0.659576 0.003200 
-0.090602 -0.478056 0.005034 -0.045128 -0.690478 0.003343 0.044465 -0.449755 0.004824 0.088018 -0.659465 0.003159 
-0.090626 -0.478146 0.004872 -0.045127 -0.690565 0.003624 0.044438 -0.449829 0.004585 0.088016 -0.659537 0.003358 
-0.090620 -0.478062 0.004921 -0.045182 -0.690494 0.003527 0.044451 -0.449784 0.004624 0.087970 -0.659502 0.003252 
-0.090600 -0.478121 0.004774 -0.045156 -0.690553 0.003685 0.044471 -0.449840 0.004542 0.087995 -0.659560 0.003471 
-0.090601 -0.478119 0.004787 -0.045158 -0.690552 0.003802 0.044470 -0.449838 0.004585 0.087993 -0.659558 0.003616 
-0.090420 -0.477810 0.004846 -0.045129 -0.690269 0.002949 0.044672 -0.449630 0.005205 0.088044 -0.659375 0.003331 
-0.090292 -0.477693 0.004775 -0.045066 -0.690163 0.002597 0.044808 -0.449557 0.005433 0.088117 -0.659313 0.003279 
-0.089767 -0.477680 0.004041 -0.044540 -0.690152 0.002103 0.045327 -0.449553 0.005644 0.088637 -0.659310 0.003719 
-0.089725 -0.477768 0.003909 -0.044506 -0.690245 0.002372 0.045371 -0.449643 0.005423 0.088672 -0.659405 0.003894 
-0.089588 -0.477838 0.003694 -0.044285 -0.690301 0.002612 0.045494 -0.449658 0.005417 0.088879 -0.659407 0.004334 
-0.089993 -0.478135 0.003830 -0.042794 -0.690181 0.002279 0.044828 -0.448756 0.005863 0.090085 -0.658105 0.004314 
-0.089986 -0.478220 0.003687 -0.042718 -0.690254 0.002529 0.044821 -0.448796 0.005979 0.090147 -0.658133 0.004816 
-0.089668 -0.478335 0.002899 -0.042126 -0.690310 0.002794 0.045081 -0.448731 0.006148 0.090676 -0.658013 0.006014 
-0.087622 -0.478065 0.003312 -0.042132 -0.690490 0.003054 0.047372 -0.449777 0.007840 0.090942 -0.659490 0.007542 
-0.087283 -0.478063 0.003553 -0.042144 -0.690562 0.003252 0.047726 -0.450006 0.008982 0.090950 -0.659790 0.008633 
-0.087294 -0.478028 0.003698 -0.042272 -0.690552 0.003417 0.047698 -0.450052 0.009905 0.090807 -0.659860 0.009569 
-0.087155 -0.478012 0.003813 -0.042259 -0.690563 0.003560 0.047857 -0.450115 0.009950 0.090841 -0.659948 0.009642 
-0.087183 -0.478019 0.003916 -0.042249 -0.690562 0.003687 0.047823 -0.450098 0.010071 0.090844 -0.659924 0.009787 
-0.087161 -0.477988 0.004010 -0.042452 -0.690578 0.003796 0.047859 -0.450213 0.010515 0.090659 -0.660084 0.010242 
-0.087214 -0.478053 0.004081 -0.042511 -0.690645 0.003938 0.047758 -0.450290 0.011540 0.090553 -0.660162 0.011328 
-0.087241 -0.478063 0.004159 -0.042620 -0.690673 0.004061 0.047697 -0.450361 0.012434 0.090411 -0.660250 0.012259 
-0.087276 -0.478078 0.004227 -0.042623 -0.690680 0.004143 0.047586 -0.450371 0.013648 0.090332 -0.660253 0.013475 
-0.087308 -0.478079 0.004291 -0.042755 -0.690702 0.004219 0.047491 -0.450451 0.014778 0.090139 -0.660352 0.014608 
0.047091 -0.453738 0.018743 -0.114179 -0.762032 0.011037 0.091222 -0.663328 0.020250 -0.087222 -0.482365 0.005154 -0.228058 -0.686475 0.007478 -0.123406 -0.515831 0.083679 
0.048500 -0.464085 0.022065 -0.113789 -0.761295 0.011276 0.095669 -0.672896 0.029213 -0.228129 -0.686450 0.007468 -0.085157 -0.495037 0.007173 -0.124646 -0.515073 0.083620 
0.054665 -0.471834 0.027115 -0.114556 -0.762513 0.012068 0.101737 -0.680472 0.038604 -0.228026 -0.686405 0.007374 -0.078781 -0.503079 0.010988 -0.122662 -0.515464 0.081906 
0.063311 -0.471606 0.033716 -0.115420 -0.764036 0.012825 0.108930 -0.680476 0.046754 -0.227852 -0.686461 0.007256 -0.070103 -0.502101 0.015974 -0.119995 -0.515906 0.079059 
0.072480 -0.462912 0.040684 -0.115824 -0.764681 0.013301 0.117314 -0.671987 0.053142 -0.227720 -0.686387 0.007062 -0.060804 -0.492903 0.021192 -0.118106 -0.515325 0.074888 
0.082766 -0.447389 0.047620 -0.115876 -0.764804 0.013661 0.127256 -0.656637 0.058278 -0.227579 -0.686287 0.006782 -0.050306 -0.477021 0.026220 -0.116520 -0.513897 0.068633 
0.095418 -0.426325 0.055195 -0.115759 -0.764676 0.013895 0.139843 -0.635708 0.063129 -0.227422 -0.686155 0.006428 -0.037346 -0.455638 0.031565 -0.114983 -0.512122 0.060724 
0.110891 -0.400870 0.063721 -0.115654 -0.764570 0.014081 0.155033 -0.610416 0.068170 -0.021522 -0.429569 0.037506 -0.227232 -0.685990 0.005990 -0.113132 -0.510382 0.050947 
0.128976 -0.372258 0.073060 -0.115721 -0.764755 0.014340 0.172437 -0.581993 0.073438 -0.003056 -0.399918 0.043969 -0.226986 -0.685818 0.005458 -0.110658 -0.509139 0.039073 
0.148709 -0.341417 0.081810 -0.115901 -0.764864 0.015259 0.191005 -0.551343 0.077349 0.017086 -0.367500 0.049576 -0.226805 -0.685587 0.004991 -0.108607 -0.508409 0.027688 
0.165038 -0.312175 0.086609 -0.115281 -0.763919 0.015609 0.207016 -0.521995 0.077070 0.033913 -0.337061 0.051523 -0.226720 -0.685445 0.004982 -0.109020 -0.507188 0.020756 
0.173608 -0.291471 0.085727 -0.114203 -0.762430 0.015296 0.216749 -0.500928 0.073706 0.042864 -0.316563 0.049390 -0.226624 -0.685327 0.004970 -0.110486 -0.505599 0.014334 
0.175505 -0.281532 0.079441 -0.113263 -0.761141 0.014789 0.220184 -0.490712 0.068256 0.044902 -0.307749 0.043393 -0.226535 -0.685229 0.004955 -0.111869 -0.504356 0.008778 
0.176921 -0.276271 0.067690 -0.113886 -0.757921 0.022845 0.221881 -0.485505 0.058873 0.046194 -0.303131 0.032575 -0.228128 -0.683395 0.013655 -0.115281 -0.501374 0.010267 
0.184375 -0.264984 0.052196 -0.124671 -0.757083 0.034210 0.229768 -0.474150 0.044008 0.053834 -0.292171 0.016646 -0.240314 -0.684344 0.029148 -0.130499 -0.501311 0.011326 
0.187428 -0.260063 0.035119 -0.136299 -0.756112 0.046363 0.233199 -0.469306 0.034903 0.055978 -0.289034 0.004695 -0.252316 -0.683834 0.043963 -0.144161 -0.501495 0.013423 
0.188277 -0.259879 0.031651 -0.151544 -0.759005 0.077829 0.234044 -0.469122 0.031420 0.056103 -0.289008 0.004717 -0.267733 -0.687014 0.075129 -0.160905 -0.506429 0.032062 
0.188160 -0.259909 0.032369 -0.165684 -0.754055 0.106441 0.233931 -0.469152 0.032105 -0.284527 -0.687558 0.094431 0.056124 -0.289005 0.004727 -0.183275 -0.503775 0.051422 
0.185591 -0.259480 0.034605 -0.197718 -0.729683 0.098207 0.233537 -0.468235 0.034115 -0.316535 -0.662272 0.092908 0.054273 -0.289820 0.004955 -0.215703 -0.477034 0.055522 
0.185033 -0.259608 0.036759 -0.212599 -0.694786 0.068313 0.232985 -0.468362 0.036272 -0.328253 -0.621933 0.065755 0.054196 -0.289837 0.004950 -0.218938 -0.439658 0.039228 
0.184623 -0.259842 0.038457 -0.209339 -0.646618 0.026165 0.232495 -0.468614 0.038429 -0.322370 -0.569718 0.025728 0.054296 -0.289971 0.004528 -0.206237 -0.389899 0.018253 
0.184688 -0.260956 0.039138 -0.314441 -0.537777 0.004092 -0.202638 -0.616450 0.003554 0.230447 -0.470198 0.040471 0.054271 -0.289946 0.004566 -0.195428 -0.359695 0.004807 
0.180057 -0.267712 0.041527 -0.314249 -0.538238 0.003476 -0.202016 -0.616297 0.002917 0.227810 -0.476316 0.050592 0.050317 -0.299180 0.006580 -0.196213 -0.359512 0.005020 
0.175194 -0.282588 0.042490 -0.314090 -0.538640 0.003246 -0.196638 -0.359529 0.004542 -0.201605 -0.616338 0.003569 0.224498 -0.490174 0.061327 
0.179049 -0.291699 0.044737 -0.315453 -0.538628 0.004099 -0.196608 -0.360437 0.002855 -0.203579 -0.617185 0.005751 0.226829 -0.498928 0.070256 0.099201 -0.535737 0.037911 
0.187626 -0.290834 0.048564 -0.317707 -0.537028 0.005719 -0.196581 -0.360395 0.003049 -0.206849 -0.617014 0.007325 0.232575 -0.498359 0.076681 0.104919 -0.533952 0.043113 
0.196614 -0.283907 0.052855 -0.320118 -0.535459 0.008872 -0.197104 -0.360200 0.003421 -0.210128 -0.616637 0.010273 0.238887 -0.491894 0.081704 
0.204139 -0.273833 0.056459 -0.326668 -0.534145 0.014904 -0.202182 -0.360180 0.004068 -0.217412 -0.616317 0.015847 0.243865 -0.482321 0.085307 
0.208175 -0.263463 0.058693 -0.329761 -0.533005 0.019783 -0.220945 -0.615741 0.021694 0.245965 -0.472366 0.087138 0.078610 -0.292292 0.020932 -0.204421 -0.359994 0.004459 
0.210846 -0.256744 0.059159 -0.329857 -0.532505 0.023289 -0.221099 -0.615275 0.026569 0.247772 -0.465662 0.088612 0.081216 -0.285234 0.021363 -0.204414 -0.359908 0.004525 
0.217487 -0.252457 0.054637 -0.330357 -0.524920 0.033747 -0.222597 -0.609038 0.035067 0.251688 -0.461582 0.085859 0.087752 -0.279653 0.016255 -0.203228 -0.354043 0.011003 
0.225548 -0.248011 0.044723 -0.333144 -0.514157 0.040544 -0.226893 -0.600169 0.038939 0.257099 -0.457296 0.077616 0.095857 -0.273998 0.005363 -0.203807 -0.345681 0.012874 
0.227677 -0.251098 0.041092 -0.230238 -0.597693 0.049725 0.255455 -0.461888 0.067048 -0.333346 -0.507981 0.052925 0.096359 -0.273115 0.004830 -0.199308 -0.344796 0.017116 
0.228578 -0.253961 0.039714 -0.227730 -0.600595 0.064081 0.253363 -0.465634 0.061119 -0.327777 -0.507567 0.069213 0.096457 -0.273206 0.004818 -0.189636 -0.349155 0.027979 
0.228794 -0.255531 0.039730 -0.236085 -0.605252 0.087950 0.251660 -0.467605 0.059209 -0.332113 -0.508964 0.101987 0.096464 -0.273251 0.004819 -0.193870 -0.355507 0.045266 
0.228404 -0.258433 0.042145 -0.236502 -0.601630 0.103240 0.246702 -0.471039 0.060628 -0.328442 -0.503304 0.127091 0.096379 -0.273284 0.004825 -0.193943 -0.352926 0.055159 
0.227599 -0.262060 0.045644 -0.299147 -0.492264 0.118004 -0.199841 -0.583764 0.096653 0.240033 -0.475173 0.063140 0.096253 -0.273319 0.004833 -0.173536 -0.332471 0.050433 
0.226807 -0.264760 0.048309 -0.254571 -0.458200 0.086026 -0.140528 -0.281746 0.044360 -0.143514 -0.536932 0.073484 0.234831 -0.478119 0.065377 
-0.209032 -0.409686 0.044585 0.226308 -0.266416 0.049904 -0.111378 -0.220047 0.025134 -0.089036 -0.475190 0.044614 0.231042 -0.479786 0.068022 0.102121 -0.489718 0.023631 
-0.175074 -0.356977 0.011027 -0.092184 -0.159532 0.006282 0.226244 -0.266036 0.050094 0.230566 -0.479182 0.070777 0.101722 -0.489422 0.026231 
-0.166209 -0.330785 0.004514 0.226753 -0.263187 0.050796 0.233720 -0.475523 0.078047 0.105370 -0.488847 0.032897 -0.109791 -0.124158 0.004551 0.022083 -0.160420 0.022946 
-0.166220 -0.329845 0.004548 0.230677 -0.260114 0.053186 0.244366 -0.470028 0.093512 0.117751 -0.490714 0.046284 -0.121206 -0.120438 0.004899 0.012376 -0.149433 0.023852 
-0.166129 -0.329884 0.004566 0.242799 -0.285182 0.058717 0.265252 -0.487377 0.125728 0.141420 -0.520388 0.078128 -0.132056 -0.118423 0.005575 0.003373 -0.140561 0.020168 
-0.165972 -0.329899 0.004588 0.256960 -0.336134 0.075895 0.290596 -0.522119 0.176672 0.170355 -0.570946 0.133685 -0.143871 -0.116854 0.005783 -0.007112 -0.131350 0.017227 
-0.165965 -0.329896 0.004614 0.306752 -0.548508 0.228295 0.189754 -0.607658 0.189532 0.269444 -0.379825 0.101678 -0.150039 -0.116300 0.005604 -0.012911 -0.126821 0.016965 
-0.165752 -0.330279 0.004689 0.303972 -0.555500 0.257948 0.187829 -0.616765 0.219906 0.269831 -0.394302 0.121101 -0.149883 -0.116677 0.005037 -0.012947 -0.127116 0.018594 
-0.165974 -0.330205 0.004629 0.290339 -0.545840 0.266236 0.173953 -0.606192 0.227482 0.258960 -0.385049 0.128253 -0.149507 -0.116648 0.004945 -0.012957 -0.127446 0.021725 
-0.167965 -0.330040 0.004754 0.274922 -0.528538 0.266484 0.158292 -0.587080 0.225740 0.246477 -0.365339 0.130710 -0.149627 -0.116636 0.004939 -0.013627 -0.128584 0.025067 
-0.170333 -0.329780 0.006450 0.237199 -0.349281 0.136772 0.260972 -0.514130 0.271446 0.144404 -0.570767 0.227927 -0.149758 -0.116585 0.004933 -0.014474 -0.129715 0.028803 
-0.171256 -0.329523 0.010617 0.227842 -0.344982 0.147951 0.248677 -0.507027 0.286461 0.132543 -0.564055 0.242298 -0.149892 -0.116476 0.004930 -0.015358 -0.129468 0.032788 
-0.169538 -0.329316 0.016480 0.238073 -0.503841 0.309194 0.122555 -0.563708 0.267223 0.217315 -0.349169 0.162485 -0.150030 -0.116329 0.004930 -0.016230 -0.127091 0.036957 
-0.174080 -0.328594 0.032977 0.230422 -0.497958 0.330511 0.115653 -0.559613 0.289081 0.213302 -0.350748 0.175870 -0.160820 -0.115332 0.018098 -0.026110 -0.121913 0.047321 
-0.188912 -0.338666 0.057627 0.210548 -0.337419 0.177400 0.226972 -0.479908 0.336475 0.113544 -0.544064 0.295149 -0.184290 -0.125765 0.034612 -0.048033 -0.126605 0.056464 
-0.209289 -0.353705 0.083380 0.204959 -0.318076 0.167988 0.224945 -0.455842 0.330772 0.113080 -0.523806 0.291316 -0.214716 -0.142449 0.048466 -0.077356 -0.137155 0.060634 
-0.240733 -0.365628 0.111941 0.199429 -0.298280 0.153671 0.223419 -0.431377 0.319766 0.112998 -0.502916 0.282630 -0.245751 -0.160727 0.049745 -0.107954 -0.155873 0.055456 
-0.276273 -0.359039 0.127561 0.195760 -0.286360 0.140400 0.223587 -0.411716 0.311833 0.114937 -0.487540 0.278134 -0.284895 -0.161930 0.044185 -0.147001 -0.156683 0.042954 
-0.312968 -0.332626 0.127240 0.194838 -0.283999 0.132257 0.224100 -0.398549 0.310862 0.117240 -0.478445 0.281072 -0.337600 -0.144723 0.027423 -0.200488 -0.131083 0.019787 
-0.339770 -0.290738 0.105205 0.221514 -0.391174 0.314859 0.116011 -0.474179 0.288988 0.193942 -0.289513 0.128358 -0.374545 -0.099764 0.014666 -0.238347 -0.079013 0.006699 
-0.364067 -0.259200 0.086166 0.218702 -0.386206 0.333812 0.114026 -0.470209 0.307810 -0.402925 -0.061621 0.013160 0.199787 -0.294605 0.141123 -0.267187 -0.037636 0.006535 
-0.369633 -0.255296 0.077377 0.219339 -0.379006 0.379529 0.116371 -0.466101 0.357122 -0.405451 -0.056241 0.006866 0.207841 -0.305637 0.178625 -0.269569 -0.032156 0.006572 
-0.372930 -0.252272 0.081945 0.218100 -0.364211 0.458573 0.116713 -0.454829 0.444470 -0.405895 -0.054434 0.006772 0.215927 -0.321347 0.248726 -0.269729 -0.032009 0.006770 
-0.373834 -0.249272 0.089489 0.106430 -0.423650 0.557020 -0.405943 -0.054207 0.007051 -0.269730 -0.032069 0.007010 0.218732 -0.331431 0.345217 
-0.384986 -0.245601 0.102860 0.204088 -0.323578 0.437560 0.101292 -0.415490 0.442945 -0.406495 -0.055004 0.007530 0.177972 -0.282712 0.646188 -0.269406 -0.039221 0.008701 
-0.393541 -0.237777 0.121524 0.171264 -0.305457 0.494898 0.064058 -0.391437 0.507487 -0.407859 -0.056507 0.008326 0.139142 -0.236685 0.695189 -0.270508 -0.043654 0.011996 
-0.390053 -0.252079 0.155223 0.170949 -0.276365 0.513263 0.063243 -0.360103 0.534034 0.144149 -0.193932 0.709131 -0.407079 -0.090999 0.015077 -0.269938 -0.075677 0.016397 
0.188407 -0.241239 0.504657 -0.381012 -0.273082 0.200225 0.083344 -0.327371 0.528888 0.164007 -0.157095 0.700111 -0.402285 -0.138567 0.034904 -0.265455 -0.120869 0.032012 
0.206344 -0.212540 0.482813 -0.379346 -0.273796 0.239696 0.103712 -0.298488 0.516333 0.192841 -0.121577 0.676259 -0.409007 -0.159026 0.061298 -0.272573 -0.141540 0.050155 
-0.387766 -0.261459 0.266127 0.124017 -0.279318 0.503724 -0.433831 -0.155870 0.085554 -0.299017 -0.142429 0.059310 0.231200 -0.093262 0.640518 0.223978 -0.198234 0.453953 
-0.455898 -0.143237 0.107111 -0.392637 -0.245985 0.284081 0.148002 -0.269031 0.469083 0.272875 -0.079944 0.585146 0.242854 -0.191921 0.405041 
-0.468982 -0.130954 0.123850 -0.388766 -0.231612 0.295055 0.167416 -0.261870 0.414132 0.307230 -0.074320 0.514604 0.255902 -0.186643 0.339599 
-0.480363 -0.116111 0.134993 -0.382782 -0.216943 0.296821 0.180394 -0.255987 0.348467 0.334090 -0.071165 0.432348 0.261117 -0.182172 0.264330 
-0.492169 -0.099032 0.142926 -0.377350 -0.201931 0.291608 0.186866 -0.250623 0.275174 0.352840 -0.068520 0.339275 0.257893 -0.178146 0.181653 
-0.501203 -0.081272 0.148144 -0.371429 -0.187476 0.281399 0.186285 -0.244655 0.193352 0.361817 -0.065745 0.238041 0.304208 -0.136193 0.340062 
-0.362667 -0.176128 0.267991 0.179717 -0.238315 0.111360 -0.505357 -0.067026 0.151313 -0.417203 -0.065748 0.045146 0.361656 -0.062212 0.137887 0.315573 -0.133816 0.244841 
-0.349227 -0.161053 0.258700 0.188603 -0.230223 0.120423 -0.498635 -0.048365 0.154506 -0.418150 -0.045735 0.042438 0.370137 -0.051735 0.118141 0.332373 -0.113569 0.234072 
-0.488530 -0.041569 0.180259 -0.335074 -0.149963 0.283118 0.193977 -0.224957 0.124544 0.376180 -0.047979 0.107270 0.343053 -0.104767 0.227134 
-0.475197 -0.042603 0.219873 -0.315901 -0.141067 0.323832 0.197554 -0.222793 0.126464 0.380214 -0.047245 0.101250 0.349977 -0.101735 0.222931 
-0.458892 -0.040909 0.258287 -0.293498 -0.129587 0.361529 0.385004 -0.045751 0.091954 0.359495 -0.096741 0.216208 0.203343 -0.220192 0.129202 -0.225215 -0.146629 0.244325 
-0.443884 -0.033476 0.288819 0.211780 -0.215817 0.133381 0.391444 -0.042410 0.083695 0.371423 -0.090116 0.210239 -0.275029 -0.115336 0.392089 -0.209604 -0.137759 0.274162 
-0.432317 -0.024768 0.312278 0.223132 -0.209376 0.147060 0.400509 -0.036223 0.088980 0.383155 -0.080289 0.217225 -0.261568 -0.101231 0.416565 -0.197649 -0.128333 0.298796 
-0.421344 -0.016342 0.328753 0.234912 -0.200363 0.168645 0.410145 -0.027885 0.102596 0.394123 -0.067103 0.232577 -0.360482 -0.045639 0.208414 -0.186158 -0.118751 0.315464 
-0.410609 -0.009369 0.340578 0.248099 -0.189370 0.188450 0.420953 -0.016661 0.116961 0.405360 -0.051890 0.248131 -0.350407 -0.040642 0.220404 -0.174623 -0.109959 0.327589 
-0.397958 -0.005105 0.346984 0.262710 -0.176291 0.198923 0.432811 -0.002011 0.124697 0.417633 -0.035274 0.256427 -0.337741 -0.036849 0.226941 -0.160481 -0.102153 0.334217 
-0.384676 -0.003432 0.349022 0.280421 -0.162169 0.200010 0.446590 0.015365 0.124596 0.432538 -0.017727 0.256495 -0.323901 -0.034561 0.229099 -0.145415 -0.096042 0.336600 
-0.371692 -0.004001 0.347065 0.299306 -0.148228 0.196665 0.461113 0.033474 0.121696 0.448127 -0.000517 0.253475 -0.309900 -0.033677 0.227294 -0.130602 -0.091831 0.335295 
-0.358817 -0.006507 0.340040 0.316871 -0.134957 0.191835 0.475049 0.051103 0.119869 0.462110 0.015304 0.251173 -0.295528 -0.033643 0.220448 -0.115871 -0.089192 0.329222 
-0.346619 -0.010568 0.328997 0.333328 -0.122390 0.186038 0.488205 0.068124 0.118696 0.474747 0.029913 0.249267 -0.281615 -0.034312 0.209604 -0.101926 -0.088070 0.319220 
-0.336538 -0.015388 0.315604 0.348393 -0.111048 0.178628 0.499890 0.083915 0.116533 0.485965 0.042904 0.246202 -0.269984 -0.035331 0.196370 -0.090442 -0.088406 0.306557 
-0.328220 -0.020960 0.300861 0.360370 -0.102092 0.169438 0.508968 0.096827 0.113156 0.494607 0.052657 0.241735 -0.150805 -0.073448 0.408782 -0.080942 -0.089949 0.292434 
-0.321905 -0.027010 0.285391 0.368827 -0.095170 0.158035 0.515090 0.107198 0.108319 0.500272 0.059446 0.235559 -0.144670 -0.079953 0.393384 -0.073632 -0.092360 0.277240 
-0.317545 -0.033255 0.268131 0.374741 -0.090201 0.144514 0.519218 0.115123 0.102254 0.503839 0.063365 0.227850 -0.140613 -0.087481 0.375985 -0.068502 -0.095628 0.260125 
-0.315235 -0.038614 0.250111 -0.138680 -0.095327 0.357301 0.521749 0.120325 0.094702 0.506230 0.064759 0.218643 0.378677 -0.087247 0.130223 -0.065749 -0.099137 0.241731 
-0.313064 -0.041413 0.238529 -0.136432 -0.100237 0.344447 0.521756 0.120187 0.095858 0.505207 0.063462 0.219139 0.378164 -0.087533 0.128285 -0.063394 -0.100981 0.228884 
-0.310706 -0.046014 0.231716 -0.134142 -0.104944 0.337689 0.521018 0.119380 0.099356 0.503044 0.061054 0.221687 0.376833 -0.088560 0.127453 -0.060530 -0.103492 0.222498 
-0.311224 -0.049349 0.227507 -0.135308 -0.108555 0.334399 0.520429 0.119165 0.102267 0.501511 0.059356 0.223736 0.376203 -0.089210 0.126681 -0.060786 -0.105902 0.219816 
-0.314028 -0.050967 0.224334 -0.139148 -0.111105 0.332400 0.375512 -0.090227 0.126041 0.519691 0.118508 0.104593 0.500094 0.057466 0.225339 
-0.317546 -0.051666 0.222255 -0.143841 -0.112751 0.331675 0.374915 -0.091007 0.125474 0.518971 0.118058 0.106561 0.498861 0.055932 0.226668 
-0.320663 -0.051678 0.221388 -0.148000 -0.113394 0.332098 0.373853 -0.091663 0.125350 0.517991 0.117500 0.108240 0.497472 0.054621 0.227885 
-0.322842 -0.051331 0.221600 -0.150929 -0.113281 0.333340 0.516927 0.116544 0.111471 0.495860 0.053592 0.230983 0.372446 -0.092441 0.127846 -0.072825 -0.110223 0.221178 
-0.324497 -0.050779 0.222934 -0.153021 -0.112705 0.335356 0.516011 0.115502 0.115527 0.494269 0.052849 0.235075 0.371104 -0.093206 0.131673 -0.074595 -0.110152 0.223407 
-0.325064 -0.050523 0.223826 -0.153565 -0.112505 0.336182 0.515441 0.114020 0.116712 0.493418 0.051667 0.236366 0.370069 -0.094344 0.133121 -0.075248 -0.110260 0.224150 
-0.325087 -0.049856 0.225251 -0.153400 -0.111718 0.337387 0.515238 0.113279 0.115661 0.493413 0.051270 0.235529 0.369607 -0.094831 0.132961 -0.075336 -0.109868 0.225171 
-0.324388 -0.048767 0.227703 -0.152278 -0.110178 0.339436 0.515385 0.113190 0.113770 0.494009 0.051741 0.234007 0.369634 -0.094701 0.132621 -0.074667 -0.108893 0.226898 
-0.323065 -0.047239 0.231155 -0.150312 -0.107909 0.342299 0.516010 0.113903 0.111172 0.495347 0.053247 0.231935 0.370364 -0.093847 0.132254 -0.073352 -0.107376 0.229309 
-0.321273 -0.045238 0.235585 -0.147687 -0.104939 0.345955 0.516889 0.114986 0.107812 0.497169 0.055357 0.229242 0.371460 -0.092604 0.131782 -0.071572 -0.105371 0.232394 
-0.318942 -0.042706 0.241052 -0.144322 -0.101192 0.350435 0.517960 0.116321 0.103743 0.499398 0.057985 0.225982 0.372831 -0.091035 0.131286 -0.069265 -0.102823 0.236182 
-0.315917 -0.039558 0.247595 -0.140043 -0.096533 0.355761 0.519257 0.118097 0.098852 0.502104 0.061333 0.222032 0.374568 -0.088951 0.130692 -0.066268 -0.099598 0.240706 
-0.311914 -0.036051 0.254622 -0.134763 -0.091363 0.361561 0.521084 0.120692 0.093516 0.505636 0.065485 0.217627 0.377090 -0.086090 0.129908 -0.062255 -0.095784 0.245747 
-0.309159 -0.034949 0.260078 0.380563 -0.083824 0.131032 0.523677 0.123238 0.092802 0.509025 0.068660 0.217286 -0.131771 -0.088695 0.367420 -0.059363 -0.094163 0.251588 
-0.308337 -0.033966 0.262638 0.381725 -0.082883 0.133748 0.524640 0.124152 0.094639 0.509983 0.070131 0.219366 -0.130847 -0.087135 0.370100 -0.058526 -0.093132 0.254240 
-0.308532 -0.033623 0.263035 0.381215 -0.082948 0.135254 0.524334 0.123936 0.096091 0.509424 0.070107 0.220871 -0.131010 -0.086760 0.370460 -0.058736 -0.092844 0.254576 
-0.309424 -0.034166 0.261018 0.380104 -0.083971 0.134309 0.523615 0.122813 0.096064 0.508381 0.068622 0.220648 -0.132045 -0.087866 0.368399 -0.059685 -0.093621 0.252551 
-0.310791 -0.035326 0.256758 -0.133715 -0.090203 0.364044 0.522836 0.121087 0.094556 0.507317 0.066095 0.218752 0.378866 -0.085665 0.131213 -0.061156 -0.095218 0.248286 
-0.312305 -0.035094 0.253769 -0.135513 -0.091241 0.360867 0.522116 0.119514 0.093206 0.506508 0.064134 0.217219 0.377697 -0.087041 0.129200 -0.062875 -0.095817 0.245140 
-0.312507 -0.035061 0.253297 -0.135750 -0.091400 0.360351 0.522099 0.119417 0.093316 0.506439 0.064008 0.217310 0.377644 -0.087132 0.129205 -0.063108 -0.095902 0.244624 
-0.312405 -0.035127 0.253424 -0.135627 -0.091396 0.360481 0.522117 0.119457 0.093368 0.506453 0.064054 0.217364 0.377674 -0.087099 0.129261 -0.062992 -0.095910 0.244750 
-0.312313 -0.035186 0.253610 -0.135513 -0.091377 0.360671 0.522115 0.119454 0.093369 0.506450 0.064048 0.217363 0.377671 -0.087103 0.129254 -0.062887 -0.095918 0.244936 
-0.312270 -0.035217 0.253679 -0.135461 -0.091374 0.360743 0.522113 0.119451 0.093370 0.506446 0.064042 0.217363 0.377668 -0.087107 0.129249 -0.062839 -0.095924 0.245006 
-0.312272 -0.035220 0.253674 -0.135464 -0.091378 0.360739 0.522112 0.119449 0.093373 0.506443 0.064039 0.217365 0.377666 -0.087109 0.129248 -0.062841 -0.095927 0.245002 
-0.312275 -0.035221 0.253668 -0.135468 -0.091381 0.360734 0.522111 0.119447 0.093375 0.506441 0.064036 0.217367 0.377664 -0.087111 0.129247 -0.062844 -0.095929 0.244999 
-0.312277 -0.035224 0.253662 -0.135472 -0.091384 0.360730 0.522110 0.119445 0.093377 0.506439 0.064033 0.217368 0.377663 -0.087113 0.129246 -0.062846 -0.095931 0.244994 
-0.312278 -0.035226 0.253660 -0.135473 -0.091386 0.360728 0.522108 0.119444 0.093380 0.506436 0.064030 0.217370 0.377661 -0.087115 0.129246 -0.062847 -0.095933 0.244993 
-0.312276 -0.035230 0.253660 -0.135470 -0.091388 0.360729 0.522108 0.119442 0.093382 0.506435 0.064029 0.217372 0.377660 -0.087116 0.129246 -0.062843 -0.095934 0.244995 
-0.312264 -0.035239 0.253667 -0.135457 -0.091390 0.360738 0.522107 0.119441 0.093384 0.506433 0.064026 0.217373 0.377658 -0.087117 0.129246 -0.062830 -0.095936 0.245003 
-0.312250 -0.035249 0.253682 -0.135441 -0.091391 0.360754 0.522106 0.119440 0.093386 0.506432 0.064025 0.217375 0.377657 -0.087118 0.129246 -0.062814 -0.095938 0.245019 
-0.312237 -0.035259 0.253703 -0.135425 -0.091390 0.360776 0.522105 0.119439 0.093387 0.506430 0.064023 0.217376 0.377656 -0.087120 0.129245 -0.062798 -0.095940 0.245042 
-0.312222 -0.035268 0.253724 -0.135408 -0.091388 0.360798 0.522105 0.119438 0.093389 0.506429 0.064022 0.217377 0.377655 -0.087120 0.129246 -0.062782 -0.095941 0.245063 
-0.312209 -0.035278 0.253744 -0.135392 -0.091388 0.360819 0.522104 0.119437 0.093390 0.506428 0.064020 0.217378 0.377654 -0.087121 0.129245 -0.062767 -0.095943 0.245083 
-0.312197 -0.035285 0.253761 -0.135378 -0.091387 0.360837 0.522104 0.119436 0.093392 0.506427 0.064019 0.217380 0.377654 -0.087122 0.129246 -0.062753 -0.095944 0.245101 
-0.312185 -0.035294 0.253779 -0.135363 -0.091386 0.360856 0.522103 0.119436 0.093393 0.506426 0.064018 0.217381 0.377653 -0.087123 0.129246 -0.062740 -0.095945 0.245119 
-0.312173 -0.035302 0.253797 -0.135348 -0.091385 0.360874 0.522103 0.119435 0.093395 0.506425 0.064017 0.217382 0.377652 -0.087123 0.129246 -0.062725 -0.095946 0.245138 
-0.312160 -0.035310 0.253816 -0.135333 -0.091384 0.360894 0.522102 0.119434 0.093396 0.506424 0.064016 0.217383 0.377652 -0.087124 0.129247 -0.062711 -0.095947 0.245157 
-0.312147 -0.035319 0.253835 -0.135317 -0.091382 0.360915 0.522102 0.119434 0.093398 0.506423 0.064016 0.217385 0.377651 -0.087124 0.129248 -0.062696 -0.095948 0.245177 
-0.312133 -0.035327 0.253855 -0.135301 -0.091381 0.360935 0.522102 0.119433 0.093399 0.506423 0.064015 0.217386 0.377650 -0.087125 0.129248 -0.062681 -0.095949 0.245197 
-0.312120 -0.035335 0.253874 -0.135286 -0.091379 0.360955 0.522101 0.119433 0.093400 0.506422 0.064014 0.217387 0.377650 -0.087126 0.129248 -0.062666 -0.095950 0.245217 
-0.312108 -0.035343 0.253892 -0.135271 -0.091378 0.360973 0.522101 0.119432 0.093401 0.506421 0.064013 0.217388 0.377649 -0.087126 0.129249 -0.062651 -0.095951 0.245235 
-0.312095 -0.035351 0.253910 -0.135256 -0.091377 0.360992 0.522101 0.119432 0.093403 0.506420 0.064012 0.217389 0.377649 -0.087127 0.129249 -0.062637 -0.095952 0.245254 
-0.312082 -0.035359 0.253929 -0.135240 -0.091376 0.361012 0.522101 0.119431 0.093404 0.506420 0.064012 0.217391 0.377648 -0.087127 0.129250 -0.062623 -0.095952 0.245273 
-0.312069 -0.035367 0.253948 -0.135225 -0.091374 0.361031 0.522100 0.119431 0.093406 0.506419 0.064011 0.217392 0.377648 -0.087127 0.129250 -0.062608 -0.095953 0.245292 
-0.312057 -0.035375 0.253966 -0.135209 -0.091373 0.361051 0.522100 0.119431 0.093407 0.506419 0.064011 0.217393 0.377648 -0.087128 0.129252 -0.062593 -0.095954 0.245311 
-0.312045 -0.035376 0.253985 -0.135196 -0.091367 0.361069 0.522100 0.119430 0.093409 0.506418 0.064010 0.217395 0.377647 -0.087128 0.129252 -0.062581 -0.095951 0.245329 
-0.312038 -0.035368 0.253999 -0.135189 -0.091358 0.361084 0.522100 0.119430 0.093410 0.506417 0.064009 0.217396 0.377647 -0.087129 0.129253 -0.062574 -0.095944 0.245344 
-0.312034 -0.035356 0.254010 -0.135186 -0.091347 0.361095 0.522099 0.119430 0.093412 0.506417 0.064009 0.217397 0.377647 -0.087129 0.129254 -0.062571 -0.095936 0.245354 
-0.312031 -0.035343 0.254020 -0.135183 -0.091337 0.361105 0.522099 0.119429 0.093414 0.506416 0.064009 0.217399 0.377646 -0.087129 0.129255 -0.062569 -0.095927 0.245364 
-0.312018 -0.035329 0.254046 -0.135169 -0.091318 0.361132 0.522099 0.119431 0.093435 0.506413 0.064014 0.217422 0.377645 -0.087126 0.129278 -0.062557 -0.095913 0.245391 
-0.312002 -0.035319 0.254076 -0.135151 -0.091301 0.361162 0.522100 0.119433 0.093460 0.506410 0.064019 0.217448 0.377643 -0.087122 0.129305 -0.062539 -0.095901 0.245420 
-0.311991 -0.035314 0.254088 -0.135139 -0.091293 0.361175 0.522099 0.119432 0.093474 0.506407 0.064019 0.217462 0.377641 -0.087123 0.129318 -0.062528 -0.095894 0.245433 
-0.311991 -0.035301 0.254091 -0.135141 -0.091284 0.361178 0.522099 0.119432 0.093478 0.506406 0.064019 0.217465 0.377641 -0.087123 0.129321 -0.062529 -0.095886 0.245436 
-0.311993 -0.035283 0.254093 -0.135144 -0.091272 0.361180 0.522099 0.119432 0.093485 0.506405 0.064020 0.217473 0.377640 -0.087122 0.129328 -0.062533 -0.095876 0.245438 
-0.311989 -0.035268 0.254102 -0.135141 -0.091259 0.361190 0.522099 0.119433 0.093498 0.506402 0.064022 0.217486 0.377639 -0.087121 0.129341 -0.062530 -0.095865 0.245448 
-0.311976 -0.035256 0.254121 -0.135128 -0.091243 0.361209 0.522099 0.119432 0.093533 0.506396 0.064025 0.217522 0.377636 -0.087119 0.129375 -0.062517 -0.095852 0.245467 
-0.311952 -0.035238 0.254160 -0.135102 -0.091213 0.361251 0.522100 0.119439 0.093613 0.506387 0.064044 0.217606 0.377634 -0.087108 0.129462 -0.062491 -0.095827 0.245509 
-0.311923 -0.035226 0.254202 -0.135069 -0.091185 0.361296 0.522100 0.119443 0.093691 0.506375 0.064058 0.217688 0.377627 -0.087100 0.129546 -0.062460 -0.095806 0.245554 
-0.311890 -0.035199 0.254250 -0.135034 -0.091139 0.361350 0.522111 0.119477 0.093810 0.506376 0.064116 0.217816 0.377640 -0.087063 0.129691 -0.062423 -0.095765 0.245608 
-0.311867 -0.035180 0.254292 -0.135009 -0.091109 0.361394 0.522114 0.119487 0.093866 0.506373 0.064136 0.217875 0.377642 -0.087050 0.129756 -0.062399 -0.095742 0.245653 
-0.311844 -0.035166 0.254317 -0.134985 -0.091082 0.361424 0.522119 0.119506 0.093924 0.506372 0.064166 0.217938 0.377649 -0.087031 0.129826 -0.062374 -0.095718 0.245682 
-0.311821 -0.035149 0.254367 -0.134959 -0.091051 0.361476 0.522121 0.119516 0.093974 0.506370 0.064185 0.217991 0.377651 -0.087018 0.129885 -0.062350 -0.095696 0.245734 
-0.311812 -0.035136 0.254384 -0.134950 -0.091034 0.361495 0.522126 0.119531 0.094004 0.506374 0.064208 0.218025 0.377659 -0.087004 0.129927 -0.062340 -0.095681 0.245754 
-0.311792 -0.035094 0.254418 -0.134930 -0.090981 0.361538 0.522144 0.119585 0.094107 0.506390 0.064289 0.218140 0.377688 -0.086950 0.130071 -0.062318 -0.095633 0.245799 
-0.311759 -0.035054 0.254466 -0.134898 -0.090922 0.361594 0.522161 0.119638 0.094235 0.506400 0.064373 0.218280 0.377713 -0.086896 0.130240 -0.062282 -0.095581 0.245856 
-0.311725 -0.035037 0.254519 -0.134860 -0.090885 0.361651 0.522158 0.119649 0.094310 0.506390 0.064399 0.218360 0.377704 -0.086877 0.130331 -0.062245 -0.095551 0.245914 
-0.311700 -0.035029 0.254563 -0.134831 -0.090862 0.361698 0.522160 0.119657 0.094347 0.506388 0.064413 0.218401 0.377706 -0.086868 0.130375 -0.062218 -0.095535 0.245960 
-0.311679 -0.035023 0.254589 -0.134808 -0.090845 0.361725 0.522162 0.119666 0.094372 0.506389 0.064428 0.218428 0.377707 -0.086857 0.130408 -0.062194 -0.095522 0.245988 
-0.311671 -0.034995 0.254606 -0.134802 -0.090814 0.361747 0.522165 0.119687 0.094422 0.506390 0.064462 0.218484 0.377710 -0.086833 0.130478 -0.062186 -0.095494 0.246010 
-0.311655 -0.034958 0.254635 -0.134787 -0.090769 0.361782 0.522176 0.119726 0.094506 0.506398 0.064524 0.218577 0.377727 -0.086792 0.130594 -0.062169 -0.095454 0.246047 
-0.311633 -0.034931 0.254673 -0.134764 -0.090731 0.361825 0.522183 0.119750 0.094586 0.506399 0.064564 0.218663 0.377736 -0.086766 0.130693 -0.062145 -0.095421 0.246090 
-0.311611 -0.034929 0.254706 -0.134739 -0.090717 0.361859 0.522178 0.119744 0.094596 0.506391 0.064559 0.218673 0.377724 -0.086767 0.130702 -0.062122 -0.095412 0.246124 
-0.311560 -0.034925 0.254763 -0.134683 -0.090688 0.361921 0.522175 0.119749 0.094640 0.506383 0.064572 0.218720 0.377714 -0.086756 0.130756 -0.062066 -0.095389 0.246186 
-0.311534 -0.034922 0.254806 -0.134653 -0.090666 0.361968 0.522174 0.119758 0.094674 0.506380 0.064590 0.218758 0.377709 -0.086742 0.130801 -0.062037 -0.095373 0.246233 
-0.311516 -0.034878 0.254845 -0.134638 -0.090611 0.362016 0.522184 0.119803 0.094771 0.506387 0.064661 0.218867 0.377724 -0.086694 0.130939 -0.062018 -0.095325 0.246284 
-0.311491 -0.034831 0.254897 -0.134613 -0.090546 0.362077 0.522202 0.119862 0.094900 0.506401 0.064752 0.219009 0.377753 -0.086634 0.131114 -0.061991 -0.095269 0.246347 
-0.311476 -0.034803 0.254943 -0.134597 -0.090509 0.362126 0.522207 0.119877 0.094974 0.506397 0.064781 0.219088 0.377756 -0.086616 0.131201 -0.061975 -0.095241 0.246396 
-0.311470 -0.034796 0.254958 -0.134590 -0.090498 0.362143 0.522198 0.119871 0.094979 0.506387 0.064777 0.219094 0.377740 -0.086616 0.131209 -0.061968 -0.095233 0.246412 
-0.311443 -0.034780 0.255009 -0.134560 -0.090467 0.362197 0.522195 0.119874 0.095015 0.506380 0.064786 0.219132 0.377731 -0.086608 0.131251 -0.061939 -0.095210 0.246466 
-0.311410 -0.034757 0.255075 -0.134522 -0.090419 0.362269 0.522185 0.119879 0.095157 0.506348 0.064811 0.219280 0.377707 -0.086592 0.131402 -0.061903 -0.095173 0.246538 
-0.311398 -0.034736 0.255102 -0.134511 -0.090390 0.362300 0.522193 0.119903 0.095212 0.506353 0.064849 0.219341 0.377718 -0.086567 0.131477 -0.061890 -0.095149 0.246570 
