-0.978663 -0.205438 0.003784 0.209672 -0.977752 -0.006251 -0.203688 0.979016 0.006228 0.973839 0.227210 -0.003644 
-0.978744 -0.205080 0.001520 0.209323 -0.977815 -0.007786 -0.203339 0.979078 0.007777 0.973928 0.226854 -0.001346 
-0.978720 -0.205191 0.002074 0.209437 -0.977805 -0.005744 -0.203453 0.979068 0.005731 0.973901 0.226965 -0.001946 
-0.978777 -0.204917 0.002152 0.209160 -0.977860 -0.006420 -0.203176 0.979121 0.006407 0.973964 0.226692 -0.002008 
-0.978775 -0.204933 0.001676 0.209183 -0.977864 -0.005011 -0.203199 0.979125 0.005001 0.973962 0.226708 -0.001564 
-0.978775 -0.204933 0.001465 0.209185 -0.977866 -0.004536 -0.203200 0.979127 0.004527 0.973962 0.226707 -0.001364 
-0.978925 -0.204202 -0.002603 0.208478 -0.977988 -0.008732 -0.202493 0.979245 0.008748 0.974128 0.225980 0.002798 
-0.978984 -0.203883 -0.004767 0.208184 -0.978038 -0.010024 -0.202198 0.979293 0.010053 0.974193 0.225662 0.004990 
-0.978940 -0.203818 -0.011618 0.208187 -0.978048 -0.008918 -0.202201 0.979303 0.008989 0.974149 0.225597 0.011815 
-0.978950 -0.203806 -0.010971 0.208151 -0.978071 -0.007072 -0.202165 0.979325 0.007139 0.974160 0.225586 0.011127 
-0.978849 -0.204202 -0.012483 0.208537 -0.978002 -0.004980 -0.202552 0.979258 0.005056 0.974051 0.225979 0.012592 
-0.976965 -0.212893 -0.014733 0.217267 -0.976086 -0.007140 -0.211293 0.977396 0.007230 0.971972 0.234626 0.014890 
-0.976863 -0.213218 -0.016615 0.217585 -0.976027 -0.005329 -0.211612 0.977339 0.005430 0.971863 0.234951 0.016731 
-0.976436 -0.214518 -0.023539 0.218842 -0.975760 -0.000482 -0.212871 0.977080 0.000626 0.971408 0.236245 0.023546 
-0.978215 -0.204986 -0.032809 0.209397 -0.977830 -0.001190 -0.203416 0.979091 0.001391 0.973397 0.226760 0.032830 
-0.978324 -0.203307 -0.039338 0.207783 -0.978174 -0.001389 -0.201801 0.979425 0.001630 0.973543 0.225089 0.039363 
-0.978204 -0.202718 -0.044977 0.207247 -0.978288 -0.001293 -0.201266 0.979535 0.001568 0.973434 0.224503 0.045000 
-0.978345 -0.202149 -0.044471 0.206667 -0.978411 -0.001163 -0.200685 0.979655 0.001435 0.973588 0.223936 0.044490 
-0.978303 -0.202323 -0.044602 0.206838 -0.978375 -0.001052 -0.200856 0.979620 0.001325 0.973542 0.224110 0.044619 
-0.978402 -0.201265 -0.047137 0.205803 -0.978593 -0.000983 -0.199821 0.979832 0.001271 0.973664 0.223057 0.047152 
-0.978062 -0.201178 -0.054054 0.205778 -0.978599 -0.000657 -0.199797 0.979837 0.000988 0.973325 0.222970 0.054060 
-0.977808 -0.200738 -0.059969 0.205399 -0.978678 -0.000452 -0.199420 0.979914 0.000818 0.973079 0.222532 0.059970 
-0.977256 -0.200775 -0.068264 0.205545 -0.978648 -0.000390 -0.199570 0.979883 0.000808 0.972524 0.222568 0.068262 
-0.976803 -0.200204 -0.075993 0.205086 -0.978744 -0.000329 -0.199113 0.979976 0.000794 0.972081 0.221999 0.075989 
-0.206037 0.978519 -0.007039 0.832988 -0.552678 0.026033 0.900597 0.432774 0.040397 -0.973279 -0.207442 -0.098469 -0.488592 -0.796688 -0.355761 -0.390287 -0.360973 0.846980 
-0.220218 0.974880 -0.033372 0.836365 -0.547465 0.027849 0.918456 0.387623 0.078653 -0.483131 -0.800115 -0.355530 -0.968530 -0.224285 -0.107913 -0.446987 -0.226795 0.865313 
-0.219770 0.974076 -0.053637 0.829998 -0.556708 0.034335 0.928908 0.352338 0.113964 -0.491917 -0.798081 -0.347972 -0.966995 -0.226415 -0.116861 -0.520472 -0.146888 0.841149 
-0.212981 0.975158 -0.060871 0.822404 -0.567444 0.040733 0.927839 0.345580 0.140318 -0.503556 -0.796275 -0.335226 -0.966768 -0.220979 -0.128563 -0.611380 -0.169168 0.773044 
-0.209315 0.976117 -0.058162 0.818492 -0.572702 0.045637 0.917747 0.364890 0.156831 -0.511760 -0.798641 -0.316662 -0.965825 -0.217328 -0.141248 -0.701652 -0.274548 0.657501 
-0.207713 0.976924 -0.049757 0.817075 -0.574331 0.050314 0.901082 0.400884 0.165359 -0.518504 -0.804841 -0.288765 -0.964285 -0.214726 -0.155073 -0.762393 -0.424594 0.488341 
-0.207405 0.977554 -0.037042 0.816781 -0.574356 0.054617 0.879876 0.443954 0.169481 -0.524946 -0.812511 -0.253491 -0.962062 -0.212408 -0.171229 -0.773733 -0.562931 0.290596 
-0.206089 0.978313 -0.020773 0.816157 -0.574791 0.059188 0.856157 0.487573 0.171078 -0.959514 -0.207963 -0.189959 -0.532700 -0.819863 -0.209896 -0.745416 -0.657566 0.109369 
-0.202907 0.979196 -0.001763 0.813873 -0.577399 0.064969 0.832086 0.527742 0.170649 -0.956759 -0.200436 -0.210801 -0.543108 -0.824866 -0.156939 -0.701447 -0.712007 -0.031918 
-0.197469 0.980088 0.020829 0.811227 -0.579888 0.075107 0.809789 0.563385 0.163827 -0.953792 -0.189003 -0.233578 -0.551833 -0.827195 -0.105967 -0.661237 -0.741287 -0.115148 
-0.195983 0.979596 0.044533 0.815147 -0.574015 0.077732 0.790618 0.593458 0.150769 -0.950178 -0.180337 -0.254244 -0.549510 -0.832236 -0.073642 -0.637184 -0.758409 -0.137157 
-0.201413 0.977897 0.056121 0.822323 -0.563985 0.075534 0.777208 0.614111 0.137170 -0.947420 -0.181825 -0.263314 -0.542217 -0.839100 -0.043718 -0.623560 -0.768670 -0.142546 
-0.208593 0.976607 0.052223 0.828548 -0.555278 0.071932 0.770727 0.625066 0.123581 -0.946401 -0.189977 -0.261215 -0.535345 -0.844445 -0.017848 -0.617621 -0.774563 -0.136371 
-0.209908 0.976854 0.041162 0.835648 -0.545136 0.067223 0.773878 0.627867 0.083038 -0.947295 -0.194637 -0.254456 -0.526854 -0.849809 0.015816 -0.629151 -0.772408 -0.086916 
-0.211925 0.976538 0.038230 0.845893 -0.532066 0.037026 0.781351 0.623718 0.021598 -0.945952 -0.197005 -0.257611 -0.512696 -0.854529 0.083207 -0.661093 -0.750061 -0.019078 
-0.213693 0.976900 0.001009 0.848633 -0.528691 0.017551 0.789717 0.612982 -0.024492 -0.952534 -0.209938 -0.220464 -0.504946 -0.851293 0.142583 -0.685379 -0.727573 0.029889 
-0.213677 0.976904 0.001081 0.849887 -0.526595 0.019746 0.795638 0.598155 -0.095762 -0.957784 -0.211081 -0.195181 -0.498752 -0.843100 0.201071 -0.703649 -0.704993 0.088667 
-0.213695 0.976900 0.001232 0.869304 -0.486408 0.087847 0.805067 0.573969 -0.149757 -0.472716 -0.858033 0.200796 -0.956778 -0.210843 -0.200302 -0.736636 -0.660851 0.143681 
-0.223846 0.974622 0.002288 0.869113 -0.493092 0.038764 0.848303 0.514283 -0.126073 -0.470760 -0.864824 0.174543 -0.951578 -0.219856 -0.214856 -0.812189 -0.563212 0.152126 
-0.223874 0.974615 0.002274 0.845971 -0.532901 0.018707 0.889675 0.452090 -0.063975 -0.510363 -0.850994 0.123850 -0.948097 -0.219051 -0.230499 -0.871501 -0.478041 0.109372 
-0.223504 0.974703 0.000130 0.826794 -0.562496 0.003203 0.927247 0.373564 0.025738 -0.542195 -0.839528 0.034897 -0.944396 -0.218328 -0.245864 -0.932550 -0.357683 0.049127 
-0.213638 0.976893 -0.006227 -0.555642 -0.831415 -0.003334 0.817811 -0.575473 -0.003936 0.944360 0.318910 0.080499 -0.945045 -0.210072 -0.250520 -0.963130 -0.269033 0.000928 
-0.222943 0.973912 -0.042321 -0.551080 -0.834421 -0.007209 0.820952 -0.570983 -0.004086 0.945602 0.307954 0.104882 -0.940146 -0.228026 -0.253240 -0.971318 -0.237706 -0.006146 
-0.230188 0.969164 -0.087946 -0.548353 -0.836225 -0.006050 -0.974401 -0.201627 -0.099443 0.822794 -0.568335 0.002359 0.950855 0.281537 0.128888 
-0.223069 0.967494 -0.119142 -0.554857 -0.831925 0.005810 -0.977806 -0.178918 -0.109016 0.818328 -0.574625 0.012080 0.933557 0.269248 0.236594 0.960631 0.258411 0.102036 
-0.209855 0.968880 -0.131271 -0.565506 -0.824650 0.012468 -0.977384 -0.176958 -0.115787 0.810896 -0.585073 0.011744 0.933770 0.260351 0.245542 0.960403 0.255873 0.110246 
-0.197358 0.971035 -0.134689 -0.574320 -0.818235 0.025448 -0.974364 -0.188807 -0.122337 0.804548 -0.593799 0.010248 0.952386 0.264587 0.151509 
-0.185471 0.973376 -0.134685 -0.581189 -0.812194 0.050593 -0.970469 -0.206234 -0.125132 0.799171 -0.601064 0.006891 0.950418 0.276085 0.143117 
-0.176431 0.975313 -0.132802 -0.585178 -0.807743 0.071545 0.795959 -0.605189 0.013980 0.947479 0.290943 0.132803 -0.938875 -0.208904 -0.273629 -0.971009 -0.232268 -0.056517 
-0.172399 0.975382 -0.137507 -0.585658 -0.805811 0.087601 0.795532 -0.605437 0.023995 0.945194 0.301603 0.125072 -0.939343 -0.206447 -0.273886 -0.965914 -0.252524 -0.056939 
-0.159675 0.976348 -0.145765 -0.593530 -0.797776 0.106185 0.788232 -0.615302 0.009655 0.949959 0.295344 0.101733 -0.940109 -0.197076 -0.278129 -0.968692 -0.247649 -0.017486 
-0.147307 0.977096 -0.153568 -0.603837 -0.786569 0.129186 0.777191 -0.629155 -0.011744 0.956280 0.282290 0.076419 -0.939782 -0.188311 -0.285215 -0.972273 -0.232577 0.024367 
-0.129689 0.984122 -0.121180 0.754208 -0.656218 -0.023411 0.962494 0.269124 0.034329 -0.625789 -0.761864 0.167185 -0.951577 -0.159546 -0.262765 -0.971055 -0.235422 0.040348 
-0.115714 0.988243 -0.099934 0.731814 -0.680470 -0.037539 0.962815 0.270098 -0.005929 -0.644944 -0.739585 0.192510 -0.957398 -0.139455 -0.252868 -0.963577 -0.255799 0.078008 
-0.106754 0.990118 -0.090939 0.702422 -0.704315 -0.102680 0.960866 0.271166 -0.056621 -0.645420 -0.716452 0.264820 -0.958912 -0.128404 -0.252981 -0.953604 -0.270170 0.132847 
-0.085425 0.992601 -0.086289 0.672512 -0.719227 -0.174469 0.961886 0.259960 -0.084825 -0.627941 -0.702073 0.335834 -0.956704 -0.107620 -0.270437 -0.951169 -0.260927 0.164906 
-0.058053 0.994966 -0.081687 -0.586443 -0.746031 0.315471 0.726395 -0.669298 -0.156172 0.968209 0.239020 -0.073766 -0.951783 -0.081583 -0.295726 -0.963751 -0.211305 0.162892 
-0.037462 0.996116 -0.079686 -0.532438 -0.823813 0.194529 -0.998875 -0.046190 -0.010739 0.812355 -0.575901 -0.091742 0.987911 0.153568 -0.021168 
-0.455919 -0.885376 0.090812 -0.022100 0.996171 -0.084590 -0.988098 0.135679 -0.072477 0.877739 -0.479139 0.000208 0.943021 0.072646 0.324706 0.991205 -0.075332 -0.108801 
-0.386991 -0.921817 0.022153 -0.940389 0.314529 -0.129386 -0.020175 0.995123 -0.096562 0.942452 0.074904 0.325842 0.900947 -0.431097 0.049486 
-0.263397 -0.964687 -0.000176 -0.032528 0.991340 -0.127231 0.938844 0.097462 0.330263 0.860772 -0.500978 0.089960 -0.955608 0.262768 -0.133293 -0.887137 0.445439 -0.120714 
-0.210159 -0.977666 -0.001640 -0.063909 0.980036 -0.188271 0.926153 0.151311 0.345465 0.863056 -0.488921 0.126844 -0.967983 0.210110 -0.137341 -0.885575 0.448995 -0.118998 
-0.159077 -0.987255 -0.004711 -0.104826 0.943998 -0.312856 0.905794 0.241465 0.348183 0.833074 -0.516027 0.199259 -0.981369 0.160417 -0.105744 -0.847952 0.512189 -0.136526 
-0.103183 -0.994647 -0.005583 -0.157037 0.868314 -0.470501 0.879529 0.357153 0.314436 0.775916 -0.556104 0.297832 -0.991004 0.105041 -0.082927 -0.778325 0.603581 -0.172916 
-0.074354 -0.997221 -0.004619 0.855806 0.432667 0.283542 0.729334 -0.569497 0.379137 -0.174183 0.787535 -0.591142 -0.993685 0.076237 -0.082328 -0.726832 0.651278 -0.218066 
-0.074089 -0.997250 -0.001628 0.849557 0.448130 0.278266 0.702385 -0.569101 0.427528 -0.159394 0.752593 -0.638903 -0.992284 0.075646 -0.098239 -0.702874 0.664116 -0.254790 
-0.076880 -0.997039 -0.001478 0.851331 0.441454 0.283469 0.691883 -0.561739 0.453593 -0.146503 0.750690 -0.644206 -0.989491 0.078244 -0.121593 -0.698265 0.661508 -0.273556 
-0.085613 -0.996328 -0.000864 0.853115 0.428219 0.298031 0.693461 -0.546340 0.469707 -0.132801 0.761934 -0.633893 -0.985510 0.086578 -0.145860 -0.708262 0.644682 -0.287663 
-0.096059 -0.995350 0.007084 -0.110990 0.769638 -0.628760 0.852662 0.414286 0.318330 0.693135 -0.530718 0.487752 -0.980321 0.095146 -0.172970 -0.717004 0.625531 -0.307599 
-0.099746 -0.994659 0.026550 -0.097274 0.756546 -0.646666 0.849491 0.417146 0.323037 0.677665 -0.523156 0.516796 -0.974878 0.094144 -0.201866 -0.705433 0.625123 -0.334044 
-0.091079 -0.994383 0.053924 0.844977 0.437910 0.306999 0.648088 -0.520062 0.556342 -0.096911 0.722122 -0.684943 -0.969565 0.077992 -0.232080 -0.675259 0.642103 -0.362944 
-0.061904 -0.995662 0.069465 0.839503 0.450992 0.303053 0.643208 -0.512865 0.568553 -0.079930 0.687283 -0.721978 -0.976158 0.047686 -0.211758 -0.673909 0.644137 -0.361848 
-0.021580 -0.993977 0.107448 -0.076682 0.665241 -0.742681 0.829693 0.469286 0.302291 0.693727 -0.471111 0.544791 -0.987365 0.006091 -0.158346 -0.728666 0.594061 -0.340790 
0.025340 -0.986300 0.163005 -0.093311 0.643193 -0.759997 0.818261 0.497143 0.288614 0.768213 -0.405356 0.495515 -0.995366 -0.038359 -0.088171 -0.801853 0.513866 -0.304916 
0.023426 -0.956625 0.290378 -0.112001 0.621391 -0.775454 0.807700 0.523289 0.271640 0.850186 -0.329970 0.410249 -0.998524 -0.035173 -0.041385 -0.871469 0.403741 -0.278452 
0.040253 -0.920247 0.389263 -0.129917 0.585256 -0.800373 0.794749 0.554630 0.246497 0.892277 -0.293088 0.343427 -0.999237 -0.038021 0.008922 -0.903892 0.341969 -0.256975 
0.115001 -0.877270 0.466017 -0.136614 0.534804 -0.833859 0.781650 0.584414 0.217906 0.897033 -0.304049 0.320758 -0.993563 -0.098844 0.055335 -0.901464 0.348695 -0.256465 
0.162353 -0.891606 0.422706 0.771722 0.607153 0.189237 0.868883 -0.349703 0.350356 -0.128723 0.474627 -0.870723 -0.986943 -0.150369 0.057730 -0.871606 0.424422 -0.245295 
0.181421 -0.922447 0.340850 0.765679 0.614460 0.190196 0.842235 -0.371726 0.390461 -0.983610 -0.173802 0.048007 -0.088313 0.427663 -0.899614 -0.849448 0.467439 -0.244823 
0.167223 -0.929336 0.329198 0.753179 0.637070 0.163898 0.811252 -0.351881 0.466958 -0.984650 -0.174527 0.002129 -0.053682 0.342542 -0.937968 -0.828166 0.474408 -0.298460 
0.153901 -0.923655 0.350963 0.741616 0.662845 0.103160 0.762647 -0.315494 0.564653 -0.986709 -0.162497 0.000011 -0.010144 0.200123 -0.979718 -0.789793 0.470533 -0.393479 
0.149911 -0.910710 0.384882 0.693457 -0.251785 0.675072 -0.987049 -0.160417 0.000299 -0.734221 0.449979 -0.508369 0.735010 0.677023 0.037409 
0.100421 -0.889849 0.445067 0.744899 0.666035 -0.039025 0.787825 -0.275239 0.550977 -0.993402 -0.114369 -0.008479 -0.121926 0.190791 0.974029 -0.548270 0.298403 -0.781253 
0.066847 -0.846302 0.528493 0.776850 0.623043 -0.091223 0.740402 -0.248623 0.624493 -0.995298 -0.093141 -0.026594 -0.149969 0.321078 0.935103 -0.499786 0.235504 -0.833518 
0.079489 -0.752040 0.654307 0.780480 0.606793 -0.150510 0.754819 -0.179879 0.630787 -0.125123 0.384858 0.914455 -0.993772 -0.111024 -0.009569 -0.507659 0.144977 -0.849273 
0.761323 0.624145 -0.175586 0.099320 -0.628014 0.771838 0.812545 -0.094996 0.575105 -0.113917 0.392845 0.912522 -0.991521 -0.128249 0.020956 -0.540169 0.045565 -0.840322 
0.743714 0.622809 -0.242896 0.138480 -0.535832 0.832891 0.866923 -0.044313 0.496469 -0.063042 0.424681 0.903145 -0.988648 -0.126710 0.080745 -0.596384 -0.025580 -0.802292 
0.215065 -0.492965 0.843050 0.906566 -0.031637 0.420877 -0.976908 -0.097396 0.190172 -0.672644 -0.062375 -0.737333 0.033716 0.490086 0.871022 0.724354 0.587568 -0.360659 
-0.833969 -0.072428 -0.547038 0.295350 -0.479706 0.826227 0.945371 -0.040298 0.323497 0.140163 0.522788 0.840861 0.687328 0.558768 -0.464067 
-0.891315 -0.065032 -0.448697 0.374508 -0.469949 0.799307 0.976459 -0.053122 0.209058 0.239637 0.524407 0.817051 0.641202 0.545124 -0.540093 
-0.938092 -0.051769 -0.342495 0.455581 -0.470759 0.755534 0.993457 -0.068875 0.091104 0.340692 0.518262 0.784432 0.584947 0.534894 -0.609693 
-0.973448 -0.035150 -0.226194 0.536059 -0.480406 0.694154 0.995878 -0.085945 -0.029006 0.443283 0.511814 0.735899 0.514684 0.525197 -0.677694 
-0.994459 -0.017892 -0.103589 0.605884 -0.495838 0.622133 0.982740 -0.100756 -0.155146 0.421390 0.515307 -0.746250 0.542823 0.499272 0.675329 
0.666183 -0.509372 0.544739 0.954966 -0.109490 -0.275776 -0.638798 -0.009261 0.769319 -0.992975 -0.004508 -0.118236 0.337084 0.523765 -0.782333 0.625368 0.481027 0.614434 
0.697549 -0.526108 0.486453 0.961076 -0.123604 -0.247093 -0.583228 -0.019062 0.812084 -0.995392 0.007576 -0.095591 0.276234 0.452304 -0.848007 0.661797 0.536976 0.523146 
-0.996429 0.007385 0.084108 0.716444 -0.506061 0.480220 0.949187 -0.134549 -0.284501 0.242318 0.415393 -0.876773 0.686222 0.553254 0.472239 
-0.990507 0.005375 0.137358 0.743707 -0.459703 0.485359 0.923281 -0.146957 -0.354902 0.221175 0.398578 -0.890066 0.701632 0.557251 0.444053 
-0.981108 0.005630 0.193378 0.772178 -0.414015 0.482010 0.186590 0.372975 -0.908886 0.718797 0.568265 0.400506 0.952759 -0.163542 -0.255940 0.499473 -0.124661 -0.857314 
-0.971096 0.010387 0.238463 0.934158 -0.173045 -0.312096 0.146447 0.348954 -0.925626 0.734865 0.578624 0.353790 0.788338 -0.382185 0.482139 0.478561 -0.164019 -0.862599 
-0.965799 0.013284 0.258951 0.925636 -0.178278 -0.333788 0.126938 0.322332 -0.938077 0.736613 0.594209 0.322982 0.797182 -0.356988 0.486889 0.467549 -0.198241 -0.861451 
-0.964857 0.013394 0.262432 0.928819 -0.180022 -0.323862 0.117198 0.286865 -0.950775 0.732877 0.613419 0.294292 0.441032 -0.212292 -0.872022 0.802442 -0.336551 0.492769 
-0.965658 0.008469 0.259678 0.935098 -0.175665 -0.307788 0.114053 0.257691 -0.959472 0.723904 0.632844 0.274721 0.436245 -0.226617 -0.870824 0.809167 -0.319079 0.493393 
-0.966012 -0.003598 0.258474 0.939517 -0.164593 -0.300363 0.111026 0.243309 -0.963574 0.713138 0.649128 0.264703 0.436357 -0.230026 -0.869874 0.815959 -0.300606 0.493809 
-0.965204 -0.021826 0.260587 0.941972 -0.146278 -0.302146 0.102782 0.242059 -0.964802 0.700224 0.664892 0.260010 0.440396 -0.225572 -0.869004 0.821604 -0.283006 0.494848 
-0.964370 -0.043396 0.260972 0.944408 -0.123891 -0.304539 0.094990 0.248637 -0.963928 0.685050 0.679941 0.261510 0.447767 -0.215044 -0.867906 0.825338 -0.267693 0.497150 
-0.964715 -0.066649 0.254720 0.948313 -0.100290 -0.301071 0.094650 0.261856 -0.960454 0.668561 0.691677 0.273146 0.458619 -0.196644 -0.866603 0.826991 -0.255698 0.500703 
-0.965679 -0.091027 0.243264 0.953529 -0.075188 -0.291768 0.098440 0.279501 -0.955086 0.650979 0.701081 0.291052 0.471043 -0.172059 -0.865167 0.827140 -0.247454 0.504585 
-0.966402 -0.114734 0.230005 0.958862 -0.049474 -0.279528 0.101853 0.299984 -0.948491 0.633271 0.708669 0.311057 0.482271 -0.144514 -0.864020 0.826466 -0.244312 0.507214 
-0.966708 -0.136009 0.216745 0.962949 -0.026496 -0.268380 0.105049 0.323089 -0.940520 0.617917 0.712336 0.332799 0.828301 -0.245052 0.503851 0.511026 -0.120703 -0.851048 
-0.966526 -0.154978 0.204474 0.965553 -0.006133 -0.260134 0.108391 0.349296 -0.930722 0.605063 0.711726 0.356854 0.827462 -0.247175 0.504194 0.519626 -0.090755 -0.849560 
-0.966402 -0.171366 0.191576 0.967559 0.011846 -0.252367 0.112493 0.378597 -0.918700 0.594260 0.706893 0.383610 0.826047 -0.253166 0.503540 0.527468 -0.059596 -0.847482 
-0.966494 -0.183531 0.179457 0.824289 -0.264779 0.500439 0.113522 0.406449 -0.906594 0.587149 0.699712 0.407013 0.969610 0.025939 -0.243279 0.533469 -0.027869 -0.845360 
-0.968241 -0.187427 0.165473 0.824647 -0.274633 0.494503 0.121051 0.414929 -0.901765 0.584803 0.695053 0.418218 0.974586 0.029683 -0.222039 0.534255 -0.005443 -0.845306 
-0.969063 -0.192705 0.154217 0.824330 -0.275126 0.494759 0.131474 0.426634 -0.894817 0.580973 0.688701 0.433777 0.976649 0.033343 -0.212240 0.538451 0.010621 -0.842590 
-0.969579 -0.196461 0.146010 0.821304 -0.276421 0.499050 0.138376 0.437491 -0.888512 0.576818 0.683876 0.446760 0.977352 0.037333 -0.208301 0.545107 0.019407 -0.838142 
-0.970395 -0.197257 0.139370 0.816467 -0.280768 0.504531 0.927512 0.037626 -0.371896 0.143349 0.446505 -0.883224 0.573471 0.679854 0.457088 
-0.971151 -0.197040 0.134314 0.810981 -0.285192 0.510857 0.928574 0.038923 -0.369100 0.147096 0.454433 -0.878552 0.570545 0.676384 0.465814 
-0.971792 -0.196036 0.131112 0.806114 -0.288138 0.516872 0.929001 0.038686 -0.368051 0.150088 0.459948 -0.875169 0.569038 0.673369 0.471984 
-0.972589 -0.194427 0.127548 0.802617 -0.289229 0.521683 0.154103 0.460474 -0.874195 0.568094 0.672217 0.474756 0.977984 0.039055 -0.204992 0.571303 0.022375 -0.820434 
-0.973369 -0.192566 0.124385 0.800578 -0.289114 0.524869 0.159037 0.458285 -0.874461 0.566949 0.672319 0.475979 0.978791 0.037215 -0.201455 0.573664 0.018675 -0.818878 
-0.973785 -0.190635 0.124099 0.800683 -0.289379 0.524563 0.161088 0.456094 -0.875231 0.567800 0.672113 0.475254 0.979140 0.034996 -0.200149 0.572865 0.016422 -0.819485 
-0.973725 -0.189033 0.126987 0.801557 -0.288819 0.523535 0.159647 0.453579 -0.876801 0.569897 0.672533 0.472141 0.978658 0.033073 -0.202817 0.571015 0.013534 -0.820828 
-0.973308 -0.187710 0.132050 0.803539 -0.286711 0.521653 0.156359 0.449481 -0.879499 0.572522 0.674101 0.466697 0.977743 0.031230 -0.207470 0.567700 0.009398 -0.823182 
-0.972512 -0.186768 0.139063 0.806541 -0.283253 0.518903 0.151147 0.443682 -0.883346 0.575317 0.677104 0.458847 0.976471 0.029772 -0.213584 0.562938 0.003900 -0.826490 
-0.971386 -0.185691 0.148082 0.810425 -0.278727 0.515288 0.144245 0.436170 -0.888228 0.578665 0.681087 0.448628 0.974785 0.028091 -0.221373 0.556760 -0.003161 -0.830668 
-0.969903 -0.184300 0.159129 0.815257 -0.273055 0.510682 0.135778 0.426706 -0.894140 0.582611 0.685969 0.435903 0.972659 0.025933 -0.230784 0.549020 -0.011925 -0.835724 
-0.967935 -0.182716 0.172388 0.821109 -0.266000 0.505000 0.125470 0.415212 -0.901031 0.587071 0.691784 0.420454 0.969978 0.023426 -0.242064 0.539640 -0.022420 -0.841598 
-0.965469 -0.181670 0.186726 0.827069 -0.258238 0.499270 0.112995 0.403827 -0.907830 0.591723 0.697726 0.403785 0.966734 0.021331 -0.254893 0.530381 -0.032338 -0.847143 
-0.963850 -0.183071 0.193591 0.964195 0.022658 -0.264225 0.107173 0.399218 -0.910571 0.591331 0.701914 0.397044 0.828180 -0.250929 0.501151 0.529642 -0.039991 -0.847278 
-0.963720 -0.182936 0.194367 0.964284 0.022449 -0.263916 0.107213 0.395149 -0.912339 0.590394 0.704349 0.394115 0.828653 -0.248229 0.501714 0.529008 -0.043868 -0.847482 
-0.964053 -0.182376 0.193239 0.964906 0.021702 -0.261697 0.109062 0.393738 -0.912730 0.590167 0.704543 0.394109 0.828801 -0.248082 0.501542 0.528666 -0.044499 -0.847663 
-0.964611 -0.181772 0.191007 0.965489 0.021186 -0.259582 0.111437 0.396393 -0.911293 0.590478 0.702412 0.397433 0.828136 -0.250714 0.501331 0.529296 -0.042096 -0.847392 
-0.965355 -0.181129 0.187834 0.826721 -0.256209 0.500888 0.113518 0.402255 -0.908463 0.591284 0.698575 0.402958 0.966167 0.020977 -0.257061 0.530748 -0.036684 -0.846735 
-0.966123 -0.179011 0.185906 0.825394 -0.262131 0.500011 0.114169 0.405090 -0.907121 0.592942 0.695886 0.405169 0.966895 0.019259 -0.254447 0.531321 -0.033472 -0.846509 
-0.966284 -0.178850 0.185222 0.825231 -0.263032 0.499808 0.114551 0.405302 -0.906978 0.592863 0.695724 0.405563 0.967201 0.019244 -0.253281 0.531354 -0.032931 -0.846509 
-0.966241 -0.178983 0.185319 0.825328 -0.262704 0.499821 0.114574 0.405257 -0.906995 0.592796 0.695786 0.405555 0.967150 0.019337 -0.253470 0.531307 -0.033018 -0.846536 
-0.966184 -0.179058 0.185543 0.825431 -0.262340 0.499841 0.114589 0.405280 -0.906983 0.592790 0.695775 0.405582 0.967031 0.019349 -0.253923 0.531235 -0.033216 -0.846573 
-0.966161 -0.179095 0.185627 0.825473 -0.262184 0.499853 0.114602 0.405298 -0.906973 0.592786 0.695766 0.405604 0.966983 0.019356 -0.254104 0.531213 -0.033281 -0.846584 
-0.966163 -0.179096 0.185618 0.825469 -0.262187 0.499859 0.114611 0.405308 -0.906967 0.592784 0.695760 0.405618 0.966984 0.019356 -0.254099 0.531221 -0.033275 -0.846580 
-0.966165 -0.179096 0.185609 0.825464 -0.262192 0.499865 0.114620 0.405316 -0.906963 0.592781 0.695755 0.405629 0.966986 0.019357 -0.254092 0.531228 -0.033269 -0.846575 
-0.966166 -0.179097 0.185600 0.825460 -0.262196 0.499869 0.114629 0.405326 -0.906957 0.592778 0.695750 0.405642 0.966988 0.019358 -0.254087 0.531235 -0.033263 -0.846571 
-0.966167 -0.179098 0.185594 0.825457 -0.262196 0.499874 0.114636 0.405332 -0.906953 0.592776 0.695747 0.405652 0.966988 0.019358 -0.254085 0.531241 -0.033259 -0.846568 
-0.966167 -0.179101 0.185592 0.825457 -0.262186 0.499878 0.114642 0.405336 -0.906951 0.592774 0.695744 0.405659 0.966987 0.019359 -0.254090 0.531245 -0.033257 -0.846565 
-0.966163 -0.179113 0.185601 0.825465 -0.262153 0.499884 0.114649 0.405342 -0.906947 0.592773 0.695741 0.405667 0.966980 0.019360 -0.254116 0.531247 -0.033255 -0.846564 
-0.966157 -0.179125 0.185618 0.825475 -0.262109 0.499890 0.114654 0.405347 -0.906944 0.592771 0.695738 0.405674 0.966969 0.019362 -0.254158 0.531246 -0.033263 -0.846565 
-0.966150 -0.179137 0.185643 0.825488 -0.262059 0.499895 0.114659 0.405353 -0.906941 0.592770 0.695735 0.405682 0.966954 0.019364 -0.254215 0.531240 -0.033283 -0.846567 
-0.966144 -0.179149 0.185667 0.825501 -0.262009 0.499900 0.114663 0.405355 -0.906940 0.592769 0.695733 0.405686 0.966940 0.019365 -0.254267 0.531235 -0.033302 -0.846570 
-0.966137 -0.179160 0.185690 0.825513 -0.261963 0.499905 0.114668 0.405359 -0.906937 0.592767 0.695731 0.405692 0.966927 0.019367 -0.254317 0.531230 -0.033318 -0.846572 
-0.966131 -0.179170 0.185710 0.825523 -0.261921 0.499909 0.114672 0.405361 -0.906936 0.592766 0.695730 0.405695 0.966916 0.019368 -0.254360 0.531226 -0.033333 -0.846574 
-0.966126 -0.179180 0.185730 0.825534 -0.261879 0.499913 0.114675 0.405363 -0.906934 0.592765 0.695728 0.405700 0.966904 0.019369 -0.254405 0.531221 -0.033348 -0.846577 
-0.966120 -0.179191 0.185751 0.825546 -0.261835 0.499917 0.114679 0.405366 -0.906933 0.592764 0.695726 0.405704 0.966892 0.019371 -0.254451 0.531217 -0.033363 -0.846579 
-0.966113 -0.179201 0.185774 0.825557 -0.261790 0.499921 0.114682 0.405368 -0.906931 0.592763 0.695725 0.405708 0.966879 0.019372 -0.254499 0.531211 -0.033380 -0.846582 
-0.966107 -0.179212 0.185796 0.825569 -0.261745 0.499925 0.114685 0.405369 -0.906931 0.592762 0.695724 0.405710 0.966867 0.019373 -0.254546 0.531205 -0.033397 -0.846585 
-0.966101 -0.179223 0.185819 0.825582 -0.261700 0.499928 0.114688 0.405371 -0.906930 0.592761 0.695723 0.405714 0.966854 0.019374 -0.254594 0.531199 -0.033414 -0.846588 
-0.966094 -0.179234 0.185841 0.825594 -0.261655 0.499932 0.114692 0.405373 -0.906928 0.592760 0.695722 0.405718 0.966841 0.019376 -0.254642 0.531194 -0.033430 -0.846591 
-0.966088 -0.179244 0.185862 0.825605 -0.261613 0.499935 0.114694 0.405375 -0.906927 0.592759 0.695721 0.405721 0.966830 0.019377 -0.254686 0.531188 -0.033445 -0.846593 
-0.966082 -0.179254 0.185883 0.825617 -0.261570 0.499938 0.114698 0.405377 -0.906925 0.592758 0.695720 0.405724 0.966818 0.019379 -0.254732 0.531183 -0.033460 -0.846596 
-0.966076 -0.179265 0.185905 0.825629 -0.261526 0.499942 0.114700 0.405378 -0.906925 0.592757 0.695719 0.405727 0.966806 0.019380 -0.254777 0.531177 -0.033476 -0.846599 
-0.966070 -0.179275 0.185927 0.825641 -0.261482 0.499945 0.114704 0.405380 -0.906923 0.592756 0.695718 0.405730 0.966793 0.019381 -0.254824 0.531171 -0.033492 -0.846602 
-0.966064 -0.179285 0.185949 0.825653 -0.261439 0.499948 0.114706 0.405380 -0.906923 0.592755 0.695717 0.405732 0.966781 0.019382 -0.254869 0.531165 -0.033508 -0.846605 
-0.966060 -0.179287 0.185970 0.825660 -0.261410 0.499950 0.114710 0.405382 -0.906922 0.592754 0.695716 0.405735 0.966770 0.019375 -0.254912 0.531159 -0.033527 -0.846608 
-0.966058 -0.179279 0.185987 0.825662 -0.261403 0.499950 0.114713 0.405384 -0.906920 0.592753 0.695715 0.405739 0.966762 0.019359 -0.254945 0.531155 -0.033546 -0.846611 
-0.966058 -0.179265 0.185998 0.825660 -0.261411 0.499950 0.114715 0.405384 -0.906920 0.592752 0.695715 0.405741 0.966757 0.019341 -0.254966 0.531152 -0.033562 -0.846612 
-0.966059 -0.179252 0.186009 0.825657 -0.261420 0.499950 0.114718 0.405385 -0.906919 0.592751 0.695715 0.405743 0.966752 0.019322 -0.254985 0.531149 -0.033577 -0.846613 
-0.966059 -0.179240 0.186017 0.825661 -0.261400 0.499954 0.114741 0.405362 -0.906927 0.592744 0.695723 0.405740 0.966748 0.019299 -0.255000 0.531142 -0.033611 -0.846616 
-0.966059 -0.179235 0.186025 0.825669 -0.261365 0.499960 0.114765 0.405336 -0.906935 0.592736 0.695732 0.405735 0.966745 0.019280 -0.255016 0.531135 -0.033645 -0.846619 
-0.966060 -0.179229 0.186026 0.825672 -0.261350 0.499962 0.114786 0.405329 -0.906936 0.592731 0.695732 0.405743 0.966743 0.019264 -0.255023 0.531134 -0.033655 -0.846619 
-0.966062 -0.179215 0.186026 0.825666 -0.261369 0.499962 0.114791 0.405329 -0.906935 0.592728 0.695732 0.405746 0.966743 0.019247 -0.255024 0.531134 -0.033664 -0.846619 
-0.966067 -0.179195 0.186020 0.825657 -0.261398 0.499962 0.114800 0.405324 -0.906936 0.592725 0.695734 0.405748 0.966747 0.019225 -0.255012 0.531135 -0.033672 -0.846618 
-0.966070 -0.179180 0.186018 0.825653 -0.261408 0.499963 0.114815 0.405313 -0.906939 0.592719 0.695738 0.405749 0.966749 0.019204 -0.255007 0.531133 -0.033687 -0.846619 
-0.966075 -0.179169 0.186002 0.825656 -0.261390 0.499967 0.114858 0.405286 -0.906946 0.592707 0.695745 0.405756 0.966755 0.019180 -0.254985 0.531130 -0.033708 -0.846620 
-0.966084 -0.179163 0.185962 0.825667 -0.261332 0.499979 0.114938 0.405200 -0.906974 0.592674 0.695781 0.405741 0.966776 0.019151 -0.254908 0.531125 -0.033751 -0.846621 
-0.966091 -0.179161 0.185928 0.825683 -0.261257 0.499992 0.115023 0.405120 -0.906999 0.592650 0.695807 0.405733 0.966792 0.019125 -0.254848 0.531118 -0.033795 -0.846623 
-0.966103 -0.179175 0.185853 0.825693 -0.261168 0.500022 0.115095 0.404947 -0.907067 0.592592 0.695903 0.405652 0.966838 0.019119 -0.254674 0.531127 -0.033842 -0.846616 
-0.966106 -0.179171 0.185842 0.825703 -0.261114 0.500034 0.115141 0.404875 -0.907093 0.592569 0.695937 0.405627 0.966846 0.019098 -0.254644 0.531121 -0.033891 -0.846618 
-0.966111 -0.179180 0.185808 0.825710 -0.261058 0.500052 0.115179 0.404794 -0.907125 0.592537 0.695985 0.405593 0.966866 0.019088 -0.254571 0.531128 -0.033911 -0.846613 
-0.966110 -0.179177 0.185813 0.825723 -0.260994 0.500063 0.115216 0.404728 -0.907150 0.592515 0.696018 0.405567 0.966867 0.019067 -0.254569 0.531117 -0.033972 -0.846617 
-0.966112 -0.179181 0.185798 0.825723 -0.260971 0.500075 0.115223 0.404672 -0.907174 0.592497 0.696054 0.405532 0.966878 0.019068 -0.254526 0.531121 -0.033992 -0.846614 
-0.966124 -0.179198 0.185722 0.825718 -0.260918 0.500112 0.115236 0.404471 -0.907262 0.592439 0.696183 0.405396 0.966933 0.019081 -0.254317 0.531143 -0.034031 -0.846598 
-0.966137 -0.179218 0.185635 0.825721 -0.260833 0.500152 0.115280 0.404249 -0.907355 0.592371 0.696317 0.405264 0.966991 0.019088 -0.254093 0.531162 -0.034080 -0.846585 
-0.966140 -0.179219 0.185619 0.825737 -0.260741 0.500172 0.115338 0.404141 -0.907396 0.592366 0.696350 0.405216 0.967003 0.019067 -0.254050 0.531158 -0.034135 -0.846585 
-0.966137 -0.179224 0.185631 0.825754 -0.260670 0.500182 0.115367 0.404091 -0.907414 0.592349 0.696375 0.405197 0.966999 0.019052 -0.254067 0.531148 -0.034184 -0.846589 
-0.966134 -0.179231 0.185635 0.825763 -0.260619 0.500193 0.115379 0.404049 -0.907431 0.592344 0.696393 0.405173 0.966998 0.019046 -0.254070 0.531149 -0.034205 -0.846588 
-0.966142 -0.179225 0.185600 0.825756 -0.260606 0.500212 0.115392 0.403951 -0.907473 0.592334 0.696440 0.405107 0.967024 0.019039 -0.253974 0.531161 -0.034229 -0.846579 
-0.966153 -0.179232 0.185540 0.825750 -0.260568 0.500241 0.115409 0.403791 -0.907543 0.592297 0.696534 0.405000 0.967066 0.019042 -0.253812 0.531178 -0.034264 -0.846567 
-0.966161 -0.179232 0.185497 0.825754 -0.260515 0.500262 0.115456 0.403670 -0.907590 0.592258 0.696600 0.404942 0.967095 0.019027 -0.253705 0.531181 -0.034308 -0.846563 
-0.966156 -0.179228 0.185528 0.825768 -0.260461 0.500267 0.115477 0.403665 -0.907590 0.592277 0.696582 0.404946 0.967077 0.019007 -0.253774 0.531172 -0.034342 -0.846567 
-0.966149 -0.179239 0.185554 0.825791 -0.260339 0.500292 0.115515 0.403601 -0.907614 0.592287 0.696591 0.404916 0.967063 0.018984 -0.253828 0.531172 -0.034390 -0.846566 
-0.966143 -0.179251 0.185569 0.825807 -0.260252 0.500311 0.115534 0.403541 -0.907638 0.592292 0.696608 0.404881 0.967057 0.018981 -0.253849 0.531169 -0.034435 -0.846566 
-0.966155 -0.179256 0.185506 0.825800 -0.260198 0.500351 0.115552 0.403347 -0.907722 0.592257 0.696714 0.404749 0.967104 0.018982 -0.253673 0.531192 -0.034487 -0.846549 
-0.966168 -0.179273 0.185421 0.825797 -0.260119 0.500397 0.115582 0.403107 -0.907824 0.592191 0.696859 0.404595 0.967164 0.018992 -0.253441 0.531214 -0.034551 -0.846533 
-0.966175 -0.179263 0.185392 0.825804 -0.260072 0.500410 0.115640 0.403009 -0.907861 0.592158 0.696909 0.404558 0.967184 0.018970 -0.253369 0.531206 -0.034616 -0.846535 
-0.966175 -0.179251 0.185406 0.825804 -0.260056 0.500418 0.115651 0.402998 -0.907864 0.592185 0.696890 0.404551 0.967176 0.018953 -0.253399 0.531208 -0.034635 -0.846533 
-0.966172 -0.179242 0.185430 0.825817 -0.259986 0.500433 0.115684 0.402950 -0.907881 0.592191 0.696896 0.404531 0.967165 0.018922 -0.253443 0.531200 -0.034695 -0.846536 
-0.966188 -0.179232 0.185356 0.825839 -0.259870 0.500457 0.115845 0.402804 -0.907925 0.592158 0.696933 0.404517 0.967200 0.018880 -0.253314 0.531191 -0.034777 -0.846538 
-0.966193 -0.179238 0.185325 0.825839 -0.259830 0.500478 0.115860 0.402704 -0.907968 0.592129 0.696994 0.404454 0.967223 0.018882 -0.253227 0.531199 -0.034811 -0.846532 
