0.439903 -0.898045 -0.000963 -0.899918 -0.435980 0.008288 0.897235 0.441476 -0.008283 -0.419768 0.907631 0.000778 
0.439904 -0.898045 -0.000870 -0.899924 -0.435982 0.007507 0.897241 0.441478 -0.007502 -0.419769 0.907631 0.000702 
0.439905 -0.898044 -0.000778 -0.899928 -0.435985 0.006798 0.897245 0.441481 -0.006793 -0.419771 0.907630 0.000627 
0.439964 -0.898015 -0.000648 -0.899892 -0.436039 0.008035 0.897208 0.441535 -0.008031 -0.419830 0.907603 0.000468 
0.439992 -0.897999 -0.002097 -0.899873 -0.436080 0.007898 0.897190 0.441575 -0.007885 -0.419859 0.907587 0.001920 
0.440247 -0.897877 0.000126 -0.899747 -0.436312 0.009364 0.897061 0.441807 -0.009365 -0.420116 0.907470 -0.000335 
0.440092 -0.897953 -0.000502 -0.899833 -0.436167 0.007624 0.897149 0.441663 -0.007621 -0.419959 0.907543 0.000332 
0.440092 -0.897953 -0.000409 -0.899838 -0.436169 0.006901 0.897154 0.441664 -0.006898 -0.419959 0.907543 0.000255 
0.440092 -0.897953 -0.000299 -0.899843 -0.436170 0.006248 0.897158 0.441666 -0.006246 -0.419959 0.907543 0.000160 
0.440203 -0.897898 0.001215 -0.899800 -0.436279 0.004553 0.897115 0.441774 -0.004561 -0.420071 0.907490 -0.001316 
0.440637 -0.897677 0.003744 -0.899576 -0.436681 0.008551 0.896888 0.442175 -0.008574 -0.420510 0.907279 -0.003934 
0.440700 -0.897639 0.005294 -0.899556 -0.436748 0.007133 0.896867 0.442242 -0.007166 -0.420574 0.907242 -0.005452 
0.440699 -0.897627 0.007152 -0.899562 -0.436745 0.006494 0.896874 0.442238 -0.006538 -0.420572 0.907230 -0.007296 
0.438412 -0.898745 0.007242 -0.900672 -0.434456 0.006136 0.897998 0.439957 -0.006180 -0.418261 0.908297 -0.007378 
0.438282 -0.898813 0.006587 -0.900735 -0.434333 0.005595 0.898062 0.439834 -0.005636 -0.418130 0.908362 -0.006711 
0.437590 -0.899154 0.006038 -0.901070 -0.433646 0.004892 0.898401 0.439149 -0.004929 -0.417430 0.908688 -0.006146 
0.439716 -0.898117 0.006023 -0.900037 -0.435763 0.006591 0.897355 0.441259 -0.006628 -0.419578 0.907698 -0.006169 
0.448574 -0.893581 0.017157 -0.895620 -0.444319 0.021112 0.892884 0.449788 -0.021217 -0.428534 0.903354 -0.017625 
0.445353 -0.894756 0.032747 -0.896922 -0.439931 0.044625 0.894206 0.445407 -0.044826 -0.425285 0.904431 -0.033737 
0.431324 -0.901338 0.039371 -0.903407 -0.425000 0.056837 0.900776 0.430516 -0.057079 -0.411113 0.910678 -0.040633 
0.424098 -0.904709 0.040527 -0.906825 -0.417765 0.056033 0.904239 0.423302 -0.056282 -0.403812 0.913888 -0.041770 
0.423177 -0.905381 0.034741 -0.907608 -0.417850 0.040609 0.905027 0.423391 -0.040822 -0.402874 0.914561 -0.035641 
0.423683 -0.905295 0.030544 -0.907585 -0.419072 0.025851 0.905001 0.424612 -0.026038 -0.403380 0.914503 -0.031116 
0.431620 -0.901173 0.039880 -0.903898 -0.426902 0.026889 0.901265 0.432417 -0.027133 -0.411398 0.910557 -0.040474 
-0.903690 -0.423377 0.064002 -0.410947 0.908976 -0.069895 0.431164 -0.899671 0.068478 0.901060 0.428883 -0.064421 
0.904016 0.417719 -0.090912 -0.787375 -0.602782 0.129203 -0.627019 0.779004 -0.000536 0.173072 0.982589 -0.067569 0.423337 -0.902041 0.084304 -0.196839 -0.980259 0.018644 
0.904190 0.415260 -0.100001 -0.786217 -0.605568 0.123088 -0.629276 0.777182 -0.000421 0.181167 0.979316 -0.090107 0.422100 -0.902360 0.087055 -0.206136 -0.976962 0.055251 
0.900647 0.422085 -0.103336 -0.783683 -0.611597 0.108585 -0.634533 0.772881 -0.004807 0.203244 0.974967 -0.090172 0.429206 -0.899196 0.085027 -0.231302 -0.970370 0.069863 
0.900223 0.422499 -0.105324 -0.787987 -0.609679 0.085842 -0.631169 0.775631 -0.004753 0.225454 0.971003 -0.079526 0.429825 -0.898958 0.084410 -0.254288 -0.964367 0.073039 
0.897155 0.428665 -0.106576 -0.789090 -0.611603 0.057263 -0.631481 0.775391 -0.000065 0.234638 0.969925 -0.064729 0.435986 -0.896216 0.081935 -0.262837 -0.962091 0.072779 
0.893814 0.434173 -0.112203 -0.789107 -0.613208 0.035858 -0.632404 0.774638 0.001098 0.249431 0.967137 -0.049308 0.441874 -0.893737 0.077337 -0.277953 -0.957918 0.071664 
0.891175 0.438400 -0.116676 -0.789533 -0.613540 0.014362 -0.632414 0.774630 0.001023 0.265624 0.963543 -0.032092 0.446059 -0.892316 0.069305 -0.294663 -0.953093 0.069190 
0.891728 0.440077 -0.105609 -0.789635 -0.613577 0.000669 -0.632395 0.774643 0.002275 0.274700 0.961340 -0.019109 0.445691 -0.893350 0.057321 -0.304710 -0.950586 0.059485 
0.893803 0.439276 -0.090289 -0.789173 -0.614170 0.000671 -0.632930 0.774118 0.011831 0.275414 0.961221 -0.014206 0.442542 -0.895746 0.042379 -0.306279 -0.950767 0.047288 
0.893266 0.442525 -0.079045 -0.786229 -0.617935 0.000663 -0.636536 0.770984 0.020147 0.274544 0.961531 -0.009148 0.444066 -0.895598 0.026637 -0.306583 -0.951079 0.038145 
0.892340 0.446453 -0.066407 -0.783195 -0.621775 0.000639 -0.640239 0.767782 0.024581 0.272907 0.962032 -0.003879 0.446453 -0.894747 0.010331 -0.306327 -0.951460 0.029797 
0.892676 0.447933 -0.049851 -0.780990 -0.624543 0.000953 -0.642893 0.765455 0.027714 0.269313 0.963052 -0.000941 0.446916 -0.894576 0.000047 -0.304286 -0.952375 0.019803 
0.893723 0.447596 -0.030293 -0.780596 -0.625023 0.004056 -0.643196 0.765009 0.032564 0.258431 0.966029 -0.000616 0.446213 -0.894927 -0.000474 -0.293596 -0.955920 0.004278 
0.894914 0.446110 -0.010747 -0.779384 -0.626469 0.009861 -0.644178 0.763681 0.042728 0.235852 0.971789 0.000132 0.444548 -0.895754 -0.001120 -0.269562 -0.962842 -0.016502 
0.894692 0.446667 -0.003839 -0.775550 -0.631160 0.012609 -0.648212 0.759480 0.054865 0.208195 0.978071 0.005668 0.445081 -0.895485 -0.003165 -0.239736 -0.970249 -0.033813 
0.894862 0.446342 0.000482 -0.770873 -0.636914 0.009747 -0.653379 0.754052 0.067089 0.186343 0.982357 0.015864 0.444751 -0.895608 -0.009106 -0.216344 -0.975049 -0.049752 
0.894859 0.446349 0.000324 -0.770335 -0.637622 -0.004735 -0.654350 0.752237 0.077237 0.182375 0.982596 0.035281 0.444746 -0.895581 -0.011659 -0.211477 -0.975150 -0.066032 
0.894855 0.446357 0.000208 -0.772283 -0.634759 -0.025679 -0.652740 0.752828 0.084742 0.192607 0.979480 0.059337 0.444719 -0.895508 -0.017021 -0.221951 -0.971680 -0.081092 
0.894852 0.446362 0.000113 -0.774916 -0.630051 -0.050404 -0.650246 0.754356 0.090153 0.211167 0.973765 0.084791 0.444659 -0.895377 -0.024038 -0.241693 -0.965782 -0.094077 
0.894851 0.446365 0.000033 -0.777818 -0.624057 -0.074514 -0.647017 0.756618 0.094330 0.231702 0.966725 0.108432 0.444562 -0.895178 -0.031950 -0.263596 -0.958915 -0.104880 
0.894851 0.446366 0.000000 -0.781366 -0.616927 -0.094172 -0.642598 0.759852 0.098453 0.249537 0.959812 0.128421 0.444431 -0.894918 -0.040033 -0.282220 -0.952521 -0.114262 
0.894852 0.446363 0.000001 -0.784082 -0.610919 -0.109514 -0.638993 0.762343 0.102573 0.262187 0.954041 0.145132 0.444269 -0.894598 -0.048165 -0.295374 -0.947485 -0.122581 
0.880488 0.473874 0.013569 -0.790957 -0.599709 -0.121393 -0.630104 0.768729 0.109655 0.266212 0.955776 0.124996 0.472517 -0.880961 -0.025214 -0.292379 -0.950136 -0.108421 
0.871465 0.487996 0.049082 -0.796584 -0.589655 -0.133269 -0.622585 0.773615 0.117927 0.256584 0.962637 0.086575 0.487667 -0.872884 -0.015924 -0.275940 -0.957501 -0.083954 
0.871468 0.483559 0.081936 -0.800023 -0.581858 -0.146301 -0.617743 0.776012 0.127273 0.243778 0.968660 0.047652 0.484592 -0.874631 -0.013811 -0.259668 -0.964059 -0.056234 
0.882387 0.442447 0.160107 -0.804598 -0.572812 -0.156550 -0.611471 0.779062 0.138439 0.209627 0.977777 -0.002875 0.449400 -0.893114 -0.019677 -0.220605 -0.974572 -0.039287 
0.853290 0.486610 0.187368 -0.805503 -0.584434 -0.097986 -0.611688 0.783191 0.111576 0.218834 0.974801 -0.043298 0.500105 -0.865023 -0.040381 -0.225928 -0.973912 -0.021274 
-0.809244 -0.585601 -0.046855 0.748800 0.628354 0.210878 0.649564 -0.758286 -0.055401 -0.241103 -0.970491 -0.004128 -0.606549 0.789832 0.090910 0.258781 0.962638 -0.079756 
0.836765 0.522742 0.162988 -0.790152 -0.612553 -0.020930 -0.631585 0.773739 0.049269 0.281900 0.956902 -0.069795 0.545818 -0.808697 -0.219299 -0.293729 -0.954038 0.059456 
0.884671 0.463646 0.048883 -0.785785 -0.618500 -0.000415 -0.636896 0.770234 0.033210 0.283062 0.957612 -0.053439 0.460775 -0.859783 -0.220137 -0.300821 -0.949921 0.084600 
0.854314 0.511233 -0.093748 -0.789746 -0.613433 -0.001241 -0.631544 0.773739 0.049813 0.273037 0.960902 -0.046026 0.505049 -0.860252 -0.069942 -0.281755 -0.956042 0.081229 
-0.772083 -0.635500 -0.005287 0.759634 0.606571 -0.234580 0.624726 -0.780756 0.011683 -0.277587 -0.956928 0.085053 -0.653547 0.755815 0.040246 0.281545 0.959082 -0.029892 
0.792617 0.577613 -0.195245 -0.763044 -0.645608 -0.030883 -0.664518 0.746446 0.035129 0.295410 0.955345 0.007067 0.586728 -0.809770 -0.004721 -0.299449 -0.953003 0.046007 
0.789353 0.567661 -0.233843 -0.761776 -0.643803 -0.072214 -0.665836 0.743512 0.062069 0.295288 0.955216 0.019157 0.580917 -0.813930 -0.007384 -0.298704 -0.953008 0.050508 
0.792495 0.558904 -0.244086 -0.756161 -0.648159 -0.090060 -0.672196 0.736280 0.077743 0.290020 0.956460 0.032747 0.571863 -0.820226 -0.014209 -0.294845 -0.954571 0.043144 
0.796699 0.554799 -0.239725 -0.752988 -0.648460 -0.111839 -0.675496 0.732075 0.088150 0.287858 0.956216 0.052816 0.565413 -0.824521 -0.021766 -0.294063 -0.955404 0.027003 
0.800483 0.555895 -0.224072 -0.750368 -0.644438 -0.147129 -0.677288 0.729511 0.095364 0.289254 0.953678 0.082645 0.562050 -0.826387 -0.034413 -0.296827 -0.954929 0.002049 
0.804711 0.558855 -0.200305 -0.747544 -0.637278 -0.187230 -0.678190 0.727738 0.102253 0.291133 0.949492 0.117075 0.560476 -0.826864 -0.046504 -0.300379 -0.953380 -0.028978 
0.809306 0.562126 -0.170405 -0.744101 -0.628825 -0.225593 -0.678968 0.726003 0.109191 0.291471 0.944467 0.151746 0.559659 -0.826649 -0.058592 -0.302592 -0.951076 -0.062386 
0.813649 0.565175 -0.136212 -0.739566 -0.621214 -0.259104 -0.680499 0.723803 0.114149 0.289715 0.939221 0.184197 0.559507 -0.825763 -0.071188 -0.302830 -0.948269 -0.095289 
0.816538 0.568861 -0.098299 -0.734179 -0.614570 -0.288591 -0.682643 0.721281 0.117273 0.285464 0.934062 0.214565 0.561416 -0.823335 -0.083258 -0.300432 -0.945231 -0.127593 
0.817104 0.573659 -0.057071 -0.727482 -0.608626 -0.316773 -0.685770 0.717932 0.119559 0.278050 0.929039 0.244079 0.566269 -0.818927 -0.093264 -0.294634 -0.942078 -0.160251 
0.815142 0.579125 -0.012551 -0.719526 -0.603276 -0.344007 -0.689776 0.713852 0.120933 0.267554 0.924143 0.272718 0.573816 -0.812875 -0.099850 -0.285455 -0.938692 -0.193323 
0.813978 0.580847 0.007563 -0.707203 -0.601199 -0.372054 -0.697031 0.707404 0.117166 0.254588 0.919674 0.298973 0.576863 -0.810058 -0.105049 -0.274840 -0.936580 -0.217441 
0.812703 0.582206 0.023438 -0.691884 -0.597586 -0.405201 -0.705310 0.699869 0.112784 0.241593 0.914210 0.325351 0.579579 -0.807705 -0.108167 -0.264762 -0.933962 -0.240033 
0.811219 0.583331 0.040608 -0.712174 0.693316 0.110090 0.229302 0.907794 0.351185 0.582529 -0.805607 -0.107971 -0.676577 -0.590396 -0.440087 -0.255296 -0.930446 -0.262856 
0.810065 0.583487 0.057768 -0.718342 0.687817 0.104365 0.217855 0.900851 0.375508 0.584698 -0.804195 -0.106764 -0.659851 -0.582051 -0.475198 -0.247122 -0.926494 -0.283795 
0.809505 0.582355 0.074598 -0.723768 0.683395 0.095555 0.206834 0.893919 0.397654 0.585685 -0.803734 -0.104807 -0.641895 -0.573431 -0.509066 -0.239838 -0.922524 -0.302370 
0.809198 0.580456 0.090931 -0.728848 0.679407 0.084775 0.195321 0.887016 0.418392 0.585945 -0.803912 -0.101953 -0.622255 -0.564444 -0.542404 -0.232498 -0.918646 -0.319429 
0.808834 0.578216 0.107019 -0.733727 0.675616 0.072024 0.182822 0.880079 0.438221 0.585875 -0.804454 -0.098003 -0.600382 -0.555032 -0.575743 -0.224657 -0.914869 -0.335476 
0.808385 0.575616 0.123211 -0.738395 0.671966 0.056863 0.169051 0.873045 0.457399 0.585449 -0.805369 -0.092900 -0.575708 -0.545255 -0.609309 -0.216152 -0.911165 -0.350796 
0.806175 0.579208 0.120834 -0.626891 -0.671731 -0.394697 -0.735651 0.675995 -0.043003 0.143345 0.877671 0.457325 0.587749 -0.805640 -0.074123 -0.179291 -0.899458 -0.398534 
0.803147 0.583183 0.121868 -0.768356 0.638752 -0.040306 0.122061 0.871155 0.475594 -0.609698 -0.717054 -0.337789 0.590765 -0.804894 -0.056059 -0.156561 -0.883208 -0.442077 
0.797338 0.591094 0.121906 -0.767670 0.640102 -0.030877 0.113265 0.856803 0.503051 -0.612349 -0.713249 -0.341035 0.596742 -0.801899 -0.029269 -0.145533 -0.867784 -0.475154 
0.795719 0.592661 0.124840 -0.615591 -0.709960 -0.342060 -0.763480 0.644892 -0.034838 0.103440 0.847030 0.521382 0.596313 -0.802742 -0.004046 -0.134430 -0.856962 -0.497539 
0.793693 0.594740 0.127813 -0.625043 -0.709184 -0.326158 -0.757291 0.651858 -0.039882 0.094020 0.840961 0.532864 0.596986 -0.802166 0.011700 -0.122668 -0.848827 -0.514243 
0.799014 0.586284 0.133593 -0.625186 -0.714045 -0.315090 -0.757069 0.651390 -0.050373 0.076500 0.838131 0.540078 0.588145 -0.808564 0.017600 -0.104807 -0.843177 -0.527322 
0.803998 0.577075 0.143428 -0.628034 -0.712608 -0.312670 -0.754371 0.654310 -0.052949 0.057457 0.832568 0.550935 0.578811 -0.815142 0.022830 -0.084409 -0.834970 -0.543783 
0.813296 0.560247 0.157075 -0.614764 -0.708298 -0.346957 -0.761487 0.646900 -0.040707 0.039550 0.822043 0.568050 0.562853 -0.826275 0.021586 -0.068508 -0.823370 -0.563354 
0.825551 0.536000 0.176549 -0.593880 -0.707169 -0.383690 -0.770785 0.635749 -0.041408 0.016585 0.803771 0.594708 0.541101 -0.840862 0.012661 -0.049009 -0.802613 -0.594484 
0.838382 0.503427 0.208989 -0.568640 -0.719283 -0.399100 -0.787286 0.614822 -0.046624 -0.031207 0.795492 0.605160 0.513231 -0.858251 0.000104 0.001040 -0.784274 -0.620414 
0.845753 0.459385 0.271417 -0.550420 -0.740226 -0.386139 -0.804470 0.591869 -0.050192 -0.096606 0.803882 0.586891 0.476728 -0.879041 -0.004187 0.080126 -0.768980 -0.634231 
0.838136 0.439432 0.323151 -0.533106 -0.771048 -0.348257 -0.819488 0.568414 -0.073107 -0.166610 0.823745 0.541927 0.462485 -0.886627 0.000700 0.166992 -0.768128 -0.618137 
0.825013 0.435068 0.360652 -0.500938 -0.809200 -0.307012 -0.838100 0.533065 -0.115892 -0.243545 0.854941 0.457998 0.457474 -0.888975 0.021023 0.262144 -0.788168 -0.556841 
0.802434 0.460835 0.379118 -0.522802 -0.821718 -0.226840 -0.836432 0.535324 -0.117514 -0.303503 0.883706 0.356301 0.464548 -0.881583 0.083705 0.345132 -0.802339 -0.486966 
-0.551712 -0.799466 -0.237632 0.776505 0.495114 0.389746 0.474517 -0.867094 0.151597 0.415392 -0.799475 -0.433922 -0.813161 0.568358 -0.125455 -0.360073 0.881887 0.304340 
-0.581925 -0.779313 -0.232454 0.512604 -0.818552 -0.259248 0.747608 0.538756 0.388362 -0.782428 0.601490 -0.161295 -0.435680 0.859000 0.268890 
-0.570420 -0.804142 -0.167263 0.595646 -0.773999 -0.214784 0.725082 0.577863 0.374607 -0.759012 0.572849 -0.309428 -0.471610 0.828729 -0.301318 -0.515354 0.752482 0.410098 
-0.544597 -0.824427 -0.154057 0.669688 -0.724707 -0.162229 0.682823 0.630273 0.369471 -0.776216 0.543329 -0.319816 -0.473380 0.785128 -0.399356 -0.611037 0.695359 0.378299 
-0.554496 -0.830912 -0.046046 0.640883 0.674064 0.367297 0.745064 -0.657698 -0.110965 -0.489685 0.746631 -0.450278 -0.774353 0.508653 -0.376364 -0.715796 0.626436 0.308568 
-0.533081 -0.843099 0.070778 0.608822 0.704094 0.365497 0.799494 -0.594952 -0.082715 -0.508291 0.719415 -0.473373 -0.805762 0.448462 -0.386819 -0.796418 0.566746 0.210992 
0.584797 0.727422 0.358984 -0.512533 -0.848862 0.129397 0.817836 -0.572086 -0.062142 -0.520020 0.695698 -0.495564 -0.821388 0.406631 -0.399967 -0.819628 0.550740 0.157779 
0.569487 0.743353 0.350871 -0.495784 -0.851837 0.169033 0.829936 -0.556019 -0.045270 -0.527127 0.678008 -0.512291 -0.831682 0.374453 -0.409988 -0.834369 0.538022 0.119835 
-0.221261 -0.943060 0.248359 0.579357 0.741344 0.338754 0.826041 -0.562664 -0.032648 -0.939401 0.109320 -0.324922 -0.533304 0.679476 -0.503884 -0.803671 0.594905 0.014140 
0.001692 -0.936457 0.350779 0.610225 0.713651 0.343988 0.832400 -0.553836 -0.019380 -0.956091 -0.126453 -0.264384 -0.531448 0.710483 -0.461278 -0.816103 0.573387 -0.072140 
-0.044113 -0.960656 0.274215 0.616333 0.679644 0.397765 0.835338 -0.549402 -0.019159 -0.944180 -0.073362 -0.321157 -0.559903 0.749663 -0.352866 -0.811649 0.578497 -0.081042 
-0.136303 -0.961214 0.239770 0.601150 0.658306 0.453048 0.836216 -0.547248 -0.035519 -0.849571 -0.035831 -0.526255 -0.613046 0.755467 -0.231180 -0.796776 0.600659 -0.066010 
-0.266370 -0.926334 0.266369 0.571045 0.663396 0.483543 0.858835 -0.508135 -0.064808 -0.745122 -0.003486 -0.666919 -0.671294 0.725318 -0.152569 -0.801942 0.592523 -0.076194 
0.913397 -0.393960 -0.102475 0.544485 0.666543 0.509173 -0.391658 -0.867118 0.307752 -0.733068 0.063005 -0.677231 -0.714199 0.693254 -0.096534 -0.885485 0.436825 -0.158431 
-0.494357 -0.781777 0.380048 0.966488 -0.197093 -0.164483 0.518631 0.663869 0.538795 -0.760146 0.649320 -0.023697 -0.871763 0.021239 -0.489468 
-0.800903 0.596856 0.048146 0.498708 0.664631 0.556377 -0.608263 -0.644926 0.462694 -0.759302 -0.363049 -0.540052 0.715721 -0.190192 0.671990 0.804884 0.129123 -0.579215 
-0.718665 -0.690459 -0.082382 -0.832999 0.543827 0.101811 0.477687 0.669418 0.568942 0.678155 -0.233942 0.696691 0.723472 0.378701 -0.577213 
-0.859161 0.501699 0.100700 -0.669720 -0.742086 -0.028001 0.443851 0.694357 0.566449 0.508446 0.668477 -0.542790 0.611001 -0.217853 0.761063 0.787089 0.234768 -0.570416 
-0.863472 0.500949 0.058880 -0.661656 -0.749793 0.004651 0.430275 0.726749 0.535443 0.529851 0.632916 -0.564513 0.621855 -0.157518 0.767128 0.775687 0.232509 -0.586728 
-0.875403 0.483090 0.017146 -0.645700 -0.763546 0.008253 0.397255 0.750942 0.527518 0.528539 0.624390 -0.575138 0.595109 -0.124637 0.793921 0.792956 0.231721 -0.563494 
-0.883062 0.468797 -0.020738 -0.632190 -0.774813 -0.000233 0.368795 0.769104 0.521985 0.533180 0.622273 -0.573145 0.565588 -0.099107 0.818711 0.810493 0.234235 -0.536875 
-0.889205 0.452319 -0.068719 -0.619243 -0.785086 -0.013354 0.332553 0.786106 0.521004 0.551635 0.621029 -0.556797 0.532373 -0.074536 0.843222 0.828248 0.238684 -0.506986 
-0.893432 0.432987 -0.119591 -0.603646 -0.796765 -0.027888 0.292210 0.802287 0.520527 0.569866 0.622214 -0.536752 0.495976 -0.048875 0.866959 0.845069 0.246203 -0.474597 
-0.894540 0.412408 -0.172387 -0.586546 -0.808758 -0.043291 0.250104 0.817612 0.518612 0.587146 0.624045 -0.515584 0.455164 -0.023617 0.890094 0.861619 0.255212 -0.438724 
-0.893295 0.392120 -0.219695 -0.570383 -0.819025 -0.062137 0.210403 0.830049 0.516477 0.596864 0.631007 -0.495564 0.411606 -0.021227 0.911115 0.879106 0.265641 -0.395737 
-0.895229 0.381535 -0.230209 -0.552269 -0.830148 -0.076508 0.194165 0.832109 0.519513 0.578206 0.639241 -0.506999 0.389738 -0.031117 0.920400 0.883701 0.287683 -0.369203 
-0.896858 0.376810 -0.231645 -0.542795 -0.835807 -0.082470 0.187661 0.831724 0.522512 0.570077 0.643384 -0.510949 0.385288 -0.030125 0.922305 0.881918 0.300355 -0.363329 
-0.896108 0.375436 -0.236724 -0.541579 -0.836323 -0.085182 0.184514 0.833187 0.521301 0.572711 0.644549 -0.506515 0.382543 -0.032070 0.923381 0.882752 0.301981 -0.359939 
-0.893444 0.379627 -0.240086 -0.543555 -0.834749 -0.087992 0.186945 0.832838 0.520992 0.578582 0.641003 -0.504339 0.382162 -0.032494 0.923524 0.882733 0.302743 -0.359346 
-0.891925 0.384899 -0.237325 -0.546969 -0.832666 -0.086558 0.193123 0.831348 0.521117 0.581711 0.636957 -0.505863 0.386731 -0.029459 0.921722 0.881077 0.301062 -0.364781 
-0.891475 0.389627 -0.231220 -0.550375 -0.830984 -0.080952 0.201469 0.830702 0.518984 0.579210 0.631391 -0.515617 0.392382 -0.026131 0.919431 0.879344 0.297839 -0.371546 
-0.891325 0.394300 -0.223757 -0.553823 -0.829372 -0.073635 0.210773 0.830276 0.515962 0.574961 0.624818 -0.528226 0.398846 -0.022127 0.916751 0.877228 0.294284 -0.379298 
-0.891275 0.399098 -0.215289 -0.557609 -0.827540 -0.065185 0.220805 0.829835 0.512463 0.569934 0.617851 -0.541697 0.406107 -0.017925 0.913650 0.874851 0.290068 -0.387938 
-0.890350 0.403736 -0.210412 -0.560077 -0.826125 -0.061893 0.227663 0.828387 0.511805 0.569043 0.613642 -0.547388 0.411587 -0.014264 0.911259 0.872449 0.288697 -0.394319 
-0.889308 0.407179 -0.208176 -0.564232 -0.823497 -0.059121 0.232565 0.827938 0.510326 0.571711 0.611339 -0.547185 0.415109 -0.013639 0.909669 0.872233 0.283472 -0.398563 
-0.888262 0.409969 -0.207162 -0.567397 -0.821471 -0.056982 0.236187 0.827673 0.509091 0.574285 0.608942 -0.547162 0.417837 -0.013096 0.908428 0.871896 0.279929 -0.401793 
-0.887081 0.412438 -0.207323 -0.569920 -0.819763 -0.056392 0.238676 0.827308 0.508523 0.576376 0.607099 -0.547011 0.418367 -0.013983 0.908171 0.872482 0.277137 -0.402455 
-0.886119 0.414112 -0.208096 -0.572381 -0.818078 -0.055930 0.240218 0.827300 0.507808 0.579164 0.606055 -0.545221 0.418586 -0.015341 0.908048 0.873316 0.274078 -0.402741 
-0.885209 0.415668 -0.208867 -0.574454 -0.816652 -0.055510 0.241715 0.827382 0.506965 0.581298 0.604871 -0.544264 0.418556 -0.016538 0.908040 0.874108 0.271502 -0.402767 
-0.885875 0.416447 -0.204444 -0.577736 -0.814525 -0.052642 0.245610 0.827836 0.504344 0.582149 0.603606 -0.544759 0.416875 -0.017096 0.908803 0.876059 0.266864 -0.401627 
-0.886730 0.416101 -0.201420 -0.580083 -0.813004 -0.050286 0.247329 0.828272 0.502786 0.582587 0.603099 -0.544852 0.413905 -0.017488 0.910152 0.878430 0.262652 -0.399218 
-0.887442 0.415939 -0.198597 -0.582838 -0.811187 -0.047693 0.249287 0.828859 0.500848 0.583533 0.602296 -0.544728 0.410328 -0.018033 0.911760 0.881181 0.257899 -0.396243 
-0.888045 0.415264 -0.197311 -0.584911 -0.809806 -0.045757 0.249756 0.829446 0.499641 0.584389 0.601386 -0.544817 0.405791 -0.018605 0.913777 0.884146 0.253854 -0.392230 
-0.887769 0.414542 -0.200051 -0.586211 -0.808894 -0.045246 0.247721 0.829842 0.499996 0.586135 0.601182 -0.543163 0.400900 -0.019678 0.915911 0.887100 0.250542 -0.387661 
-0.887307 0.413514 -0.204187 -0.586797 -0.808423 -0.046053 0.244440 0.830140 0.501116 0.588206 0.600277 -0.541924 0.395671 -0.021280 0.918146 0.889811 0.248960 -0.382433 
-0.886870 0.412565 -0.207969 -0.587260 -0.808052 -0.046663 0.241436 0.830423 0.502102 0.589882 0.598854 -0.541676 0.390486 -0.022487 0.920334 0.892347 0.247727 -0.377290 
-0.886646 0.411648 -0.210725 -0.587546 -0.807806 -0.047329 0.239058 0.830716 0.502755 0.591330 0.598672 -0.540297 0.387183 -0.023714 0.921698 0.894037 0.246710 -0.373941 
-0.886788 0.410649 -0.212070 -0.587157 -0.808071 -0.047620 0.237365 0.830990 0.503103 0.591378 0.599038 -0.539838 0.385351 -0.024087 0.922456 0.894848 0.246553 -0.372101 
-0.886793 0.410673 -0.212005 -0.587158 -0.808071 -0.047608 0.237420 0.830979 0.503096 0.591362 0.599084 -0.539804 0.385458 -0.024061 0.922412 0.894802 0.246553 -0.372210 
-0.886824 0.410929 -0.211376 -0.587123 -0.808110 -0.047385 0.238013 0.830907 0.502935 0.591007 0.598968 -0.540322 0.386143 -0.023703 0.922134 0.894445 0.246765 -0.372928 
-0.886921 0.411172 -0.210498 -0.586965 -0.808241 -0.047105 0.238768 0.830873 0.502634 0.590450 0.598953 -0.540947 0.387167 -0.023235 0.921717 0.893892 0.247188 -0.373973 
-0.887063 0.411436 -0.209377 -0.586709 -0.808448 -0.046732 0.239697 0.830849 0.502230 0.589660 0.598840 -0.541933 0.388387 -0.022588 0.921219 0.893193 0.247819 -0.375222 
-0.887248 0.411755 -0.207965 -0.586433 -0.808672 -0.046318 0.240834 0.830805 0.501759 0.588766 0.598839 -0.542905 0.389981 -0.021870 0.920563 0.892319 0.248511 -0.376842 
-0.887444 0.412140 -0.206356 -0.586193 -0.808870 -0.045905 0.242141 0.830738 0.501241 0.587888 0.599046 -0.543628 0.391917 -0.021174 0.919757 0.891311 0.249155 -0.378796 
-0.887596 0.412672 -0.204633 -0.586055 -0.808996 -0.045439 0.243709 0.830696 0.500550 0.587080 0.599334 -0.544184 0.393993 -0.020540 0.918884 0.890264 0.249720 -0.380880 
-0.887707 0.413241 -0.202995 -0.585974 -0.809081 -0.044968 0.245296 0.830676 0.499807 0.586354 0.599595 -0.544678 0.395935 -0.019973 0.918061 0.889288 0.250221 -0.382826 
-0.887793 0.413728 -0.201624 -0.585909 -0.809150 -0.044568 0.246652 0.830677 0.499137 0.585751 0.599828 -0.545071 0.397553 -0.019514 0.917372 0.888469 0.250650 -0.384444 
-0.887865 0.414051 -0.200641 -0.585836 -0.809218 -0.044288 0.247618 0.830704 0.498615 0.585305 0.600036 -0.545320 0.398720 -0.019204 0.916872 0.887870 0.250995 -0.385601 
-0.887930 0.414194 -0.200059 -0.585779 -0.809268 -0.044141 0.248147 0.830736 0.498298 0.585073 0.600186 -0.545405 0.399415 -0.019046 0.916572 0.887508 0.251229 -0.386281 
-0.887964 0.414220 -0.199855 -0.585734 -0.809303 -0.044097 0.248310 0.830755 0.498185 0.584963 0.600249 -0.545453 0.399646 -0.018989 0.916473 0.887381 0.251336 -0.386504 
-0.887964 0.414219 -0.199855 -0.585732 -0.809304 -0.044100 0.248309 0.830754 0.498187 0.584962 0.600251 -0.545451 0.399645 -0.018991 0.916473 0.887381 0.251339 -0.386502 
-0.887964 0.414220 -0.199856 -0.585732 -0.809304 -0.044103 0.248308 0.830753 0.498190 0.584964 0.600253 -0.545449 0.399643 -0.018993 0.916474 0.887382 0.251339 -0.386500 
-0.887964 0.414220 -0.199856 -0.585732 -0.809304 -0.044106 0.248306 0.830752 0.498192 0.584965 0.600254 -0.545446 0.399642 -0.018995 0.916475 0.887382 0.251340 -0.386498 
-0.887963 0.414220 -0.199857 -0.585732 -0.809303 -0.044108 0.248305 0.830751 0.498194 0.584966 0.600255 -0.545444 0.399640 -0.018996 0.916475 0.887383 0.251340 -0.386496 
-0.887963 0.414220 -0.199858 -0.585732 -0.809303 -0.044111 0.248305 0.830750 0.498196 0.584967 0.600256 -0.545442 0.399639 -0.018998 0.916476 0.887384 0.251341 -0.386495 
-0.887963 0.414220 -0.199858 -0.585732 -0.809303 -0.044112 0.248304 0.830749 0.498198 0.584968 0.600257 -0.545439 0.399638 -0.018999 0.916476 0.887384 0.251341 -0.386493 
-0.887963 0.414220 -0.199859 -0.585732 -0.809303 -0.044114 0.248303 0.830749 0.498199 0.584968 0.600258 -0.545438 0.399636 -0.019000 0.916477 0.887385 0.251342 -0.386492 
-0.887963 0.414220 -0.199859 -0.585732 -0.809303 -0.044116 0.248302 0.830748 0.498201 0.584969 0.600259 -0.545436 0.399636 -0.019002 0.916477 0.887385 0.251342 -0.386491 
-0.887963 0.414220 -0.199859 -0.585732 -0.809303 -0.044117 0.248301 0.830747 0.498202 0.584970 0.600260 -0.545434 0.399635 -0.019002 0.916478 0.887385 0.251343 -0.386489 
-0.887962 0.414221 -0.199860 -0.585732 -0.809303 -0.044119 0.248301 0.830747 0.498203 0.584970 0.600261 -0.545433 0.399634 -0.019004 0.916478 0.887386 0.251343 -0.386488 
-0.887962 0.414220 -0.199860 -0.585732 -0.809303 -0.044120 0.248300 0.830746 0.498204 0.584971 0.600261 -0.545431 0.399633 -0.019004 0.916478 0.887386 0.251343 -0.386488 
-0.887962 0.414221 -0.199860 -0.585732 -0.809303 -0.044121 0.248299 0.830746 0.498206 0.584972 0.600262 -0.545430 0.399632 -0.019005 0.916478 0.887386 0.251343 -0.386487 
-0.887962 0.414220 -0.199861 -0.585732 -0.809303 -0.044122 0.248299 0.830745 0.498207 0.584972 0.600262 -0.545429 0.399632 -0.019006 0.916479 0.887387 0.251344 -0.386486 
-0.887962 0.414220 -0.199861 -0.585732 -0.809303 -0.044123 0.248298 0.830745 0.498207 0.584972 0.600263 -0.545428 0.399631 -0.019006 0.916479 0.887387 0.251344 -0.386485 
-0.887962 0.414220 -0.199861 -0.585732 -0.809303 -0.044124 0.248298 0.830745 0.498208 0.584973 0.600263 -0.545427 0.399631 -0.019007 0.916479 0.887387 0.251344 -0.386485 
-0.887962 0.414220 -0.199861 -0.585732 -0.809303 -0.044124 0.248297 0.830744 0.498209 0.584973 0.600264 -0.545426 0.399630 -0.019007 0.916479 0.887387 0.251344 -0.386484 
-0.887962 0.414221 -0.199862 -0.585732 -0.809303 -0.044125 0.248297 0.830744 0.498210 0.584974 0.600264 -0.545425 0.399630 -0.019008 0.916479 0.887387 0.251344 -0.386484 
-0.887962 0.414220 -0.199862 -0.585732 -0.809303 -0.044126 0.248296 0.830744 0.498210 0.584974 0.600265 -0.545424 0.399630 -0.019008 0.916480 0.887388 0.251344 -0.386483 
-0.887962 0.414220 -0.199862 -0.585732 -0.809303 -0.044126 0.248296 0.830744 0.498211 0.584974 0.600265 -0.545423 0.399629 -0.019009 0.916480 0.887388 0.251345 -0.386483 
-0.887962 0.414220 -0.199862 -0.585732 -0.809303 -0.044127 0.248296 0.830743 0.498212 0.584975 0.600266 -0.545422 0.399629 -0.019009 0.916480 0.887388 0.251345 -0.386482 
-0.887962 0.414220 -0.199862 -0.585732 -0.809303 -0.044127 0.248295 0.830743 0.498212 0.584975 0.600266 -0.545422 0.399629 -0.019010 0.916480 0.887388 0.251345 -0.386482 
-0.887962 0.414220 -0.199863 -0.585732 -0.809303 -0.044128 0.248295 0.830743 0.498213 0.584975 0.600266 -0.545421 0.399629 -0.019010 0.916480 0.887388 0.251345 -0.386482 
-0.887962 0.414220 -0.199863 -0.585732 -0.809303 -0.044128 0.248295 0.830743 0.498213 0.584976 0.600267 -0.545420 0.399628 -0.019010 0.916480 0.887388 0.251345 -0.386481 
-0.887962 0.414220 -0.199863 -0.585732 -0.809303 -0.044129 0.248294 0.830743 0.498214 0.584976 0.600267 -0.545420 0.399628 -0.019010 0.916480 0.887388 0.251345 -0.386481 
-0.887962 0.414220 -0.199863 -0.585732 -0.809303 -0.044129 0.248294 0.830742 0.498214 0.584976 0.600267 -0.545419 0.399628 -0.019010 0.916480 0.887388 0.251345 -0.386481 
-0.887962 0.414220 -0.199863 -0.585732 -0.809303 -0.044129 0.248294 0.830742 0.498214 0.584976 0.600268 -0.545418 0.399628 -0.019011 0.916480 0.887388 0.251345 -0.386481 
-0.887962 0.414220 -0.199863 -0.585732 -0.809303 -0.044130 0.248293 0.830742 0.498215 0.584977 0.600268 -0.545418 0.399628 -0.019011 0.916480 0.887388 0.251345 -0.386481 
-0.887962 0.414219 -0.199863 -0.585732 -0.809303 -0.044130 0.248293 0.830742 0.498215 0.584977 0.600268 -0.545417 0.399628 -0.019011 0.916480 0.887388 0.251345 -0.386481 
-0.887962 0.414219 -0.199863 -0.585732 -0.809303 -0.044130 0.248293 0.830742 0.498215 0.584977 0.600269 -0.545416 0.399628 -0.019011 0.916480 0.887388 0.251345 -0.386481 
-0.887962 0.414219 -0.199863 -0.585732 -0.809303 -0.044130 0.248293 0.830742 0.498216 0.584978 0.600269 -0.545416 0.399628 -0.019011 0.916480 0.887388 0.251345 -0.386481 
-0.887962 0.414220 -0.199863 -0.585732 -0.809302 -0.044131 0.248293 0.830742 0.498216 0.584978 0.600269 -0.545415 0.399629 -0.019011 0.916480 0.887388 0.251345 -0.386481 
-0.887962 0.414220 -0.199863 -0.585732 -0.809302 -0.044131 0.248293 0.830741 0.498216 0.584978 0.600270 -0.545414 0.399629 -0.019011 0.916480 0.887388 0.251345 -0.386482 
-0.887962 0.414219 -0.199862 -0.585732 -0.809302 -0.044131 0.248293 0.830741 0.498217 0.584978 0.600270 -0.545414 0.399629 -0.019011 0.916480 0.887388 0.251345 -0.386482 
-0.887963 0.414219 -0.199862 -0.585732 -0.809302 -0.044131 0.248293 0.830741 0.498217 0.584979 0.600271 -0.545412 0.399630 -0.019011 0.916479 0.887388 0.251345 -0.386483 
-0.887963 0.414220 -0.199861 -0.585732 -0.809302 -0.044131 0.248293 0.830741 0.498217 0.584979 0.600272 -0.545411 0.399631 -0.019011 0.916479 0.887387 0.251344 -0.386484 
-0.887963 0.414220 -0.199860 -0.585733 -0.809302 -0.044132 0.248294 0.830740 0.498217 0.584979 0.600273 -0.545409 0.399633 -0.019012 0.916478 0.887387 0.251344 -0.386486 
-0.887963 0.414220 -0.199858 -0.585733 -0.809302 -0.044132 0.248294 0.830740 0.498218 0.584980 0.600275 -0.545407 0.399635 -0.019012 0.916477 0.887386 0.251343 -0.386488 
-0.887964 0.414222 -0.199848 -0.585736 -0.809300 -0.044133 0.248300 0.830738 0.498218 0.584982 0.600284 -0.545395 0.399649 -0.019013 0.916471 0.887381 0.251339 -0.386502 
-0.887967 0.414227 -0.199829 -0.585742 -0.809295 -0.044134 0.248313 0.830733 0.498220 0.584987 0.600300 -0.545371 0.399678 -0.019016 0.916458 0.887371 0.251330 -0.386530 
-0.887969 0.414232 -0.199808 -0.585748 -0.809291 -0.044135 0.248326 0.830729 0.498221 0.584992 0.600318 -0.545347 0.399707 -0.019019 0.916446 0.887361 0.251321 -0.386559 
-0.887971 0.414235 -0.199792 -0.585752 -0.809287 -0.044136 0.248336 0.830725 0.498222 0.584995 0.600332 -0.545328 0.399730 -0.019021 0.916436 0.887354 0.251313 -0.386581 
-0.887972 0.414237 -0.199782 -0.585755 -0.809285 -0.044137 0.248342 0.830723 0.498223 0.584997 0.600340 -0.545317 0.399743 -0.019023 0.916430 0.887349 0.251309 -0.386594 
-0.887973 0.414240 -0.199770 -0.585759 -0.809283 -0.044138 0.248349 0.830720 0.498224 0.585000 0.600350 -0.545302 0.399761 -0.019024 0.916422 0.887343 0.251304 -0.386611 
-0.887975 0.414244 -0.199755 -0.585763 -0.809280 -0.044139 0.248359 0.830716 0.498225 0.585004 0.600362 -0.545285 0.399782 -0.019026 0.916413 0.887336 0.251297 -0.386632 
-0.887977 0.414248 -0.199739 -0.585768 -0.809276 -0.044140 0.248369 0.830713 0.498226 0.585008 0.600376 -0.545266 0.399805 -0.019029 0.916403 0.887328 0.251290 -0.386655 
-0.887979 0.414251 -0.199723 -0.585773 -0.809273 -0.044141 0.248379 0.830709 0.498227 0.585011 0.600389 -0.545247 0.399828 -0.019031 0.916393 0.887320 0.251283 -0.386677 
-0.887981 0.414255 -0.199706 -0.585777 -0.809269 -0.044142 0.248389 0.830705 0.498228 0.585015 0.600403 -0.545228 0.399851 -0.019033 0.916383 0.887313 0.251276 -0.386700 
-0.887983 0.414259 -0.199690 -0.585782 -0.809266 -0.044143 0.248399 0.830702 0.498229 0.585019 0.600416 -0.545209 0.399874 -0.019036 0.916373 0.887305 0.251269 -0.386722 
-0.887986 0.414262 -0.199671 -0.585786 -0.809263 -0.044144 0.248410 0.830698 0.498230 0.585021 0.600431 -0.545190 0.399899 -0.019038 0.916361 0.887295 0.251264 -0.386747 
-0.887990 0.414262 -0.199651 -0.585787 -0.809262 -0.044146 0.248420 0.830696 0.498229 0.585021 0.600447 -0.545173 0.399925 -0.019039 0.916350 0.887285 0.251262 -0.386772 
