0.385139 -0.922174 0.035529 0.921062 0.389417 0.000496 -0.923425 -0.383779 -0.000714 -0.405620 0.913351 -0.035534 
0.384417 -0.922357 0.038470 0.921305 0.388829 0.003090 -0.923663 -0.383191 -0.003326 -0.404904 0.913547 -0.038533 
0.384470 -0.922480 0.034832 0.921314 0.388810 0.002794 -0.923672 -0.383171 -0.003007 -0.404956 0.913670 -0.034889 
0.384354 -0.922603 0.032788 0.921397 0.388621 0.001381 -0.923755 -0.382981 -0.001581 -0.404843 0.913797 -0.032814 
0.384391 -0.922693 0.029692 0.921400 0.388613 0.001265 -0.923758 -0.382973 -0.001446 -0.404880 0.913887 -0.029716 
0.384412 -0.922719 0.028577 0.921400 0.388614 0.001003 -0.923759 -0.382973 -0.001178 -0.404901 0.913913 -0.028595 
0.384557 -0.922700 0.027226 0.921340 0.388755 0.001516 -0.923699 -0.383115 -0.001683 -0.405044 0.913891 -0.027255 
0.384588 -0.922758 0.024678 0.921341 0.388754 0.001393 -0.923700 -0.383113 -0.001544 -0.405075 0.913950 -0.024705 
0.384953 -0.922653 0.022862 0.921199 0.389090 0.000917 -0.923561 -0.383450 -0.001056 -0.405437 0.913836 -0.022879 
0.385268 -0.922404 0.027202 0.920985 0.389559 0.005480 -0.923349 -0.383920 -0.005647 -0.405747 0.913577 -0.027320 
0.386267 -0.921974 0.027615 0.920532 0.390601 0.007163 -0.922902 -0.384965 -0.007332 -0.406735 0.913124 -0.027771 
0.389109 -0.920842 0.025376 0.919334 0.393407 0.007474 -0.921721 -0.387778 -0.007630 -0.409550 0.911930 -0.025539 
0.389956 -0.920545 0.023031 0.918995 0.394207 0.007060 -0.921387 -0.388580 -0.007201 -0.410390 0.911615 -0.023185 
0.385413 -0.922504 0.021080 0.920926 0.389657 0.007983 -0.923290 -0.384018 -0.008112 -0.405890 0.913675 -0.021255 
0.381986 -0.923974 0.018922 0.922384 0.386198 0.007607 -0.924728 -0.380550 -0.007723 -0.402497 0.915222 -0.019089 
0.380108 -0.924782 0.017196 0.923180 0.384297 0.007399 -0.925512 -0.378644 -0.007504 -0.400637 0.916072 -0.017359 
0.377773 -0.925766 0.015621 0.924135 0.381962 0.008909 -0.926453 -0.376303 -0.009005 -0.398324 0.917109 -0.015817 
0.375685 -0.926638 0.014253 0.924945 0.379892 0.012595 -0.927250 -0.374228 -0.012682 -0.396254 0.918026 -0.014531 
0.372345 -0.928002 0.013135 0.926167 0.376584 0.019956 -0.928452 -0.370912 -0.020037 -0.392941 0.919463 -0.013578 
0.369501 -0.929147 0.012431 0.926976 0.373753 0.032021 -0.929243 -0.368073 -0.032097 -0.390116 0.920672 -0.013143 
0.357979 -0.933657 0.011620 0.931124 0.362203 0.042621 -0.933321 -0.356496 -0.042692 -0.378689 0.925439 -0.012569 
0.353521 -0.935361 0.011095 0.932636 0.357708 0.047273 -0.934806 -0.351990 -0.047341 -0.374265 0.927242 -0.012147 
0.365518 -0.930748 0.010256 0.927998 0.369633 0.046821 -0.930241 -0.363943 -0.046884 -0.386156 0.922364 -0.011298 
0.389155 -0.921116 0.010168 0.918141 0.393171 0.049336 -0.920528 -0.387541 -0.049398 -0.409570 0.912209 -0.011267 
0.405772 -0.913919 0.010072 0.910745 0.409700 0.051861 -0.913234 -0.404114 -0.051923 -0.426020 0.904644 -0.011227 
0.413537 -0.910438 0.009442 0.907139 0.417380 0.053784 -0.909676 -0.411815 -0.053843 -0.433703 0.900993 -0.010639 
0.418840 -0.908017 0.008868 0.904457 0.422564 0.058289 -0.907026 -0.417013 -0.058343 -0.438946 0.898456 -0.010166 
0.425571 -0.904880 0.008989 0.900961 0.429175 0.063851 -0.903571 -0.423644 -0.063907 -0.445598 0.895173 -0.010411 
0.433649 -0.901035 0.009183 0.896561 0.437060 0.071809 -0.899220 -0.431553 -0.071866 -0.453576 0.891153 -0.010783 
0.441903 -0.897001 0.010499 0.891937 0.445189 0.079090 -0.894647 -0.439706 -0.079155 -0.461726 0.886938 -0.012261 
0.450388 -0.892761 0.011344 0.886972 0.453458 0.087498 -0.889734 -0.448001 -0.087568 -0.470099 0.882514 -0.013294 
0.457165 -0.889261 0.014659 0.882581 0.460214 0.096201 -0.885384 -0.454778 -0.096292 -0.476776 0.878864 -0.016802 
0.466262 -0.884504 0.015868 0.876680 0.468985 0.107168 -0.879539 -0.463579 -0.107266 -0.485741 0.873912 -0.018255 
0.474496 -0.880048 0.019200 0.871209 0.477193 0.115245 -0.874118 -0.471815 -0.115364 -0.493852 0.869274 -0.021767 
0.485729 -0.873923 0.018056 0.864820 0.488085 0.117724 -0.867798 -0.482744 -0.117836 -0.504940 0.862907 -0.020679 
0.490935 -0.871047 0.016120 0.861281 0.492728 0.124156 -0.864290 -0.487404 -0.124256 -0.510067 0.859927 -0.018886 
0.500382 -0.865634 0.017198 0.855070 0.501894 0.130223 -0.858137 -0.496603 -0.130329 -0.519373 0.854311 -0.020099 
0.507244 -0.861614 0.018058 0.849973 0.508345 0.138315 -0.853082 -0.503079 -0.138427 -0.526121 0.850147 -0.021140 
0.516945 -0.855762 0.020949 0.842890 0.517838 0.146216 -0.846059 -0.512609 -0.146345 -0.535663 0.844085 -0.024206 
0.835091 0.526349 0.159936 -0.544179 0.838429 -0.030089 0.525637 -0.850295 0.026527 -0.838312 -0.521153 -0.160100 
0.810623 0.555373 0.185608 0.553034 -0.831673 0.049732 -0.571027 0.819162 -0.053864 -0.814012 -0.550291 -0.185914 
0.758079 -0.651777 -0.022422 -0.593429 0.800593 -0.083027 0.695889 0.713320 0.083144 -0.652516 -0.753457 -0.080783 -0.791614 -0.577439 -0.199778 -0.797088 -0.602220 0.044518 
0.762872 -0.646417 -0.013074 -0.596514 0.795660 -0.105342 0.696270 0.712483 0.087037 -0.647043 -0.759542 -0.066570 -0.802712 -0.593855 -0.054686 
0.760347 -0.649517 -0.000027 -0.590765 0.798270 -0.117309 0.694707 0.714009 0.087025 -0.649801 -0.757966 -0.056982 -0.790384 -0.582614 -0.189351 -0.801518 -0.597530 0.022962 
0.761466 -0.648205 0.000318 -0.593215 0.795458 -0.123866 0.685716 0.722805 0.085707 -0.648691 -0.759345 -0.050942 -0.789558 -0.586627 -0.180184 -0.789618 -0.613260 0.020389 
0.765308 -0.643645 0.004946 -0.596450 0.791370 -0.134092 0.678808 0.729386 0.084940 -0.644234 -0.763604 -0.043262 -0.786228 -0.592120 -0.176747 -0.781951 -0.623100 0.017326 
0.765763 -0.642899 0.016980 -0.594686 0.790331 -0.147398 0.678239 0.730421 0.080475 -0.643465 -0.764641 -0.035730 -0.787532 -0.593256 -0.166857 -0.781205 -0.624112 0.014228 
0.761307 -0.647510 0.033789 -0.588198 0.793420 -0.156549 0.679903 0.729640 0.073193 -0.648237 -0.760915 -0.028227 -0.793218 -0.588552 -0.156243 -0.779483 -0.626320 0.011422 
0.754073 -0.654455 0.055343 -0.578434 0.798846 -0.165105 0.682342 0.728195 0.064356 -0.655797 -0.754660 -0.020483 -0.801310 -0.580223 -0.145751 -0.776337 -0.630263 0.008325 
0.743959 -0.663077 0.082795 -0.564872 0.806435 -0.174878 0.684961 0.726528 0.054637 -0.665881 -0.745960 -0.012105 -0.811236 -0.568267 -0.137730 -0.770896 -0.636942 0.004939 
0.731065 -0.672460 0.115506 -0.547562 0.815780 -0.186224 -0.822682 -0.552898 -0.132280 0.694005 0.719935 0.007134 0.686396 0.725230 0.053873 -0.677898 -0.735142 -0.004560 -0.763918 -0.645309 0.002382 
0.717334 -0.683120 0.137038 -0.513431 0.855663 -0.065030 -0.868457 -0.495034 -0.026897 0.706801 0.707409 0.002135 0.680670 0.732348 0.018830 -0.691004 -0.722850 0.000921 -0.721084 -0.689010 -0.072816 
0.699455 -0.699716 0.145462 -0.493160 0.868144 -0.055852 -0.880900 -0.473229 -0.008329 -0.704420 -0.704213 -0.088753 0.724080 0.689715 0.001397 0.675848 0.735917 0.040687 
0.682284 -0.715577 0.149792 -0.498673 0.863931 -0.070346 -0.876234 -0.480689 -0.033930 -0.705037 -0.699750 -0.115208 0.740360 0.672210 -0.000389 0.671274 0.737018 0.078717 
0.653398 -0.741731 0.151347 -0.539310 0.838337 -0.079598 -0.846056 -0.524584 -0.094870 -0.699642 -0.700173 -0.142333 0.766168 0.642640 0.000750 0.648455 0.750754 0.125998 
0.627553 -0.763122 0.154341 -0.590005 0.800275 -0.107027 -0.802152 -0.580200 -0.141140 -0.693368 -0.702887 -0.158716 0.787992 0.615673 -0.003976 0.621759 0.766976 0.158631 
0.589733 -0.792363 0.156127 -0.641957 0.758765 -0.110309 -0.749557 -0.631366 -0.198850 -0.659929 -0.732347 -0.167813 0.816650 0.577131 -0.001592 0.570314 0.801846 0.178282 
0.584386 -0.796604 0.154645 -0.706753 0.705244 0.055962 -0.709082 -0.655954 -0.258704 -0.630216 -0.761509 -0.151432 0.821418 0.570217 -0.011168 0.533464 0.832636 0.148772 
0.562028 -0.810207 0.166400 -0.744655 0.662549 0.080735 -0.674156 -0.688947 -0.266207 -0.611803 -0.783017 -0.112164 0.837249 0.546330 -0.023187 0.497800 0.860375 0.109321 
0.543940 -0.819778 0.179148 -0.741080 0.664394 0.096857 -0.689028 -0.715860 -0.113075 -0.570559 -0.815104 -0.100339 0.849135 0.527253 -0.031190 0.452581 0.891034 0.035059 
0.543967 -0.817408 0.189593 -0.756599 0.648075 0.086924 -0.671892 -0.734348 -0.096410 -0.540554 -0.838680 -0.066467 0.849384 0.526118 -0.041792 0.410796 0.911727 -0.000929 
0.528641 -0.821522 0.213637 -0.770014 0.636332 0.046473 -0.655794 -0.748655 -0.097213 -0.554772 -0.831991 0.004458 0.858595 0.510211 -0.049988 0.411488 0.910110 -0.048753 
0.519876 -0.820571 0.237472 -0.787673 0.616093 0.000691 -0.628238 -0.763983 -0.147127 -0.565374 -0.824408 0.026538 0.863826 0.499919 -0.062335 0.409184 0.911637 -0.038542 
0.529369 -0.799964 0.282534 -0.806309 0.590752 -0.029631 -0.599342 -0.785135 -0.156051 -0.562395 -0.825718 0.043612 0.858590 0.502873 -0.099708 0.396437 0.916845 -0.047251 
0.542923 -0.769328 0.336703 -0.825543 0.560476 -0.065919 -0.564423 -0.808196 -0.168063 -0.536955 -0.840027 0.077679 0.849529 0.511165 -0.130425 0.365816 0.928051 -0.069997 
0.556516 -0.732747 0.391626 -0.843956 0.526980 -0.100150 -0.527955 -0.832128 -0.169781 -0.505413 -0.852932 0.130635 0.839424 0.519667 -0.159101 0.330973 0.937099 -0.110918 
0.569538 -0.695223 0.438511 -0.859803 0.493966 -0.129369 -0.497047 -0.855092 -0.147516 -0.487767 -0.850485 0.196869 0.830054 0.522610 -0.194652 0.308439 0.936491 -0.166885 
-0.489796 -0.862485 0.127355 0.578522 -0.660987 0.477921 -0.871556 0.464588 -0.156677 0.823933 0.517064 -0.231903 0.300222 0.926629 -0.226330 
-0.488917 -0.852328 0.185732 0.581170 -0.627039 0.518712 -0.878642 0.439318 -0.187051 0.821974 0.503872 -0.265465 0.301160 0.909464 -0.286666 
-0.493948 -0.835620 0.240321 0.575708 -0.592194 0.563797 -0.880750 0.417350 -0.223827 0.825115 0.483887 -0.291613 0.309580 0.886291 -0.344455 
0.559361 -0.556175 0.614642 -0.875596 0.400303 -0.270350 -0.504040 -0.815553 0.284282 0.324732 0.859833 -0.394000 0.834378 0.459535 -0.304369 
0.509345 -0.543938 0.666858 -0.851545 0.398449 -0.340749 -0.534605 -0.800001 0.272388 0.367341 0.843343 -0.392216 0.859373 0.438986 -0.262238 
0.459926 -0.539330 0.705402 -0.823681 0.388981 -0.412606 -0.567804 -0.785360 0.246594 0.879275 0.425671 -0.213728 0.411785 0.907984 0.077443 0.371717 0.714024 -0.593293 
0.420185 -0.532758 0.734584 -0.798397 0.383128 -0.464516 -0.589190 -0.774853 0.229037 0.891765 0.417470 -0.174570 0.415762 0.906634 0.071812 0.410036 0.701664 -0.582699 
0.379916 -0.524668 0.761832 -0.771555 0.378800 -0.511090 -0.606718 -0.766160 0.211876 0.902069 0.409527 -0.136231 0.420669 0.904477 0.070420 0.443094 0.689814 -0.572559 
0.341223 -0.517892 0.784445 -0.744144 0.379245 -0.549929 -0.621515 -0.759164 0.193362 0.910279 0.401719 -0.100072 0.426256 0.901286 0.077388 0.472178 0.679880 -0.561079 
0.300499 -0.515115 0.802719 -0.714802 0.385993 -0.583153 -0.637124 -0.751236 0.172389 0.918628 0.389958 -0.063676 0.433884 0.896242 0.092167 0.501868 0.670301 -0.546649 
0.265266 -0.519972 0.811950 -0.688081 0.396801 -0.607531 -0.655040 -0.740615 0.149706 0.926376 0.375172 -0.032758 0.443532 0.889692 0.108291 0.532332 0.662020 -0.527590 
0.238808 -0.530654 0.813251 -0.667658 0.412785 -0.619549 -0.673234 -0.727789 0.130688 0.934127 0.356742 -0.011941 0.457285 0.880773 0.123000 0.558123 0.654442 -0.510103 
0.224155 -0.547900 0.805953 -0.656042 0.436918 -0.615395 -0.688954 -0.715255 0.117272 0.941792 0.336177 -0.003544 0.474830 0.868893 0.139863 0.574086 0.650121 -0.497763 
0.218657 -0.573647 0.789378 -0.651902 0.468007 -0.596652 -0.703954 -0.702269 0.106146 0.949335 0.314239 -0.004126 0.496568 0.853658 0.157126 0.583575 0.649524 -0.487400 
0.202152 -0.603827 0.771056 -0.641192 0.465045 -0.610415 -0.730034 -0.680559 0.062372 0.956048 0.293039 0.010034 0.494189 0.854291 0.161134 0.637954 0.649827 -0.413206 
0.146478 -0.617930 0.772468 -0.594312 0.467874 -0.654131 -0.743469 -0.668767 -0.002313 0.955468 0.284683 0.077699 0.487816 0.851313 0.193138 0.681315 0.646553 -0.343191 
0.072135 -0.611884 0.787652 -0.531079 0.474956 -0.701692 -0.734237 -0.676091 -0.061617 0.477813 0.846006 0.236577 0.941656 0.290501 0.169982 0.694791 0.651065 -0.305580 
-0.715986 -0.691547 -0.095537 -0.005724 -0.586661 0.809812 -0.463892 0.477939 -0.745908 0.459476 0.843341 0.278672 0.921595 0.296226 0.250823 0.696413 0.651649 -0.300605 
-0.390955 0.482885 -0.783566 0.436147 0.839941 0.322916 -0.700032 -0.704031 -0.119567 -0.091443 -0.547770 0.831616 0.895298 0.302741 0.326787 0.707620 0.639488 -0.300548 
-0.310580 0.466417 -0.828248 0.405947 0.845940 0.345822 -0.691355 -0.701885 -0.171421 -0.175542 -0.527367 0.831306 0.862249 0.304891 0.404436 0.740748 0.626249 -0.243116 
-0.229324 0.439266 -0.868594 0.375514 0.856311 0.354572 -0.253719 -0.516357 0.817925 -0.678645 -0.697042 -0.231459 0.821865 0.308349 0.479018 0.770307 0.616312 -0.163665 
-0.134177 0.412979 -0.900802 0.342759 0.865364 0.365598 -0.655621 -0.694790 -0.295682 -0.336829 -0.504642 0.794911 0.768771 0.315475 0.556297 0.789101 0.609411 -0.077055 
-0.045505 -0.938484 -0.342311 0.201286 -0.940979 -0.272106 -0.996780 0.020016 0.077647 -0.585100 0.751551 0.304677 0.707190 0.325687 0.627544 0.795402 0.606082 0.000070 -0.034111 0.391332 -0.919617 0.303386 0.873780 0.380087 
0.028536 -0.922946 -0.383870 0.224152 -0.941202 -0.252775 -0.999219 -0.036844 0.014275 -0.617770 0.742020 0.260321 0.645798 0.341626 0.682815 0.792976 0.606990 0.052455 0.053824 0.377016 -0.924641 0.264594 0.880312 0.393751 
0.059957 -0.914706 -0.399648 0.246265 -0.944405 -0.217837 -0.996370 -0.030599 -0.079439 -0.640056 0.741131 0.202616 0.583062 0.360257 0.728186 0.787297 0.610043 0.089505 0.229912 0.883080 0.409036 0.133371 0.386073 -0.912776 
0.068426 -0.916233 -0.394759 0.264867 -0.948301 -0.174843 -0.983751 0.003867 -0.179495 -0.653443 0.744915 0.134588 0.565114 0.482667 0.669088 0.192696 0.888454 0.416555 0.208526 0.376080 -0.902818 0.612822 0.435834 -0.659165 0.530869 0.388557 0.753128 
0.147183 0.894164 0.422857 0.078245 -0.921598 -0.380178 0.279315 -0.951440 -0.129404 -0.957177 0.037163 -0.287108 -0.660258 0.748869 0.057044 0.676152 0.423069 -0.603185 0.293554 0.367117 -0.882639 0.454237 0.402795 0.794622 0.505206 0.502142 0.701869 
0.094075 0.894825 0.436392 0.109046 -0.923762 -0.367114 0.290149 -0.952818 -0.089168 -0.913429 0.052563 -0.403591 -0.660263 0.750590 -0.025821 0.746568 0.414957 -0.520044 0.563554 0.631276 0.532821 
0.048649 0.887656 0.457930 0.137369 -0.936354 -0.323066 0.296450 -0.953168 -0.059910 -0.868534 0.042943 -0.493766 -0.650586 0.752371 -0.103320 0.802686 0.414665 -0.428658 0.499758 0.624138 0.600578 
0.015594 0.886258 0.462929 0.098492 -0.961956 -0.254835 0.296321 -0.952872 -0.065035 -0.852869 0.050345 -0.519692 -0.626799 0.767899 -0.132110 0.825457 0.433685 -0.361299 0.435893 0.601816 0.669190 
-0.005339 0.882875 0.469577 0.115236 -0.959651 -0.256498 0.298997 -0.951878 -0.067294 -0.833811 0.046900 -0.550054 -0.611876 0.776238 -0.151864 0.836344 0.450495 -0.312383 0.377331 0.582480 0.719957 
0.847015 0.458632 -0.268744 0.148791 -0.948842 -0.278496 0.304306 -0.950471 -0.063268 -0.800413 0.049818 -0.597375 -0.605635 0.777577 -0.169056 -0.021114 0.877770 0.478617 0.336187 0.574699 0.746123 
0.854201 0.464521 -0.233583 0.175496 -0.938146 -0.298469 0.310775 -0.948630 -0.059327 -0.771323 0.057366 -0.633853 -0.603481 0.776049 -0.183191 -0.039866 0.874755 0.482923 0.304655 0.571114 0.762243 
0.855622 0.471687 -0.213124 0.190361 -0.930415 -0.313196 0.317849 -0.946423 -0.057062 -0.754198 0.065628 -0.653359 -0.604137 0.773280 -0.192500 -0.055918 0.872246 0.485861 0.283315 0.567908 0.772796 
0.854085 0.480335 -0.199542 0.196186 -0.924909 -0.325660 0.326195 -0.943640 -0.056043 -0.746997 0.074173 -0.660677 -0.607190 0.769804 -0.196781 -0.069428 0.868827 0.490223 0.269658 0.567371 0.778058 
0.850688 0.488887 -0.193183 0.199921 -0.918919 -0.340030 0.335193 -0.940561 -0.054697 -0.741694 0.084839 -0.665352 -0.612246 0.765198 -0.199064 -0.080435 0.866813 0.492104 0.259982 0.568263 0.780697 
0.845369 0.497431 -0.194717 0.199970 -0.913815 -0.353488 0.344126 -0.937376 -0.053883 -0.742747 0.093919 -0.662952 -0.618923 0.760031 -0.198207 -0.088555 0.866236 0.491725 0.255314 0.571345 0.779987 
0.837959 0.506005 -0.204409 0.196504 -0.909938 -0.365238 0.352692 -0.934211 -0.053459 -0.749062 0.101031 -0.654751 -0.627025 0.754417 -0.194152 -0.093622 0.867082 0.489290 0.256172 0.577127 0.775436 
0.828078 0.514591 -0.222446 0.188291 -0.907855 -0.374627 0.361162 -0.930968 -0.053478 -0.760715 0.106456 -0.640297 -0.636627 0.748240 -0.186662 -0.095666 0.869490 0.484598 0.262418 0.585805 0.766792 
0.818023 0.520845 -0.244046 0.173019 -0.908210 -0.381077 0.369297 -0.927683 -0.054985 -0.780270 0.109714 -0.615745 -0.647685 0.741184 -0.176493 -0.096162 0.870231 0.483168 0.276668 0.596788 0.753193 
0.804698 0.525267 -0.276688 0.159141 -0.908766 -0.385769 0.376594 -0.924676 -0.056144 -0.798542 0.111280 -0.591563 -0.660770 0.732483 -0.163867 -0.092752 0.871652 0.481268 0.300937 0.609314 0.733603 
-0.083948 0.874288 0.478093 0.154732 -0.909901 -0.384888 0.384120 -0.921535 -0.056797 -0.815669 0.102160 -0.569428 -0.675872 0.721830 -0.148857 0.786654 0.529526 -0.317455 0.330158 0.623345 0.708828 
-0.071852 0.878599 0.472123 0.159787 -0.915715 -0.368693 0.391679 -0.918386 -0.056164 -0.838001 0.071574 -0.540955 -0.692430 0.709135 -0.132919 0.768769 0.527712 -0.361269 0.361347 0.642482 0.675755 
-0.057930 0.886051 0.459954 0.174508 -0.919288 -0.352783 0.398958 -0.915309 -0.055159 -0.860355 0.031889 -0.508697 -0.709927 0.694611 -0.116271 0.747220 0.523769 -0.409058 0.393291 0.659752 0.640351 
-0.041342 0.891314 0.451498 0.196572 -0.927043 -0.319297 0.403662 -0.913099 -0.057503 -0.880205 -0.023378 -0.474018 -0.724944 0.681754 -0.098319 0.725729 0.519002 -0.451613 0.424487 0.672867 0.605855 
-0.026631 0.893621 0.448031 0.229616 -0.925317 -0.301771 0.404965 -0.911798 -0.068022 -0.895434 -0.079330 -0.438070 -0.737113 0.671578 -0.075149 0.708158 0.513894 -0.484174 0.452308 0.678434 0.578916 
-0.007957 0.897748 0.440438 0.238472 -0.919718 -0.311850 0.405071 -0.910732 -0.080523 -0.910634 -0.100184 -0.400884 -0.744240 0.666291 -0.046505 0.684868 0.512150 -0.518322 0.528333 0.760081 0.378339 0.308580 0.438293 0.844203 
0.009598 0.900176 0.435421 0.225483 -0.918474 -0.324905 0.401425 -0.911011 -0.094427 -0.926287 -0.098771 -0.363643 -0.745027 0.666791 -0.018021 0.663513 0.511805 -0.545716 0.542321 0.760287 0.357563 0.339377 0.441959 0.830358 
0.026546 0.902214 0.430470 0.203219 -0.919445 -0.336635 0.395778 -0.912026 -0.107553 -0.940646 -0.087882 -0.327813 -0.741972 0.670379 0.008325 0.643801 0.511036 -0.569528 0.367058 0.444676 0.817026 0.288893 0.403727 -0.868070 0.393281 0.535973 0.747036 
0.041033 0.903625 0.426355 0.177431 -0.921783 -0.344723 0.389086 -0.913416 -0.119514 -0.952728 -0.073106 -0.294897 -0.737031 0.675109 0.031826 0.626346 0.510258 -0.589345 0.390979 0.446323 0.804942 0.264105 0.400125 -0.877581 0.413585 0.534854 0.736803 
0.152070 -0.923307 -0.352675 0.383420 -0.914447 -0.129519 -0.961826 -0.056105 -0.267850 -0.732343 0.678969 0.051706 0.610837 0.509937 -0.605675 0.052694 0.904071 0.424121 0.241709 0.398928 -0.884552 0.431865 0.534502 0.726499 0.411645 0.446847 0.794277 
0.134309 -0.924553 -0.356599 0.379381 -0.915033 -0.137057 -0.968170 -0.045729 -0.246081 -0.729117 0.681049 0.067530 0.596911 0.509582 -0.619697 0.062285 0.904492 0.421917 0.221766 0.398017 -0.890170 0.447707 0.534754 0.716657 0.429390 0.447520 0.784443 
0.126293 -0.924955 -0.358481 0.376793 -0.915187 -0.143039 -0.972410 -0.043982 -0.229094 -0.727553 0.681388 0.079863 0.460348 0.535180 0.708281 0.069606 0.904760 0.420196 0.205949 0.397498 -0.894193 0.585829 0.509239 -0.630460 0.443179 0.447999 0.776459 
0.123730 -0.924919 -0.359465 0.375803 -0.915124 -0.146014 -0.974512 -0.044939 -0.219788 -0.727306 0.680775 0.087015 0.469353 0.535728 0.701928 0.074244 0.904897 0.419105 0.194520 0.397437 -0.896775 0.577768 0.509206 -0.637882 0.452708 0.448369 0.770727 
0.125798 -0.925418 -0.357458 0.376246 -0.915091 -0.145076 -0.974367 -0.047525 -0.219887 -0.728206 0.679716 0.087762 0.474268 0.537176 0.697503 0.075809 0.904984 0.418636 0.188872 0.397597 -0.897911 0.574090 0.508786 -0.641528 0.457103 0.448905 0.767816 
0.130162 -0.926102 -0.354108 0.377571 -0.915077 -0.141682 -0.972754 -0.050165 -0.226348 -0.729585 0.678795 0.083324 0.473527 0.538847 0.696718 0.074109 0.905036 0.418828 0.190449 0.397795 -0.897490 0.575693 0.508154 -0.640591 0.455640 0.449166 0.768533 
0.135940 -0.926123 -0.351875 0.379093 -0.915011 -0.137994 -0.970170 -0.052480 -0.236678 -0.730912 0.678257 0.075724 0.467139 0.539618 0.700423 0.069474 0.904509 0.420758 0.200026 0.398969 -0.894882 0.583265 0.507658 -0.634102 0.447660 0.448487 0.773602 
0.141686 -0.925909 -0.350168 0.380949 -0.914957 -0.133158 -0.966704 -0.053270 -0.250289 -0.731967 0.678195 0.065396 0.593267 0.507670 -0.624745 0.063183 0.904192 0.422427 0.213899 0.399558 -0.891404 0.456555 0.539324 0.707593 0.435849 0.447887 0.780662 
0.148264 -0.925639 -0.348153 0.383353 -0.914916 -0.126371 -0.961679 -0.052854 -0.269036 -0.732950 0.678333 0.051456 0.605747 0.508040 -0.612345 0.054852 0.903951 0.424104 0.231905 0.399989 -0.886696 0.442150 0.538644 0.717193 0.420083 0.447336 0.789570 
0.044151 0.903643 0.426004 0.156744 -0.925343 -0.345212 0.386307 -0.914855 -0.117503 -0.954672 -0.052397 -0.293013 -0.733885 0.678445 0.033543 0.621194 0.508484 -0.596290 0.254534 0.400568 -0.880203 0.399827 0.446680 0.800384 0.423621 0.537912 0.728832 
0.030789 0.902554 0.429475 0.167139 -0.924847 -0.341646 0.389458 -0.914713 -0.107809 -0.945142 -0.051655 -0.322551 -0.734269 0.678749 0.012181 0.640197 0.509726 -0.574741 0.374061 0.444496 0.813942 0.282842 0.402651 -0.870559 0.400262 0.535879 0.743387 
0.016175 0.901343 0.432803 0.178586 -0.923366 -0.339856 0.392588 -0.914460 -0.098169 -0.934039 -0.050511 -0.353580 -0.733807 0.679278 -0.010438 0.660505 0.511527 -0.549612 0.545408 0.756931 0.359980 0.344566 0.441682 0.828367 
0.000180 0.900314 0.435242 0.191020 -0.921639 -0.337777 0.395819 -0.914203 -0.086947 -0.920424 -0.048606 -0.387889 -0.732412 0.679933 -0.035555 0.681204 0.513619 -0.521687 0.530606 0.754789 0.385683 0.311745 0.439011 0.842665 
-0.017690 0.898649 0.438312 0.204630 -0.919475 -0.335698 0.398949 -0.913880 -0.075254 -0.903428 -0.045410 -0.426328 -0.729848 0.680742 -0.062540 0.702319 0.516878 -0.489474 0.451725 0.672744 0.585969 
-0.036584 0.894677 0.445213 0.220021 -0.916425 -0.334298 0.401174 -0.913512 -0.067496 -0.885667 -0.044024 -0.462229 -0.726008 0.682094 -0.087522 0.725421 0.519914 -0.451058 0.424548 0.666597 0.612705 
-0.047448 0.890820 0.451873 0.228242 -0.919286 -0.320654 0.403014 -0.913342 -0.058185 -0.871800 -0.046360 -0.487663 -0.721909 0.683262 -0.109543 0.736477 0.523786 -0.428077 0.405171 0.661110 0.631482 
-0.053874 0.888743 0.455230 0.216180 -0.927696 -0.304378 0.402591 -0.913433 -0.059678 -0.868632 -0.040392 -0.493809 -0.716856 0.687737 -0.114609 0.742344 0.527201 -0.413503 0.392904 0.656542 0.643878 
-0.057298 0.887502 0.457228 0.221119 -0.925352 -0.307945 0.402746 -0.913341 -0.060034 -0.866004 -0.041100 -0.498345 -0.715921 0.688239 -0.117404 0.745720 0.528434 -0.405782 0.387403 0.654335 0.649434 
-0.058282 0.886995 0.458086 0.228015 -0.921779 -0.313579 0.403719 -0.912957 -0.059336 -0.862192 -0.041529 -0.504877 -0.716964 0.686951 -0.118577 0.746206 0.529085 -0.404036 0.386545 0.654123 0.650159 
-0.057419 0.887320 0.457565 0.230675 -0.920209 -0.316233 0.404013 -0.912856 -0.058892 -0.862059 -0.042548 -0.505020 -0.717956 0.686021 -0.117956 0.744965 0.528900 -0.406560 0.388512 0.654887 0.648214 
-0.053840 0.888568 0.455575 0.228636 -0.920809 -0.315967 0.403698 -0.913011 -0.058642 -0.865568 -0.043733 -0.498879 -0.718955 0.685445 -0.115190 0.741662 0.527792 -0.413972 0.393690 0.656720 0.643217 
-0.047317 0.890809 0.451907 0.223203 -0.922878 -0.313810 0.403112 -0.913294 -0.058265 -0.871806 -0.044994 -0.487781 -0.720458 0.684692 -0.110170 0.735532 0.525813 -0.427215 0.402800 0.659798 0.634364 
-0.040078 0.892389 0.449483 0.221137 -0.924626 -0.310106 0.401933 -0.913785 -0.058706 -0.876177 -0.048717 -0.479522 -0.722274 0.683721 -0.104144 0.729240 0.523526 -0.440601 0.414232 0.662688 0.623904 
-0.031980 0.894087 0.446750 0.217369 -0.924339 -0.313604 0.400179 -0.914305 -0.062470 -0.883000 -0.049278 -0.466780 -0.723296 0.684025 -0.094614 0.722578 0.521860 -0.453368 0.424137 0.663570 0.616265 
-0.022671 0.896115 0.443243 0.208482 -0.925607 -0.315891 0.397941 -0.914870 -0.068229 -0.893177 -0.048606 -0.447071 -0.723600 0.685299 -0.082269 0.714627 0.520404 -0.467427 0.434241 0.664172 0.608531 
-0.013789 0.898187 0.439398 0.199242 -0.924696 -0.324408 0.395961 -0.915254 -0.074327 -0.901865 -0.043539 -0.429819 -0.724249 0.686135 -0.068426 0.704750 0.520114 -0.482503 0.445436 0.665277 0.599160 
-0.005205 0.900226 0.435391 0.191396 -0.922848 -0.334245 0.394313 -0.915513 -0.079703 -0.909435 -0.038653 -0.414047 -0.725401 0.686153 -0.054661 0.694890 0.518357 -0.498431 0.456939 0.667768 0.587616 
0.001674 0.901519 0.432736 0.186015 -0.920796 -0.342831 0.393049 -0.915552 -0.085311 -0.916300 -0.036615 -0.398815 -0.727033 0.685349 -0.041473 0.686335 0.516395 -0.512133 0.467974 0.670449 0.575760 
0.006031 0.901917 0.431868 0.183165 -0.919171 -0.348677 0.392316 -0.915430 -0.089867 -0.921428 -0.036878 -0.386796 -0.728805 0.684009 -0.031220 0.680096 0.514628 -0.522138 0.531777 0.751391 0.390672 0.312801 0.438197 0.842697 
0.009217 0.902102 0.431424 0.181288 -0.918843 -0.350518 0.391685 -0.915403 -0.092844 -0.924823 -0.038077 -0.378486 -0.729732 0.683287 -0.024693 0.675832 0.513502 -0.528741 0.536086 0.752294 0.382969 0.320538 0.438985 0.839373 
0.011323 0.902269 0.431024 0.179919 -0.919022 -0.350754 0.391349 -0.915404 -0.094236 -0.926579 -0.038611 -0.374114 -0.730033 0.683076 -0.021425 0.672992 0.513213 -0.532630 0.538088 0.752621 0.379503 0.325064 0.439399 0.837414 
0.011578 0.902275 0.431006 0.180371 -0.919176 -0.350118 0.391556 -0.915344 -0.093968 -0.926541 -0.039304 -0.374135 -0.730390 0.682700 -0.021261 0.672214 0.513043 -0.533775 0.538451 0.753062 0.378111 0.326320 0.439628 0.836805 
0.009927 0.902078 0.431460 0.182334 -0.919291 -0.348796 0.392133 -0.915266 -0.092303 -0.924898 -0.039991 -0.378106 -0.730673 0.682305 -0.024025 0.673859 0.512875 -0.531858 0.537221 0.753499 0.378990 0.324041 0.439550 0.837731 
0.006361 0.901684 0.432348 0.185521 -0.919314 -0.347050 0.392962 -0.915192 -0.089471 -0.921750 -0.040413 -0.385674 -0.730708 0.682049 -0.029575 0.678016 0.512879 -0.526544 0.534420 0.753675 0.382584 0.317865 0.439083 0.840338 
0.000942 0.901160 0.433486 0.189846 -0.919169 -0.345088 0.394017 -0.915120 -0.085474 -0.916990 -0.040407 -0.396859 -0.730386 0.681983 -0.037892 0.684518 0.513129 -0.517816 0.474641 0.675161 0.564689 
-0.006324 0.900466 0.434880 0.195425 -0.918835 -0.342859 0.395299 -0.915033 -0.080334 -0.910306 -0.039873 -0.412010 -0.729620 0.682097 -0.048980 0.693127 0.513782 -0.505571 0.465319 0.674320 0.573385 
-0.014675 0.899026 0.437650 0.201489 -0.917938 -0.341748 0.396272 -0.914966 -0.076200 -0.902860 -0.038764 -0.428183 -0.728145 0.682740 -0.060581 0.703850 0.514735 -0.489533 0.453885 0.672197 0.584928 
-0.023245 0.896892 0.441639 0.206377 -0.917835 -0.339099 0.396496 -0.915093 -0.073450 -0.896469 -0.038487 -0.441432 -0.726139 0.683855 -0.071158 0.715723 0.514534 -0.472224 0.442629 0.669970 0.596003 
-0.030574 0.895200 0.444615 0.210462 -0.917602 -0.337213 0.397018 -0.915111 -0.070338 -0.890012 -0.037142 -0.454422 -0.724474 0.684580 -0.080549 0.724693 0.514523 -0.458351 0.433055 0.668350 0.604790 
-0.035061 0.894183 0.446327 0.215277 -0.917074 -0.335604 0.398278 -0.914848 -0.066540 -0.883797 -0.036782 -0.466422 -0.723865 0.684262 -0.088346 0.729189 0.514862 -0.450778 0.426187 0.667527 0.610551 
-0.038342 0.893458 0.447507 0.221130 -0.916432 -0.333549 0.400121 -0.914307 -0.062810 -0.878368 -0.038542 -0.476429 -0.724972 0.682383 -0.093648 0.730447 0.515110 -0.448453 0.423886 0.668626 0.610950 
-0.041006 0.892841 0.448501 0.226284 -0.915772 -0.331900 0.401645 -0.913819 -0.060132 -0.874379 -0.040808 -0.483525 -0.726149 0.680604 -0.097393 0.730961 0.515805 -0.446813 0.422820 0.669551 0.610676 
-0.042284 0.892564 0.448935 0.229785 -0.915292 -0.330817 0.402561 -0.913508 -0.058720 -0.872233 -0.042874 -0.487208 -0.726891 0.679516 -0.099436 0.731346 0.515984 -0.445975 0.422010 0.669995 0.610749 
-0.042465 0.892530 0.448985 0.230807 -0.915126 -0.330563 0.402791 -0.913418 -0.058540 -0.871934 -0.043761 -0.487664 -0.727142 0.679207 -0.099717 0.731337 0.516080 -0.445879 0.421960 0.670026 0.610750 
-0.042184 0.892637 0.448799 0.230157 -0.915181 -0.330865 0.402600 -0.913479 -0.058906 -0.872494 -0.043470 -0.486687 -0.726993 0.679435 -0.099244 0.731130 0.516139 -0.446150 0.422166 0.669730 0.610932 
-0.041249 0.892883 0.448396 0.228495 -0.915389 -0.331441 0.402096 -0.913639 -0.059858 -0.873927 -0.042825 -0.484167 -0.726613 0.680031 -0.097938 0.730928 0.515907 -0.446748 0.422503 0.669351 0.611114 
-0.039900 0.893185 0.447916 0.226098 -0.915674 -0.332296 0.401363 -0.913864 -0.061320 -0.876098 -0.042021 -0.480299 -0.726137 0.680832 -0.095877 0.730566 0.515627 -0.447663 0.423302 0.668869 0.611089 
-0.038147 0.893577 0.447286 0.223000 -0.916015 -0.333447 0.400417 -0.914148 -0.063239 -0.878923 -0.040982 -0.475200 -0.725548 0.681840 -0.093135 0.730016 0.515315 -0.448917 0.424458 0.668251 0.610963 
-0.035752 0.894159 0.446320 0.219370 -0.916332 -0.334980 0.399362 -0.914455 -0.065446 -0.882218 -0.039685 -0.469166 -0.724898 0.682984 -0.089753 0.728933 0.515039 -0.450989 0.425907 0.667534 0.610738 
-0.032696 0.894893 0.445081 0.215408 -0.916714 -0.336505 0.398347 -0.914738 -0.067625 -0.885768 -0.038355 -0.462542 -0.724461 0.683962 -0.085748 0.726862 0.514715 -0.454688 0.428285 0.667170 0.609471 
-0.029315 0.895621 0.443851 0.211406 -0.917258 -0.337558 0.397439 -0.914986 -0.069594 -0.889435 -0.037350 -0.455533 -0.724441 0.684531 -0.081256 0.723873 0.514171 -0.460039 0.432068 0.667518 0.606413 
-0.025516 0.896391 0.442529 0.207742 -0.917944 -0.337966 0.396687 -0.915171 -0.071427 -0.893330 -0.037288 -0.447851 -0.724903 0.684622 -0.076209 0.719933 0.513380 -0.467053 0.437191 0.668525 0.601614 
-0.021163 0.897274 0.440967 0.204361 -0.918629 -0.338166 0.395964 -0.915320 -0.073502 -0.897702 -0.038119 -0.438950 -0.725614 0.684489 -0.070429 0.715291 0.512437 -0.475150 0.443093 0.669722 0.595937 
-0.016350 0.898223 0.439236 0.200618 -0.919389 -0.338342 0.395141 -0.915482 -0.075873 -0.902461 -0.039048 -0.428999 -0.726346 0.684349 -0.063943 0.710024 0.511419 -0.484062 0.449603 0.670990 0.589600 
-0.011972 0.899400 0.436962 0.196092 -0.919178 -0.341554 0.394658 -0.915493 -0.078213 -0.906340 -0.036948 -0.420930 -0.727020 0.684225 -0.057256 0.702696 0.512769 -0.493240 0.455955 0.671595 0.584008 
-0.007614 0.900769 0.434232 0.192933 -0.917970 -0.346566 0.394524 -0.915391 -0.080066 -0.909156 -0.034390 -0.415033 -0.727650 0.684021 -0.051379 0.695511 0.514819 -0.501224 0.460996 0.671859 0.579731 
-0.004905 0.901489 0.432775 0.191402 -0.916751 -0.350617 0.394449 -0.915272 -0.081777 -0.911367 -0.033386 -0.410239 -0.728382 0.683570 -0.046826 0.691270 0.515353 -0.506515 0.464692 0.672486 0.576041 
-0.004637 0.901497 0.432761 0.190986 -0.916609 -0.351216 0.394549 -0.915184 -0.082272 -0.912241 -0.033628 -0.408272 -0.728738 0.683267 -0.045688 0.690455 0.515301 -0.507678 0.465675 0.672915 0.574745 
-0.006317 0.901226 0.433303 0.192538 -0.916738 -0.350029 0.394947 -0.915133 -0.080927 -0.910651 -0.034037 -0.411772 -0.728829 0.683001 -0.048135 0.692006 0.515309 -0.505553 0.464255 0.673100 0.575678 
-0.008567 0.900925 0.433890 0.194175 -0.916480 -0.349801 0.395280 -0.915100 -0.079656 -0.908594 -0.033607 -0.416326 -0.728465 0.683154 -0.051379 0.694779 0.515681 -0.501353 0.461128 0.672554 0.578819 
-0.011589 0.899959 0.435821 0.195695 -0.917061 -0.347422 0.394958 -0.915293 -0.079038 -0.907149 -0.034702 -0.419375 -0.727732 0.683663 -0.054868 0.700071 0.514588 -0.495076 0.457600 0.672140 0.582091 
-0.014492 0.899008 0.437692 0.195978 -0.917897 -0.345046 0.394628 -0.915505 -0.078223 -0.905786 -0.034640 -0.422318 -0.727111 0.684077 -0.057873 0.704288 0.513575 -0.490121 0.455303 0.672254 0.583759 
-0.016413 0.898386 0.438901 0.196850 -0.918357 -0.343323 0.394584 -0.915589 -0.077465 -0.904625 -0.035118 -0.424759 -0.726851 0.684160 -0.060111 0.707144 0.512646 -0.486971 0.453632 0.672408 0.584880 
-0.017394 0.898116 0.439413 0.197530 -0.918459 -0.342659 0.394673 -0.915594 -0.076942 -0.903803 -0.035264 -0.426492 -0.726748 0.684153 -0.061418 0.708518 0.512250 -0.485389 0.452577 0.672421 0.585683 
-0.017770 0.898037 0.439561 0.197906 -0.918413 -0.342564 0.394770 -0.915572 -0.076708 -0.903412 -0.035291 -0.427318 -0.726748 0.684106 -0.061934 0.708888 0.512283 -0.484813 0.452160 0.672393 0.586036 
-0.017705 0.898050 0.439536 0.197855 -0.918425 -0.342564 0.394759 -0.915575 -0.076738 -0.903475 -0.035298 -0.427185 -0.726757 0.684104 -0.061849 0.708817 0.512268 -0.484933 0.452247 0.672412 0.585949 
-0.017170 0.898157 0.439340 0.197438 -0.918507 -0.342584 0.394665 -0.915593 -0.076997 -0.903996 -0.035395 -0.426072 -0.726832 0.684089 -0.061128 0.708225 0.512151 -0.485921 0.452960 0.672553 0.585235 
-0.016256 0.898454 0.438766 0.196843 -0.918357 -0.343326 0.394640 -0.915572 -0.077381 -0.904633 -0.035111 -0.424743 -0.726947 0.684068 -0.059987 0.706891 0.512408 -0.487590 0.453866 0.672538 0.584550 
-0.015208 0.898802 0.438092 0.196370 -0.918111 -0.344253 0.394660 -0.915531 -0.077758 -0.905221 -0.034813 -0.423512 -0.727058 0.684050 -0.058842 0.705465 0.512764 -0.489278 0.454661 0.672433 0.584053 
-0.014360 0.899083 0.437544 0.195984 -0.917913 -0.345003 0.394676 -0.915498 -0.078065 -0.905699 -0.034571 -0.422510 -0.727148 0.684034 -0.057911 0.704305 0.513050 -0.490646 0.455310 0.672349 0.583643 
-0.013832 0.899257 0.437203 0.195736 -0.917791 -0.345468 0.394685 -0.915478 -0.078259 -0.905999 -0.034425 -0.421877 -0.727205 0.684023 -0.057326 0.703579 0.513227 -0.491502 0.455722 0.672300 0.583379 
-0.013659 0.899313 0.437093 0.195659 -0.917751 -0.345616 0.394687 -0.915471 -0.078324 -0.906102 -0.034384 -0.421659 -0.727225 0.684017 -0.057129 0.703340 0.513282 -0.491788 0.455867 0.672286 0.583281 
-0.013662 0.899312 0.437093 0.195659 -0.917751 -0.345616 0.394687 -0.915471 -0.078322 -0.906097 -0.034391 -0.421670 -0.727225 0.684017 -0.057134 0.703343 0.513282 -0.491782 0.455862 0.672286 0.583285 
-0.013665 0.899312 0.437094 0.195666 -0.917750 -0.345614 0.394688 -0.915471 -0.078320 -0.906098 -0.034383 -0.421669 -0.727225 0.684017 -0.057138 0.703346 0.513283 -0.491778 0.455859 0.672286 0.583287 
-0.013668 0.899312 0.437094 0.195666 -0.917750 -0.345615 0.394689 -0.915471 -0.078318 -0.906095 -0.034383 -0.421675 -0.727224 0.684017 -0.057142 0.703349 0.513283 -0.491773 0.455855 0.672285 0.583291 
-0.013669 0.899312 0.437094 0.195666 -0.917750 -0.345614 0.394689 -0.915471 -0.078317 -0.906093 -0.034384 -0.421679 -0.727224 0.684017 -0.057144 0.703350 0.513283 -0.491772 0.455854 0.672286 0.583291 
-0.013669 0.899312 0.437093 0.195666 -0.917751 -0.345614 0.394689 -0.915471 -0.078317 -0.906093 -0.034384 -0.421678 -0.727224 0.684017 -0.057144 0.703349 0.513283 -0.491773 0.455855 0.672286 0.583291 
-0.013669 0.899312 0.437093 0.195666 -0.917751 -0.345614 0.394689 -0.915471 -0.078316 -0.906093 -0.034377 -0.421679 -0.727225 0.684017 -0.057144 0.703350 0.513283 -0.491773 0.455854 0.672286 0.583291 
-0.013673 0.899311 0.437095 0.195666 -0.917751 -0.345613 0.394689 -0.915471 -0.078315 -0.906091 -0.034384 -0.421684 -0.727225 0.684017 -0.057146 0.703351 0.513283 -0.491771 0.455854 0.672287 0.583291 
-0.013687 0.899305 0.437107 0.195670 -0.917750 -0.345614 0.394690 -0.915471 -0.078313 -0.906090 -0.034376 -0.421687 -0.727225 0.684015 -0.057152 0.703353 0.513283 -0.491766 0.455854 0.672291 0.583286 
-0.013706 0.899302 0.437112 0.195671 -0.917742 -0.345632 0.394691 -0.915471 -0.078312 -0.906084 -0.034377 -0.421700 -0.727229 0.684012 -0.057154 0.703353 0.513283 -0.491767 0.455856 0.672295 0.583279 
-0.013747 0.899307 0.437101 0.195688 -0.917710 -0.345709 0.394692 -0.915471 -0.078307 -0.906069 -0.034342 -0.421734 -0.727238 0.684001 -0.057162 0.703352 0.513283 -0.491769 0.455856 0.672299 0.583274 
-0.013800 0.899315 0.437084 0.195673 -0.917671 -0.345822 0.394688 -0.915473 -0.078299 -0.906045 -0.034245 -0.421793 -0.727241 0.683996 -0.057174 0.703352 0.513283 -0.491769 0.455854 0.672303 0.583272 
