0.021024 0.205483 0.001286 0.074174 0.078222 0.006189 0.218813 0.287685 0.001439 0.274266 0.162820 0.006297 
0.021389 0.205251 0.000710 0.074438 0.077966 0.006018 0.219229 0.287327 0.001422 0.274584 0.162436 0.006690 
0.021393 0.205246 0.001111 0.074449 0.077943 0.005918 0.219235 0.287317 0.001755 0.274597 0.162409 0.006525 
0.021390 0.205178 0.001456 0.074431 0.077858 0.005981 0.219250 0.287209 0.001795 0.274596 0.162283 0.006281 
0.021393 0.205170 0.001786 0.074439 0.077838 0.005883 0.219254 0.287199 0.002096 0.274605 0.162261 0.006158 
0.021448 0.204983 0.001959 0.074497 0.077648 0.005902 0.219309 0.287012 0.002211 0.274663 0.162071 0.006120 
0.021429 0.204956 0.001983 0.074498 0.077624 0.005741 0.219277 0.287016 0.002344 0.274651 0.162077 0.006070 
0.021432 0.204949 0.002263 0.074506 0.077608 0.005668 0.219281 0.287009 0.002594 0.274659 0.162062 0.005971 
0.021391 0.204861 0.002501 0.074515 0.077535 0.005656 0.219210 0.286992 0.002727 0.274637 0.162061 0.005855 
0.021794 0.204448 0.001629 0.074961 0.077156 0.005383 0.219567 0.286680 0.002838 0.275037 0.161784 0.006573 
0.021955 0.204262 0.001435 0.075260 0.077029 0.005246 0.219632 0.286718 0.003006 0.275237 0.161884 0.006802 
0.021955 0.204201 0.001715 0.075653 0.077125 0.005217 0.219380 0.287259 0.003350 0.275370 0.162589 0.006841 
0.021959 0.204193 0.002020 0.075773 0.077158 0.005198 0.219312 0.287424 0.003562 0.275417 0.162796 0.006732 
0.022030 0.204213 0.002298 0.075217 0.076908 0.005207 0.219791 0.286466 0.004036 0.275280 0.161557 0.006942 
0.022168 0.204329 0.002560 0.074882 0.076821 0.005172 0.220236 0.285840 0.004215 0.275262 0.160719 0.006824 
0.022281 0.204360 0.002777 0.074736 0.076740 0.005150 0.220517 0.285462 0.004384 0.275289 0.160225 0.006757 
0.022374 0.204385 0.002983 0.074507 0.076629 0.005139 0.220812 0.284985 0.004912 0.275267 0.159607 0.007074 
0.022447 0.204402 0.003171 0.074291 0.076526 0.005138 0.221055 0.284559 0.005887 0.275227 0.159055 0.007874 
0.022556 0.204431 0.003342 0.073939 0.076367 0.005155 0.221422 0.283877 0.007634 0.275141 0.158177 0.009490 
0.022588 0.204392 0.003499 0.073579 0.076169 0.005214 0.221623 0.283230 0.010374 0.274956 0.157364 0.012171 
0.022683 0.204297 0.003700 0.072084 0.075453 0.005303 0.222592 0.280656 0.012844 0.274363 0.154138 0.014562 
0.022720 0.204307 0.003815 0.071506 0.075227 0.005346 0.222947 0.279700 0.013955 0.274113 0.152936 0.015616 
0.022724 0.204275 0.003922 0.073165 0.075832 0.005337 0.221973 0.282229 0.013964 0.274764 0.156132 0.015509 
0.022714 0.204229 0.004016 0.076418 0.077115 0.005420 0.219883 0.287237 0.014597 0.275876 0.162528 0.016137 
0.022683 0.204093 0.004081 0.078679 0.077972 0.005471 0.218289 0.290650 0.015202 0.276531 0.166976 0.016737 
0.022683 0.204066 0.004162 0.079751 0.078425 0.005465 0.217527 0.292272 0.015695 0.276819 0.169097 0.017149 
0.022705 0.204100 0.004246 0.080505 0.078794 0.005470 0.216982 0.293421 0.016743 0.276990 0.170592 0.018133 
0.022666 0.204116 0.004311 0.081395 0.079242 0.005551 0.216203 0.294857 0.017999 0.277121 0.172477 0.019422 
0.022603 0.204261 0.004398 0.082447 0.079918 0.005665 0.215208 0.296696 0.019791 0.277217 0.174866 0.021265 
0.022529 0.204291 0.004451 0.083511 0.080505 0.005899 0.214154 0.298472 0.021405 0.277277 0.177218 0.023081 
0.022441 0.204324 0.004506 0.084595 0.081123 0.006071 0.213014 0.300282 0.023262 0.277282 0.179633 0.025079 
0.022279 0.203553 0.004414 0.085368 0.080835 0.006437 0.211920 0.300962 0.025039 0.277101 0.180812 0.027336 
0.022126 0.202839 0.004425 0.086470 0.080777 0.006615 0.210515 0.302133 0.027401 0.276921 0.182660 0.029896 
0.022406 0.202692 0.003809 0.087887 0.081246 0.006458 0.209634 0.303751 0.028518 0.277149 0.184912 0.031494 
0.022660 0.203470 0.003789 0.089690 0.082868 0.006280 0.208534 0.306869 0.029028 0.277565 0.188900 0.031855 
0.023251 0.205318 0.003830 0.091000 0.085113 0.006054 0.208374 0.309715 0.030444 0.278105 0.192154 0.033026 
0.023362 0.205896 0.003967 0.092415 0.086438 0.006340 0.207167 0.312264 0.031882 0.278171 0.195470 0.034630 
0.023344 0.206652 0.004183 0.093343 0.087749 0.006675 0.206066 0.314407 0.033833 0.277993 0.198182 0.036723 
0.023226 0.206706 0.004301 0.094564 0.088611 0.007192 0.204444 0.316502 0.035647 0.277675 0.201107 0.038956 
0.095661 0.089378 0.008118 0.277077 0.203723 0.042863 0.023123 0.206719 0.004457 0.202682 0.318345 0.038749 
0.099140 0.091570 0.011527 0.022821 0.206341 0.004664 0.275241 0.212220 0.051849 0.197175 0.324209 0.044485 
-0.345692 -0.110791 0.009162 0.273268 0.217627 0.058912 -0.183318 -0.250396 0.004360 -0.255645 -0.006814 0.020310 0.192140 0.327077 0.047562 0.022584 0.203395 0.004771 
-0.346666 -0.112314 0.007221 0.271774 0.214866 0.061302 -0.183266 -0.250771 0.004420 -0.257374 -0.007498 0.016407 0.190225 0.323641 0.046901 
-0.346357 -0.112194 0.004941 0.268248 0.212982 0.061525 -0.183497 -0.251315 0.004936 -0.256684 -0.007595 0.012805 0.187484 0.322115 0.045488 0.018191 0.197324 0.004930 
-0.346339 -0.112508 0.004864 0.261360 0.217299 0.060502 -0.183240 -0.251348 0.004932 -0.256819 -0.007719 0.011894 0.180261 0.326047 0.043568 0.011145 0.200397 0.004974 
-0.346353 -0.112762 0.004903 0.258715 0.223391 0.061164 -0.182431 -0.250625 0.005962 -0.257448 -0.007385 0.010873 0.177174 0.331580 0.042832 0.008771 0.204753 0.004974 
-0.346383 -0.112803 0.004923 0.258703 0.224495 0.060893 -0.182363 -0.250506 0.008560 -0.257585 -0.007282 0.009853 0.177403 0.332541 0.040743 0.008721 0.205471 0.005003 
-0.346426 -0.112792 0.004931 0.259096 0.223341 0.059800 -0.183361 -0.251483 0.012168 -0.256969 -0.007786 0.008826 0.178683 0.331810 0.038398 0.008783 0.205748 0.004932 
-0.346488 -0.113216 0.004943 0.259520 0.220968 0.058720 -0.184972 -0.253394 0.016797 -0.255988 -0.009073 0.007770 0.180442 0.330179 0.036149 0.008809 0.205900 0.004930 
-0.346563 -0.114679 0.004946 0.259797 0.217433 0.058336 -0.187213 -0.256704 0.022680 -0.254671 -0.011737 0.006616 0.182573 0.327681 0.034428 0.008813 0.205964 0.004928 
-0.346914 -0.116886 0.005113 0.259873 0.212926 0.058717 0.185015 0.324452 0.033258 -0.190326 -0.260921 0.029854 -0.095448 -0.162498 0.030829 -0.253364 -0.015437 0.005742 0.008804 0.206026 0.004925 
-0.349330 -0.116919 0.005440 0.246680 0.205459 0.044648 0.176488 0.322438 0.035758 -0.195684 -0.263237 0.034792 -0.099056 -0.166526 0.035084 -0.253971 -0.017165 0.005313 -0.009527 0.216406 0.029997 
-0.352379 -0.115627 0.005441 0.243682 0.206909 0.057693 0.176261 0.325594 0.050058 -0.012420 0.224232 0.048274 -0.202562 -0.265500 0.036597 -0.103572 -0.171208 0.036788 
-0.355261 -0.114256 0.005715 0.250450 0.217827 0.079768 0.182276 0.335935 0.070151 -0.005405 0.232976 0.062884 -0.209122 -0.267526 0.037799 -0.107906 -0.175627 0.037745 
-0.358601 -0.111585 0.005627 0.258763 0.248858 0.110558 0.185033 0.363468 0.099676 0.003816 0.251106 0.079356 -0.218649 -0.270457 0.038044 -0.113905 -0.182602 0.038147 
-0.361629 -0.108281 0.006192 0.261172 0.281998 0.135825 0.180512 0.391404 0.121193 0.008699 0.267130 0.090963 -0.227213 -0.271735 0.039251 -0.119486 -0.187566 0.038707 
-0.365962 -0.103400 0.005882 0.246135 0.331809 0.156062 0.158373 0.435540 0.140981 -0.002175 0.300307 0.098389 -0.239647 -0.273117 0.039323 -0.128002 -0.194217 0.039105 
-0.367158 -0.102586 0.007151 0.220469 0.351277 0.136400 0.123848 0.447691 0.144051 -0.028031 0.307192 0.088639 -0.241988 -0.273211 0.040275 -0.129691 -0.195256 0.038748 
-0.369375 -0.099439 0.008904 0.180519 0.346231 0.110563 0.078716 0.436809 0.121600 -0.065682 0.289243 0.064581 -0.248994 -0.272978 0.044545 -0.134533 -0.198289 0.041375 
-0.371183 -0.096905 0.010125 0.125613 0.319745 0.064699 0.024299 0.410574 0.077940 -0.123284 0.257244 0.053720 -0.254676 -0.272494 0.048497 -0.138590 -0.200412 0.044233 
-0.371597 -0.096768 0.011580 0.084148 0.295255 0.045971 -0.019287 0.383854 0.057854 -0.163200 0.226563 0.037204 -0.255084 -0.271849 0.052189 -0.138964 -0.199923 0.046475 
-0.373810 -0.094818 0.012937 0.077134 0.286296 0.025757 -0.028135 0.373289 0.032110 -0.168600 0.212934 0.011288 -0.260580 -0.270781 0.058696 -0.143200 -0.201029 0.051862 
-0.374876 -0.093365 0.014859 0.073028 0.285929 0.036625 -0.034655 0.370156 0.036719 -0.169218 0.206517 0.005206 -0.263523 -0.269124 0.065723 -0.145429 -0.200780 0.057202 
-0.373566 -0.094380 0.020835 0.068558 0.291837 0.042528 -0.041673 0.372600 0.038477 -0.170047 0.204431 0.005053 -0.260180 -0.265725 0.081351 -0.142801 -0.196977 0.067720 
-0.363871 -0.097890 0.033003 0.063221 0.301058 0.050043 -0.049639 0.377681 0.041031 -0.170534 0.204573 0.005034 -0.247582 -0.262673 0.105122 -0.131442 -0.192791 0.087291 
-0.352463 -0.101687 0.051923 0.057559 0.310906 0.055052 -0.057818 0.382949 0.041360 -0.170902 0.204715 0.004995 -0.233262 -0.258635 0.135806 -0.118504 -0.187591 0.114055 
-0.347230 -0.102521 0.076126 0.053074 0.320498 0.054253 -0.064470 0.388029 0.036567 -0.170933 0.204876 0.004970 -0.225240 -0.251431 0.170051 -0.111763 -0.179985 0.143440 
-0.069812 0.392209 0.030001 -0.348740 -0.098957 0.102527 0.049339 0.328694 0.051421 -0.224825 -0.240534 0.204893 -0.112185 -0.169846 0.173190 
-0.074034 0.395376 0.023306 -0.354381 -0.093353 0.129805 0.046086 0.335317 0.048878 -0.229900 -0.227659 0.240909 -0.117527 -0.158774 0.204617 
-0.077372 0.397725 0.017422 -0.363313 -0.086007 0.156542 0.043036 0.340669 0.048022 -0.240002 -0.212849 0.277302 -0.127200 -0.146697 0.237435 
-0.374115 -0.077144 0.178313 0.040691 0.345616 0.048833 -0.079012 0.400341 0.011873 -0.140236 -0.133449 0.268353 -0.254305 -0.196272 0.309964 
-0.386961 -0.067724 0.186036 0.048384 0.355062 0.070121 -0.068031 0.409534 0.023537 -0.160379 -0.124216 0.293020 -0.277864 -0.184231 0.328871 
-0.399228 -0.057130 0.188584 0.052882 0.359277 0.097548 -0.059724 0.412455 0.041140 -0.300716 -0.172650 0.339675 -0.036575 0.162025 0.080724 -0.180509 -0.114456 0.310456 
-0.411023 -0.048313 0.192037 0.046806 0.357864 0.119998 -0.062343 0.410242 0.056493 -0.321023 -0.162425 0.349378 -0.043514 0.160906 0.104397 -0.199110 -0.105352 0.325512 
-0.423971 -0.042051 0.193701 0.038122 0.356492 0.139037 -0.067358 0.408278 0.069165 -0.342597 -0.154430 0.356878 -0.053264 0.160003 0.123738 -0.219274 -0.098444 0.338254 
-0.439228 -0.037008 0.192392 0.027137 0.356533 0.154130 -0.074596 0.408380 0.078949 -0.366141 -0.147936 0.360413 -0.065464 0.160737 0.137319 -0.241696 -0.093016 0.346732 
-0.458662 -0.032676 0.186098 0.013644 0.356230 0.164468 -0.084077 0.408999 0.084745 -0.394298 -0.143009 0.358033 -0.080613 0.161529 0.144446 -0.268712 -0.089698 0.349328 
-0.483094 -0.026905 0.174120 -0.003479 0.354762 0.169062 -0.097548 0.409009 0.086006 -0.426276 -0.138279 0.348032 -0.099833 0.161484 0.145536 -0.299630 -0.086989 0.343554 
-0.513271 -0.020022 0.158521 -0.025494 0.352177 0.166251 -0.116770 0.408609 0.081552 -0.462121 -0.133683 0.332712 -0.124835 0.160837 0.139530 -0.334415 -0.084913 0.331079 
-0.547977 -0.012706 0.137315 -0.051685 0.349688 0.152235 -0.141373 0.409420 0.068104 -0.499965 -0.130061 0.309943 -0.154838 0.160929 0.121851 -0.371212 -0.084102 0.309459 
-0.586277 -0.003690 0.109521 -0.081829 0.346659 0.128464 -0.170951 0.410641 0.046895 -0.539442 -0.126560 0.278598 -0.189704 0.161210 0.094330 -0.409658 -0.083600 0.278034 
-0.619293 0.008218 0.076783 -0.098494 0.348428 0.123227 -0.186152 0.412004 0.039776 -0.575994 -0.121116 0.241936 -0.205852 0.162841 0.088222 -0.445292 -0.081055 0.243308 
-0.627185 0.016038 0.045389 -0.106610 0.347259 0.136183 -0.187859 0.411222 0.046756 -0.595811 -0.116317 0.210845 -0.212584 0.162318 0.094225 -0.465189 -0.077398 0.221467 
-0.619229 0.015276 0.020194 -0.117883 0.345133 0.152103 -0.190487 0.410065 0.056174 -0.221684 0.161346 0.100709 -0.603778 -0.115784 0.188902 -0.475044 -0.076069 0.212140 
-0.194922 0.409488 0.065300 -0.612341 0.006317 0.009602 -0.131503 0.344149 0.167274 -0.231320 0.160940 0.106735 -0.613567 -0.119340 0.183057 -0.487575 -0.078843 0.217347 
-0.146360 0.342444 0.187674 -0.241109 0.159974 0.117523 -0.199808 0.408460 0.080552 -0.614625 -0.008727 0.009700 -0.634211 -0.126055 0.187825 -0.511814 -0.084667 0.232500 
-0.162615 0.338537 0.224638 -0.250803 0.154764 0.149512 -0.205074 0.402301 0.111408 -0.615732 -0.014611 0.009586 -0.653331 -0.127569 0.187644 -0.535452 -0.085887 0.242934 
-0.183625 0.335759 0.264868 -0.265202 0.149733 0.187840 -0.615963 -0.016047 0.009361 -0.214976 0.395811 0.146122 -0.670308 -0.126646 0.184553 -0.557950 -0.084491 0.250040 
-0.210353 0.333304 0.305901 -0.284815 0.145311 0.226478 -0.228697 0.389763 0.182751 -0.613802 -0.018350 0.009071 -0.685948 -0.126440 0.179333 -0.580848 -0.083311 0.255385 
-0.998418 1.331636 0.599754 -1.001421 1.269696 0.577161 -0.981273 1.331292 0.598418 -0.245496 0.386198 0.215280 -0.702164 -0.129284 0.172613 -0.605483 -0.084759 0.258405 -0.240832 0.332699 0.341002 -0.306740 0.142878 0.258431 
-1.047545 1.301543 0.560388 -1.045662 1.240629 0.535053 -1.030359 1.302177 0.560143 -0.265758 0.383795 0.237949 -0.718111 -0.134737 0.165676 -0.629824 -0.088033 0.259024 -0.273117 0.332253 0.364357 -0.330598 0.141013 0.278818 
-1.095497 1.296975 0.502108 -1.091540 1.236604 0.475731 -1.078360 1.297501 0.503474 -0.287224 0.381434 0.253033 -0.732326 -0.140950 0.157984 -0.652616 -0.091699 0.257535 -0.336469 0.192286 0.165421 -0.354874 0.139008 0.291384 
-1.139468 1.307857 0.431915 -1.134952 1.247386 0.405861 -1.122547 1.307791 0.435003 -0.309671 0.381125 0.267577 -0.541247 0.000967 0.111699 -0.350945 0.190826 0.178355 -0.379721 0.138927 0.302944 -0.745768 -0.146006 0.148955 -0.614507 -0.052654 0.007768 
-0.367252 0.191713 0.196279 -1.179162 1.321832 0.353361 -1.173998 1.261006 0.328270 -1.162699 1.321193 0.358299 -0.335726 0.383235 0.286851 -0.760047 -0.149049 0.136490 -0.407762 0.141051 0.318083 -0.615222 -0.058432 0.007294 -0.552537 -0.002846 0.116952 
-0.389565 0.193144 0.221377 -1.214874 1.328972 0.275458 -1.207677 1.268004 0.251229 -1.199163 1.328068 0.282400 -0.369415 0.384807 0.314848 -0.776021 -0.149508 0.118573 -0.616112 -0.060628 0.007184 
-0.414699 0.192384 0.250601 -1.238798 1.331056 0.210034 -1.229731 1.269256 0.188712 -1.223859 1.330317 0.218527 -0.404279 0.382512 0.348685 -0.788696 -0.148793 0.099581 -0.616768 -0.059976 0.007767 
-0.440995 0.187985 0.277965 -1.245206 1.350048 0.201066 -1.238705 1.286559 0.184247 -1.230537 1.349182 0.210004 -0.437655 0.377814 0.377120 -0.792976 -0.146761 0.086421 -0.616170 -0.053870 0.009033 
-0.467253 0.181637 0.296368 -1.252506 1.348089 0.196435 -1.244901 1.284753 0.179506 -1.238165 1.347283 0.205896 -0.468397 0.370741 0.396947 -0.795693 -0.145331 0.078405 -0.616556 -0.048839 0.011495 
-0.800031 -0.146319 0.075076 -1.265580 1.339732 0.188206 -1.255760 1.277108 0.169825 -1.251813 1.338875 0.198481 -0.492247 0.363666 0.410506 -0.487725 0.175655 0.307990 -0.618608 -0.048084 0.017513 
-0.803183 -0.148079 0.072389 -1.279563 1.332617 0.180818 -1.267980 1.270700 0.161119 -1.266296 1.331631 0.191720 -0.510742 0.360021 0.421074 -0.502203 0.172657 0.317637 -0.620221 -0.048583 0.022357 
-0.804439 -0.149673 0.070306 -1.292633 1.327965 0.176364 -1.280069 1.266557 0.155693 -1.279661 1.326836 0.187602 -0.523198 0.358584 0.428638 -0.511221 0.171757 0.324571 -0.621172 -0.048642 0.024657 
-0.803764 -0.150883 0.068914 -1.305748 1.324877 0.174428 -1.292799 1.263833 0.152935 -1.292899 1.323601 0.185792 -0.531216 0.357929 0.432642 -0.516345 0.171834 0.327641 -0.620827 -0.048000 0.026174 
-0.802499 -0.152121 0.068253 -1.319376 1.321876 0.172886 -1.306182 1.261227 0.150445 -1.306619 1.320417 0.184331 -0.536836 0.358326 0.434616 -0.519608 0.172662 0.329211 -0.620290 -0.047406 0.026875 
-0.800566 -0.153374 0.068409 -1.332262 1.319294 0.172926 -1.319064 1.258983 0.149596 -1.319487 1.317679 0.184329 -0.539589 0.359973 0.434087 -0.520621 0.174433 0.328764 -0.619496 -0.046829 0.026702 
-0.797949 -0.154524 0.069397 -1.343957 1.317443 0.174297 -1.330988 1.257387 0.150191 -1.331073 1.315705 0.185559 -0.539312 0.363083 0.430719 -0.519258 0.177362 0.325918 -0.618466 -0.046143 0.025615 
-0.794545 -0.155447 0.071241 -1.354791 1.316583 0.177083 -1.342363 1.256665 0.152357 -1.341706 1.314752 0.188096 -0.536052 0.367852 0.424317 -0.515562 0.181615 0.320520 -0.617178 -0.045226 0.023595 
-0.791046 -0.155482 0.073118 -1.364767 1.316976 0.181991 -1.353348 1.257034 0.156840 -1.351347 1.315089 0.192582 -0.529053 0.374091 0.416655 -0.508456 0.187695 0.313165 -0.615833 -0.043922 0.020846 
-0.787391 -0.154987 0.075344 -1.373052 1.317218 0.186552 -1.362549 1.257240 0.161091 -1.359318 1.315304 0.196727 -0.517434 0.382052 0.405509 -0.497568 0.195352 0.302425 -0.615032 -0.042479 0.016080 
-0.484761 0.203942 0.288196 -1.379812 1.314689 0.190726 -1.369600 1.254635 0.165323 -1.365783 1.312932 0.200520 -0.502742 0.391206 0.390600 -0.782586 -0.153658 0.078527 -0.614092 -0.040239 0.010531 
-0.471590 0.212771 0.274111 -1.385550 1.307677 0.196208 -1.375004 1.247240 0.171874 -1.371136 1.306446 0.205512 -0.486980 0.400959 0.375235 -0.778071 -0.152414 0.086278 -0.613407 -0.039383 0.008898 
-0.457620 0.221996 0.260617 -1.388970 1.296966 0.202307 -1.377453 1.236293 0.179023 -1.374172 1.296417 0.211056 -0.470028 0.411780 0.359135 -0.772927 -0.150640 0.095443 -0.612880 -0.038454 0.007826 
-0.443810 0.229406 0.247438 -1.387130 1.284471 0.211310 -1.374156 1.223286 0.190237 -1.371991 1.284873 0.219463 -0.452665 0.420318 0.344144 -0.767641 -0.148675 0.103837 -0.612197 -0.037509 0.007105 
-0.431289 0.233111 0.237905 -1.380377 1.268628 0.231726 -1.365222 1.207557 0.211809 -1.364975 1.269993 0.239261 -0.436993 0.424517 0.333869 -0.763368 -0.147546 0.110716 -0.611687 -0.037474 0.007011 
-0.421470 0.234051 0.228515 -1.372021 1.260063 0.257646 -1.356282 1.199361 0.237064 -1.356358 1.261786 0.264541 -0.423174 0.426340 0.322853 -0.757402 -0.147116 0.118015 -0.568125 0.023066 0.123495 -0.610709 -0.037418 0.006995 
-0.413397 0.233324 0.220437 -1.360734 1.259870 0.284867 -1.345852 1.199251 0.263424 -1.344802 1.261569 0.291122 -0.411341 0.426133 0.313700 -0.752375 -0.147613 0.123821 -0.563422 0.023002 0.121523 -0.610256 -0.037989 0.006933 
-0.407033 0.232192 0.213635 -1.347700 1.264348 0.310636 -1.334288 1.203664 0.288418 -1.331521 1.265859 0.316275 -0.401347 0.425438 0.305838 -0.747902 -0.147598 0.129067 -0.610005 -0.038138 0.007079 -0.446901 0.176478 0.333429 -0.559351 0.023227 0.119829 
-0.401246 0.231266 0.207704 -1.334032 1.271014 0.333904 -1.322321 1.210177 0.311152 -1.317645 1.272272 0.338976 -0.392457 0.424815 0.299025 -0.743945 -0.147616 0.133494 -0.609788 -0.038324 0.007262 -0.437693 0.176049 0.328810 -0.555833 0.023269 0.118344 
-1.322511 1.277570 0.353645 -1.312474 1.216632 0.330368 -1.305967 1.278535 0.358252 -0.384861 0.424560 0.293218 -0.740449 -0.147632 0.137139 -0.396148 0.230916 0.202375 -0.429504 0.175864 0.324444 -0.552807 0.023257 0.117019 -0.609614 -0.038408 0.007409 
-1.313471 1.281706 0.368749 -1.304606 1.220685 0.345214 -1.296818 1.282493 0.372982 -0.378437 0.424657 0.287923 -0.737311 -0.147581 0.140270 -0.391778 0.230923 0.197552 -0.422382 0.175997 0.320396 -0.550202 0.023325 0.115790 -0.609458 -0.038433 0.007537 
-1.306805 1.282605 0.380313 -1.298469 1.221558 0.356654 -1.290079 1.283362 0.384254 -0.373393 0.424841 0.283629 -0.548167 0.023383 0.114787 -0.388302 0.231050 0.193627 -0.416723 0.176195 0.317026 -0.734805 -0.147515 0.142675 -0.609326 -0.038441 0.007636 
-1.303201 1.282194 0.386436 -1.295035 1.221149 0.362711 -1.286440 1.282967 0.390216 -0.369949 0.425110 0.280567 -0.546755 0.023425 0.114064 -0.385851 0.231290 0.190799 -0.412695 0.176443 0.314554 -0.732981 -0.147517 0.144332 -0.609228 -0.038450 0.007704 
-1.302924 1.281682 0.385622 -1.294622 1.220604 0.362030 -1.286165 1.282499 0.389404 -0.368268 0.425723 0.278781 -0.546104 0.023504 0.113696 -0.384506 0.231884 0.189113 -0.410570 0.177015 0.313025 -0.732149 -0.147422 0.145147 -0.609184 -0.038445 0.007738 
-1.305347 1.281322 0.380041 -1.296756 1.220200 0.356669 -1.288615 1.282185 0.383934 -0.368753 0.426359 0.278878 -0.546321 0.023521 0.113786 -0.384627 0.232508 0.189169 -0.410909 0.177612 0.313023 -0.732508 -0.147306 0.144937 -0.609199 -0.038464 0.007729 
-1.309468 1.280743 0.372840 -1.300496 1.219618 0.349617 -1.292781 1.281645 0.376911 -0.371373 0.426616 0.281451 -0.547511 0.023430 0.114424 -0.386254 0.232878 0.191329 -0.413858 0.177820 0.314823 -0.734218 -0.147197 0.143486 -0.609288 -0.038462 0.007667 
-1.314760 1.280353 0.363369 -1.305408 1.219243 0.340258 -1.298132 1.281269 0.367674 -0.375568 0.426478 0.285250 -0.736479 -0.147202 0.141393 -0.389101 0.232808 0.194770 -0.418619 0.177669 0.317783 -0.549260 0.023345 0.115310 -0.609407 -0.038464 0.007578 
-1.321615 1.280207 0.350331 -1.311829 1.219114 0.327353 -1.305074 1.281116 0.354958 -0.381323 0.426200 0.290108 -0.739303 -0.147288 0.138622 -0.393072 0.232582 0.199269 -0.425074 0.177383 0.321633 -0.551586 0.023262 0.116424 -0.609557 -0.038470 0.007463 
-0.398238 0.232349 0.204832 -1.330095 1.280025 0.333312 -1.319750 1.218952 0.310528 -1.313675 1.280926 0.338352 -0.388781 0.425901 0.296078 -0.742799 -0.147389 0.135037 -0.433364 0.177070 0.326300 -0.609745 -0.038477 0.007317 -0.554569 0.023165 0.117770 
-0.404808 0.231707 0.212000 -1.339812 1.279511 0.313793 -1.328781 1.218471 0.291244 -1.323555 1.280400 0.319341 -0.398213 0.425025 0.303990 -0.747105 -0.147700 0.130225 -0.609981 -0.038521 0.007121 -0.443840 0.176141 0.332137 -0.558360 0.022819 0.119445 
-0.412755 0.230468 0.220180 -1.349730 1.278344 0.293653 -1.337944 1.217402 0.271222 -1.333665 1.279213 0.299734 -0.409290 0.423528 0.312883 -0.751709 -0.148124 0.124631 -0.562685 0.022393 0.121224 -0.610235 -0.038560 0.006909 
-0.421951 0.229007 0.229047 -1.359989 1.277175 0.270829 -1.347382 1.216346 0.248536 -1.344158 1.278011 0.277501 -0.421912 0.421846 0.322272 -0.756407 -0.148602 0.118720 -0.567478 0.021994 0.123267 -0.610499 -0.038589 0.006980 
-0.432294 0.227074 0.238565 -1.370383 1.275718 0.246386 -1.356877 1.215033 0.224230 -1.354843 1.276500 0.253719 -0.436083 0.419556 0.332447 -0.761215 -0.149459 0.111871 -0.610785 -0.038749 0.007030 
-0.443419 0.224442 0.249172 -1.379577 1.273173 0.226508 -1.365055 1.212689 0.204444 -1.364343 1.273931 0.234458 -0.451255 0.416073 0.344533 -0.766511 -0.150252 0.103742 -0.611133 -0.038892 0.007129 
-0.451575 0.222158 0.256556 -1.385324 1.272116 0.207084 -1.370260 1.211443 0.185921 -1.370329 1.272913 0.215472 -0.461738 0.412963 0.353343 -0.769155 -0.150829 0.099137 -0.611408 -0.038639 0.007447 
-0.456823 0.220399 0.261303 -1.387388 1.277426 0.205772 -1.373120 1.216198 0.185683 -1.372447 1.278121 0.214266 -0.468363 0.410759 0.358809 -0.770524 -0.151022 0.096358 -0.611521 -0.038101 0.007789 
-0.459247 0.219493 0.263565 -1.388515 1.276099 0.204992 -1.373921 1.215026 0.184668 -1.373620 1.276806 0.213564 -0.471520 0.409588 0.361499 -0.771455 -0.151239 0.094864 -0.611728 -0.038053 0.007949 
-0.459641 0.219419 0.263759 -1.389912 1.273849 0.203855 -1.374863 1.213012 0.183159 -1.375082 1.274564 0.212539 -0.472125 0.409405 0.361877 -0.771561 -0.151277 0.094490 -0.611731 -0.037952 0.007949 
-0.458808 0.219815 0.262971 -1.389890 1.272886 0.203776 -1.374665 1.212152 0.182905 -1.375062 1.273618 0.212463 -0.471107 0.409871 0.360977 -0.771271 -0.151200 0.094949 -0.611706 -0.037915 0.007868 
-0.456700 0.220572 0.260838 -1.388452 1.273277 0.204786 -1.373362 1.212504 0.183932 -1.373564 1.274029 0.213366 -0.468232 0.410895 0.358418 -0.770500 -0.150939 0.096359 -0.611643 -0.037891 0.007690 
-0.453022 0.221844 0.256997 -1.385891 1.274549 0.206594 -1.371160 1.213639 0.185882 -1.370896 1.275323 0.214984 -0.463157 0.412647 0.353791 -0.769082 -0.150433 0.098859 -0.611538 -0.037808 0.007354 
-0.448257 0.223174 0.252817 -1.382137 1.275119 0.209600 -1.367542 1.214094 0.189133 -1.367067 1.275957 0.217848 -0.456841 0.414316 0.349092 -0.767574 -0.149921 0.101503 -0.611377 -0.037786 0.007130 
-0.444352 0.223374 0.249564 -1.377482 1.275657 0.218045 -1.363136 1.214650 0.197348 -1.362294 1.276504 0.226074 -0.451202 0.414879 0.345254 -0.766042 -0.149554 0.104139 -0.611272 -0.037776 0.007031 
-0.440507 0.223206 0.246106 -1.371926 1.277279 0.229757 -1.358166 1.216188 0.208908 -1.356563 1.278115 0.237447 -0.445363 0.415146 0.341045 -0.764229 -0.149277 0.107074 -0.611162 -0.037811 0.006956 
-0.436126 0.222582 0.242176 -1.366589 1.278220 0.242734 -1.353439 1.217191 0.221323 -1.351077 1.278969 0.250127 -0.439080 0.414966 0.336291 -0.761955 -0.150008 0.110294 -0.611004 -0.038605 0.006947 
-0.431514 0.221563 0.237597 -1.361704 1.277730 0.254903 -1.349072 1.216822 0.232843 -1.346062 1.278395 0.262024 -0.432629 0.414383 0.330854 -0.759705 -0.151567 0.113714 -0.610865 -0.040540 0.006954 
-0.426884 0.220640 0.233176 -1.357539 1.275884 0.266795 -1.345262 1.215111 0.244168 -1.341779 1.276514 0.273655 -0.426526 0.413737 0.325864 -0.757760 -0.153391 0.116651 -0.610754 -0.042784 0.006956 
-0.422829 0.220456 0.229533 -1.354674 1.273910 0.276087 -1.342585 1.213244 0.253075 -1.338825 1.274544 0.282740 -0.421538 0.413639 0.322035 -0.756348 -0.154677 0.118786 -0.567512 0.016023 0.123242 -0.610678 -0.044448 0.006949 
-0.420208 0.220582 0.227205 -1.352497 1.273055 0.282026 -1.340532 1.212411 0.258892 -1.336590 1.273710 0.288536 -0.418234 0.413804 0.319612 -0.755386 -0.155130 0.120190 -0.566394 0.015438 0.122772 -0.610628 -0.045143 0.006939 
-0.418949 0.220790 0.226015 -1.351235 1.273060 0.284938 -1.339360 1.212405 0.261788 -1.335298 1.273725 0.291372 -0.416524 0.414048 0.318336 -0.754740 -0.155078 0.121012 -0.565733 0.015484 0.122491 -0.610592 -0.045153 0.006928 
-0.418581 0.221063 0.225609 -1.351366 1.272947 0.284730 -1.339462 1.212281 0.261623 -1.335429 1.273623 0.291166 -0.416102 0.414322 0.317927 -0.754564 -0.155040 0.121256 -0.565549 0.015518 0.122405 -0.610582 -0.045151 0.006926 
-0.419121 0.221336 0.226080 -1.352709 1.272784 0.281748 -1.340675 1.212110 0.258727 -1.336801 1.273471 0.288251 -0.416995 0.414553 0.318495 -0.754942 -0.155030 0.120853 -0.565890 0.015481 0.122541 -0.610607 -0.045177 0.006934 
-0.420655 0.221501 0.227538 -1.355089 1.272620 0.276276 -1.342844 1.211945 0.253371 -1.339235 1.273315 0.282909 -0.419293 0.414634 0.320143 -0.755889 -0.155048 0.119731 -0.566798 0.015400 0.122916 -0.610664 -0.045193 0.006950 
-0.423279 0.221475 0.230013 -1.358429 1.272438 0.268329 -1.345899 1.211773 0.245553 -1.342657 1.273133 0.275155 -0.423078 0.414495 0.322862 -0.757371 -0.155108 0.117883 -0.610754 -0.045201 0.006972 
-0.427046 0.221165 0.233517 -1.362689 1.272147 0.257910 -1.349791 1.211504 0.235281 -1.347031 1.272833 0.264996 -0.428400 0.414036 0.326665 -0.759335 -0.155277 0.115287 -0.610873 -0.045230 0.006998 
-0.431703 0.220285 0.238112 -1.366938 1.271590 0.248231 -1.353639 1.211006 0.225675 -1.351408 1.272256 0.255595 -0.434846 0.412848 0.331852 -0.761786 -0.155544 0.111867 -0.611028 -0.045292 0.007013 
-0.436134 0.219695 0.242778 -1.370300 1.271696 0.240236 -1.356679 1.211119 0.217856 -1.354880 1.272358 0.247829 -0.441113 0.411801 0.337373 -0.764528 -0.155536 0.108161 -0.611227 -0.045328 0.007015 
-0.439922 0.219250 0.246520 -1.373502 1.271871 0.232568 -1.359611 1.211310 0.210312 -1.358193 1.272510 0.240384 -0.446471 0.410994 0.341752 -0.766597 -0.155564 0.105250 -0.611374 -0.045358 0.007076 
-0.442727 0.218965 0.248843 -1.376645 1.271212 0.225208 -1.362437 1.210685 0.203059 -1.361444 1.271845 0.233231 -0.450237 0.410490 0.344442 -0.767635 -0.155580 0.103686 -0.611449 -0.045301 0.007133 
-0.443483 0.219726 0.249274 -1.379846 1.269839 0.218989 -1.365252 1.209355 0.196975 -1.364738 1.270502 0.227183 -0.451696 0.411097 0.345126 -0.767925 -0.155583 0.103208 -0.611470 -0.045251 0.007153 
-0.443733 0.220423 0.249436 -1.382310 1.268339 0.214495 -1.367375 1.207898 0.192590 -1.367270 1.269040 0.222812 -0.452516 0.411662 0.345501 -0.768046 -0.155692 0.102862 -0.611481 -0.045212 0.007159 
-0.443977 0.220741 0.249586 -1.383708 1.267175 0.212104 -1.368542 1.206765 0.190270 -1.368705 1.267912 0.220484 -0.453034 0.411920 0.345744 -0.768130 -0.155715 0.102690 -0.611483 -0.045196 0.007166 
-0.443987 0.220794 0.249600 -1.383989 1.266743 0.211777 -1.368756 1.206345 0.189960 -1.368992 1.267496 0.220165 -0.453083 0.411966 0.345769 -0.768129 -0.155711 0.102667 -0.611483 -0.045172 0.007164 
-0.443942 0.220714 0.249639 -1.383653 1.266929 0.212396 -1.368462 1.206527 0.190559 -1.368646 1.267677 0.220767 -0.452978 0.411909 0.345768 -0.768103 -0.155658 0.102718 -0.611502 -0.045106 0.007157 
-0.443869 0.220462 0.249615 -1.382815 1.267388 0.213989 -1.367734 1.206972 0.192114 -1.367783 1.268124 0.222316 -0.452704 0.411709 0.345657 -0.768057 -0.155609 0.102842 -0.611499 -0.045106 0.007153 
-0.443633 0.220134 0.249473 -1.381567 1.267996 0.216427 -1.366645 1.207562 0.194496 -1.366498 1.268719 0.224689 -0.452179 0.411446 0.345413 -0.767974 -0.155550 0.103031 -0.611494 -0.045107 0.007145 
-0.443277 0.219714 0.249253 -1.379929 1.268747 0.219640 -1.365211 1.208290 0.197632 -1.364812 1.269452 0.227813 -0.451448 0.411110 0.345058 -0.767849 -0.155483 0.103289 -0.611486 -0.045107 0.007135 
-0.442853 0.219171 0.248909 -1.377986 1.269562 0.223480 -1.363508 1.209084 0.201371 -1.362812 1.270244 0.231550 -0.450510 0.410692 0.344506 -0.767600 -0.155421 0.103716 -0.611469 -0.045105 0.007118 
-0.442044 0.218775 0.248141 -1.375887 1.270436 0.227620 -1.361670 1.209933 0.205411 -1.360651 1.271096 0.235576 -0.449048 0.410453 0.343474 -0.767123 -0.155345 0.104479 -0.611436 -0.045098 0.007089 
-0.440581 0.218800 0.246779 -1.373755 1.271366 0.231764 -1.359802 1.210827 0.209485 -1.358456 1.272008 0.239599 -0.446860 0.410633 0.341848 -0.766437 -0.155220 0.105583 -0.611390 -0.045089 0.007047 
-0.438502 0.219202 0.244863 -1.371602 1.272136 0.236039 -1.357891 1.211552 0.213734 -1.356237 1.272777 0.243742 -0.443967 0.411200 0.339649 -0.765533 -0.155038 0.107074 -0.611330 -0.045077 0.007035 
-0.436099 0.219689 0.242621 -1.369243 1.272637 0.240889 -1.355755 1.212007 0.218570 -1.353802 1.273293 0.248439 -0.440632 0.411877 0.337072 -0.764470 -0.154822 0.108810 -0.611261 -0.045063 0.007037 
-0.433446 0.220209 0.240119 -1.366567 1.273173 0.246350 -1.353327 1.212494 0.224019 -1.351045 1.273845 0.253729 -0.436948 0.412600 0.334200 -0.763264 -0.154589 0.110720 -0.611184 -0.045048 0.007038 
-0.430894 0.220251 0.237776 -1.364125 1.273473 0.252063 -1.351183 1.212807 0.229521 -1.348536 1.274108 0.259303 -0.433458 0.412894 0.331370 -0.761563 -0.154941 0.112670 -0.611052 -0.045111 0.007022 
-0.429064 0.219616 0.235699 -1.362243 1.272955 0.256897 -1.349509 1.212369 0.234023 -1.346606 1.273546 0.264035 -0.430695 0.412553 0.328707 -0.759891 -0.155689 0.114363 -0.610919 -0.045420 0.007006 
-0.427612 0.219189 0.234137 -1.361048 1.272017 0.260845 -1.348415 1.211511 0.237704 -1.345372 1.272591 0.267901 -0.428663 0.412279 0.326834 -0.758910 -0.156365 0.115488 -0.610846 -0.045981 0.006997 
-0.427154 0.219376 0.233697 -1.360978 1.271805 0.261869 -1.348373 1.211308 0.238689 -1.345288 1.272383 0.268891 -0.428147 0.412468 0.326391 -0.758725 -0.156423 0.115734 -0.610836 -0.046050 0.006994 
-0.427641 0.219586 0.234188 -1.362027 1.271723 0.259327 -1.349320 1.211218 0.236226 -1.346364 1.272308 0.266410 -0.428994 0.412621 0.326997 -0.759080 -0.156427 0.115281 -0.610859 -0.046052 0.006997 
-0.428929 0.219343 0.235411 -1.363270 1.271584 0.256517 -1.350455 1.211096 0.233430 -1.347642 1.272162 0.263677 -0.430764 0.412313 0.328346 -0.759713 -0.156512 0.114384 -0.610898 -0.046058 0.006999 
-0.430191 0.219496 0.236995 -1.364058 1.271986 0.254084 -1.351142 1.211460 0.231154 -1.348455 1.272583 0.261297 -0.432674 0.412259 0.330343 -0.760942 -0.156293 0.113046 -0.610993 -0.046073 0.007005 
-0.430883 0.219964 0.238035 -1.364715 1.272913 0.251682 -1.351781 1.212332 0.228909 -1.349136 1.273509 0.258946 -0.433987 0.412523 0.331785 -0.761924 -0.156088 0.111988 -0.611072 -0.046085 0.007009 
-0.431410 0.220297 0.238728 -1.365381 1.273280 0.249768 -1.352389 1.212668 0.227109 -1.349822 1.273884 0.257074 -0.434926 0.412723 0.332736 -0.762590 -0.155896 0.111319 -0.611127 -0.046092 0.007014 
-0.431789 0.220395 0.239132 -1.365867 1.273346 0.248605 -1.352830 1.212727 0.225989 -1.350322 1.273952 0.255940 -0.435515 0.412764 0.333251 -0.762910 -0.155815 0.110983 -0.611152 -0.046095 0.007017 
-0.431950 0.220399 0.239285 -1.366114 1.273285 0.248123 -1.353052 1.212670 0.225513 -1.350575 1.273892 0.255473 -0.435756 0.412750 0.333435 -0.762995 -0.155822 0.110859 -0.611158 -0.046096 0.007017 
-0.431915 0.220406 0.239249 -1.366077 1.273293 0.248192 -1.353019 1.212677 0.225583 -1.350538 1.273900 0.255540 -0.435707 0.412760 0.333394 -0.762979 -0.155819 0.110884 -0.611157 -0.046096 0.007016 
-0.431623 0.220464 0.238966 -1.365775 1.273353 0.248793 -1.352744 1.212731 0.226183 -1.350226 1.273961 0.256121 -0.435301 0.412841 0.333069 -0.762844 -0.155792 0.111096 -0.611149 -0.046094 0.007016 
-0.431308 0.220361 0.238605 -1.365391 1.273267 0.249771 -1.352400 1.212655 0.227112 -1.349832 1.273870 0.257077 -0.434790 0.412802 0.332585 -0.762534 -0.155844 0.111451 -0.611124 -0.046091 0.007013 
-0.431076 0.220162 0.238265 -1.365045 1.273086 0.250753 -1.352084 1.212491 0.228032 -1.349475 1.273685 0.258037 -0.434333 0.412677 0.332101 -0.762202 -0.155916 0.111810 -0.611098 -0.046087 0.007011 
-0.430885 0.220002 0.237988 -1.364762 1.272940 0.251549 -1.351827 1.212358 0.228779 -1.349184 1.273535 0.258817 -0.433961 0.412577 0.331706 -0.761932 -0.155974 0.112101 -0.611076 -0.046083 0.007009 
-0.430762 0.219904 0.237813 -1.364583 1.272849 0.252050 -1.351664 1.212275 0.229249 -1.349000 1.273442 0.259306 -0.433725 0.412517 0.331457 -0.761763 -0.156010 0.112282 -0.611062 -0.046081 0.007007 
-0.430718 0.219875 0.237751 -1.364522 1.272820 0.252217 -1.351609 1.212249 0.229406 -1.348937 1.273412 0.259470 -0.433643 0.412499 0.331373 -0.761707 -0.156021 0.112342 -0.611058 -0.046081 0.007006 
-0.430719 0.219875 0.237752 -1.364524 1.272820 0.252212 -1.351610 1.212249 0.229401 -1.348939 1.273412 0.259464 -0.433646 0.412499 0.331374 -0.761708 -0.156021 0.112341 -0.611058 -0.046081 0.007006 
-0.430721 0.219875 0.237753 -1.364526 1.272820 0.252207 -1.351612 1.212248 0.229397 -1.348941 1.273411 0.259460 -0.433648 0.412499 0.331374 -0.761708 -0.156021 0.112339 -0.611058 -0.046081 0.007005 
-0.430722 0.219874 0.237754 -1.364527 1.272819 0.252203 -1.351614 1.212248 0.229392 -1.348943 1.273411 0.259456 -0.433650 0.412499 0.331376 -0.761709 -0.156022 0.112338 -0.611058 -0.046081 0.007005 
-0.430723 0.219875 0.237754 -1.364528 1.272819 0.252201 -1.351614 1.212248 0.229390 -1.348943 1.273411 0.259454 -0.433650 0.412499 0.331375 -0.761709 -0.156022 0.112338 -0.611058 -0.046081 0.007004 
-0.430722 0.219875 0.237753 -1.364528 1.272819 0.252200 -1.351614 1.212248 0.229390 -1.348943 1.273411 0.259453 -0.433650 0.412499 0.331375 -0.761709 -0.156022 0.112337 -0.611058 -0.046081 0.007004 
-0.430722 0.219875 0.237753 -1.364528 1.272819 0.252199 -1.351614 1.212248 0.229389 -1.348943 1.273411 0.259452 -0.433650 0.412499 0.331374 -0.761709 -0.156022 0.112337 -0.611058 -0.046081 0.007004 
-0.430723 0.219875 0.237753 -1.364529 1.272819 0.252197 -1.351615 1.212248 0.229387 -1.348944 1.273411 0.259450 -0.433651 0.412500 0.331375 -0.761709 -0.156022 0.112336 -0.611058 -0.046081 0.007004 
-0.430721 0.219879 0.237753 -1.364531 1.272819 0.252193 -1.351616 1.212248 0.229382 -1.348946 1.273410 0.259446 -0.433653 0.412502 0.331377 -0.761710 -0.156022 0.112335 -0.611058 -0.046081 0.007003 
-0.430717 0.219885 0.237754 -1.364531 1.272817 0.252192 -1.351617 1.212246 0.229380 -1.348947 1.273409 0.259445 -0.433653 0.412508 0.331380 -0.761710 -0.156022 0.112335 -0.611058 -0.046081 0.007003 
-0.430707 0.219901 0.237765 -1.364533 1.272813 0.252190 -1.351618 1.212244 0.229373 -1.348949 1.273403 0.259443 -0.433652 0.412525 0.331388 -0.761710 -0.156022 0.112335 -0.611058 -0.046081 0.007003 
-0.430696 0.219921 0.237779 -1.364530 1.272824 0.252186 -1.351615 1.212258 0.229361 -1.348946 1.273413 0.259440 -0.433651 0.412546 0.331398 -0.761710 -0.156022 0.112335 -0.611058 -0.046081 0.007003 
