0.000673 0.005399 0.999985 0.000384 -0.000046 1.000000 0.000263 -0.000038 1.000000 0.000640 0.005401 0.999985 
0.000869 0.006987 0.999975 0.001248 -0.000150 0.999999 0.001089 -0.000155 0.999999 0.000826 0.006985 0.999975 
0.000609 0.004891 0.999988 0.001833 -0.000220 0.999998 0.001718 -0.000245 0.999998 0.000578 0.004883 0.999988 
0.000552 0.004429 0.999990 0.001648 -0.000198 0.999999 0.001544 -0.000221 0.999999 0.000523 0.004422 0.999990 
0.000500 0.004011 0.999992 0.001484 -0.000178 0.999999 0.001391 -0.000199 0.999999 0.000474 0.004005 0.999992 
0.000784 0.006323 0.999980 0.000025 -0.000003 1.000000 -0.000116 0.000017 1.000000 0.000745 0.006327 0.999980 
0.000980 0.007934 0.999968 -0.001167 0.000139 0.999999 -0.001340 0.000190 0.999999 0.000932 0.007947 0.999968 
0.000887 0.007179 0.999974 -0.001106 0.000132 0.999999 -0.001263 0.000179 0.999999 0.000843 0.007191 0.999974 
0.000915 0.007420 0.999972 -0.001903 0.000226 0.999998 -0.002062 0.000292 0.999998 0.000871 0.007437 0.999972 
0.000826 0.006694 0.999977 -0.001847 0.000220 0.999998 -0.001990 0.000282 0.999998 0.000786 0.006710 0.999977 
0.000755 0.006122 0.999981 -0.003834 0.000456 0.999993 -0.003959 0.000561 0.999992 0.000721 0.006150 0.999981 
0.000687 0.005565 0.999984 -0.009614 0.001143 0.999953 -0.009708 0.001374 0.999952 0.000659 0.005628 0.999984 
0.000690 0.005461 0.999985 -0.009024 0.001100 0.999959 -0.009117 0.001318 0.999958 0.000663 0.005521 0.999985 
0.000624 0.004940 0.999988 -0.008235 0.001004 0.999966 -0.008319 0.001203 0.999965 0.000600 0.004994 0.999987 
0.000563 0.004458 0.999990 -0.007533 0.000918 0.999971 -0.007608 0.001100 0.999970 0.000541 0.004507 0.999990 
0.000511 0.004045 0.999992 -0.009471 0.001154 0.999954 -0.009531 0.001378 0.999954 0.000493 0.004106 0.999991 
0.000465 0.003679 0.999993 -0.017828 0.002172 0.999839 -0.017854 0.002581 0.999837 0.000455 0.003791 0.999993 
0.001202 0.008868 0.999960 -0.021099 0.002763 0.999774 -0.021226 0.003262 0.999769 0.001165 0.009005 0.999959 
0.003361 0.020913 0.999776 -0.019991 0.003115 0.999795 -0.020379 0.003642 0.999786 0.003252 0.021055 0.999773 
0.003209 0.017735 0.999838 -0.019722 0.003473 0.999799 -0.020030 0.003990 0.999791 0.003122 0.017875 0.999835 
0.002152 0.011058 0.999937 -0.003713 0.124962 0.992155 0.048027 -0.009368 0.998802 0.008139 0.000431 0.999967 -0.005723 0.001526 0.999982 
0.002685 0.015374 0.999878 -0.001460 0.086519 0.996249 0.000812 0.000033 1.000000 -0.010462 0.002925 0.999941 -0.023439 0.004127 0.999717 0.040888 -0.008894 0.999124 
0.008702 0.052429 0.998587 -0.000082 0.039773 0.999209 0.001728 0.000045 0.999999 -0.010974 0.003670 0.999933 -0.025239 0.004199 0.999673 -0.009999 0.002828 0.999946 
0.012128 0.072206 0.997316 0.000111 0.017984 0.999838 0.003520 0.000063 0.999994 -0.009893 0.003686 0.999944 -0.022863 0.003842 0.999731 -0.032732 0.010632 0.999408 
0.010701 0.062633 0.997979 0.000148 0.011249 0.999937 0.006078 0.000066 0.999982 -0.007633 0.002856 0.999967 -0.016695 0.002864 0.999857 -0.029758 0.009734 0.999510 
0.008769 0.051216 0.998649 0.000105 0.006980 0.999976 0.009505 0.000085 0.999955 -0.004423 0.001657 0.999989 -0.007654 0.001321 0.999970 -0.024082 0.007901 0.999679 
0.007261 0.043349 0.999034 0.000056 0.004887 0.999988 0.014855 0.000186 0.999890 -0.001986 0.000742 0.999998 -0.000062 0.000011 1.000000 -0.018886 0.006189 0.999802 
0.006584 0.040050 0.999176 0.000041 0.006802 0.999977 0.019709 0.000352 0.999806 -0.001840 0.000686 0.999998 -0.000038 0.000006 1.000000 -0.014040 0.004589 0.999891 
0.006382 0.038828 0.999226 0.000046 0.011247 0.999937 0.026042 0.000513 0.999661 -0.001674 0.000620 0.999998 0.000053 -0.000009 1.000000 -0.008414 0.002726 0.999961 
0.006105 0.037146 0.999291 0.000038 0.015785 0.999875 0.030120 0.000638 0.999546 -0.001488 0.000543 0.999999 0.000415 -0.000069 1.000000 -0.003335 0.001058 0.999994 
0.005637 0.034191 0.999399 0.000034 0.019357 0.999813 0.033622 0.000729 0.999434 -0.001177 0.000421 0.999999 0.002057 -0.000343 0.999998 0.001431 -0.000443 0.999999 
0.005009 0.030221 0.999531 0.000047 0.021897 0.999760 0.036646 0.000775 0.999328 -0.000922 0.000324 1.000000 0.003126 -0.000524 0.999995 0.006212 -0.001878 0.999979 
0.004389 0.026331 0.999644 0.000079 0.022817 0.999740 0.039368 0.000776 0.999224 -0.000785 0.000272 1.000000 0.003090 -0.000521 0.999995 0.010204 -0.003032 0.999943 
0.003782 0.022450 0.999741 0.000131 0.022844 0.999739 0.041743 0.000726 0.999128 -0.000676 0.000232 1.000000 0.002823 -0.000481 0.999996 0.013600 -0.004000 0.999900 
0.003202 0.018715 0.999820 0.000189 0.022190 0.999754 0.043562 0.000637 0.999051 -0.000591 0.000202 1.000000 0.002393 -0.000414 0.999997 0.016340 -0.004787 0.999855 
0.002559 0.014635 0.999890 0.000243 0.021024 0.999779 0.044424 0.000515 0.999013 -0.000481 0.000165 1.000000 0.002098 -0.000371 0.999998 0.018612 -0.005444 0.999812 
0.001727 0.009668 0.999952 0.000278 0.019153 0.999817 0.044413 0.000387 0.999013 -0.000477 0.000164 1.000000 0.001690 -0.000305 0.999999 0.020606 -0.006014 0.999770 
0.000858 0.004736 0.999988 0.000273 0.016344 0.999866 0.043650 0.000291 0.999047 -0.000409 0.000140 1.000000 0.001172 -0.000214 0.999999 0.021873 -0.006376 0.999740 
0.000014 0.000079 1.000000 0.000231 0.012726 0.999919 0.042275 0.000229 0.999106 -0.000358 0.000123 1.000000 0.000502 -0.000093 1.000000 0.022325 -0.006504 0.999730 
0.001085 0.005911 0.999982 0.000154 0.008666 0.999962 0.040024 0.000238 0.999199 0.002954 -0.001016 0.999995 0.005192 -0.000963 0.999986 0.017703 -0.005168 0.999830 
0.001481 0.008040 0.999967 0.000077 0.004819 0.999988 0.037506 0.000294 0.999296 0.004247 -0.001463 0.999990 0.007796 -0.001450 0.999969 0.013794 -0.004023 0.999897 
0.002212 0.012073 0.999925 0.000017 0.001187 0.999999 0.034935 0.000345 0.999390 0.006086 -0.002103 0.999979 0.008909 -0.001650 0.999959 0.010034 -0.002935 0.999945 
0.002320 0.012688 0.999917 0.000015 0.001163 0.999999 0.032751 0.000364 0.999463 0.006521 -0.002255 0.999976 0.009397 -0.001736 0.999954 0.009162 -0.002682 0.999954 
0.002158 0.011814 0.999928 -0.000002 -0.000167 1.000000 0.032718 0.000404 0.999465 0.005995 -0.002074 0.999980 0.008158 -0.001506 0.999966 0.008771 -0.002567 0.999958 
0.001942 0.010628 0.999942 -0.000001 -0.000155 1.000000 0.031385 0.000461 0.999507 0.005411 -0.001869 0.999984 0.007313 -0.001350 0.999972 0.008653 -0.002524 0.999959 
0.001874 0.010251 0.999946 -0.000011 -0.001354 0.999999 0.031057 0.000495 0.999517 0.005873 -0.002029 0.999981 0.008930 -0.001650 0.999959 0.007974 -0.002324 0.999966 
0.001694 0.009267 0.999956 -0.000008 -0.001232 0.999999 0.029884 0.000517 0.999553 0.005316 -0.001835 0.999984 0.008077 -0.001492 0.999966 0.007887 -0.002295 0.999966 
0.001532 0.008379 0.999964 -0.000007 -0.001122 0.999999 0.028505 0.000512 0.999594 0.004815 -0.001662 0.999987 0.007319 -0.001352 0.999972 0.007683 -0.002233 0.999968 
0.001386 0.007579 0.999970 -0.000006 -0.001030 0.999999 0.027253 0.000499 0.999628 0.004364 -0.001506 0.999989 0.006639 -0.001226 0.999977 0.007490 -0.002177 0.999970 
0.001255 0.006865 0.999976 -0.000005 -0.000952 1.000000 0.026669 0.000492 0.999644 0.003967 -0.001369 0.999991 0.006035 -0.001114 0.999981 0.007518 -0.002184 0.999969 
0.001138 0.006222 0.999980 -0.000005 -0.000880 1.000000 0.026218 0.000480 0.999656 0.003607 -0.001245 0.999993 0.005491 -0.001014 0.999984 0.007566 -0.002199 0.999969 
0.001404 0.007680 0.999970 -0.000006 -0.001029 0.999999 0.025770 0.000467 0.999668 0.004354 -0.001504 0.999989 0.005969 -0.001102 0.999982 0.007123 -0.002073 0.999972 
0.001258 0.006887 0.999975 -0.000007 -0.001112 0.999999 0.025678 0.000464 0.999670 0.004535 -0.001567 0.999988 0.007063 -0.001304 0.999974 0.007300 -0.002126 0.999971 
0.001242 0.006798 0.999976 -0.000006 -0.000985 1.000000 0.025401 0.000462 0.999677 0.004297 -0.001485 0.999990 0.006385 -0.001179 0.999979 0.007310 -0.002129 0.999971 
0.001126 0.006164 0.999980 -0.000005 -0.000864 1.000000 0.025543 0.000464 0.999674 0.003871 -0.001338 0.999992 0.005816 -0.001073 0.999983 0.007537 -0.002195 0.999969 
0.001022 0.005591 0.999984 -0.000005 -0.000761 1.000000 0.025538 0.000464 0.999674 0.003510 -0.001213 0.999993 0.005304 -0.000979 0.999985 0.007716 -0.002247 0.999968 
0.001138 0.006239 0.999980 -0.000005 -0.000816 1.000000 0.025678 0.000464 0.999670 0.003744 -0.001295 0.999992 0.004907 -0.000904 0.999988 0.007769 -0.002265 0.999967 
0.001561 0.008570 0.999962 -0.000004 -0.000697 1.000000 0.025464 0.000461 0.999676 0.004948 -0.001714 0.999986 0.006995 -0.001287 0.999975 0.006964 -0.002035 0.999974 
0.001410 0.007743 0.999969 -0.000004 -0.000602 1.000000 0.025620 0.000464 0.999672 0.004480 -0.001551 0.999989 0.006353 -0.001169 0.999979 0.007275 -0.002126 0.999971 
0.001279 0.007022 0.999975 -0.000003 -0.000517 1.000000 0.025686 0.000465 0.999670 0.004060 -0.001406 0.999991 0.005780 -0.001063 0.999983 0.007513 -0.002195 0.999969 
0.001160 0.006369 0.999979 -0.000003 -0.000437 1.000000 0.025700 0.000465 0.999670 0.003679 -0.001274 0.999992 0.005271 -0.000970 0.999986 0.007709 -0.002253 0.999968 
0.001387 0.007625 0.999970 -0.000003 -0.000456 1.000000 0.026083 0.000474 0.999660 0.004450 -0.001542 0.999989 0.006839 -0.001257 0.999976 0.007382 -0.002160 0.999970 
0.001258 0.006919 0.999975 -0.000002 -0.000381 1.000000 0.026210 0.000475 0.999656 0.004024 -0.001395 0.999991 0.006236 -0.001146 0.999980 0.007632 -0.002233 0.999968 
0.001143 0.006284 0.999980 -0.000002 -0.000315 1.000000 0.026196 0.000475 0.999657 0.003649 -0.001265 0.999993 0.005691 -0.001046 0.999983 0.007820 -0.002289 0.999967 
0.001038 0.005708 0.999983 -0.000002 -0.000252 1.000000 0.026168 0.000474 0.999657 0.003309 -0.001147 0.999994 0.005201 -0.000956 0.999986 0.007984 -0.002336 0.999965 
0.000944 0.005188 0.999986 -0.000001 -0.000232 1.000000 0.026117 0.000473 0.999659 0.003014 -0.001045 0.999995 0.004765 -0.000876 0.999988 0.008112 -0.002374 0.999964 
0.000857 0.004714 0.999989 -0.000001 -0.000206 1.000000 0.026022 0.000471 0.999661 0.002740 -0.000950 0.999996 0.004353 -0.000800 0.999990 0.008216 -0.002405 0.999963 
0.000780 0.004289 0.999990 -0.000001 -0.000155 1.000000 0.026034 0.000470 0.999661 0.002468 -0.000856 0.999997 0.003988 -0.000733 0.999992 0.008329 -0.002438 0.999962 
0.000710 0.003903 0.999992 -0.000001 -0.000134 1.000000 0.025902 0.000466 0.999664 0.002246 -0.000779 0.999997 0.003659 -0.000672 0.999993 0.008391 -0.002456 0.999962 
0.000647 0.003556 0.999993 -0.000001 -0.000122 1.000000 0.025745 0.000462 0.999668 0.002046 -0.000709 0.999998 0.003365 -0.000618 0.999994 0.008429 -0.002467 0.999961 
0.000590 0.003246 0.999995 -0.000001 -0.000105 1.000000 0.025564 0.000458 0.999673 0.001867 -0.000647 0.999998 0.003104 -0.000570 0.999995 0.008448 -0.002473 0.999961 
0.000584 0.003212 0.999995 -0.000001 -0.000085 1.000000 0.025365 0.000454 0.999678 0.001844 -0.000639 0.999998 0.003124 -0.000574 0.999995 0.008373 -0.002452 0.999962 
0.001016 0.005601 0.999984 -0.000001 -0.000143 1.000000 0.024977 0.000447 0.999688 0.002768 -0.000961 0.999996 0.003109 -0.000570 0.999995 0.007843 -0.002302 0.999967 
0.001321 0.007301 0.999972 -0.000001 -0.000198 1.000000 0.024890 0.000444 0.999690 0.003811 -0.001325 0.999992 0.003665 -0.000670 0.999993 0.007753 -0.002280 0.999967 
0.001197 0.006614 0.999977 -0.000001 -0.000168 1.000000 0.024814 0.000442 0.999692 0.003458 -0.001202 0.999993 0.003353 -0.000613 0.999994 0.007863 -0.002312 0.999966 
0.001085 0.005998 0.999981 -0.000001 -0.000150 1.000000 0.024706 0.000440 0.999695 0.003142 -0.001092 0.999994 0.003082 -0.000563 0.999995 0.007940 -0.002335 0.999966 
0.000984 0.005440 0.999985 -0.000001 -0.000127 1.000000 0.024566 0.000438 0.999698 0.002856 -0.000993 0.999995 0.002841 -0.000519 0.999996 0.007996 -0.002351 0.999965 
0.000845 0.004672 0.999989 -0.000001 -0.000108 1.000000 0.024437 0.000435 0.999701 0.002606 -0.000906 0.999996 0.002867 -0.000524 0.999996 0.008116 -0.002386 0.999964 
0.000939 0.005191 0.999986 -0.000001 -0.000083 1.000000 0.024304 0.000432 0.999705 0.002911 -0.001012 0.999995 0.003647 -0.000667 0.999993 0.007828 -0.002303 0.999967 
0.000851 0.004704 0.999989 -0.000000 -0.000062 1.000000 0.024185 0.000430 0.999707 0.002642 -0.000919 0.999996 0.003332 -0.000609 0.999994 0.007896 -0.002323 0.999966 
0.000774 0.004279 0.999991 -0.000000 -0.000049 1.000000 0.024067 0.000428 0.999710 0.002406 -0.000837 0.999997 0.003074 -0.000562 0.999995 0.007940 -0.002336 0.999966 
0.000704 0.003889 0.999992 -0.000000 -0.000037 1.000000 0.023948 0.000426 0.999713 0.002190 -0.000761 0.999997 0.002826 -0.000517 0.999996 0.007979 -0.002347 0.999965 
0.000640 0.003539 0.999994 -0.000000 -0.000027 1.000000 0.023833 0.000424 0.999716 0.001994 -0.000693 0.999998 0.002604 -0.000476 0.999996 0.008011 -0.002357 0.999965 
0.000903 0.005001 0.999987 -0.000000 -0.000004 1.000000 0.023556 0.000419 0.999722 0.002903 -0.001010 0.999995 0.003167 -0.000578 0.999995 0.007880 -0.002323 0.999966 
0.001394 0.007729 0.999969 -0.000001 -0.000132 1.000000 0.023413 0.000416 0.999726 0.004349 -0.001516 0.999989 0.005440 -0.000991 0.999985 0.006930 -0.002047 0.999974 
0.001263 0.007004 0.999975 -0.000001 -0.000106 1.000000 0.023460 0.000417 0.999725 0.003945 -0.001376 0.999991 0.004959 -0.000903 0.999987 0.007113 -0.002101 0.999972 
0.001144 0.006345 0.999979 -0.000001 -0.000087 1.000000 0.023513 0.000417 0.999723 0.003581 -0.001249 0.999993 0.004524 -0.000824 0.999989 0.007281 -0.002151 0.999971 
0.001037 0.005751 0.999983 -0.000000 -0.000072 1.000000 0.023520 0.000418 0.999723 0.003252 -0.001134 0.999994 0.004133 -0.000753 0.999991 0.007417 -0.002191 0.999970 
0.001600 0.008868 0.999959 -0.000000 -0.000055 1.000000 0.023911 0.000424 0.999714 0.004771 -0.001666 0.999987 0.006311 -0.001150 0.999979 0.006638 -0.001965 0.999976 
0.001492 0.008284 0.999965 -0.000001 -0.000148 1.000000 0.024254 0.000429 0.999706 0.004489 -0.001568 0.999989 0.005518 -0.001004 0.999984 0.007034 -0.002083 0.999973 
0.001351 0.007498 0.999971 -0.000001 -0.000119 1.000000 0.024371 0.000431 0.999703 0.004071 -0.001422 0.999991 0.005027 -0.000915 0.999987 0.007268 -0.002152 0.999971 
0.001184 0.006575 0.999978 -0.000001 -0.000083 1.000000 0.024426 0.000432 0.999702 0.003700 -0.001292 0.999992 0.004794 -0.000872 0.999988 0.007518 -0.002226 0.999969 
0.001075 0.005968 0.999982 -0.000000 -0.000065 1.000000 0.024406 0.000432 0.999702 0.003363 -0.001174 0.999994 0.004394 -0.000799 0.999990 0.007647 -0.002264 0.999968 
0.000976 0.005417 0.999985 -0.000000 -0.000050 1.000000 0.024334 0.000430 0.999704 0.003056 -0.001067 0.999995 0.004020 -0.000731 0.999992 0.007746 -0.002293 0.999967 
0.000887 0.004922 0.999987 -0.000000 -0.000041 1.000000 0.024204 0.000428 0.999707 0.002780 -0.000971 0.999996 0.003687 -0.000671 0.999993 0.007806 -0.002311 0.999967 
0.000807 0.004478 0.999990 -0.000000 -0.000031 1.000000 0.024055 0.000425 0.999711 0.002531 -0.000884 0.999996 0.003393 -0.000617 0.999994 0.007846 -0.002323 0.999967 
0.000734 0.004078 0.999991 -0.000000 -0.000024 1.000000 0.023911 0.000422 0.999714 0.002306 -0.000805 0.999997 0.003132 -0.000570 0.999995 0.007875 -0.002332 0.999966 
0.000670 0.003719 0.999993 -0.000000 -0.000020 1.000000 0.023771 0.000420 0.999717 0.002104 -0.000735 0.999998 0.002898 -0.000527 0.999996 0.007896 -0.002338 0.999966 
0.000610 0.003386 0.999994 -0.000000 -0.000012 1.000000 0.023661 0.000416 0.999720 0.001915 -0.000669 0.999998 0.002669 -0.000486 0.999996 0.007927 -0.002348 0.999966 
0.000556 0.003086 0.999995 -0.000000 -0.000012 1.000000 0.023536 0.000413 0.999723 0.001747 -0.000610 0.999998 0.002466 -0.000449 0.999997 0.007943 -0.002353 0.999966 
0.000507 0.002813 0.999996 -0.000000 -0.000018 1.000000 0.023405 0.000410 0.999726 0.001594 -0.000557 0.999999 0.002277 -0.000414 0.999997 0.007950 -0.002355 0.999966 
0.000463 0.002568 0.999997 -0.000000 -0.000023 1.000000 0.023268 0.000408 0.999729 0.001458 -0.000509 0.999999 0.002114 -0.000385 0.999998 0.007946 -0.002354 0.999966 
0.001133 0.006315 0.999979 -0.000000 -0.000016 1.000000 0.023515 0.000413 0.999723 0.003542 -0.001240 0.999993 0.003537 -0.000641 0.999994 0.007667 -0.002279 0.999968 
0.001475 0.008246 0.999965 -0.000001 -0.000201 1.000000 0.023615 0.000415 0.999721 0.004192 -0.001470 0.999990 0.003268 -0.000591 0.999994 0.007299 -0.002175 0.999971 
0.001336 0.007466 0.999971 -0.000001 -0.000177 1.000000 0.023660 0.000415 0.999720 0.003806 -0.001334 0.999992 0.003003 -0.000543 0.999995 0.007450 -0.002220 0.999970 
0.001209 0.006759 0.999976 -0.000001 -0.000156 1.000000 0.023674 0.000416 0.999720 0.003454 -0.001211 0.999993 0.002755 -0.000498 0.999996 0.007577 -0.002258 0.999969 
0.001096 0.006125 0.999981 -0.000001 -0.000140 1.000000 0.023653 0.000415 0.999720 0.003139 -0.001100 0.999994 0.002539 -0.000459 0.999997 0.007675 -0.002287 0.999968 
0.000993 0.005552 0.999984 -0.000001 -0.000125 1.000000 0.023580 0.000414 0.999722 0.002853 -0.001000 0.999995 0.002342 -0.000423 0.999997 0.007743 -0.002308 0.999967 
0.000900 0.005030 0.999987 -0.000001 -0.000115 1.000000 0.023447 0.000411 0.999725 0.002593 -0.000909 0.999996 0.002158 -0.000390 0.999998 0.007780 -0.002319 0.999967 
0.000817 0.004564 0.999989 -0.000001 -0.000116 1.000000 0.023302 0.000409 0.999728 0.002360 -0.000828 0.999997 0.001995 -0.000361 0.999998 0.007797 -0.002324 0.999967 
0.000741 0.004141 0.999991 -0.000001 -0.000111 1.000000 0.023168 0.000406 0.999732 0.002149 -0.000753 0.999997 0.001849 -0.000334 0.999998 0.007813 -0.002329 0.999967 
0.001011 0.005644 0.999984 -0.000001 -0.000116 1.000000 0.023512 0.000412 0.999723 0.002977 -0.001044 0.999995 0.003820 -0.000692 0.999992 0.007250 -0.002162 0.999971 
0.000918 0.005125 0.999986 -0.000001 -0.000104 1.000000 0.023424 0.000410 0.999726 0.002709 -0.000951 0.999996 0.003503 -0.000634 0.999994 0.007346 -0.002190 0.999971 
0.000834 0.004656 0.999989 -0.000001 -0.000095 1.000000 0.023314 0.000408 0.999728 0.002465 -0.000865 0.999997 0.003216 -0.000582 0.999995 0.007417 -0.002212 0.999970 
0.000760 0.004239 0.999991 -0.000001 -0.000082 1.000000 0.023199 0.000406 0.999731 0.002246 -0.000788 0.999997 0.002963 -0.000536 0.999995 0.007474 -0.002229 0.999970 
0.000693 0.003865 0.999992 -0.000001 -0.000078 1.000000 0.023092 0.000403 0.999733 0.002051 -0.000720 0.999998 0.002738 -0.000496 0.999996 0.007519 -0.002242 0.999969 
0.001047 0.005854 0.999982 -0.000002 -0.000279 1.000000 0.023142 0.000404 0.999732 0.003074 -0.001080 0.999995 0.002859 -0.000516 0.999996 0.007368 -0.002202 0.999970 
0.000948 0.005303 0.999985 -0.000002 -0.000252 1.000000 0.023117 0.000403 0.999733 0.002792 -0.000981 0.999996 0.002619 -0.000473 0.999996 0.007468 -0.002232 0.999970 
0.001153 0.006460 0.999978 -0.000003 -0.000424 1.000000 0.023235 0.000404 0.999730 0.003593 -0.001264 0.999993 0.003348 -0.000604 0.999994 0.007366 -0.002206 0.999970 
0.001049 0.005876 0.999982 -0.000003 -0.000388 1.000000 0.023256 0.000405 0.999729 0.003272 -0.001151 0.999994 0.003099 -0.000559 0.999995 0.007467 -0.002236 0.999970 
0.000955 0.005348 0.999985 -0.000002 -0.000352 1.000000 0.023245 0.000404 0.999730 0.002980 -0.001048 0.999995 0.002867 -0.000517 0.999996 0.007550 -0.002261 0.999969 
0.000868 0.004864 0.999988 -0.000002 -0.000328 1.000000 0.023211 0.000403 0.999731 0.002713 -0.000955 0.999996 0.002650 -0.000478 0.999996 0.007615 -0.002281 0.999968 
0.000790 0.004428 0.999990 -0.000002 -0.000306 1.000000 0.023143 0.000402 0.999732 0.002473 -0.000870 0.999997 0.002453 -0.000442 0.999997 0.007660 -0.002295 0.999968 
0.001028 0.005768 0.999983 -0.000002 -0.000280 1.000000 0.023017 0.000399 0.999735 0.002672 -0.000940 0.999996 0.000581 -0.000105 1.000000 0.007773 -0.002331 0.999967 
0.000857 0.004807 0.999988 -0.000002 -0.000259 1.000000 0.022968 0.000400 0.999736 0.002440 -0.000859 0.999997 0.000556 -0.000100 1.000000 0.008078 -0.002422 0.999964 
0.001146 0.006440 0.999979 -0.000002 -0.000229 1.000000 0.022769 0.000398 0.999741 0.003364 -0.001186 0.999994 0.000993 -0.000178 0.999999 0.007947 -0.002387 0.999966 
0.001041 0.005849 0.999982 -0.000001 -0.000218 1.000000 0.022789 0.000399 0.999740 0.003063 -0.001079 0.999995 0.000959 -0.000172 1.000000 0.007979 -0.002396 0.999965 
0.000945 0.005312 0.999985 -0.000001 -0.000202 1.000000 0.022769 0.000399 0.999741 0.002788 -0.000983 0.999996 0.000920 -0.000165 1.000000 0.007998 -0.002402 0.999965 
0.000859 0.004828 0.999988 -0.000001 -0.000192 1.000000 0.022730 0.000398 0.999742 0.002539 -0.000895 0.999996 0.000876 -0.000157 1.000000 0.008007 -0.002405 0.999965 
0.000782 0.004395 0.999990 -0.000001 -0.000188 1.000000 0.022685 0.000397 0.999743 0.002315 -0.000816 0.999997 0.000831 -0.000149 1.000000 0.008009 -0.002406 0.999965 
0.000712 0.004002 0.999992 -0.000001 -0.000182 1.000000 0.022639 0.000396 0.999744 0.002112 -0.000744 0.999997 0.000788 -0.000142 1.000000 0.008011 -0.002406 0.999965 
0.000982 0.005529 0.999984 -0.000003 -0.000422 1.000000 0.022921 0.000402 0.999737 0.003089 -0.001090 0.999995 0.001846 -0.000331 0.999998 0.007789 -0.002344 0.999967 
0.000894 0.005031 0.999987 -0.000003 -0.000394 1.000000 0.022871 0.000401 0.999738 0.002814 -0.000993 0.999996 0.001726 -0.000310 0.999998 0.007813 -0.002351 0.999967 
0.000814 0.004580 0.999989 -0.000002 -0.000370 1.000000 0.022785 0.000399 0.999740 0.002565 -0.000905 0.999996 0.001613 -0.000290 0.999999 0.007819 -0.002353 0.999967 
0.001024 0.005757 0.999983 -0.000004 -0.000602 1.000000 0.023021 0.000402 0.999735 0.003240 -0.001144 0.999994 0.003174 -0.000570 0.999995 0.007258 -0.002186 0.999971 
0.001269 0.007150 0.999974 -0.000004 -0.000567 1.000000 0.023438 0.000410 0.999725 0.003946 -0.001395 0.999991 0.003623 -0.000650 0.999993 0.007245 -0.002186 0.999971 
0.001160 0.006532 0.999978 -0.000003 -0.000513 1.000000 0.023462 0.000410 0.999725 0.003596 -0.001272 0.999993 0.003278 -0.000588 0.999994 0.007381 -0.002227 0.999970 
0.001056 0.005947 0.999982 -0.000003 -0.000464 1.000000 0.023460 0.000410 0.999725 0.003275 -0.001158 0.999994 0.003029 -0.000543 0.999995 0.007481 -0.002257 0.999969 
0.000962 0.005416 0.999985 -0.000003 -0.000426 1.000000 0.023432 0.000409 0.999725 0.002985 -0.001055 0.999995 0.002809 -0.000504 0.999996 0.007557 -0.002281 0.999969 
0.001230 0.006941 0.999975 -0.000003 -0.000387 1.000000 0.023214 0.000406 0.999730 0.003953 -0.001400 0.999991 0.003780 -0.000677 0.999993 0.007338 -0.002218 0.999971 
0.001543 0.008724 0.999961 -0.000004 -0.000595 1.000000 0.023400 0.000410 0.999726 0.004741 -0.001681 0.999987 0.003627 -0.000648 0.999993 0.007191 -0.002179 0.999972 
0.001614 0.009121 0.999957 -0.000004 -0.000573 1.000000 0.024070 0.000422 0.999710 0.004917 -0.001744 0.999986 0.004666 -0.000834 0.999989 0.007026 -0.002130 0.999973 
0.001467 0.008287 0.999965 -0.000003 -0.000526 1.000000 0.024244 0.000425 0.999706 0.004473 -0.001587 0.999989 0.004287 -0.000767 0.999991 0.007245 -0.002196 0.999971 
0.001332 0.007528 0.999971 -0.000003 -0.000481 1.000000 0.024353 0.000427 0.999703 0.004068 -0.001443 0.999991 0.003940 -0.000705 0.999992 0.007428 -0.002252 0.999970 
0.001210 0.006839 0.999976 -0.000003 -0.000439 1.000000 0.024372 0.000427 0.999703 0.003699 -0.001312 0.999992 0.003619 -0.000647 0.999993 0.007565 -0.002293 0.999969 
0.001567 0.008872 0.999959 -0.000003 -0.000433 1.000000 0.024708 0.000433 0.999695 0.004572 -0.001624 0.999988 0.003696 -0.000660 0.999993 0.007462 -0.002267 0.999970 
0.001422 0.008054 0.999967 -0.000003 -0.000397 1.000000 0.024722 0.000434 0.999694 0.004156 -0.001476 0.999990 0.003402 -0.000607 0.999994 0.007606 -0.002310 0.999968 
0.001606 0.009084 0.999957 -0.000003 -0.000389 1.000000 0.025141 0.000441 0.999684 0.004723 -0.001679 0.999987 0.005050 -0.000902 0.999987 0.007182 -0.002183 0.999972 
0.001459 0.008253 0.999965 -0.000002 -0.000357 1.000000 0.025160 0.000441 0.999683 0.004293 -0.001526 0.999990 0.004629 -0.000827 0.999989 0.007366 -0.002239 0.999970 
0.001882 0.010661 0.999941 -0.000003 -0.000385 1.000000 0.025801 0.000452 0.999667 0.005325 -0.001896 0.999984 0.004841 -0.000864 0.999988 0.007266 -0.002214 0.999971 
0.001739 0.009854 0.999950 -0.000002 -0.000347 1.000000 0.025848 0.000453 0.999666 0.004873 -0.001735 0.999987 0.004246 -0.000757 0.999991 0.007489 -0.002282 0.999969 
0.001956 0.011075 0.999937 -0.000003 -0.000383 1.000000 0.026498 0.000463 0.999649 0.005693 -0.002029 0.999982 0.006878 -0.001228 0.999976 0.006930 -0.002114 0.999974 
0.001774 0.010043 0.999948 -0.000002 -0.000351 1.000000 0.026631 0.000465 0.999645 0.005168 -0.001842 0.999985 0.006265 -0.001118 0.999980 0.007238 -0.002208 0.999971 
0.001611 0.009120 0.999957 -0.000002 -0.000321 1.000000 0.026693 0.000466 0.999644 0.004698 -0.001674 0.999988 0.005729 -0.001023 0.999983 0.007488 -0.002284 0.999969 
0.001467 0.008304 0.999964 -0.000002 -0.000338 1.000000 0.026996 0.000471 0.999635 0.004483 -0.001598 0.999989 0.006642 -0.001186 0.999977 0.007479 -0.002282 0.999969 
0.001635 0.009253 0.999956 -0.000003 -0.000472 1.000000 0.027103 0.000470 0.999633 0.004653 -0.001659 0.999988 0.005743 -0.001026 0.999983 0.007417 -0.002264 0.999970 
0.001484 0.008397 0.999964 -0.000003 -0.000431 1.000000 0.027017 0.000468 0.999635 0.004228 -0.001508 0.999990 0.005241 -0.000936 0.999986 0.007616 -0.002326 0.999968 
0.002278 0.012880 0.999914 -0.000003 -0.000476 1.000000 0.026994 0.000466 0.999635 0.006343 -0.002267 0.999977 0.007896 -0.001412 0.999968 0.006354 -0.001945 0.999978 
0.002065 0.011676 0.999930 -0.000003 -0.000434 1.000000 0.027021 0.000466 0.999635 0.005756 -0.002058 0.999981 0.007188 -0.001285 0.999973 0.006695 -0.002049 0.999975 
0.002266 0.012795 0.999916 -0.000003 -0.000482 1.000000 0.027458 0.000472 0.999623 0.006401 -0.002290 0.999977 0.008921 -0.001597 0.999959 0.006252 -0.001916 0.999979 
0.002236 0.012645 0.999918 -0.000004 -0.000582 1.000000 0.027599 0.000472 0.999619 0.006150 -0.002201 0.999979 0.006673 -0.001193 0.999977 0.006897 -0.002115 0.999974 
0.002606 0.014737 0.999888 -0.000004 -0.000559 1.000000 0.027618 0.000471 0.999618 0.007279 -0.002610 0.999970 0.008711 -0.001557 0.999961 0.006204 -0.001906 0.999979 
0.002362 0.013356 0.999908 -0.000004 -0.000500 1.000000 0.027831 0.000475 0.999613 0.006603 -0.002367 0.999975 0.007924 -0.001416 0.999968 0.006656 -0.002045 0.999976 
0.002424 0.013704 0.999903 -0.000003 -0.000479 1.000000 0.028209 0.000480 0.999602 0.006884 -0.002470 0.999973 0.008944 -0.001599 0.999959 0.006537 -0.002010 0.999977 
0.002197 0.012420 0.999920 -0.000003 -0.000426 1.000000 0.028346 0.000483 0.999598 0.006246 -0.002241 0.999978 0.008135 -0.001455 0.999966 0.006952 -0.002138 0.999974 
0.001994 0.011270 0.999934 -0.000003 -0.000386 1.000000 0.028398 0.000482 0.999597 0.005674 -0.002036 0.999982 0.007415 -0.001326 0.999972 0.007289 -0.002242 0.999971 
0.002257 0.012784 0.999916 -0.000003 -0.000391 1.000000 0.028365 0.000479 0.999598 0.006287 -0.002259 0.999978 0.005529 -0.000987 0.999984 0.007795 -0.002403 0.999967 
0.002979 0.016897 0.999853 -0.000004 -0.000548 1.000000 0.028163 0.000474 0.999603 0.008381 -0.003019 0.999960 0.007407 -0.001320 0.999972 0.006891 -0.002132 0.999974 
0.002902 0.016451 0.999860 -0.000005 -0.000650 1.000000 0.028455 0.000477 0.999595 0.008274 -0.002983 0.999961 0.007999 -0.001427 0.999967 0.006856 -0.002122 0.999974 
0.002630 0.014909 0.999885 -0.000004 -0.000583 1.000000 0.028549 0.000479 0.999592 0.007505 -0.002705 0.999968 0.007289 -0.001300 0.999973 0.007226 -0.002237 0.999971 
0.002385 0.013522 0.999906 -0.000004 -0.000529 1.000000 0.028572 0.000479 0.999592 0.006812 -0.002456 0.999974 0.006653 -0.001187 0.999977 0.007530 -0.002332 0.999969 
0.002165 0.012273 0.999922 -0.000004 -0.000483 1.000000 0.028486 0.000477 0.999594 0.006188 -0.002231 0.999978 0.006090 -0.001086 0.999981 0.007760 -0.002403 0.999967 
0.001965 0.011138 0.999936 -0.000003 -0.000444 1.000000 0.028268 0.000470 0.999600 0.005620 -0.002027 0.999982 0.005564 -0.000992 0.999984 0.007920 -0.002453 0.999966 
0.001787 0.010127 0.999947 -0.000003 -0.000411 1.000000 0.027953 0.000464 0.999609 0.005112 -0.001843 0.999985 0.005117 -0.000912 0.999986 0.008006 -0.002480 0.999965 
0.001625 0.009209 0.999956 -0.000003 -0.000385 1.000000 0.027590 0.000458 0.999619 0.004649 -0.001676 0.999988 0.004703 -0.000839 0.999989 0.008056 -0.002496 0.999964 
0.001478 0.008378 0.999964 -0.000003 -0.000369 1.000000 0.027210 0.000452 0.999630 0.004231 -0.001525 0.999990 0.004315 -0.000769 0.999990 0.008082 -0.002504 0.999964 
0.001345 0.007625 0.999970 -0.000003 -0.000370 1.000000 0.027175 0.000448 0.999631 0.003826 -0.001379 0.999992 0.003955 -0.000705 0.999992 0.008185 -0.002536 0.999963 
0.001752 0.009956 0.999949 -0.000004 -0.000522 1.000000 0.026916 0.000442 0.999638 0.004995 -0.001804 0.999986 0.004220 -0.000751 0.999991 0.007864 -0.002442 0.999966 
0.001592 0.009047 0.999958 -0.000005 -0.000609 1.000000 0.026581 0.000437 0.999647 0.004605 -0.001663 0.999988 0.003877 -0.000690 0.999992 0.007908 -0.002456 0.999966 
0.001449 0.008230 0.999965 -0.000006 -0.000755 1.000000 0.026252 0.000433 0.999655 0.004287 -0.001548 0.999990 0.003576 -0.000636 0.999993 0.007934 -0.002464 0.999965 
0.001317 0.007484 0.999971 -0.000007 -0.000947 1.000000 0.025936 0.000431 0.999664 0.004031 -0.001456 0.999991 0.003292 -0.000585 0.999994 0.007960 -0.002472 0.999965 
0.001700 0.009677 0.999952 -0.000005 -0.000694 1.000000 0.025614 0.000436 0.999672 0.005070 -0.001833 0.999985 0.003634 -0.000645 0.999993 0.007755 -0.002412 0.999967 
0.001544 0.008789 0.999960 -0.000008 -0.001081 0.999999 0.025374 0.000432 0.999678 0.004837 -0.001749 0.999987 0.003346 -0.000594 0.999994 0.007807 -0.002429 0.999967 
0.001402 0.007985 0.999967 -0.000011 -0.001560 0.999999 0.025145 0.000427 0.999684 0.004691 -0.001696 0.999988 0.003082 -0.000547 0.999995 0.007851 -0.002443 0.999966 
0.001275 0.007260 0.999973 -0.000015 -0.002057 0.999998 0.024933 0.000422 0.999689 0.004593 -0.001661 0.999988 0.002849 -0.000506 0.999996 0.007888 -0.002454 0.999966 
0.001250 0.007116 0.999974 -0.000017 -0.002409 0.999997 0.024778 0.000420 0.999693 0.004704 -0.001701 0.999987 0.002879 -0.000511 0.999996 0.007827 -0.002435 0.999966 
0.001137 0.006473 0.999978 -0.000021 -0.002916 0.999996 0.024596 0.000416 0.999697 0.004653 -0.001683 0.999988 0.002671 -0.000474 0.999996 0.007864 -0.002447 0.999966 
0.001034 0.005887 0.999982 -0.000025 -0.003438 0.999994 0.024420 0.000412 0.999702 0.004636 -0.001677 0.999988 0.002469 -0.000438 0.999997 0.007898 -0.002458 0.999966 
0.000939 0.005345 0.999985 -0.000029 -0.003925 0.999992 0.024252 0.000409 0.999706 0.004625 -0.001673 0.999988 0.002281 -0.000405 0.999997 0.007932 -0.002468 0.999965 
0.000854 0.004859 0.999988 -0.000032 -0.004363 0.999990 0.024098 0.000406 0.999710 0.004616 -0.001670 0.999988 0.002116 -0.000376 0.999998 0.007958 -0.002477 0.999965 
0.001420 0.008088 0.999966 -0.000031 -0.004342 0.999991 0.023980 0.000411 0.999712 0.006516 -0.002361 0.999976 0.004168 -0.000739 0.999991 0.007423 -0.002315 0.999970 
0.001290 0.007349 0.999972 -0.000028 -0.004176 0.999991 0.023819 0.000415 0.999716 0.006037 -0.002187 0.999979 0.003819 -0.000677 0.999992 0.007481 -0.002332 0.999969 
0.001172 0.006679 0.999977 -0.000030 -0.004474 0.999990 0.023767 0.000415 0.999717 0.005838 -0.002115 0.999981 0.003515 -0.000623 0.999994 0.007571 -0.002361 0.999969 
0.001397 0.007966 0.999967 -0.000030 -0.004586 0.999989 0.023649 0.000415 0.999720 0.006777 -0.002458 0.999974 0.004509 -0.000799 0.999990 0.007401 -0.002311 0.999970 
0.001767 0.010060 0.999948 -0.000026 -0.004184 0.999991 0.023460 0.000420 0.999725 0.007443 -0.002702 0.999969 0.005323 -0.000945 0.999985 0.006791 -0.002122 0.999975 
0.001603 0.009128 0.999957 -0.000026 -0.004262 0.999991 0.023514 0.000423 0.999723 0.006996 -0.002540 0.999972 0.004871 -0.000864 0.999988 0.006975 -0.002179 0.999973 
0.001454 0.008280 0.999965 -0.000027 -0.004250 0.999991 0.023560 0.000422 0.999722 0.007190 -0.002611 0.999971 0.007848 -0.001393 0.999968 0.006592 -0.002060 0.999976 
0.001794 0.010205 0.999946 -0.000024 -0.003896 0.999992 0.023615 0.000424 0.999721 0.007491 -0.002723 0.999968 0.006876 -0.001222 0.999976 0.006399 -0.002002 0.999978 
0.001603 0.009116 0.999957 -0.000024 -0.003686 0.999993 0.023732 0.000421 0.999718 0.006888 -0.002504 0.999973 0.006427 -0.001142 0.999979 0.006684 -0.002091 0.999975 
0.002023 0.011500 0.999932 -0.000020 -0.003077 0.999995 0.023799 0.000423 0.999717 0.007842 -0.002855 0.999965 0.008468 -0.001506 0.999963 0.005979 -0.001874 0.999980 
