0.347476 -0.937689 0.000000 0.936171 0.351545 0.000000 -0.943777 -0.330582 -0.000000 -0.353205 0.935546 0.000000 
0.347477 -0.937689 0.000000 0.936170 0.351547 0.000000 -0.943776 -0.330586 -0.000000 -0.353206 0.935546 0.000000 
0.347559 -0.937658 0.000000 0.936138 0.351633 0.000000 -0.943746 -0.330672 -0.000000 -0.353288 0.935515 0.000000 
0.347679 -0.937614 0.000000 0.936100 0.351734 0.000000 -0.943710 -0.330774 -0.000000 -0.353407 0.935470 0.000000 
0.347923 -0.937523 0.000000 0.936005 0.351986 0.000000 -0.943621 -0.331029 -0.000000 -0.353651 0.935377 0.000000 
0.347859 -0.937547 0.000000 0.936031 0.351918 0.000000 -0.943645 -0.330960 -0.000000 -0.353587 0.935402 0.000000 
0.347929 -0.937521 0.000000 0.936016 0.351957 0.000000 -0.943631 -0.330998 -0.000000 -0.353658 0.935375 0.000000 
0.347928 -0.937521 0.000000 0.936013 0.351965 0.000000 -0.943628 -0.331008 -0.000000 -0.353656 0.935376 0.000000 
0.347869 -0.937543 0.000000 0.936038 0.351899 0.000000 -0.943652 -0.330939 -0.000000 -0.353596 0.935398 0.000000 
0.348251 -0.937401 0.000000 0.935895 0.352279 0.000000 -0.943518 -0.331321 -0.000000 -0.353978 0.935254 0.000000 
0.348250 -0.937402 0.000000 0.935892 0.352286 0.000000 -0.943515 -0.331329 -0.000000 -0.353977 0.935254 0.000000 
0.348251 -0.937401 0.000000 0.935890 0.352293 0.000000 -0.943513 -0.331335 -0.000000 -0.353978 0.935254 0.000000 
0.348508 -0.937306 0.000000 0.935801 0.352530 0.000000 -0.943429 -0.331574 -0.000000 -0.354234 0.935157 0.000000 
0.348514 -0.937304 0.000000 0.935799 0.352534 0.000000 -0.943428 -0.331579 -0.000000 -0.354239 0.935155 0.000000 
0.349177 -0.937057 0.000000 0.935526 0.353259 0.000000 -0.943173 -0.332303 -0.000000 -0.354900 0.934904 0.000000 
0.349177 -0.937057 0.000000 0.935527 0.353256 0.000000 -0.943173 -0.332301 -0.000000 -0.354900 0.934904 0.000000 
0.349178 -0.937057 0.000000 0.935527 0.353254 0.000000 -0.943175 -0.332297 -0.000000 -0.354900 0.934904 0.000000 
0.349178 -0.937057 0.000000 0.935528 0.353252 0.000000 -0.943177 -0.332290 -0.000000 -0.354899 0.934905 0.000000 
0.349178 -0.937056 0.000000 0.935529 0.353250 0.000000 -0.943179 -0.332285 -0.000000 -0.354898 0.934905 0.000000 
0.349180 -0.937056 0.000000 0.935529 0.353250 0.000000 -0.943181 -0.332279 -0.000000 -0.354898 0.934905 0.000000 
0.349181 -0.937055 0.000000 0.935529 0.353250 0.000000 -0.943183 -0.332273 -0.000000 -0.354899 0.934905 0.000000 
0.349183 -0.937054 0.000000 0.935529 0.353250 0.000000 -0.943186 -0.332266 -0.000000 -0.354899 0.934905 0.000000 
0.349185 -0.937054 0.000000 0.935530 0.353248 0.000000 -0.943188 -0.332258 -0.000000 -0.354899 0.934905 0.000000 
0.349187 -0.937053 0.000000 0.935530 0.353248 0.000000 -0.943191 -0.332250 -0.000000 -0.354899 0.934905 0.000000 
0.349190 -0.937052 0.000000 0.935530 0.353248 0.000000 -0.943195 -0.332239 -0.000000 -0.354899 0.934905 0.000000 
0.349192 -0.937051 0.000000 0.935530 0.353246 0.000000 -0.943199 -0.332228 -0.000000 -0.354898 0.934905 0.000000 
0.349195 -0.937050 0.000000 0.935531 0.353246 0.000000 -0.943203 -0.332216 -0.000000 -0.354898 0.934905 0.000000 
0.349199 -0.937049 0.000000 0.935531 0.353244 0.000000 -0.943208 -0.332202 -0.000000 -0.354898 0.934905 0.000000 
0.349203 -0.937047 0.000000 0.935532 0.353242 0.000000 -0.943214 -0.332185 -0.000000 -0.354898 0.934905 0.000000 
0.349207 -0.937045 0.000000 0.935532 0.353242 0.000000 -0.943220 -0.332168 -0.000000 -0.354898 0.934905 0.000000 
0.349212 -0.937044 0.000000 0.935533 0.353240 0.000000 -0.943227 -0.332148 -0.000000 -0.354898 0.934905 0.000000 
0.349218 -0.937041 0.000000 0.935533 0.353239 0.000000 -0.943235 -0.332125 -0.000000 -0.354898 0.934905 0.000000 
0.349225 -0.937039 0.000000 0.935534 0.353237 0.000000 -0.943245 -0.332099 -0.000000 -0.354899 0.934905 0.000000 
0.349232 -0.937036 0.000000 0.935535 0.353234 0.000000 -0.943255 -0.332069 -0.000000 -0.354898 0.934905 0.000000 
0.349241 -0.937033 0.000000 0.935536 0.353232 0.000000 -0.943267 -0.332036 -0.000000 -0.354899 0.934905 0.000000 
0.349250 -0.937030 0.000000 0.935536 0.353230 0.000000 -0.943281 -0.331997 -0.000000 -0.354899 0.934905 0.000000 
0.349261 -0.937026 0.000000 0.935538 0.353226 0.000000 -0.943296 -0.331952 -0.000000 -0.354899 0.934905 0.000000 
0.349273 -0.937021 0.000000 0.935540 0.353222 0.000000 -0.943314 -0.331901 -0.000000 -0.354898 0.934905 0.000000 
0.349287 -0.937016 0.000000 0.935541 0.353218 0.000000 -0.943335 -0.331843 -0.000000 -0.354898 0.934905 0.000000 
0.349303 -0.937010 0.000000 0.935543 0.353212 0.000000 -0.943358 -0.331776 -0.000000 -0.354898 0.934905 0.000000 
0.349322 -0.937003 0.000000 0.935545 0.353206 0.000000 -0.943385 -0.331698 -0.000000 -0.354898 0.934905 0.000000 
0.349343 -0.936995 0.000000 0.935548 0.353199 0.000000 -0.943417 -0.331610 -0.000000 -0.354898 0.934905 0.000000 
0.349367 -0.936986 0.000000 0.935551 0.353192 0.000000 -0.943453 -0.331506 -0.000000 -0.354898 0.934905 0.000000 
0.349395 -0.936975 0.000000 0.935554 0.353184 0.000000 -0.943495 -0.331386 -0.000000 -0.354898 0.934905 0.000000 
0.349428 -0.936963 0.000000 0.935558 0.353174 0.000000 -0.943545 -0.331244 -0.000000 -0.354897 0.934905 0.000000 
0.349466 -0.936949 0.000000 0.935563 0.353161 0.000000 -0.943604 -0.331078 -0.000000 -0.354897 0.934905 0.000000 
0.349510 -0.936932 0.000000 0.935569 0.353144 0.000000 -0.943673 -0.330880 -0.000000 -0.354898 0.934905 0.000000 
0.349562 -0.936913 0.000000 0.935576 0.353125 0.000000 -0.943754 -0.330649 -0.000000 -0.354899 0.934905 0.000000 
0.349621 -0.936891 0.000000 0.935585 0.353102 0.000000 -0.943849 -0.330377 -0.000000 -0.354900 0.934904 0.000000 
0.349689 -0.936866 0.000000 0.935595 0.353074 0.000000 -0.943961 -0.330057 -0.000000 -0.354901 0.934904 0.000000 
0.349768 -0.936836 0.000000 0.935607 0.353042 0.000000 -0.944094 -0.329676 -0.000000 -0.354903 0.934903 0.000000 
0.350260 -0.936652 0.000000 0.935472 0.353401 0.000000 -0.944111 -0.329626 -0.000000 -0.355305 0.934750 0.000000 
0.351169 -0.936312 0.000000 0.935282 0.353904 0.000000 -0.944111 -0.329628 -0.000000 -0.356108 0.934445 0.000000 
0.353087 -0.935590 0.000000 0.934902 0.354907 0.000000 -0.943980 -0.330004 -0.000000 -0.357896 0.933761 0.000000 
0.356671 -0.934230 0.000000 0.933923 0.357475 0.000000 -0.943350 -0.331799 -0.000000 -0.361324 0.932440 0.000000 
0.357962 -0.933736 0.000000 0.933513 0.358543 0.000000 -0.943277 -0.332008 -0.000000 -0.362462 0.931999 0.000000 
0.361669 -0.932307 0.000000 0.933097 0.359625 0.000000 -0.943291 -0.331967 -0.000000 -0.365978 0.930624 0.000000 
0.365172 -0.930940 0.000000 0.931952 0.362582 0.000000 -0.942704 -0.333629 -0.000000 -0.369278 0.929319 0.000000 
0.371130 -0.928581 0.000000 0.929928 0.367742 0.000000 -0.941466 -0.337108 -0.000000 -0.374994 0.927027 0.000000 
0.375124 -0.926975 0.000000 0.928601 0.371081 0.000000 -0.941023 -0.338341 -0.000000 -0.378729 0.925507 0.000000 
0.379179 -0.925323 0.000000 0.927084 0.374854 0.000000 -0.940639 -0.339409 -0.000000 -0.382501 0.923955 0.000000 
0.379707 -0.925107 0.000000 0.930110 0.367280 0.000000 -0.944751 -0.327790 -0.000000 -0.382697 0.923874 0.000000 
0.375210 -0.926940 0.000000 0.945361 0.326025 0.000000 -0.959758 -0.280827 -0.000000 -0.377858 0.925864 0.000000 
0.364731 -0.931113 0.000000 0.972355 0.233506 0.000000 -0.983251 -0.182258 -0.000000 -0.367088 0.930186 0.000000 
0.353874 -0.935293 0.000000 0.997499 0.070684 0.000000 -0.999878 -0.015633 -0.000000 -0.355959 0.934502 0.000000 
0.342623 -0.939473 0.000000 0.974864 -0.222802 0.000000 -0.963346 0.268262 0.000000 -0.344486 0.938791 0.000000 
0.326117 -0.945329 0.000000 0.877340 -0.479870 0.000000 -0.862126 0.506693 0.000000 -0.327941 0.944698 0.000000 
0.308421 -0.951250 0.000000 0.767275 -0.641319 0.000000 -0.754905 0.655834 0.000000 -0.310282 0.950645 0.000000 
0.296468 -0.955043 0.000000 0.673695 -0.739010 0.000000 -0.664883 0.746948 0.000000 -0.298386 0.954445 0.000000 
0.302655 -0.953100 0.000000 0.619685 -0.784851 0.000000 -0.612611 0.790385 0.000000 -0.304407 0.952542 0.000000 
0.345963 -0.938248 0.000000 0.618249 -0.785983 0.000000 -0.611127 0.791532 0.000000 -0.347265 0.937767 0.000000 
0.406183 -0.913792 0.000000 0.615667 -0.788007 0.000000 -0.609257 0.792973 0.000000 -0.407055 0.913404 0.000000 
0.457007 -0.889463 0.000000 0.613093 -0.790011 0.000000 -0.607802 0.794089 0.000000 -0.457599 0.889159 0.000000 
0.481515 -0.876438 0.000000 0.593472 -0.804854 0.000000 -0.589644 0.807663 0.000000 -0.481941 0.876204 0.000000 
0.498953 -0.866629 0.000000 0.595437 -0.803402 0.000000 -0.592038 0.805910 0.000000 -0.499309 0.866424 0.000000 
0.481414 -0.876493 0.000000 0.620341 -0.784332 0.000000 -0.615561 0.788089 0.000000 -0.481935 0.876207 0.000000 
0.460651 -0.887582 0.000000 0.633215 -0.773976 0.000000 -0.627457 0.778651 0.000000 -0.461313 0.887238 0.000000 
0.448703 -0.893681 0.000000 0.636189 -0.771533 0.000000 -0.630159 0.776466 0.000000 -0.449447 0.893307 0.000000 
0.443905 -0.896074 0.000000 0.637549 -0.770410 0.000000 -0.631437 0.775427 0.000000 -0.444687 0.895686 0.000000 
0.441934 -0.897047 0.000000 0.635499 -0.772101 0.000000 -0.629441 0.777048 0.000000 -0.442724 0.896658 0.000000 
0.440117 -0.897941 0.000000 0.630607 -0.776102 0.000000 -0.624653 0.780902 0.000000 -0.440895 0.897559 0.000000 
0.438879 -0.898546 0.000000 0.625130 -0.780521 0.000000 -0.619292 0.785161 0.000000 -0.439639 0.898175 0.000000 
0.434660 -0.900595 0.000000 0.618533 -0.785759 0.000000 -0.612745 0.790281 0.000000 -0.435408 0.900233 0.000000 
0.427588 -0.903974 0.000000 0.614077 -0.789246 0.000000 -0.608203 0.793782 0.000000 -0.428347 0.903615 0.000000 
0.426596 -0.904442 0.000000 0.615293 -0.788298 0.000000 -0.609311 0.792931 0.000000 -0.427357 0.904083 0.000000 
0.429569 -0.903034 0.000000 0.614842 -0.788650 0.000000 -0.608909 0.793240 0.000000 -0.430309 0.902681 0.000000 
0.432648 -0.901563 0.000000 0.612008 -0.790851 0.000000 -0.606225 0.795293 0.000000 -0.433361 0.901220 0.000000 
0.434242 -0.900796 0.000000 0.607247 -0.794513 0.000000 -0.601684 0.798734 0.000000 -0.434933 0.900463 0.000000 
0.433570 -0.901120 0.000000 0.607246 -0.794514 0.000000 -0.601733 0.798697 0.000000 -0.434273 0.900781 0.000000 
0.434112 -0.900859 0.000000 0.618102 -0.786098 0.000000 -0.612368 0.790573 0.000000 -0.434868 0.900494 0.000000 
0.438221 -0.898867 0.000000 0.628405 -0.777887 0.000000 -0.622571 0.782563 0.000000 -0.439013 0.898481 0.000000 
0.440123 -0.897937 0.000000 0.639509 -0.768784 0.000000 -0.633542 0.773709 0.000000 -0.440973 0.897521 0.000000 
0.440151 -0.897924 0.000000 0.651578 -0.758582 0.000000 -0.645414 0.763833 0.000000 -0.441072 0.897472 0.000000 
0.440689 -0.897660 0.000000 0.663697 -0.748002 0.000000 -0.657346 0.753589 0.000000 -0.441679 0.897173 0.000000 
0.973513 0.228632 0.000000 -0.994930 -0.100572 -0.000000 0.442279 -0.896878 0.000000 0.675678 -0.737197 0.000000 -0.166087 0.986111 0.000000 -0.999559 0.029686 0.000000 
0.969581 0.244770 0.000000 -0.993540 -0.113487 -0.000000 0.446660 -0.894704 0.000000 0.687975 -0.725734 0.000000 -0.216898 0.976194 0.000000 -0.999721 0.023625 0.000000 
0.964064 0.265670 0.000000 -0.991457 -0.130438 -0.000000 0.452577 -0.891725 0.000000 0.699289 -0.714839 0.000000 -0.334990 0.942222 0.000000 -0.999907 0.013607 0.000000 
0.957757 0.287579 0.000000 -0.989046 -0.147607 -0.000000 0.458711 -0.888586 0.000000 0.708845 -0.705364 0.000000 -0.493094 0.869976 0.000000 -0.999947 0.010338 0.000000 
0.951696 0.307043 0.000000 -0.986801 -0.161940 -0.000000 0.464902 -0.885362 0.000000 0.717875 -0.696172 0.000000 -0.657705 0.753275 0.000000 -0.999869 0.016211 0.000000 
0.947547 0.319618 0.000000 -0.985399 -0.170262 -0.000000 0.473078 -0.881021 0.000000 0.727307 -0.686313 0.000000 -0.781792 0.623539 0.000000 -0.998766 0.049671 0.000000 
0.946921 0.321467 0.000000 -0.985551 -0.169381 -0.000000 0.483212 -0.875503 0.000000 0.737473 -0.675377 0.000000 -0.848341 0.529450 0.000000 -0.989074 0.147420 0.000000 
0.951278 0.308335 0.000000 -0.987882 -0.155209 -0.000000 0.495481 -0.868619 0.000000 0.747783 -0.663943 0.000000 -0.878553 0.477644 0.000000 -0.942094 0.335348 0.000000 
0.949483 0.313819 0.000000 -0.986820 -0.161825 -0.000000 0.507272 -0.861786 0.000000 0.743343 -0.668910 0.000000 -0.892345 0.451354 0.000000 -0.904139 0.427238 0.000000 
0.942115 0.335291 0.000000 -0.982660 -0.185414 -0.000000 0.511906 -0.859042 0.000000 0.743288 -0.668972 0.000000 -0.891640 0.452745 0.000000 -0.906260 0.422721 0.000000 
0.928416 0.371543 0.000000 -0.974284 -0.225321 -0.000000 0.514509 -0.857485 0.000000 0.740053 -0.672548 0.000000 -0.887434 0.460936 0.000000 -0.925885 0.377806 0.000000 
0.908719 0.417409 0.000000 -0.961541 -0.274661 -0.000000 0.516681 -0.856178 0.000000 0.735821 -0.677176 0.000000 -0.884266 0.466983 0.000000 -0.991590 0.129419 0.000000 
0.889749 0.456449 0.000000 -0.884683 0.466194 0.000000 0.520710 -0.853734 0.000000 0.735794 -0.677206 0.000000 -0.948421 -0.317015 -0.000000 -0.951827 -0.306636 -0.000000 
-0.893254 0.449553 0.000000 -0.939062 -0.343748 -0.000000 0.877184 0.480155 0.000000 0.527412 -0.849610 0.000000 0.733502 -0.679688 0.000000 
-0.905811 0.423681 0.000000 -0.932015 -0.362420 -0.000000 0.867666 0.497148 0.000000 0.537450 -0.843296 0.000000 0.727078 -0.686555 0.000000 
-0.912520 0.409031 0.000000 -0.928661 -0.370929 -0.000000 0.863832 0.503780 0.000000 0.543517 -0.839398 0.000000 0.715103 -0.699019 0.000000 
-0.912958 0.408053 0.000000 -0.927028 -0.374992 -0.000000 0.862896 0.505382 0.000000 0.548100 -0.836413 0.000000 0.700121 -0.714024 0.000000 
-0.916030 0.401110 0.000000 -0.926225 -0.376972 -0.000000 0.278348 0.960480 0.000000 0.862619 0.505854 0.000000 0.551196 -0.834376 0.000000 0.684819 -0.728713 0.000000 
-0.921175 0.389148 0.000000 -0.927084 -0.374853 -0.000000 0.193022 0.981194 0.000000 0.864209 0.503133 0.000000 0.550217 -0.835022 0.000000 0.675762 -0.737120 0.000000 
-0.900183 0.435511 0.000000 -0.932154 -0.362061 -0.000000 0.135600 0.990764 0.000000 0.872799 0.488079 0.000000 0.546370 -0.837544 0.000000 0.673100 -0.739551 0.000000 
-0.842055 0.539391 0.000000 -0.942211 -0.335020 -0.000000 0.317929 0.948115 0.000000 0.889564 0.456810 0.000000 0.544420 -0.838813 0.000000 0.672582 -0.740022 0.000000 
-0.725509 0.688213 0.000000 -0.957513 -0.288389 -0.000000 0.574994 0.818157 0.000000 0.914423 0.404759 0.000000 0.542272 -0.840203 0.000000 0.673632 -0.739067 0.000000 
-0.606885 0.794790 0.000000 -0.969021 -0.246979 -0.000000 0.749016 0.662552 0.000000 0.933026 0.359810 0.000000 0.540333 -0.841451 0.000000 0.673249 -0.739416 0.000000 
-0.500840 0.865540 0.000000 -0.977025 -0.213123 -0.000000 0.829890 0.557927 0.000000 0.946292 0.323313 0.000000 0.539729 -0.841839 0.000000 0.669717 -0.742616 0.000000 
-0.418796 0.908080 0.000000 -0.982276 -0.187439 -0.000000 0.864965 0.501831 0.000000 0.955246 0.295811 0.000000 0.539328 -0.842096 0.000000 0.665711 -0.746210 0.000000 
-0.332055 0.943260 0.000000 -0.986933 -0.161130 -0.000000 0.864230 0.503096 0.000000 0.963497 0.267720 0.000000 0.539074 -0.842258 0.000000 0.665875 -0.746063 0.000000 
-0.249390 0.968403 0.000000 -0.990642 -0.136488 -0.000000 0.970360 0.241662 0.000000 0.538273 -0.842771 0.000000 0.666090 -0.745872 0.000000 
0.976895 0.213720 0.000000 -0.993965 -0.109696 -0.000000 0.534909 -0.844910 0.000000 0.665221 -0.746646 0.000000 -0.158825 0.987307 0.000000 
-0.075833 0.997121 0.000000 0.982005 0.188853 0.000000 -0.973872 0.227097 0.000000 -0.996331 -0.085585 -0.000000 0.530320 -0.847797 0.000000 0.665121 -0.746735 0.000000 
0.011979 0.999928 0.000000 0.986342 0.164709 0.000000 -0.966100 0.258169 0.000000 -0.998080 -0.061939 -0.000000 0.527847 -0.849340 0.000000 0.664071 -0.747669 0.000000 
0.088218 0.996101 0.000000 0.989354 0.145531 0.000000 -0.945644 0.325203 0.000000 -0.999078 -0.042939 -0.000000 0.530186 -0.847881 0.000000 0.658772 -0.752342 0.000000 
0.164949 0.986302 0.000000 0.991716 0.128447 0.000000 -0.911579 0.411126 0.000000 -0.999677 -0.025410 -0.000000 0.532706 -0.846300 0.000000 0.651855 -0.758344 0.000000 
0.226057 0.974114 0.000000 0.993240 0.116076 0.000000 -0.879893 0.475172 0.000000 -0.999928 -0.012005 -0.000000 0.534483 -0.845179 0.000000 0.644291 -0.764781 0.000000 
0.281634 0.959522 0.000000 0.994085 0.108606 0.000000 -0.850706 0.525641 0.000000 -0.999997 -0.002309 -0.000000 0.535297 -0.844664 0.000000 0.636477 -0.771295 0.000000 
0.317345 0.948310 0.000000 0.994727 0.102560 0.000000 -0.830032 0.557715 0.000000 -0.999985 0.005450 0.000000 0.535153 -0.844755 0.000000 0.630032 -0.776569 0.000000 
0.332657 0.943048 0.000000 0.995106 0.098809 0.000000 -0.827078 0.562087 0.000000 -0.999948 0.010192 0.000000 0.531806 -0.846866 0.000000 0.626967 -0.779046 0.000000 
0.336479 0.941691 0.000000 0.995424 0.095558 0.000000 -0.825767 0.564012 0.000000 -0.999906 0.013682 0.000000 0.527246 -0.849712 0.000000 0.624307 -0.781179 0.000000 
0.336252 0.941772 0.000000 0.995662 0.093043 0.000000 -0.824957 0.565196 0.000000 -0.999869 0.016156 0.000000 0.522275 -0.852777 0.000000 0.626741 -0.779227 0.000000 
0.337370 0.941372 0.000000 0.995868 0.090814 0.000000 -0.822893 0.568196 0.000000 -0.999833 0.018294 0.000000 0.517631 -0.855604 0.000000 0.634723 -0.772740 0.000000 
0.339147 0.940733 0.000000 0.996058 0.088709 0.000000 -0.819673 0.572832 0.000000 -0.999795 0.020267 0.000000 0.513546 -0.858062 0.000000 0.645111 -0.764089 0.000000 
0.341261 0.939969 0.000000 0.996227 0.086782 0.000000 -0.816852 0.576848 0.000000 -0.999758 0.022016 0.000000 0.510111 -0.860109 0.000000 0.655838 -0.754902 0.000000 
0.342878 0.939380 0.000000 0.996345 0.085415 0.000000 -0.815358 0.578957 0.000000 -0.999732 0.023135 0.000000 0.507761 -0.861498 0.000000 0.665544 -0.746359 0.000000 
0.343847 0.939026 0.000000 0.996396 0.084827 0.000000 -0.816814 0.576901 0.000000 -0.999725 0.023449 0.000000 0.507759 -0.861499 0.000000 0.668418 -0.743786 0.000000 
0.343962 0.938984 0.000000 0.996401 0.084766 0.000000 -0.820663 0.571412 0.000000 -0.999730 0.023228 0.000000 0.507994 -0.861361 0.000000 0.670638 -0.741785 0.000000 
0.343474 0.939162 0.000000 0.996365 0.085191 0.000000 -0.824301 0.566151 0.000000 -0.999746 0.022547 0.000000 0.508703 -0.860942 0.000000 0.672987 -0.739654 0.000000 
0.342438 0.939541 0.000000 0.996318 0.085734 0.000000 -0.826088 0.563541 0.000000 -0.999762 0.021816 0.000000 0.509384 -0.860539 0.000000 0.674942 -0.737871 0.000000 
0.341438 0.939904 0.000000 0.996288 0.086083 0.000000 -0.826873 0.562388 0.000000 -0.999771 0.021377 0.000000 0.509654 -0.860380 0.000000 0.675883 -0.737009 0.000000 
0.340674 0.940181 0.000000 0.996273 0.086252 0.000000 -0.827173 0.561947 0.000000 -0.999775 0.021200 0.000000 0.509708 -0.860348 0.000000 0.676004 -0.736898 0.000000 
0.340030 0.940415 0.000000 0.996263 0.086370 0.000000 -0.827354 0.561680 0.000000 -0.999778 0.021087 0.000000 0.509709 -0.860347 0.000000 0.675992 -0.736909 0.000000 
0.339194 0.940716 0.000000 0.996251 0.086511 0.000000 -0.827657 0.561234 0.000000 -0.999781 0.020947 0.000000 0.509711 -0.860346 0.000000 0.675985 -0.736916 0.000000 
0.338211 0.941070 0.000000 0.996237 0.086673 0.000000 -0.828054 0.560648 0.000000 -0.999784 0.020786 0.000000 0.509712 -0.860345 0.000000 0.675975 -0.736924 0.000000 
0.337176 0.941441 0.000000 0.996222 0.086841 0.000000 -0.828462 0.560046 0.000000 -0.999787 0.020619 0.000000 0.509713 -0.860344 0.000000 0.675970 -0.736929 0.000000 
0.329850 0.944033 0.000000 0.996225 0.086807 0.000000 -0.827033 0.562154 0.000000 -0.999784 0.020806 0.000000 0.508851 -0.860855 0.000000 0.673796 -0.738917 0.000000 
0.281157 0.959662 0.000000 0.996278 0.086196 0.000000 -0.814563 0.580075 0.000000 -0.999759 0.021940 0.000000 0.504769 -0.863254 0.000000 0.663947 -0.747780 0.000000 
0.188965 0.981984 0.000000 0.996445 0.084250 0.000000 -0.758652 0.651496 0.000000 -0.999686 0.025042 0.000000 0.497919 -0.867223 0.000000 0.649347 -0.760493 0.000000 
0.045109 0.998982 0.000000 0.996476 0.083880 0.000000 -0.575019 0.818140 0.000000 -0.999609 0.027946 0.000000 0.487891 -0.872904 0.000000 0.633275 -0.773927 0.000000 
0.996454 0.084139 0.000000 -0.999528 0.030732 0.000000 0.475486 -0.879724 0.000000 0.617393 -0.786654 0.000000 -0.072866 0.997342 0.000000 -0.279857 0.960042 0.000000 
0.996017 0.089165 0.000000 -0.999635 0.027017 0.000000 0.470108 -0.882609 0.000000 0.611122 -0.791537 0.000000 -0.081020 0.996712 0.000000 -0.121765 0.992559 0.000000 
-0.158808 0.987309 0.000000 -0.999829 0.018486 0.000000 0.241697 0.970352 0.000000 0.994988 0.099990 0.000000 0.464396 -0.885628 0.000000 0.608923 -0.793230 0.000000 
-0.213676 0.976905 0.000000 -0.999927 0.012084 0.000000 0.613495 0.789699 0.000000 0.993952 0.109815 0.000000 0.457007 -0.889463 0.000000 0.605980 -0.795480 0.000000 
-0.344420 0.938816 0.000000 -0.999955 0.009530 0.000000 0.654428 0.756124 0.000000 0.993500 0.113830 0.000000 0.452085 -0.891975 0.000000 0.602626 -0.798024 0.000000 
-0.558743 0.829341 0.000000 -0.999891 0.014781 0.000000 0.431873 0.901934 0.000000 0.994093 0.108531 0.000000 0.448001 -0.894033 0.000000 0.595015 -0.803714 0.000000 
-0.748817 0.662777 0.000000 -0.999664 0.025922 0.000000 0.180594 0.983558 0.000000 0.995035 0.099522 0.000000 0.437845 -0.899051 0.000000 0.582589 -0.812767 0.000000 
-0.913401 0.407060 0.000000 -0.999353 0.035975 0.000000 -0.020974 0.999780 0.000000 0.995608 0.093624 0.000000 0.427112 -0.904199 0.000000 0.570848 -0.821056 0.000000 
0.994885 0.101009 0.000000 -0.999448 0.033217 0.000000 0.413334 -0.910579 0.000000 0.555657 -0.831412 0.000000 -0.156341 0.987703 0.000000 -0.994858 0.101283 0.000000 
-0.240356 0.970685 0.000000 -0.999923 0.012371 0.000000 0.977272 0.211990 0.000000 0.992973 0.118339 0.000000 0.394398 -0.918940 0.000000 0.535616 -0.844462 0.000000 
-0.328156 0.944624 0.000000 -0.999746 -0.022540 -0.000000 0.869703 0.493576 0.000000 0.989221 0.146427 0.000000 0.371129 -0.928581 0.000000 0.509981 -0.860186 0.000000 
0.792795 0.609488 0.000000 0.982861 0.184347 0.000000 -0.400631 0.916239 0.000000 -0.998067 -0.062140 -0.000000 0.336869 -0.941551 0.000000 0.483452 -0.875371 0.000000 
-0.331484 0.943461 0.000000 -0.998180 -0.060304 -0.000000 0.834461 0.551067 0.000000 0.983031 0.183439 0.000000 0.309894 -0.950771 0.000000 0.463761 -0.885960 0.000000 
-0.143239 0.989688 0.000000 -0.998988 -0.044983 -0.000000 0.913619 0.406573 0.000000 0.985474 0.169828 0.000000 0.309060 -0.951042 0.000000 0.463542 -0.886075 0.000000 
-0.999338 -0.036392 -0.000000 0.986398 0.164375 0.000000 0.313885 -0.949461 0.000000 0.468219 -0.883613 0.000000 0.016211 0.999869 0.000000 0.982914 0.184068 0.000000 
0.170029 0.985439 0.000000 0.986969 0.160913 0.000000 -0.990622 0.136628 0.000000 -0.999383 -0.035125 -0.000000 0.317434 -0.948280 0.000000 0.469440 -0.882965 0.000000 
0.207953 0.978139 0.000000 0.987149 0.159803 0.000000 -0.992053 0.125821 0.000000 -0.999420 -0.034064 -0.000000 0.322322 -0.946630 0.000000 0.463057 -0.886328 0.000000 
0.259867 0.965644 0.000000 0.988841 0.148977 0.000000 -0.999622 0.027511 0.000000 -0.999759 -0.021964 -0.000000 0.328807 -0.944397 0.000000 0.455807 -0.890078 0.000000 
0.294544 0.955638 0.000000 0.989854 0.142090 0.000000 -0.999996 0.002888 0.000000 -0.999893 -0.014620 -0.000000 0.334429 -0.942421 0.000000 0.450796 -0.892627 0.000000 
0.307057 0.951691 0.000000 0.990130 0.140154 0.000000 -0.999990 0.004495 0.000000 -0.999921 -0.012600 -0.000000 0.337957 -0.941161 0.000000 0.447663 -0.894203 0.000000 
0.308365 0.951268 0.000000 0.990117 0.140246 0.000000 -0.999999 0.001001 0.000000 -0.999921 -0.012605 -0.000000 0.338754 -0.940875 0.000000 0.446533 -0.894767 0.000000 
0.305794 0.952098 0.000000 0.989993 0.141116 0.000000 -0.999979 -0.006543 -0.000000 -0.999911 -0.013363 -0.000000 0.338761 -0.940873 0.000000 0.446193 -0.894937 0.000000 
0.303399 0.952864 0.000000 0.989819 0.142330 0.000000 -0.999906 -0.013725 -0.000000 -0.999895 -0.014465 -0.000000 0.338835 -0.940846 0.000000 0.445321 -0.895371 0.000000 
-0.999877 -0.015707 -0.000000 0.299946 0.953956 0.000000 0.989636 0.143598 0.000000 0.338937 -0.940809 0.000000 0.444674 -0.895692 0.000000 
-0.999869 -0.016209 -0.000000 0.298577 0.954385 0.000000 0.989562 0.144109 0.000000 0.339013 -0.940782 0.000000 0.444532 -0.895763 0.000000 
-0.999868 -0.016237 -0.000000 0.298352 0.954456 0.000000 0.989558 0.144133 0.000000 0.339084 -0.940756 0.000000 0.444657 -0.895701 0.000000 
-0.999869 -0.016188 -0.000000 0.298366 0.954452 0.000000 0.989566 0.144080 0.000000 0.339159 -0.940729 0.000000 0.444763 -0.895648 0.000000 
-0.999869 -0.016200 -0.000000 0.298327 0.954464 0.000000 0.989564 0.144092 0.000000 0.339192 -0.940717 0.000000 0.444838 -0.895611 0.000000 
-0.999869 -0.016164 -0.000000 0.298611 0.954375 0.000000 0.989569 0.144059 0.000000 0.339206 -0.940712 0.000000 0.444816 -0.895622 0.000000 
-0.999869 -0.016176 -0.000000 0.298907 0.954282 0.000000 0.989567 0.144072 0.000000 0.339320 -0.940671 0.000000 0.444964 -0.895549 0.000000 
-0.999869 -0.016169 -0.000000 0.299543 0.954083 0.000000 0.989568 0.144068 0.000000 0.339495 -0.940608 0.000000 0.445188 -0.895437 0.000000 
-0.999865 -0.016418 -0.000000 0.299435 0.954117 0.000000 0.989531 0.144320 0.000000 0.339748 -0.940517 0.000000 0.445392 -0.895336 0.000000 
-0.999863 -0.016550 -0.000000 0.298822 0.954309 0.000000 0.989512 0.144450 0.000000 0.339865 -0.940474 0.000000 0.445531 -0.895266 0.000000 
-0.999862 -0.016620 -0.000000 0.298425 0.954433 0.000000 0.989502 0.144521 0.000000 0.339880 -0.940469 0.000000 0.445556 -0.895254 0.000000 
-0.999862 -0.016598 -0.000000 0.298787 0.954320 0.000000 0.989505 0.144501 0.000000 0.339960 -0.940440 0.000000 0.445623 -0.895221 0.000000 
-0.999861 -0.016695 -0.000000 0.298767 0.954326 0.000000 0.989490 0.144600 0.000000 0.340090 -0.940393 0.000000 0.445770 -0.895148 0.000000 
-0.999859 -0.016817 -0.000000 0.299237 0.954179 0.000000 0.989471 0.144729 0.000000 0.340299 -0.940317 0.000000 0.446005 -0.895031 0.000000 
-0.999856 -0.016964 -0.000000 0.298706 0.954345 0.000000 0.989450 0.144875 0.000000 0.340373 -0.940291 0.000000 0.446072 -0.894997 0.000000 
-0.999855 -0.017015 -0.000000 0.298589 0.954382 0.000000 0.989442 0.144929 0.000000 0.340462 -0.940258 0.000000 0.446174 -0.894946 0.000000 
-0.999855 -0.017050 -0.000000 0.298257 0.954485 0.000000 0.989437 0.144964 0.000000 0.340468 -0.940256 0.000000 0.446219 -0.894924 0.000000 
-0.999855 -0.017053 -0.000000 0.298136 0.954523 0.000000 0.989436 0.144968 0.000000 0.340467 -0.940257 0.000000 0.446250 -0.894908 0.000000 
-0.999855 -0.017039 -0.000000 0.298082 0.954540 0.000000 0.989438 0.144957 0.000000 0.340464 -0.940258 0.000000 0.446296 -0.894885 0.000000 
-0.999857 -0.016921 -0.000000 0.298634 0.954368 0.000000 0.989455 0.144843 0.000000 0.340504 -0.940243 0.000000 0.446343 -0.894862 0.000000 
-0.999857 -0.016889 -0.000000 0.298877 0.954292 0.000000 0.989459 0.144816 0.000000 0.340746 -0.940155 0.000000 0.446661 -0.894703 0.000000 
-0.999856 -0.016999 -0.000000 0.298784 0.954321 0.000000 0.989442 0.144932 0.000000 0.340931 -0.940088 0.000000 0.446884 -0.894592 0.000000 
-0.999853 -0.017137 -0.000000 0.298217 0.954498 0.000000 0.989421 0.145070 0.000000 0.341038 -0.940049 0.000000 0.447013 -0.894528 0.000000 
-0.999853 -0.017168 -0.000000 0.298066 0.954545 0.000000 0.989417 0.145103 0.000000 0.341063 -0.940041 0.000000 0.447064 -0.894502 0.000000 
-0.999853 -0.017158 -0.000000 0.298014 0.954562 0.000000 0.989418 0.145095 0.000000 0.341068 -0.940039 0.000000 0.447118 -0.894475 0.000000 
-0.999852 -0.017180 -0.000000 0.298016 0.954561 0.000000 0.989413 0.145126 0.000000 0.341122 -0.940019 0.000000 0.447204 -0.894432 0.000000 
-0.999853 -0.017164 -0.000000 0.297876 0.954605 0.000000 0.989415 0.145114 0.000000 0.341156 -0.940007 0.000000 0.447328 -0.894370 0.000000 
