1.285441 0.445916 0.004125 1.201794 0.416176 0.004417 1.324904 0.354692 0.004362 1.191864 0.251425 0.005027 
1.284762 0.446303 0.004265 1.202297 0.417285 0.004508 1.325415 0.355803 0.004336 1.191216 0.251778 0.004834 
1.284745 0.446250 0.004190 1.202554 0.417751 0.004412 1.325673 0.356263 0.004270 1.191204 0.251722 0.004739 
1.284690 0.446277 0.004262 1.202997 0.418648 0.004459 1.326122 0.357157 0.004335 1.191168 0.251738 0.004760 
1.284676 0.446283 0.004327 1.203518 0.419701 0.004500 1.326649 0.358207 0.004395 1.191177 0.251733 0.004779 
1.284946 0.446168 0.004411 1.204316 0.421274 0.004515 1.327454 0.359770 0.004477 1.191475 0.251612 0.004733 
1.284930 0.446182 0.004468 1.205166 0.422982 0.004547 1.328314 0.361470 0.004529 1.191493 0.251609 0.004740 
1.284757 0.446268 0.004514 1.206251 0.425171 0.004581 1.329411 0.363652 0.004570 1.191367 0.251667 0.004763 
1.286212 0.445352 0.004265 1.207064 0.426419 0.004281 1.330242 0.364914 0.004619 1.192886 0.250760 0.004972 
1.285658 0.445627 0.004330 1.209021 0.430368 0.004333 1.332221 0.368848 0.004639 1.192416 0.250981 0.004970 
1.285013 0.445949 0.004389 1.211419 0.435210 0.004378 1.334647 0.373671 0.004657 1.191872 0.251236 0.004971 
1.284454 0.446091 0.004443 1.213762 0.440233 0.004429 1.336756 0.378154 0.004681 1.190591 0.251711 0.005015 
1.283394 0.446625 0.004490 1.216418 0.445538 0.004468 1.339441 0.383435 0.004689 1.189637 0.252166 0.005003 
1.281856 0.447371 0.004533 1.218710 0.450233 0.004530 1.341627 0.387851 0.004731 1.187782 0.253023 0.005213 
1.280916 0.448237 0.004650 1.213701 0.439751 0.005423 1.337002 0.378291 0.005711 1.188034 0.253352 0.009772 
1.280708 0.448760 0.004781 1.209704 0.431360 0.006515 1.333272 0.370570 0.006913 1.188691 0.253584 0.013501 
1.280664 0.448995 0.004850 1.208818 0.430674 0.006925 1.331914 0.368954 0.007324 1.187160 0.254585 0.014795 
1.280248 0.449201 0.004842 1.213880 0.440979 0.005998 1.336935 0.379024 0.006320 1.186616 0.254732 0.012315 
1.279722 0.449365 0.004846 1.216805 0.446328 0.005616 1.340444 0.385451 0.005894 1.187945 0.253959 0.011088 
1.279262 0.449319 0.004852 1.219399 0.450954 0.005352 1.343709 0.391375 0.005592 1.189676 0.252859 0.010127 
1.279003 0.449363 0.004878 1.218961 0.449758 0.005531 1.343507 0.390687 0.005756 1.190207 0.252569 0.011195 
1.278579 0.449529 0.004893 1.219816 0.451408 0.005535 1.344475 0.392547 0.005742 1.190167 0.252563 0.011572 
1.278816 0.449577 0.004939 1.218231 0.447545 0.005939 1.343266 0.389546 0.006214 1.191695 0.252121 0.013690 
1.279263 0.449575 0.004980 1.216988 0.444069 0.006374 1.342563 0.387300 0.006699 1.194030 0.251403 0.015695 
1.280427 0.449328 0.005037 1.214632 0.437649 0.007199 1.340850 0.382419 0.007601 1.197515 0.250371 0.018559 
1.280916 0.449123 0.005034 1.216140 0.440992 0.006975 1.342447 0.385909 0.007345 1.198331 0.250043 0.018558 
1.281260 0.448967 0.005034 1.218593 0.446621 0.006525 1.344968 0.391600 0.006858 1.198915 0.249758 0.017955 
1.281549 0.448858 0.005030 1.218807 0.446940 0.006637 1.345264 0.392100 0.006966 1.199525 0.249601 0.019089 
1.281829 0.448787 0.005035 1.218735 0.446538 0.006844 1.345324 0.392008 0.007182 1.200323 0.249432 0.020572 
1.281837 0.448864 0.005069 1.217774 0.444179 0.007372 1.344421 0.389822 0.007695 1.200605 0.249581 0.022808 
1.282405 0.448751 0.005110 1.216911 0.441816 0.007892 1.343832 0.388141 0.008252 1.202246 0.249239 0.024886 
1.105828 0.731396 0.003681 1.206664 0.248141 0.029963 1.139977 0.438075 0.020790 1.501982 0.619680 0.015718 1.338495 0.375774 0.010809 1.360582 0.492152 0.006229 
1.106890 0.732088 0.003804 1.205052 0.250968 0.036700 1.140107 0.427426 0.026410 1.501368 0.623004 0.014243 1.330075 0.362264 0.015389 1.358370 0.489629 0.006878 
1.108737 0.734381 0.003980 1.203580 0.258949 0.038946 1.140179 0.421299 0.029243 1.501344 0.621894 0.013138 1.328250 0.365999 0.017872 1.357289 0.483480 0.008543 
1.106420 0.734984 0.005624 1.205539 0.268450 0.037420 1.141968 0.420633 0.029461 1.499955 0.620159 0.010682 1.331092 0.374446 0.017791 1.359285 0.477622 0.009111 
1.104324 0.734558 0.006716 1.210594 0.276707 0.032621 1.146037 0.422601 0.026745 1.499738 0.620292 0.007800 1.336823 0.382508 0.014891 1.364155 0.475790 0.007400 
1.103767 0.734246 0.006503 1.218756 0.280155 0.026367 1.150553 0.424170 0.022330 1.501586 0.621885 0.005064 1.343585 0.389842 0.010844 1.369174 0.474288 0.004895 
1.101515 0.732824 0.006724 1.224118 0.277862 0.022001 1.150263 0.423801 0.019358 1.506749 0.616632 0.004836 1.347183 0.398558 0.008877 1.369149 0.466638 0.004892 
1.099028 0.732329 0.008181 1.229551 0.275893 0.017513 1.149220 0.425455 0.016520 1.508507 0.613024 0.003250 1.350104 0.406433 0.007337 1.368997 0.458394 0.004890 
1.094219 0.730367 0.011239 1.232524 0.275046 0.013615 1.148002 0.428022 0.014625 1.507787 0.612489 0.000549 1.352391 0.412763 0.006246 1.368798 0.449846 0.004884 
1.085678 0.728746 0.016300 1.234445 0.274626 0.010604 1.146216 0.430868 0.013959 1.503640 0.614793 -0.002537 1.353619 0.416385 0.005583 1.368680 0.442981 0.004865 
1.078614 0.731865 0.022758 1.235679 0.274473 0.008285 1.143973 0.434317 0.014313 1.353916 0.417721 0.005152 1.497151 0.618995 -0.004001 1.368784 0.441616 0.004780 
1.073857 0.735950 0.029720 1.236714 0.274229 0.006864 1.142311 0.437137 0.015592 1.353037 0.416143 0.004891 1.491737 0.623071 -0.003432 1.368875 0.443794 0.004710 
1.070814 0.738274 0.036690 1.237547 0.273871 0.007069 1.141755 0.437666 0.018095 1.350071 0.409610 0.004894 1.489160 0.626518 -0.000940 1.368868 0.448190 0.004779 
1.066670 0.740832 0.039804 1.358982 0.401632 0.015576 1.246953 0.270434 0.015015 1.143966 0.424343 0.022124 1.488887 0.634640 -0.001697 1.382746 0.421769 0.015589 
1.062849 0.748172 0.038209 1.252940 0.263476 0.022634 1.146342 0.398155 0.027900 1.353227 0.398302 0.023069 1.487720 0.640901 -0.009188 1.377716 0.389689 0.024180 
1.058430 0.759712 0.031608 1.252194 0.244868 0.037576 1.148657 0.359116 0.039792 1.342657 0.365047 0.031986 1.489046 0.656017 -0.020955 1.373331 0.358033 0.033008 
1.047638 0.761507 0.023424 1.254858 0.221477 0.050519 1.150377 0.325434 0.050126 1.334853 0.327150 0.040013 1.506625 0.643043 -0.028844 1.371756 0.334447 0.038325 
1.040892 0.756872 0.020393 1.252914 0.195417 0.078242 1.147420 0.281437 0.077341 1.526033 0.618127 -0.027053 1.317558 0.280915 0.063198 1.358943 0.301868 0.056100 
1.033466 0.751188 0.020441 1.240498 0.175241 0.098821 1.141615 0.249254 0.099747 1.536016 0.605221 -0.029150 1.306521 0.249147 0.081057 1.350839 0.272840 0.070954 
1.032854 0.755130 0.021079 1.241180 0.161967 0.101408 1.155286 0.229998 0.102540 1.322241 0.234765 0.082616 1.543589 0.583492 -0.032739 1.366700 0.253817 0.074870 
1.035269 0.759279 0.023209 1.269687 0.166025 0.072082 1.182028 0.234150 0.073402 1.353581 0.248587 0.059977 1.547292 0.565865 -0.039146 1.398319 0.252240 0.059398 
1.037737 0.762781 0.026638 1.303281 0.186192 0.021286 1.210991 0.261593 0.024781 1.383606 0.268451 0.017986 1.548098 0.552176 -0.048483 1.431797 0.278654 0.018827 
1.031993 0.759030 0.032880 1.329597 0.192326 0.004624 1.223375 0.262482 0.008628 1.387520 0.258306 0.004128 1.548973 0.548526 -0.056154 1.445750 0.280071 0.003784 
1.024029 0.766888 0.056697 1.341158 0.188753 0.004401 1.222946 0.263843 0.010134 1.381591 0.240698 0.004139 1.543064 0.556687 -0.055008 1.445797 0.283711 -0.000244 
1.020841 0.787707 0.095433 1.349153 0.186295 0.004361 1.219783 0.280690 0.015809 1.376321 0.224869 0.004159 1.539167 0.588621 -0.039187 1.441134 0.312006 -0.004698 
1.023856 0.812127 0.142925 1.349108 0.186244 0.004686 1.216410 0.302287 0.027296 1.372147 0.212406 0.004319 1.539613 0.627869 -0.011638 1.434511 0.348415 -0.002697 
1.036599 0.833787 0.188871 1.345519 0.187165 0.005371 1.215162 0.319160 0.041019 1.370405 0.207061 0.004790 1.546605 0.659739 0.020704 1.429760 0.376783 0.006388 
1.052740 0.844282 0.226062 1.341391 0.188243 0.006362 1.216303 0.326563 0.052652 1.369997 0.205750 0.005459 1.558345 0.674044 0.048283 1.428160 0.390637 0.016497 
1.066501 0.842981 0.253628 1.339241 0.188788 0.007321 1.218705 0.325934 0.060615 1.369871 0.204980 0.006184 1.571317 0.676056 0.068637 1.428647 0.393022 0.024112 
1.078645 0.835364 0.276514 1.339574 0.188512 0.008075 1.221388 0.321360 0.066287 1.369946 0.204338 0.007060 1.582900 0.670506 0.083753 1.429930 0.389202 0.029801 
1.088279 0.824414 0.299652 1.340114 0.188162 0.008838 1.223776 0.315813 0.071597 1.369975 0.203380 0.007921 1.591004 0.662810 0.096760 1.431417 0.383976 0.034876 
1.095693 0.811260 0.325443 1.340338 0.187850 0.009720 1.225741 0.310942 0.077710 1.370247 0.203035 0.008948 1.595832 0.655243 0.110110 1.432886 0.379318 0.040602 
1.101263 0.797422 0.353542 1.342874 0.186975 0.009968 1.227781 0.306677 0.083631 1.368584 0.196989 0.008513 1.597533 0.647831 0.121086 1.435213 0.376243 0.044863 
1.110263 0.785941 0.383142 1.349212 0.185048 0.008883 1.230297 0.303065 0.088914 1.365394 0.187814 0.006880 1.600943 0.642861 0.131419 1.438223 0.373571 0.047858 
1.126633 0.775623 0.415254 1.354765 0.183241 0.007786 1.233585 0.300452 0.095726 1.362316 0.179573 0.005139 1.610068 0.638024 0.145668 1.441083 0.373155 0.052878 
1.147768 0.763676 0.450610 1.359927 0.181446 0.006552 1.237676 0.298841 0.104295 1.360144 0.174176 0.003827 1.621264 0.631433 0.161087 1.444981 0.372502 0.059500 
1.172853 0.748082 0.486857 1.363357 0.180154 0.005687 1.242673 0.296613 0.114128 1.635056 0.622357 0.177586 1.358845 0.170879 0.002860 1.449517 0.371380 0.067522 
1.200809 0.727642 0.523327 1.366006 0.179030 0.004888 1.248612 0.293584 0.124702 1.648384 0.609689 0.191946 1.358592 0.170078 0.002535 1.455374 0.367925 0.075463 
1.232749 0.702443 0.557283 1.368702 0.177823 0.003798 1.255395 0.289147 0.135094 1.662659 0.592305 0.202867 1.359395 0.171367 0.002983 1.461882 0.361936 0.082618 
1.267112 0.672266 0.587896 1.262829 0.282679 0.144986 1.677388 0.571731 0.210572 1.468463 0.353593 0.088649 1.370344 0.176941 0.002982 1.361435 0.174352 0.004361 
1.302462 0.637103 0.616394 1.270524 0.274488 0.154866 1.690943 0.549896 0.216329 1.474635 0.344291 0.094160 1.370525 0.176542 0.002715 1.364139 0.178018 0.006449 
1.337405 0.596622 0.642599 1.278692 0.264684 0.164788 1.369742 0.176445 0.003150 1.703606 0.528400 0.221894 1.367616 0.181809 0.009183 1.480777 0.334477 0.099418 
1.371907 0.550918 0.664968 1.286807 0.252244 0.175216 1.362982 0.177503 0.008122 1.718721 0.506532 0.229576 1.371216 0.185833 0.012850 1.486131 0.325676 0.107065 
1.405820 0.499229 0.683557 1.296795 0.237047 0.186207 1.359612 0.174403 0.012829 1.731081 0.481324 0.237105 1.378468 0.187760 0.018207 1.493065 0.313372 0.115539 
1.308376 0.217955 0.197327 1.436053 0.447878 0.701255 1.358526 0.164722 0.017381 1.441512 0.233540 0.125348 
1.318931 0.200831 0.209580 1.459706 0.410994 0.714425 1.354878 0.149655 0.021452 1.446956 0.218408 0.128642 
1.326207 0.176194 0.212983 1.486686 0.391156 0.710664 1.349940 0.121430 0.022354 1.446591 0.192516 0.122123 
1.533531 0.392040 0.686469 1.344363 0.087924 0.022019 1.331058 0.149087 0.191488 1.539443 0.349652 0.223265 1.752459 0.410624 0.187414 1.446649 0.163583 0.111906 
1.591839 0.403834 0.643341 1.344841 0.056676 0.020062 1.302895 0.091630 0.133417 1.426228 0.208806 0.163588 1.776129 0.380487 0.126523 1.454070 0.136935 0.099858 
1.650863 0.413222 0.595560 1.353147 0.038186 0.016708 1.317604 0.077660 0.130451 1.440576 0.191419 0.144513 1.801885 0.349433 0.069416 1.469843 0.119520 0.084519 
1.703507 0.416197 0.555181 1.362000 0.033866 0.018367 1.336949 0.078046 0.132120 1.458001 0.183775 0.132194 1.817765 0.326699 0.025440 1.484577 0.113167 0.073432 
1.747644 0.417245 0.520317 1.369104 0.028957 0.019847 1.354151 0.077361 0.132948 1.473112 0.177387 0.122384 1.827773 0.310277 -0.010272 1.496764 0.107360 0.064168 
1.782484 0.417448 0.491821 1.374393 0.021663 0.019988 1.366351 0.072945 0.132612 1.485486 0.171728 0.113650 1.834084 0.299603 -0.039777 1.505251 0.100152 0.055974 
1.813449 0.418409 0.465355 1.376233 0.019317 0.029293 1.374251 0.068686 0.136707 1.493075 0.168039 0.111310 1.838235 0.291525 -0.065541 1.511705 0.096475 0.051603 
1.845095 0.420819 0.441376 1.515882 0.096987 0.053888 1.836800 0.284740 -0.087203 1.377201 0.021248 0.043331 1.381331 0.070048 0.148134 1.651212 0.266988 0.038181 1.484606 0.159321 0.111275 
1.942809 -0.453522 0.312601 1.874912 0.423376 0.419261 1.378735 0.022733 0.054305 1.390489 0.074710 0.159135 1.807184 -0.547165 0.332928 1.796279 -0.430029 0.259832 1.654205 0.265815 0.031769 1.492397 0.161625 0.114673 
1.900347 0.424961 0.399609 1.956542 -0.451759 0.312683 1.398755 0.078898 0.167796 1.380632 0.023812 0.062366 1.657395 0.265385 0.026558 1.499731 0.164121 0.117237 1.819103 -0.546500 0.342795 1.802422 -0.425743 0.263421 
1.920160 0.425816 0.383514 1.963246 -0.450269 0.311638 1.827432 -0.548639 0.346899 1.804442 -0.424430 0.265809 1.661020 0.266137 0.022062 1.505561 0.166448 0.119222 1.382199 0.025633 0.069398 1.405223 0.082146 0.174041 
1.933992 0.425899 0.371075 1.968135 -0.449169 0.310456 1.833318 -0.553119 0.349715 1.804678 -0.424724 0.267303 1.663127 0.266834 0.018808 1.509318 0.167536 0.120324 1.383473 0.027103 0.074611 1.410488 0.084676 0.178438 
1.942821 0.425595 0.361354 1.972200 -0.448300 0.309306 1.837708 -0.558328 0.352183 1.804305 -0.425521 0.268257 1.663351 0.266754 0.016328 1.511353 0.167807 0.120821 1.384380 0.028285 0.078241 1.414697 0.086867 0.181498 
1.948221 0.425297 0.354459 1.975198 -0.447629 0.308210 1.840663 -0.563212 0.354005 1.803559 -0.426362 0.268725 1.662748 0.266649 0.014739 1.512097 0.167509 0.120921 1.384890 0.029330 0.080674 1.418165 0.089014 0.183374 
1.950941 0.425080 0.350580 1.977248 -0.447183 0.307446 1.842347 -0.566840 0.355349 1.802850 -0.426968 0.268896 1.661918 0.266662 0.014059 1.512113 0.167035 0.120815 1.385089 0.030104 0.082061 1.420592 0.090740 0.184338 
1.951502 0.425009 0.349356 1.977370 -0.447031 0.306936 1.842446 -0.567752 0.355257 1.802473 -0.427226 0.268827 1.661265 0.266684 0.013963 1.511757 0.166612 0.120663 1.385068 0.030494 0.082532 1.421690 0.091659 0.184551 
1.950321 0.424925 0.350899 1.976430 -0.447153 0.306901 1.841596 -0.566849 0.354510 1.802454 -0.427166 0.268591 1.660493 0.266758 0.015050 1.511311 0.166477 0.120472 1.384839 0.030373 0.081852 1.421358 0.091717 0.184139 
1.946966 0.424804 0.355010 1.975560 -0.447385 0.307658 1.840205 -0.565084 0.354419 1.802649 -0.426628 0.268413 1.659374 0.266942 0.016996 1.510236 0.166120 0.120005 1.384380 0.030110 0.080581 1.420225 0.091437 0.183246 
1.941722 0.424643 0.360961 1.974430 -0.447794 0.308849 1.838055 -0.562511 0.354473 1.802890 -0.425785 0.268096 1.658291 0.267164 0.019147 1.508580 0.165529 0.119396 1.383733 0.029638 0.078554 1.418359 0.090798 0.181766 
1.935150 0.424377 0.368206 1.972699 -0.448468 0.310216 1.835086 -0.558988 0.354172 1.803178 -0.424730 0.267553 1.657364 0.267396 0.021475 1.506594 0.164889 0.118746 1.382898 0.028958 0.075764 1.415763 0.089785 0.179658 
1.927108 0.424009 0.376753 1.970437 -0.449334 0.311685 1.831381 -0.554573 0.353549 1.803527 -0.423439 0.266810 1.656409 0.267657 0.024100 1.504234 0.164146 0.117978 1.381929 0.028105 0.072290 1.412551 0.088458 0.176961 
1.917390 0.423532 0.386654 1.967667 -0.450306 0.313135 1.826994 -0.549339 0.352569 1.803931 -0.421918 0.265875 1.655178 0.267967 0.027186 1.501459 0.163250 0.116987 1.380885 0.027117 0.068199 1.408862 0.086909 0.173729 
1.905989 0.422903 0.397796 1.964061 -0.451392 0.314187 1.821746 -0.543318 0.350700 1.804289 -0.420353 0.264612 1.653578 0.268335 0.030790 1.498340 0.162239 0.115742 1.379801 0.026011 0.063532 1.404784 0.085194 0.169997 
1.892983 0.422117 0.409825 1.959687 -0.452532 0.314746 1.400394 0.083298 0.165756 1.378754 0.024802 0.058332 1.651698 0.268739 0.034708 1.494913 0.161097 0.114243 1.815836 -0.536525 0.347913 1.804660 -0.418670 0.263049 
1.878586 0.421157 0.422392 1.954779 -0.453647 0.314755 1.395782 0.081276 0.161003 1.377816 0.023475 0.052515 1.649579 0.269173 0.038869 1.491295 0.159906 0.112510 1.809508 -0.529069 0.344341 1.805116 -0.416779 0.261225 
1.862763 0.419971 0.435349 1.949979 -0.454600 0.314584 1.391012 0.079113 0.155787 1.377029 0.022078 0.046271 1.647177 0.269609 0.043266 1.487544 0.158666 0.110541 1.803036 -0.521179 0.340852 1.805682 -0.414581 0.259392 
1.845775 0.418555 0.448477 1.945785 -0.455266 0.314519 1.386267 0.076961 0.150248 1.376428 0.020689 0.039753 1.644469 0.270128 0.047928 1.483753 0.157410 0.108313 1.796521 -0.512700 0.338085 1.806380 -0.411872 0.257745 
1.828020 0.416981 0.461164 1.941179 -0.455735 0.313596 1.381522 0.074635 0.144297 1.789847 -0.503506 0.334336 1.641750 0.270634 0.052435 1.479960 0.156137 0.105976 1.376069 0.019246 0.032984 1.807202 -0.408991 0.255846 
1.809574 0.415212 0.473324 1.935991 -0.455981 0.311611 1.376846 0.072117 0.137991 1.783142 -0.494198 0.329340 1.639001 0.271089 0.056811 1.476219 0.154844 0.103551 1.375951 0.017801 0.026167 1.807995 -0.406295 0.253625 
1.790468 0.413050 0.484996 1.929381 -0.456145 0.308334 1.372193 0.069361 0.132418 1.776402 -0.485712 0.322770 1.636030 0.271296 0.061116 1.472360 0.153288 0.101191 1.375850 0.016737 0.020821 1.808301 -0.404216 0.251321 
1.922218 -0.456093 0.305249 1.772557 0.409911 0.498591 1.770417 -0.480273 0.316815 1.369032 0.068830 0.132387 1.375852 0.016029 0.018480 1.807462 -0.403615 0.250498 1.629859 0.271083 0.068760 1.468642 0.151717 0.101086 
1.916979 -0.456273 0.303189 1.758783 0.406640 0.511408 1.765661 -0.475121 0.312988 1.801448 -0.397608 0.272428 1.366134 0.067905 0.132502 1.625501 0.271379 0.076955 1.466074 0.150972 0.102853 
1.912219 -0.456569 0.301350 1.748231 0.403793 0.521909 1.761650 -0.471541 0.309874 1.800198 -0.397045 0.271366 1.363262 0.066665 0.132633 1.623418 0.271813 0.083771 1.463905 0.150705 0.105597 
1.907416 -0.456755 0.299434 1.738925 0.401180 0.531002 1.758032 -0.469590 0.306731 1.798591 -0.397198 0.270224 1.360684 0.065517 0.132692 1.478376 0.163027 0.117731 
1.903091 -0.456719 0.297580 1.730357 0.398864 0.538576 1.754819 -0.468242 0.303794 1.797015 -0.397486 0.269077 1.358421 0.064505 0.132704 1.476267 0.162609 0.120036 
1.899341 -0.456533 0.295802 1.722735 0.396839 0.544949 1.752010 -0.467030 0.301083 1.795642 -0.397712 0.267961 1.356484 0.063692 0.132703 1.474336 0.162182 0.121925 
1.896267 -0.456290 0.293987 1.716162 0.395043 0.550299 1.749572 -0.465662 0.298420 1.794609 -0.397787 0.266776 1.354853 0.062984 0.132658 1.472681 0.161774 0.123485 
1.893832 -0.455977 0.292098 1.710626 0.393516 0.554711 1.747513 -0.464137 0.295736 1.793932 -0.397698 0.265502 1.353489 0.062401 0.132618 1.471278 0.161422 0.124783 
1.891909 -0.455687 0.290277 1.706078 0.392197 0.558275 1.745794 -0.462588 0.293191 1.793485 -0.397541 0.264246 1.352392 0.061914 0.132569 1.470132 0.161090 0.125810 
1.890333 -0.455451 0.288629 1.702450 0.391095 0.561016 1.744424 -0.461312 0.290915 1.793164 -0.397452 0.263101 1.351558 0.061553 0.132527 1.469229 0.160789 0.126578 
1.888752 -0.455007 0.286552 1.698949 0.390583 0.561622 1.743319 -0.460496 0.288262 1.792788 -0.397333 0.261586 1.349022 0.059782 0.132145 1.467884 0.161051 0.127119 
1.886268 -0.454137 0.283689 1.694228 0.390807 0.559119 1.742138 -0.460324 0.284414 1.791852 -0.397414 0.259414 1.344824 0.056523 0.131490 1.464741 0.160684 0.126680 
1.884340 -0.453074 0.281337 1.688531 0.390913 0.556856 1.740960 -0.459846 0.281305 1.791032 -0.397163 0.257573 1.341320 0.054092 0.130942 1.461674 0.160073 0.125426 
1.882091 -0.451954 0.278632 1.682619 0.391290 0.553119 1.739772 -0.459632 0.277731 1.790007 -0.397053 0.255434 1.337302 0.051019 0.130305 1.457890 0.159031 0.123801 
1.880149 -0.450797 0.276152 1.676783 0.391579 0.549870 1.738535 -0.459225 0.274486 1.788994 -0.396773 0.253424 1.333624 0.048609 0.129779 1.454192 0.158085 0.122207 
1.873054 -0.449985 0.274377 1.670936 0.392894 0.545170 1.737932 -0.476255 0.267241 1.780827 -0.406190 0.249152 1.331961 0.048255 0.129654 1.450373 0.155746 0.118770 
1.865010 -0.449879 0.275785 1.666948 0.394950 0.537593 1.741308 -0.505766 0.261277 1.767582 -0.421167 0.245285 1.332745 0.050148 0.129839 1.447251 0.152180 0.113327 
1.871779 -0.451235 0.292037 1.662090 0.397405 0.525918 1.368339 0.082847 0.170042 1.746012 -0.563815 0.270409 1.746711 -0.441622 0.246204 
1.879694 -0.449890 0.291654 1.655523 0.398947 0.511486 1.364173 0.079453 0.164752 1.755843 -0.612209 0.267946 1.733566 -0.454616 0.237158 
1.712591 -0.472208 0.217578 1.655360 0.400799 0.496802 1.360627 0.078223 0.160783 1.863891 -0.449225 0.274497 1.777477 -0.644180 0.236141 
1.864304 -0.448023 0.264831 1.654083 0.402922 0.478872 1.355152 0.076102 0.156716 1.777893 -0.661586 0.223397 1.705099 -0.476657 0.208291 
1.701273 -0.477441 0.200626 1.651704 0.405114 0.462779 1.349616 0.073221 0.153294 1.865312 -0.446278 0.255363 1.788662 -0.671011 0.215357 
1.694956 -0.479649 0.194395 1.649071 0.407304 0.450523 1.345434 0.071009 0.150758 1.865102 -0.444206 0.249041 1.806429 -0.683453 0.211048 
1.667390 -0.491911 0.174990 1.648291 0.409267 0.443267 1.342474 0.072044 0.149579 1.837879 -0.441929 0.230950 1.838495 -0.690204 0.211140 
1.644952 -0.499620 0.170907 1.644812 0.411914 0.432581 1.337529 0.071651 0.147904 1.819593 -0.440631 0.226837 1.854468 -0.693886 0.242910 
1.640611 0.414215 0.414536 1.333422 0.067313 0.143835 1.824518 -0.440883 0.233997 1.877012 -0.715531 0.270137 1.616731 -0.514962 0.252656 1.630275 -0.504306 0.190577 
1.644483 0.417467 0.393098 1.332113 0.065003 0.140938 1.835649 -0.439816 0.229304 1.909075 -0.732701 0.277310 1.598166 -0.584214 0.304796 1.618091 -0.506556 0.196950 
1.649952 0.420110 0.371804 1.331191 0.064571 0.140614 1.870679 -0.434281 0.189366 1.966654 -0.750666 0.224892 1.640203 -0.677708 0.344778 1.630069 -0.501041 0.176049 
1.668938 0.423795 0.365450 1.336993 0.073499 0.142578 1.892116 -0.435194 0.191991 1.976524 -0.765492 0.209076 1.696943 -0.683494 0.384644 1.647566 -0.496963 0.188487 
1.698255 0.424860 0.375433 1.350506 0.079959 0.151431 1.889264 -0.439679 0.194676 1.950661 -0.778861 0.208100 1.709186 -0.672079 0.389795 1.646975 -0.499662 0.196840 
1.735002 0.427625 0.379050 1.869967 -0.438960 0.148245 1.897376 -0.845272 0.160262 1.650648 -0.737274 0.332637 1.609037 -0.507805 0.154099 1.345278 0.069957 0.146622 1.410842 0.125207 0.082555 
1.770853 0.431890 0.375446 1.887594 -0.441001 0.152013 1.922086 -0.832504 0.172052 1.662987 -0.733941 0.337776 1.618997 -0.504795 0.161068 1.350582 0.070731 0.151009 1.428994 0.141571 0.092199 
1.810327 0.435527 0.376760 1.906712 -0.443210 0.163725 1.959076 -0.796947 0.195901 1.672683 -0.712820 0.347367 1.355706 0.073023 0.161743 1.450034 0.158663 0.102772 1.353682 0.039329 0.069190 1.638479 -0.515230 0.129231 
1.843551 0.439050 0.381720 1.916777 -0.442976 0.170672 1.976416 -0.771960 0.210038 1.671197 -0.695821 0.349935 1.362664 0.077171 0.172267 1.469307 0.171249 0.109630 1.356571 0.036549 0.072281 1.642426 -0.511616 0.140361 
1.865202 0.443513 0.377507 1.914915 -0.440894 0.169699 1.976342 -0.764127 0.220814 1.656718 -0.692478 0.343590 1.366846 0.078320 0.178338 1.481481 0.178937 0.113966 1.360486 0.036305 0.076417 1.635294 -0.509861 0.142894 
1.881816 0.448013 0.360530 1.917363 -0.438924 0.168132 1.985538 -0.745906 0.229652 1.364271 0.035561 0.080443 1.369651 0.077345 0.183456 1.487573 0.182160 0.116352 1.653042 -0.685264 0.342271 1.635267 -0.506903 0.147949 
1.893756 0.452721 0.339551 1.490703 0.183499 0.116771 1.709548 -0.699151 0.367943 1.662366 -0.497052 0.152139 2.034248 -0.708329 0.201907 1.951101 -0.436584 0.158211 1.365930 0.037390 0.087458 1.376259 0.083016 0.189027 
1.905358 0.456935 0.308296 1.491937 0.185475 0.118239 1.686571 -0.759647 0.347858 1.629451 -0.498732 0.126410 1.984772 -0.809365 0.178889 1.934579 -0.430823 0.120177 1.367371 0.039094 0.092443 1.379340 0.086382 0.192846 
1.914212 0.462286 0.284637 1.493643 0.188826 0.119305 1.708246 -0.757082 0.361846 1.641125 -0.492464 0.132655 2.022566 -0.775828 0.182130 1.949794 -0.428427 0.117161 1.368377 0.041302 0.096025 1.382232 0.091293 0.195607 
1.918269 0.469344 0.274907 1.496150 0.194292 0.119697 1.739197 -0.718638 0.385613 1.670671 -0.481793 0.148863 2.073748 -0.679105 0.183978 1.975011 -0.424277 0.130001 1.369033 0.044296 0.098308 1.383305 0.096391 0.197174 
1.914166 0.477944 0.273118 1.495408 0.197119 0.119053 1.713239 -0.666553 0.388769 1.675751 -0.476269 0.163791 2.070296 -0.626974 0.196007 1.970982 -0.418236 0.147895 1.369357 0.046377 0.100136 1.382789 0.099608 0.197333 
1.909733 0.484372 0.268011 1.494574 0.198477 0.118620 1.672625 -0.617785 0.371561 1.669728 -0.474058 0.176086 2.052345 -0.596933 0.213470 1.954471 -0.411921 0.164419 1.369935 0.046269 0.102332 1.380568 0.099212 0.197561 
1.904776 0.490897 0.261097 1.492675 0.198056 0.117831 1.643015 -0.585556 0.347691 1.661215 -0.470979 0.182546 2.037665 -0.573012 0.226168 1.938958 -0.403206 0.174566 1.370058 0.043395 0.102293 1.378956 0.098768 0.196557 
1.900025 0.497788 0.253390 1.490873 0.198235 0.116687 1.377966 0.100159 0.195035 1.369927 0.040551 0.101422 2.028925 -0.552062 0.235642 1.926961 -0.392656 0.179638 1.621961 -0.566999 0.326618 1.651764 -0.466093 0.184813 
1.894545 0.505416 0.246166 1.488951 0.199241 0.115154 1.376912 0.102824 0.193280 1.369612 0.038147 0.100246 2.019877 -0.530384 0.245600 1.913369 -0.380158 0.182998 1.603038 -0.551891 0.301213 1.639802 -0.459468 0.185126 
1.886760 0.517175 0.242677 1.485628 0.201835 0.112905 1.375109 0.107644 0.191279 1.369295 0.037584 0.098006 2.011791 -0.507331 0.254985 1.899457 -0.364636 0.185120 1.587846 -0.540725 0.273891 1.626274 -0.449907 0.183114 
1.876951 0.532288 0.242851 1.482303 0.207454 0.110541 1.372470 0.114756 0.189368 1.368902 0.040824 0.096449 2.011960 -0.489811 0.259234 1.892881 -0.347804 0.187480 1.576231 -0.534686 0.259550 1.615232 -0.437950 0.181280 
1.865869 0.550906 0.244822 1.478604 0.216395 0.108347 1.368158 0.122938 0.188493 1.561523 -0.527931 0.247760 2.016310 -0.478963 0.268634 1.886144 -0.328802 0.189408 1.369046 0.048636 0.096013 1.601787 -0.423656 0.178362 
1.852760 0.572543 0.248135 1.474639 0.227273 0.106269 1.363705 0.132444 0.187749 1.554277 -0.517681 0.234805 2.017613 -0.462465 0.271633 1.879649 -0.307217 0.192642 1.369406 0.059297 0.096241 1.592489 -0.406786 0.176665 
1.837196 0.595977 0.250580 1.469878 0.238901 0.104173 1.359386 0.142775 0.187089 1.550833 -0.514428 0.224672 2.020173 -0.437386 0.271861 1.875233 -0.283460 0.195130 1.370093 0.071545 0.096660 1.584981 -0.387661 0.174726 
1.819857 0.621265 0.252723 1.464609 0.251542 0.102039 1.355555 0.154676 0.186253 1.551532 -0.537493 0.216279 2.023037 -0.391173 0.273779 1.872905 -0.257639 0.196320 1.370976 0.085456 0.096857 1.574985 -0.366044 0.170757 
1.417212 0.228635 0.189914 1.800734 0.648551 0.255738 1.561140 -0.593819 0.219110 2.022791 -0.320946 0.277155 1.878662 -0.230006 0.195063 1.372097 0.101600 0.096690 1.564874 -0.341538 0.164148 
1.410823 0.244512 0.187972 1.779458 0.677879 0.260733 1.592684 -0.670279 0.228201 2.003872 -0.238551 0.283310 1.889299 -0.199936 0.192588 1.373296 0.120977 0.096526 1.556758 -0.314428 0.156019 
1.404323 0.263029 0.186082 1.756731 0.709220 0.269491 1.652512 -0.743114 0.233484 1.959650 -0.165396 0.281123 1.897887 -0.167926 0.192447 1.374471 0.145103 0.096149 1.550677 -0.285573 0.148389 
1.397983 0.292675 0.188183 1.741034 0.744210 0.287339 1.916395 -0.137032 0.197876 1.752842 -0.791376 0.250268 1.371414 0.179953 0.098520 1.558453 -0.259699 0.151233 
1.391254 0.336164 0.196934 1.739381 0.780421 0.299403 1.935686 -0.108568 0.204215 1.837704 -0.788302 0.270127 1.360660 0.226842 0.107424 1.570362 -0.233716 0.165172 
1.384996 0.379808 0.210519 1.749235 0.812937 0.290289 1.575905 -0.205480 0.179578 1.345426 0.271605 0.122915 1.888233 -0.762001 0.277439 1.948721 -0.082323 0.197982 
1.575410 -0.181206 0.197858 1.760866 0.846714 0.281581 1.331005 0.303631 0.141276 1.904664 -0.736937 0.292435 1.956079 -0.057168 0.199183 1.416691 0.454906 0.121441 1.317825 0.353297 0.232557 
1.586605 -0.159033 0.210447 1.766054 0.876073 0.290490 1.326236 0.329409 0.149854 1.930877 -0.705894 0.305651 1.970591 -0.031124 0.207356 1.415450 0.488583 0.130015 1.312551 0.373908 0.244360 
1.604556 -0.136386 0.213548 1.768169 0.900402 0.293675 1.328489 0.358253 0.146669 1.953371 -0.677307 0.312872 1.986281 -0.006643 0.210524 1.416758 0.516165 0.128782 1.314468 0.399718 0.242585 
1.622320 -0.115034 0.210312 1.767558 0.921244 0.297307 1.334269 0.386700 0.136514 1.971040 -0.654145 0.316598 1.999603 0.015172 0.211018 1.420312 0.539319 0.119913 1.319482 0.425807 0.232709 
1.637088 -0.096333 0.204685 1.766295 0.938894 0.303455 1.340305 0.412714 0.124082 1.982078 -0.636483 0.319942 2.010029 0.033533 0.210596 1.425606 0.560098 0.107375 1.324961 0.450109 0.219925 
1.646869 -0.080939 0.205059 1.767555 0.952918 0.309451 1.341185 0.433409 0.123423 1.985763 -0.621751 0.326568 2.018700 0.047832 0.210459 1.426275 0.578573 0.106557 1.325916 0.467381 0.219485 
1.656360 -0.068058 0.206349 1.771794 0.963681 0.312888 1.340064 0.451660 0.123765 1.989718 -0.607574 0.334415 2.027605 0.058979 0.210166 1.426693 0.596331 0.107626 1.325678 0.483263 0.219986 
1.774940 0.971530 0.314619 2.035668 0.067772 0.209066 1.426130 0.610864 0.109019 1.992036 -0.595562 0.342528 1.664693 -0.057763 0.206427 1.337964 0.466257 0.123935 1.324191 0.495247 0.219714 
1.777192 0.977124 0.314858 2.042135 0.074487 0.208222 1.424811 0.622350 0.110711 1.991256 -0.584045 0.352199 1.671350 -0.049994 0.206359 1.334866 0.476688 0.124002 1.321397 0.503067 0.219176 
1.779087 0.980913 0.314107 2.047155 0.079384 0.207861 1.423120 0.630991 0.112548 1.988244 -0.572415 0.362947 1.676676 -0.044319 0.206372 1.331368 0.483610 0.123979 1.317921 0.507363 0.218412 
1.780225 0.983120 0.313126 2.051132 0.082826 0.207664 1.421254 0.636983 0.114263 1.984298 -0.561098 0.373676 1.681101 -0.040251 0.206295 1.328018 0.487852 0.123882 1.314446 0.509101 0.217571 
1.780849 0.984178 0.312490 2.053941 0.084957 0.207652 1.419601 0.640933 0.115678 1.979747 -0.550870 0.383593 1.684541 -0.037446 0.206240 1.325243 0.490681 0.124050 1.311596 0.509661 0.216682 
1.781664 0.985258 0.312535 2.053713 0.085259 0.207682 1.418914 0.643981 0.116135 1.978531 -0.552163 0.383970 1.682936 -0.036733 0.206247 1.323164 0.492999 0.124410 1.309709 0.511646 0.216896 
1.781125 0.985076 0.312257 2.053043 0.084936 0.207553 1.418024 0.645194 0.116149 1.976267 -0.554678 0.384569 1.681414 -0.036348 0.205755 1.322198 0.494749 0.123938 1.308742 0.513323 0.216528 
1.779724 0.984603 0.312739 2.051480 0.084503 0.208475 1.417097 0.645697 0.116069 1.971882 -0.555880 0.386252 1.679413 -0.036053 0.206070 1.321502 0.495901 0.123598 1.307929 0.514304 0.216291 
1.778009 0.984137 0.313345 2.049761 0.084223 0.209809 1.416118 0.645757 0.116011 1.967531 -0.555976 0.387968 1.677543 -0.035719 0.206651 1.320982 0.496662 0.123399 1.307154 0.514658 0.215992 
1.776921 0.984074 0.313308 2.048341 0.084235 0.211129 1.415229 0.645943 0.115976 1.964284 -0.555217 0.389263 1.676155 -0.035151 0.207282 1.320542 0.497553 0.123268 1.306506 0.515166 0.215626 
1.776336 0.984224 0.312973 2.047201 0.084352 0.212201 1.414562 0.646375 0.115947 1.961780 -0.554459 0.390225 1.675079 -0.034544 0.207838 1.320156 0.498657 0.123274 1.306054 0.516023 0.215299 
1.776024 0.984386 0.312710 2.046277 0.084426 0.213078 1.414150 0.646779 0.115952 1.959879 -0.553837 0.390864 1.674221 -0.034142 0.208332 1.319846 0.499430 0.123276 1.305709 0.516661 0.215069 
1.775924 0.984500 0.312563 2.045723 0.084441 0.213609 1.413961 0.647027 0.115990 1.958842 -0.553492 0.391137 1.673669 -0.034019 0.208667 1.319591 0.499676 0.123256 1.305443 0.516891 0.214985 
1.775922 0.984515 0.312571 2.045623 0.084431 0.213698 1.413966 0.647063 0.115999 1.958757 -0.553500 0.391078 1.673570 -0.034026 0.208727 1.319573 0.499715 0.123299 1.305421 0.516909 0.214987 
1.775979 0.984505 0.312616 2.045684 0.084420 0.213651 1.414036 0.647072 0.116029 1.958886 -0.553516 0.391030 1.673648 -0.034069 0.208699 1.319613 0.499763 0.123495 1.305429 0.516805 0.215008 
1.776035 0.984482 0.312671 2.045762 0.084397 0.213581 1.414143 0.647109 0.116060 1.959065 -0.553575 0.390953 1.673752 -0.034137 0.208669 1.319664 0.499821 0.123715 1.305456 0.516711 0.215055 
1.776143 0.984454 0.312743 2.045857 0.084359 0.213502 1.414294 0.647186 0.116098 1.959279 -0.553642 0.390856 1.673875 -0.034222 0.208646 1.319717 0.499881 0.123928 1.305496 0.516641 0.215109 
1.776263 0.984425 0.312808 2.045959 0.084311 0.213419 1.414443 0.647269 0.116137 1.959508 -0.553714 0.390753 1.674008 -0.034316 0.208619 1.319761 0.499932 0.124108 1.305534 0.516586 0.215151 
1.776368 0.984399 0.312860 2.046032 0.084251 0.213362 1.414566 0.647340 0.116171 1.959655 -0.553772 0.390687 1.674115 -0.034412 0.208603 1.319791 0.499969 0.124241 1.305564 0.516548 0.215177 
1.776463 0.984377 0.312902 2.046055 0.084180 0.213352 1.414660 0.647400 0.116197 1.959694 -0.553805 0.390657 1.674174 -0.034503 0.208617 1.319805 0.499995 0.124319 1.305585 0.516537 0.215189 
1.776536 0.984360 0.312935 2.046041 0.084108 0.213379 1.414730 0.647446 0.116217 1.959654 -0.553806 0.390657 1.674201 -0.034584 0.208653 1.319813 0.500014 0.124372 1.305599 0.516533 0.215194 
1.776590 0.984340 0.312972 2.045984 0.084033 0.213442 1.414784 0.647479 0.116230 1.959504 -0.553786 0.390703 1.674188 -0.034658 0.208716 1.319820 0.500035 0.124423 1.305614 0.516535 0.215206 
1.776615 0.984319 0.313004 2.045880 0.083955 0.213543 1.414820 0.647497 0.116235 1.959243 -0.553746 0.390794 1.674135 -0.034727 0.208804 1.319826 0.500055 0.124467 1.305627 0.516538 0.215221 
1.776633 0.984299 0.313035 2.045752 0.083879 0.213664 1.414849 0.647510 0.116240 1.958931 -0.553689 0.390903 1.674062 -0.034793 0.208906 1.319831 0.500071 0.124504 1.305638 0.516541 0.215233 
1.776635 0.984275 0.313073 2.045617 0.083803 0.213794 1.414875 0.647523 0.116245 1.958606 -0.553625 0.391016 1.673983 -0.034858 0.209010 1.319834 0.500086 0.124536 1.305645 0.516543 0.215241 
1.776618 0.984241 0.313132 2.045485 0.083726 0.213921 1.414905 0.647539 0.116251 1.958290 -0.553563 0.391125 1.673907 -0.034922 0.209113 1.319836 0.500101 0.124567 1.305652 0.516546 0.215248 
1.776592 0.984200 0.313204 2.045362 0.083650 0.214038 1.414941 0.647562 0.116258 1.957996 -0.553509 0.391226 1.673838 -0.034987 0.209210 1.319838 0.500118 0.124600 1.305659 0.516552 0.215257 
1.776571 0.984157 0.313281 2.045253 0.083574 0.214143 1.414983 0.647589 0.116264 1.957724 -0.553464 0.391321 1.673780 -0.035052 0.209300 1.319841 0.500137 0.124634 1.305670 0.516563 0.215270 
