1.460317 0.495348 0.004480 1.467467 0.405556 0.003850 1.610571 0.567054 0.004421 1.564641 0.405611 0.003500 
1.460546 0.495803 0.004548 1.467034 0.406076 0.003823 1.610170 0.567561 0.004540 1.564853 0.406051 0.003451 
1.460009 0.495273 0.004540 1.467127 0.406083 0.003824 1.610296 0.567535 0.004510 1.564308 0.405504 0.003440 
1.460044 0.495117 0.004317 1.469025 0.404578 0.003684 1.612163 0.565987 0.004680 1.564336 0.405334 0.003610 
1.458047 0.492893 0.004463 1.468429 0.404999 0.003890 1.611663 0.566345 0.004481 1.562333 0.403077 0.003611 
1.456811 0.491472 0.004506 1.468870 0.404622 0.003987 1.612126 0.565930 0.004524 1.561104 0.401646 0.003733 
1.454454 0.489070 0.004684 1.466997 0.406146 0.004082 1.610366 0.567420 0.004202 1.558754 0.399226 0.003463 
1.453052 0.487442 0.004695 1.467780 0.405462 0.004143 1.611164 0.566691 0.004275 1.557362 0.397587 0.003603 
1.451243 0.485361 0.004719 1.468556 0.404795 0.004212 1.611970 0.565967 0.004335 1.555562 0.395491 0.003729 
1.450199 0.484208 0.004593 1.469009 0.404532 0.003955 1.612450 0.565662 0.004599 1.554520 0.394325 0.003578 
1.447277 0.480844 0.004630 1.470072 0.403619 0.004042 1.613565 0.564659 0.004681 1.551614 0.390937 0.003706 
1.444755 0.477940 0.004762 1.471219 0.402620 0.004125 1.614752 0.563577 0.005239 1.549105 0.388010 0.003912 
1.440601 0.472919 0.005381 1.469317 0.404369 0.004550 1.612918 0.565347 0.005558 1.545036 0.383034 0.003993 
1.434900 0.466194 0.005491 1.468460 0.405155 0.004707 1.612115 0.566123 0.005314 1.539441 0.376352 0.003990 
1.428893 0.459260 0.005411 1.467886 0.405648 0.004737 1.611704 0.566493 0.005278 1.533480 0.369383 0.004057 
1.424045 0.453588 0.005353 1.467399 0.406115 0.004765 1.612377 0.565934 0.005753 1.528100 0.363020 0.004157 
1.430609 0.460654 0.005685 1.468571 0.405107 0.004863 1.616365 0.562174 0.010665 1.532884 0.368152 0.004849 
1.426962 0.451212 0.005892 1.465455 0.400816 0.005229 1.612891 0.558317 0.010919 1.529544 0.359014 0.005114 
1.416501 0.438450 0.004945 1.467886 0.396977 0.005024 1.613076 0.556498 0.008848 1.520535 0.347757 0.005017 
1.415538 0.437643 0.004943 1.468386 0.397378 0.005059 1.617218 0.553461 0.010276 1.517487 0.344583 0.004889 
1.416610 0.439021 0.004971 1.469348 0.397312 0.005098 1.621565 0.549991 0.012283 1.516468 0.343717 0.004803 
1.412441 0.434552 0.004808 1.469079 0.397168 0.005099 1.619975 0.551146 0.012496 1.513189 0.340143 0.004598 
1.471734 0.393150 0.005032 1.409846 0.434852 0.004405 1.506743 0.336464 0.004565 1.628566 0.540848 0.012910 
1.474425 0.391778 0.005050 1.404451 0.430888 0.004268 1.497042 0.328348 0.004210 1.637636 0.532359 0.011862 
1.475044 0.391773 0.005041 1.395945 0.422152 0.004084 1.490764 0.321577 0.004039 1.635372 0.535666 0.010796 
1.088662 0.225635 -0.004525 1.635691 0.535741 0.009303 1.386596 0.412867 0.004055 1.370163 0.395153 0.005767 1.456831 -0.072559 0.041575 1.495576 0.257972 0.021757 
1.096681 0.285615 -0.007211 1.642232 0.529322 0.006076 1.373617 0.403034 0.004653 1.370525 0.394485 0.004993 1.433320 -0.094753 0.024697 1.502444 0.261176 0.012424 
1.100884 0.310478 -0.004521 1.647725 0.523334 0.009008 1.377921 0.409081 0.003933 1.367900 0.391570 0.004969 1.424757 -0.104361 0.020812 1.505639 0.261253 0.011986 
1.102205 0.335604 0.002245 1.648592 0.521879 0.014236 1.389861 0.419277 0.003280 1.365871 0.389190 0.005176 1.423069 -0.106273 0.013754 1.511644 0.267681 0.012348 
1.102807 0.339924 0.003973 1.648172 0.518231 0.017309 1.398028 0.422005 0.003918 1.367817 0.387647 0.005708 1.420863 -0.107982 0.011346 1.514970 0.269259 0.013648 
1.105039 0.341581 0.004080 1.650821 0.507498 0.016243 1.401074 0.413242 0.004107 1.374318 0.384021 0.005641 1.418168 -0.111150 0.010770 1.518475 0.264604 0.013132 
1.108846 0.346161 0.004120 1.651425 0.499577 0.012987 1.403561 0.403707 0.003663 1.381629 0.380215 0.004969 1.413096 -0.116526 0.009933 1.521850 0.258049 0.010905 
1.109633 0.349975 0.004163 1.651332 0.497787 0.011039 1.403079 0.400675 0.004288 1.386652 0.382423 0.005252 1.411205 -0.119518 0.008674 1.523710 0.258254 0.009346 
1.108207 0.351536 0.004429 1.651949 0.496748 0.008139 1.399460 0.397331 0.004520 1.390292 0.385765 0.005088 1.415332 -0.118647 0.007305 1.524947 0.261224 0.007338 
1.106702 0.351099 0.004161 1.652411 0.496241 0.004940 1.395907 0.393932 0.004867 1.394359 0.389318 0.004888 1.420053 -0.117052 0.006220 1.526443 0.263864 0.005260 
1.104425 0.347484 0.002763 1.653109 0.495355 0.004944 1.400376 0.397579 0.004877 1.398264 0.392965 0.004927 1.423808 -0.116316 0.006872 1.528745 0.266994 0.005728 
1.097387 0.345825 0.004252 1.651053 0.498078 0.004409 1.404701 0.401264 0.004458 1.398355 0.393797 0.004843 1.419215 -0.114944 0.005879 1.528119 0.268876 0.005726 
1.088738 0.345966 0.008583 1.651807 0.497120 0.004452 1.407352 0.403430 0.004511 1.395611 0.392160 0.005405 1.410639 -0.114493 0.005587 1.526194 0.269843 0.006791 
1.080806 0.344849 0.013568 1.652646 0.496054 0.004493 1.409373 0.405082 0.004558 1.391421 0.389162 0.006146 1.402851 -0.114865 0.006488 1.523694 0.269366 0.008166 
1.076088 0.343421 0.017410 1.653677 0.494600 0.004212 1.409939 0.405490 0.004726 1.388496 0.386913 0.006833 1.398763 -0.115166 0.007448 1.522179 0.268701 0.009044 
1.075234 0.342241 0.019519 1.654622 0.493280 0.003884 1.410280 0.405622 0.004833 1.387468 0.385829 0.007186 1.399408 -0.115183 0.008085 1.522251 0.268459 0.009356 
1.076951 0.341359 0.020217 1.653898 0.494141 0.003552 1.410211 0.405758 0.005210 1.387825 0.386015 0.007539 1.402140 -0.115358 0.008572 1.522822 0.268299 0.009201 
1.079879 0.341116 0.020023 1.654585 0.493463 0.003846 1.412354 0.407579 0.004901 1.388342 0.386193 0.007282 1.405592 -0.115223 0.008595 1.524275 0.268830 0.009233 
1.082658 0.341383 0.019471 1.652987 0.495597 0.003664 1.412302 0.407840 0.005078 1.389315 0.387091 0.007282 1.408499 -0.114800 0.008059 1.524838 0.268964 0.008566 
1.084936 0.342087 0.018476 1.652995 0.495562 0.003003 1.409729 0.405750 0.005345 1.390568 0.388141 0.007192 1.410052 -0.114272 0.006852 1.524911 0.268898 0.007509 
1.086748 0.343601 0.017041 1.654190 0.494402 0.003366 1.410284 0.406354 0.004940 1.391509 0.389131 0.006629 1.410468 -0.113498 0.004836 1.525590 0.269803 0.006909 
1.088243 0.345710 0.015400 1.655353 0.492941 0.003429 1.408355 0.404790 0.004999 1.393048 0.390656 0.006315 1.410505 -0.112165 0.002261 1.525816 0.270664 0.005930 
1.089545 0.348108 0.013592 1.655790 0.492340 0.003321 1.405303 0.402381 0.005235 1.394696 0.392390 0.006106 1.410297 -0.110566 -0.000634 1.525598 0.271305 0.004651 
1.090572 0.349320 0.010931 1.656893 0.490979 0.003459 1.402738 0.400294 0.005208 1.396483 0.394168 0.005677 1.410994 -0.108891 -0.003324 1.525327 0.271849 0.003550 
1.090485 0.345553 0.009227 1.657909 0.489729 0.003612 1.400160 0.398192 0.005129 1.395212 0.393106 0.005497 1.413657 -0.109381 -0.001954 1.522989 0.269209 0.003704 
1.090346 0.343176 0.008667 1.658872 0.488601 0.003778 1.397978 0.396506 0.005136 1.393491 0.391664 0.005474 1.414736 -0.109502 -0.001087 1.521119 0.266782 0.003853 
1.090365 0.341327 0.008003 1.659238 0.488560 0.004356 1.398170 0.397051 0.004883 1.392075 0.390637 0.005339 1.415814 -0.109782 -0.000240 1.519963 0.264948 0.004200 
1.090710 0.340596 0.007560 1.659907 0.487913 0.004985 1.398229 0.397273 0.004909 1.391374 0.390058 0.005413 1.416073 -0.110229 0.000421 1.519345 0.263764 0.004622 
1.090631 0.338810 0.006557 1.660231 0.487632 0.005427 1.398318 0.397458 0.004958 1.391360 0.390062 0.005451 1.415176 -0.110599 0.000615 1.519006 0.263103 0.004917 
1.091003 0.339540 0.006422 1.660501 0.487408 0.005657 1.398422 0.397642 0.004984 1.391337 0.390062 0.005478 1.415127 -0.110942 0.000967 1.519001 0.262883 0.005083 
1.091302 0.340728 0.006436 1.660537 0.487399 0.005492 1.397921 0.397268 0.005024 1.391526 0.390243 0.005469 1.414782 -0.111150 0.001105 1.519076 0.262990 0.005000 
1.091432 0.342075 0.006501 1.658923 0.489709 0.005527 1.399371 0.398758 0.004784 1.391615 0.390602 0.005322 1.414739 -0.111188 0.001151 1.519415 0.263571 0.004924 
1.091536 0.343658 0.006599 1.657996 0.491033 0.005544 1.400446 0.399794 0.004674 1.392082 0.391148 0.005246 1.414698 -0.111186 0.001136 1.520075 0.264414 0.004894 
1.091644 0.345406 0.006676 1.657361 0.492032 0.005566 1.401587 0.400860 0.004537 1.392653 0.391755 0.005138 1.414703 -0.111184 0.001135 1.520895 0.265395 0.004897 
1.091587 0.346577 0.006518 1.656651 0.492902 0.005304 1.401205 0.400591 0.004742 1.393649 0.392643 0.005241 1.414268 -0.111155 0.001036 1.521510 0.266168 0.004730 
1.091595 0.347760 0.006405 1.656200 0.493429 0.005130 1.401073 0.400470 0.004829 1.394401 0.393274 0.005263 1.414414 -0.111110 0.001268 1.522051 0.266794 0.004691 
1.091602 0.348450 0.006151 1.655591 0.494051 0.004817 1.400467 0.399937 0.004955 1.395083 0.393829 0.005297 1.414394 -0.111111 0.001630 1.522283 0.267124 0.004595 
1.091617 0.349094 0.005943 1.655344 0.494374 0.004829 1.400589 0.400043 0.004951 1.395453 0.394150 0.005275 1.414332 -0.111084 0.001958 1.522617 0.267503 0.004707 
1.091631 0.349247 0.005647 1.655078 0.494721 0.004841 1.400521 0.399995 0.004947 1.395610 0.394291 0.005255 1.413993 -0.111068 0.002366 1.522696 0.267604 0.004845 
1.091640 0.349272 0.005299 1.654813 0.495067 0.004854 1.400318 0.399839 0.004943 1.395700 0.394376 0.005230 1.413906 -0.111072 0.002850 1.522644 0.267559 0.004975 
1.091663 0.349271 0.004956 1.654556 0.495402 0.004865 1.400097 0.399668 0.004939 1.395766 0.394441 0.005206 1.413832 -0.111092 0.003325 1.522556 0.267479 0.005096 
1.091693 0.349252 0.004633 1.654308 0.495725 0.004875 1.399867 0.399489 0.004936 1.395804 0.394481 0.005184 1.413726 -0.111116 0.003771 1.522447 0.267377 0.005209 
1.091725 0.349224 0.004333 1.654069 0.496036 0.004884 1.399642 0.399314 0.004934 1.395827 0.394509 0.005165 1.413610 -0.111141 0.004184 1.522331 0.267268 0.005312 
1.091755 0.349212 0.004062 1.653849 0.496323 0.004892 1.399435 0.399152 0.004932 1.395846 0.394532 0.005147 1.413502 -0.111164 0.004558 1.522226 0.267169 0.005406 
1.091784 0.349254 0.003830 1.653646 0.496586 0.004899 1.399257 0.399013 0.004930 1.395871 0.394560 0.005130 1.413416 -0.111185 0.004884 1.522146 0.267096 0.005485 
1.091809 0.349317 0.003628 1.653463 0.496825 0.004906 1.399113 0.398901 0.004929 1.395909 0.394597 0.005117 1.413359 -0.111200 0.005169 1.522092 0.267050 0.005555 
1.091823 0.349340 0.003440 1.653307 0.497028 0.004912 1.399004 0.398817 0.004928 1.395956 0.394641 0.005104 1.413327 -0.111209 0.005430 1.522055 0.267018 0.005622 
1.091834 0.349410 0.003295 1.652792 0.497911 0.005057 1.400304 0.399965 0.004521 1.395564 0.394391 0.004824 1.413299 -0.111216 0.005639 1.522073 0.267046 0.005722 
1.091861 0.349586 0.003207 1.652813 0.498277 0.005209 1.402604 0.401877 0.003664 1.394692 0.393685 0.004191 1.413196 -0.111230 0.005776 1.522201 0.267087 0.005843 
1.091894 0.349558 0.003056 1.652803 0.498297 0.005179 1.402109 0.401484 0.003778 1.394821 0.393799 0.004264 1.413156 -0.111259 0.005985 1.522115 0.267007 0.005879 
1.091922 0.349517 0.002921 1.652623 0.498502 0.005087 1.401424 0.400961 0.003938 1.394965 0.393946 0.004368 1.413105 -0.111289 0.006172 1.521959 0.266866 0.005855 
1.091947 0.349471 0.002794 1.652620 0.498510 0.005072 1.401030 0.400648 0.004031 1.395055 0.394027 0.004427 1.413070 -0.111312 0.006347 1.521880 0.266791 0.005891 
1.091967 0.349411 0.002674 1.652617 0.498518 0.005058 1.400675 0.400366 0.004114 1.395135 0.394099 0.004480 1.413040 -0.111332 0.006513 1.521805 0.266720 0.005926 
1.091991 0.349441 0.002593 1.653079 0.498022 0.005097 1.401179 0.400731 0.003840 1.394874 0.393830 0.004264 1.412977 -0.111350 0.006628 1.521869 0.266705 0.006015 
1.092021 0.349581 0.002556 1.653576 0.497506 0.005018 1.401446 0.400899 0.003579 1.394641 0.393577 0.004044 1.412892 -0.111365 0.006685 1.521921 0.266663 0.006016 
1.092041 0.349593 0.002495 1.653518 0.497567 0.004981 1.401017 0.400554 0.003711 1.394788 0.393703 0.004135 1.412864 -0.111384 0.006772 1.521869 0.266621 0.006012 
1.091952 0.349317 0.002370 1.653782 0.497435 0.004985 1.401527 0.400956 0.003444 1.394515 0.393461 0.003927 1.412384 -0.111373 0.006682 1.521883 0.266601 0.006035 
1.091976 0.349321 0.002339 1.653757 0.497473 0.004979 1.401155 0.400658 0.003582 1.394647 0.393574 0.004029 1.412359 -0.111393 0.006753 1.521841 0.266563 0.006047 
1.091992 0.349299 0.002313 1.653821 0.497419 0.004962 1.400904 0.400445 0.003651 1.394708 0.393615 0.004077 1.412337 -0.111409 0.006812 1.521802 0.266517 0.006056 
1.092013 0.349320 0.002303 1.653140 0.498423 0.005036 1.401330 0.400926 0.003632 1.394635 0.393675 0.004090 1.412317 -0.111428 0.006851 1.521732 0.266513 0.006053 
1.092031 0.349248 0.002249 1.653160 0.498401 0.005027 1.400964 0.400635 0.003754 1.394746 0.393772 0.004178 1.412296 -0.111448 0.006939 1.521675 0.266459 0.006072 
1.092049 0.349186 0.002186 1.653162 0.498404 0.005018 1.400620 0.400361 0.003864 1.394844 0.393857 0.004255 1.412275 -0.111466 0.007037 1.521614 0.266400 0.006091 
1.092069 0.349212 0.002151 1.653476 0.498061 0.005025 1.400921 0.400565 0.003694 1.394689 0.393685 0.004121 1.412215 -0.111482 0.007095 1.521659 0.266387 0.006136 
1.092088 0.349226 0.002116 1.653454 0.498095 0.005017 1.400607 0.400315 0.003810 1.394815 0.393793 0.004205 1.412195 -0.111498 0.007155 1.521633 0.266367 0.006144 
1.092106 0.349235 0.002087 1.653434 0.498125 0.005009 1.400318 0.400085 0.003916 1.394923 0.393886 0.004282 1.412176 -0.111513 0.007209 1.521606 0.266343 0.006152 
1.092122 0.349230 0.002057 1.653418 0.498150 0.005003 1.400056 0.399876 0.004013 1.395019 0.393968 0.004351 1.412158 -0.111527 0.007261 1.521577 0.266317 0.006160 
1.092131 0.349245 0.002046 1.653478 0.498229 0.005064 1.401239 0.400858 0.003563 1.394542 0.393581 0.004025 1.412089 -0.111537 0.007283 1.521627 0.266316 0.006205 
1.092151 0.349282 0.002026 1.653463 0.498255 0.005011 1.400834 0.400535 0.003698 1.394713 0.393727 0.004119 1.412051 -0.111550 0.007314 1.521614 0.266308 0.006182 
1.092169 0.349295 0.001995 1.653440 0.498289 0.005003 1.400535 0.400297 0.003815 1.394844 0.393839 0.004203 1.412024 -0.111564 0.007361 1.521598 0.266297 0.006189 
1.092187 0.349303 0.001969 1.653422 0.498318 0.004998 1.400250 0.400070 0.003920 1.394946 0.393927 0.004280 1.411998 -0.111579 0.007406 1.521569 0.266272 0.006195 
1.092202 0.349291 0.001947 1.653404 0.498344 0.004993 1.399989 0.399862 0.004016 1.395030 0.393999 0.004350 1.411941 -0.111590 0.007440 1.521537 0.266242 0.006202 
1.092215 0.349265 0.001934 1.653392 0.498363 0.004989 1.399752 0.399673 0.004104 1.395092 0.394053 0.004415 1.411841 -0.111597 0.007461 1.521504 0.266211 0.006209 
1.092228 0.349238 0.001926 1.653381 0.498379 0.004987 1.399539 0.399503 0.004182 1.395143 0.394097 0.004474 1.411729 -0.111602 0.007474 1.521474 0.266182 0.006216 
1.092238 0.349213 0.001921 1.653371 0.498395 0.004987 1.399356 0.399357 0.004254 1.395187 0.394136 0.004528 1.411623 -0.111606 0.007481 1.521449 0.266159 0.006223 
1.092113 0.348833 0.001820 1.652986 0.499159 0.005064 1.400800 0.400592 0.003780 1.394696 0.393781 0.004199 1.411107 -0.111571 0.007321 1.521461 0.266166 0.006228 
1.092127 0.348832 0.001810 1.653024 0.499114 0.005053 1.400519 0.400369 0.003889 1.394813 0.393882 0.004279 1.411089 -0.111582 0.007358 1.521453 0.266163 0.006237 
1.092144 0.348840 0.001788 1.653027 0.499113 0.005044 1.400247 0.400152 0.003989 1.394915 0.393970 0.004351 1.411073 -0.111596 0.007412 1.521432 0.266146 0.006247 
1.092158 0.348839 0.001754 1.653876 0.498059 0.005159 1.400840 0.400511 0.003721 1.394695 0.393668 0.004146 1.411041 -0.111606 0.007475 1.521613 0.266205 0.006403 
1.092144 0.348868 0.001756 1.653985 0.498050 0.005057 1.401105 0.400695 0.003525 1.394521 0.393489 0.003987 1.410977 -0.111596 0.007479 1.521614 0.266156 0.006353 
1.092161 0.348881 0.001754 1.653945 0.498107 0.005049 1.400836 0.400480 0.003658 1.394684 0.393628 0.004087 1.410956 -0.111610 0.007496 1.521620 0.266169 0.006352 
1.092178 0.348893 0.001767 1.653925 0.498138 0.005041 1.400554 0.400255 0.003780 1.394801 0.393727 0.004179 1.410930 -0.111624 0.007497 1.521601 0.266153 0.006345 
1.092188 0.348875 0.001776 1.653571 0.498671 0.004998 1.400669 0.400430 0.003752 1.394727 0.393733 0.004165 1.410892 -0.111633 0.007496 1.521518 0.266089 0.006287 
1.092203 0.348877 0.001785 1.653575 0.498669 0.004995 1.400417 0.400229 0.003864 1.394837 0.393827 0.004250 1.410811 -0.111641 0.007495 1.521515 0.266091 0.006291 
1.092219 0.348883 0.001774 1.653560 0.498693 0.004992 1.400155 0.400020 0.003966 1.394929 0.393906 0.004325 1.410775 -0.111653 0.007523 1.521489 0.266068 0.006295 
1.092233 0.348881 0.001764 1.653544 0.498716 0.004991 1.399922 0.399835 0.004058 1.395005 0.393971 0.004393 1.410719 -0.111663 0.007545 1.521464 0.266046 0.006301 
1.092246 0.348871 0.001760 1.653528 0.498740 0.004991 1.399713 0.399668 0.004141 1.395066 0.394023 0.004456 1.410632 -0.111669 0.007558 1.521439 0.266023 0.006308 
1.092259 0.348855 0.001754 1.653300 0.499064 0.005008 1.399719 0.399720 0.004180 1.395070 0.394066 0.004494 1.410548 -0.111674 0.007571 1.521399 0.265997 0.006306 
1.092269 0.348813 0.001733 1.653296 0.499072 0.005005 1.399509 0.399553 0.004252 1.395117 0.394107 0.004547 1.410473 -0.111681 0.007604 1.521362 0.265961 0.006316 
1.092280 0.348784 0.001713 1.653290 0.499082 0.005001 1.399321 0.399404 0.004317 1.395161 0.394145 0.004594 1.410399 -0.111687 0.007633 1.521331 0.265932 0.006325 
1.092289 0.348765 0.001699 1.653281 0.499096 0.004998 1.399156 0.399273 0.004375 1.395202 0.394180 0.004637 1.410315 -0.111691 0.007655 1.521308 0.265911 0.006334 
1.092298 0.348757 0.001691 1.653268 0.499115 0.004996 1.399016 0.399161 0.004429 1.395239 0.394213 0.004676 1.410215 -0.111693 0.007666 1.521294 0.265899 0.006341 
1.092176 0.348246 0.001527 1.653053 0.499449 0.004978 1.399440 0.399611 0.004269 1.395095 0.394184 0.004560 1.409762 -0.111663 0.007558 1.521265 0.265908 0.006322 
1.092192 0.348265 0.001537 1.653174 0.499360 0.004997 1.399642 0.399698 0.004215 1.395084 0.394104 0.004523 1.409715 -0.111674 0.007582 1.521320 0.265899 0.006353 
1.092202 0.348272 0.001522 1.653169 0.499369 0.004995 1.399470 0.399562 0.004283 1.395153 0.394164 0.004573 1.409704 -0.111682 0.007626 1.521308 0.265890 0.006365 
1.092195 0.348277 0.001514 1.653766 0.498719 0.005144 1.400564 0.400373 0.003878 1.394776 0.393774 0.004281 1.409674 -0.111674 0.007657 1.521491 0.265974 0.006513 
1.092190 0.348197 0.001505 1.653730 0.498773 0.005036 1.400128 0.400026 0.003995 1.394905 0.393883 0.004358 1.409579 -0.111666 0.007673 1.521442 0.265918 0.006460 
1.092097 0.347784 0.001381 1.653080 0.499784 0.005115 1.401119 0.400964 0.003762 1.394668 0.393805 0.004212 1.409168 -0.111659 0.007567 1.521412 0.265938 0.006456 
1.092102 0.347743 0.001380 1.653141 0.499711 0.005050 1.400725 0.400651 0.003879 1.394793 0.393912 0.004292 1.409152 -0.111664 0.007601 1.521383 0.265908 0.006435 
1.092117 0.347749 0.001377 1.653167 0.499681 0.005043 1.400456 0.400437 0.003980 1.394883 0.393989 0.004366 1.409137 -0.111677 0.007640 1.521360 0.265889 0.006443 
1.092132 0.347741 0.001356 1.653163 0.499690 0.005036 1.400202 0.400236 0.004071 1.394963 0.394058 0.004432 1.409121 -0.111690 0.007699 1.521327 0.265859 0.006455 
1.092145 0.347724 0.001327 1.653153 0.499707 0.005030 1.399969 0.400050 0.004152 1.395036 0.394122 0.004490 1.409104 -0.111701 0.007764 1.521294 0.265828 0.006468 
1.092158 0.347723 0.001302 1.653139 0.499728 0.005024 1.399762 0.399886 0.004226 1.395105 0.394181 0.004543 1.409082 -0.111711 0.007820 1.521268 0.265805 0.006480 
1.092152 0.347710 0.001303 1.653895 0.498813 0.005065 1.400188 0.400095 0.003998 1.394927 0.393903 0.004365 1.409004 -0.111701 0.007835 1.521418 0.265831 0.006576 
1.092153 0.347658 0.001299 1.653343 0.499612 0.005016 1.400252 0.400251 0.004021 1.394918 0.393986 0.004392 1.408980 -0.111702 0.007854 1.521317 0.265773 0.006507 
1.092166 0.347666 0.001294 1.653345 0.499613 0.005012 1.400039 0.400082 0.004108 1.395007 0.394062 0.004456 1.408968 -0.111712 0.007880 1.521306 0.265765 0.006512 
1.092169 0.347645 0.001280 1.653799 0.499100 0.005091 1.400721 0.400577 0.003834 1.394752 0.393789 0.004255 1.408946 -0.111712 0.007912 1.521418 0.265792 0.006605 
1.092177 0.347627 0.001280 1.654338 0.498429 0.005119 1.400962 0.400683 0.003705 1.394667 0.393634 0.004152 1.408907 -0.111716 0.007921 1.521524 0.265820 0.006671 
1.092195 0.347641 0.001305 1.654315 0.498463 0.005107 1.400690 0.400466 0.003821 1.394769 0.393720 0.004240 1.408889 -0.111731 0.007906 1.521499 0.265797 0.006655 
1.092197 0.347514 0.001293 1.653871 0.499195 0.005008 1.401000 0.400826 0.003699 1.394617 0.393683 0.004153 1.408867 -0.111736 0.007920 1.521382 0.265696 0.006559 
1.092212 0.347482 0.001294 1.653876 0.499194 0.005002 1.400779 0.400651 0.003818 1.394767 0.393811 0.004244 1.408813 -0.111748 0.007923 1.521397 0.265720 0.006564 
1.092222 0.347471 0.001296 1.654246 0.498782 0.005101 1.401415 0.401106 0.003599 1.394561 0.393582 0.004088 1.408758 -0.111753 0.007928 1.521507 0.265760 0.006656 
1.092230 0.347451 0.001306 1.654223 0.498823 0.005049 1.401050 0.400819 0.003718 1.394668 0.393675 0.004173 1.408674 -0.111756 0.007920 1.521469 0.265722 0.006625 
1.092248 0.347463 0.001313 1.654205 0.498851 0.005042 1.400766 0.400593 0.003834 1.394772 0.393764 0.004259 1.408656 -0.111770 0.007923 1.521442 0.265697 0.006618 
1.092264 0.347472 0.001317 1.654189 0.498876 0.005037 1.400510 0.400389 0.003939 1.394866 0.393844 0.004337 1.408640 -0.111784 0.007927 1.521417 0.265675 0.006612 
1.092278 0.347479 0.001322 1.654174 0.498898 0.005032 1.400278 0.400204 0.004034 1.394951 0.393916 0.004408 1.408624 -0.111796 0.007930 1.521394 0.265654 0.006606 
1.092168 0.346979 0.001176 1.654529 0.498513 0.005086 1.400858 0.400614 0.003809 1.394794 0.393729 0.004240 1.408273 -0.111784 0.007845 1.521472 0.265665 0.006673 
1.092081 0.346553 0.001055 1.653419 0.500109 0.005086 1.401371 0.401228 0.003765 1.394716 0.393844 0.004234 1.407974 -0.111783 0.007767 1.521305 0.265601 0.006581 
1.092089 0.346546 0.001085 1.654216 0.499217 0.005283 1.402700 0.402220 0.003314 1.394286 0.393403 0.003912 1.407947 -0.111787 0.007773 1.521550 0.265733 0.006770 
1.092084 0.346360 0.001041 1.654237 0.499208 0.005000 1.401687 0.401417 0.003507 1.394498 0.393582 0.004023 1.407940 -0.111791 0.007849 1.521376 0.265539 0.006621 
1.092105 0.346330 0.001027 1.654905 0.498501 0.005070 1.402666 0.402126 0.003148 1.394254 0.393296 0.003755 1.407897 -0.111804 0.007885 1.521594 0.265643 0.006733 
1.092125 0.346393 0.001047 1.654856 0.498572 0.005058 1.402311 0.401844 0.003317 1.394452 0.393463 0.003884 1.407881 -0.111818 0.007893 1.521605 0.265660 0.006726 
1.092148 0.346413 0.001061 1.654830 0.498611 0.005050 1.401945 0.401554 0.003470 1.394590 0.393581 0.003999 1.407858 -0.111838 0.007907 1.521573 0.265632 0.006721 
1.092169 0.346426 0.001075 1.654808 0.498644 0.005043 1.401613 0.401289 0.003608 1.394712 0.393684 0.004104 1.407838 -0.111855 0.007919 1.521541 0.265603 0.006716 
1.092174 0.346357 0.001066 1.654426 0.499270 0.005011 1.401893 0.401609 0.003539 1.394616 0.393683 0.004061 1.407822 -0.111860 0.007948 1.521469 0.265552 0.006672 
1.092190 0.346344 0.001056 1.654425 0.499276 0.005008 1.401565 0.401349 0.003670 1.394741 0.393789 0.004159 1.407806 -0.111875 0.007984 1.521440 0.265527 0.006679 
1.092209 0.346355 0.001041 1.654407 0.499304 0.005006 1.401260 0.401107 0.003789 1.394851 0.393884 0.004247 1.407787 -0.111891 0.008025 1.521410 0.265501 0.006686 
1.092226 0.346365 0.001024 1.654390 0.499330 0.005003 1.400982 0.400887 0.003897 1.394952 0.393970 0.004326 1.407769 -0.111905 0.008067 1.521382 0.265477 0.006693 
1.092242 0.346374 0.001009 1.654374 0.499355 0.005001 1.400730 0.400688 0.003995 1.395043 0.394048 0.004397 1.407752 -0.111917 0.008104 1.521357 0.265455 0.006700 
1.092255 0.346379 0.000995 1.654359 0.499378 0.005000 1.400502 0.400507 0.004083 1.395125 0.394118 0.004462 1.407735 -0.111929 0.008140 1.521334 0.265434 0.006706 
1.092268 0.346377 0.000982 1.654222 0.499571 0.005013 1.400415 0.400463 0.004145 1.395172 0.394179 0.004513 1.407717 -0.111936 0.008170 1.521304 0.265415 0.006711 
1.092277 0.346351 0.000960 1.654214 0.499585 0.005012 1.400214 0.400303 0.004220 1.395236 0.394234 0.004567 1.407697 -0.111944 0.008210 1.521275 0.265387 0.006720 
1.092285 0.346335 0.000945 1.654203 0.499601 0.005018 1.400052 0.400175 0.004286 1.395290 0.394281 0.004616 1.407660 -0.111950 0.008241 1.521255 0.265370 0.006734 
1.092288 0.346300 0.000933 1.654193 0.499615 0.005037 1.399941 0.400087 0.004344 1.395332 0.394316 0.004662 1.407600 -0.111950 0.008263 1.521245 0.265362 0.006756 
1.092280 0.346257 0.000939 1.655129 0.498644 0.005334 1.402667 0.402182 0.003373 1.394407 0.393437 0.003968 1.407543 -0.111929 0.008256 1.521603 0.265530 0.007011 
1.092161 0.345697 0.000771 1.655633 0.498030 0.005173 1.402404 0.401882 0.003311 1.394467 0.393401 0.003887 1.407270 -0.111906 0.008208 1.521603 0.265443 0.006966 
1.092179 0.345730 0.000806 1.655588 0.498095 0.005154 1.402103 0.401642 0.003464 1.394646 0.393551 0.004004 1.407256 -0.111921 0.008190 1.521613 0.265458 0.006948 
1.092194 0.345731 0.000846 1.654707 0.499325 0.005125 1.402319 0.402032 0.003482 1.394557 0.393669 0.004040 1.407233 -0.111929 0.008163 1.521454 0.265417 0.006849 
1.092215 0.345614 0.000832 1.654903 0.499181 0.004993 1.402222 0.401900 0.003432 1.394559 0.393615 0.003988 1.407202 -0.111952 0.008189 1.521419 0.265308 0.006789 
1.092219 0.345498 0.000814 1.654930 0.499150 0.004992 1.401940 0.401677 0.003573 1.394727 0.393757 0.004095 1.407202 -0.111962 0.008226 1.521414 0.265307 0.006805 
1.092230 0.345454 0.000802 1.654931 0.499153 0.004993 1.401640 0.401440 0.003700 1.394847 0.393859 0.004190 1.407193 -0.111974 0.008260 1.521385 0.265281 0.006815 
1.092248 0.345465 0.000791 1.654913 0.499181 0.004994 1.401352 0.401212 0.003815 1.394952 0.393949 0.004275 1.407175 -0.111989 0.008291 1.521357 0.265257 0.006821 
1.092261 0.345472 0.000783 1.655319 0.498726 0.005124 1.402100 0.401744 0.003566 1.394727 0.393696 0.004100 1.407152 -0.111996 0.008317 1.521488 0.265314 0.006939 
1.092272 0.345461 0.000778 1.654804 0.499472 0.005043 1.401988 0.401750 0.003624 1.394759 0.393804 0.004146 1.407128 -0.112002 0.008333 1.521372 0.265240 0.006849 
1.092278 0.345430 0.000768 1.655414 0.498706 0.005065 1.402182 0.401808 0.003507 1.394709 0.393671 0.004050 1.407098 -0.112003 0.008348 1.521497 0.265286 0.006921 
1.092290 0.345386 0.000769 1.655393 0.498739 0.005056 1.401879 0.401567 0.003642 1.394844 0.393784 0.004152 1.407044 -0.112013 0.008356 1.521477 0.265269 0.006919 
1.092304 0.345374 0.000773 1.655034 0.499290 0.005072 1.402151 0.401864 0.003601 1.394768 0.393787 0.004135 1.407021 -0.112022 0.008360 1.521426 0.265242 0.006898 
1.092327 0.345336 0.000746 1.655038 0.499293 0.005004 1.401690 0.401499 0.003737 1.394913 0.393911 0.004227 1.406996 -0.112045 0.008400 1.521365 0.265185 0.006866 
1.092248 0.344947 0.000601 1.654837 0.499672 0.005033 1.402306 0.402038 0.003549 1.394774 0.393833 0.004094 1.406720 -0.112038 0.008353 1.521360 0.265180 0.006874 
1.092264 0.344942 0.000590 1.654854 0.499654 0.005029 1.401980 0.401781 0.003677 1.394899 0.393940 0.004188 1.406705 -0.112052 0.008394 1.521339 0.265163 0.006884 
1.092276 0.344940 0.000576 1.655167 0.499266 0.005041 1.401937 0.401697 0.003662 1.394901 0.393896 0.004171 1.406689 -0.112058 0.008435 1.521377 0.265166 0.006928 
1.092297 0.344955 0.000562 1.655144 0.499302 0.005011 1.401586 0.401420 0.003786 1.395030 0.394006 0.004259 1.406668 -0.112075 0.008474 1.521344 0.265138 0.006918 
1.092298 0.344942 0.000563 1.655831 0.498540 0.005176 1.402854 0.402356 0.003340 1.394631 0.393589 0.003938 1.406637 -0.112070 0.008487 1.521574 0.265242 0.007079 
1.092220 0.344566 0.000450 1.655500 0.499180 0.005188 1.403845 0.403214 0.003046 1.394400 0.393448 0.003730 1.406381 -0.112059 0.008430 1.521587 0.265245 0.007063 
1.092251 0.344553 0.000444 1.655522 0.499171 0.005009 1.403112 0.402629 0.003238 1.394660 0.393662 0.003855 1.406350 -0.112086 0.008458 1.521526 0.265180 0.006966 
1.092258 0.344489 0.000428 1.655233 0.499629 0.005024 1.403333 0.402871 0.003248 1.394709 0.393759 0.003874 1.406345 -0.112089 0.008496 1.521536 0.265215 0.006968 
1.092266 0.344394 0.000393 1.655235 0.499631 0.005020 1.402956 0.402574 0.003406 1.394879 0.393904 0.003992 1.406340 -0.112101 0.008564 1.521505 0.265188 0.006987 
1.092287 0.344397 0.000371 1.655217 0.499661 0.005018 1.402583 0.402279 0.003549 1.395011 0.394017 0.004097 1.406318 -0.112119 0.008617 1.521466 0.265153 0.006997 
1.092306 0.344399 0.000345 1.655197 0.499691 0.005020 1.402252 0.402019 0.003675 1.395127 0.394117 0.004190 1.406298 -0.112135 0.008674 1.521430 0.265122 0.007011 
1.092234 0.344091 0.000233 1.655392 0.499554 0.005207 1.403576 0.403072 0.003267 1.394747 0.393787 0.003904 1.406079 -0.112119 0.008652 1.521562 0.265193 0.007150 
1.092231 0.344034 0.000210 1.655131 0.499946 0.005068 1.403173 0.402795 0.003343 1.394802 0.393872 0.003951 1.406077 -0.112110 0.008707 1.521427 0.265079 0.007058 
1.092253 0.344035 0.000181 1.655860 0.499131 0.005292 1.404537 0.403794 0.002911 1.394439 0.393476 0.003641 1.406038 -0.112123 0.008769 1.521693 0.265223 0.007273 
1.092071 0.343351 -0.000027 1.655919 0.499259 0.005056 1.404857 0.404056 0.002589 1.394187 0.393262 0.003368 1.405689 -0.112058 0.008705 1.521593 0.265062 0.007147 
1.092094 0.343378 -0.000025 1.655871 0.499331 0.005048 1.404434 0.403722 0.002809 1.394478 0.393508 0.003536 1.405670 -0.112075 0.008747 1.521629 0.265110 0.007158 
1.092121 0.343401 -0.000017 1.655837 0.499384 0.005041 1.403977 0.403362 0.003007 1.394682 0.393681 0.003687 1.405644 -0.112097 0.008786 1.521606 0.265095 0.007162 
1.092143 0.343433 -0.000001 1.655241 0.500245 0.005038 1.404219 0.403651 0.002989 1.394601 0.393698 0.003689 1.405623 -0.112105 0.008810 1.521499 0.265030 0.007113 
1.092166 0.343450 0.000006 1.655277 0.500205 0.005035 1.403752 0.403284 0.003168 1.394761 0.393835 0.003824 1.405601 -0.112123 0.008843 1.521466 0.265003 0.007121 
1.092190 0.343467 -0.000001 1.655282 0.500204 0.005033 1.403328 0.402950 0.003332 1.394911 0.393963 0.003946 1.405576 -0.112143 0.008890 1.521431 0.264973 0.007132 
1.092210 0.343481 -0.000018 1.655267 0.500229 0.005045 1.402968 0.402667 0.003478 1.395041 0.394075 0.004056 1.405554 -0.112160 0.008947 1.521398 0.264946 0.007152 
1.092162 0.343234 -0.000126 1.654860 0.500750 0.005068 1.402651 0.402524 0.003652 1.395184 0.394295 0.004191 1.405401 -0.112157 0.008954 1.521296 0.264926 0.007146 
1.092177 0.343252 -0.000127 1.654949 0.500681 0.005151 1.402738 0.402544 0.003669 1.395192 0.394255 0.004214 1.405380 -0.112168 0.009007 1.521327 0.264912 0.007217 
1.092183 0.343256 -0.000136 1.654946 0.500686 0.005239 1.402608 0.402443 0.003768 1.395244 0.394300 0.004298 1.405372 -0.112173 0.009062 1.521318 0.264908 0.007284 
1.092186 0.343258 -0.000139 1.654942 0.500691 0.005354 1.402551 0.402398 0.003852 1.395264 0.394318 0.004375 1.405368 -0.112176 0.009111 1.521312 0.264904 0.007366 
1.092186 0.343258 -0.000136 1.654940 0.500691 0.005485 1.402548 0.402395 0.003925 1.395264 0.394318 0.004445 1.405366 -0.112176 0.009150 1.521310 0.264904 0.007453 
1.092185 0.343258 -0.000133 1.654939 0.500691 0.005604 1.402546 0.402395 0.003990 1.395263 0.394318 0.004509 1.405364 -0.112176 0.009185 1.521309 0.264904 0.007533 
1.092185 0.343258 -0.000130 1.654937 0.500691 0.005711 1.402544 0.402393 0.004050 1.395263 0.394318 0.004566 1.405362 -0.112176 0.009216 1.521307 0.264904 0.007604 
