-0.256170 -0.966621 0.004521 0.967725 -0.251976 -0.004009 -0.961866 0.273493 0.003907 0.250253 0.968170 -0.004497 
-0.256172 -0.966623 0.004066 0.967727 -0.251974 -0.003579 -0.961868 0.273491 0.003488 0.250255 0.968172 -0.004044 
-0.255425 -0.966828 -0.001018 0.967931 -0.251209 -0.002020 -0.962088 0.272731 0.002042 0.249507 0.968372 0.001030 
-0.254912 -0.966963 -0.001256 0.968065 -0.250697 -0.001378 -0.962234 0.272221 0.001406 0.248993 0.968504 0.001264 
-0.253309 -0.967385 0.000749 0.968479 -0.249094 -0.000006 -0.962684 0.270628 -0.000011 0.247388 0.968916 -0.000749 
-0.252739 -0.967534 0.000339 0.968626 -0.248522 0.000602 -0.962843 0.270060 -0.000610 0.246816 0.969062 -0.000343 
-0.252259 -0.967660 -0.000476 0.968748 -0.248042 0.001790 -0.962975 0.269583 -0.001779 0.246335 0.969185 0.000465 
-0.252258 -0.967660 -0.000421 0.968748 -0.248042 0.001621 -0.962976 0.269583 -0.001611 0.246335 0.969185 0.000411 
-0.252122 -0.967695 0.000303 0.968783 -0.247904 0.001709 -0.963014 0.269446 -0.001715 0.246199 0.969219 -0.000314 
-0.251683 -0.967808 0.001617 0.968892 -0.247460 0.003364 -0.963133 0.269004 -0.003400 0.245759 0.969329 -0.001638 
-0.251370 -0.967888 0.002511 0.968976 -0.247148 0.001912 -0.963223 0.268695 -0.001967 0.245446 0.969407 -0.002522 
-0.251345 -0.967895 0.002287 0.968982 -0.247124 0.001722 -0.963231 0.268670 -0.001772 0.245420 0.969414 -0.002297 
-0.251230 -0.967923 0.003076 0.969012 -0.247007 0.001948 -0.963263 0.268553 -0.002016 0.245305 0.969441 -0.003088 
-0.249854 -0.968165 0.015125 0.969330 -0.245724 -0.004310 -0.963612 0.267276 0.003972 0.243928 0.969676 -0.015098 
-0.249090 -0.968372 0.014479 0.969539 -0.244926 -0.002287 -0.963837 0.266484 0.001964 0.243161 0.969878 -0.014465 
-0.248907 -0.968424 0.014172 0.969592 -0.244724 -0.000974 -0.963895 0.266283 0.000658 0.242979 0.969928 -0.014166 
-0.248992 -0.968388 0.015075 0.969560 -0.244838 -0.002690 -0.963861 0.266395 0.002354 0.243064 0.969893 -0.015058 
-0.248678 -0.968402 0.018880 0.969644 -0.244519 -0.001000 -0.963952 0.266077 0.000579 0.242749 0.969905 -0.018874 
-0.248664 -0.968357 0.021247 0.969644 -0.244519 -0.001017 -0.963952 0.266076 0.000543 0.242735 0.969860 -0.021241 
-0.248630 -0.968230 0.026702 0.969643 -0.244523 -0.001022 -0.963952 0.266077 0.000426 0.242701 0.969734 -0.026696 
-0.248576 -0.968005 0.034301 0.969640 -0.244533 -0.001036 -0.963950 0.266082 0.000271 0.242647 0.969508 -0.034295 
-0.248502 -0.967694 0.042607 0.969637 -0.244547 -0.001057 -0.963948 0.266089 0.000107 0.242574 0.969197 -0.042601 
-0.248398 -0.967301 0.051258 0.969635 -0.244552 -0.001083 -0.963949 0.266086 -0.000060 0.242469 0.968804 -0.051252 
-0.248269 -0.966809 0.060350 0.969634 -0.244559 -0.001113 -0.963951 0.266082 -0.000233 0.242340 0.968313 -0.060344 
-0.248124 -0.966220 0.069661 0.969630 -0.244572 -0.001121 -0.963950 0.266082 -0.000433 0.242195 0.967724 -0.069654 
-0.247962 -0.965540 0.079040 0.969626 -0.244591 -0.001101 -0.963949 0.266085 -0.000662 0.242034 0.967044 -0.079034 
-0.247782 -0.964774 0.088403 0.969621 -0.244610 -0.001059 -0.963949 0.266087 -0.000913 0.241854 0.966278 -0.088397 
-0.247582 -0.963920 0.097782 0.969617 -0.244628 -0.000992 -0.963949 0.266086 -0.001188 0.241654 0.965424 -0.097777 
-0.247381 -0.962400 0.112198 0.969514 -0.245018 -0.002865 -0.963851 0.266442 0.000363 0.241453 0.963906 -0.112181 
-0.246944 -0.961267 0.122408 0.969559 -0.244845 -0.002368 -0.963906 0.266244 -0.000362 0.241016 0.962772 -0.122395 
-0.246626 -0.959952 0.132921 0.969557 -0.244855 -0.002149 -0.963911 0.266224 -0.000815 0.240698 0.961457 -0.132909 
-0.246067 -0.957965 0.147494 0.969489 -0.245100 -0.004018 -0.963855 0.266425 0.000728 0.240140 0.959471 -0.147471 
-0.245687 -0.956321 0.158391 0.969486 -0.245120 -0.003653 -0.963860 0.266409 0.000120 0.239759 0.957828 -0.158370 
-0.245091 -0.953901 0.173217 0.969388 -0.245474 -0.005338 -0.963776 0.266708 0.001475 0.239164 0.955410 -0.173185 
-0.244282 -0.951248 0.188290 0.969561 -0.244839 -0.002186 -0.963967 0.266014 -0.002013 0.238354 0.952753 -0.188278 
-0.243625 -0.948728 0.201401 0.969596 -0.244708 -0.001483 -0.964016 0.265827 -0.003009 0.237697 0.950232 -0.201393 
-0.242896 -0.945786 0.215618 0.969593 -0.244720 -0.001381 -0.964030 0.265773 -0.003427 0.236967 0.947290 -0.215612 
-0.242045 -0.942354 0.231049 0.969590 -0.244730 -0.001267 -0.964046 0.265707 -0.003886 0.236117 0.943858 -0.231043 
-0.240855 -0.937762 0.250184 0.969443 -0.245292 -0.003539 -0.963925 0.266166 -0.002041 0.234927 0.939269 -0.250164 
-0.239687 -0.933025 0.268355 0.969475 -0.245174 -0.002753 -0.963983 0.265943 -0.003232 0.233759 0.934532 -0.268341 
-0.238410 -0.927788 0.287002 0.969465 -0.245215 -0.002549 -0.964002 0.265867 -0.003851 0.232483 0.929295 -0.286989 
-0.236927 -0.921733 0.307041 0.969455 -0.245258 -0.002371 -0.964025 0.265775 -0.004477 0.230999 0.923240 -0.307029 
-0.235653 -0.913969 0.330345 0.969311 -0.245832 -0.001869 -0.963909 0.266176 -0.005498 0.229726 0.915480 -0.330336 
-0.233772 -0.906016 0.352824 0.969281 -0.245948 -0.001694 -0.963922 0.266115 -0.006174 0.227846 0.907528 -0.352816 
-0.231601 -0.896464 0.377774 0.969262 -0.246029 -0.001134 -0.963950 0.265982 -0.007290 0.225675 0.897976 -0.377770 
-0.228928 -0.885968 0.403303 0.969264 -0.246020 -0.001064 -0.964012 0.265740 -0.007929 0.223002 0.887479 -0.403300 
-0.225847 -0.873924 0.430407 0.969267 -0.246009 -0.001027 -0.964084 0.265460 -0.008571 0.219921 0.875435 -0.430404 
-0.222311 -0.859965 0.459389 0.969266 -0.246013 -0.000956 -0.964162 0.265153 -0.009288 0.216385 0.861476 -0.459387 
-0.218202 -0.843972 0.489999 0.969268 -0.246007 -0.000983 -0.964255 0.264789 -0.009943 0.212275 0.845483 -0.489997 
-0.213343 -0.825145 0.523087 0.969264 -0.246021 -0.001095 -0.964360 0.264384 -0.010570 0.207416 0.826657 -0.523084 
-0.207296 -0.802043 0.560138 0.969338 -0.245730 -0.000896 -0.964568 0.263578 -0.011595 0.201369 0.803553 -0.560137 
-0.200943 -0.776765 0.596873 0.969279 -0.245962 -0.001072 -0.964651 0.263246 -0.012238 0.195017 0.778276 -0.596872 
-0.193172 -0.746739 0.636447 0.969280 -0.245957 -0.001229 -0.964826 0.262571 -0.012963 0.187245 0.748249 -0.636445 
-0.184699 -0.712348 0.677086 0.969133 -0.246536 -0.001443 -0.964867 0.262384 -0.013656 0.178773 0.713862 -0.677083 
-0.174664 -0.673776 0.717996 0.969105 -0.246643 -0.001768 -0.965063 0.261630 -0.014244 0.168739 0.675290 -0.717991 
-0.163216 -0.629047 0.760040 0.968937 -0.247298 -0.002331 -0.965150 0.261288 -0.014617 0.157290 0.630565 -0.760032 
-0.150103 -0.578295 0.801900 0.968804 -0.247812 -0.002797 -0.965310 0.260670 -0.015085 0.144179 0.579816 -0.801889 
-0.136106 -0.521945 0.842050 0.968474 -0.249096 -0.003034 -0.965292 0.260698 -0.015744 0.130184 0.523473 -0.842038 
-0.110562 -0.463310 0.879272 0.970417 -0.241227 -0.010039 -0.967804 0.251522 -0.009570 0.104628 0.464789 -0.879218 
-0.077376 -0.402416 0.912181 0.972263 -0.232560 -0.024898 -0.970390 0.241499 0.004553 0.071430 0.403842 -0.912036 
0.013653 -0.373473 0.927540 0.974892 -0.199314 -0.099299 -0.975048 0.207612 0.078600 -0.019616 0.374695 -0.926940 
0.056399 -0.366322 0.928778 0.967738 -0.206207 -0.144785 -0.968849 0.214345 0.124052 -0.062319 0.367586 -0.927899 
0.092776 -0.336587 0.937071 0.964748 -0.199382 -0.171780 -0.966670 0.206857 0.150858 -0.098678 0.337809 -0.936028 
0.133234 -0.298665 0.945012 0.960412 -0.192911 -0.200982 -0.963238 0.199542 0.179879 -0.139110 0.299847 -0.943790 
0.133676 -0.245323 0.960181 0.958940 -0.209201 -0.191489 -0.961776 0.214640 0.170049 -0.139542 0.246604 -0.959017 
0.116684 -0.221025 0.968263 0.960649 -0.219396 -0.170346 -0.963106 0.224292 0.148729 -0.122561 0.222368 -0.967229 
0.064670 -0.222492 0.972787 0.964019 -0.235914 -0.122521 -0.965315 0.240839 0.100810 -0.070566 0.223937 -0.972046 
0.007543 -0.206770 0.978360 0.965275 -0.252929 -0.065349 -0.965297 0.257502 0.043522 -0.013447 0.208319 -0.977969 
-0.960537 0.277107 -0.024107 0.961834 -0.273624 0.002118 
-0.952027 0.290391 -0.096530 0.954573 -0.288524 0.074454 
-0.946964 0.295547 -0.126141 0.949964 -0.294514 0.104067 
-0.936124 0.323926 -0.136908 0.939492 -0.322728 0.114896 
-0.169011 -0.074407 0.982802 -0.919031 0.365078 -0.148663 0.922939 -0.363474 0.126766 0.163367 0.076631 -0.983585 
-0.173183 -0.082472 0.981431 -0.913875 0.378148 -0.147770 0.917876 -0.376366 0.125904 0.167571 0.084775 -0.982208 
-0.167834 -0.101489 0.980577 -0.909161 0.394611 -0.133069 0.913042 -0.392408 0.111220 0.162251 0.103890 -0.981265 
-0.167984 -0.109935 0.979641 -0.901604 0.413652 -0.126500 0.905487 -0.411263 0.104671 0.162447 0.112451 -0.980289 
-0.171399 -0.114115 0.978570 -0.889394 0.440349 -0.122766 0.893351 -0.437871 0.100960 0.165936 0.116794 -0.979196 
-0.176523 -0.109127 0.978228 -0.875840 0.466300 -0.124373 0.879910 -0.463937 0.102575 0.171143 0.111965 -0.978864 
-0.200268 -0.090884 0.975517 -0.855625 0.496034 -0.147838 0.860221 -0.494082 0.126103 0.195009 0.093907 -0.976296 
-0.267457 -0.036640 0.962873 -0.817133 0.530546 -0.225423 0.823221 -0.529809 0.203982 0.262424 0.039881 -0.964128 
-0.369814 0.064108 0.926892 -0.745224 0.564019 -0.355702 0.753585 -0.565534 0.335083 0.365208 -0.060649 -0.928948 
-0.412051 0.097003 0.905982 -0.706779 0.581095 -0.403476 0.716076 -0.583346 0.383331 0.407675 -0.093436 -0.908334 
-0.364068 0.078185 0.928085 -0.729733 0.584453 -0.354831 0.737963 -0.586285 0.334186 0.359558 -0.074600 -0.930136 
-0.324768 0.085619 0.941911 -0.734512 0.594947 -0.326389 0.741867 -0.596947 0.305431 0.320233 -0.081969 -0.943786 
-0.306237 0.114175 0.945083 -0.722547 0.609246 -0.326719 0.729486 -0.611885 0.305691 0.301778 -0.110434 -0.946961 
-0.308544 0.165338 0.936730 -0.702112 0.614964 -0.358966 0.709100 -0.618745 0.338129 0.304210 -0.161555 -0.938806 
-0.320982 0.231511 0.918353 -0.677933 0.609991 -0.410266 0.685195 -0.615246 0.389846 0.316794 -0.227750 -0.920745 
-0.322235 0.288622 0.901589 -0.661681 0.600708 -0.448696 0.668968 -0.607236 0.428656 0.318146 -0.284910 -0.904218 
0.312935 -0.361140 -0.878436 0.643352 -0.587319 0.491074 -0.650429 0.595463 -0.471557 -0.308960 0.357501 0.881327 
0.313609 -0.455672 -0.833074 0.605001 -0.566728 0.559279 -0.612087 0.576977 -0.540784 -0.309869 0.452147 0.836388 
0.298257 -0.532942 -0.791843 0.565288 -0.555723 0.609608 -0.572026 0.567692 -0.592040 -0.294760 0.529475 0.795470 
0.291620 -0.581456 -0.759517 0.525026 -0.551999 0.647801 -0.531609 0.565051 -0.630959 -0.288371 0.578004 0.763383 
0.288955 -0.590984 -0.753155 0.491535 -0.569229 0.659069 -0.498054 0.582495 -0.642372 -0.285911 0.587426 0.757090 
0.290352 -0.572460 -0.766802 0.466681 -0.601036 0.648818 -0.473227 0.613894 -0.631815 -0.287460 0.568710 0.770672 
0.291069 -0.538216 -0.790951 0.461157 -0.632222 0.622599 -0.467719 0.644321 -0.605053 -0.288210 0.534279 0.794658 
0.306365 -0.515930 -0.799973 0.457051 -0.644402 0.613066 -0.463953 0.656007 -0.595316 -0.303529 0.511922 0.803621 
0.318589 -0.522137 -0.791122 0.449895 -0.638003 0.624937 -0.457069 0.649745 -0.607387 -0.315796 0.518167 0.794844 
0.325105 -0.541488 -0.775305 0.436534 -0.627668 0.644571 -0.443850 0.639840 -0.627377 -0.322392 0.537579 0.779148 
0.320067 -0.571508 -0.755603 0.416894 -0.617267 0.667219 -0.424095 0.630107 -0.650468 -0.317476 0.567659 0.759587 
0.319429 -0.611996 -0.723482 0.383847 -0.600046 0.701860 -0.391029 0.613786 -0.685830 -0.317040 0.608247 0.727682 
0.318812 -0.651761 -0.688162 0.350945 -0.578363 0.736433 -0.358109 0.592987 -0.721197 -0.316625 0.648139 0.692578 
0.318358 -0.681028 -0.659430 0.322116 -0.561270 0.762376 -0.329265 0.576544 -0.747784 -0.316347 0.677507 0.664010 
0.317662 -0.702159 -0.637231 0.296263 -0.549425 0.781255 -0.303393 0.565169 -0.767161 -0.315808 0.698708 0.641929 
0.315159 -0.719160 -0.619261 0.275590 -0.539414 0.795665 -0.282661 0.555534 -0.781975 -0.313433 0.715768 0.624048 
0.311193 -0.738753 -0.597831 0.254711 -0.525392 0.811841 -0.261690 0.541948 -0.798631 -0.309595 0.735445 0.602721 
0.305861 -0.766432 -0.564827 0.228866 -0.500545 0.834910 -0.235723 0.517714 -0.822439 -0.304422 0.763272 0.569862 
0.297917 -0.797586 -0.524502 0.202358 -0.467724 0.860399 -0.209033 0.485584 -0.848831 -0.296641 0.794622 0.529698 
0.291729 -0.828050 -0.478777 0.176094 -0.428655 0.886141 -0.182627 0.447187 -0.875597 -0.290614 0.825321 0.484136 
0.287277 -0.853064 -0.435608 0.151058 -0.391580 0.907660 -0.157488 0.410665 -0.898082 -0.286316 0.850559 0.441104 
0.281332 -0.872084 -0.400401 0.128953 -0.361746 0.923315 -0.135247 0.381250 -0.914525 -0.280507 0.869760 0.405998 
0.271581 -0.887994 -0.371094 0.108699 -0.337324 0.935092 -0.114772 0.357179 -0.926958 -0.270881 0.885816 0.376766 
-0.258319 0.901813 0.346418 -0.090333 0.316904 -0.944146 0.096108 -0.337067 0.936563 0.257733 -0.899758 -0.352149 
-0.241695 0.913201 0.328096 -0.077652 0.301250 -0.950378 0.083055 -0.321663 0.943205 0.241189 -0.911241 -0.333867 
-0.224664 0.924553 0.307778 -0.068362 0.282502 -0.956828 0.073383 -0.303165 0.950109 0.224217 -0.922706 -0.313592 
0.214373 -0.934108 -0.285457 0.060849 -0.261220 0.963359 -0.065640 0.282094 -0.957139 -0.213974 0.932390 0.291314 
0.210238 -0.940430 -0.267193 0.055503 -0.243616 0.968282 -0.060200 0.264627 -0.962470 -0.209872 0.938819 0.273081 
-0.210003 0.943615 0.255907 -0.051173 0.232965 -0.971138 0.055864 -0.254045 0.965578 0.209663 -0.942069 -0.261815 
-0.211612 0.944259 0.252183 -0.049192 0.229575 -0.972047 0.053919 -0.250670 0.966570 0.211284 -0.942733 -0.258096 
-0.213578 0.943666 0.252744 -0.049236 0.230148 -0.971909 0.054007 -0.251230 0.966420 0.213249 -0.942137 -0.258657 
-0.215004 0.943199 0.253278 -0.049485 0.230646 -0.971779 0.054288 -0.251717 0.966277 0.214673 -0.941667 -0.259190 
-0.215698 0.942994 0.253448 -0.049687 0.230778 -0.971737 0.054505 -0.251845 0.966231 0.215366 -0.941461 -0.259360 
-0.216106 0.942976 0.253167 -0.049734 0.230480 -0.971805 0.054561 -0.251545 0.966306 0.215774 -0.941445 -0.259079 
-0.216335 0.943123 0.252424 -0.049345 0.229803 -0.971985 0.054177 -0.250872 0.966503 0.216005 -0.941596 -0.258337 
-0.216477 0.943312 0.251594 -0.048782 0.229077 -0.972185 0.053617 -0.250150 0.966721 0.216151 -0.941790 -0.257509 
-0.216587 0.943466 0.250921 -0.048344 0.228483 -0.972347 0.053182 -0.249560 0.966898 0.216263 -0.941948 -0.256837 
-0.216672 0.943583 0.250408 -0.047997 0.228035 -0.972469 0.052836 -0.249114 0.967032 0.216350 -0.942067 -0.256325 
-0.216730 0.943666 0.250043 -0.047759 0.227713 -0.972556 0.052600 -0.248795 0.967127 0.216411 -0.942152 -0.255960 
-0.216771 0.943727 0.249781 -0.047590 0.227481 -0.972619 0.052432 -0.248563 0.967196 0.216452 -0.942214 -0.255698 
-0.216805 0.943772 0.249581 -0.047456 0.227306 -0.972666 0.052299 -0.248390 0.967247 0.216487 -0.942260 -0.255499 
-0.216841 0.943817 0.249379 -0.047331 0.227127 -0.972714 0.052174 -0.248211 0.967300 0.216524 -0.942306 -0.255297 
-0.216882 0.943865 0.249160 -0.047180 0.226936 -0.972766 0.052024 -0.248022 0.967357 0.216565 -0.942356 -0.255079 
-0.216930 0.943926 0.248889 -0.047039 0.226689 -0.972831 0.051885 -0.247776 0.967427 0.216614 -0.942418 -0.254808 
-0.216999 0.943998 0.248556 -0.046850 0.226389 -0.972910 0.051697 -0.247478 0.967513 0.216684 -0.942491 -0.254476 
-0.217075 0.944078 0.248183 -0.046594 0.226065 -0.972997 0.051443 -0.247154 0.967610 0.216762 -0.942574 -0.254103 
-0.217160 0.944171 0.247756 -0.046382 0.225672 -0.973099 0.051232 -0.246765 0.967720 0.216848 -0.942669 -0.253677 
-0.217250 0.944265 0.247317 -0.046149 0.225274 -0.973202 0.051001 -0.246367 0.967834 0.216939 -0.942766 -0.253238 
-0.217388 0.944351 0.246868 -0.045914 0.224866 -0.973307 0.050769 -0.245961 0.967949 0.217079 -0.942854 -0.252790 
-0.217574 0.944419 0.246446 -0.045656 0.224491 -0.973406 0.050515 -0.245588 0.968057 0.217266 -0.942924 -0.252368 
-0.217780 0.944470 0.246065 -0.045396 0.224159 -0.973495 0.050260 -0.245257 0.968154 0.217474 -0.942978 -0.251988 
-0.217988 0.944522 0.245682 -0.045195 0.223812 -0.973584 0.050064 -0.244911 0.968252 0.217684 -0.943031 -0.251606 
-0.218193 0.944561 0.245348 -0.044990 0.223515 -0.973662 0.049863 -0.244616 0.968337 0.217890 -0.943073 -0.251272 
-0.218390 0.944598 0.245030 -0.044778 0.223238 -0.973735 0.049655 -0.244339 0.968418 0.218088 -0.943111 -0.250955 
-0.218609 0.944628 0.244722 -0.044594 0.222964 -0.973806 0.049476 -0.244065 0.968496 0.218308 -0.943142 -0.250647 
-0.218825 0.944656 0.244420 -0.044449 0.222688 -0.973876 0.049336 -0.243790 0.968572 0.218525 -0.943172 -0.250346 
-0.219048 0.944684 0.244112 -0.044321 0.222402 -0.973947 0.049213 -0.243505 0.968650 0.218749 -0.943202 -0.250039 
-0.219263 0.944716 0.243795 -0.044179 0.222109 -0.974021 0.049076 -0.243212 0.968731 0.218964 -0.943236 -0.249722 
-0.219486 0.944749 0.243464 -0.044005 0.221809 -0.974097 0.048907 -0.242914 0.968814 0.219189 -0.943271 -0.249392 
-0.219703 0.944787 0.243122 -0.043804 0.221503 -0.974175 0.048710 -0.242610 0.968900 0.219407 -0.943311 -0.249050 
-0.219931 0.944826 0.242765 -0.043587 0.221189 -0.974257 0.048499 -0.242294 0.968990 0.219636 -0.943351 -0.248694 
-0.220161 0.944867 0.242396 -0.043368 0.220860 -0.974341 0.048284 -0.241967 0.969082 0.219868 -0.943394 -0.248325 
-0.220408 0.944906 0.242018 -0.043156 0.220522 -0.974427 0.048078 -0.241628 0.969177 0.220116 -0.943436 -0.247948 
-0.220650 0.944945 0.241644 -0.042956 0.220183 -0.974512 0.047884 -0.241292 0.969271 0.220359 -0.943477 -0.247574 
-0.220896 0.944981 0.241281 -0.042767 0.219855 -0.974595 0.047701 -0.240964 0.969361 0.220606 -0.943514 -0.247212 
-0.221130 0.945014 0.240935 -0.042588 0.219543 -0.974673 0.047526 -0.240652 0.969447 0.220841 -0.943550 -0.246867 
-0.221368 0.945042 0.240607 -0.042418 0.219245 -0.974747 0.047362 -0.240355 0.969529 0.221080 -0.943579 -0.246538 
-0.221611 0.945065 0.240293 -0.042258 0.218961 -0.974818 0.047207 -0.240072 0.969607 0.221324 -0.943604 -0.246225 
-0.221870 0.945082 0.239988 -0.042107 0.218684 -0.974887 0.047062 -0.239795 0.969682 0.221584 -0.943623 -0.245921 
-0.222126 0.945098 0.239689 -0.041965 0.218411 -0.974954 0.046925 -0.239522 0.969756 0.221840 -0.943640 -0.245622 
-0.222389 0.945111 0.239393 -0.041831 0.218139 -0.975021 0.046798 -0.239250 0.969830 0.222105 -0.943655 -0.245326 
-0.222644 0.945125 0.239100 -0.041703 0.217868 -0.975087 0.046675 -0.238980 0.969902 0.222361 -0.943671 -0.245034 
-0.222905 0.945148 0.238766 -0.041565 0.217559 -0.975162 0.046542 -0.238672 0.969984 0.222622 -0.943695 -0.244701 
-0.223140 0.945200 0.238339 -0.041385 0.217163 -0.975258 0.046368 -0.238277 0.970090 0.222858 -0.943750 -0.244274 
-0.223340 0.945288 0.237801 -0.041138 0.216667 -0.975378 0.046125 -0.237784 0.970222 0.223060 -0.943841 -0.243737 
-0.223491 0.945414 0.237157 -0.040818 0.216079 -0.975522 0.045809 -0.237198 0.970381 0.223213 -0.943971 -0.243094 
-0.223616 0.945572 0.236408 -0.040429 0.215399 -0.975689 0.045423 -0.236520 0.970564 0.223340 -0.944133 -0.242346 
-0.223681 0.945763 0.235585 -0.040013 0.214647 -0.975872 0.045008 -0.235773 0.970765 0.223407 -0.944328 -0.241524 
-0.223698 0.945975 0.234713 -0.039596 0.213846 -0.976065 0.044591 -0.234976 0.970978 0.223427 -0.944546 -0.240653 
-0.223675 0.946204 0.233812 -0.039183 0.213012 -0.976264 0.044178 -0.234148 0.971197 0.223407 -0.944779 -0.239754 
-0.223650 0.946435 0.232900 -0.038772 0.212167 -0.976464 0.043766 -0.233307 0.971418 0.223384 -0.945015 -0.238843 
-0.223621 0.946665 0.231988 -0.038355 0.211324 -0.976663 0.043348 -0.232469 0.971637 0.223358 -0.945251 -0.237933 
-0.223605 0.946892 0.231078 -0.037919 0.210486 -0.976861 0.042912 -0.231636 0.971856 0.223345 -0.945482 -0.237024 
-0.223589 0.947117 0.230168 -0.037466 0.209652 -0.977058 0.042459 -0.230807 0.972073 0.223331 -0.945713 -0.236115 
-0.223591 0.947339 0.229252 -0.037005 0.208816 -0.977255 0.041997 -0.229975 0.972290 0.223335 -0.945940 -0.235201 
-0.223592 0.947560 0.228336 -0.036546 0.207977 -0.977451 0.041538 -0.229143 0.972506 0.223340 -0.946166 -0.234286 
-0.223601 0.947777 0.227422 -0.036097 0.207139 -0.977645 0.041089 -0.228309 0.972721 0.223351 -0.946388 -0.233373 
-0.223598 0.947996 0.226512 -0.035657 0.206302 -0.977838 0.040649 -0.227478 0.972934 0.223351 -0.946612 -0.232465 
-0.223593 0.948213 0.225607 -0.035225 0.205470 -0.978029 0.040217 -0.226649 0.973146 0.223349 -0.946834 -0.231561 
-0.223673 0.948270 0.225289 -0.035026 0.205189 -0.978096 0.040020 -0.226370 0.973219 0.223431 -0.946893 -0.231243 
-0.223820 0.948270 0.225142 -0.034941 0.205060 -0.978126 0.039938 -0.226239 0.973253 0.223578 -0.946894 -0.231096 
-0.223968 0.948263 0.225022 -0.034919 0.204944 -0.978151 0.039919 -0.226123 0.973280 0.223726 -0.946888 -0.230977 
-0.224150 0.948246 0.224915 -0.034927 0.204833 -0.978174 0.039932 -0.226013 0.973306 0.223907 -0.946871 -0.230870 
-0.224348 0.948228 0.224793 -0.034928 0.204710 -0.978199 0.039936 -0.225889 0.973334 0.224105 -0.946854 -0.230748 
-0.224556 0.948212 0.224651 -0.034898 0.204573 -0.978229 0.039911 -0.225753 0.973367 0.224314 -0.946839 -0.230607 
-0.224756 0.948203 0.224492 -0.034841 0.204424 -0.978262 0.039859 -0.225603 0.973403 0.224514 -0.946830 -0.230447 
-0.224966 0.948191 0.224330 -0.034782 0.204275 -0.978295 0.039805 -0.225453 0.973441 0.224725 -0.946820 -0.230286 
-0.225170 0.948176 0.224189 -0.034731 0.204144 -0.978325 0.039759 -0.225321 0.973473 0.224929 -0.946805 -0.230144 
-0.225361 0.948160 0.224064 -0.034685 0.204028 -0.978350 0.039717 -0.225206 0.973501 0.225120 -0.946790 -0.230020 
-0.225578 0.948142 0.223923 -0.034641 0.203896 -0.978379 0.039678 -0.225073 0.973534 0.225337 -0.946773 -0.229879 
-0.225806 0.948117 0.223799 -0.034631 0.203774 -0.978405 0.039673 -0.224950 0.973562 0.225565 -0.946749 -0.229756 
-0.226014 0.948097 0.223676 -0.034666 0.203641 -0.978432 0.039712 -0.224817 0.973591 0.225773 -0.946729 -0.229632 
-0.226194 0.948076 0.223582 -0.034742 0.203529 -0.978452 0.039792 -0.224704 0.973614 0.225952 -0.946709 -0.229538 
-0.226362 0.948057 0.223489 -0.034840 0.203412 -0.978473 0.039894 -0.224587 0.973637 0.226120 -0.946691 -0.229446 
-0.226513 0.948036 0.223429 -0.034944 0.203327 -0.978487 0.040002 -0.224503 0.973652 0.226270 -0.946670 -0.229386 
-0.226674 0.948006 0.223390 -0.035048 0.203265 -0.978496 0.040109 -0.224439 0.973662 0.226431 -0.946641 -0.229346 
-0.226857 0.947969 0.223364 -0.035148 0.203217 -0.978503 0.040213 -0.224391 0.973669 0.226613 -0.946604 -0.229321 
-0.227054 0.947934 0.223309 -0.035261 0.203136 -0.978515 0.040330 -0.224309 0.973683 0.226809 -0.946570 -0.229266 
-0.227277 0.947886 0.223289 -0.035376 0.203092 -0.978520 0.040450 -0.224264 0.973689 0.227031 -0.946521 -0.229246 
-0.227478 0.947837 0.223289 -0.035481 0.203070 -0.978521 0.040560 -0.224239 0.973690 0.227232 -0.946473 -0.229246 
-0.227655 0.947791 0.223307 -0.035593 0.203064 -0.978518 0.040676 -0.224233 0.973686 0.227408 -0.946427 -0.229264 
-0.227813 0.947752 0.223310 -0.035711 0.203042 -0.978519 0.040797 -0.224209 0.973687 0.227565 -0.946388 -0.229267 
