0.995165 -0.098217 0.000000 -0.898984 0.437982 0.000000 -0.459485 -0.888186 -0.000000 0.277916 -0.960605 0.000000 0.096466 0.995336 0.000000 -0.266527 0.963828 0.000000 
0.995160 -0.098263 0.000000 -0.898982 0.437986 0.000000 -0.459489 -0.888183 -0.000000 0.277879 -0.960616 0.000000 0.096512 0.995332 0.000000 -0.266487 0.963839 0.000000 
0.995174 -0.098129 0.000000 -0.898979 0.437991 0.000000 -0.459493 -0.888181 -0.000000 0.278102 -0.960551 0.000000 0.096379 0.995345 0.000000 -0.266770 0.963760 0.000000 
0.995174 -0.098130 0.000000 -0.898979 0.437991 0.000000 -0.459494 -0.888181 -0.000000 0.278104 -0.960551 0.000000 0.096379 0.995345 0.000000 -0.266772 0.963760 0.000000 
0.995173 -0.098134 0.000000 -0.898945 0.438062 0.000000 -0.459563 -0.888145 -0.000000 0.278109 -0.960550 0.000000 0.096384 0.995344 0.000000 -0.266792 0.963754 0.000000 
0.995159 -0.098278 0.000000 -0.898940 0.438072 0.000000 -0.459575 -0.888139 -0.000000 0.277906 -0.960608 0.000000 0.096525 0.995331 0.000000 -0.266547 0.963822 0.000000 
0.995152 -0.098350 0.000000 -0.898929 0.438094 0.000000 -0.459595 -0.888128 -0.000000 0.277785 -0.960643 0.000000 0.096596 0.995324 0.000000 -0.266402 0.963862 0.000000 
0.995152 -0.098350 0.000000 -0.898928 0.438095 0.000000 -0.459596 -0.888128 -0.000000 0.277783 -0.960644 0.000000 0.096597 0.995324 0.000000 -0.266400 0.963863 0.000000 
0.995146 -0.098409 0.000000 -0.898928 0.438096 0.000000 -0.459597 -0.888128 -0.000000 0.277802 -0.960638 0.000000 0.096656 0.995318 0.000000 -0.266437 0.963852 0.000000 
0.995145 -0.098421 0.000000 -0.898891 0.438172 0.000000 -0.459673 -0.888088 -0.000000 0.277878 -0.960616 0.000000 0.096669 0.995317 0.000000 -0.266558 0.963819 0.000000 
0.995137 -0.098496 0.000000 -0.898886 0.438183 0.000000 -0.459683 -0.888083 -0.000000 0.277819 -0.960634 0.000000 0.096742 0.995310 0.000000 -0.266492 0.963837 0.000000 
0.995138 -0.098495 0.000000 -0.898880 0.438196 0.000000 -0.459695 -0.888077 -0.000000 0.277864 -0.960621 0.000000 0.096740 0.995310 0.000000 -0.266557 0.963819 0.000000 
0.995137 -0.098497 0.000000 -0.898873 0.438208 0.000000 -0.459708 -0.888070 -0.000000 0.277857 -0.960622 0.000000 0.096740 0.995310 0.000000 -0.266551 0.963821 0.000000 
0.995126 -0.098615 0.000000 -0.898792 0.438376 0.000000 -0.459874 -0.887984 -0.000000 0.277825 -0.960632 0.000000 0.096848 0.995299 0.000000 -0.266556 0.963819 0.000000 
0.995030 -0.099572 0.000000 -0.898318 0.439346 0.000000 -0.460821 -0.887493 -0.000000 0.277578 -0.960703 0.000000 0.097781 0.995208 0.000000 -0.266558 0.963819 0.000000 
0.994865 -0.101210 0.000000 -0.897527 0.440959 0.000000 -0.462359 -0.886693 -0.000000 0.277151 -0.960826 0.000000 0.099362 0.995051 0.000000 -0.266552 0.963821 0.000000 
0.994657 -0.103238 0.000000 -0.896581 0.442880 0.000000 -0.464125 -0.885770 -0.000000 0.276632 -0.960976 0.000000 0.101273 0.994859 0.000000 -0.266539 0.963824 0.000000 
0.994413 -0.105561 0.000000 -0.895488 0.445086 0.000000 -0.466062 -0.884752 -0.000000 0.276036 -0.961147 0.000000 0.103399 0.994640 0.000000 -0.266524 0.963828 0.000000 
0.994136 -0.108138 0.000000 -0.894259 0.447549 0.000000 -0.468101 -0.883675 -0.000000 0.275375 -0.961337 0.000000 0.105667 0.994402 0.000000 -0.266507 0.963833 0.000000 
0.995248 -0.097376 0.000000 -0.895484 0.445094 0.000000 -0.465600 -0.884995 -0.000000 0.283828 -0.958875 0.000000 0.095127 0.995465 0.000000 -0.275821 0.961209 0.000000 
0.998505 -0.054668 0.000000 -0.898744 0.438475 0.000000 -0.459559 -0.888147 -0.000000 0.287805 -0.957689 0.000000 0.052713 0.998610 0.000000 -0.269545 0.962988 0.000000 
0.997592 0.069350 0.000000 -0.897156 0.441713 0.000000 -0.463208 -0.886250 -0.000000 0.298526 -0.954402 0.000000 -0.069920 0.997553 0.000000 -0.243725 0.969844 0.000000 
0.995746 0.092138 0.000000 -0.897156 0.441715 0.000000 -0.463197 -0.886255 -0.000000 0.300521 -0.953775 0.000000 -0.091427 0.995812 0.000000 -0.230029 0.973184 0.000000 
0.995913 0.090315 0.000000 -0.897152 0.441722 0.000000 -0.463193 -0.886258 -0.000000 0.348122 -0.937449 0.000000 -0.090277 0.995917 0.000000 -0.317223 0.948351 0.000000 
0.999816 -0.019187 0.000000 -0.895233 0.445599 0.000000 -0.467010 -0.884252 -0.000000 0.439154 -0.898412 0.000000 0.001531 0.999999 0.000000 -0.470839 0.882219 0.000000 
0.999990 -0.004572 0.000000 -0.509883 -0.860244 -0.000000 0.639727 -0.768602 0.000000 -0.001680 0.999999 0.000000 -0.872262 0.489038 0.000000 -0.785311 0.619102 0.000000 
-0.019127 0.999817 0.000000 -0.529535 -0.848288 -0.000000 -0.920259 0.391310 0.000000 0.999831 0.018392 0.000000 0.815853 -0.578259 0.000000 
-0.027162 0.999631 0.000000 -0.528005 -0.849241 -0.000000 -0.955125 0.296202 0.000000 0.999741 0.022773 0.000000 0.858581 -0.512677 0.000000 0.929107 -0.369810 0.000000 
-0.044401 0.999014 0.000000 -0.507727 -0.861518 -0.000000 -0.966365 0.257175 0.000000 0.999224 0.039397 0.000000 0.870475 -0.492213 0.000000 0.955693 -0.294366 0.000000 
-0.074188 0.997244 0.000000 -0.487431 -0.873162 -0.000000 -0.968542 0.248851 0.000000 0.997418 0.071810 0.000000 0.881747 -0.471722 0.000000 0.947597 -0.319468 0.000000 
-0.091421 0.995812 0.000000 -0.484535 -0.874772 -0.000000 -0.964645 0.263552 0.000000 0.995855 0.090953 0.000000 0.883288 -0.468830 0.000000 0.923502 -0.383594 0.000000 
-0.082370 0.996602 0.000000 -0.485615 -0.874173 -0.000000 -0.964537 0.263949 0.000000 0.996615 0.082214 0.000000 0.882672 -0.469989 0.000000 0.925972 -0.377593 0.000000 
-0.122180 0.992508 0.000000 -0.497475 -0.867478 -0.000000 -0.964621 0.263639 0.000000 0.992721 0.120438 0.000000 0.875962 -0.482380 0.000000 0.921714 -0.387870 0.000000 
-0.122682 0.992446 0.000000 -0.495302 -0.868721 -0.000000 -0.966867 0.255282 0.000000 0.992660 0.120938 0.000000 0.876707 -0.481025 0.000000 0.931294 -0.364269 0.000000 
-0.122687 0.992445 0.000000 -0.485529 -0.874220 -0.000000 -0.970730 0.240175 0.000000 0.992659 0.120944 0.000000 0.881115 -0.472903 0.000000 0.944122 -0.329598 0.000000 
-0.122702 0.992444 0.000000 -0.474612 -0.880195 -0.000000 -0.974173 0.225802 0.000000 0.992657 0.120962 0.000000 0.885764 -0.464136 0.000000 0.954203 -0.299160 0.000000 
-0.123023 0.992404 0.000000 -0.467313 -0.884092 -0.000000 -0.976354 0.216180 0.000000 0.992617 0.121289 0.000000 0.888527 -0.458824 0.000000 0.960174 -0.279402 0.000000 
-0.123045 0.992401 0.000000 -0.463905 -0.885885 -0.000000 -0.977540 0.210751 0.000000 0.992614 0.121314 0.000000 0.889434 -0.457064 0.000000 0.963504 -0.267693 0.000000 
-0.123037 0.992402 0.000000 -0.460989 -0.887406 -0.000000 -0.978356 0.206928 0.000000 0.992615 0.121310 0.000000 0.890271 -0.455432 0.000000 0.965592 -0.260062 0.000000 
-0.121377 0.992606 0.000000 -0.457428 -0.889247 -0.000000 -0.979114 0.203311 0.000000 0.992816 0.119655 0.000000 0.891548 -0.452927 0.000000 0.967570 -0.252601 0.000000 
-0.116492 0.993192 0.000000 -0.454452 -0.890771 -0.000000 -0.979592 0.200999 0.000000 0.993389 0.114795 0.000000 0.892531 -0.450985 0.000000 0.969385 -0.245545 0.000000 
-0.110048 0.993926 0.000000 -0.452455 -0.891787 -0.000000 -0.979699 0.200473 0.000000 0.994110 0.108378 0.000000 0.892985 -0.450087 0.000000 0.970587 -0.240751 0.000000 
-0.102900 0.994692 0.000000 -0.450438 -0.892808 -0.000000 -0.979624 0.200839 0.000000 0.994865 0.101210 0.000000 0.893547 -0.448969 0.000000 0.971326 -0.237753 0.000000 
-0.338257 0.941054 0.000000 -0.462805 -0.886460 -0.000000 -0.982613 0.185667 0.000000 0.941403 0.337284 0.000000 0.884555 -0.466436 0.000000 0.950644 -0.310283 0.000000 
0.902052 0.431628 0.000000 -0.454645 -0.890673 -0.000000 0.890921 -0.454159 0.000000 0.925314 -0.379202 0.000000 -0.431396 0.902163 0.000000 -0.977717 0.209927 0.000000 
0.927251 0.374442 0.000000 -0.447018 -0.894525 -0.000000 0.894727 -0.446614 0.000000 0.921597 -0.388149 0.000000 -0.374359 0.927284 0.000000 -0.973631 0.228127 0.000000 
0.932997 0.359885 0.000000 -0.450556 -0.892748 -0.000000 0.891317 -0.453380 0.000000 0.924490 -0.381206 0.000000 -0.359994 0.932955 0.000000 -0.972866 0.231371 0.000000 
-0.340955 0.940080 0.000000 -0.451143 -0.892452 -0.000000 -0.973999 0.226551 0.000000 0.940614 0.339477 0.000000 0.896581 -0.442880 0.000000 0.927894 -0.372844 0.000000 
-0.338155 0.941090 0.000000 -0.453660 -0.891175 -0.000000 -0.974028 0.226427 0.000000 0.941682 0.336504 0.000000 0.897889 -0.440221 0.000000 0.928112 -0.372301 0.000000 
-0.323645 0.946178 0.000000 -0.459801 -0.888022 -0.000000 -0.972992 0.230839 0.000000 0.947028 0.321150 0.000000 0.894261 -0.447547 0.000000 0.928796 -0.370592 0.000000 
0.886684 0.462377 0.000000 -0.469166 -0.883110 -0.000000 0.886217 -0.463270 0.000000 0.927566 -0.373659 0.000000 -0.467311 0.884093 0.000000 -0.976386 0.216034 0.000000 
0.868368 0.495921 0.000000 -0.466255 -0.884650 -0.000000 0.891342 -0.453331 0.000000 0.915893 -0.401423 0.000000 -0.501204 0.865329 0.000000 -0.973398 0.229121 0.000000 
0.873965 0.485989 0.000000 -0.473469 -0.880811 -0.000000 0.884404 -0.466721 0.000000 0.910834 -0.412773 0.000000 -0.490046 0.871696 0.000000 -0.969497 0.245103 0.000000 
0.879314 0.476243 0.000000 -0.482622 -0.875828 -0.000000 0.875340 -0.483508 0.000000 0.904123 -0.427272 0.000000 -0.477871 0.878430 0.000000 -0.965231 0.261397 0.000000 
0.891816 0.452399 0.000000 -0.489799 -0.871835 -0.000000 0.867511 -0.497418 0.000000 0.901657 -0.432452 0.000000 -0.452217 0.891908 0.000000 -0.963152 0.268959 0.000000 
0.900929 0.433967 0.000000 -0.493974 -0.869477 -0.000000 0.860440 -0.509553 0.000000 0.900490 -0.434876 0.000000 -0.430164 0.902751 0.000000 -0.962012 0.273008 0.000000 
0.906946 0.421248 0.000000 -0.496645 -0.867954 -0.000000 0.853484 -0.521118 0.000000 0.899683 -0.436544 0.000000 -0.412080 0.911148 0.000000 -0.961211 0.275813 0.000000 
0.911987 0.410218 0.000000 -0.497535 -0.867444 -0.000000 0.846948 -0.531675 0.000000 0.899247 -0.437441 0.000000 -0.393508 0.919321 0.000000 -0.960704 0.277573 0.000000 
0.916586 0.399837 0.000000 -0.497539 -0.867441 -0.000000 0.840220 -0.542246 0.000000 0.898528 -0.438916 0.000000 -0.372925 0.927862 0.000000 -0.960234 0.279195 0.000000 
0.921057 0.389428 0.000000 -0.497784 -0.867301 -0.000000 0.831646 -0.555307 0.000000 0.897342 -0.441337 0.000000 -0.348583 0.937278 0.000000 -0.959671 0.281126 0.000000 
0.924958 0.380069 0.000000 -0.498417 -0.866938 -0.000000 0.820466 -0.571695 0.000000 0.895373 -0.445316 0.000000 -0.320355 0.947297 0.000000 -0.958985 0.283456 0.000000 
0.927877 0.372886 0.000000 -0.499099 -0.866545 -0.000000 0.806254 -0.591569 0.000000 0.892580 -0.450890 0.000000 -0.287871 0.957669 0.000000 -0.958348 0.285605 0.000000 
0.929217 0.369535 0.000000 -0.499315 -0.866420 -0.000000 0.787752 -0.615992 0.000000 0.889344 -0.457238 0.000000 -0.251105 0.967960 0.000000 -0.958142 0.286293 0.000000 
0.928255 0.371944 0.000000 -0.499130 -0.866527 -0.000000 0.762150 -0.647400 0.000000 0.885215 -0.465183 0.000000 -0.209891 0.977725 0.000000 -0.958479 0.285165 0.000000 
0.924049 0.382275 0.000000 -0.498805 -0.866714 -0.000000 0.724336 -0.689447 0.000000 0.879322 -0.476228 0.000000 -0.163768 0.986499 0.000000 -0.959486 0.281756 0.000000 
0.915367 0.402620 0.000000 -0.499051 -0.866572 -0.000000 0.663458 -0.748213 0.000000 0.870004 -0.493045 0.000000 -0.111531 0.993761 0.000000 -0.961245 0.275696 0.000000 
0.898128 0.439733 0.000000 -0.501468 -0.865176 -0.000000 0.573736 -0.819040 0.000000 0.855989 -0.516994 0.000000 -0.058995 0.998258 0.000000 -0.965723 0.259576 0.000000 
-0.504864 -0.863199 -0.000000 0.847450 0.530875 0.000000 -0.022936 0.999737 0.000000 -0.981121 0.193395 0.000000 0.840198 -0.542280 0.000000 
0.820660 -0.571416 0.000000 -0.999986 -0.005229 -0.000000 -0.000641 1.000000 0.000000 0.739003 0.673703 0.000000 -0.509929 -0.860216 -0.000000 
0.855897 -0.517147 0.000000 -0.984729 -0.174094 -0.000000 -0.094241 0.995549 0.000000 0.676036 0.736869 0.000000 -0.522223 -0.852809 -0.000000 
0.981635 -0.190770 0.000000 -0.952944 -0.303147 -0.000000 -0.095912 0.995390 0.000000 0.672669 0.739944 0.000000 -0.519285 -0.854601 -0.000000 
0.989118 0.147126 0.000000 -0.913954 -0.405818 -0.000000 -0.135722 0.990747 0.000000 0.669579 0.742740 0.000000 -0.402627 -0.915364 -0.000000 -0.517515 -0.855674 -0.000000 
0.920311 0.391187 0.000000 -0.872562 -0.488504 -0.000000 -0.232083 0.972696 0.000000 0.662909 0.748700 0.000000 -0.380804 -0.924656 -0.000000 -0.517815 -0.855493 -0.000000 
-0.843070 -0.537803 -0.000000 0.857105 0.515142 0.000000 -0.391301 -0.920263 -0.000000 -0.517467 -0.855703 -0.000000 -0.390017 0.920808 0.000000 0.661263 0.750154 0.000000 
-0.824947 -0.565209 -0.000000 0.820961 0.570984 0.000000 -0.428750 -0.903423 -0.000000 -0.514572 -0.857447 -0.000000 -0.576038 0.817423 0.000000 0.661521 0.749927 0.000000 
-0.731497 0.681845 0.000000 -0.820804 -0.571210 -0.000000 0.665661 0.746254 0.000000 0.809894 0.586577 0.000000 -0.473041 -0.881041 -0.000000 -0.507899 -0.861417 -0.000000 
0.736077 0.676898 0.000000 -0.896721 0.442595 0.000000 -0.813742 -0.581226 -0.000000 -0.489276 -0.872129 -0.000000 -0.495251 -0.868750 -0.000000 
0.716832 0.697246 0.000000 -0.801061 -0.598583 -0.000000 -0.463934 -0.885870 -0.000000 -0.562722 -0.826646 -0.000000 
-0.701854 -0.712321 -0.000000 0.689663 0.724130 0.000000 -0.431625 -0.902053 -0.000000 -0.630141 -0.776481 -0.000000 -0.334846 0.942273 0.000000 0.635304 0.772262 0.000000 
-0.782978 0.622050 0.000000 0.566164 0.824293 0.000000 0.704285 0.709917 0.000000 -0.393783 -0.919204 -0.000000 -0.640331 -0.768099 -0.000000 -0.632464 -0.774590 -0.000000 
-0.797616 0.603166 0.000000 -0.335293 -0.942114 -0.000000 0.583113 0.812391 0.000000 0.720221 0.693744 0.000000 -0.648975 -0.760810 -0.000000 -0.616252 -0.787549 -0.000000 
-0.713462 0.700694 0.000000 -0.283168 -0.959070 -0.000000 0.700655 0.713500 0.000000 0.678585 0.734522 0.000000 -0.628529 -0.777786 -0.000000 -0.675972 -0.736928 -0.000000 -0.658846 -0.752278 -0.000000 
-0.593004 0.805200 0.000000 0.715621 0.698489 0.000000 -0.824246 -0.566231 -0.000000 -0.211473 -0.977384 -0.000000 -0.636182 -0.771539 -0.000000 
-0.905913 -0.423464 -0.000000 -0.428408 0.903585 0.000000 0.713002 0.701161 0.000000 -0.178796 -0.983886 -0.000000 -0.604112 -0.796899 -0.000000 
-0.947302 -0.320343 -0.000000 -0.310069 0.950714 0.000000 0.698727 0.715388 0.000000 -0.179413 -0.983774 -0.000000 -0.560115 -0.828415 -0.000000 
-0.974585 -0.224018 -0.000000 -0.207726 0.978187 0.000000 0.683271 0.730164 0.000000 -0.180228 -0.983625 -0.000000 -0.519041 -0.854749 -0.000000 
-0.996068 -0.088592 -0.000000 -0.042668 0.999089 0.000000 0.673333 0.739339 0.000000 -0.181336 -0.983421 -0.000000 -0.485750 -0.874098 -0.000000 
-0.999506 0.031429 0.000000 0.100991 0.994887 0.000000 0.663337 0.748321 0.000000 -0.179587 -0.983742 -0.000000 -0.459819 -0.888013 -0.000000 
-0.999984 0.005705 0.000000 0.091110 0.995841 0.000000 0.641555 0.767077 0.000000 -0.175366 -0.984503 -0.000000 -0.426771 -0.904360 -0.000000 
-0.997393 -0.072154 -0.000000 0.021992 0.999758 0.000000 0.615123 0.788431 0.000000 -0.172438 -0.985020 -0.000000 -0.389156 -0.921172 -0.000000 
-0.986948 -0.161038 -0.000000 -0.042213 0.999109 0.000000 0.587729 0.809058 0.000000 -0.169474 -0.985535 -0.000000 -0.352704 -0.935735 -0.000000 
-0.970253 -0.242092 -0.000000 -0.137434 0.990511 0.000000 -0.156308 -0.987708 -0.000000 -0.322248 -0.946655 -0.000000 0.571290 0.820748 0.000000 0.564648 0.825332 0.000000 
-0.946677 -0.322184 -0.000000 -0.210465 0.977601 0.000000 -0.136560 -0.990632 -0.000000 -0.293339 -0.956009 -0.000000 0.569848 0.821750 0.000000 0.534462 0.845192 0.000000 
-0.917693 -0.397290 -0.000000 -0.281306 0.959618 0.000000 -0.101490 -0.994837 -0.000000 -0.269712 -0.962941 -0.000000 0.568465 0.822707 0.000000 0.506864 0.862026 0.000000 
-0.879374 -0.476132 -0.000000 -0.348479 0.937317 0.000000 -0.247204 -0.968964 -0.000000 0.571387 0.820680 0.000000 0.475952 0.879471 0.000000 
-0.855933 -0.517087 -0.000000 -0.357229 0.934017 0.000000 -0.239318 -0.970941 -0.000000 0.587438 0.809269 0.000000 0.457000 0.889467 0.000000 
-0.814695 -0.579890 -0.000000 -0.475428 0.879755 0.000000 -0.239741 -0.970837 -0.000000 0.601214 0.799088 0.000000 0.440570 0.897718 0.000000 
-0.764434 -0.644702 -0.000000 -0.239363 -0.970930 -0.000000 -0.539745 0.841829 0.000000 0.416268 0.909242 0.000000 0.609356 0.792897 0.000000 
-0.708847 -0.705362 -0.000000 -0.241438 -0.970416 -0.000000 -0.602133 0.798396 0.000000 0.390691 0.920522 0.000000 0.617486 0.786582 0.000000 
-0.680873 -0.732401 -0.000000 -0.244905 -0.969547 -0.000000 -0.637324 0.770596 0.000000 0.379347 0.925254 0.000000 0.623567 0.781770 0.000000 0.555337 0.831625 0.000000 
-0.671011 -0.741447 -0.000000 -0.248575 -0.968613 -0.000000 -0.633169 0.774013 0.000000 0.375659 0.926758 0.000000 0.628250 0.778011 0.000000 0.519556 0.854437 0.000000 
-0.680005 -0.733207 -0.000000 -0.249293 -0.968428 -0.000000 -0.647011 0.762481 0.000000 0.382018 0.924155 0.000000 0.628811 0.777558 0.000000 0.488751 0.872424 0.000000 
-0.675586 -0.737282 -0.000000 -0.250422 -0.968137 -0.000000 -0.636161 0.771557 0.000000 0.378424 0.925633 0.000000 0.634375 0.773025 0.000000 0.445050 0.895506 0.000000 
-0.674540 -0.738238 -0.000000 -0.252783 -0.967523 -0.000000 -0.640745 0.767754 0.000000 0.378627 0.925549 0.000000 0.640907 0.767619 0.000000 0.425737 0.904847 0.000000 
-0.685826 -0.727765 -0.000000 -0.252913 -0.967489 -0.000000 -0.655072 0.755567 0.000000 0.384412 0.923162 0.000000 0.645630 0.763650 0.000000 0.418339 0.908291 0.000000 
-0.685715 -0.727870 -0.000000 -0.254989 -0.966944 -0.000000 -0.655580 0.755126 0.000000 0.384746 0.923022 0.000000 0.653721 0.756735 0.000000 0.406742 0.913543 0.000000 
-0.700939 -0.713221 -0.000000 -0.254887 -0.966971 -0.000000 -0.670097 0.742274 0.000000 0.393022 0.919529 0.000000 0.656743 0.754114 0.000000 0.405426 0.914128 0.000000 
-0.712332 -0.701842 -0.000000 -0.255319 -0.966857 -0.000000 0.666427 0.745571 0.000000 -0.666970 0.745084 0.000000 0.400775 0.916177 0.000000 0.396393 0.918081 0.000000 
-0.722722 -0.691139 -0.000000 -0.255513 -0.966806 -0.000000 0.678928 0.734205 0.000000 -0.657118 0.753788 0.000000 0.397168 0.917746 0.000000 
-0.728555 -0.684987 -0.000000 -0.255417 -0.966831 -0.000000 0.692113 0.721790 0.000000 -0.652223 0.758027 0.000000 0.395228 0.918583 0.000000 
-0.728154 -0.685414 -0.000000 -0.255061 -0.966925 -0.000000 0.701163 0.713001 0.000000 -0.668212 0.743971 0.000000 0.392463 0.919768 0.000000 
-0.728379 -0.685175 -0.000000 -0.255528 -0.966802 -0.000000 0.707173 0.707041 0.000000 -0.683764 0.729703 0.000000 0.391062 0.920364 0.000000 
-0.728922 -0.684597 -0.000000 -0.253563 -0.967319 -0.000000 0.708760 0.705450 0.000000 -0.703063 0.711128 0.000000 0.389575 0.920995 0.000000 
-0.728943 -0.684574 -0.000000 -0.251705 -0.967804 -0.000000 0.708526 0.705685 0.000000 -0.717408 0.696653 0.000000 0.388484 0.921455 0.000000 
-0.729051 -0.684459 -0.000000 -0.250619 -0.968086 -0.000000 0.708180 0.706032 0.000000 -0.725442 0.688284 0.000000 0.387927 0.921690 0.000000 
-0.729057 -0.684453 -0.000000 -0.250387 -0.968146 -0.000000 0.708087 0.706125 0.000000 -0.727056 0.686578 0.000000 0.387792 0.921747 0.000000 
-0.729075 -0.684434 -0.000000 -0.250871 -0.968020 -0.000000 0.708028 0.706184 0.000000 -0.723219 0.690619 0.000000 0.388097 0.921619 0.000000 
-0.729139 -0.684366 -0.000000 -0.251926 -0.967747 -0.000000 0.707787 0.706426 0.000000 -0.714478 0.699658 0.000000 0.388785 0.921329 0.000000 
-0.729388 -0.684100 -0.000000 -0.253402 -0.967361 -0.000000 0.707146 0.707068 0.000000 -0.702092 0.712087 0.000000 0.389925 0.920847 0.000000 
-0.729747 -0.683717 -0.000000 -0.255069 -0.966923 -0.000000 0.705817 0.708394 0.000000 -0.687028 0.726631 0.000000 0.391411 0.920216 0.000000 
-0.730616 -0.682789 -0.000000 -0.256261 -0.966608 -0.000000 0.701436 0.712733 0.000000 -0.676500 0.736443 0.000000 0.393827 0.919184 0.000000 
-0.731668 -0.681661 -0.000000 -0.256622 -0.966512 -0.000000 0.696880 0.717188 0.000000 -0.672300 0.740279 0.000000 0.395629 0.918410 0.000000 
-0.732295 -0.680988 -0.000000 -0.256214 -0.966620 -0.000000 0.694491 0.719502 0.000000 -0.673620 0.739078 0.000000 0.396021 0.918241 0.000000 
-0.731980 -0.681326 -0.000000 -0.256345 -0.966585 -0.000000 0.695167 0.718848 0.000000 -0.673206 0.739455 0.000000 0.395658 0.918398 0.000000 
-0.731657 -0.681673 -0.000000 -0.256367 -0.966579 -0.000000 0.696085 0.717959 0.000000 -0.673801 0.738913 0.000000 0.395392 0.918512 0.000000 
-0.731432 -0.681915 -0.000000 -0.256458 -0.966555 -0.000000 0.697060 0.717012 0.000000 -0.674334 0.738427 0.000000 0.395173 0.918607 0.000000 
-0.731373 -0.681977 -0.000000 -0.256521 -0.966539 -0.000000 0.697491 0.716594 0.000000 -0.674478 0.738295 0.000000 0.395102 0.918637 0.000000 
-0.731373 -0.681978 -0.000000 -0.256520 -0.966539 -0.000000 0.697492 0.716593 0.000000 -0.674483 0.738290 0.000000 0.395101 0.918638 0.000000 
-0.731372 -0.681979 -0.000000 -0.256518 -0.966539 -0.000000 0.697494 0.716591 0.000000 -0.674490 0.738284 0.000000 0.395099 0.918638 0.000000 
-0.731372 -0.681979 -0.000000 -0.256517 -0.966540 -0.000000 0.697494 0.716590 0.000000 -0.674496 0.738279 0.000000 0.395098 0.918639 0.000000 
-0.731371 -0.681980 -0.000000 -0.256515 -0.966540 -0.000000 0.697495 0.716590 0.000000 -0.674500 0.738275 0.000000 0.395097 0.918640 0.000000 
-0.731371 -0.681980 -0.000000 -0.256514 -0.966540 -0.000000 0.697496 0.716588 0.000000 -0.674505 0.738270 0.000000 0.395095 0.918640 0.000000 
-0.731371 -0.681980 -0.000000 -0.256513 -0.966541 -0.000000 0.697497 0.716588 0.000000 -0.674508 0.738267 0.000000 0.395095 0.918640 0.000000 
-0.731370 -0.681981 -0.000000 -0.256512 -0.966541 -0.000000 0.697498 0.716587 0.000000 -0.674513 0.738263 0.000000 0.395093 0.918641 0.000000 
-0.731370 -0.681981 -0.000000 -0.256511 -0.966541 -0.000000 0.697498 0.716587 0.000000 -0.674515 0.738261 0.000000 0.395093 0.918641 0.000000 
-0.731369 -0.681982 -0.000000 -0.256510 -0.966542 -0.000000 0.697499 0.716586 0.000000 -0.674520 0.738256 0.000000 0.395092 0.918642 0.000000 
-0.731368 -0.681983 -0.000000 -0.256509 -0.966542 -0.000000 0.697501 0.716584 0.000000 -0.674520 0.738257 0.000000 0.395091 0.918642 0.000000 
-0.731368 -0.681983 -0.000000 -0.256509 -0.966542 -0.000000 0.697501 0.716584 0.000000 -0.674525 0.738252 0.000000 0.395090 0.918642 0.000000 
-0.731367 -0.681984 -0.000000 -0.256508 -0.966542 -0.000000 0.697502 0.716583 0.000000 -0.674529 0.738248 0.000000 0.395089 0.918643 0.000000 
-0.731367 -0.681984 -0.000000 -0.256507 -0.966542 -0.000000 0.697503 0.716582 0.000000 -0.674531 0.738246 0.000000 0.395088 0.918643 0.000000 
-0.731366 -0.681985 -0.000000 -0.256506 -0.966543 -0.000000 0.697503 0.716582 0.000000 -0.674536 0.738242 0.000000 0.395087 0.918644 0.000000 
-0.731366 -0.681985 -0.000000 -0.256505 -0.966543 -0.000000 0.697504 0.716581 0.000000 -0.674540 0.738238 0.000000 0.395087 0.918644 0.000000 
-0.731365 -0.681986 -0.000000 -0.256505 -0.966543 -0.000000 0.697505 0.716580 0.000000 -0.674542 0.738237 0.000000 0.395086 0.918644 0.000000 
-0.731365 -0.681987 -0.000000 -0.256504 -0.966543 -0.000000 0.697506 0.716579 0.000000 -0.674545 0.738234 0.000000 0.395085 0.918645 0.000000 
-0.731364 -0.681987 -0.000000 -0.256503 -0.966543 -0.000000 0.697507 0.716578 0.000000 -0.674548 0.738231 0.000000 0.395084 0.918645 0.000000 
-0.731363 -0.681988 -0.000000 -0.256502 -0.966544 -0.000000 0.697508 0.716577 0.000000 -0.674553 0.738227 0.000000 0.395083 0.918645 0.000000 
-0.731363 -0.681988 -0.000000 -0.256502 -0.966544 -0.000000 0.697509 0.716576 0.000000 -0.674558 0.738222 0.000000 0.395082 0.918646 0.000000 
-0.731362 -0.681989 -0.000000 -0.256501 -0.966544 -0.000000 0.697510 0.716575 0.000000 -0.674560 0.738220 0.000000 0.395081 0.918646 0.000000 
-0.731361 -0.681990 -0.000000 -0.256500 -0.966544 -0.000000 0.697511 0.716574 0.000000 -0.674564 0.738217 0.000000 0.395080 0.918647 0.000000 
-0.731360 -0.681991 -0.000000 -0.256500 -0.966544 -0.000000 0.697512 0.716573 0.000000 -0.674568 0.738213 0.000000 0.395079 0.918647 0.000000 
-0.731359 -0.681992 -0.000000 -0.256499 -0.966544 -0.000000 0.697514 0.716571 0.000000 -0.674572 0.738209 0.000000 0.395078 0.918648 0.000000 
-0.731357 -0.681995 -0.000000 -0.256498 -0.966545 -0.000000 0.697517 0.716569 0.000000 -0.674578 0.738204 0.000000 0.395076 0.918648 0.000000 
-0.731354 -0.681998 -0.000000 -0.256497 -0.966545 -0.000000 0.697522 0.716564 0.000000 -0.674587 0.738196 0.000000 0.395073 0.918650 0.000000 
-0.731349 -0.682003 -0.000000 -0.256495 -0.966546 -0.000000 0.697528 0.716558 0.000000 -0.674601 0.738183 0.000000 0.395070 0.918651 0.000000 
-0.731342 -0.682011 -0.000000 -0.256492 -0.966546 -0.000000 0.697539 0.716547 0.000000 -0.674621 0.738164 0.000000 0.395063 0.918654 0.000000 
-0.731332 -0.682021 -0.000000 -0.256489 -0.966547 -0.000000 0.697552 0.716534 0.000000 -0.674645 0.738142 0.000000 0.395056 0.918657 0.000000 
-0.731322 -0.682033 -0.000000 -0.256486 -0.966548 -0.000000 0.697568 0.716519 0.000000 -0.674672 0.738118 0.000000 0.395048 0.918661 0.000000 
-0.731311 -0.682044 -0.000000 -0.256483 -0.966549 -0.000000 0.697584 0.716503 0.000000 -0.674700 0.738092 0.000000 0.395039 0.918664 0.000000 
-0.731288 -0.682069 -0.000000 -0.256473 -0.966551 -0.000000 0.697611 0.716477 0.000000 -0.674752 0.738045 0.000000 0.395020 0.918672 0.000000 
-0.731279 -0.682078 -0.000000 -0.256470 -0.966552 -0.000000 0.697624 0.716464 0.000000 -0.674779 0.738020 0.000000 0.395013 0.918676 0.000000 
-0.731274 -0.682084 -0.000000 -0.256468 -0.966553 -0.000000 0.697632 0.716456 0.000000 -0.674793 0.738007 0.000000 0.395008 0.918677 0.000000 
-0.731268 -0.682090 -0.000000 -0.256466 -0.966553 -0.000000 0.697641 0.716448 0.000000 -0.674807 0.737994 0.000000 0.395003 0.918680 0.000000 
-0.731260 -0.682099 -0.000000 -0.256464 -0.966554 -0.000000 0.697653 0.716436 0.000000 -0.674829 0.737974 0.000000 0.394997 0.918682 0.000000 
-0.731251 -0.682109 -0.000000 -0.256461 -0.966555 -0.000000 0.697667 0.716422 0.000000 -0.674854 0.737951 0.000000 0.394989 0.918686 0.000000 
-0.731241 -0.682119 -0.000000 -0.256455 -0.966556 -0.000000 0.697693 0.716397 0.000000 -0.674877 0.737930 0.000000 0.394974 0.918692 0.000000 
-0.731231 -0.682130 -0.000000 -0.256447 -0.966558 -0.000000 0.697729 0.716362 0.000000 -0.674903 0.737907 0.000000 0.394954 0.918701 0.000000 
-0.731221 -0.682141 -0.000000 -0.256439 -0.966560 -0.000000 0.697766 0.716326 0.000000 -0.674928 0.737883 0.000000 0.394932 0.918710 0.000000 
-0.731205 -0.682158 -0.000000 -0.256427 -0.966564 -0.000000 0.697802 0.716291 0.000000 -0.674960 0.737854 0.000000 0.394906 0.918721 0.000000 
-0.731182 -0.682182 -0.000000 -0.256411 -0.966568 -0.000000 0.697860 0.716234 0.000000 -0.675017 0.737802 0.000000 0.394870 0.918737 0.000000 
-0.731174 -0.682191 -0.000000 -0.256402 -0.966570 -0.000000 0.697900 0.716195 0.000000 -0.675037 0.737784 0.000000 0.394846 0.918747 0.000000 
-0.731170 -0.682196 -0.000000 -0.256398 -0.966571 -0.000000 0.697918 0.716177 0.000000 -0.675051 0.737771 0.000000 0.394835 0.918752 0.000000 
-0.731164 -0.682202 -0.000000 -0.256392 -0.966573 -0.000000 0.697943 0.716154 0.000000 -0.675068 0.737756 0.000000 0.394821 0.918758 0.000000 
-0.731156 -0.682210 -0.000000 -0.256385 -0.966575 -0.000000 0.697975 0.716123 0.000000 -0.675086 0.737739 0.000000 0.394802 0.918766 0.000000 
-0.731148 -0.682218 -0.000000 -0.256378 -0.966577 -0.000000 0.698008 0.716090 0.000000 -0.675107 0.737720 0.000000 0.394782 0.918775 0.000000 
-0.731131 -0.682238 -0.000000 -0.256364 -0.966580 -0.000000 0.698046 0.716053 0.000000 -0.675148 0.737682 0.000000 0.394754 0.918787 0.000000 
-0.731118 -0.682251 -0.000000 -0.256352 -0.966584 -0.000000 0.698100 0.716001 0.000000 -0.675179 0.737654 0.000000 0.394723 0.918800 0.000000 
-0.731111 -0.682258 -0.000000 -0.256346 -0.966585 -0.000000 0.698124 0.715977 0.000000 -0.675197 0.737638 0.000000 0.394709 0.918806 0.000000 
-0.731106 -0.682264 -0.000000 -0.256341 -0.966586 -0.000000 0.698147 0.715955 0.000000 -0.675213 0.737623 0.000000 0.394695 0.918812 0.000000 
-0.731099 -0.682271 -0.000000 -0.256335 -0.966588 -0.000000 0.698175 0.715927 0.000000 -0.675230 0.737607 0.000000 0.394678 0.918819 0.000000 
-0.731091 -0.682280 -0.000000 -0.256327 -0.966590 -0.000000 0.698207 0.715896 0.000000 -0.675250 0.737589 0.000000 0.394659 0.918828 0.000000 
-0.731083 -0.682288 -0.000000 -0.256320 -0.966592 -0.000000 0.698240 0.715864 0.000000 -0.675270 0.737570 0.000000 0.394640 0.918836 0.000000 
-0.731074 -0.682298 -0.000000 -0.256313 -0.966594 -0.000000 0.698274 0.715831 0.000000 -0.675292 0.737550 0.000000 0.394621 0.918844 0.000000 
-0.731067 -0.682306 -0.000000 -0.256306 -0.966596 -0.000000 0.698305 0.715800 0.000000 -0.675313 0.737532 0.000000 0.394602 0.918852 0.000000 
-0.731059 -0.682315 -0.000000 -0.256298 -0.966598 -0.000000 0.698337 0.715769 0.000000 -0.675332 0.737514 0.000000 0.394583 0.918860 0.000000 
-0.731051 -0.682323 -0.000000 -0.256291 -0.966600 -0.000000 0.698369 0.715738 0.000000 -0.675353 0.737495 0.000000 0.394565 0.918868 0.000000 
-0.731039 -0.682336 -0.000000 -0.256285 -0.966601 -0.000000 0.698400 0.715708 0.000000 -0.675379 0.737471 0.000000 0.394545 0.918877 0.000000 
-0.730986 -0.682392 -0.000000 -0.256282 -0.966602 -0.000000 0.698431 0.715678 0.000000 -0.675477 0.737381 0.000000 0.394512 0.918891 0.000000 
-0.730902 -0.682483 -0.000000 -0.256283 -0.966602 -0.000000 0.698462 0.715647 0.000000 -0.675629 0.737242 0.000000 0.394468 0.918910 0.000000 
-0.730815 -0.682576 -0.000000 -0.256284 -0.966601 -0.000000 0.698493 0.715617 0.000000 -0.675783 0.737100 0.000000 0.394424 0.918928 0.000000 
-0.730719 -0.682679 -0.000000 -0.256286 -0.966601 -0.000000 0.698523 0.715588 0.000000 -0.675958 0.736940 0.000000 0.394377 0.918949 0.000000 
-0.730628 -0.682775 -0.000000 -0.256287 -0.966601 -0.000000 0.698554 0.715557 0.000000 -0.676118 0.736794 0.000000 0.394331 0.918968 0.000000 
-0.730531 -0.682879 -0.000000 -0.256289 -0.966600 -0.000000 0.698584 0.715528 0.000000 -0.676290 0.736635 0.000000 0.394284 0.918989 0.000000 
-0.730442 -0.682975 -0.000000 -0.256291 -0.966600 -0.000000 0.698615 0.715498 0.000000 -0.676451 0.736488 0.000000 0.394239 0.919008 0.000000 
-0.730346 -0.683077 -0.000000 -0.256292 -0.966599 -0.000000 0.698645 0.715469 0.000000 -0.676618 0.736334 0.000000 0.394192 0.919028 0.000000 
-0.730258 -0.683172 -0.000000 -0.256294 -0.966599 -0.000000 0.698675 0.715439 0.000000 -0.676777 0.736188 0.000000 0.394148 0.919047 0.000000 
-0.730163 -0.683272 -0.000000 -0.256296 -0.966598 -0.000000 0.698705 0.715410 0.000000 -0.676943 0.736036 0.000000 0.394102 0.919067 0.000000 
-0.730077 -0.683364 -0.000000 -0.256297 -0.966598 -0.000000 0.698735 0.715381 0.000000 -0.677099 0.735892 0.000000 0.394058 0.919086 0.000000 
-0.729971 -0.683479 -0.000000 -0.256294 -0.966599 -0.000000 0.698776 0.715341 0.000000 -0.677306 0.735701 0.000000 0.394000 0.919110 0.000000 
-0.729885 -0.683570 -0.000000 -0.256292 -0.966599 -0.000000 0.698816 0.715301 0.000000 -0.677462 0.735558 0.000000 0.393950 0.919132 0.000000 
-0.729805 -0.683655 -0.000000 -0.256297 -0.966598 -0.000000 0.698828 0.715289 0.000000 -0.677601 0.735429 0.000000 0.393918 0.919146 0.000000 
