1.972279 0.559851 0.004603 1.950738 0.458884 0.004757 2.065300 0.535028 0.004647 2.093986 0.381936 0.004885 
1.972358 0.559903 0.004637 1.950671 0.458983 0.004775 2.065233 0.535129 0.004679 2.094066 0.381991 0.004893 
1.971200 0.559143 0.004515 1.950487 0.459117 0.004764 2.065057 0.535252 0.004449 2.092921 0.381205 0.004757 
1.969961 0.558440 0.004649 1.949487 0.460381 0.004875 2.064078 0.536500 0.004363 2.091705 0.380482 0.004519 
1.969667 0.558195 0.004549 1.950040 0.459537 0.004828 2.064635 0.535639 0.004328 2.091381 0.380206 0.004603 
1.971733 0.559490 0.004178 1.951773 0.457247 0.004395 2.066374 0.533311 0.004395 2.093301 0.381462 0.004808 
1.971755 0.559621 0.004185 1.951993 0.457124 0.004254 2.066666 0.533074 0.004462 2.093143 0.381467 0.004709 
1.970493 0.558831 0.004304 1.952163 0.456938 0.004278 2.066841 0.532877 0.004557 2.091891 0.380643 0.004654 
1.970293 0.558733 0.004375 1.952916 0.456259 0.004138 2.067594 0.532184 0.004795 2.091667 0.380516 0.004680 
1.967205 0.556817 0.004485 1.953054 0.455933 0.004181 2.067750 0.531826 0.004822 2.088598 0.378515 0.004528 
1.965335 0.555769 0.004612 1.953380 0.455835 0.004028 2.068117 0.531657 0.005024 2.086664 0.377359 0.004317 
1.963402 0.554251 0.004305 1.956377 0.451835 0.003793 2.071115 0.527594 0.005260 2.084625 0.375695 0.004739 
1.958758 0.551190 0.004354 1.957247 0.450528 0.003900 2.071997 0.526252 0.005333 2.080022 0.372511 0.004740 
1.956364 0.549612 0.004571 1.958014 0.449355 0.003996 2.072763 0.525058 0.005775 2.077638 0.370862 0.004917 
1.955541 0.549068 0.004892 1.958711 0.448270 0.004082 2.073449 0.523959 0.006464 2.076803 0.370284 0.005207 
1.955387 0.548966 0.005249 1.959358 0.447256 0.004160 2.074079 0.522932 0.007236 2.076627 0.370162 0.005536 
1.955394 0.548969 0.005602 1.959945 0.446331 0.004230 2.074646 0.521994 0.008005 2.076613 0.370152 0.005864 
1.955422 0.548986 0.005941 1.960455 0.445523 0.004293 2.075134 0.521171 0.008748 2.076622 0.370158 0.006181 
1.955444 0.549000 0.006267 1.960885 0.444836 0.004350 2.075541 0.520469 0.009465 2.076629 0.370162 0.006487 
1.955466 0.549013 0.006580 1.961233 0.444273 0.004401 2.075864 0.519889 0.010160 2.076637 0.370168 0.006782 
1.955485 0.549024 0.006882 1.961494 0.443841 0.004447 2.076100 0.519440 0.010836 2.076645 0.370173 0.007069 
1.955485 0.549024 0.007174 1.961667 0.443543 0.004488 2.076246 0.519124 0.011494 2.076638 0.370168 0.007346 
1.955468 0.549011 0.007456 1.961750 0.443380 0.004526 2.076301 0.518942 0.012138 2.076617 0.370153 0.007616 
1.955441 0.548993 0.007730 1.961749 0.443343 0.004560 2.076272 0.518886 0.012774 2.076590 0.370134 0.007882 
1.955417 0.548976 0.008001 1.961710 0.443364 0.004591 2.076202 0.518886 0.013409 2.076565 0.370118 0.008149 
1.955401 0.548965 0.008272 1.961643 0.443427 0.004619 2.076102 0.518926 0.014046 2.076550 0.370108 0.008417 
1.955393 0.548959 0.008544 1.961550 0.443528 0.004644 2.075973 0.519002 0.014691 2.076544 0.370104 0.008688 
1.955392 0.548958 0.008820 1.961431 0.443667 0.004668 2.075815 0.519116 0.015346 2.076546 0.370105 0.008963 
1.955393 0.548958 0.009096 1.961300 0.443822 0.004689 2.075642 0.519243 0.016015 2.076549 0.370108 0.009249 
1.955390 0.548956 0.009378 1.961137 0.444025 0.004709 2.075433 0.519416 0.016699 2.076549 0.370110 0.009540 
1.955378 0.548948 0.009666 1.960940 0.444278 0.004726 2.075186 0.519636 0.017401 2.076542 0.370106 0.009837 
1.955356 0.548933 0.009960 1.960711 0.444576 0.004742 2.074903 0.519898 0.018126 2.076526 0.370096 0.010142 
1.955326 0.548913 0.010263 1.960455 0.444914 0.004757 2.074587 0.520197 0.018877 2.076503 0.370081 0.010457 
1.955292 0.548890 0.010579 1.960169 0.445295 0.004770 2.074235 0.520534 0.019660 2.076476 0.370064 0.010784 
1.955258 0.548867 0.010908 1.959858 0.445711 0.004782 2.073852 0.520901 0.020481 2.076450 0.370047 0.011126 
1.955225 0.548845 0.011255 1.959520 0.446164 0.004792 2.073433 0.521300 0.021343 2.076426 0.370032 0.011486 
1.955193 0.548824 0.011621 1.959158 0.446650 0.004802 2.072980 0.521727 0.022253 2.076404 0.370018 0.011866 
1.955160 0.548801 0.012007 1.958771 0.447170 0.004811 2.072492 0.522180 0.023214 2.076380 0.370004 0.012268 
1.955121 0.548775 0.012416 1.958360 0.447724 0.004819 2.071968 0.522659 0.024232 2.076351 0.369986 0.012693 
1.955072 0.548743 0.012849 1.957926 0.448306 0.004826 2.071407 0.523157 0.025311 2.076313 0.369962 0.013143 
1.955010 0.548701 0.013307 1.957471 0.448917 0.004833 2.070809 0.523672 0.026456 2.076262 0.369929 0.013620 
1.954936 0.548652 0.013793 1.956997 0.449550 0.004839 2.070174 0.524199 0.027674 2.076200 0.369889 0.014127 
1.954853 0.548596 0.014311 1.956506 0.450205 0.004844 2.069500 0.524732 0.028973 2.076128 0.369842 0.014667 
1.954761 0.548535 0.014865 1.956000 0.450876 0.004849 2.068787 0.525266 0.030358 2.076048 0.369790 0.015245 
1.954659 0.548467 0.015457 1.955479 0.451562 0.004854 2.068031 0.525797 0.031839 2.075957 0.369731 0.015863 
1.950678 0.545866 0.014838 1.954941 0.452369 0.004859 2.067341 0.526527 0.032705 2.072117 0.367098 0.015261 
1.947412 0.543716 0.014410 1.954403 0.453118 0.004861 2.066626 0.527142 0.033785 2.068927 0.364895 0.014854 
1.944366 0.541731 0.014027 1.953982 0.453736 0.004869 2.065963 0.527649 0.035009 2.066018 0.362907 0.014508 
1.942857 0.540734 0.014132 1.953623 0.454168 0.004872 2.065305 0.527867 0.036621 2.064535 0.361882 0.014636 
1.943180 0.540945 0.014902 1.953143 0.454751 0.004878 2.064401 0.528173 0.038709 2.064857 0.362111 0.015438 
1.935024 0.533315 0.012952 1.948587 0.461698 0.004915 2.056958 0.539039 0.039650 2.063519 0.359072 0.013624 
1.937046 0.531648 0.014655 1.941586 0.469740 0.004922 2.046538 0.550561 0.042466 2.071938 0.362421 0.015486 
1.937067 0.531946 0.015901 1.932236 0.482418 0.004916 2.032688 0.567651 0.045294 2.080049 0.369553 0.016897 
1.930157 0.526650 0.013541 1.926988 0.489078 0.004954 2.025866 0.575593 0.046646 2.075824 0.366396 0.015020 
1.920019 0.517550 0.009203 1.926911 0.488533 0.004952 2.027823 0.572372 0.047224 2.061852 0.353464 0.010693 
1.528361 0.285334 0.018197 2.026333 0.572851 0.048842 2.053466 0.346083 0.007603 1.756577 0.212507 0.005657 1.665084 0.423332 0.024668 1.703586 0.439609 0.029232 
1.557815 0.232580 0.004732 2.025541 0.569822 0.054407 2.049738 0.348814 0.011586 1.745969 0.210438 0.005670 1.642332 0.413899 0.005906 1.726219 0.453906 0.019008 
2.013871 0.581454 0.067637 1.557471 0.233103 0.004739 1.633991 0.409229 0.007192 1.728852 0.458571 0.024365 2.044065 0.356893 0.020717 1.746186 0.214078 0.008766 
2.007720 0.592756 0.087972 1.556789 0.233937 0.004758 1.636021 0.410510 0.010616 1.739778 0.468127 0.034971 2.044522 0.368885 0.037940 1.757559 0.223357 0.014860 
1.720515 0.461849 0.051676 2.005349 0.600734 0.108203 1.555496 0.234020 0.004781 2.046092 0.380996 0.056205 1.768990 0.232978 0.021971 
1.719197 0.467084 0.058839 1.998458 0.609218 0.122272 1.553889 0.234259 0.004799 2.043230 0.392497 0.068347 1.771673 0.239191 0.026712 
1.986818 0.617534 0.130781 1.552664 0.235971 0.004813 1.713233 0.469264 0.062497 2.034894 0.400317 0.073724 1.754579 0.231296 0.023531 1.773030 0.242969 0.027312 
1.976130 0.621299 0.137141 1.551667 0.237487 0.004825 1.707560 0.468965 0.064958 2.026608 0.402210 0.077622 1.754415 0.231193 0.026555 1.766606 0.240225 0.029173 
1.971622 0.618301 0.143645 1.550851 0.238699 0.004835 1.704797 0.466841 0.067600 2.022783 0.398721 0.083627 1.754479 0.231217 0.029604 1.763091 0.237936 0.031588 
1.971750 0.611487 0.150866 1.550102 0.239802 0.004844 1.704398 0.463868 0.070705 2.022559 0.392284 0.091501 1.754448 0.231186 0.032551 1.762277 0.236585 0.034516 
1.705032 0.460594 0.074039 1.974271 0.603217 0.158561 1.549315 0.240980 0.004852 2.023979 0.384777 0.100229 1.760399 0.234185 0.038234 
1.673023 0.438504 0.077873 1.975899 0.597162 0.162358 1.540214 0.232062 0.023683 2.023779 0.380524 0.103917 1.719885 0.209543 0.045620 
1.975807 0.594269 0.159961 1.545137 0.213726 0.030323 1.654792 0.423433 0.073795 2.021214 0.378338 0.100014 1.628355 0.152424 0.034696 1.717984 0.199032 0.039420 
1.976172 0.595674 0.152860 1.554759 0.169874 0.037991 1.635181 0.400356 0.065374 1.616213 0.128710 0.044592 2.017659 0.380967 0.089242 1.677868 0.154700 0.044423 
1.557326 0.132788 0.040726 1.975970 0.599596 0.140729 1.616337 0.377319 0.052658 1.609594 0.108781 0.047826 2.016155 0.385767 0.073787 1.647076 0.112985 0.048549 
1.542713 0.135563 0.025897 1.971557 0.607401 0.122766 1.594497 0.361255 0.035464 1.598997 0.099176 0.034177 2.019498 0.390887 0.054557 1.628139 0.095604 0.035956 
1.512678 0.163198 0.013501 1.974033 0.604582 0.097493 1.556271 0.334175 0.020896 1.652070 0.114242 0.037020 2.022684 0.386803 0.030916 1.589696 0.058816 0.044314 
1.475608 0.150613 0.013200 1.959755 0.640843 0.080918 1.523039 0.305733 0.015957 1.713909 0.104466 0.085777 2.009282 0.374426 -0.012669 1.552268 0.017966 0.071689 
1.398014 0.180132 0.005777 1.961871 0.659253 0.084841 1.496450 0.296896 0.020565 1.518082 0.036967 0.004894 2.022178 0.373734 -0.022488 1.581646 0.055933 0.004228 
1.399342 0.177586 0.006135 1.960681 0.657053 0.090367 1.481931 0.285958 0.019836 1.497350 0.030287 0.005410 2.034715 0.382456 -0.012683 1.564392 0.043113 0.004435 
1.400324 0.182886 0.004454 1.960531 0.635859 0.091788 1.466310 0.274211 0.016566 1.482057 0.026226 0.002985 2.026682 0.368598 -0.006508 1.549293 0.032342 0.002890 
1.400281 0.183512 0.004507 1.949298 0.611804 0.091159 1.447960 0.260449 0.014031 1.462402 0.019802 0.003097 2.009238 0.343680 -0.002576 1.530115 0.019816 0.003394 
1.395110 0.190319 0.006142 1.930723 0.588482 0.091336 1.428315 0.247408 0.013398 1.459500 0.018896 0.003322 1.990972 0.315827 0.005160 1.506637 0.008881 0.006725 
1.914595 0.565100 0.097546 1.384823 0.205893 0.010337 1.411344 0.236773 0.015847 1.976650 0.289462 0.021257 1.467256 0.021554 0.004445 1.487229 0.003764 0.010475 
1.905108 0.546274 0.112075 1.377114 0.219093 0.013307 1.403494 0.231322 0.017957 1.966229 0.270261 0.042961 1.481108 0.026003 0.007689 1.476739 0.001462 0.014456 
1.901293 0.534780 0.133931 1.380846 0.205208 0.006084 1.415237 0.228428 0.014762 1.958423 0.260725 0.067328 1.488452 0.018289 0.010797 1.487030 -0.004963 0.017359 
1.379115 0.207685 0.004674 1.894851 0.536310 0.158366 1.421522 0.229263 0.016945 1.953874 0.262271 0.092426 1.483715 0.012575 0.011648 1.499458 -0.004407 0.019793 
1.377584 0.211704 0.004657 1.888501 0.542661 0.185498 1.426969 0.233424 0.021287 1.951423 0.268005 0.119766 1.478991 0.010766 0.013451 1.509800 0.000286 0.024379 
1.377420 0.211873 0.004563 1.883126 0.548825 0.215378 1.433319 0.238505 0.026955 1.949754 0.275057 0.150551 1.472846 0.008844 0.015754 1.520431 0.006593 0.031142 
1.381267 0.218143 0.005895 1.874387 0.556201 0.240387 1.434401 0.244338 0.030240 1.473671 0.014553 0.019421 1.946294 0.281517 0.176072 1.518619 0.009108 0.036954 
1.383087 0.231401 0.004859 1.867446 0.556731 0.259261 1.430358 0.250465 0.028320 1.471616 0.023656 0.017285 1.938909 0.279012 0.191631 1.509158 0.012262 0.035028 
1.380733 0.242797 0.004958 1.862846 0.549498 0.274870 1.421494 0.247413 0.025072 1.462406 0.024041 0.013008 1.932200 0.267322 0.205104 1.497301 0.008732 0.031693 
1.378802 0.249308 0.004975 1.860740 0.530974 0.291763 1.412705 0.241106 0.021232 1.925319 0.245712 0.223623 1.457046 0.022622 0.011214 1.483886 0.004644 0.028225 
1.377349 0.255528 0.004970 1.857265 0.508038 0.313207 1.405958 0.236175 0.018020 1.915592 0.221009 0.246903 1.453746 0.021578 0.010153 1.472986 0.003104 0.024810 
1.383376 0.255065 0.005085 1.404869 0.231132 0.014905 1.452484 0.018309 0.010354 1.463812 -0.004781 0.023484 1.849034 0.490811 0.337503 1.903329 0.200863 0.269564 
1.398160 0.244221 0.005513 1.409586 0.224554 0.011077 1.451789 0.012131 0.010941 1.452525 -0.020700 0.022295 1.839327 0.475169 0.363508 1.889411 0.180786 0.288094 
1.411222 0.234445 0.007118 1.415490 0.223123 0.009295 1.451202 0.010766 0.011728 1.442247 -0.026467 0.018651 1.832279 0.444282 0.399513 1.871887 0.152914 0.314359 
1.424034 0.222929 0.010343 1.427550 0.224635 0.014264 1.452680 0.010136 0.015095 1.439667 -0.026925 0.018193 1.819737 0.403063 0.448321 1.848737 0.122500 0.352779 
1.434677 0.207592 0.012855 1.443938 0.227427 0.027003 1.454979 0.009179 0.020888 1.443277 -0.024016 0.022249 1.795296 0.354764 0.505361 1.816272 0.093401 0.397659 
1.436001 0.205177 0.013780 1.450725 0.229389 0.040272 1.453331 0.008977 0.022802 1.454141 -0.016356 0.033543 1.755667 0.320464 0.554989 1.776329 0.072017 0.447873 
1.428887 0.200300 0.010332 1.446873 0.224468 0.048657 1.446295 0.001898 0.026959 1.455963 -0.017260 0.049248 1.721252 0.265226 0.407832 1.718331 0.255428 0.461229 
1.431792 0.208735 0.045017 1.415039 0.186490 0.005326 1.683194 0.261155 0.419243 1.677235 0.247324 0.470822 1.436160 -0.014587 0.049171 1.437448 -0.031076 0.061562 
1.412815 0.188297 0.031307 1.402757 0.163711 0.006817 1.647343 0.266122 0.403809 1.638275 0.258867 0.461463 1.418368 -0.029301 0.069843 1.405839 -0.051032 0.062774 
1.396770 0.173215 0.023153 1.390451 0.148664 0.008731 1.612062 0.289470 0.395946 1.600672 0.290932 0.450892 1.400336 -0.036831 0.090409 1.380828 -0.065255 0.074535 
0.784875 0.341754 0.081338 0.656613 0.244428 -0.001463 0.753464 0.261128 0.013481 1.356249 -0.062667 0.098227 1.370971 -0.031872 0.095998 1.573462 0.347563 0.441835 1.586373 0.321837 0.389406 
0.763279 0.346115 0.070549 1.557280 0.357414 0.398035 0.653713 0.235118 0.009004 0.731578 0.271383 0.016759 1.544128 0.387357 0.444023 1.348356 -0.017796 0.128538 1.334141 -0.046083 0.130588 
0.710709 0.276834 0.020657 1.531812 0.392071 0.398354 1.518435 0.426981 0.439206 0.641871 0.233390 0.019304 0.741169 0.350099 0.063197 1.323832 -0.008926 0.162154 1.310127 -0.035954 0.167683 
0.690807 0.280715 0.023872 1.508706 0.427800 0.393217 1.495099 0.465587 0.429941 1.299295 -0.002437 0.182595 0.627259 0.235067 0.027769 0.719525 0.353620 0.057006 
0.671733 0.285224 0.026225 1.488103 0.463659 0.384268 1.474365 0.501130 0.418853 1.281650 0.014958 0.208835 0.613831 0.237085 0.036864 0.700268 0.356792 0.051960 
0.652846 0.288705 0.028473 1.471124 0.498377 0.368488 1.457318 0.534858 0.402749 1.268228 0.037605 0.226236 0.597041 0.240023 0.045767 0.673007 0.357169 0.061777 0.700261 0.368329 0.098766 
0.635513 0.289690 0.030404 1.459487 0.532017 0.341603 1.445907 0.568811 0.375700 1.259317 0.062481 0.232345 0.576517 0.247206 0.047314 0.666050 0.365868 0.046702 
0.615399 0.279643 0.034490 1.450856 0.563721 0.304287 1.438082 0.603295 0.333315 1.252097 0.084612 0.227052 0.538689 0.256779 0.039689 0.648902 0.369173 0.048516 
0.595924 0.272137 0.041758 1.245747 0.104228 0.213441 0.503682 0.268507 0.036595 0.632306 0.373421 0.052604 1.443734 0.589611 0.263466 1.431500 0.631599 0.288680 
0.578218 0.271769 0.050870 1.240271 0.122461 0.191037 0.480460 0.279398 0.042060 0.617636 0.378242 0.058268 1.437635 0.610035 0.221561 1.425759 0.654386 0.243745 
0.566430 0.272256 0.060590 1.452792 0.575540 0.394038 1.233705 0.131274 0.176835 1.388916 0.800881 0.238184 0.462881 0.287093 0.049349 0.607220 0.383826 0.063353 
0.561723 0.271908 0.071271 1.458213 0.590855 0.366955 1.231578 0.135481 0.180324 1.388191 0.813405 0.201621 0.449490 0.291932 0.056621 0.601461 0.389141 0.067728 
0.561516 0.272410 0.080121 1.462807 0.600687 0.353419 1.233007 0.140282 0.183898 1.390979 0.818682 0.181418 0.443062 0.295274 0.063329 0.600739 0.392876 0.072195 
0.562679 0.273742 0.087148 1.466786 0.604671 0.346991 1.234404 0.143145 0.186174 1.395351 0.819709 0.172386 0.441734 0.297300 0.070101 0.602238 0.395038 0.076633 
0.564028 0.274576 0.091928 1.470001 0.605782 0.345372 1.235644 0.144579 0.187205 1.399758 0.819077 0.170519 0.440844 0.298065 0.075508 0.604291 0.396817 0.080306 
0.565455 0.274646 0.094501 1.472256 0.604490 0.347905 1.237156 0.145113 0.187373 1.404009 0.816925 0.174884 0.439595 0.297877 0.078971 0.606623 0.398291 0.083037 
0.566783 0.274366 0.095719 1.473616 0.600751 0.353623 1.238736 0.144813 0.186975 1.408026 0.813303 0.184134 0.438709 0.296901 0.081596 0.609065 0.399227 0.085423 
0.568257 0.273399 0.095453 1.474319 0.595321 0.361713 1.240420 0.143881 0.186129 1.411747 0.808579 0.196653 0.437337 0.295350 0.082576 0.611575 0.399864 0.087091 
0.570544 0.271055 0.092310 1.446038 0.357755 0.214864 1.231274 0.121094 0.181002 1.424977 0.770501 0.409048 0.433884 0.294610 0.077860 0.628541 0.399654 0.128599 
0.573039 0.267351 0.088155 1.274104 0.842690 0.561647 1.352040 0.199572 0.304583 1.225586 0.104500 0.177564 0.425864 0.298616 0.065503 0.626702 0.406482 0.125874 
0.570941 0.263853 0.081007 1.084026 0.894975 0.602743 1.375996 0.224856 0.296963 1.235852 0.114085 0.169755 0.415641 0.303772 0.053331 0.620895 0.416244 0.119352 
0.569763 0.264240 0.067393 0.927183 0.879962 0.602901 1.425939 0.288816 0.261339 1.240299 0.119123 0.163341 0.408801 0.304663 0.041620 0.616186 0.424755 0.104498 
0.570670 0.265595 0.058199 0.764730 0.823414 0.572167 1.465714 0.376839 0.254595 0.401055 0.307447 0.031224 0.612350 0.433400 0.096962 1.248083 0.134491 0.188858 1.243679 0.123739 0.253373 
0.571343 0.267529 0.052989 0.692624 0.795745 0.541676 1.473556 0.422598 0.277924 0.394938 0.309714 0.025583 0.608919 0.440836 0.095801 1.248459 0.133522 0.188256 1.250979 0.134831 0.249715 
0.570768 0.269483 0.045268 0.632611 0.761622 0.518331 1.475284 0.482909 0.303596 0.384021 0.312126 0.017585 0.602675 0.452839 0.094940 1.248610 0.131012 0.188296 1.263172 0.158071 0.248423 
0.566652 0.269069 0.044151 0.587048 0.723555 0.496086 1.471062 0.541460 0.321905 0.382179 0.311116 0.018189 0.596402 0.455697 0.097847 1.246316 0.125456 0.185577 1.271336 0.179701 0.250434 
0.561711 0.268462 0.043106 1.463324 0.607239 0.324898 0.554004 0.679325 0.472885 1.242528 0.117497 0.183441 1.275430 0.197972 0.255473 0.380494 0.311743 0.017424 0.588577 0.457086 0.096372 
0.558316 0.267787 0.043081 1.457457 0.634665 0.320651 0.544873 0.662845 0.470391 1.237919 0.110158 0.183858 1.274565 0.204941 0.261018 0.380270 0.314669 0.014993 0.582565 0.456532 0.094010 
0.556084 0.267743 0.043109 1.444116 0.689432 0.316601 0.525636 0.620841 0.439575 1.236919 0.107709 0.184776 1.275613 0.216259 0.266412 0.379500 0.316190 0.013526 0.576746 0.455837 0.090170 
0.551641 0.267316 0.042723 1.275136 0.231747 0.270109 1.232142 0.098928 0.184602 0.379656 0.318784 0.011606 0.568758 0.455387 0.083822 1.425937 0.743888 0.298333 0.520045 0.589808 0.430060 
0.546827 0.266920 0.042077 1.273562 0.246242 0.269705 1.226981 0.089713 0.183134 0.379846 0.320800 0.010145 0.560479 0.454617 0.077227 1.411118 0.777401 0.270884 0.525434 0.580098 0.442808 
0.542034 0.266692 0.040400 1.272092 0.256383 0.261171 1.222647 0.083620 0.174943 0.378183 0.322050 0.009177 0.552864 0.453537 0.071111 1.399444 0.796973 0.242698 0.531169 0.576100 0.450780 
0.537810 0.267066 0.037730 1.271910 0.263563 0.246087 1.220856 0.082828 0.161161 0.375362 0.323663 0.008142 0.546119 0.452512 0.065355 1.391966 0.806656 0.213594 0.537860 0.576346 0.454975 
0.533966 0.267892 0.033972 1.272612 0.270116 0.226154 1.219779 0.084276 0.141167 0.372988 0.325062 0.007277 0.540575 0.452059 0.059663 1.386499 0.814269 0.187721 0.541851 0.582390 0.452513 
0.533754 0.267424 0.034789 1.273203 0.282739 0.222690 1.221520 0.086468 0.143967 0.369441 0.324190 0.007649 0.535505 0.453833 0.054770 1.376606 0.832534 0.166866 0.542146 0.588457 0.445798 
0.534493 0.267203 0.036266 1.274326 0.294067 0.224361 1.224134 0.090999 0.149336 0.366427 0.322523 0.008432 0.533368 0.456383 0.054349 1.367912 0.849376 0.165206 0.536223 0.583160 0.436329 
0.535046 0.266514 0.037652 1.275439 0.304570 0.225703 1.226166 0.094180 0.153062 0.362183 0.320282 0.009616 0.532443 0.460093 0.055442 1.360394 0.866296 0.166348 0.533240 0.575730 0.429865 
0.535800 0.266252 0.038740 1.276839 0.311293 0.226777 1.227718 0.096772 0.155364 0.359486 0.318545 0.010743 0.532938 0.463390 0.056192 1.358928 0.874569 0.167582 0.531644 0.577463 0.425973 
0.535367 0.266659 0.039598 1.277206 0.314658 0.227661 1.227601 0.099226 0.156412 0.356787 0.316399 0.012397 0.532969 0.465577 0.056809 1.358878 0.877098 0.167554 0.531287 0.579625 0.425638 
0.533942 0.266552 0.041022 1.276139 0.316799 0.230250 1.226214 0.100857 0.159406 0.351478 0.314202 0.014207 0.531385 0.467936 0.057559 1.358216 0.878182 0.167504 0.530232 0.581925 0.425779 
0.531641 0.266090 0.042650 1.274185 0.318152 0.233599 1.223672 0.100424 0.163157 0.345412 0.312201 0.016020 0.529011 0.469964 0.058283 1.356657 0.879261 0.166732 0.530326 0.583789 0.428236 
0.529335 0.265184 0.044440 1.353997 0.881973 0.165548 1.271835 0.319606 0.237645 1.220515 0.097659 0.168165 0.531377 0.583167 0.431134 0.340334 0.311241 0.017128 0.526920 0.471524 0.058969 
0.527598 0.264230 0.045785 1.352825 0.883957 0.165463 1.270310 0.320216 0.240434 1.217886 0.094212 0.172000 0.531598 0.583439 0.431422 0.336907 0.310722 0.017956 0.526066 0.472820 0.059442 
0.525405 0.263680 0.046598 1.350305 0.886061 0.164161 1.268538 0.320853 0.242037 1.214997 0.090717 0.174185 0.533456 0.581989 0.434635 0.334359 0.309797 0.019082 0.524946 0.473372 0.059820 
0.522966 0.261770 0.047487 1.346054 0.891480 0.161550 1.266958 0.321887 0.242626 1.211693 0.083273 0.174703 0.539349 0.578325 0.441447 0.328814 0.308509 0.020606 0.523276 0.475085 0.060772 
0.520905 0.259650 0.048079 1.336446 0.907051 0.165105 1.265072 0.325661 0.243524 1.208095 0.073927 0.174827 0.533887 0.581349 0.435259 0.324951 0.308542 0.021094 0.520678 0.477705 0.060267 
0.520027 0.257665 0.047515 1.327121 0.920321 0.167855 1.264238 0.330381 0.241680 1.206267 0.065478 0.170238 0.527191 0.583933 0.427222 0.322346 0.308150 0.021456 0.518288 0.480023 0.059539 
0.519789 0.256084 0.046728 1.329163 0.917708 0.167231 1.265372 0.327811 0.237997 1.206036 0.060251 0.165486 0.530739 0.579512 0.428714 0.320001 0.306552 0.022807 0.518767 0.480608 0.060376 
0.519113 0.255029 0.044712 1.319675 0.931171 0.170996 1.265784 0.332680 0.232100 1.205991 0.056448 0.154096 0.518550 0.585201 0.412311 0.316918 0.305075 0.024075 0.515690 0.482925 0.058692 
0.517787 0.253308 0.043175 1.313508 0.936935 0.170640 1.265344 0.333840 0.226952 1.204399 0.050229 0.144585 0.516278 0.583522 0.408426 0.312870 0.303134 0.025657 0.513317 0.484259 0.058470 
0.516562 0.251305 0.041649 1.303302 0.951122 0.166098 1.264739 0.332667 0.222393 1.202070 0.043164 0.134878 0.516373 0.585812 0.406952 0.308835 0.300812 0.027449 0.511076 0.485317 0.057146 
0.515868 0.249827 0.039947 1.264368 0.333022 0.217550 1.200616 0.038719 0.125153 0.305668 0.298687 0.028872 0.508096 0.485846 0.053098 1.285521 0.975644 0.152479 0.510472 0.593387 0.394471 
0.515837 0.248679 0.038546 1.265180 0.329959 0.213198 1.200668 0.037121 0.117777 0.302414 0.296692 0.030052 0.507336 0.486262 0.053165 1.284991 0.975484 0.150141 0.512166 0.592215 0.395221 
0.516719 0.247454 0.038270 1.264517 0.334856 0.211998 1.201443 0.035804 0.115333 0.299773 0.294608 0.031257 0.504476 0.486687 0.047213 1.259668 1.003896 0.116578 0.504421 0.602235 0.376260 
0.517886 0.246191 0.037945 1.264100 0.341210 0.207181 1.202273 0.035380 0.109168 0.295576 0.290715 0.034472 0.502401 0.486870 0.040570 1.237549 1.017620 0.066084 0.499144 0.605148 0.352348 
0.518878 0.245134 0.038799 1.263528 0.348093 0.204057 1.204010 0.035019 0.107722 0.292838 0.288284 0.037551 0.501298 0.486591 0.036612 1.221305 1.019767 0.020362 0.496826 0.604354 0.335755 
0.519412 0.244060 0.039682 1.204559 0.033871 0.105130 0.290181 0.285488 0.040912 0.500489 0.486756 0.034620 1.215141 1.016453 -0.003106 0.496412 0.599708 0.325597 1.263672 0.353266 0.126229 1.261301 0.312782 0.106833 
0.519824 0.243804 0.040128 1.264147 0.352293 0.200680 1.205532 0.035534 0.104177 0.288575 0.283690 0.042637 0.500060 0.487335 0.035211 1.215374 1.016383 -0.003672 0.496743 0.600778 0.326503 
0.520195 0.244007 0.039893 1.265895 0.347852 0.199463 1.205473 0.038650 0.099277 0.287347 0.281353 0.044391 0.500807 0.487136 0.035927 1.219050 1.012864 -0.005823 0.499653 0.607315 0.332218 
0.520900 0.244722 0.039853 1.267770 0.344664 0.198243 1.206976 0.045687 0.094550 0.284708 0.278347 0.046755 0.500749 0.487378 0.036817 1.221510 1.009347 -0.008922 0.502343 0.614615 0.338023 
0.521646 0.245721 0.039523 1.269513 0.342496 0.196279 1.208433 0.054128 0.088206 0.282393 0.274883 0.049204 0.500479 0.487734 0.037823 1.222696 1.007239 -0.011831 0.505207 0.622531 0.344621 
0.522988 0.246907 0.039292 1.271713 0.341680 0.194292 1.211066 0.064392 0.082473 0.280406 0.271012 0.051796 0.500298 0.488185 0.038889 1.223903 1.005930 -0.013747 0.507685 0.629966 0.349944 
0.524809 0.248135 0.039276 1.274008 0.342851 0.192799 1.214788 0.075002 0.078772 0.278924 0.267335 0.054099 0.499997 0.488696 0.039660 1.224826 1.005434 -0.014969 0.508456 0.635585 0.351914 
0.526689 0.248902 0.039149 1.276424 0.342426 0.190965 1.217497 0.082915 0.073975 0.278063 0.263729 0.056438 0.500558 0.489211 0.040877 1.225516 1.005048 -0.016069 0.512050 0.640430 0.357231 
0.528670 0.249634 0.039261 1.278958 0.341977 0.188848 1.220229 0.091326 0.068350 0.276721 0.258743 0.060250 0.501038 0.490156 0.042486 1.225907 1.004410 -0.018058 0.516481 0.645824 0.363150 
0.530819 0.250458 0.039380 1.281496 0.342166 0.187072 1.223354 0.099916 0.063902 0.275913 0.254084 0.063480 0.501514 0.490928 0.043885 1.226335 1.004018 -0.019415 0.520163 0.650440 0.367778 
0.533041 0.251341 0.039378 1.284086 0.342134 0.184741 1.226223 0.108952 0.058244 0.275387 0.248760 0.067170 0.502173 0.491762 0.045465 1.226657 1.003498 -0.021140 0.524714 0.655670 0.373144 
0.535273 0.252337 0.039465 1.286545 0.343710 0.183370 1.230046 0.117719 0.055714 0.274851 0.244835 0.069305 0.502255 0.492343 0.046395 1.227001 1.003388 -0.021742 0.526134 0.658396 0.374526 
0.537086 0.252862 0.039084 1.288777 0.342763 0.180560 1.231974 0.124385 0.049706 0.274642 0.240417 0.071894 0.503097 0.492824 0.047945 1.227048 1.002716 -0.022716 0.531443 0.661729 0.380542 
0.539181 0.253574 0.038906 1.291218 0.342571 0.177995 1.234514 0.131727 0.044520 0.274640 0.235420 0.074907 0.503764 0.493523 0.049482 1.227323 1.002178 -0.023492 0.535869 0.664618 0.385064 
0.541405 0.254267 0.038690 1.293669 0.342247 0.175242 1.236812 0.139369 0.038782 0.275182 0.229833 0.078062 0.504632 0.494153 0.051070 1.227648 1.001407 -0.024591 0.540808 0.668217 0.389816 
0.543798 0.254999 0.038601 1.296194 0.342581 0.172919 1.239628 0.147459 0.034205 0.275173 0.224511 0.080668 0.505283 0.494941 0.052618 1.227802 1.001001 -0.025338 0.545114 0.671167 0.393819 
0.546004 0.255722 0.038585 1.298472 0.343546 0.171018 1.242605 0.155035 0.030976 0.274558 0.219747 0.082615 0.505384 0.495828 0.053881 1.228020 1.000843 -0.025703 0.547394 0.672976 0.395642 
0.547516 0.256130 0.038040 1.300233 0.343017 0.168014 1.243897 0.160363 0.025599 0.274171 0.215576 0.084097 0.505748 0.496449 0.055316 1.227576 1.000447 -0.025960 0.551871 0.674362 0.400172 
0.506448 0.497580 0.057232 0.273816 0.209801 0.086662 0.549594 0.256823 0.037580 1.302596 0.342457 0.164472 1.245783 0.167467 0.019232 1.227463 0.999522 -0.026801 0.557768 0.676458 0.405284 
0.506967 0.498694 0.058952 0.273443 0.204409 0.088423 0.551793 0.257565 0.037236 1.304974 0.342475 0.161572 1.248040 0.174473 0.014306 1.227436 0.999017 -0.027092 0.562617 0.678031 0.409378 
0.507840 0.499905 0.060895 0.273644 0.198089 0.090335 0.554288 0.258507 0.036714 1.307577 0.342302 0.158003 1.250279 0.182625 0.008265 1.227671 0.998180 -0.027574 0.568539 0.680306 0.413980 
0.507931 0.500675 0.062075 0.273563 0.193273 0.090644 0.556547 0.259481 0.036355 1.309901 0.343332 0.155803 1.253190 0.189999 0.005268 1.227855 0.998070 -0.027353 0.570545 0.680666 0.415301 
1.311880 0.342922 0.151930 0.508752 0.501094 0.064027 1.254501 0.196227 -0.000829 1.226839 0.997720 -0.027430 0.576860 0.681300 0.420811 0.274255 0.187916 0.091408 0.558454 0.259894 0.035649 
1.316938 0.315472 0.149392 0.517221 0.500923 0.082232 1.256777 0.203059 -0.005729 1.283751 0.977896 0.061860 0.646019 0.668090 0.499423 0.274741 0.180833 0.093355 0.561709 0.260396 0.035935 
1.321827 0.291664 0.153220 0.523685 0.490744 0.057175 1.343025 0.911018 0.103164 0.273506 0.172003 0.099126 1.262074 0.203274 -0.001900 0.567528 0.258981 0.040872 
1.327169 0.305609 0.162542 0.520695 0.497943 0.062034 1.312564 0.937723 0.099665 0.268765 0.168628 0.103808 1.270621 0.185174 0.014282 0.572200 0.253994 0.049664 
1.324929 0.327577 0.168979 0.510824 0.507860 0.062808 1.255163 0.983355 0.094582 0.263613 0.171704 0.104685 1.273967 0.143076 0.032001 0.573048 0.243531 0.057313 
1.317413 0.337510 0.168637 0.502134 0.513935 0.058054 1.145557 1.049322 0.077434 0.263621 0.177297 0.100108 1.270473 0.095171 0.040360 0.571504 0.232435 0.058253 
0.499550 0.518127 0.060100 1.106083 1.063090 0.086745 0.261580 0.177769 0.101108 1.320202 0.344428 0.178964 1.321834 0.310098 0.190230 1.264812 0.057314 0.039693 0.569515 0.222685 0.059146 
0.498181 0.521611 0.061475 1.074525 1.065731 0.094882 0.258526 0.178821 0.104610 1.322513 0.349503 0.158912 1.327168 0.277628 0.177419 1.259400 0.027445 0.029629 0.567786 0.215343 0.058760 
0.498232 0.526989 0.066067 1.170818 1.013936 0.092537 0.254630 0.182224 0.108663 1.321720 0.356668 0.127259 1.331708 0.247296 0.152297 1.250915 -0.005055 0.013749 0.565117 0.208113 0.057266 
0.503418 0.529882 0.070256 0.254180 0.190670 0.112607 1.327101 0.356565 0.154966 1.333984 0.217995 0.133367 1.338066 0.722052 0.307832 1.264943 0.921982 0.039989 1.240895 -0.026675 -0.003566 0.562312 0.206508 0.054956 
0.518649 0.525079 0.073024 0.257644 0.190459 0.116626 1.336066 0.313420 0.151422 1.334957 0.217709 0.133663 1.392187 0.654753 0.157217 1.310498 0.870304 0.244071 1.244776 -0.027338 0.002054 0.566179 0.208234 0.057141 
0.534952 0.514670 0.071263 1.304866 0.885304 0.089170 0.257971 0.181330 0.119599 1.421446 0.476909 0.116478 1.245273 -0.025782 0.002451 0.569643 0.205480 0.059297 1.335073 0.218359 0.136104 1.338914 0.261630 0.147088 
0.537571 0.515203 0.067608 1.208387 0.890030 -0.053763 0.250592 0.184646 0.119412 1.435793 0.454515 0.124051 1.244409 -0.034448 0.006958 0.570512 0.204282 0.061136 1.335374 0.209060 0.144743 1.338501 0.236086 0.151239 
0.534531 0.519348 0.056766 0.248320 0.195561 0.108843 1.339610 0.234607 0.155534 1.334503 0.184094 0.153298 1.448647 0.518424 0.131312 1.009162 0.842528 -0.182488 1.237639 -0.051791 0.009175 0.568987 0.205366 0.056913 
0.532824 0.520994 0.048081 0.249418 0.203648 0.098795 1.339637 0.246188 0.153135 1.332811 0.159610 0.158945 1.436706 0.602053 0.115978 0.804338 0.728579 -0.214231 1.231380 -0.066696 0.009695 0.567257 0.206725 0.052330 
1.407656 0.679683 0.077285 0.249264 0.207328 0.095017 1.336933 0.250754 0.140810 1.330962 0.148443 0.157131 0.534546 0.517276 0.042240 0.655654 0.587359 -0.161700 1.226206 -0.076110 0.005537 0.565670 0.206463 0.049812 
0.540658 0.515941 0.050521 1.376274 0.729291 0.034464 0.249129 0.207178 0.095200 1.334315 0.245874 0.123896 1.328926 0.141747 0.147345 1.219585 -0.084329 -0.000690 0.563791 0.203781 0.048705 
0.537723 0.513501 0.044214 1.341832 0.759986 0.005286 0.249170 0.206757 0.099395 1.332124 0.251575 0.112599 1.328387 0.137030 0.143913 1.216401 -0.089662 -0.003127 0.562811 0.201675 0.050643 
0.540375 0.513956 0.046788 1.350251 0.755374 0.009562 0.249107 0.208836 0.101751 1.332975 0.244422 0.113349 1.327995 0.132962 0.142580 1.214531 -0.093316 -0.003385 0.562435 0.201676 0.051578 
0.542019 0.514614 0.046502 1.354265 0.751407 0.007713 0.249006 0.211209 0.102773 1.333254 0.240450 0.112438 1.327647 0.130378 0.141464 1.212742 -0.096028 -0.003378 0.562217 0.202282 0.051935 
0.542778 0.515979 0.045632 1.354914 0.750859 0.005504 0.248793 0.213882 0.103355 1.333162 0.239840 0.111856 1.327296 0.128924 0.141469 1.211274 -0.098174 -0.002008 0.561947 0.203249 0.052319 
0.542907 0.517309 0.044361 1.354408 0.751946 0.005846 0.248299 0.216058 0.102485 1.332753 0.240540 0.113267 1.326685 0.128003 0.143448 1.210238 -0.099710 0.000908 0.561594 0.204071 0.052214 
0.542835 0.518177 0.042644 1.354281 0.752323 0.006408 0.247503 0.217647 0.100753 1.332439 0.241393 0.116063 1.326257 0.128490 0.146914 1.210472 -0.099731 0.005088 0.561522 0.204860 0.051928 
