0.000666 0.000441 1.000000 -0.000733 0.001096 0.999999 -0.000729 0.001104 0.999999 0.000680 0.000472 1.000000 
0.000582 0.000385 1.000000 -0.000665 0.000994 0.999999 -0.000661 0.001002 0.999999 0.000595 0.000414 1.000000 
0.001905 0.001262 0.999997 -0.000637 0.000953 0.999999 -0.000639 0.000969 0.999999 0.001897 0.001318 0.999997 
0.003105 0.002056 0.999993 0.000313 -0.000468 1.000000 0.000298 -0.000451 1.000000 0.003047 0.002117 0.999993 
0.003033 0.002008 0.999993 -0.000161 0.000242 1.000000 -0.000172 0.000261 1.000000 0.002992 0.002079 0.999993 
-0.000003 -0.000002 1.000000 -0.001625 0.002433 0.999996 -0.001610 0.002443 0.999996 0.000050 0.000035 1.000000 
-0.001270 -0.000838 0.999999 -0.001341 0.002012 0.999997 -0.001324 0.002012 0.999997 -0.001206 -0.000836 0.999999 
-0.001697 -0.001121 0.999998 -0.000890 0.001335 0.999999 -0.000875 0.001330 0.999999 -0.001642 -0.001138 0.999998 
-0.003985 -0.002630 0.999989 -0.000755 0.001134 0.999999 -0.000733 0.001114 0.999999 -0.003899 -0.002701 0.999989 
-0.003891 -0.002568 0.999989 -0.000083 0.000125 1.000000 -0.000067 0.000102 1.000000 -0.003829 -0.002651 0.999989 
-0.006047 -0.003986 0.999974 0.000799 -0.001200 0.999999 0.000816 -0.001242 0.999999 -0.005982 -0.004138 0.999974 
-0.008909 -0.005869 0.999943 -0.001058 0.001591 0.999998 -0.001013 0.001543 0.999998 -0.008739 -0.006042 0.999944 
-0.008705 -0.005735 0.999946 -0.000935 0.001406 0.999999 -0.000892 0.001359 0.999999 -0.008543 -0.005906 0.999946 
-0.010805 -0.007119 0.999916 -0.000822 0.001235 0.999999 -0.000771 0.001174 0.999999 -0.010615 -0.007338 0.999917 
-0.014466 -0.009531 0.999850 -0.000718 0.001080 0.999999 -0.000654 0.000996 0.999999 -0.014224 -0.009833 0.999850 
-0.018689 -0.012312 0.999750 -0.000624 0.000939 0.999999 -0.000543 0.000828 1.000000 -0.018386 -0.012710 0.999750 
-0.022930 -0.015107 0.999623 -0.000537 0.000808 1.000000 -0.000440 0.000671 1.000000 -0.022566 -0.015600 0.999624 
-0.027062 -0.017829 0.999475 -0.000458 0.000688 1.000000 -0.000345 0.000525 1.000000 -0.026639 -0.018415 0.999475 
-0.031076 -0.020473 0.999307 -0.000385 0.000578 1.000000 -0.000256 0.000390 1.000000 -0.030594 -0.021149 0.999308 
-0.034991 -0.023052 0.999122 -0.000318 0.000478 1.000000 -0.000174 0.000266 1.000000 -0.034452 -0.023816 0.999123 
-0.038821 -0.025575 0.998919 -0.000257 0.000386 1.000000 -0.000098 0.000150 1.000000 -0.038226 -0.026425 0.998920 
-0.042568 -0.028043 0.998700 -0.000201 0.000302 1.000000 -0.000028 0.000043 1.000000 -0.041918 -0.028977 0.998701 
-0.046254 -0.030471 0.998465 -0.000151 0.000227 1.000000 0.000037 -0.000056 1.000000 -0.045550 -0.031488 0.998466 
-0.049912 -0.032880 0.998212 -0.000108 0.000162 1.000000 0.000094 -0.000143 1.000000 -0.049154 -0.033979 0.998213 
-0.053577 -0.035295 0.997940 -0.000076 0.000114 1.000000 0.000140 -0.000213 1.000000 -0.052765 -0.036476 0.997941 
-0.057281 -0.037734 0.997645 -0.000048 0.000072 1.000000 0.000183 -0.000279 1.000000 -0.056413 -0.038998 0.997646 
-0.061043 -0.040212 0.997325 -0.000023 0.000034 1.000000 0.000223 -0.000340 1.000000 -0.060119 -0.041560 0.997326 
-0.064883 -0.042741 0.996977 0.000000 -0.000000 1.000000 0.000261 -0.000398 1.000000 -0.063901 -0.044175 0.996978 
-0.068813 -0.045330 0.996599 -0.000000 0.000000 1.000000 0.000276 -0.000421 1.000000 -0.067772 -0.046851 0.996600 
-0.072850 -0.047990 0.996188 -0.000000 0.000001 1.000000 0.000292 -0.000445 1.000000 -0.071747 -0.049601 0.996189 
-0.077010 -0.050729 0.995739 0.000000 -0.000001 1.000000 0.000310 -0.000472 1.000000 -0.075843 -0.052433 0.995740 
-0.081314 -0.053564 0.995248 0.000001 -0.000001 1.000000 0.000328 -0.000499 1.000000 -0.080081 -0.055364 0.995250 
-0.085788 -0.056511 0.994709 -0.000001 0.000001 1.000000 0.000344 -0.000524 1.000000 -0.084487 -0.058412 0.994711 
-0.090465 -0.059592 0.994115 0.000001 -0.000001 1.000000 0.000364 -0.000555 1.000000 -0.089092 -0.061596 0.994117 
-0.095375 -0.062825 0.993457 -0.000000 0.000000 1.000000 0.000383 -0.000584 1.000000 -0.093926 -0.064941 0.993459 
-0.100548 -0.066233 0.992725 0.000000 -0.000001 1.000000 0.000404 -0.000616 1.000000 -0.099020 -0.068465 0.992727 
-0.106014 -0.069833 0.991909 0.000000 -0.000000 1.000000 0.000426 -0.000650 1.000000 -0.104402 -0.072188 0.991912 
-0.111799 -0.073642 0.990998 -0.000000 0.000000 1.000000 0.000449 -0.000684 1.000000 -0.110096 -0.076128 0.991001 
-0.117929 -0.077680 0.989979 -0.000000 0.000000 1.000000 0.000474 -0.000722 1.000000 -0.116132 -0.080304 0.989982 
-0.124435 -0.081964 0.988837 -0.000000 0.000001 1.000000 0.000500 -0.000761 1.000000 -0.122536 -0.084736 0.988840 
-0.131347 -0.086516 0.987554 0.000000 -0.000000 1.000000 0.000528 -0.000804 1.000000 -0.129340 -0.089446 0.987558 
-0.138706 -0.091362 0.986110 -0.000000 0.000000 1.000000 0.000557 -0.000849 0.999999 -0.136584 -0.094461 0.986115 
-0.146555 -0.096530 0.984481 0.000000 -0.000000 1.000000 0.000589 -0.000898 0.999999 -0.144309 -0.099810 0.984486 
-0.154937 -0.102050 0.982640 -0.000000 0.000000 1.000000 0.000623 -0.000948 0.999999 -0.152558 -0.105523 0.982645 
-0.163896 -0.107948 0.980554 0.000000 -0.000000 1.000000 0.000659 -0.001004 0.999999 -0.161374 -0.111631 0.980559 
-0.169081 -0.111452 0.979280 -0.000000 0.000000 1.000000 0.000680 -0.001035 0.999999 -0.166474 -0.115255 0.979287 
-0.175604 -0.115768 0.977630 -0.000001 0.000001 1.000000 0.000706 -0.001074 0.999999 -0.172892 -0.119725 0.977637 
-0.182927 -0.120717 0.975687 -0.000037 0.000055 1.000000 0.000700 -0.001065 0.999999 -0.180091 -0.124847 0.975695 
-0.192696 -0.127159 0.972985 -0.000026 0.000039 1.000000 0.000750 -0.001141 0.999999 -0.189702 -0.131521 0.972993 
-0.205324 -0.135487 0.969271 -0.000013 0.000020 1.000000 0.000814 -0.001237 0.999999 -0.202121 -0.140154 0.969280 
-0.205431 -0.146724 0.967610 -0.000168 0.000233 1.000000 0.000729 -0.001024 0.999999 -0.201960 -0.151393 0.967622 
-0.216017 -0.166414 0.962103 -0.000245 0.000315 1.000000 0.000773 -0.001006 0.999999 -0.212063 -0.171344 0.962118 
-0.223429 -0.189619 0.956098 -0.000250 0.000292 1.000000 0.000910 -0.001075 0.999999 -0.218906 -0.194743 0.956115 
-0.227525 -0.199288 0.953162 -0.001466 0.001661 0.999998 -0.000240 0.000275 1.000000 -0.222730 -0.204492 0.953192 
-0.235657 -0.196265 0.951812 -0.001418 0.001689 0.999998 -0.000211 0.000254 1.000000 -0.230922 -0.201669 0.951843 
0.037136 -0.066270 0.997110 0.001120 -0.001385 0.999998 -0.242878 -0.206640 0.947792 0.002156 0.000952 0.999997 -0.011010 -0.006130 0.999921 -0.051282 -0.025290 0.998364 
0.000877 -0.001561 0.999998 -0.000568 0.000714 1.000000 -0.260949 -0.218847 0.940219 -0.006607 -0.002945 0.999974 -0.005182 -0.002900 0.999982 -0.100528 -0.049635 0.993695 
0.004649 -0.005665 0.999973 0.000831 -0.001479 0.999999 -0.012864 -0.007200 0.999891 -0.125040 -0.065639 0.989978 -0.270657 -0.232710 0.934126 -0.024372 -0.011478 0.999637 
0.007333 -0.008711 0.999935 0.000779 -0.001383 0.999999 -0.031772 -0.017816 0.999336 -0.157522 -0.087586 0.983624 -0.286281 -0.251615 0.924518 -0.053952 -0.026802 0.998184 
-0.155026 -0.089705 0.983829 0.007708 -0.009050 0.999929 0.000726 -0.001261 0.999999 -0.304470 -0.270582 0.913282 -0.082888 -0.043176 0.995623 
-0.173095 -0.104821 0.979311 0.008872 -0.010207 0.999909 0.000677 -0.001145 0.999999 -0.317360 -0.287293 0.903740 -0.100958 -0.055511 0.993341 
0.014108 -0.016013 0.999772 0.000620 -0.001046 0.999999 -0.184591 -0.116697 0.975863 -0.326567 -0.297327 0.897191 -0.095350 -0.053387 0.994011 -0.114587 -0.067271 0.991133 
0.017054 -0.019181 0.999671 0.000566 -0.000955 0.999999 -0.194221 -0.125797 0.972858 -0.332775 -0.304312 0.892555 -0.110393 -0.061804 0.991965 -0.119327 -0.072886 0.990176 
0.014000 -0.015747 0.999778 0.000518 -0.000875 0.999999 -0.205030 -0.132466 0.969750 -0.339259 -0.311587 0.887590 -0.125307 -0.070145 0.989635 -0.130034 -0.078939 0.988362 
0.007265 -0.008230 0.999940 0.000479 -0.000809 1.000000 -0.217329 -0.137580 0.966354 -0.346773 -0.319569 0.881830 -0.139685 -0.078183 0.987105 -0.145859 -0.085373 0.985615 
-0.230335 -0.141769 0.962729 -0.000971 0.001113 0.999999 0.000446 -0.000752 1.000000 -0.354859 -0.327867 0.875545 -0.161251 -0.089912 0.982809 
-0.207265 -0.125467 0.970206 -0.003603 0.004233 0.999985 -0.002393 0.004078 0.999989 -0.368092 -0.333445 0.867941 -0.129342 -0.071126 0.989046 
-0.004337 0.005192 0.999977 -0.014151 0.026001 0.999562 -0.198191 -0.121717 0.972577 -0.379886 -0.338468 0.860886 -0.033070 -0.017024 0.999308 -0.132007 -0.076639 0.988282 
0.000472 -0.000582 1.000000 -0.039907 0.075987 0.996310 -0.183030 -0.120304 0.975719 -0.027032 -0.013461 0.999544 -0.397689 -0.341499 0.851600 -0.077063 -0.050862 0.995728 
-0.059862 0.118862 0.991105 0.003852 -0.004813 0.999981 -0.168084 -0.117934 0.978693 -0.029142 -0.013955 0.999478 -0.413875 -0.348305 0.841066 -0.030762 -0.022651 0.999270 
-0.055830 0.111300 0.992217 0.003008 -0.003677 0.999989 -0.155593 -0.111102 0.981554 -0.029665 -0.014140 0.999460 -0.422699 -0.364437 0.829766 -0.016059 -0.012071 0.999798 
-0.029301 0.072029 0.996972 -0.017702 0.020607 0.999631 -0.123560 -0.088015 0.988426 -0.133211 -0.052165 0.989714 -0.409792 -0.387476 0.825792 0.027865 0.021039 0.999390 
-0.022412 0.077583 0.996734 -0.002450 0.002692 0.999993 -0.094341 -0.069268 0.993127 -0.271499 -0.078047 0.959269 -0.396141 -0.383840 0.834110 0.083922 0.066142 0.994275 
0.000465 -0.001351 0.999999 0.002274 -0.002466 0.999994 -0.088305 -0.061307 0.994205 0.009062 0.002880 0.999955 -0.416115 -0.405174 0.814053 -0.000535 -0.000394 1.000000 
0.000535 -0.001549 0.999999 -0.000690 0.000757 0.999999 -0.094745 -0.065212 0.993363 0.009538 0.003038 0.999950 -0.446013 -0.432736 0.783462 -0.001646 -0.001202 0.999998 
0.002967 -0.008711 0.999958 -0.016815 0.019055 0.999677 -0.101414 -0.068459 0.992486 -0.004687 -0.001471 0.999988 -0.452648 -0.443316 0.773680 -0.011192 -0.007980 0.999906 
0.002764 -0.008098 0.999963 -0.034997 0.040338 0.998573 -0.105361 -0.069306 0.992016 -0.013921 -0.004378 0.999894 -0.443920 -0.447231 0.776479 -0.019181 -0.013188 0.999729 
0.005449 -0.015267 0.999869 -0.056493 0.064989 0.996286 -0.109181 -0.069386 0.991597 -0.046433 -0.015282 0.998805 -0.425930 -0.451954 0.783787 -0.027628 -0.017943 0.999457 
-0.082598 0.094632 0.992080 0.012396 -0.032508 0.999395 -0.117690 -0.071802 0.990451 -0.406553 -0.460184 0.789269 -0.092339 -0.032320 0.995203 -0.046646 -0.028154 0.998515 
-0.104050 0.121149 0.987166 0.016507 -0.042113 0.998976 -0.138254 -0.081627 0.987027 -0.398779 -0.470858 0.786936 -0.148260 -0.052771 0.987539 -0.074223 -0.042406 0.996340 
-0.118283 0.142578 0.982690 0.004119 -0.010894 0.999932 -0.176775 -0.106285 0.978496 -0.403000 -0.486242 0.775345 -0.192147 -0.066776 0.979092 -0.109043 -0.063959 0.991977 
0.001276 -0.003540 0.999993 -0.127821 0.157377 0.979231 -0.210009 -0.129624 0.969068 -0.408660 -0.509454 0.757267 -0.222802 -0.073876 0.972060 -0.145433 -0.088708 0.985383 
-0.001055 0.003012 0.999995 -0.136896 0.171505 0.975626 -0.243370 -0.153993 0.957631 -0.412269 -0.537953 0.735282 -0.252941 -0.081779 0.964019 -0.181700 -0.114432 0.976673 
-0.005582 0.016183 0.999853 -0.147868 0.188942 0.970792 -0.277484 -0.180533 0.943616 -0.410751 -0.571251 0.710602 -0.279671 -0.090285 0.955841 -0.219171 -0.142341 0.965248 
-0.006436 0.019712 0.999785 -0.152937 0.200312 0.967722 -0.308705 -0.203362 0.929164 -0.325458 -0.099788 0.940276 -0.411426 -0.602539 0.683868 -0.245755 -0.162239 0.955658 
-0.003278 0.010686 0.999938 -0.150991 0.208049 0.966394 -0.340540 -0.218869 0.914401 -0.371320 -0.105269 0.922518 -0.421218 -0.624565 0.657643 -0.274737 -0.177169 0.945056 
-0.000084 0.000289 1.000000 -0.151326 0.221793 0.963280 -0.367266 -0.227734 0.901805 -0.406701 -0.106962 0.907278 -0.425758 -0.645293 0.634292 -0.303723 -0.188589 0.933909 
0.000025 -0.000085 1.000000 -0.158064 0.250202 0.955204 -0.398301 -0.233383 0.887068 -0.415232 -0.669104 0.616346 -0.443642 -0.115468 0.888735 -0.343691 -0.198063 0.917958 
0.000017 -0.000058 1.000000 -0.162703 0.283056 0.945202 -0.436600 -0.239505 0.867190 -0.397702 -0.695775 0.598105 -0.485960 -0.124799 0.865025 -0.394177 -0.207783 0.895238 
0.000095 -0.000371 1.000000 -0.478442 -0.252783 0.840949 -0.542115 -0.122529 0.831323 -0.435683 -0.220341 0.872714 -0.157541 0.303712 0.939649 -0.384429 -0.725655 0.570648 
0.000431 -0.002180 0.999998 -0.523706 -0.270493 0.807815 -0.609066 -0.100101 0.786777 -0.467000 -0.233926 0.852754 -0.141352 0.308810 0.940561 -0.381463 -0.756744 0.530871 
0.001359 -0.009328 0.999956 -0.583131 -0.278201 0.763258 -0.674050 -0.069844 0.735377 -0.523571 -0.241212 0.817123 -0.120320 0.320107 0.939710 -0.362443 -0.794804 0.486746 
0.002280 -0.024960 0.999686 -0.655686 -0.281410 0.700631 -0.739850 -0.020467 0.672460 -0.599009 -0.246236 0.761942 -0.092431 0.327831 0.940204 -0.307289 -0.847174 0.433439 
0.001676 -0.039704 0.999210 -0.733551 -0.281078 0.618787 -0.798107 0.040629 0.601145 -0.683021 -0.247287 0.687264 -0.059296 0.320849 0.945272 -0.191293 -0.907592 0.373744 
0.001401 -0.044855 0.998993 -0.792999 -0.289365 0.536116 -0.841783 0.071704 0.535033 -0.764512 -0.252340 0.593166 -0.036138 0.338601 0.940236 0.018787 -0.931119 0.364231 
0.000724 -0.023328 0.999728 -0.814166 -0.344089 0.467692 -0.881086 0.056716 0.469542 -0.807197 -0.295054 0.511250 0.217286 -0.898337 0.381809 -0.016908 0.379409 0.925075 
-0.776878 -0.449257 0.441167 -0.000746 0.030767 0.999526 0.267394 -0.845480 0.462238 0.004797 0.447749 0.894146 -0.917573 -0.031971 0.396281 -0.791482 -0.384915 0.474759 
-0.684964 -0.573277 0.449642 -0.000773 0.114118 0.993467 0.262678 -0.806001 0.530436 0.023433 0.508459 0.860767 -0.909418 -0.235593 0.342716 -0.721900 -0.493035 0.485568 
-0.545926 -0.685052 0.482358 0.002136 0.201900 0.979404 0.260720 -0.744626 0.614456 0.045195 0.582424 0.811627 -0.804814 -0.501213 0.317898 -0.608766 -0.601899 0.516839 
-0.505473 -0.068640 0.860108 -0.002183 -0.089452 0.995989 -0.078136 0.038169 0.996212 -0.520250 -0.636245 0.569677 -0.731509 -0.586553 0.347633 0.039113 0.636076 0.770634 0.238466 -0.710160 0.662425 
-0.505481 -0.098104 0.857242 0.210222 -0.648803 0.731342 0.001176 0.044790 0.998996 -0.116541 0.056720 0.991565 0.061091 0.703290 0.708273 -0.585231 -0.703026 0.404054 -0.448954 -0.656257 0.606438 
-0.157132 0.076521 0.984609 0.177417 -0.580298 0.794844 0.087900 0.766345 0.636387 0.005312 0.152825 0.988239 -0.491100 -0.123912 0.862245 -0.468566 -0.746794 0.471959 -0.375668 -0.645289 0.665189 
-0.196210 0.094364 0.976011 0.151706 -0.512800 0.844998 0.115917 0.815263 0.567370 -0.330349 -0.647901 0.686363 0.009856 0.244478 0.969605 -0.469333 -0.144806 0.871067 
-0.227227 0.105203 0.968143 0.130279 -0.447833 0.884575 0.148420 0.851897 0.502238 -0.279700 -0.614817 0.737406 0.012373 0.336481 0.941609 -0.442912 -0.159967 0.882179 
-0.248720 0.107361 0.962607 0.110590 -0.386743 0.915533 0.177872 0.880630 0.439150 -0.241351 -0.577581 0.779840 0.012781 0.424732 0.905229 -0.394665 -0.160856 0.904635 -0.605469 -0.247351 0.756455 
-0.257681 0.100727 0.960965 0.093449 -0.333548 0.938090 0.174623 0.909593 0.377025 -0.212763 -0.533914 0.818332 0.015452 0.469867 0.882602 -0.367188 -0.164600 0.915467 
-0.253117 0.083484 0.963827 0.081755 -0.295649 0.951792 0.097983 0.941412 0.322711 -0.191350 -0.484453 0.853634 0.042144 0.487265 0.872237 -0.314677 -0.152415 0.936882 
-0.230082 0.064172 0.971053 -0.175850 -0.440485 0.880369 0.075271 0.514172 0.854378 -0.261550 -0.133232 0.955950 0.073630 -0.271202 0.959702 -0.024451 0.958418 0.284319 
-0.189765 0.046001 0.980751 -0.166812 -0.407604 0.897793 0.094114 0.555676 0.826055 -0.209831 -0.110409 0.971484 0.067942 -0.257477 0.963893 -0.180537 0.947841 0.262685 
-0.159710 0.035628 0.986521 0.059543 -0.233718 0.970480 -0.154394 -0.363913 0.918548 -0.342284 0.901138 0.266067 0.100820 0.596086 0.796566 -0.164867 -0.088359 0.982350 
-0.151088 0.032249 0.987994 0.052357 -0.212498 0.975758 -0.133913 -0.312427 0.940456 -0.481486 0.839603 0.251472 0.105595 0.629702 0.769627 -0.129136 -0.069703 0.989174 
-0.144657 0.029641 0.989038 0.044865 -0.187120 0.981312 -0.121833 -0.283098 0.951321 -0.570945 0.787263 0.232892 0.110836 0.655014 0.747443 -0.105878 -0.057067 0.992740 
-0.138965 0.027812 0.989907 0.039502 -0.169517 0.984735 -0.116264 -0.267763 0.956444 -0.621072 0.752292 0.219834 0.112066 0.675231 0.729043 -0.091506 -0.049050 0.994596 
-0.134126 0.026590 0.990608 0.036628 -0.160704 0.986323 -0.115182 -0.262521 0.958027 -0.640276 0.738092 0.212759 0.109911 0.690408 0.715022 -0.084464 -0.044930 0.995413 
-0.130612 0.025871 0.991096 0.035675 -0.159243 0.986595 -0.117825 -0.266035 0.956735 -0.630197 0.747546 0.209827 0.106845 0.699924 0.706180 -0.083933 -0.044216 0.995490 
-0.127861 0.025485 0.991465 0.036089 -0.163633 0.985861 -0.123436 -0.276266 0.953122 -0.595033 0.775682 0.210365 0.102043 0.706230 0.700590 -0.088135 -0.045911 0.995050 
-0.126304 0.025397 0.991666 0.037391 -0.171679 0.984443 -0.131223 -0.291434 0.947548 -0.542016 0.812785 0.213541 0.097515 0.708294 0.699150 -0.096222 -0.049495 0.994129 
-0.127511 0.025546 0.991508 0.003497 0.045749 0.998947 -0.016835 -0.035752 0.999219 0.939067 -0.242978 0.243137 0.096917 0.700884 0.706660 -0.271221 -0.126002 0.954234 
-0.133832 0.026559 0.990648 0.695628 -0.351946 0.626287 0.040267 0.131032 0.990560 -0.057762 -0.113921 0.991809 0.112555 0.683597 0.721129 -0.270792 -0.132925 0.953416 
-0.128038 0.026961 0.991403 0.589988 -0.206462 0.780569 0.026394 0.101534 0.994482 -0.065983 -0.136525 0.988437 0.127018 0.668003 0.733238 -0.260582 -0.136734 0.955720 
-0.133634 0.030722 0.990554 0.524280 -0.099515 0.845711 0.008529 0.054699 0.998466 -0.057668 -0.124135 0.990588 0.109181 0.637730 0.762483 -0.256262 -0.137759 0.956740 
-0.143464 0.034356 0.989059 0.405349 -0.017458 0.913995 0.000189 0.004403 0.999990 0.095905 0.604884 0.790518 -0.264359 -0.143778 0.953647 -0.277740 -0.622614 0.731582 0.000002 0.000005 1.000000 
-0.148436 0.036268 0.988257 0.321324 0.004060 0.946961 0.000003 -0.000289 1.000000 0.086061 0.581835 0.808741 -0.277789 -0.152957 0.948387 -0.279965 -0.629524 0.724789 -0.018703 -0.045298 0.998798 
-0.153625 0.039020 0.987358 0.249469 0.021195 0.968151 0.000763 -0.009465 0.999955 0.075232 0.553133 0.829689 -0.296703 -0.167643 0.940140 -0.286956 -0.644488 0.708725 -0.034209 -0.093824 0.995001 
-0.149845 0.038867 0.987945 0.191847 0.029971 0.980967 0.003048 -0.020289 0.999790 0.073417 0.550496 0.831604 -0.304391 -0.179763 0.935431 -0.299187 -0.657614 0.691398 -0.040362 -0.125398 0.991285 
-0.147431 0.039268 0.988293 0.005642 -0.024601 0.999681 0.155632 0.036656 0.987135 -0.315165 -0.678208 0.663857 -0.035057 -0.122437 0.991857 0.074339 0.540917 0.837784 -0.301694 -0.185629 0.935159 
-0.150244 0.040891 0.987803 0.006993 -0.026404 0.999627 0.155088 0.042113 0.987003 -0.323194 -0.691250 0.646312 -0.028597 -0.105576 0.994000 0.079237 0.525900 0.846848 -0.298060 -0.188031 0.935844 
-0.152369 0.041343 0.987459 0.006524 -0.019586 0.999787 0.124335 0.042037 0.991349 -0.327849 -0.712420 0.620462 -0.021766 -0.087224 0.995951 0.081298 0.514277 0.853762 -0.289467 -0.186731 0.938797 
-0.154691 0.043165 0.987019 -0.010818 -0.048049 0.998786 -0.339077 -0.729452 0.594076 0.084496 0.497733 0.863205 -0.274258 -0.183801 0.943928 0.003174 -0.007864 0.999964 0.132777 0.054057 0.989671 
-0.156104 0.044917 0.986719 -0.000473 -0.002316 0.999997 -0.350850 -0.741841 0.571469 0.085088 0.481447 0.872335 -0.257790 -0.179660 0.949351 0.001775 -0.003935 0.999991 0.172193 0.078202 0.981954 
-0.150918 0.044151 0.987560 0.005754 0.030534 0.999517 -0.364933 -0.739365 0.565829 0.081314 0.464616 0.881771 -0.241232 -0.172283 0.955053 0.001744 -0.003621 0.999992 0.206778 0.100297 0.973233 
-0.138765 0.040385 0.989501 0.009452 0.053719 0.998511 -0.376914 -0.730148 0.569930 0.077467 0.451864 0.888717 -0.224244 -0.162301 0.960923 0.003906 -0.007836 0.999962 0.238049 0.119924 0.963821 
-0.119933 0.034394 0.992186 0.010616 0.064522 0.997860 -0.394350 -0.716340 0.575626 0.073871 0.446775 0.891591 -0.205777 -0.151148 0.966856 -0.001122 0.002197 0.999997 0.262973 0.134626 0.955364 
-0.121892 0.034498 0.991944 0.014240 0.095480 0.995329 -0.380881 -0.716682 0.584206 0.070137 0.452928 0.888784 -0.186765 -0.140745 0.972270 -0.015317 0.028431 0.999478 0.280665 0.147974 0.948330 
-0.126682 0.035076 0.991323 0.013807 0.101318 0.994758 -0.359753 -0.710417 0.604884 0.067148 0.464997 0.882762 -0.182050 -0.139773 0.973304 -0.018540 0.032917 0.999286 0.270396 0.148610 0.951210 
-0.129291 0.035159 0.990983 0.012741 0.101114 0.994793 -0.347733 -0.705166 0.617918 0.064631 0.485144 0.872043 -0.180792 -0.140691 0.973407 -0.015385 0.026249 0.999537 0.258031 0.148599 0.954640 
-0.131053 0.035121 0.990753 0.012299 0.100922 0.994818 -0.341118 -0.700524 0.626821 0.062974 0.505839 0.860326 -0.179062 -0.140566 0.973744 -0.017077 0.028752 0.999441 0.252515 0.147126 0.956342 
-0.132788 0.035083 0.990523 0.012453 0.102528 0.994652 -0.336736 -0.694566 0.635757 0.060055 0.523285 0.850039 -0.178509 -0.140210 0.973897 -0.015934 0.026867 0.999512 0.251777 0.146719 0.956599 
-0.136115 0.035522 0.990056 0.013118 0.107078 0.994164 -0.331958 -0.692042 0.641001 0.057396 0.540245 0.839548 -0.178023 -0.139283 0.974119 -0.015611 0.026425 0.999529 0.252090 0.146387 0.956568 
-0.140252 0.036455 0.989444 0.014176 0.114031 0.993376 -0.329234 -0.691828 0.642635 0.056302 0.556647 0.828839 -0.177780 -0.138270 0.974308 -0.015120 0.025658 0.999556 0.255347 0.147952 0.955462 
-0.145560 0.038128 0.988615 -0.012504 0.021147 0.999698 0.015417 0.122558 0.992342 -0.327630 -0.692582 0.642643 0.258174 0.150627 0.954284 0.060192 0.571348 0.818498 -0.177906 -0.137776 0.974355 
-0.149310 0.039642 0.987995 -0.012942 0.021862 0.999677 0.016317 0.127273 0.991734 -0.327207 -0.690841 0.644728 0.258646 0.150984 0.954100 0.065455 0.585533 0.808001 -0.177656 -0.137085 0.974498 
-0.151846 0.040876 0.987559 -0.010225 0.017213 0.999800 0.017078 0.132000 0.991103 -0.329377 -0.689974 0.644551 0.261940 0.153998 0.952718 0.068781 0.596134 0.799934 -0.178132 -0.136999 0.974423 
-0.152170 0.041986 0.987462 -0.005501 0.009130 0.999943 0.017717 0.137025 0.990409 -0.340934 -0.694854 0.633200 0.268779 0.161338 0.949593 0.074114 0.609871 0.789027 -0.178778 -0.136531 0.974370 
-0.152020 0.043451 0.987422 -0.033808 0.053660 0.997987 0.016411 0.131781 0.991143 -0.353885 -0.696197 0.624561 0.265999 0.160642 0.950494 0.079894 0.617114 0.782808 -0.174796 -0.134955 0.975312 
-0.147657 0.043381 0.988087 -0.061779 0.094031 0.993651 0.014182 0.122419 0.992377 -0.373296 -0.699705 0.609150 0.260968 0.158857 0.952187 0.081061 0.617920 0.782051 -0.170754 -0.133762 0.976192 
-0.142171 0.042493 0.988930 -0.052606 0.080422 0.995372 0.013765 0.117561 0.992970 -0.384684 -0.697233 0.604884 0.260481 0.159752 0.952171 0.075937 0.620387 0.780611 -0.172219 -0.133490 0.975972 
-0.131354 0.039505 0.990548 -0.098386 0.144296 0.984631 0.010473 0.098048 0.995127 -0.405118 -0.693832 0.595379 0.250191 0.152010 0.956189 0.070555 0.622916 0.779100 -0.165348 -0.130090 0.977618 
-0.122611 0.037436 0.991749 -0.113151 0.162136 0.980260 0.008918 0.087877 0.996091 -0.428195 -0.691403 0.581903 0.248321 0.152158 0.956653 0.065725 0.624035 0.778627 -0.163345 -0.128542 0.978159 
-0.114121 0.035469 0.992834 -0.154977 0.211650 0.964980 0.007807 0.078530 0.996881 -0.456276 -0.688533 0.563679 0.255363 0.156067 0.954166 0.059104 0.623773 0.779368 -0.158339 -0.124302 0.979529 
-0.105591 0.033123 0.993858 0.006330 0.066533 0.997764 -0.477472 -0.681601 0.554474 0.050768 0.620668 0.782428 -0.146039 -0.114841 0.982590 -0.248890 0.310987 0.917246 0.261310 0.155863 0.952588 
-0.098444 0.030874 0.994664 0.005751 0.059897 0.998188 -0.493783 -0.677963 0.544559 0.042535 0.615888 0.786685 -0.145483 -0.113185 0.982865 -0.255860 0.317270 0.913168 0.263991 0.156875 0.951682 
-0.096040 0.030097 0.994922 0.005024 0.057591 0.998328 -0.503373 -0.677877 0.535815 0.034041 0.610965 0.790925 -0.127713 -0.099611 0.986796 -0.397556 0.422354 0.814596 0.271530 0.155695 0.949753 
-0.090955 0.028236 0.995455 0.004890 0.063377 0.997978 -0.523240 -0.675537 0.519490 0.019388 0.610543 0.791746 -0.106418 -0.082007 0.990934 -0.550852 0.469809 0.689813 0.278257 0.154664 0.947972 
-0.087745 0.027125 0.995774 0.004627 0.069399 0.997578 -0.529642 -0.675340 0.513222 0.009879 0.610982 0.791583 -0.090696 -0.069072 0.993480 -0.687657 0.441298 0.576527 0.282992 0.154619 0.946577 
-0.084933 0.026165 0.996043 -0.537415 -0.672406 0.508975 -0.000818 0.612619 0.790378 -0.080650 -0.060819 0.994885 -0.753197 0.396279 0.525031 0.284536 0.155876 0.945908 -0.002638 -0.044053 0.999026 0.027785 0.451401 0.891889 
-0.083573 0.025469 0.996176 0.004548 0.076005 0.997097 -0.539053 -0.672822 0.506688 -0.007738 0.611701 0.791051 -0.080055 -0.060219 0.994970 -0.753613 0.395201 0.525247 0.285903 0.156136 0.945453 
-0.080606 0.024089 0.996455 0.004989 0.075809 0.997110 -0.553307 -0.669491 0.495614 -0.015657 0.610884 0.791565 -0.080530 -0.059974 0.994946 -0.747633 0.398175 0.531509 0.294409 0.156052 0.942852 
-0.077062 0.022191 0.996779 0.005354 0.076448 0.997059 -0.567946 -0.668887 0.479612 -0.026293 0.608991 0.792741 -0.080465 -0.059300 0.994992 -0.743869 0.398574 0.536468 0.303894 0.156070 0.939836 
-0.072510 0.019962 0.997168 0.005544 0.075961 0.997095 -0.586368 -0.664798 0.462835 -0.038832 0.605586 0.794832 -0.080538 -0.058948 0.995007 -0.738781 0.398595 0.543439 0.314041 0.156693 0.936390 
-0.067905 0.017694 0.997535 0.005567 0.075050 0.997164 -0.600872 -0.661350 0.448965 -0.052745 0.601040 0.797476 -0.080271 -0.058493 0.995055 -0.734198 0.399125 0.549229 0.322484 0.156885 0.933483 
-0.064201 0.015791 0.997812 0.005395 0.074360 0.997217 -0.608016 -0.661412 0.439147 -0.065692 0.595234 0.800862 -0.079170 -0.057625 0.995194 -0.734867 0.397862 0.549251 0.326946 0.156272 0.932033 
-0.060065 0.014095 0.998095 0.005328 0.073100 0.997310 -0.621913 -0.655401 0.428572 -0.077340 0.589095 0.804354 -0.079254 -0.057515 0.995194 -0.728511 0.398502 0.557197 0.334201 0.157469 0.929254 
-0.055000 0.012242 0.998411 0.005279 0.071988 0.997391 -0.642140 -0.644847 0.414522 -0.092955 0.582274 0.807661 -0.078913 -0.056985 0.995251 -0.722853 0.397544 0.565192 0.342817 0.158906 0.925865 
-0.050698 0.010682 0.998657 0.005175 0.071067 0.997458 -0.657841 -0.636070 0.403312 -0.106665 0.574053 0.811841 -0.078448 -0.056463 0.995318 -0.718387 0.396723 0.571429 0.349760 0.159957 0.923083 
-0.045524 0.009028 0.998922 0.005063 0.069646 0.997559 -0.679904 -0.620903 0.390141 -0.121600 0.564501 0.816426 -0.077960 -0.055902 0.995388 -0.713128 0.395575 0.578764 0.357985 0.161206 0.919706 
-0.042218 0.007888 0.999077 0.004796 0.068610 0.997632 -0.686654 -0.617473 0.383711 -0.131091 0.554258 0.821957 -0.076959 -0.055131 0.995509 -0.713286 0.394081 0.579589 0.360874 0.161312 0.918558 
-0.036955 0.006565 0.999295 0.004646 0.065973 0.997811 -0.710482 -0.596594 0.373218 -0.140934 0.543818 0.827285 -0.077234 -0.055081 0.995490 -0.704631 0.394332 0.589913 0.368973 0.163293 0.914983 
-0.031923 0.005359 0.999476 0.004439 0.063515 0.997971 -0.730916 -0.577150 0.364224 -0.151495 0.531438 0.833441 -0.076941 -0.054641 0.995537 -0.698604 0.393898 0.597325 0.375418 0.164752 0.912095 
-0.026701 0.004212 0.999635 0.004254 0.061111 0.998122 -0.754746 -0.551727 0.354902 -0.162328 0.517280 0.840280 -0.076525 -0.054122 0.995598 -0.692809 0.392946 0.604656 0.382733 0.166096 0.908806 
-0.022122 0.003255 0.999750 0.004043 0.059135 0.998242 -0.774083 -0.529502 0.347020 -0.170702 0.502192 0.847740 -0.075971 -0.053539 0.995672 -0.687870 0.391832 0.610986 0.388879 0.167433 0.905947 
-0.018262 0.002509 0.999830 0.003772 0.057131 0.998360 -0.786241 -0.514803 0.341765 -0.176189 0.486668 0.855635 -0.074980 -0.052694 0.995792 -0.686485 0.390491 0.613396 0.392049 0.168085 0.904458 
-0.013463 0.001755 0.999908 0.003517 0.053705 0.998551 -0.805294 -0.487589 0.337281 -0.179587 0.472292 0.862953 -0.075090 -0.052539 0.995792 -0.679053 0.390005 0.621919 0.398030 0.170193 0.901447 
-0.074780 -0.051942 0.995846 -0.184632 0.454341 0.871484 -0.007513 0.000912 0.999971 0.003261 0.049997 0.998744 -0.831881 -0.446253 0.329898 -0.671304 0.388872 0.630975 0.405521 0.172307 0.897699 
-0.074373 -0.051361 0.995907 -0.187055 0.435434 0.880573 -0.002646 0.000298 0.999996 0.003004 0.046905 0.998895 -0.850328 -0.413712 0.325247 -0.664781 0.387810 0.638490 0.411412 0.174227 0.894643 
-0.073856 -0.050662 0.995981 -0.189133 0.413579 0.890607 0.003092 -0.000318 0.999995 0.002730 0.043109 0.999067 -0.873014 -0.368030 0.320003 -0.657397 0.386611 0.646808 0.418530 0.176128 0.890961 
-0.073009 -0.049944 0.996080 -0.187282 0.393333 0.900119 0.006687 -0.000628 0.999977 0.002422 0.040131 0.999192 -0.880684 -0.350889 0.318234 -0.655704 0.385478 0.649198 0.420496 0.177126 0.889837 
0.002125 0.035761 0.999358 -0.073048 -0.049754 0.996087 -0.899377 -0.302384 0.315730 -0.645571 0.383682 0.660323 0.427820 0.180576 0.885642 -0.185613 0.373045 0.909058 0.012349 -0.001064 0.999923 
0.003736 0.039754 0.999203 -0.106862 -0.070089 0.991800 -0.911267 -0.263438 0.316533 -0.319148 0.329486 0.888585 0.471794 0.227312 0.851903 -0.182819 0.349875 0.918784 0.017359 -0.001346 0.999848 
0.009209 0.077042 0.996985 -0.038526 -0.022984 0.998993 -0.047798 0.067949 0.996543 -0.177592 0.328571 0.927633 -0.940087 -0.160144 0.300982 0.016608 -0.001275 0.999861 
0.010275 0.111657 0.993694 -0.035507 -0.021355 0.999141 -0.004652 0.006040 0.999971 -0.164119 0.311501 0.935966 -0.961740 -0.035398 0.271668 0.007335 -0.000711 0.999973 
0.006877 0.131839 0.991247 -0.030460 -0.019119 0.999353 -0.005440 0.005896 0.999968 -0.146776 0.303545 0.941444 -0.967660 0.050648 0.247120 -0.005657 0.000805 0.999984 
0.003792 0.133211 0.991080 -0.025078 -0.016390 0.999551 -0.050338 0.039639 0.997945 -0.130401 0.298112 0.945582 -0.969674 0.039817 0.241139 -0.014365 0.002799 0.999893 
-0.023003 -0.015033 0.999622 0.019354 -0.013986 0.999715 -0.118405 0.283569 0.951614 0.001754 0.173596 0.984815 0.002125 0.032975 0.999454 -0.968684 0.007367 0.248188 -0.009494 0.002237 0.999952 
-0.013252 -0.008561 0.999876 0.105459 -0.071907 0.991820 -0.107694 0.269321 0.957010 -0.001828 0.181679 0.983356 0.003740 0.037127 0.999304 -0.964960 0.029857 0.260691 0.005187 -0.001397 0.999986 
-0.008051 -0.005140 0.999954 0.253343 -0.233888 0.938677 -0.095923 0.254144 0.962398 -0.006506 0.184688 0.982776 0.008596 0.064650 0.997871 -0.956174 -0.019917 0.292120 0.025223 -0.007750 0.999652 
-0.003994 -0.002471 0.999989 -0.086553 0.248763 0.964689 0.000903 -0.112982 0.993597 0.010903 0.064174 0.997879 -0.221925 0.851263 0.475500 0.266674 -0.366752 0.891279 -0.947873 0.028076 0.317410 0.045571 -0.015495 0.998841 
-0.000983 -0.000556 0.999999 -0.084012 0.242863 0.966416 -0.006285 -0.120658 0.992674 0.010166 0.060143 0.998138 0.149743 -0.407617 0.900791 -0.487571 0.738489 0.465734 -0.948906 0.037282 0.313348 0.049572 -0.017083 0.998624 
0.010962 0.005507 0.999925 -0.696045 0.520842 0.494211 -0.083582 0.227895 0.970092 0.042928 -0.340500 0.939264 -0.948304 0.044558 0.314220 0.050659 -0.017208 0.998568 0.009415 0.056802 0.998341 -0.014291 -0.117349 0.992988 
0.021507 0.010261 0.999716 -0.777375 0.256669 0.574290 -0.077127 0.223011 0.971760 0.028910 -0.253307 0.966954 -0.948958 0.093195 0.301321 0.046767 -0.016465 0.998770 0.007630 0.042850 0.999052 -0.011880 -0.078867 0.996814 
0.026665 0.012497 0.999566 -0.067421 0.220554 0.973042 -0.002218 -0.015436 0.999878 0.006115 0.028817 0.999566 0.031598 -0.153946 0.987574 -0.702130 -0.007098 0.712013 -0.942772 0.165402 0.289522 0.035038 -0.013409 0.999296 
0.029874 0.013668 0.999460 -0.058432 0.211101 0.975716 0.006344 0.053797 0.998532 0.003261 0.013325 0.999906 0.024960 -0.077953 0.996645 -0.514792 -0.120635 0.848785 -0.928102 0.243930 0.281293 0.027087 -0.011115 0.999571 
0.010818 -0.024566 0.999640 -0.053580 0.206191 0.977044 0.012574 0.126587 0.991876 0.002712 0.010569 0.999940 0.038834 0.016914 0.999103 -0.296056 -0.118377 0.947807 -0.922164 0.262721 0.283887 0.026746 -0.011404 0.999577 
0.018227 0.007737 0.999804 -0.002153 0.004031 0.999990 -0.052636 0.206024 0.977130 0.017085 0.182250 0.983104 0.008461 0.032373 0.999440 -0.934037 0.197651 0.297504 0.029990 -0.013095 0.999464 
0.043765 0.018483 0.998871 -0.001626 0.002690 0.999995 -0.053496 0.209151 0.976419 0.017050 0.223020 0.974665 0.010601 0.039765 0.999153 -0.935837 0.180154 0.302910 0.034024 -0.015057 0.999308 
0.041803 0.017389 0.998975 -0.001737 0.002936 0.999994 -0.053324 0.212787 0.975643 0.018901 0.213715 0.976713 0.011278 0.041297 0.999083 -0.935158 0.181235 0.304358 0.036201 -0.016260 0.999212 
0.043804 0.017949 0.998879 -0.002786 0.004781 0.999985 -0.053175 0.216182 0.974904 0.020408 0.214916 0.976419 0.012643 0.045479 0.998885 -0.936194 0.172982 0.305972 0.036527 -0.016624 0.999194 
0.045403 0.018444 0.998798 -0.002930 0.005053 0.999983 -0.053454 0.221382 0.973721 0.021253 0.218277 0.975655 0.014381 0.051014 0.998594 -0.938507 0.159428 0.306246 0.035105 -0.016165 0.999253 
0.043970 0.017797 0.998874 -0.004569 0.007866 0.999959 -0.053865 0.227363 0.972319 0.021685 0.220231 0.975207 0.015759 0.055308 0.998345 -0.941173 0.147850 0.303864 0.031170 -0.014475 0.999409 
0.041881 0.016911 0.998979 -0.006793 0.011699 0.999908 -0.054231 0.232510 0.971081 0.022276 0.224445 0.974232 0.016429 0.057457 0.998213 -0.943995 0.139884 0.298841 0.026036 -0.012118 0.999588 
