1.870232 0.546124 0.004656 1.956235 0.517403 0.004796 1.825245 0.475037 0.004701 1.933430 0.340018 0.005013 
1.870037 0.546060 0.004691 1.956473 0.516664 0.004802 1.825487 0.474301 0.004738 1.933251 0.339963 0.004994 
1.869942 0.546028 0.004720 1.956620 0.516208 0.004809 1.825637 0.473846 0.004767 1.933165 0.339936 0.004980 
1.868615 0.545435 0.004565 1.956894 0.514919 0.004591 1.825910 0.472583 0.004790 1.931830 0.339372 0.005083 
1.869129 0.545601 0.004603 1.956700 0.515524 0.004624 1.825713 0.473183 0.004802 1.932334 0.339522 0.005061 
1.869902 0.545851 0.004637 1.956339 0.516648 0.004653 1.825347 0.474300 0.004813 1.933087 0.339747 0.005043 
1.870995 0.546205 0.004667 1.955786 0.518375 0.004678 1.824785 0.476018 0.004823 1.934148 0.340065 0.005028 
1.871489 0.546276 0.004584 1.955201 0.519942 0.004557 1.824186 0.477593 0.004844 1.934585 0.340105 0.005109 
1.873489 0.546924 0.004617 1.954142 0.523246 0.004587 1.823112 0.480879 0.004848 1.936524 0.340686 0.005088 
1.875965 0.547727 0.004646 1.952814 0.527395 0.004612 1.821763 0.485004 0.004853 1.938924 0.341406 0.005070 
1.878965 0.548701 0.004671 1.951199 0.532440 0.004634 1.820123 0.490021 0.004857 1.941831 0.342278 0.005056 
1.881718 0.549594 0.004694 1.949608 0.537412 0.004654 1.818507 0.494966 0.004864 1.944491 0.343076 0.005047 
1.884200 0.550400 0.004716 1.948053 0.542270 0.004672 1.816927 0.499800 0.004874 1.946881 0.343793 0.005042 
1.886361 0.551101 0.004739 1.946540 0.546999 0.004687 1.815389 0.504507 0.004891 1.948951 0.344414 0.005043 
1.888203 0.551700 0.004762 1.945125 0.551423 0.004704 1.813950 0.508911 0.004920 1.950705 0.344942 0.005093 
1.889698 0.552193 0.004788 1.944121 0.554564 0.004740 1.812931 0.512036 0.004983 1.952141 0.345381 0.005444 
1.890845 0.552582 0.004820 1.943586 0.556240 0.004791 1.812388 0.513702 0.005079 1.953259 0.345736 0.006155 
1.891671 0.552871 0.004854 1.943449 0.556679 0.004860 1.812252 0.514129 0.005208 1.954091 0.346016 0.007185 
1.892028 0.552983 0.004904 1.943450 0.556711 0.004936 1.812279 0.514083 0.005388 1.954571 0.346172 0.008344 
1.892035 0.552982 0.004960 1.943460 0.556719 0.005012 1.812314 0.514017 0.005587 1.954697 0.346228 0.009523 
1.892037 0.552985 0.005002 1.943479 0.556689 0.005089 1.812354 0.513926 0.005751 1.954797 0.346289 0.010705 
1.892032 0.553005 0.005031 1.943504 0.556622 0.005169 1.812384 0.513845 0.005882 1.954813 0.346351 0.011895 
1.892023 0.553031 0.005051 1.943523 0.556566 0.005254 1.812403 0.513792 0.005986 1.954797 0.346418 0.013093 
1.891930 0.553031 0.005069 1.943532 0.556540 0.005339 1.812411 0.513769 0.006082 1.954693 0.346466 0.014305 
1.891678 0.552978 0.005087 1.943529 0.556551 0.005424 1.812407 0.513785 0.006181 1.954425 0.346473 0.015542 
1.891271 0.552877 0.005108 1.943524 0.556570 0.005510 1.812400 0.513808 0.006284 1.953998 0.346442 0.016819 
1.890712 0.552727 0.005129 1.943529 0.556557 0.005600 1.812404 0.513802 0.006395 1.953417 0.346378 0.018153 
1.890010 0.552532 0.005152 1.943544 0.556514 0.005697 1.812416 0.513768 0.006514 1.952689 0.346283 0.019551 
1.889174 0.552296 0.005176 1.943572 0.556431 0.005802 1.812442 0.513694 0.006643 1.951822 0.346164 0.021023 
1.888211 0.552020 0.005202 1.943611 0.556314 0.005917 1.812479 0.513588 0.006784 1.950825 0.346024 0.022576 
1.887130 0.551708 0.005230 1.943657 0.556176 0.006041 1.812522 0.513462 0.006935 1.949704 0.345869 0.024213 
1.885939 0.551362 0.005259 1.943704 0.556033 0.006174 1.812566 0.513333 0.007096 1.948466 0.345701 0.025938 
1.884644 0.550986 0.005290 1.943748 0.555900 0.006316 1.812608 0.513214 0.007266 1.947117 0.345527 0.027756 
1.883189 0.550559 0.005328 1.943785 0.555793 0.006464 1.812642 0.513120 0.007455 1.945606 0.345334 0.029678 
1.882123 0.550259 0.005356 1.943814 0.555710 0.006644 1.812676 0.513022 0.007605 1.944504 0.345295 0.031698 
1.881726 0.550120 0.005323 1.943930 0.555269 0.006880 1.812802 0.512558 0.007692 1.944053 0.345443 0.033863 
1.881543 0.550114 0.005325 1.943967 0.555136 0.007156 1.812849 0.512396 0.007765 1.943794 0.345745 0.036125 
1.881248 0.550044 0.005307 1.944048 0.554818 0.007455 1.812940 0.512052 0.007862 1.943400 0.346036 0.038554 
1.880217 0.549772 0.005355 1.944049 0.554798 0.007743 1.812939 0.512037 0.008042 1.942219 0.346172 0.041132 
1.879033 0.549457 0.005411 1.944052 0.554769 0.008056 1.812940 0.512017 0.008256 1.940859 0.346324 0.043885 
1.877854 0.549149 0.005471 1.944057 0.554730 0.008402 1.812943 0.511986 0.008488 1.939478 0.346550 0.046825 
1.876292 0.548722 0.005560 1.944057 0.554717 0.008771 1.812941 0.511983 0.008789 1.937697 0.346746 0.049984 
1.874285 0.548157 0.005684 1.944056 0.554718 0.009165 1.812937 0.511996 0.009179 1.935458 0.346909 0.053383 
1.872240 0.547589 0.005818 1.944081 0.554640 0.009616 1.812960 0.511929 0.009625 1.933147 0.347177 0.057035 
1.870160 0.547021 0.005963 1.944133 0.554476 0.010135 1.813010 0.511778 0.010137 1.930762 0.347571 0.060958 
1.868049 0.546454 0.006119 1.944220 0.554205 0.010740 1.813096 0.511519 0.010736 1.928302 0.348115 0.065173 
1.865913 0.545895 0.006290 1.944417 0.553591 0.011529 1.813294 0.510918 0.011518 1.925766 0.348855 0.069757 
1.863804 0.545323 0.006464 1.944716 0.552597 0.012530 1.813613 0.509892 0.012523 1.923267 0.349828 0.074728 
1.861730 0.544755 0.006644 1.945080 0.551342 0.013746 1.814007 0.508580 0.013750 1.920771 0.351064 0.080075 
1.859649 0.544266 0.006863 1.945514 0.549996 0.015212 1.814448 0.507248 0.015205 1.918070 0.352615 0.085796 
1.857608 0.543813 0.007098 1.946014 0.548443 0.016971 1.814959 0.505709 0.016954 1.915311 0.354524 0.091915 
1.855735 0.543364 0.007325 1.946511 0.546795 0.018971 1.815491 0.504001 0.018962 1.912723 0.356833 0.098400 
1.853853 0.543012 0.007593 1.947003 0.545270 0.021240 1.815995 0.502489 0.021218 1.909882 0.359593 0.105245 
1.858332 0.543378 0.007812 1.945658 0.550615 0.019525 1.815290 0.505818 0.019603 1.916166 0.363472 0.111003 
1.861146 0.544083 0.008036 1.942970 0.558914 0.015627 1.812828 0.513290 0.015629 1.918917 0.367014 0.116179 
1.844068 0.537398 0.008689 1.946169 0.545736 0.023217 1.814393 0.505306 0.022954 1.893179 0.364163 0.126126 
1.947824 0.536784 0.030211 1.831560 0.533356 0.009257 1.872866 0.364645 0.135424 1.814899 0.500505 0.028863 
1.946883 0.542070 0.028503 1.827242 0.532466 0.009674 1.867444 0.368889 0.142596 1.814001 0.505515 0.027238 
1.945551 0.547661 0.026437 1.825413 0.532029 0.010141 1.865100 0.374503 0.150262 1.812910 0.510118 0.025244 
1.825813 0.532370 0.010699 1.945474 0.549600 0.028321 1.813461 0.509924 0.027931 1.866549 0.383300 0.159513 
1.835070 0.533926 0.011834 1.949792 0.538926 0.046893 1.818956 0.495954 0.047070 1.876670 0.398092 0.172872 
1.834527 0.537791 0.012405 1.953159 0.538564 0.060788 1.822490 0.495349 0.060182 1.872077 0.413104 0.183091 
1.869752 0.428091 0.192045 1.952742 0.543654 0.067761 1.822446 0.499416 0.066922 1.835197 0.541518 0.013052 
1.862529 0.442371 0.198297 1.947292 0.561246 0.058055 1.816990 0.516747 0.057105 1.830700 0.548662 0.014548 
1.869905 0.459454 0.216294 1.947185 0.585523 0.050792 1.817423 0.539062 0.047922 1.842025 0.559691 0.028380 
1.860409 0.469573 0.266390 1.936269 0.587113 0.079698 1.806492 0.540388 0.077493 1.837225 0.555016 0.070592 
1.825998 0.480871 0.351087 1.915450 0.571503 0.158565 1.784692 0.527655 0.157229 1.812111 0.540691 0.145252 
1.783012 0.511923 0.456503 1.780095 0.537802 0.243383 
1.741974 0.569921 0.557107 1.749557 0.560269 0.342789 
1.710840 0.635933 0.635326 1.829956 0.642234 0.501646 1.697884 0.603903 0.500500 1.726629 0.596329 0.424903 
1.696308 0.673853 0.668121 1.810639 0.676052 0.539925 1.679467 0.634985 0.535779 1.719830 0.627860 0.459518 
1.660306 0.684823 0.666899 1.784730 0.690556 0.525226 1.654419 0.648510 0.511195 1.697238 0.649526 0.458130 
1.603830 0.685145 0.655292 1.751714 0.699159 0.502530 1.622804 0.659028 0.474975 1.658186 0.664141 0.448561 
1.545686 0.692405 0.652911 1.713468 0.709893 0.508411 1.586427 0.672620 0.470082 1.615194 0.676459 0.450479 
1.503459 0.710083 0.666595 1.677574 0.725161 0.536463 1.552608 0.688423 0.491486 1.583965 0.691231 0.468544 
1.471644 0.729251 0.685812 1.641706 0.740107 0.572804 1.518195 0.703047 0.524455 1.558760 0.704225 0.491189 
1.440189 0.741295 0.694887 1.609521 0.750567 0.591867 1.487391 0.713796 0.540024 1.533063 0.714139 0.503190 
1.407409 0.747351 0.690172 1.577402 0.757228 0.598781 1.457748 0.720985 0.541193 1.508829 0.721293 0.502658 
1.372047 0.745413 0.668457 1.547014 0.757921 0.587026 1.430608 0.723409 0.522178 1.483263 0.724588 0.485924 
1.336740 0.738874 0.634517 1.519149 0.755043 0.562632 1.406724 0.723204 0.489842 1.458294 0.725627 0.458018 
1.303987 0.730845 0.593500 1.494039 0.750802 0.530977 1.385928 0.722222 0.450646 1.435235 0.725806 0.423704 
1.275463 0.723662 0.550929 1.469799 0.746191 0.497562 1.365370 0.721138 0.411384 1.414117 0.725559 0.387093 
1.255287 0.717918 0.510970 1.449875 0.741418 0.459626 1.345861 0.719775 0.372034 1.394919 0.724832 0.348101 
1.239251 0.711342 0.469824 1.433786 0.735693 0.415776 1.328367 0.717580 0.329060 1.376503 0.723162 0.305225 
1.223827 0.703501 0.423882 1.417828 0.728827 0.367959 1.311387 0.714507 0.281779 1.359398 0.720740 0.258356 
1.204513 0.694370 0.365712 1.400632 0.721055 0.314630 1.295698 0.711947 0.225923 1.343230 0.718850 0.203764 
1.185210 0.686915 0.304517 1.392600 0.717812 0.264569 1.293685 0.714674 0.168737 1.334261 0.721410 0.154084 
1.174272 0.682179 0.269398 1.387006 0.716854 0.237238 1.294054 0.716772 0.135509 1.332029 0.722967 0.129733 
1.160661 0.678451 0.257899 1.371097 0.712650 0.234104 1.283830 0.713579 0.127469 1.326003 0.719837 0.127299 
1.140035 0.675071 0.256864 1.344565 0.705412 0.241397 1.262199 0.706775 0.130978 1.311649 0.713390 0.133434 
1.113594 0.672020 0.254445 1.311459 0.696729 0.248043 1.233189 0.699032 0.134755 1.290292 0.705749 0.136883 
1.088572 0.668623 0.245578 1.280276 0.688319 0.248160 1.205860 0.692083 0.132394 1.269644 0.698588 0.133735 
1.070273 0.663992 0.226562 1.259105 0.680925 0.237759 1.188840 0.687038 0.119549 1.255434 0.693235 0.121427 
1.061591 0.658930 0.201503 1.249710 0.675514 0.219952 1.183786 0.684117 0.099421 1.250440 0.690267 0.103792 
1.060022 0.654291 0.173766 1.249450 0.672423 0.198219 1.187910 0.683566 0.075578 1.252065 0.689690 0.083974 
1.061098 0.650653 0.147935 1.252452 0.670922 0.177256 1.194470 0.684386 0.053100 1.255333 0.690406 0.064935 
1.062770 0.647606 0.126989 1.252958 0.669068 0.161501 1.198676 0.684473 0.035904 1.259118 0.690567 0.050779 
1.064921 0.644433 0.110439 1.253051 0.667305 0.149039 1.203145 0.684250 0.021832 1.263575 0.690075 0.041966 
1.470473 1.139854 0.045824 1.496641 1.196876 -0.003089 1.586374 1.362452 0.069372 1.626338 1.266586 0.226362 1.063580 0.640053 0.109523 1.245056 0.662746 0.150245 
1.469671 1.139254 0.046929 1.492962 1.192919 -0.001944 1.583896 1.357685 0.076453 1.620666 1.264918 0.218965 1.062088 0.635559 0.108252 1.239595 0.658389 0.150614 
1.468914 1.138827 0.047814 1.489700 1.189814 -0.001208 1.581251 1.355216 0.081161 1.616496 1.262222 0.213210 1.061543 0.631082 0.108406 1.236045 0.654330 0.150867 
1.467429 1.138565 0.047834 1.486614 1.187950 -0.000851 1.578445 1.353873 0.083530 1.613368 1.260413 0.209785 1.061515 0.627696 0.108571 1.234049 0.651241 0.151133 
1.466086 1.138600 0.047692 1.483902 1.186661 -0.000715 1.575798 1.353643 0.083809 1.611337 1.258540 0.208904 1.061978 0.625358 0.109045 1.233246 0.649232 0.151475 
1.465545 1.138751 0.047635 1.481867 1.185145 -0.000572 1.574071 1.353055 0.083434 1.610165 1.256331 0.209128 1.062293 0.624026 0.109268 1.231746 0.647698 0.152045 
1.464847 1.138826 0.047420 1.480471 1.184396 -0.000462 1.572762 1.352658 0.083251 1.609169 1.255170 0.209090 1.062355 0.623274 0.109199 1.229820 0.646499 0.152548 
1.464099 1.138760 0.047068 1.479733 1.184276 -0.000416 1.572013 1.352114 0.083601 1.608272 1.255519 0.208590 1.062372 0.622853 0.109071 1.228919 0.645919 0.152762 
1.464235 1.138605 0.047725 1.479153 1.183134 -0.000203 1.572060 1.351263 0.085052 1.607365 1.256514 0.207233 1.061674 0.623867 0.109842 1.220503 0.644246 0.154683 
1.464142 1.138433 0.048390 1.478974 1.182825 -0.000024 1.572164 1.349869 0.086756 1.606151 1.258196 0.205774 1.061435 0.624688 0.111913 1.215227 0.644117 0.155525 
1.463958 1.138712 0.048865 1.478752 1.183101 0.000083 1.572117 1.348581 0.087840 1.605069 1.260428 0.205162 1.061177 0.625692 0.113047 1.212122 0.644622 0.155893 
1.464100 1.139007 0.048648 1.478915 1.183469 -0.000032 1.572395 1.349242 0.086531 1.605968 1.260960 0.206692 1.061542 0.626115 0.113466 1.211421 0.644598 0.156462 
1.465463 1.139565 0.049239 1.479701 1.183755 -0.000250 1.573125 1.352106 0.083529 1.608556 1.259675 0.209934 1.062531 0.626352 0.114495 1.212030 0.644660 0.157175 
1.466529 1.139893 0.049725 1.480944 1.184488 -0.000392 1.574249 1.354143 0.082080 1.610437 1.259823 0.211459 1.062760 0.627041 0.114735 1.212108 0.645133 0.157434 
1.466848 1.139984 0.049918 1.482528 1.186252 -0.000613 1.575178 1.356544 0.081204 1.611859 1.261594 0.212241 1.062741 0.627403 0.114485 1.213453 0.645687 0.157161 
1.466500 1.139748 0.049697 1.484230 1.188340 -0.000774 1.576212 1.357759 0.081977 1.612264 1.264910 0.211393 1.062175 0.627908 0.113520 1.215161 0.646610 0.156345 
1.466361 1.139541 0.049780 1.485761 1.190243 -0.000937 1.577150 1.358524 0.082725 1.612687 1.268093 0.210581 1.061894 0.628161 0.113294 1.217112 0.647388 0.155579 
1.466601 1.139620 0.049934 1.487143 1.191962 -0.001231 1.577921 1.360390 0.081709 1.614103 1.269665 0.211484 1.061937 0.628251 0.113933 1.219312 0.647908 0.155210 
1.466887 1.139818 0.049934 1.487652 1.192257 -0.001436 1.578662 1.362248 0.079964 1.615819 1.267669 0.212907 1.060030 0.628963 0.114335 1.219021 0.648322 0.155172 
1.467301 1.140126 0.050004 1.487643 1.191706 -0.001596 1.579369 1.364379 0.077593 1.617775 1.263408 0.214768 1.056943 0.630158 0.114597 1.217306 0.648796 0.155327 
1.467741 1.140383 0.050269 1.487216 1.190511 -0.001755 1.580097 1.365942 0.075424 1.619366 1.258606 0.216134 1.052759 0.631806 0.114322 1.214657 0.649427 0.155613 
1.468133 1.140614 0.050612 1.486671 1.189187 -0.001888 1.580924 1.367062 0.073717 1.620625 1.254461 0.216136 1.048732 0.633416 0.115940 1.211700 0.650221 0.157011 
0.755084 2.405456 -0.025904 1.123353 1.627943 0.079087 1.621820 1.251796 0.215138 1.581785 1.367741 0.072042 0.688300 1.574982 -0.147583 0.758869 1.484133 0.044555 1.209497 0.651160 0.159526 1.045727 0.634921 0.119087 
0.753441 2.393787 -0.022433 1.126347 1.629309 0.077829 1.623449 1.250849 0.213385 1.582389 1.368720 0.069729 0.732436 1.540299 -0.094024 0.763565 1.488187 0.046515 1.209113 0.651672 0.163383 1.044755 0.635651 0.123904 
0.765518 2.387495 -0.021228 1.129718 1.630748 0.076920 1.625087 1.252268 0.210727 1.582838 1.369546 0.067470 0.749664 1.526343 -0.060198 0.768668 1.491391 0.048994 1.210580 0.652225 0.168192 1.045794 0.635867 0.130328 
0.773521 2.383124 -0.021336 1.131607 1.631335 0.076228 1.626678 1.254118 0.207920 1.583177 1.370348 0.065203 0.757566 1.518470 -0.037615 0.771685 1.492726 0.051768 1.212373 0.652767 0.173188 1.047481 0.636023 0.136919 
0.774217 2.380026 -0.021784 1.132043 1.631187 0.075698 1.628194 1.255699 0.205202 1.583424 1.371145 0.062918 0.763212 1.513251 -0.023603 0.772595 1.492498 0.054666 1.214111 0.653292 0.178097 1.049281 0.636209 0.143273 
0.773030 1.492270 0.058218 0.773335 2.378667 -0.021537 1.132274 1.631155 0.075271 1.629592 1.257132 0.202746 1.583619 1.371747 0.060633 1.215815 0.653945 0.182829 1.051078 0.636537 0.149356 
0.773723 1.492182 0.060828 0.772716 2.378718 -0.021237 1.132683 1.631472 0.074939 1.630819 1.258877 0.200552 1.583808 1.372042 0.058500 1.217613 0.654776 0.187249 1.052945 0.637015 0.155034 
0.774417 1.492263 0.063143 0.772286 2.378915 -0.021289 1.133058 1.631833 0.074651 1.631886 1.260710 0.198677 1.584015 1.372218 0.056648 1.219322 0.655620 0.191059 1.054691 0.637541 0.159941 
0.775003 1.492476 0.065056 0.772111 2.379047 -0.021724 1.133358 1.632179 0.074404 1.632823 1.262382 0.197321 1.584245 1.372362 0.055075 1.220839 0.656444 0.194025 1.056129 0.638114 0.163779 
0.775460 1.492742 0.066715 0.771914 2.379057 -0.022456 1.133614 1.632481 0.074184 1.633657 1.263750 0.196285 1.584477 1.372506 0.053708 1.222153 0.657217 0.196413 1.057248 0.638684 0.166925 
0.775757 1.492997 0.068326 0.771730 2.378998 -0.023292 1.133855 1.632754 0.073977 1.634417 1.264570 0.195221 1.584679 1.372671 0.052430 1.223076 0.657875 0.198717 1.058026 0.639214 0.169949 
0.775982 1.493241 0.069890 0.771516 2.378930 -0.024103 1.134078 1.633014 0.073777 1.635129 1.265158 0.194141 1.584867 1.372821 0.051208 1.223801 0.658478 0.200981 1.058659 0.639732 0.172884 
0.776208 1.493485 0.071401 0.771305 2.378884 -0.024869 1.134297 1.633268 0.073583 1.635814 1.265723 0.193092 1.585045 1.372963 0.050025 1.224509 0.659068 0.203165 1.059282 0.640241 0.175717 
0.776440 1.493730 0.072877 0.771122 2.378844 -0.025613 1.134515 1.633519 0.073393 1.636481 1.266273 0.192062 1.585214 1.373098 0.048867 1.225210 0.659651 0.205297 1.059901 0.640747 0.178486 
0.776674 1.493979 0.074341 0.770969 2.378800 -0.026371 1.134731 1.633768 0.073204 1.637137 1.266814 0.191039 1.585378 1.373229 0.047720 1.225912 0.660235 0.207404 1.060524 0.641255 0.181223 
0.776962 1.494028 0.075804 0.770845 2.378573 -0.027111 1.134987 1.633847 0.073027 1.637793 1.267362 0.189775 1.585506 1.373535 0.046641 1.226675 0.660631 0.209563 1.061288 0.641572 0.184031 
0.777290 1.493777 0.077099 0.770689 2.378103 -0.027759 1.135265 1.633674 0.072885 1.638375 1.267866 0.188366 1.585567 1.374033 0.045758 1.227485 0.660762 0.211531 1.062179 0.641614 0.186595 
0.777514 1.493550 0.078108 0.770526 2.377629 -0.028282 1.135483 1.633512 0.072770 1.638844 1.268093 0.187295 1.585616 1.374452 0.045062 1.228081 0.660855 0.213053 1.062836 0.641646 0.188614 
0.777551 1.493320 0.078795 0.770045 2.377226 -0.028635 1.135552 1.633337 0.072690 1.639163 1.268167 0.186579 1.585645 1.374745 0.044581 1.228454 0.660908 0.214069 1.063242 0.641662 0.189989 
0.777427 1.493110 0.079160 0.769336 2.376986 -0.028791 1.135500 1.633190 0.072652 1.639320 1.268133 0.186190 1.585655 1.374918 0.044340 1.228589 0.660923 0.214603 1.063403 0.641670 0.190708 
0.777343 1.493029 0.079216 0.768986 2.376933 -0.028797 1.135443 1.633137 0.072648 1.639347 1.268123 0.186129 1.585657 1.374952 0.044303 1.228613 0.660928 0.214681 1.063430 0.641673 0.190818 
0.777335 1.493022 0.079179 0.768953 2.376931 -0.028768 1.135376 1.633113 0.072554 1.639326 1.268168 0.186082 1.585658 1.374566 0.044115 1.228635 0.660943 0.214616 1.063447 0.641681 0.190746 
0.777320 1.493014 0.079103 0.768858 2.376947 -0.028688 1.135310 1.633112 0.072567 1.639307 1.268238 0.186216 1.585679 1.374460 0.044170 1.228677 0.660969 0.214509 1.063489 0.641695 0.190600 
0.777316 1.493004 0.078995 0.768720 2.376969 -0.028583 1.135213 1.633107 0.072575 1.639317 1.268312 0.186457 1.585719 1.374266 0.044191 1.228774 0.661021 0.214357 1.063581 0.641725 0.190384 
0.777300 1.493005 0.078880 0.768581 2.377009 -0.028464 1.135121 1.633124 0.072585 1.639299 1.268422 0.186673 1.585733 1.374131 0.044230 1.228850 0.661075 0.214198 1.063653 0.641758 0.190162 
0.777282 1.492992 0.078750 0.768374 2.377040 -0.028350 1.134986 1.633114 0.072545 1.639295 1.268567 0.186789 1.585745 1.373971 0.044177 1.228979 0.661144 0.213979 1.063772 0.641798 0.189898 
0.777263 1.492983 0.078663 0.768247 2.377066 -0.028257 1.134905 1.633122 0.072558 1.639277 1.268642 0.186960 1.585754 1.373860 0.044218 1.229047 0.661181 0.213861 1.063830 0.641814 0.189728 
0.777228 1.492974 0.078614 0.768125 2.377083 -0.028183 1.134839 1.633134 0.072569 1.639255 1.268665 0.187058 1.585749 1.373809 0.044250 1.229065 0.661206 0.213805 1.063849 0.641828 0.189637 
0.777199 1.492952 0.078589 0.767959 2.377085 -0.028125 1.134715 1.633107 0.072450 1.639169 1.269004 0.187080 1.585719 1.373132 0.044006 1.229129 0.661244 0.213765 1.063908 0.641852 0.189569 
0.777184 1.492943 0.078593 0.767896 2.377088 -0.028093 1.134689 1.633112 0.072467 1.639160 1.269023 0.187125 1.585712 1.373125 0.044031 1.229139 0.661255 0.213790 1.063924 0.641857 0.189587 
0.777176 1.492940 0.078590 0.767887 2.377090 -0.028079 1.134681 1.633111 0.072484 1.639149 1.269023 0.187164 1.585708 1.373122 0.044065 1.229128 0.661254 0.213797 1.063914 0.641856 0.189580 
0.777169 1.492937 0.078583 0.767873 2.377092 -0.028065 1.134674 1.633109 0.072500 1.639137 1.269020 0.187202 1.585705 1.373118 0.044099 1.229116 0.661251 0.213798 1.063899 0.641855 0.189561 
0.777157 1.492928 0.078573 0.767842 2.377095 -0.028045 1.134663 1.633105 0.072515 1.639123 1.269018 0.187241 1.585700 1.373113 0.044133 1.229104 0.661247 0.213794 1.063885 0.641853 0.189534 
0.777148 1.492920 0.078568 0.767812 2.377098 -0.028028 1.134653 1.633103 0.072528 1.639113 1.269019 0.187276 1.585696 1.373107 0.044160 1.229098 0.661247 0.213796 1.063876 0.641854 0.189514 
0.777135 1.492908 0.078565 0.767763 2.377099 -0.028007 1.134638 1.633100 0.072539 1.639103 1.269023 0.187308 1.585691 1.373100 0.044182 1.229096 0.661249 0.213801 1.063871 0.641857 0.189496 
0.777121 1.492894 0.078571 0.767700 2.377098 -0.027985 1.134618 1.633098 0.072548 1.639098 1.269036 0.187333 1.585685 1.373092 0.044192 1.229107 0.661256 0.213820 1.063880 0.641862 0.189498 
0.777095 1.492870 0.078584 0.767583 2.377092 -0.027956 1.134584 1.633094 0.072554 1.639096 1.269056 0.187353 1.585679 1.373082 0.044194 1.229128 0.661270 0.213850 1.063903 0.641870 0.189520 
0.777045 1.492809 0.078589 0.767299 2.377064 -0.027914 1.134491 1.633056 0.072527 1.639102 1.269133 0.187344 1.585679 1.372960 0.044124 1.229199 0.661297 0.213861 1.063973 0.641886 0.189510 
0.776941 1.492719 0.078617 0.766844 2.377025 -0.027856 1.134383 1.633020 0.072532 1.639105 1.269184 0.187370 1.585668 1.372945 0.044109 1.229245 0.661323 0.213915 1.064030 0.641901 0.189557 
0.776814 1.492617 0.078634 0.766334 2.376982 -0.027789 1.134261 1.632976 0.072539 1.639099 1.269212 0.187393 1.585657 1.372929 0.044106 1.229272 0.661340 0.213955 1.064069 0.641911 0.189583 
0.776670 1.492485 0.078651 0.765705 2.376920 -0.027716 1.134090 1.632901 0.072496 1.639097 1.269284 0.187319 1.585638 1.372830 0.044003 1.229377 0.661377 0.213963 1.064148 0.641922 0.189596 
0.776519 1.492346 0.078671 0.764996 2.376860 -0.027640 1.133918 1.632831 0.072501 1.639111 1.269381 0.187396 1.585645 1.372742 0.043979 1.229543 0.661435 0.213977 1.064254 0.641938 0.189621 
0.776390 1.492229 0.078723 0.764392 2.376806 -0.027580 1.133778 1.632780 0.072503 1.639126 1.269458 0.187419 1.585639 1.372702 0.043940 1.229695 0.661495 0.214039 1.064356 0.641955 0.189723 
0.776305 1.492122 0.078756 0.763876 2.376754 -0.027517 1.133609 1.632709 0.072410 1.639129 1.269665 0.187282 1.585621 1.372425 0.043717 1.229937 0.661570 0.214041 1.064497 0.641976 0.189738 
0.776220 1.491994 0.078779 0.763252 2.376689 -0.027455 1.133425 1.632623 0.072355 1.639145 1.269950 0.187203 1.585611 1.372275 0.043578 1.230222 0.661661 0.214045 1.064720 0.642001 0.189796 
0.776144 1.491889 0.078801 0.762764 2.376653 -0.027363 1.133285 1.632564 0.072335 1.639158 1.270117 0.187238 1.585616 1.372086 0.043493 1.230443 0.661729 0.214075 1.064861 0.642015 0.189830 
0.776066 1.491802 0.078829 0.762327 2.376612 -0.027315 1.133175 1.632520 0.072349 1.639172 1.270228 0.187319 1.585621 1.372016 0.043484 1.230619 0.661788 0.214100 1.064975 0.642025 0.189895 
0.776012 1.491745 0.078855 0.762038 2.376585 -0.027283 1.133056 1.632472 0.072230 1.639103 1.270545 0.187322 1.585588 1.371330 0.043209 1.230758 0.661836 0.214109 1.065044 0.642035 0.189936 
0.775964 1.491695 0.078875 0.761791 2.376565 -0.027246 1.132993 1.632448 0.072257 1.639091 1.270632 0.187369 1.585586 1.371312 0.043254 1.230874 0.661870 0.214132 1.065101 0.642031 0.189988 
0.775896 1.491635 0.078880 0.761522 2.376539 -0.027207 1.132891 1.632394 0.072217 1.639057 1.270701 0.187301 1.585577 1.371099 0.043184 1.230966 0.661894 0.214109 1.065119 0.642023 0.189987 
0.775826 1.491573 0.078899 0.761210 2.376519 -0.027160 1.132819 1.632363 0.072241 1.639053 1.270736 0.187367 1.585574 1.371073 0.043212 1.231068 0.661928 0.214130 1.065156 0.642023 0.190032 
0.775770 1.491522 0.078920 0.760939 2.376502 -0.027128 1.132751 1.632335 0.072264 1.639054 1.270774 0.187443 1.585580 1.371016 0.043235 1.231191 0.661969 0.214144 1.065200 0.642025 0.190075 
0.775742 1.491473 0.078939 0.760704 2.376483 -0.027093 1.132705 1.632323 0.072293 1.639085 1.270812 0.187526 1.585630 1.370966 0.043283 1.231375 0.662021 0.214148 1.065295 0.642026 0.190119 
0.775714 1.491430 0.078982 0.760535 2.376468 -0.027056 1.132611 1.632289 0.072210 1.639068 1.270993 0.187523 1.585658 1.370406 0.043090 1.231534 0.662074 0.214176 1.065386 0.642034 0.190196 
0.775642 1.491330 0.079022 0.760033 2.376425 -0.026980 1.132496 1.632237 0.072240 1.639098 1.271150 0.187618 1.585669 1.370374 0.043085 1.231758 0.662142 0.214192 1.065543 0.642047 0.190254 
0.775529 1.491222 0.079059 0.759527 2.376377 -0.026930 1.132375 1.632182 0.072256 1.639107 1.271222 0.187671 1.585667 1.370339 0.043083 1.231884 0.662188 0.214251 1.065625 0.642057 0.190342 
0.775450 1.491136 0.079125 0.759088 2.376351 -0.026830 1.132267 1.632143 0.072293 1.639125 1.271324 0.187746 1.585671 1.370276 0.043071 1.232060 0.662245 0.214295 1.065738 0.642066 0.190423 
0.775390 1.491080 0.079206 0.758765 2.376346 -0.026721 1.132193 1.632126 0.072338 1.639131 1.271402 0.187768 1.585664 1.370268 0.043071 1.232189 0.662286 0.214350 1.065818 0.642069 0.190522 
0.775373 1.491062 0.079291 0.758591 2.376368 -0.026604 1.132165 1.632135 0.072400 1.639160 1.271420 0.187810 1.585703 1.370229 0.043100 1.232314 0.662324 0.214387 1.065887 0.642072 0.190593 
0.775364 1.491072 0.079400 0.758503 2.376416 -0.026465 1.132146 1.632153 0.072468 1.639170 1.271447 0.187827 1.585705 1.370215 0.043100 1.232424 0.662360 0.214423 1.065921 0.642075 0.190669 
0.775361 1.491083 0.079525 0.758413 2.376478 -0.026296 1.132125 1.632172 0.072544 1.639184 1.271484 0.187839 1.585712 1.370174 0.043091 1.232551 0.662398 0.214470 1.065966 0.642077 0.190753 
0.775357 1.491090 0.079667 0.758311 2.376539 -0.026120 1.132099 1.632190 0.072620 1.639203 1.271531 0.187842 1.585719 1.370133 0.043071 1.232675 0.662439 0.214538 1.066027 0.642083 0.190863 
0.775366 1.491102 0.079816 0.758146 2.376644 -0.025911 1.132048 1.632208 0.072703 1.639247 1.271630 0.187915 1.585758 1.369965 0.043019 1.232887 0.662519 0.214594 1.066154 0.642109 0.190970 
0.775368 1.491094 0.080010 0.757913 2.376731 -0.025675 1.131999 1.632231 0.072796 1.639300 1.271776 0.187944 1.585775 1.369895 0.042950 1.233107 0.662599 0.214684 1.066323 0.642136 0.191132 
0.775373 1.491089 0.080223 0.757681 2.376833 -0.025432 1.131956 1.632251 0.072893 1.639355 1.271883 0.187952 1.585799 1.369792 0.042874 1.233313 0.662669 0.214799 1.066478 0.642157 0.191322 
0.775366 1.491079 0.080451 0.757439 2.376935 -0.025205 1.131911 1.632271 0.072984 1.639404 1.271978 0.187930 1.585816 1.369704 0.042796 1.233502 0.662736 0.214944 1.066617 0.642178 0.191543 
0.775365 1.491079 0.080669 0.757251 2.377036 -0.025002 1.131887 1.632298 0.073067 1.639447 1.272064 0.187876 1.585822 1.369673 0.042723 1.233678 0.662797 0.215085 1.066735 0.642195 0.191765 
0.775366 1.491078 0.080865 0.757084 2.377128 -0.024836 1.131868 1.632321 0.073138 1.639486 1.272140 0.187815 1.585830 1.369642 0.042660 1.233840 0.662852 0.215222 1.066842 0.642208 0.191980 
0.775404 1.491082 0.081043 0.757042 2.377238 -0.024669 1.131870 1.632343 0.073196 1.639514 1.272258 0.187705 1.585839 1.369601 0.042606 1.234029 0.662903 0.215386 1.066961 0.642212 0.192204 
0.775407 1.491075 0.081209 0.756882 2.377309 -0.024554 1.131848 1.632353 0.073245 1.639562 1.272308 0.187683 1.585857 1.369518 0.042529 1.234183 0.662959 0.215507 1.067065 0.642230 0.192400 
0.775410 1.491076 0.081391 0.756741 2.377396 -0.024400 1.131827 1.632374 0.073307 1.639603 1.272388 0.187642 1.585866 1.369472 0.042456 1.234362 0.663022 0.215623 1.067171 0.642247 0.192593 
0.775413 1.491079 0.081586 0.756591 2.377492 -0.024218 1.131814 1.632398 0.073382 1.639645 1.272452 0.187589 1.585874 1.369447 0.042387 1.234501 0.663069 0.215748 1.067269 0.642262 0.192786 
0.775405 1.491086 0.081780 0.756429 2.377593 -0.024027 1.131797 1.632425 0.073461 1.639681 1.272497 0.187542 1.585881 1.369419 0.042327 1.234632 0.663118 0.215855 1.067349 0.642276 0.192967 
0.775395 1.491091 0.081970 0.756276 2.377690 -0.023836 1.131784 1.632453 0.073540 1.639711 1.272536 0.187483 1.585880 1.369422 0.042273 1.234743 0.663157 0.215961 1.067419 0.642286 0.193141 
0.775429 1.491103 0.082146 0.756249 2.377812 -0.023631 1.131791 1.632481 0.073606 1.639740 1.272621 0.187394 1.585887 1.369385 0.042216 1.234911 0.663204 0.216092 1.067510 0.642292 0.193319 
0.775424 1.491089 0.082326 0.756075 2.377874 -0.023502 1.131769 1.632492 0.073658 1.639785 1.272673 0.187345 1.585896 1.369341 0.042135 1.235067 0.663257 0.216218 1.067615 0.642308 0.193527 
0.775434 1.491087 0.082510 0.755952 2.377956 -0.023352 1.131759 1.632512 0.073714 1.639825 1.272750 0.187272 1.585900 1.369318 0.042059 1.235239 0.663312 0.216348 1.067718 0.642321 0.193729 
0.775447 1.491081 0.082691 0.755805 2.378029 -0.023210 1.131747 1.632527 0.073772 1.639869 1.272834 0.187201 1.585909 1.369286 0.041986 1.235407 0.663363 0.216477 1.067839 0.642331 0.193933 
0.775445 1.491077 0.082878 0.755644 2.378105 -0.023048 1.131732 1.632547 0.073836 1.639911 1.272886 0.187143 1.585915 1.369264 0.041913 1.235543 0.663409 0.216599 1.067932 0.642345 0.194127 
0.775440 1.491069 0.083077 0.755471 2.378180 -0.022879 1.131712 1.632565 0.073902 1.639953 1.272944 0.187072 1.585919 1.369242 0.041835 1.235695 0.663458 0.216731 1.068035 0.642356 0.194336 
