1.505015 0.371778 0.004879 1.483131 0.155644 0.003983 1.368775 0.383107 0.004919 1.345895 0.170144 0.004036 
1.505015 0.371781 0.004886 1.483131 0.155646 0.004077 1.368775 0.383110 0.004923 1.345895 0.170146 0.004125 
1.505015 0.371782 0.004891 1.483131 0.155648 0.004161 1.368775 0.383111 0.004924 1.345895 0.170147 0.004205 
1.505015 0.371784 0.004897 1.483131 0.155649 0.004237 1.368775 0.383113 0.004927 1.345895 0.170149 0.004277 
1.504981 0.371713 0.004614 1.483056 0.155581 0.004317 1.368742 0.383067 0.004790 1.345823 0.170106 0.004500 
1.504980 0.371714 0.004646 1.483056 0.155582 0.004379 1.368742 0.383068 0.004807 1.345822 0.170107 0.004545 
1.504969 0.371605 0.004299 1.483024 0.155476 0.004565 1.368732 0.382973 0.004460 1.345792 0.170014 0.004724 
1.504981 0.371709 0.004411 1.483046 0.155578 0.004328 1.368743 0.383070 0.004518 1.345813 0.170110 0.004437 
1.504983 0.371707 0.004472 1.483047 0.155576 0.004390 1.368745 0.383068 0.004567 1.345815 0.170109 0.004487 
1.504988 0.371869 0.004618 1.483135 0.155730 0.004298 1.368746 0.383178 0.004419 1.345897 0.170209 0.004101 
1.505177 0.371964 0.005040 1.483326 0.155826 0.004256 1.368936 0.383274 0.004435 1.346089 0.170307 0.003656 
1.505042 0.372074 0.005006 1.483215 0.155935 0.004006 1.368799 0.383369 0.004691 1.345975 0.170400 0.003702 
1.505044 0.372076 0.005001 1.483216 0.155936 0.004095 1.368801 0.383371 0.004716 1.345976 0.170401 0.003820 
1.505045 0.372078 0.004999 1.483217 0.155938 0.004176 1.368802 0.383372 0.004741 1.345977 0.170403 0.003927 
1.504964 0.372187 0.005033 1.483116 0.156051 0.003866 1.368722 0.383494 0.005000 1.345878 0.170528 0.003849 
1.505120 0.372373 0.005764 1.483213 0.156252 0.003454 1.368881 0.383720 0.005534 1.345979 0.170769 0.003254 
1.505070 0.372466 0.006472 1.483167 0.156355 0.003264 1.368831 0.383809 0.006365 1.345932 0.170869 0.003201 
1.506878 0.371325 0.008887 1.483090 0.155457 0.003494 1.370743 0.383863 0.008693 1.345987 0.171174 0.003374 
1.510110 0.368883 0.013075 1.482633 0.153599 0.003511 1.374211 0.383758 0.012955 1.345821 0.171667 0.003525 
1.510244 0.368472 0.016378 1.482534 0.153386 0.003577 1.374362 0.383508 0.016248 1.345743 0.171613 0.003628 
1.509557 0.368605 0.017741 1.482573 0.153504 0.003700 1.373627 0.383191 0.017578 1.345722 0.171277 0.003735 
1.508811 0.369023 0.017126 1.482630 0.153790 0.003599 1.372826 0.383087 0.017149 1.345712 0.171038 0.003815 
1.508443 0.369289 0.016391 1.482716 0.153953 0.003649 1.372427 0.383059 0.016492 1.345761 0.170906 0.003931 
1.508886 0.369586 0.017535 1.483154 0.154343 0.003315 1.372879 0.383415 0.016841 1.346207 0.171355 0.002816 
1.508730 0.369570 0.018331 1.482979 0.154379 0.003385 1.372721 0.383398 0.017919 1.346031 0.171389 0.003180 
1.508802 0.369600 0.020662 1.483091 0.154597 0.003165 1.372793 0.383425 0.020192 1.346142 0.171600 0.002939 
1.508697 0.369330 0.024314 1.483110 0.154615 0.003421 1.372682 0.383104 0.023820 1.346155 0.171563 0.003219 
1.507846 0.368869 0.033836 1.484686 0.154854 0.004596 1.371686 0.381129 0.033723 1.347549 0.170264 0.004897 
1.513829 0.368563 0.044658 1.515249 -0.037789 0.002280 1.377579 0.379665 0.043082 1.304441 -0.075626 0.004774 1.280617 0.059470 0.019791 
1.520094 0.368726 0.053621 1.515250 -0.037810 0.002532 1.383919 0.380509 0.050879 1.304441 -0.075655 0.004789 1.280620 0.059351 0.020596 
1.518377 0.371331 0.059918 1.515267 -0.037835 0.002782 1.382237 0.383561 0.057463 1.304457 -0.075687 0.004799 1.280633 0.059247 0.021208 
1.510357 0.375014 0.063688 1.515265 -0.037843 0.002986 1.374178 0.387011 0.062646 1.304454 -0.075698 0.004810 1.280622 0.059201 0.021494 
1.501885 0.378021 0.066287 1.515262 -0.037844 0.003171 1.365663 0.389565 0.066695 1.304449 -0.075699 0.004818 1.280604 0.059195 0.021523 
1.496464 0.379523 0.068300 1.515260 -0.037847 0.003339 1.360220 0.390742 0.069594 1.304446 -0.075703 0.004825 1.280590 0.059179 0.021612 
1.494465 0.379564 0.069586 1.515258 -0.037855 0.003491 1.358220 0.390704 0.071277 1.304444 -0.075713 0.004832 1.280583 0.059137 0.021865 
1.494358 0.379071 0.070283 1.515257 -0.037863 0.003627 1.358112 0.390190 0.072099 1.304442 -0.075722 0.004839 1.280577 0.059096 0.022112 
1.495096 0.378189 0.070344 1.515256 -0.037869 0.003749 1.358855 0.389356 0.072172 1.304441 -0.075730 0.004846 1.280571 0.059065 0.022299 
1.496038 0.377075 0.069872 1.515255 -0.037873 0.003859 1.359804 0.388332 0.071709 1.304439 -0.075734 0.004853 1.280563 0.059046 0.022412 
1.496812 0.376201 0.069082 1.515253 -0.037873 0.003958 1.360584 0.387529 0.070963 1.304437 -0.075734 0.004860 1.280553 0.059045 0.022413 
1.497319 0.375857 0.068132 1.515251 -0.037869 0.004047 1.361096 0.387229 0.070094 1.304434 -0.075730 0.004866 1.280540 0.059067 0.022276 
1.497423 0.375979 0.067022 1.515247 -0.037860 0.004127 1.361204 0.387373 0.069112 1.304430 -0.075720 0.004872 1.280524 0.059111 0.021996 
1.496999 0.376153 0.065557 1.515244 -0.037848 0.004200 1.360781 0.387524 0.067831 1.304426 -0.075706 0.004878 1.280506 0.059173 0.021597 
1.496312 0.376332 0.063753 1.515239 -0.037831 0.004265 1.360093 0.387656 0.066225 1.304421 -0.075688 0.004884 1.280485 0.059252 0.021082 
1.495600 0.376552 0.061582 1.515234 -0.037810 0.004324 1.359381 0.387833 0.064238 1.304416 -0.075665 0.004889 1.280462 0.059346 0.020451 
1.494892 0.376817 0.059012 1.515227 -0.037810 0.004380 1.358674 0.388062 0.061831 1.304403 -0.075637 0.004897 1.280446 0.059460 0.019695 
1.494132 0.377110 0.056048 1.515220 -0.037780 0.004428 1.357914 0.388321 0.059012 1.304397 -0.075606 0.004902 1.280420 0.059580 0.018820 
1.493294 0.377419 0.052690 1.515213 -0.037747 0.004470 1.357076 0.388600 0.055780 1.304389 -0.075571 0.004907 1.280392 0.059713 0.017815 
1.492381 0.377735 0.048926 1.515213 -0.037748 0.004533 1.356164 0.388902 0.052122 1.304388 -0.075569 0.004936 1.280369 0.059820 0.016648 
1.491513 0.378076 0.044749 1.515138 -0.037912 0.004579 1.355305 0.389317 0.048033 1.304268 -0.075485 0.004966 1.280387 0.060039 0.015315 
1.490724 0.378476 0.040166 1.515128 -0.037863 0.004607 1.354524 0.389813 0.043487 1.304259 -0.075433 0.004965 1.280357 0.060189 0.013869 
1.489979 0.379005 0.035135 1.515118 -0.037808 0.004632 1.353787 0.390430 0.038439 1.304248 -0.075376 0.004965 1.280328 0.060340 0.012255 
1.489297 0.379651 0.029746 1.515107 -0.037747 0.004655 1.353100 0.391119 0.032735 1.304236 -0.075312 0.004966 1.280299 0.060485 0.010466 
1.489739 0.380278 0.024685 1.514915 -0.037555 0.004176 1.353558 0.392162 0.026535 1.304052 -0.075161 0.004958 1.280088 0.060681 0.009032 
1.490079 0.380769 0.019569 1.514900 -0.037501 0.004323 1.353917 0.392999 0.020138 1.304031 -0.075069 0.005021 1.280077 0.060815 0.007420 
1.490575 0.381006 0.014498 1.514886 -0.037426 0.004751 1.354445 0.393592 0.014617 1.303995 -0.074854 0.006202 1.280126 0.061063 0.007144 
1.491111 0.381103 0.009663 1.514830 -0.037270 0.005549 1.355013 0.394040 0.009639 1.303883 -0.074300 0.008357 1.280256 0.061661 0.007832 
1.491232 0.381200 0.005452 1.514839 -0.037129 0.007458 1.355142 0.394218 0.005451 1.303876 -0.073946 0.011556 1.280348 0.062012 0.009123 
1.516687 -0.036422 0.011132 1.354874 0.394343 0.005212 1.490962 0.381319 0.004837 1.282214 0.062775 0.011431 1.305717 -0.073142 0.015700 
1.519285 -0.038504 0.016626 1.354954 0.394368 0.004977 1.491041 0.381328 0.004658 1.284865 0.060793 0.014370 1.308279 -0.075049 0.020917 
1.521301 -0.042787 0.022621 1.354774 0.394279 0.004757 1.490860 0.381232 0.004148 1.286960 0.056604 0.017835 1.310257 -0.079107 0.026977 
1.522642 -0.047986 0.028671 1.354772 0.394278 0.004773 1.490857 0.381231 0.004229 1.288392 0.051474 0.021440 1.311560 -0.084056 0.033233 
1.522916 -0.053454 0.034596 1.354770 0.394277 0.004787 1.490855 0.381230 0.004302 1.288759 0.046044 0.025226 1.311798 -0.089257 0.039608 
1.522299 -0.058471 0.040199 1.354767 0.394277 0.004800 1.490854 0.381230 0.004368 1.288227 0.041051 0.029085 1.311151 -0.093992 0.045875 
1.521590 -0.062418 0.045338 1.354766 0.394276 0.004811 1.490852 0.381229 0.004426 1.287603 0.037125 0.032734 1.310412 -0.097656 0.051653 
1.520957 -0.065202 0.049922 1.354764 0.394276 0.004821 1.490850 0.381229 0.004479 1.287057 0.034378 0.036046 1.309749 -0.100152 0.056801 
1.520468 -0.067033 0.054039 1.354763 0.394283 0.004834 1.490850 0.381236 0.004530 1.286653 0.032587 0.039077 1.309231 -0.101710 0.061406 
1.520209 -0.067801 0.057821 1.354764 0.394305 0.004856 1.490850 0.381256 0.004586 1.286436 0.031785 0.041990 1.308958 -0.102300 0.065613 
1.520188 -0.067571 0.061236 1.354766 0.394338 0.004889 1.490853 0.381288 0.004641 1.286419 0.031915 0.044733 1.308937 -0.101984 0.069393 
1.520261 -0.066812 0.064243 1.354769 0.394373 0.004928 1.490855 0.381321 0.004690 1.286478 0.032555 0.047230 1.309016 -0.101181 0.072741 
1.520246 -0.065670 0.066789 1.354772 0.394405 0.004968 1.490859 0.381353 0.004731 1.286445 0.033592 0.049422 1.309010 -0.100005 0.075624 
1.520054 -0.064436 0.068958 1.354775 0.394435 0.005005 1.490861 0.381382 0.004769 1.286235 0.034744 0.051365 1.308827 -0.098734 0.078145 
1.519762 -0.063361 0.070831 1.354778 0.394462 0.005040 1.490864 0.381408 0.004802 1.285926 0.035755 0.053092 1.308543 -0.097615 0.080381 
1.519490 -0.062553 0.072480 1.354780 0.394485 0.005071 1.490866 0.381431 0.004831 1.285639 0.036509 0.054641 1.308280 -0.096763 0.082385 
1.519325 -0.062101 0.073974 1.354782 0.394505 0.005098 1.490868 0.381450 0.004856 1.285462 0.036913 0.056038 1.308125 -0.096266 0.084210 
1.519287 -0.061865 0.075294 1.354784 0.394521 0.005122 1.490870 0.381465 0.004878 1.285411 0.037103 0.057267 1.308095 -0.095990 0.085827 
1.519272 -0.061667 0.076375 1.354785 0.394534 0.005143 1.490871 0.381478 0.004896 1.285383 0.037263 0.058308 1.308088 -0.095758 0.087186 
1.519249 -0.061506 0.077220 1.354786 0.394545 0.005161 1.490872 0.381489 0.004912 1.285347 0.037397 0.059170 1.308074 -0.095567 0.088296 
1.519218 -0.061381 0.077836 1.354787 0.394554 0.005177 1.490873 0.381498 0.004925 1.285303 0.037503 0.059858 1.308052 -0.095416 0.089165 
1.519180 -0.061294 0.078229 1.354788 0.394560 0.005191 1.490874 0.381503 0.004935 1.285253 0.037583 0.060373 1.308024 -0.095307 0.089796 
1.519125 -0.061243 0.078402 1.354788 0.394563 0.005202 1.490874 0.381507 0.004943 1.285185 0.037638 0.060719 1.307978 -0.095237 0.090194 
1.519026 -0.061211 0.078362 1.354789 0.394564 0.005212 1.490874 0.381509 0.004948 1.285075 0.037683 0.060907 1.307889 -0.095192 0.090367 
1.518879 -0.061185 0.078115 1.354789 0.394565 0.005219 1.490875 0.381509 0.004953 1.284916 0.037731 0.060947 1.307752 -0.095158 0.090324 
1.518699 -0.061166 0.077659 1.354789 0.394563 0.005225 1.490875 0.381508 0.004956 1.284724 0.037779 0.060831 1.307583 -0.095139 0.090057 
1.518511 -0.061156 0.076986 1.354789 0.394560 0.005228 1.490874 0.381504 0.004959 1.284524 0.037826 0.060542 1.307406 -0.095136 0.089549 
1.518332 -0.061169 0.076097 1.354788 0.394554 0.005229 1.490874 0.381499 0.004960 1.284335 0.037857 0.060072 1.307238 -0.095164 0.088796 
1.518172 -0.061210 0.074990 1.354787 0.394545 0.005226 1.490873 0.381491 0.004961 1.284164 0.037863 0.059417 1.307088 -0.095228 0.087793 
1.518028 -0.061286 0.073663 1.354786 0.394534 0.005220 1.490872 0.381480 0.004960 1.284011 0.037840 0.058571 1.306953 -0.095336 0.086534 
1.517892 -0.061395 0.072110 1.354784 0.394520 0.005211 1.490870 0.381467 0.004959 1.283866 0.037788 0.057531 1.306825 -0.095485 0.085013 
1.517752 -0.061534 0.070323 1.354782 0.394503 0.005199 1.490868 0.381451 0.004957 1.283720 0.037712 0.056289 1.306692 -0.095671 0.083219 
1.517603 -0.061699 0.068291 1.354780 0.394483 0.005183 1.490866 0.381432 0.004954 1.283565 0.037613 0.054836 1.306550 -0.095893 0.081141 
1.517446 -0.061897 0.066004 1.354777 0.394461 0.005164 1.490863 0.381411 0.004951 1.283404 0.037486 0.053161 1.306397 -0.096154 0.078766 
1.517283 -0.062135 0.063454 1.354774 0.394435 0.005141 1.490860 0.381386 0.004947 1.283238 0.037322 0.051253 1.306238 -0.096464 0.076079 
1.517121 -0.062417 0.060630 1.354770 0.394406 0.005114 1.490857 0.381358 0.004942 1.283075 0.037117 0.049099 1.306078 -0.096825 0.073066 
1.516968 -0.062741 0.057514 1.354766 0.394373 0.005083 1.490853 0.381326 0.004936 1.282922 0.036871 0.046683 1.305925 -0.097237 0.069705 
1.516830 -0.063089 0.054087 1.354761 0.394337 0.005046 1.490848 0.381291 0.004930 1.282784 0.036601 0.043985 1.305785 -0.097681 0.065968 
1.516709 -0.063451 0.050328 1.354756 0.394297 0.005004 1.490843 0.381252 0.004925 1.282664 0.036317 0.040986 1.305660 -0.098148 0.061830 
1.516605 -0.063760 0.046294 1.354753 0.394265 0.004991 1.490840 0.381220 0.004922 1.282550 0.036055 0.037762 1.305556 -0.098596 0.057352 
1.516651 -0.063007 0.042387 1.354725 0.394291 0.004950 1.490810 0.381220 0.004723 1.282546 0.036769 0.034802 1.305614 -0.098077 0.052931 
1.517213 -0.060529 0.038028 1.354634 0.394333 0.005023 1.490718 0.381264 0.004689 1.283027 0.039130 0.031482 1.306194 -0.095926 0.047828 
1.518010 -0.056503 0.033021 1.354590 0.394269 0.004812 1.490678 0.381239 0.004427 1.283726 0.042995 0.027648 1.307016 -0.092272 0.041947 
1.518882 -0.051816 0.028001 1.354589 0.394269 0.004828 1.490677 0.381238 0.004478 1.284487 0.047478 0.023865 1.307916 -0.087980 0.035958 
1.519701 -0.047311 0.023017 1.354530 0.394402 0.005115 1.490615 0.381349 0.004537 1.285197 0.051772 0.020118 1.308763 -0.083843 0.029984 
1.520437 -0.043273 0.018155 1.354528 0.394403 0.005102 1.490613 0.381350 0.004577 1.285848 0.055635 0.016439 1.309520 -0.080103 0.024117 
1.521136 -0.039455 0.013373 1.354527 0.394403 0.005092 1.490612 0.381350 0.004613 1.286473 0.059290 0.012816 1.310237 -0.076537 0.018310 
1.521809 -0.035840 0.008652 1.354506 0.394439 0.005168 1.490591 0.381383 0.004647 1.287082 0.062752 0.009231 1.310925 -0.073132 0.012556 
1.521838 -0.035035 0.005893 1.354504 0.394419 0.005944 1.490589 0.381364 0.005457 1.287110 0.063555 0.006687 1.310933 -0.072370 0.007652 
1.521790 -0.035091 0.004984 1.354519 0.394323 0.008550 1.490604 0.381256 0.008104 1.287113 0.063624 0.005189 1.310858 -0.072318 0.004975 
1.521699 -0.035109 0.004556 1.354324 0.394102 0.011886 1.490421 0.381166 0.011389 1.287052 0.063664 0.005963 1.310759 -0.072281 0.004944 
1.521623 -0.035131 0.004273 1.354068 0.393798 0.015327 1.490180 0.381030 0.014755 1.287001 0.063682 0.006772 1.310676 -0.072260 0.004920 
1.521625 -0.035154 0.004335 1.353852 0.393366 0.018581 1.489994 0.380928 0.017897 1.287006 0.063646 0.007456 1.310678 -0.072285 0.004919 
1.521628 -0.035175 0.004391 1.353905 0.392858 0.021528 1.490074 0.380723 0.020775 1.287010 0.063611 0.008080 1.310681 -0.072307 0.004918 
1.521630 -0.035196 0.004441 1.356474 0.392432 0.023609 1.492664 0.380516 0.023494 1.287015 0.063573 0.008687 1.310683 -0.072330 0.004917 
1.497571 0.380516 0.025633 1.521632 -0.035213 0.004486 1.361378 0.392376 0.024718 1.310685 -0.072348 0.004914 1.287019 0.063540 0.009181 
1.502736 0.380739 0.027236 1.521633 -0.035225 0.004526 1.366560 0.392656 0.025297 1.310687 -0.072361 0.004913 1.287021 0.063518 0.009508 
1.503714 0.380534 0.027661 1.521634 -0.035231 0.004562 1.367551 0.392594 0.025635 1.310687 -0.072367 0.004910 1.287022 0.063505 0.009682 
1.503694 0.380524 0.027842 1.521633 -0.035230 0.004597 1.367534 0.392591 0.025670 1.310686 -0.072367 0.004909 1.287020 0.063506 0.009648 
1.503687 0.380571 0.027546 1.521631 -0.035224 0.004629 1.367527 0.392632 0.025334 1.310684 -0.072360 0.004908 1.287016 0.063520 0.009444 
1.503723 0.380641 0.026813 1.521628 -0.035212 0.004659 1.367565 0.392716 0.024587 1.310681 -0.072347 0.004908 1.287010 0.063543 0.009082 
1.503904 0.380668 0.025497 1.521624 -0.035195 0.004687 1.367755 0.392845 0.023250 1.310677 -0.072330 0.004908 1.287003 0.063574 0.008584 
1.504194 0.380650 0.023756 1.521620 -0.035176 0.004712 1.368059 0.392989 0.021565 1.310673 -0.072311 0.004909 1.286996 0.063606 0.008046 
1.504563 0.380589 0.021685 1.521617 -0.035159 0.004736 1.368445 0.393136 0.019586 1.310670 -0.072294 0.004912 1.286990 0.063634 0.007546 
1.504910 0.380540 0.019374 1.521608 -0.035170 0.004761 1.368809 0.393300 0.017464 1.310655 -0.072273 0.004919 1.286994 0.063667 0.007040 
1.505364 0.380405 0.016819 1.521614 -0.035209 0.004782 1.369286 0.393426 0.015089 1.310651 -0.072253 0.004923 1.287026 0.063700 0.006499 
1.505975 0.380122 0.014054 1.521697 -0.035687 0.004801 1.369930 0.393510 0.012601 1.310647 -0.072231 0.004928 1.287343 0.063784 0.005867 
1.507134 0.379347 0.011090 1.521884 -0.036735 0.004918 1.371164 0.393519 0.010017 1.310651 -0.072208 0.004934 1.288036 0.063926 0.005194 
1.508236 0.378529 0.008391 1.521888 -0.037242 0.005056 1.372347 0.393481 0.007729 1.310546 -0.072062 0.005090 1.288352 0.064142 0.005019 
1.509101 0.377888 0.006147 1.522054 -0.037300 0.005647 1.373281 0.393467 0.005764 1.310564 -0.071207 0.005667 1.288958 0.065090 0.004999 
1.509766 0.377932 0.005420 1.524135 -0.038138 0.006952 1.374001 0.393982 0.004980 1.312495 -0.071096 0.006597 1.291505 0.065289 0.004981 
1.528213 -0.038923 0.009039 1.374274 0.394068 0.004400 1.510026 0.377929 0.005242 1.295908 0.065170 0.004983 1.316483 -0.071264 0.007541 
1.532279 -0.039823 0.011177 1.374287 0.394023 0.004244 1.510038 0.377877 0.005063 1.300075 0.064406 0.005232 1.320536 -0.072023 0.008769 
1.535267 -0.041156 0.013407 1.374185 0.394071 0.004473 1.509942 0.377959 0.005050 1.303148 0.063185 0.006255 1.323508 -0.073231 0.010747 
1.536733 -0.042757 0.015459 1.374187 0.394071 0.004519 1.509945 0.377959 0.005040 1.304669 0.061665 0.007731 1.324955 -0.074730 0.013124 
1.536750 -0.044526 0.017124 1.374247 0.394120 0.004484 1.510004 0.378016 0.005079 1.304708 0.059935 0.009237 1.324955 -0.076430 0.015466 
1.536017 -0.046316 0.018501 1.374215 0.394164 0.004576 1.509971 0.378042 0.004936 1.303989 0.058182 0.010719 1.324207 -0.078150 0.017698 
1.535146 -0.047887 0.019731 1.374216 0.394164 0.004612 1.509972 0.378042 0.004936 1.303142 0.056681 0.012162 1.323319 -0.079623 0.019792 
1.534315 -0.048968 0.020699 1.374210 0.394168 0.004626 1.509966 0.378043 0.004888 1.302310 0.055620 0.013446 1.322483 -0.080655 0.021598 
1.533589 -0.049532 0.021381 1.374183 0.394163 0.004542 1.509938 0.378025 0.004658 1.301573 0.055060 0.014542 1.321757 -0.081190 0.023064 
1.533030 -0.049814 0.021831 1.374183 0.394163 0.004582 1.509938 0.378025 0.004684 1.301021 0.054822 0.015442 1.321196 -0.081413 0.024222 
1.532631 -0.049967 0.022101 1.374119 0.394112 0.004472 1.509871 0.377951 0.004345 1.300628 0.054710 0.016189 1.320798 -0.081514 0.025142 
1.532321 -0.050106 0.022222 1.374091 0.394091 0.004438 1.509840 0.377911 0.004193 1.300320 0.054604 0.016818 1.320492 -0.081614 0.025874 
1.532027 -0.050192 0.022168 1.374072 0.394263 0.004740 1.509821 0.378077 0.004388 1.300027 0.054544 0.017321 1.320204 -0.081670 0.026402 
1.531658 -0.050401 0.021927 1.374068 0.394269 0.004743 1.509814 0.378065 0.004318 1.299654 0.054355 0.017686 1.319845 -0.081860 0.026733 
1.531278 -0.050344 0.021475 1.374066 0.394270 0.004765 1.509813 0.378065 0.004376 1.299264 0.054414 0.017908 1.319478 -0.081806 0.026822 
1.530920 -0.049879 0.020732 1.374016 0.394356 0.004825 1.509762 0.378148 0.004313 1.298895 0.054879 0.017905 1.319135 -0.081353 0.026575 
1.530558 -0.049217 0.019828 1.374008 0.394345 0.004785 1.509753 0.378132 0.004283 1.298517 0.055524 0.017787 1.318790 -0.080723 0.026134 
1.530138 -0.048636 0.018854 1.373993 0.394302 0.004644 1.509736 0.378075 0.004105 1.298085 0.056089 0.017613 1.318390 -0.080175 0.025606 
1.529723 -0.047980 0.017803 1.373540 0.394400 0.005078 1.509280 0.378173 0.003957 1.297657 0.056723 0.017380 1.317994 -0.079560 0.024964 
1.529411 -0.047469 0.016674 1.373595 0.394865 0.005644 1.509331 0.378625 0.004287 1.297336 0.057215 0.017049 1.317700 -0.079087 0.024193 
1.529261 -0.046778 0.015434 1.373590 0.394869 0.005573 1.509327 0.378628 0.004341 1.297163 0.057849 0.016606 1.317572 -0.078472 0.023247 
1.529142 -0.045997 0.014090 1.373586 0.394872 0.005510 1.509324 0.378631 0.004391 1.297020 0.058563 0.016070 1.317476 -0.077777 0.022157 
1.528998 -0.045197 0.012667 1.373582 0.394875 0.005456 1.509320 0.378633 0.004436 1.296852 0.059292 0.015459 1.317354 -0.077066 0.020955 
1.528758 -0.044340 0.011166 1.373579 0.394878 0.005413 1.509318 0.378635 0.004477 1.296590 0.060074 0.014788 1.317135 -0.076301 0.019652 
1.528440 -0.043310 0.009590 1.373576 0.394880 0.005383 1.509316 0.378637 0.004514 1.296251 0.061026 0.014056 1.316839 -0.075366 0.018240 
1.528266 -0.042810 0.008499 1.373415 0.394929 0.005475 1.509150 0.378673 0.004202 1.296092 0.061545 0.013268 1.316647 -0.074873 0.016691 
1.528194 -0.042860 0.007811 1.373422 0.394929 0.005715 1.509155 0.378673 0.004276 1.296055 0.061567 0.012722 1.316548 -0.074875 0.015462 
1.528101 -0.042905 0.007216 1.373447 0.394936 0.005959 1.509177 0.378669 0.004373 1.296021 0.061644 0.012312 1.316425 -0.074822 0.014459 
1.527992 -0.042943 0.006736 1.373647 0.395016 0.006429 1.509363 0.378637 0.004741 1.295988 0.061765 0.012047 1.316287 -0.074724 0.013716 
1.527854 -0.042980 0.006341 1.373880 0.395106 0.007030 1.509579 0.378594 0.005298 1.295952 0.061943 0.011843 1.316114 -0.074571 0.013118 
1.527687 -0.043015 0.006018 1.374157 0.395216 0.007566 1.509836 0.378545 0.005827 1.295907 0.062173 0.011631 1.315905 -0.074367 0.012586 
1.527492 -0.043050 0.005764 1.374481 0.395350 0.007996 1.510137 0.378490 0.006284 1.295857 0.062453 0.011417 1.315661 -0.074117 0.012120 
1.527270 -0.043085 0.005569 1.374849 0.395506 0.008319 1.510479 0.378431 0.006667 1.295799 0.062780 0.011189 1.315384 -0.073822 0.011701 
1.527023 -0.043120 0.005424 1.375247 0.395680 0.008515 1.510848 0.378369 0.006957 1.295735 0.063149 0.010932 1.315078 -0.073489 0.011302 
1.526783 -0.043153 0.005323 1.375498 0.395792 0.008560 1.511081 0.378330 0.007131 1.295671 0.063510 0.010644 1.314778 -0.073161 0.010917 
1.526661 -0.043166 0.005279 1.375586 0.395832 0.008480 1.511164 0.378313 0.007184 1.295669 0.063766 0.010348 1.314614 -0.072927 0.010573 
1.526627 -0.043169 0.005279 1.375640 0.395854 0.008291 1.511214 0.378299 0.007126 1.295652 0.063814 0.010064 1.314566 -0.072883 0.010295 
1.526616 -0.043169 0.005318 1.375649 0.395867 0.008027 1.511223 0.378301 0.006988 1.295639 0.063822 0.009783 1.314548 -0.072876 0.010058 
1.526613 -0.043166 0.005396 1.375645 0.395876 0.007720 1.511219 0.378309 0.006801 1.295626 0.063820 0.009501 1.314540 -0.072878 0.009859 
1.526610 -0.043162 0.005510 1.375641 0.395888 0.007350 1.511216 0.378318 0.006550 1.295614 0.063820 0.009223 1.314531 -0.072877 0.009700 
1.526606 -0.043156 0.005655 1.375639 0.395900 0.006952 1.511214 0.378328 0.006266 1.295604 0.063823 0.008995 1.314524 -0.072873 0.009622 
1.526595 -0.043150 0.005827 1.375651 0.395915 0.006550 1.511225 0.378332 0.005974 1.295595 0.063844 0.008841 1.314508 -0.072852 0.009644 
1.526558 -0.043145 0.006027 1.375708 0.395943 0.006110 1.511277 0.378323 0.005646 1.295582 0.063908 0.008719 1.314461 -0.072791 0.009725 
1.526478 -0.043144 0.006257 1.375834 0.395992 0.005583 1.511394 0.378293 0.005278 1.295559 0.064040 0.008583 1.314362 -0.072668 0.009822 
1.526419 -0.043139 0.006512 1.375862 0.396008 0.005237 1.511420 0.378292 0.004986 1.295545 0.064147 0.008600 1.314290 -0.072566 0.010096 
1.526497 -0.042834 0.006686 1.375861 0.396009 0.005201 1.511419 0.378293 0.004981 1.295626 0.064457 0.008909 1.314372 -0.072254 0.010572 
1.526892 -0.041923 0.006901 1.375860 0.396009 0.005167 1.511418 0.378293 0.004976 1.295997 0.065319 0.008965 1.314770 -0.071387 0.010678 
1.527360 -0.040922 0.007200 1.375859 0.396010 0.005135 1.511417 0.378294 0.004970 1.296430 0.066250 0.008919 1.315243 -0.070451 0.010661 
1.527681 -0.040150 0.007508 1.375858 0.396011 0.005104 1.511416 0.378295 0.004965 1.296717 0.066954 0.008873 1.315567 -0.069741 0.010653 
1.527868 -0.039821 0.007810 1.375857 0.396011 0.005077 1.511415 0.378295 0.004961 1.296883 0.067244 0.008835 1.315755 -0.069447 0.010688 
1.528027 -0.039867 0.008105 1.375857 0.396012 0.005063 1.511415 0.378295 0.004960 1.297041 0.067197 0.008780 1.315911 -0.069493 0.010737 
1.528229 -0.039918 0.008337 1.375856 0.396012 0.005050 1.511414 0.378296 0.004959 1.297243 0.067147 0.008689 1.316110 -0.069542 0.010725 
1.528465 -0.039938 0.008496 1.375856 0.396012 0.005039 1.511414 0.378296 0.004958 1.297478 0.067125 0.008561 1.316344 -0.069564 0.010651 
1.528715 -0.039855 0.008540 1.375975 0.396050 0.004980 1.511533 0.378331 0.005151 1.297724 0.067201 0.008364 1.316593 -0.069487 0.010474 
1.528877 -0.039598 0.008473 1.375976 0.396051 0.004976 1.511534 0.378332 0.005126 1.297881 0.067444 0.008146 1.316755 -0.069243 0.010219 
1.529024 -0.039295 0.008350 1.375977 0.396051 0.004973 1.511534 0.378333 0.005104 1.298021 0.067732 0.007912 1.316903 -0.068955 0.009932 
1.529168 -0.038905 0.008192 1.375978 0.396052 0.004971 1.511535 0.378333 0.005085 1.298156 0.068105 0.007691 1.317047 -0.068582 0.009634 
1.529297 -0.038473 0.008031 1.375978 0.396052 0.004969 1.511536 0.378334 0.005068 1.298277 0.068519 0.007512 1.317179 -0.068168 0.009362 
1.529398 -0.038098 0.007861 1.375979 0.396053 0.004968 1.511536 0.378334 0.005054 1.298370 0.068876 0.007361 1.317282 -0.067811 0.009116 
1.529463 -0.037843 0.007684 1.375979 0.396053 0.004969 1.511537 0.378334 0.005044 1.298428 0.069116 0.007233 1.317348 -0.067571 0.008902 
1.529503 -0.037705 0.007509 1.375980 0.396053 0.004971 1.511537 0.378334 0.005032 1.298462 0.069241 0.007115 1.317390 -0.067446 0.008713 
1.529534 -0.037618 0.007348 1.375980 0.396054 0.004973 1.511538 0.378335 0.005020 1.298488 0.069317 0.007005 1.317423 -0.067369 0.008538 
1.529565 -0.037529 0.007189 1.375981 0.396054 0.004975 1.511538 0.378335 0.005010 1.298513 0.069395 0.006895 1.317455 -0.067291 0.008365 
1.529598 -0.037425 0.007033 1.375981 0.396054 0.004977 1.511539 0.378335 0.005002 1.298540 0.069487 0.006787 1.317489 -0.067199 0.008193 
1.529675 -0.037201 0.006743 1.375865 0.396286 0.005234 1.511421 0.378555 0.004962 1.298621 0.069718 0.006539 1.317566 -0.066969 0.007874 
1.529711 -0.036923 0.006515 1.375864 0.396288 0.005207 1.511420 0.378557 0.004959 1.298647 0.069974 0.006399 1.317604 -0.066712 0.007628 
1.529735 -0.036704 0.006306 1.375863 0.396289 0.005183 1.511419 0.378559 0.004956 1.298663 0.070174 0.006276 1.317631 -0.066511 0.007408 
1.529750 -0.036543 0.006123 1.375863 0.396291 0.005161 1.511419 0.378560 0.004955 1.298669 0.070318 0.006172 1.317648 -0.066367 0.007220 
1.529759 -0.036443 0.005982 1.375851 0.396307 0.005210 1.511406 0.378571 0.004956 1.298673 0.070407 0.006093 1.317659 -0.066278 0.007069 
1.529761 -0.036445 0.005943 1.375810 0.396422 0.005500 1.511365 0.378686 0.005139 1.298674 0.070404 0.006084 1.317661 -0.066281 0.007024 
1.529765 -0.036445 0.005933 1.375812 0.396431 0.005369 1.511367 0.378693 0.005021 1.298675 0.070398 0.006060 1.317665 -0.066286 0.006992 
1.529766 -0.036395 0.005955 1.375861 0.396494 0.005357 1.511415 0.378751 0.005062 1.298678 0.070450 0.006051 1.317666 -0.066234 0.007002 
