-0.079685 -0.142935 0.004947 0.194869 0.446374 0.005060 0.280664 0.339936 0.005028 0.125986 -0.083124 0.004943 -0.117987 -0.010357 0.004947 0.024922 0.316007 0.004990 
-0.079655 -0.142892 0.004796 0.194868 0.446405 0.005019 0.280673 0.339975 0.004987 0.126019 -0.083094 0.004971 -0.117949 -0.010311 0.004859 0.024933 0.316022 0.004990 
-0.079655 -0.142898 0.004816 0.194897 0.446633 0.005072 0.280715 0.340214 0.004980 0.126019 -0.083097 0.004964 -0.117950 -0.010318 0.004868 0.024979 0.316227 0.004977 
-0.079654 -0.142898 0.004833 0.280854 0.340585 0.004992 0.126019 -0.083098 0.004957 0.194949 0.446934 0.005065 -0.117949 -0.010317 0.004878 0.025136 0.316392 0.004979 
-0.079657 -0.142898 0.004846 0.281159 0.341069 0.004990 0.126018 -0.083102 0.004952 0.195126 0.447314 0.005109 -0.117949 -0.010317 0.004888 0.025471 0.316565 0.005031 
-0.079675 -0.142792 0.004559 0.281724 0.341636 0.005187 0.126000 -0.082995 0.004540 0.195560 0.447776 0.005294 -0.117968 -0.010212 0.004928 0.026066 0.316820 0.005052 
-0.079691 -0.142784 0.004596 0.281835 0.341971 0.005407 0.125991 -0.083013 0.004576 0.195503 0.447973 0.005450 -0.117968 -0.010199 0.004933 0.026218 0.316748 0.005009 
-0.079717 -0.142771 0.004629 0.283957 0.342658 0.006594 0.125978 -0.083044 0.004609 0.197538 0.448589 0.006512 -0.117965 -0.010178 0.004937 0.028365 0.317227 0.004999 
-0.079607 -0.142647 0.004253 0.287611 0.343124 0.008340 0.126093 -0.082939 0.004597 0.201267 0.449117 0.008026 -0.117843 -0.010051 0.004796 0.032018 0.317880 0.004994 
-0.079674 -0.142649 0.004352 0.293312 0.343411 0.010850 0.126023 -0.082927 0.004209 0.207287 0.449661 0.010147 -0.117917 -0.010055 0.004895 0.037688 0.318944 0.004995 
-0.079709 -0.142640 0.004522 0.300878 0.343466 0.013911 0.125976 -0.082887 0.003542 0.215366 0.450124 0.012675 -0.117970 -0.010052 0.005230 0.045222 0.320231 0.005146 
-0.079778 -0.142599 0.004564 0.309316 0.343296 0.017386 0.125938 -0.082952 0.003677 -0.117972 -0.009991 0.005203 0.224424 0.450437 0.015402 0.053660 0.321525 0.005443 
-0.079851 -0.142541 0.004605 0.317403 0.342384 0.020713 0.125904 -0.083027 0.003800 -0.117959 -0.009909 0.005181 0.233169 0.450022 0.017750 0.061791 0.322118 0.005591 
-0.079928 -0.142470 0.004674 0.323801 0.341436 0.023530 0.125871 -0.083106 0.003914 -0.117939 -0.009809 0.005188 0.240123 0.449476 0.019652 0.068274 0.322395 0.005650 
-0.079459 -0.142282 0.004541 0.328168 0.340973 0.025573 0.126412 -0.083168 0.004086 -0.117310 -0.009575 0.005035 0.244849 0.449260 0.020918 0.072749 0.322685 0.005495 
-0.078402 -0.142164 0.005118 0.331233 0.341246 0.026821 0.127536 -0.083301 0.003639 -0.116096 -0.009412 0.004772 0.248121 0.449663 0.021542 0.075929 0.323353 0.005002 
-0.077622 -0.142130 0.005721 0.334017 0.343587 0.028150 0.128334 -0.083370 0.003071 -0.115260 -0.009365 0.004792 0.251032 0.452092 0.022663 0.078812 0.325976 0.004978 
-0.076878 -0.141762 0.005744 0.338008 0.346434 0.030055 0.129323 -0.083843 0.003731 -0.113973 -0.008848 0.004421 0.255298 0.455147 0.024535 0.082916 0.329496 0.005201 
-0.075648 -0.141518 0.005711 0.342965 0.349033 0.032630 0.130599 -0.083751 0.004002 -0.112642 -0.008576 0.004355 0.260277 0.457727 0.026437 0.088161 0.332052 0.005000 
-0.072888 -0.140552 0.005393 0.348375 0.351177 0.034898 0.133542 -0.083422 0.004517 -0.109466 -0.007499 0.003732 0.265948 0.460039 0.028210 0.093796 0.334734 0.004973 
-0.068968 -0.140193 0.005466 0.355139 0.353855 0.038235 0.137382 -0.082769 0.005087 -0.105731 -0.007195 0.003451 0.272616 0.462574 0.030499 0.101001 0.336975 0.004988 
-0.068968 -0.140201 0.005419 0.356244 0.351607 0.040725 0.137382 -0.082777 0.005081 -0.105730 -0.007200 0.003589 0.274703 0.461035 0.032584 0.102306 0.336958 0.004984 
-0.068968 -0.140207 0.005385 0.355526 0.350971 0.043285 0.137382 -0.082785 0.005096 -0.105730 -0.007204 0.003704 0.274236 0.460534 0.034461 0.101937 0.336753 0.004981 
-0.068945 -0.140215 0.005349 0.354310 0.350073 0.044777 0.137408 -0.082804 0.005239 -0.105698 -0.007209 0.003677 0.273031 0.459589 0.035303 0.100960 0.335693 0.004981 
-0.083550 -0.146829 0.010343 0.354271 0.355364 0.044446 0.125757 -0.103872 0.025268 -0.110999 -0.011589 0.009519 0.272337 0.464376 0.034803 0.100964 0.339397 0.004983 
-0.109222 -0.174598 0.011318 0.354817 0.363322 0.038938 0.099705 -0.133705 0.034874 -0.135946 -0.039280 0.015640 0.270738 0.470747 0.029975 0.101072 0.342426 0.004977 
-0.153975 -0.231345 0.008253 0.354832 0.375046 0.033811 0.054164 -0.187346 0.033157 -0.182475 -0.096331 0.010001 0.267644 0.479989 0.025152 0.101173 0.346730 0.004968 
-0.215098 -0.289413 0.014708 0.354499 0.384813 0.031462 -0.006504 -0.242107 0.026050 -0.245310 -0.154767 0.013363 0.264106 0.486983 0.022506 0.101641 0.348564 0.004533 
-0.283109 -0.339407 0.028054 0.353430 0.391033 0.033377 -0.073880 -0.294541 0.018672 -0.311973 -0.204525 0.023838 0.260726 0.491111 0.024417 0.101677 0.349037 0.004509 
-0.330758 -0.371116 0.031294 0.352408 0.390706 0.040971 -0.121645 -0.329237 0.011396 -0.358072 -0.235945 0.026117 0.259796 0.490888 0.032233 0.101526 0.349212 0.004735 
-0.341056 -0.379161 0.010042 0.350934 0.385827 0.054066 -0.131480 -0.335213 0.005092 -0.369142 -0.244049 0.009942 0.260109 0.487548 0.044390 0.101463 0.349091 0.005164 
-0.341681 -0.382062 0.004740 0.346294 0.384583 0.072047 -0.132504 -0.336014 0.003257 -0.371110 -0.247237 0.005110 0.255698 0.486044 0.058348 0.100903 0.347667 0.005739 
-0.341098 -0.384298 0.004328 0.336408 0.384025 0.082151 -0.132376 -0.336215 0.003471 -0.371838 -0.249767 0.004934 0.244711 0.484289 0.067028 0.093014 0.344049 0.010472 
-0.340655 -0.386668 0.004373 0.324738 0.385937 0.090650 -0.132493 -0.336216 0.003605 -0.372923 -0.252494 0.004967 0.231911 0.485131 0.075369 0.082217 0.343247 0.017589 
-0.340348 -0.389991 0.004211 0.312627 0.391716 0.099614 -0.132882 -0.336749 0.003410 -0.374411 -0.256264 0.005187 0.218537 0.489737 0.084482 0.071067 0.346200 0.025089 
-0.340233 -0.393506 0.003985 0.300314 0.398573 0.107090 -0.133505 -0.337457 0.003540 -0.376106 -0.260255 0.005121 0.205028 0.495476 0.092249 0.059608 0.350442 0.031455 
-0.340236 -0.395746 0.004061 0.288434 0.405349 0.112008 -0.134138 -0.337425 0.003688 -0.377574 -0.262897 0.005143 0.191930 0.501053 0.097258 0.048541 0.354338 0.035679 
-0.340090 -0.395981 0.003930 0.279195 0.411365 0.115052 -0.134484 -0.335951 0.004062 -0.378533 -0.263447 0.004935 0.181871 0.506259 0.100456 0.039795 0.358436 0.038483 
-0.340016 -0.396005 0.004053 0.273375 0.416182 0.116904 -0.134814 -0.334609 0.004464 -0.379341 -0.263730 0.004928 0.175496 0.510453 0.101986 0.034543 0.361714 0.039645 
-0.339745 -0.395946 0.004151 0.269694 0.419986 0.116588 -0.134850 -0.333533 0.004620 -0.379726 -0.263867 0.004926 0.171335 0.513646 0.100988 0.031473 0.363898 0.038604 
-0.339539 -0.395876 0.004234 0.267799 0.422649 0.113935 -0.134781 -0.333012 0.004653 -0.379809 -0.263884 0.004925 0.169050 0.515729 0.097364 0.030173 0.364921 0.035335 
-0.339340 -0.397468 0.004756 0.267198 0.423580 0.108894 -0.134898 -0.333585 0.004643 -0.380267 -0.265677 0.004836 0.168271 0.516252 0.091142 0.030010 0.364540 0.029947 
-0.339010 -0.398537 0.005191 0.266223 0.423493 0.100994 -0.134699 -0.334235 0.005121 -0.380205 -0.266836 0.003777 0.167144 0.515769 0.082063 0.029215 0.363092 0.022537 
-0.338724 -0.398904 0.005113 0.265470 0.422604 0.090892 -0.134533 -0.334223 0.005242 -0.380162 -0.267282 0.003557 0.166326 0.514557 0.070766 0.028398 0.360988 0.013583 
-0.338632 -0.399059 0.005618 0.265403 0.421687 0.079366 -0.134500 -0.334190 0.005709 -0.380190 -0.267480 0.003650 0.166046 0.513287 0.058694 0.027600 0.358785 0.005407 
-0.338615 -0.399091 0.007184 0.267966 0.421634 0.071873 -0.134513 -0.334129 0.007297 -0.380222 -0.267557 0.003747 0.168853 0.513743 0.052319 0.027795 0.359603 0.005189 
-0.338796 -0.399026 0.009131 0.269472 0.420359 0.067881 -0.134667 -0.334176 0.010999 -0.380274 -0.267513 0.003860 0.170990 0.513111 0.048177 0.027935 0.359648 0.005028 
-0.339160 -0.398955 0.011499 0.270636 0.417549 0.066471 -0.134996 -0.334349 0.016046 -0.380348 -0.267460 0.003966 0.173284 0.511462 0.046652 0.028062 0.359633 0.004988 
-0.339601 -0.398542 0.013856 0.271539 0.414808 0.065838 -0.135407 -0.334332 0.021561 -0.380325 -0.267051 0.004077 0.175310 0.509864 0.045985 0.028145 0.359732 0.004989 
-0.340458 -0.396725 0.015433 0.272396 0.412259 0.065033 -0.136046 -0.333546 0.025534 -0.380331 -0.265092 0.004165 0.177176 0.508318 0.045136 0.028248 0.359707 0.004978 
-0.341164 -0.394010 0.016134 0.272939 0.410618 0.064390 -0.136560 -0.331708 0.027672 -0.380367 -0.262231 0.004243 0.178411 0.507326 0.044343 0.028287 0.359711 0.004972 
-0.341691 -0.392825 0.016851 0.273201 0.409740 0.064247 -0.136939 -0.331167 0.029208 -0.380390 -0.260957 0.004314 0.179107 0.506821 0.043957 0.028320 0.359781 0.004966 
-0.342438 -0.392945 0.017652 0.273278 0.409154 0.064582 -0.137431 -0.332263 0.030587 -0.380421 -0.260941 0.004383 0.179485 0.506485 0.044102 0.028349 0.359844 0.004962 
-0.343262 -0.393099 0.018295 0.273223 0.408666 0.065348 -0.137944 -0.333555 0.031601 -0.380442 -0.260926 0.004442 0.179664 0.506195 0.044746 0.028376 0.359885 0.004960 
-0.343489 -0.393140 0.018528 0.272750 0.409300 0.066913 -0.138094 -0.333882 0.031904 -0.380466 -0.260928 0.004503 0.179068 0.506606 0.045817 0.028405 0.359939 0.004982 
-0.343154 -0.393084 0.018298 0.271888 0.410684 0.068877 -0.137880 -0.333367 0.031493 -0.380460 -0.260936 0.004544 0.177855 0.507468 0.046956 0.028322 0.359963 0.005002 
-0.342411 -0.392952 0.017763 0.270577 0.413035 0.071478 -0.137398 -0.332225 0.030409 -0.380443 -0.260953 0.004580 0.175941 0.508930 0.048286 0.028197 0.360008 0.005022 
-0.337776 -0.383413 0.017601 0.269946 0.413576 0.072730 -0.133860 -0.319367 0.031528 -0.378641 -0.251657 0.013782 0.175488 0.509652 0.049560 0.027794 0.361047 0.005054 
-0.340913 -0.354725 0.013827 0.268175 0.421228 0.071926 -0.134790 -0.304653 0.043557 -0.372261 -0.220512 0.006874 0.170616 0.514298 0.049340 0.027558 0.361160 0.005055 
-0.369417 -0.332025 0.014315 0.265488 0.432854 0.069728 -0.159325 -0.295185 0.033851 -0.392050 -0.196259 0.004348 0.163690 0.521185 0.046823 0.027452 0.361295 0.004963 
-0.397465 -0.317433 0.013668 0.262213 0.445145 0.074907 -0.185606 -0.286655 0.020453 0.156922 0.528206 0.048367 -0.416729 -0.181098 0.004402 
-0.400488 -0.316843 0.010557 0.257364 0.453162 0.081424 -0.189125 -0.282190 0.012183 0.150310 0.532626 0.051178 -0.422508 -0.180748 0.004445 
-0.187369 -0.278590 0.008854 -0.398153 -0.316636 0.008536 0.251845 0.459477 0.088827 -0.422411 -0.180845 0.004479 0.143848 0.536064 0.054753 
-0.186094 -0.275680 0.007362 -0.396350 -0.316545 0.007074 0.246725 0.463277 0.096645 -0.422432 -0.181056 0.004499 0.138650 0.538027 0.058934 
-0.185026 -0.273917 0.006166 -0.394724 -0.317559 0.005946 0.239855 0.466419 0.101391 -0.422601 -0.182411 0.004595 0.131249 0.539556 0.062075 
-0.184418 -0.273636 0.005656 -0.393582 -0.319768 0.005560 0.229963 0.470064 0.102308 -0.423066 -0.184957 0.004734 0.120385 0.541564 0.062682 
-0.183826 -0.273321 0.005345 -0.392406 -0.322024 0.005317 0.220059 0.474532 0.102862 -0.423548 -0.187585 0.004817 0.109554 0.544498 0.063072 
-0.183384 -0.273045 0.005283 -0.391477 -0.323788 0.005260 0.211298 0.479250 0.103247 -0.423934 -0.189660 0.004833 0.100022 0.547952 0.063405 
-0.182652 -0.272771 0.005264 -0.390269 -0.325432 0.005241 0.205115 0.483364 0.103898 -0.423962 -0.191609 0.004842 0.093322 0.551003 0.063684 
-0.182355 -0.272652 0.005404 -0.389776 -0.326080 0.005382 0.202246 0.485836 0.104357 -0.423963 -0.192383 0.004848 0.090313 0.553154 0.063996 
-0.182359 -0.272638 0.005744 -0.389779 -0.326067 0.005723 0.202608 0.486125 0.104389 -0.423966 -0.192372 0.004853 0.090917 0.553843 0.064026 
-0.182372 -0.272641 0.006239 -0.389798 -0.326050 0.006219 0.203599 0.485326 0.103695 -0.423971 -0.192355 0.004858 0.092255 0.553661 0.063412 
-0.390101 -0.326096 0.006854 0.204968 0.484460 0.102956 -0.182558 -0.273145 0.006873 0.094029 0.553648 0.063013 -0.423977 -0.192333 0.004861 
-0.390914 -0.326260 0.007696 0.206013 0.483574 0.101975 -0.183068 -0.274514 0.007738 0.095302 0.553280 0.062300 -0.424010 -0.192317 0.004879 
-0.391504 -0.326359 0.008458 0.206731 0.483096 0.101051 -0.183443 -0.275486 0.008916 0.096146 0.553083 0.061520 -0.424026 -0.192294 0.004881 
-0.391731 -0.326371 0.009112 0.207049 0.483069 0.100450 -0.183601 -0.275788 0.010261 0.096557 0.553117 0.060767 -0.424048 -0.192275 0.004883 
-0.391775 -0.326341 0.009702 0.207249 0.483072 0.100023 -0.183655 -0.275747 0.011728 0.096872 0.553162 0.060097 -0.424072 -0.192260 0.004885 
-0.391686 -0.326277 0.010269 0.207408 0.483151 0.099608 -0.183633 -0.275455 0.013265 0.097135 0.553259 0.059426 -0.424099 -0.192246 0.004887 
-0.391595 -0.326209 0.010850 0.207625 0.483171 0.099119 -0.183620 -0.275142 0.014878 0.097459 0.553310 0.058700 -0.424127 -0.192231 0.004889 
-0.391602 -0.326161 0.011457 0.207985 0.482996 0.098559 -0.183677 -0.274986 0.016573 0.097949 0.553260 0.058001 -0.424157 -0.192216 0.004891 
-0.391778 -0.326145 0.012129 0.208496 0.482580 0.097971 -0.183851 -0.275107 0.018390 0.098623 0.553085 0.057390 -0.424188 -0.192200 0.004894 
-0.392109 -0.326141 0.013018 0.209140 0.481932 0.097329 -0.184126 -0.275463 0.020268 0.099475 0.552792 0.056803 -0.424218 -0.192174 0.004897 
-0.392535 -0.326151 0.013925 0.210011 0.480992 0.096550 -0.184458 -0.275984 0.021986 0.100613 0.552351 0.056181 -0.424244 -0.192147 0.004900 
-0.393043 -0.326174 0.014826 0.211011 0.479911 0.095527 -0.184842 -0.276643 0.023581 0.101867 0.551835 0.055470 -0.424267 -0.192119 0.004903 
-0.393599 -0.326209 0.015647 0.211959 0.478872 0.094540 -0.185254 -0.277398 0.025003 0.103044 0.551332 0.054828 -0.424287 -0.192094 0.004907 
-0.394082 -0.326240 0.016312 0.212683 0.478037 0.093811 -0.185618 -0.278050 0.026219 0.103963 0.550923 0.054348 -0.424305 -0.192074 0.004910 
-0.394465 -0.326266 0.016796 0.213121 0.477456 0.093446 -0.185910 -0.278569 0.027152 0.104552 0.550637 0.054110 -0.424320 -0.192059 0.004912 
-0.394623 -0.326269 0.017053 0.213139 0.477343 0.093528 -0.186041 -0.278753 0.027704 0.104659 0.550586 0.054063 -0.424328 -0.192052 0.004914 
-0.394613 -0.326247 0.017213 0.212929 0.477522 0.093828 -0.186052 -0.278678 0.028041 0.104498 0.550681 0.054074 -0.424334 -0.192047 0.004916 
-0.394554 -0.326219 0.017332 0.212584 0.477878 0.094227 -0.186026 -0.278532 0.028264 0.104164 0.550867 0.054133 -0.424337 -0.192044 0.004917 
-0.394441 -0.326183 0.017415 0.212097 0.478425 0.094731 -0.185959 -0.278305 0.028395 0.103652 0.551149 0.054225 -0.424339 -0.192041 0.004917 
-0.394227 -0.326131 0.017446 0.211495 0.479123 0.095321 -0.185823 -0.277917 0.028426 0.103001 0.551506 0.054337 -0.424339 -0.192040 0.004917 
-0.390807 -0.310610 0.018854 0.211635 0.478748 0.095598 -0.182409 -0.263603 0.034291 0.103207 0.551382 0.054887 -0.420632 -0.175934 0.014756 
-0.194593 -0.255125 0.042457 -0.405656 -0.286122 0.023241 0.210138 0.484322 0.092648 -0.424475 -0.149812 0.012778 0.099628 0.554156 0.052642 
-0.444880 -0.243998 0.013770 0.205041 0.494295 0.092384 0.109441 0.304974 0.045356 -0.231339 -0.229264 0.021560 -0.453786 -0.106585 0.004687 0.091672 0.558871 0.051551 
-0.468493 -0.223718 0.009745 0.200397 0.500354 0.094692 0.110307 0.308241 0.048106 -0.254738 -0.210060 0.009904 -0.477041 -0.086075 0.004708 0.086251 0.561678 0.051104 
-0.468402 -0.225929 0.008366 0.194246 0.505256 0.100873 0.110379 0.311022 0.051545 -0.254826 -0.209718 0.008514 -0.478599 -0.088354 0.004729 0.079999 0.563786 0.053845 
-0.465542 -0.230136 0.006865 0.186938 0.509106 0.109263 0.109637 0.313217 0.055918 -0.252348 -0.209500 0.007010 -0.478593 -0.092771 0.004748 0.073327 0.565199 0.057921 
-0.462866 -0.233891 0.005523 0.178872 0.511516 0.114430 0.106990 0.314277 0.058542 -0.250117 -0.209081 0.005656 -0.478609 -0.096793 0.004773 0.065255 0.565416 0.060803 
-0.461487 -0.236845 0.005218 0.167753 0.514022 0.114669 0.099704 0.315354 0.059047 -0.249112 -0.209013 0.004983 -0.479178 -0.099984 0.004957 0.053427 0.565702 0.060367 
-0.459602 -0.240067 0.005112 0.156070 0.518993 0.114828 0.091851 0.318958 0.059549 -0.247680 -0.208975 0.004972 -0.479394 -0.103494 0.004943 0.040944 0.568409 0.060113 
-0.458169 -0.243075 0.005086 0.145226 0.525553 0.116002 0.084313 0.324595 0.060328 -0.246730 -0.208853 0.004971 -0.479978 -0.106809 0.004936 0.029407 0.573196 0.061176 
-0.456868 -0.245778 0.005067 0.135901 0.531822 0.117218 0.077767 0.330179 0.061053 -0.245910 -0.208702 0.004973 -0.480516 -0.109820 0.004929 0.019544 0.578022 0.062297 
-0.455568 -0.247827 0.005051 0.128751 0.536841 0.117822 0.072663 0.334696 0.061384 -0.245023 -0.208478 0.004977 -0.480682 -0.112132 0.004921 0.012012 0.581955 0.062806 
-0.454479 -0.249385 0.005071 0.124096 0.540448 0.117694 0.069450 0.337902 0.061281 -0.244263 -0.208313 0.005015 -0.480703 -0.113900 0.004909 0.007151 0.584752 0.062459 
-0.453265 -0.251245 0.005025 0.122055 0.542327 0.116992 0.068043 0.339549 0.060804 -0.243376 -0.208537 0.005554 -0.480541 -0.115970 0.004260 0.005088 0.586234 0.061490 
-0.452984 -0.251965 0.005380 0.121513 0.543204 0.115969 0.067513 0.340219 0.060517 -0.243198 -0.208752 0.005789 -0.480585 -0.116758 0.004296 0.004611 0.586919 0.060177 
-0.452987 -0.251947 0.005873 0.121990 0.543222 0.115251 0.067395 0.340156 0.060686 -0.243201 -0.208733 0.006237 -0.480587 -0.116743 0.004355 0.005202 0.587032 0.059295 
-0.452991 -0.251927 0.006367 0.122441 0.543167 0.114691 0.067272 0.340075 0.060806 -0.243205 -0.208712 0.006693 -0.480590 -0.116729 0.004409 0.005760 0.587116 0.058621 
-0.452995 -0.251904 0.006873 0.122789 0.543199 0.114194 0.067184 0.340046 0.060989 -0.243209 -0.208690 0.007167 -0.480592 -0.116713 0.004457 0.006223 0.587214 0.057937 
-0.453000 -0.251878 0.007409 0.123091 0.543407 0.113647 0.067123 0.340162 0.061183 -0.243214 -0.208663 0.007673 -0.480595 -0.116697 0.004500 0.006633 0.587432 0.057173 
-0.453006 -0.251851 0.007948 0.123413 0.543599 0.112928 0.067033 0.340242 0.061346 -0.243220 -0.208637 0.008186 -0.480598 -0.116680 0.004539 0.007025 0.587610 0.056301 
-0.453048 -0.251828 0.008477 0.123746 0.543799 0.112187 0.066954 0.340337 0.061474 -0.243250 -0.208669 0.008692 -0.480601 -0.116663 0.004574 0.007412 0.587797 0.055438 
-0.453203 -0.251828 0.008992 0.124176 0.543834 0.111504 0.066892 0.340329 0.061524 -0.243360 -0.208893 0.009316 -0.480607 -0.116647 0.004606 0.007887 0.587897 0.054713 
-0.453475 -0.251849 0.009505 0.124636 0.543718 0.110972 0.066843 0.340232 0.061503 -0.243555 -0.209295 0.010251 -0.480620 -0.116633 0.004634 0.008384 0.587915 0.054209 
-0.453761 -0.251870 0.010031 0.125200 0.543473 0.110456 0.066791 0.340058 0.061418 -0.243766 -0.209703 0.011358 -0.480637 -0.116619 0.004660 0.008987 0.587885 0.053782 
-0.454035 -0.251884 0.010579 0.125854 0.543172 0.109889 0.066736 0.339861 0.061271 -0.243972 -0.210080 0.012517 -0.480654 -0.116604 0.004683 0.009673 0.587851 0.053360 
-0.454321 -0.251896 0.011139 0.126547 0.542806 0.109318 0.066694 0.339610 0.061120 -0.244191 -0.210466 0.013713 -0.480672 -0.116588 0.004705 0.010398 0.587767 0.052946 
-0.454635 -0.251903 0.011785 0.127303 0.542339 0.108762 0.066653 0.339289 0.060951 -0.244431 -0.210888 0.014906 -0.480689 -0.116569 0.004725 0.011194 0.587627 0.052570 
-0.455001 -0.251919 0.012403 0.128102 0.541783 0.108252 0.066599 0.338915 0.060760 -0.244706 -0.211408 0.015952 -0.480702 -0.116550 0.004743 0.012046 0.587449 0.052258 
-0.455368 -0.251938 0.012949 0.128867 0.541267 0.107730 0.066564 0.338569 0.060551 -0.244981 -0.211937 0.016834 -0.480713 -0.116533 0.004760 0.012845 0.587282 0.051952 
-0.455661 -0.251948 0.013417 0.129537 0.540852 0.107227 0.066544 0.338299 0.060344 -0.245203 -0.212355 0.017561 -0.480722 -0.116518 0.004775 0.013530 0.587160 0.051659 
-0.455877 -0.251952 0.013791 0.130061 0.540536 0.106805 0.066535 0.338087 0.060192 -0.245366 -0.212654 0.018123 -0.480729 -0.116507 0.004789 0.014065 0.587060 0.051395 
-0.456016 -0.251952 0.014044 0.130349 0.540371 0.106559 0.066526 0.337976 0.060119 -0.245473 -0.212844 0.018499 -0.480734 -0.116499 0.004802 0.014361 0.587009 0.051227 
-0.456058 -0.251950 0.014156 0.130383 0.540365 0.106514 0.066512 0.337969 0.060145 -0.245506 -0.212893 0.018679 -0.480736 -0.116496 0.004813 0.014409 0.587012 0.051161 
-0.456039 -0.251944 0.014186 0.130302 0.540421 0.106575 0.066491 0.338004 0.060216 -0.245494 -0.212855 0.018721 -0.480737 -0.116495 0.004823 0.014347 0.587035 0.051154 
-0.455992 -0.251938 0.014178 0.130159 0.540516 0.106683 0.066474 0.338064 0.060302 -0.245459 -0.212782 0.018668 -0.480736 -0.116496 0.004832 0.014219 0.587070 0.051181 
-0.455911 -0.251928 0.014136 0.129948 0.540677 0.106826 0.066476 0.338165 0.060413 -0.245397 -0.212655 0.018550 -0.480734 -0.116498 0.004840 0.014020 0.587126 0.051210 
-0.455808 -0.251917 0.014067 0.129660 0.540905 0.106985 0.066479 0.338313 0.060531 -0.245319 -0.212498 0.018380 -0.480731 -0.116500 0.004846 0.013729 0.587208 0.051255 
-0.455700 -0.251907 0.013978 0.129339 0.541178 0.107163 0.066491 0.338498 0.060638 -0.245237 -0.212339 0.018165 -0.480728 -0.116503 0.004852 0.013397 0.587319 0.051320 
-0.455578 -0.251897 0.013866 0.129028 0.541420 0.107338 0.066506 0.338656 0.060742 -0.245144 -0.212160 0.017906 -0.480724 -0.116507 0.004858 0.013072 0.587403 0.051395 
-0.455441 -0.251886 0.013734 0.128741 0.541654 0.107499 0.066522 0.338817 0.060814 -0.245040 -0.211958 0.017615 -0.480720 -0.116511 0.004862 0.012764 0.587494 0.051483 
-0.455319 -0.251877 0.013600 0.128516 0.541825 0.107631 0.066546 0.338931 0.060864 -0.244947 -0.211783 0.017321 -0.480715 -0.116515 0.004866 0.012516 0.587551 0.051569 
-0.455223 -0.251872 0.013472 0.128343 0.541974 0.107729 0.066570 0.339043 0.060859 -0.244872 -0.211650 0.017036 -0.480711 -0.116520 0.004870 0.012310 0.587617 0.051667 
-0.455156 -0.251872 0.013352 0.128260 0.542042 0.107784 0.066603 0.339097 0.060822 -0.244819 -0.211565 0.016769 -0.480707 -0.116524 0.004873 0.012193 0.587643 0.051758 
-0.455125 -0.251877 0.013244 0.128277 0.542023 0.107788 0.066643 0.339090 0.060742 -0.244792 -0.211541 0.016524 -0.480704 -0.116527 0.004876 0.012173 0.587628 0.051844 
-0.455116 -0.251886 0.013139 0.128361 0.541951 0.107755 0.066690 0.339050 0.060623 -0.244780 -0.211553 0.016286 -0.480700 -0.116530 0.004879 0.012214 0.587594 0.051931 
-0.455108 -0.251897 0.013020 0.128464 0.541864 0.107713 0.066744 0.339000 0.060482 -0.244769 -0.211572 0.016020 -0.480696 -0.116534 0.004881 0.012267 0.587553 0.052030 
-0.455102 -0.251909 0.012885 0.128583 0.541763 0.107663 0.066806 0.338943 0.060319 -0.244758 -0.211595 0.015723 -0.480692 -0.116539 0.004884 0.012330 0.587505 0.052142 
-0.455096 -0.251923 0.012734 0.128702 0.541693 0.107607 0.066866 0.338929 0.060102 -0.244747 -0.211622 0.015387 -0.480687 -0.116543 0.004886 0.012377 0.587500 0.052289 
-0.455089 -0.251938 0.012565 0.128842 0.541596 0.107538 0.066938 0.338888 0.059880 -0.244735 -0.211652 0.015008 -0.480681 -0.116549 0.004888 0.012441 0.587469 0.052435 
-0.455081 -0.251954 0.012376 0.129012 0.541456 0.107459 0.067024 0.338809 0.059651 -0.244721 -0.211684 0.014585 -0.480674 -0.116555 0.004890 0.012532 0.587402 0.052584 
-0.455070 -0.251971 0.012164 0.129198 0.541302 0.107373 0.067118 0.338723 0.059397 -0.244705 -0.211716 0.014112 -0.480667 -0.116561 0.004892 0.012631 0.587328 0.052750 
-0.455057 -0.251990 0.011928 0.129388 0.541159 0.107281 0.067217 0.338657 0.059101 -0.244687 -0.211749 0.013584 -0.480659 -0.116568 0.004893 0.012722 0.587273 0.052946 
-0.455042 -0.252011 0.011666 0.129607 0.540976 0.107180 0.067331 0.338555 0.058794 -0.244667 -0.211781 0.012997 -0.480650 -0.116576 0.004895 0.012837 0.587184 0.053149 
-0.455025 -0.252032 0.011375 0.129844 0.540776 0.107072 0.067454 0.338445 0.058457 -0.244646 -0.211815 0.012347 -0.480640 -0.116585 0.004896 0.012960 0.587086 0.053375 
-0.455007 -0.252056 0.011056 0.130092 0.540579 0.106960 0.067583 0.338351 0.058069 -0.244624 -0.211852 0.011628 -0.480629 -0.116595 0.004897 0.013081 0.587003 0.053639 
-0.454988 -0.252081 0.010704 0.130362 0.540360 0.106840 0.067723 0.338246 0.057646 -0.244602 -0.211891 0.010838 -0.480617 -0.116606 0.004898 0.013213 0.586907 0.053932 
-0.454979 -0.252108 0.010332 0.130686 0.540063 0.106720 0.067877 0.338083 0.057193 -0.244592 -0.211919 0.010374 -0.480613 -0.116619 0.004900 0.013396 0.586761 0.054260 
-0.454974 -0.252136 0.009955 0.131052 0.539737 0.106567 0.068039 0.337903 0.056706 -0.244587 -0.211946 0.009997 -0.480610 -0.116632 0.004901 0.013615 0.586602 0.054588 
-0.454968 -0.252163 0.009571 0.131443 0.539397 0.106390 0.068207 0.337717 0.056191 -0.244582 -0.211973 0.009611 -0.480608 -0.116646 0.004903 0.013851 0.586437 0.054919 
-0.454963 -0.252189 0.009177 0.131860 0.539022 0.106216 0.068380 0.337511 0.055644 -0.244577 -0.212000 0.009216 -0.480605 -0.116660 0.004905 0.014110 0.586253 0.055284 
-0.454958 -0.252216 0.008773 0.132335 0.538596 0.106010 0.068556 0.337276 0.055057 -0.244572 -0.212026 0.008811 -0.480602 -0.116674 0.004907 0.014425 0.586048 0.055657 
-0.454953 -0.252241 0.008358 0.132868 0.538126 0.105764 0.068733 0.337015 0.054435 -0.244567 -0.212052 0.008394 -0.480599 -0.116689 0.004909 0.014797 0.585824 0.056024 
-0.454949 -0.252266 0.007928 0.133427 0.537626 0.105509 0.068910 0.336738 0.053788 -0.244562 -0.212077 0.007962 -0.480596 -0.116704 0.004912 0.015195 0.585586 0.056407 
-0.454944 -0.252291 0.007484 0.133995 0.537114 0.105250 0.069089 0.336456 0.053121 -0.244557 -0.212102 0.007515 -0.480593 -0.116720 0.004914 0.015601 0.585339 0.056804 
-0.454940 -0.252315 0.007024 0.134562 0.536597 0.104992 0.069271 0.336175 0.052439 -0.244553 -0.212127 0.007053 -0.480590 -0.116736 0.004917 0.016003 0.585087 0.057218 
-0.454935 -0.252338 0.006547 0.135133 0.536067 0.104740 0.069454 0.335890 0.051739 -0.244548 -0.212150 0.006573 -0.480587 -0.116753 0.004920 0.016409 0.584825 0.057654 
-0.454931 -0.252360 0.006054 0.135693 0.535538 0.104500 0.069639 0.335610 0.051029 -0.244544 -0.212173 0.006077 -0.480583 -0.116770 0.004923 0.016802 0.584559 0.058113 
-0.454927 -0.252382 0.005543 0.136239 0.535017 0.104275 0.069827 0.335338 0.050317 -0.244540 -0.212195 0.005562 -0.480580 -0.116788 0.004926 0.017179 0.584291 0.058595 
-0.454924 -0.252399 0.005099 0.136768 0.534534 0.104048 0.070022 0.335092 0.049629 -0.244537 -0.212213 0.005099 -0.480576 -0.116804 0.004945 0.017536 0.584037 0.059070 
-0.454924 -0.252401 0.005050 0.137296 0.534104 0.103741 0.070213 0.334872 0.048967 -0.244536 -0.212216 0.005050 -0.480576 -0.116806 0.004952 0.017896 0.583811 0.059439 
-0.454946 -0.252672 0.005228 0.137821 0.533713 0.103366 0.070370 0.334681 0.048319 -0.244541 -0.212576 0.005016 -0.480540 -0.117067 0.004743 0.018262 0.583623 0.059724 
-0.455027 -0.252646 0.005220 0.138437 0.533259 0.102912 0.070498 0.334448 0.047666 -0.244595 -0.212696 0.004909 -0.480527 -0.117024 0.004611 0.018744 0.583423 0.059934 
-0.455043 -0.252585 0.005119 0.139105 0.532779 0.102541 0.070659 0.334235 0.046960 -0.244585 -0.212774 0.004911 -0.480455 -0.116946 0.004574 0.019320 0.583248 0.060180 
-0.455111 -0.252610 0.005200 0.139790 0.532293 0.101997 0.070784 0.333966 0.046334 -0.244640 -0.212869 0.004842 -0.480478 -0.116963 0.004618 0.019895 0.583031 0.060275 
-0.455297 -0.252593 0.005350 0.140565 0.531709 0.101550 0.070907 0.333680 0.045642 -0.244773 -0.213136 0.004727 -0.480482 -0.116913 0.004566 0.020614 0.582817 0.060444 
-0.455486 -0.252262 0.005219 0.141368 0.531072 0.101012 0.071002 0.333313 0.045034 -0.244896 -0.213150 0.004795 -0.480447 -0.116540 0.004516 0.021355 0.582536 0.060537 
-0.455795 -0.251827 0.005191 0.142134 0.530465 0.100484 0.071084 0.332962 0.044464 -0.245116 -0.213201 0.004806 -0.480443 -0.116048 0.004561 0.022072 0.582271 0.060598 
-0.456086 -0.251413 0.005167 0.142850 0.529894 0.099985 0.071152 0.332632 0.043945 -0.245323 -0.213248 0.004817 -0.480437 -0.115580 0.004602 0.022750 0.582024 0.060636 
-0.456422 -0.250929 0.005164 0.143557 0.529320 0.099491 0.071195 0.332303 0.043437 -0.245564 -0.213297 0.004714 -0.480430 -0.115034 0.004698 0.023430 0.581781 0.060669 
-0.456890 -0.250412 0.005114 0.144226 0.528760 0.099037 0.071215 0.331990 0.042960 -0.245936 -0.213327 0.004177 -0.480545 -0.114454 0.004898 0.024086 0.581552 0.060708 
-0.457176 -0.250000 0.005098 0.144826 0.528238 0.098657 0.071249 0.331690 0.042543 -0.246143 -0.213364 0.004249 -0.480542 -0.113993 0.004907 0.024677 0.581323 0.060760 
-0.457461 -0.249605 0.005102 0.145343 0.527796 0.098315 0.071270 0.331438 0.042186 -0.246356 -0.213394 0.004196 -0.480553 -0.113551 0.004974 0.025190 0.581134 0.060789 
-0.457701 -0.249325 0.005036 0.145728 0.527460 0.098065 0.071283 0.331247 0.041919 -0.246546 -0.213406 0.004021 -0.480604 -0.113239 0.005004 0.025574 0.580990 0.060817 
-0.457783 -0.249184 0.004997 0.145982 0.527233 0.097911 0.071293 0.331122 0.041736 -0.246601 -0.213420 0.004115 -0.480586 -0.113081 0.004962 0.025825 0.580891 0.060856 
-0.457805 -0.249154 0.004996 0.146082 0.527150 0.097842 0.071306 0.331077 0.041649 -0.246617 -0.213423 0.004192 -0.480587 -0.113047 0.004967 0.025916 0.580852 0.060881 
-0.457816 -0.249141 0.004995 0.146120 0.527115 0.097825 0.071312 0.331059 0.041618 -0.246625 -0.213424 0.004262 -0.480588 -0.113033 0.004973 0.025950 0.580835 0.060902 
-0.457819 -0.249139 0.004996 0.146118 0.527111 0.097840 0.071309 0.331056 0.041630 -0.246627 -0.213425 0.004328 -0.480589 -0.113030 0.004974 0.025952 0.580833 0.060911 
-0.458085 -0.249253 0.005235 0.146101 0.527111 0.097878 0.071295 0.331057 0.041659 -0.246878 -0.213648 0.003908 -0.480787 -0.113134 0.004958 0.025944 0.580837 0.060925 
-0.458174 -0.249137 0.005083 0.146067 0.527102 0.097966 0.071265 0.331063 0.041689 -0.246943 -0.213680 0.003783 -0.480780 -0.113001 0.004973 0.025923 0.580842 0.060988 
-0.458440 -0.249193 0.005232 0.146017 0.527111 0.098057 0.071239 0.331069 0.041760 -0.247196 -0.213840 0.003335 -0.480981 -0.113046 0.004956 0.025894 0.580850 0.061011 
-0.458445 -0.249194 0.005203 0.145941 0.527138 0.098171 0.071214 0.331083 0.041852 -0.247199 -0.213842 0.003488 -0.480985 -0.113048 0.004955 0.025839 0.580864 0.061038 
-0.458487 -0.249215 0.005245 0.145848 0.527181 0.098291 0.071182 0.331106 0.041961 -0.247237 -0.213884 0.003577 -0.481014 -0.113067 0.004955 0.025771 0.580888 0.061051 
-0.458491 -0.249217 0.005218 0.145743 0.527236 0.098421 0.071148 0.331133 0.042092 -0.247240 -0.213885 0.003709 -0.481018 -0.113068 0.004953 0.025694 0.580917 0.061053 
-0.458495 -0.249218 0.005191 0.145632 0.527298 0.098549 0.071112 0.331163 0.042234 -0.247243 -0.213886 0.003828 -0.481021 -0.113069 0.004950 0.025615 0.580951 0.061040 
-0.458475 -0.249222 0.005139 0.145514 0.527364 0.098684 0.071071 0.331197 0.042380 -0.247221 -0.213893 0.003966 -0.480999 -0.113073 0.004889 0.025529 0.580988 0.061029 
-0.458488 -0.249161 0.005038 0.145391 0.527434 0.098825 0.071032 0.331233 0.042528 -0.247232 -0.213839 0.003927 -0.481006 -0.113010 0.004922 0.025439 0.581027 0.061022 
-0.458512 -0.249142 0.005028 0.145262 0.527510 0.098966 0.070993 0.331272 0.042677 -0.247255 -0.213828 0.003937 -0.481025 -0.112991 0.004972 0.025341 0.581067 0.061014 
-0.458738 -0.249335 0.005416 0.145133 0.527586 0.099109 0.070955 0.331312 0.042827 -0.247479 -0.214061 0.003600 -0.481229 -0.113180 0.004975 0.025243 0.581107 0.061006 
-0.458705 -0.249355 0.005331 0.144989 0.527672 0.099263 0.070917 0.331357 0.042981 -0.247445 -0.214076 0.003805 -0.481198 -0.113201 0.004856 0.025128 0.581150 0.061006 
-0.458749 -0.249421 0.005399 0.144858 0.527747 0.099408 0.070876 0.331395 0.043137 -0.247486 -0.214161 0.003810 -0.481231 -0.113265 0.004822 0.025032 0.581189 0.060995 
-0.458753 -0.249423 0.005355 0.144731 0.527821 0.099547 0.070836 0.331432 0.043293 -0.247489 -0.214163 0.003921 -0.481235 -0.113268 0.004829 0.024940 0.581229 0.060979 
-0.458719 -0.249422 0.005255 0.144604 0.527896 0.099679 0.070793 0.331470 0.043443 -0.247444 -0.214216 0.004128 -0.481165 -0.113261 0.004693 0.024847 0.581269 0.060959 
-0.458721 -0.249423 0.005229 0.144481 0.527969 0.099810 0.070755 0.331506 0.043591 -0.247445 -0.214220 0.004210 -0.481165 -0.113261 0.004717 0.024756 0.581308 0.060942 
-0.458725 -0.249415 0.005159 0.144363 0.528040 0.099931 0.070717 0.331541 0.043733 -0.247449 -0.214214 0.004196 -0.481167 -0.113253 0.004702 0.024669 0.581345 0.060918 
-0.458727 -0.249417 0.005144 0.144250 0.528107 0.100050 0.070681 0.331575 0.043870 -0.247450 -0.214215 0.004272 -0.481169 -0.113254 0.004724 0.024587 0.581380 0.060901 
-0.458965 -0.249661 0.005545 0.144146 0.528160 0.100163 0.070643 0.331597 0.044002 -0.247683 -0.214518 0.003927 -0.481375 -0.113495 0.004630 0.024516 0.581407 0.060879 
-0.458918 -0.249694 0.005445 0.144021 0.528243 0.100283 0.070607 0.331639 0.044148 -0.247637 -0.214535 0.004122 -0.481337 -0.113531 0.004517 0.024421 0.581450 0.060853 
-0.458921 -0.249698 0.005404 0.143903 0.528323 0.100391 0.070572 0.331679 0.044288 -0.247639 -0.214538 0.004205 -0.481339 -0.113534 0.004557 0.024333 0.581492 0.060820 
