0.960220 0.279243 -0.000017 -0.793439 -0.608649 -0.000326 -0.627564 0.778565 0.000233 0.343386 0.939194 0.000189 0.277551 -0.960711 -0.000002 -0.401112 -0.916029 -0.000121 
0.960238 0.279181 0.000814 -0.793380 -0.608727 -0.000136 -0.627639 0.778504 0.000235 0.343332 0.939214 0.000036 0.277491 -0.960728 -0.000455 -0.401082 -0.916042 -0.000367 
0.960235 0.279193 0.000690 -0.793302 -0.608828 -0.000444 -0.627738 0.778424 0.000674 0.343242 0.939247 0.000036 0.277502 -0.960725 -0.000381 -0.400971 -0.916090 -0.000304 
0.960236 0.279190 0.000580 -0.628368 0.777916 0.000533 0.343246 0.939245 0.000078 -0.792809 -0.609470 -0.000402 0.277499 -0.960726 -0.000326 -0.401173 -0.916002 -0.000284 
0.960241 0.279171 0.000498 -0.629310 0.777154 0.000867 0.343497 0.939154 0.000083 -0.792070 -0.610430 -0.000361 0.277480 -0.960731 -0.000304 -0.401781 -0.915736 -0.000403 
0.960239 0.279178 -0.000090 -0.630260 0.776384 0.000780 0.344305 0.938857 0.001431 -0.791324 -0.611396 -0.001131 0.277485 -0.960726 -0.002669 -0.403066 -0.915171 -0.000347 
0.960275 0.279056 -0.000091 -0.631496 0.775379 0.000314 0.344288 0.938862 0.001836 -0.790347 -0.612656 -0.002060 0.277364 -0.960762 -0.002444 -0.403510 -0.914975 -0.000213 
0.960334 0.278852 -0.000092 -0.632133 0.774860 -0.000602 0.347914 0.937516 0.004371 -0.789823 -0.613294 -0.007063 0.277159 -0.960821 -0.002231 -0.408037 -0.912965 -0.000173 
0.960358 0.278764 0.001610 -0.631583 0.775305 -0.002298 0.354466 0.935033 0.008214 -0.790181 -0.612710 -0.014156 0.277076 -0.960840 -0.003942 -0.415644 -0.909527 -0.000547 
0.960342 0.278823 -0.000670 -0.629243 0.777191 -0.005141 0.365233 0.930803 0.014499 -0.791816 -0.610286 -0.024054 0.277127 -0.960825 -0.003936 -0.427555 -0.903989 -0.000273 
0.960289 0.278971 -0.004574 -0.625497 0.780174 -0.009040 0.379437 0.924944 0.022495 -0.794356 -0.606435 -0.035150 0.277256 -0.960782 -0.005130 -0.442975 -0.896534 0.000227 
0.960435 0.278475 -0.004140 -0.620962 0.783707 -0.014511 0.395022 0.918197 0.029531 0.276764 -0.960927 -0.004633 -0.797251 -0.601854 -0.046498 -0.459757 -0.888045 -0.000643 
0.960616 0.277855 -0.003760 -0.616143 0.787337 -0.021668 0.410208 0.911272 0.036229 0.276147 -0.961106 -0.004174 -0.800119 -0.597149 -0.056766 -0.476083 -0.879399 -0.001087 
0.960820 0.277152 -0.003549 -0.612085 0.790283 -0.028366 0.422183 0.905544 0.041841 0.275447 -0.961309 -0.003720 -0.802317 -0.593307 -0.065376 -0.488960 -0.872305 -0.001212 
0.961160 0.275985 -0.002124 -0.609454 0.792090 -0.034052 0.429110 0.902096 0.045700 0.274284 -0.961642 -0.003582 -0.803491 -0.590946 -0.072003 -0.496525 -0.868021 -0.001202 
0.961472 0.274817 -0.006908 -0.607945 0.793039 -0.038615 0.432060 0.900503 0.049171 0.273145 -0.961969 0.002509 -0.803918 -0.589706 -0.077220 -0.499810 -0.866135 -0.000598 
0.961554 0.274336 -0.012372 -0.607009 0.793681 -0.040134 0.433400 0.899651 0.052844 0.272737 -0.962065 0.006729 -0.804050 -0.588800 -0.082566 -0.500896 -0.865507 -0.000480 
0.962700 0.270408 -0.009399 -0.604997 0.795203 -0.040378 0.435724 0.898400 0.054964 0.268799 -0.963149 0.009585 -0.804807 -0.586632 -0.090267 -0.502958 -0.864309 -0.001991 
0.962912 0.269697 -0.007977 -0.604833 0.795063 -0.045298 0.439745 0.896164 0.059279 0.268073 -0.963349 0.009827 -0.803565 -0.586741 -0.100087 -0.507834 -0.861453 -0.001630 
0.963764 0.266726 -0.004089 -0.602930 0.796293 -0.048921 0.442272 0.894697 0.062544 0.265059 -0.964157 0.012040 -0.803734 -0.585015 -0.108485 -0.510650 -0.859783 -0.003119 
0.963390 0.268099 -0.001769 -0.603632 0.795252 -0.056592 0.445278 0.892823 0.067783 0.266399 -0.963752 0.014605 -0.801226 -0.586388 -0.119103 -0.514912 -0.857235 -0.003829 
0.963391 0.268097 -0.001580 -0.596451 0.800438 -0.059549 0.448755 0.890661 0.073086 0.266396 -0.963772 0.013265 -0.804875 -0.579286 -0.128857 -0.517308 -0.855792 -0.003470 
0.963393 0.268089 -0.001352 -0.594610 0.801420 -0.064544 0.447915 0.890631 0.078414 0.266389 -0.963789 0.012180 -0.804419 -0.577899 -0.137635 -0.516856 -0.856066 -0.003177 
0.963409 0.268035 -0.000511 -0.594535 0.801078 -0.069298 0.446493 0.891078 0.081389 0.266325 -0.963807 0.012114 -0.803351 -0.578434 -0.141568 -0.516176 -0.856476 -0.003257 
0.977201 0.200556 0.069680 -0.599324 0.797393 -0.070536 0.445179 0.894662 0.037363 0.198903 -0.980001 0.005971 -0.800093 -0.583495 -0.139225 -0.516922 -0.855961 0.011062 
0.975425 0.190921 0.109977 -0.615016 0.785784 -0.065562 0.456626 0.889629 0.007275 0.193655 -0.980570 -0.031325 -0.792125 -0.599097 -0.116707 -0.527371 -0.849304 0.023726 
0.971743 0.205419 0.116272 -0.637757 0.767629 -0.063338 0.471475 0.881879 0.001025 0.206522 -0.978360 -0.012668 -0.777208 -0.622148 -0.094232 -0.539148 -0.842156 0.009566 
0.973868 0.220857 0.052952 -0.661203 0.747342 -0.065508 0.499001 0.866569 0.007481 0.218933 -0.975691 0.009743 -0.758505 -0.646241 -0.083914 -0.567481 -0.823260 0.014443 
0.976833 0.209470 -0.043802 -0.678104 0.732037 -0.065543 0.528866 0.848510 0.018200 0.209160 -0.977404 0.030551 -0.742556 -0.663304 -0.092945 -0.598356 -0.800743 0.027961 
0.976289 0.195523 -0.092897 -0.677431 0.732804 -0.063913 0.549623 0.834709 0.034289 0.197931 -0.979498 0.037511 -0.738920 -0.661449 -0.128380 -0.617427 -0.786103 0.028724 
0.978452 0.205177 -0.023110 -0.664354 0.744059 -0.070774 0.555189 0.829813 0.056361 0.203524 -0.979070 0.000726 -0.740678 -0.646419 -0.183138 -0.621532 -0.783364 0.006311 
0.976593 0.214986 -0.006922 -0.662685 0.742164 -0.100205 0.551678 0.830282 0.079261 0.213252 -0.976993 -0.002681 -0.722699 -0.646048 -0.245618 -0.621550 -0.783374 -0.000828 
0.974469 0.224487 -0.003999 -0.670738 0.733398 -0.110621 0.543229 0.834619 0.091174 0.222753 -0.974865 -0.004393 -0.708232 -0.654742 -0.264044 -0.616396 -0.787402 -0.007343 
0.971856 0.235548 -0.003585 -0.679003 0.725576 -0.111775 0.532189 0.840542 0.101315 0.233820 -0.972270 -0.004308 -0.698880 -0.662418 -0.269758 -0.607004 -0.794520 -0.016834 
0.968607 0.248570 -0.003738 -0.688239 0.716991 -0.110681 0.518456 0.847744 0.111955 0.246834 -0.969032 -0.007074 -0.688496 -0.670136 -0.277293 -0.594336 -0.803778 -0.026551 
0.965153 0.261676 -0.002078 -0.696989 0.708816 -0.108559 0.504079 0.855235 0.120322 0.259951 -0.965587 -0.008234 -0.678926 -0.677125 -0.283834 -0.580441 -0.813546 -0.035081 
0.962216 0.272282 -0.001744 -0.705895 0.700051 -0.107894 0.490563 0.862285 0.125749 0.270566 -0.962670 -0.007842 -0.669445 -0.684975 -0.287494 -0.567657 -0.822260 -0.040679 
0.959923 0.280263 0.000617 -0.711896 0.694121 -0.106769 0.480266 0.867606 0.128855 0.278570 -0.960388 -0.007281 -0.663315 -0.690145 -0.289332 -0.557591 -0.828910 -0.044717 
0.958036 0.286642 0.001916 -0.715955 0.689567 -0.109115 0.473567 0.871044 0.130449 0.284961 -0.958518 -0.006339 -0.658075 -0.694423 -0.291057 -0.551264 -0.833048 -0.046240 
0.956601 0.291392 0.002188 -0.719466 0.685091 -0.114103 0.469012 0.873600 0.129811 0.289716 -0.957096 -0.005615 -0.652979 -0.699133 -0.291258 -0.547387 -0.835678 -0.044832 
0.955959 0.293493 0.001957 -0.722318 0.680855 -0.121214 0.466405 0.875464 0.126608 0.291815 -0.956462 -0.005003 -0.648381 -0.704085 -0.289596 -0.545719 -0.836990 -0.040479 
0.954487 0.298254 -0.000524 -0.723619 0.677874 -0.129854 0.465591 0.876729 0.120713 0.296572 -0.955010 -0.000583 -0.645508 -0.708304 -0.285700 -0.545279 -0.837590 -0.033374 
0.953874 0.300206 -0.000329 -0.724737 0.674968 -0.138476 0.464783 0.878421 0.111144 0.298513 -0.954350 0.010252 -0.643953 -0.712805 -0.277910 -0.544788 -0.838202 -0.024963 
0.953314 0.301981 0.000604 -0.725208 0.672608 -0.147215 0.464955 0.879719 0.099558 0.300276 -0.953786 0.011276 -0.643954 -0.716973 -0.266971 -0.545113 -0.838256 -0.013378 
0.953035 0.302859 0.000428 -0.726769 0.670033 -0.151204 0.465919 0.880656 0.085815 0.301143 -0.953472 0.014262 -0.646365 -0.721331 -0.248786 -0.545662 -0.838002 -0.002351 
0.952898 0.303290 0.000530 -0.724983 0.673752 -0.143033 0.468716 0.880142 0.075204 0.301504 -0.953140 0.024906 -0.658561 -0.719639 -0.220037 -0.545328 -0.838220 -0.001928 
0.953024 0.302768 0.008724 -0.720364 0.678456 -0.144128 0.471113 0.879577 0.066308 0.300563 -0.952997 0.038193 -0.667890 -0.716478 -0.201450 -0.545508 -0.838104 -0.001561 
0.953190 0.301627 0.021226 -0.712099 0.686949 -0.144970 0.473967 0.878569 0.058920 0.298459 -0.952860 0.054591 -0.678005 -0.708853 -0.194516 -0.545738 -0.837955 -0.001366 
0.953330 0.299779 0.035970 -0.703889 0.695306 -0.145224 0.476694 0.877538 0.051867 0.295103 -0.952834 0.070863 -0.687073 -0.700927 -0.191397 -0.545986 -0.837794 -0.001219 
0.954343 0.294968 0.047163 -0.696502 0.702641 -0.145535 0.479820 0.876139 0.046401 0.288938 -0.953860 0.081648 -0.695310 -0.693825 -0.187487 -0.547302 -0.836935 -0.001089 
0.955244 0.290874 0.053869 -0.691442 0.707393 -0.146640 0.482571 0.874788 0.043269 0.284074 -0.954923 0.086164 -0.700890 -0.689178 -0.183812 -0.549130 -0.835736 -0.000979 
0.955931 0.287866 0.057692 -0.688265 0.710115 -0.148417 0.483897 0.874148 0.041341 0.280431 -0.955565 0.090848 -0.703985 -0.686489 -0.182038 -0.549926 -0.835213 -0.000878 
0.957125 0.283310 0.060393 -0.686071 0.711944 -0.149809 0.484181 0.874049 0.040076 0.275235 -0.956557 0.096151 -0.705615 -0.684629 -0.182734 -0.549954 -0.835195 -0.000779 
0.958571 0.277997 0.062121 -0.684362 0.713399 -0.150696 0.484200 0.874055 0.039741 0.269424 -0.957775 0.100390 -0.706322 -0.683086 -0.185751 -0.549982 -0.835176 -0.000697 
0.958937 0.276659 0.062447 -0.685261 0.711761 -0.154316 0.483400 0.874430 0.041192 0.267950 -0.958057 0.101633 -0.703404 -0.684746 -0.190648 -0.549998 -0.835166 -0.000644 
0.958369 0.278805 0.061608 -0.687822 0.707948 -0.160344 0.481940 0.875100 0.043968 0.270335 -0.957594 0.099667 -0.698127 -0.688660 -0.195873 -0.549894 -0.835234 -0.000617 
0.957148 0.283517 0.059042 -0.692239 0.701445 -0.169645 0.479625 0.876144 0.048281 0.275597 -0.956514 0.095532 -0.689778 -0.695275 -0.201988 -0.549722 -0.835347 -0.000595 
0.952032 0.299010 0.065022 -0.690931 0.702774 -0.169477 0.481965 0.874809 0.049177 0.296124 -0.954749 0.027670 -0.689543 -0.693797 -0.207788 -0.552744 -0.833266 0.011870 
0.962333 0.233773 0.138802 -0.713618 0.680774 -0.165215 0.485082 0.873802 0.034150 0.227159 -0.972553 0.050382 -0.667900 -0.714957 -0.206753 -0.566449 -0.824093 0.002577 
0.980865 0.171999 0.091210 -0.744628 0.646111 -0.167542 0.503525 0.862934 0.042524 0.164004 -0.983812 0.072222 -0.636058 -0.746482 -0.195433 -0.601225 -0.799080 -0.000881 
0.989115 0.143694 0.031677 -0.770176 0.607570 -0.194135 0.520918 0.851253 0.063343 -0.628106 -0.776637 -0.048138 0.139592 -0.987930 0.067142 
0.986797 0.161783 0.007592 -0.783068 0.581255 -0.221239 0.517327 0.852019 0.080226 -0.625291 -0.778723 -0.051015 0.159559 -0.986194 0.044293 
0.509185 0.855649 0.092713 0.984096 0.177630 0.001486 -0.789966 0.560208 -0.249238 0.175778 -0.983991 0.029396 -0.618895 -0.783549 -0.054947 
0.502680 0.858231 0.103695 0.981631 0.190787 0.001344 -0.790536 0.546774 -0.275846 0.189000 -0.981800 0.018656 -0.614074 -0.786997 -0.059576 
0.494687 0.861970 0.110870 0.979021 0.203755 0.001026 -0.794417 0.534974 -0.287584 0.202011 -0.979334 0.009792 -0.607458 -0.791846 -0.063044 
0.483626 0.867976 0.112803 0.976531 0.215376 0.000449 -0.801531 0.523001 -0.289858 0.213649 -0.976892 0.005983 -0.597766 -0.799133 -0.063739 
0.472092 0.874149 0.113986 0.973805 0.227383 0.000128 -0.808312 0.511782 -0.291051 0.225666 -0.974198 0.003625 -0.587447 -0.806713 -0.064194 
0.461524 0.879701 0.114554 0.971533 0.236906 0.000108 -0.813956 0.502536 -0.291433 0.235193 -0.971944 0.003097 -0.577897 -0.813549 -0.064602 
0.453279 0.883881 0.115298 0.969304 0.245864 0.000107 -0.817731 0.494761 -0.294155 0.244156 -0.969732 0.002896 -0.570369 -0.818822 -0.064881 
0.449216 0.885916 0.115577 0.968390 0.249442 0.000106 -0.818761 0.492414 -0.295228 0.247735 -0.968820 0.003867 -0.566610 -0.821405 -0.065167 
0.449447 0.885852 0.115168 0.968389 0.249445 0.000098 -0.816989 0.495339 -0.295245 0.247734 -0.968808 0.006300 -0.566716 -0.821335 -0.065130 
0.450824 0.885325 0.113831 0.968413 0.249351 0.000093 -0.814447 0.499854 -0.294654 0.247632 -0.968804 0.009866 -0.567845 -0.820612 -0.064410 
0.968961 0.247212 0.000088 -0.811486 0.506089 -0.292171 0.452520 0.884668 0.112198 -0.569203 -0.819710 -0.063899 0.245478 -0.969294 0.014442 
0.970379 0.241589 0.000193 -0.809816 0.509880 -0.290208 0.453844 0.884275 0.109923 -0.570398 -0.818943 -0.063070 0.239825 -0.970601 0.020413 
0.971382 0.237513 0.002136 -0.808896 0.511933 -0.289157 0.454746 0.884124 0.107383 -0.571179 -0.818466 -0.062193 0.235669 -0.971488 0.025923 
0.971699 0.236160 0.005364 -0.808213 0.512380 -0.290273 0.455167 0.884184 0.105084 -0.571520 -0.818292 -0.061349 0.234181 -0.971710 0.030643 
0.971657 0.236207 0.009457 -0.807379 0.512684 -0.292051 0.455523 0.884258 0.102892 -0.571781 -0.818165 -0.060600 0.234041 -0.971600 0.034906 
0.971341 0.237277 0.013986 -0.806611 0.512824 -0.293921 0.455856 0.884344 0.100654 -0.571979 -0.818082 -0.059848 0.234878 -0.971242 0.039001 
0.970980 0.238421 0.018805 -0.805834 0.513050 -0.295654 0.456294 0.884389 0.098246 -0.572247 -0.817954 -0.059037 0.235741 -0.970856 0.043195 
0.970745 0.238922 0.023889 -0.804879 0.513960 -0.296672 0.456950 0.884334 0.095653 -0.572689 -0.817700 -0.058255 0.235903 -0.970611 0.047574 
0.970756 0.238282 0.029235 -0.803688 0.515727 -0.296837 0.457843 0.884170 0.092865 -0.573329 -0.817300 -0.057569 0.234855 -0.970616 0.052427 
0.971017 0.236601 0.033849 -0.802166 0.518321 -0.296432 0.458951 0.883898 0.089932 -0.574163 -0.816761 -0.056909 0.232676 -0.970772 0.058846 
0.971455 0.234220 0.037636 -0.800218 0.521973 -0.295287 0.460376 0.883448 0.087021 -0.575280 -0.816023 -0.056208 0.229775 -0.971044 0.065399 
0.972036 0.231247 0.040874 -0.798352 0.526103 -0.293001 0.461967 0.882914 0.083962 -0.576521 -0.815201 -0.055410 0.226263 -0.971409 0.071903 
0.972707 0.227887 0.043677 -0.796679 0.530020 -0.290484 0.463458 0.882397 0.081134 -0.577691 -0.814422 -0.054688 0.222381 -0.971848 0.077831 
0.973264 0.224986 0.046254 -0.795256 0.533146 -0.288658 0.464626 0.881990 0.078847 -0.578612 -0.813803 -0.054149 0.219009 -0.972218 0.082622 
0.973690 0.222687 0.048350 -0.794146 0.535296 -0.287732 0.465377 0.881729 0.077317 -0.579215 -0.813393 -0.053881 0.216334 -0.972514 0.086112 
0.973815 0.221838 0.049728 -0.793501 0.535746 -0.288674 0.465499 0.881714 0.076760 -0.579331 -0.813313 -0.053827 0.215258 -0.972588 0.087961 
0.973716 0.222086 0.050554 -0.793141 0.535137 -0.290785 0.465270 0.881838 0.076717 -0.579170 -0.813427 -0.053838 0.215364 -0.972459 0.089112 
0.973565 0.222637 0.051037 -0.793061 0.533895 -0.293276 0.464822 0.882056 0.076920 -0.578833 -0.813662 -0.053903 0.215818 -0.972280 0.089967 
0.973348 0.223529 0.051265 -0.793242 0.531956 -0.296294 0.464148 0.882374 0.077350 -0.578315 -0.814024 -0.054007 0.216650 -0.972040 0.090562 
0.972986 0.225100 0.051260 -0.793597 0.529465 -0.299785 0.463300 0.882762 0.078004 -0.577652 -0.814486 -0.054134 0.218203 -0.971671 0.090790 
0.972955 0.219463 0.072071 -0.793120 0.531302 -0.297789 0.467607 0.880937 0.072752 -0.583846 -0.810631 -0.044728 0.216121 -0.975915 0.029693 
0.479279 0.875648 0.059435 0.985398 0.144715 0.089716 -0.808353 0.510814 -0.292632 0.136371 -0.987752 0.075816 -0.596557 -0.801287 -0.045375 
0.996968 0.068791 0.036370 -0.829263 0.472350 -0.298679 0.440068 0.871480 0.216477 0.537406 0.842488 0.037526 0.064539 -0.995742 0.065819 -0.632992 -0.772246 -0.054385 
0.997965 0.063766 0.000739 -0.834944 0.448567 -0.318834 0.414702 0.884328 0.214446 0.574782 0.816093 0.060151 0.061939 -0.997412 0.036500 -0.655241 -0.753489 -0.053969 
0.997131 0.075687 0.000692 -0.835686 0.428130 -0.343997 0.386057 0.894092 0.227065 0.572877 0.816857 0.067501 0.073886 -0.996918 0.026351 -0.649475 -0.758236 -0.057106 
0.995348 0.096344 0.000674 -0.831031 0.410304 -0.375550 0.355827 0.901715 0.245556 0.567644 0.819694 0.076695 0.094569 -0.995400 0.015344 -0.641434 -0.764685 -0.061797 
0.993269 0.115830 0.000620 -0.831073 0.394261 -0.392270 0.330884 0.907927 0.257263 0.561677 0.823165 0.083183 0.114075 -0.993457 0.005431 -0.633321 -0.771134 -0.065245 
0.991521 0.129940 -0.001097 -0.836260 0.378021 -0.397203 0.313239 0.914508 0.256038 0.551833 0.829557 0.085529 0.128196 -0.991747 0.001894 -0.623420 -0.779193 -0.064858 
0.989408 0.145162 -0.000650 -0.842118 0.361465 -0.400225 0.295614 0.920796 0.254455 0.538888 0.837912 0.086622 0.143420 -0.989661 0.001226 -0.611001 -0.788975 -0.064783 
0.987154 0.159772 -0.000536 -0.847184 0.348495 -0.401036 0.280391 0.925043 0.256275 0.525253 0.846401 0.087833 0.158034 -0.987433 0.001087 -0.598225 -0.798602 -0.066048 
0.984904 0.173099 -0.000437 -0.851119 0.337945 -0.401733 0.267602 0.928196 0.258538 0.512866 0.853857 0.088859 0.171365 -0.985207 0.001000 -0.586693 -0.807007 -0.067307 
0.982980 0.183712 -0.000346 -0.853907 0.329997 -0.402423 0.258182 0.930510 0.259795 0.502844 0.859754 0.089283 0.181982 -0.983302 0.000940 -0.577504 -0.813564 -0.067849 
0.981443 0.191756 -0.000264 -0.855417 0.324070 -0.404031 0.251545 0.932358 0.259679 0.496065 0.863715 0.088972 0.190028 -0.981778 0.001177 -0.571213 -0.818031 -0.067383 
0.979916 0.199393 0.002473 -0.855586 0.321165 -0.405986 0.248629 0.933428 0.258643 0.492131 0.866132 0.087311 0.197651 -0.980257 0.005541 -0.567531 -0.820631 -0.066882 
0.979435 0.201750 0.001912 -0.855105 0.319763 -0.408102 0.248569 0.934376 0.255255 0.490723 0.867018 0.086434 0.200004 -0.979764 0.007855 -0.566445 -0.821513 -0.065239 
0.979435 0.201754 0.001699 -0.854272 0.320455 -0.409300 0.251310 0.934750 0.251170 0.490658 0.867096 0.086015 0.199999 -0.979734 0.011001 -0.566902 -0.821286 -0.064113 
0.979434 0.201757 0.001524 -0.853487 0.321471 -0.410141 0.253953 0.934870 0.248046 0.490605 0.867176 0.085507 0.199991 -0.979695 0.014188 -0.567339 -0.821053 -0.063240 
0.979434 0.201759 0.001369 -0.852649 0.321957 -0.411502 0.255957 0.935149 0.244912 0.490560 0.867246 0.085063 0.199979 -0.979644 0.017513 -0.567692 -0.820875 -0.062366 
0.979434 0.201760 0.001232 -0.851856 0.322026 -0.413088 0.257631 0.935577 0.241500 0.490452 0.867355 0.084567 0.199965 -0.979576 0.021077 -0.567943 -0.820775 -0.061399 
0.979435 0.201755 0.001112 -0.851348 0.321929 -0.414209 0.259527 0.936091 0.237444 0.490339 0.867473 0.084016 0.199941 -0.979497 0.024701 -0.568203 -0.820675 -0.060316 
0.979488 0.201498 0.001006 -0.850949 0.321833 -0.415102 0.261427 0.936569 0.233443 0.490218 0.867600 0.083411 0.199664 -0.979456 0.028279 -0.568455 -0.820578 -0.059248 
0.979702 0.200454 0.001509 -0.850620 0.322306 -0.415408 0.263688 0.936769 0.230069 0.490168 0.867717 0.082483 0.198580 -0.979569 0.031786 -0.568817 -0.820392 -0.058347 
0.980059 0.198675 0.003481 -0.850346 0.323290 -0.415205 0.266029 0.936683 0.227714 0.490199 0.867844 0.080940 0.196706 -0.979827 0.035298 -0.569237 -0.820146 -0.057709 
0.980411 0.196863 0.006194 -0.850065 0.324866 -0.414550 0.268871 0.936352 0.225730 0.490304 0.867961 0.079034 0.194755 -0.980079 0.038922 -0.569766 -0.819817 -0.057162 
0.980728 0.195169 0.009052 -0.849832 0.326814 -0.413495 0.272129 0.935875 0.223796 0.490445 0.868068 0.076956 0.192892 -0.980290 0.042719 -0.570361 -0.819440 -0.056621 
0.981042 0.193423 0.012018 -0.849596 0.328877 -0.412343 0.275513 0.935344 0.221864 0.490645 0.868141 0.074819 0.190949 -0.980492 0.046624 -0.571015 -0.819021 -0.056095 
0.981387 0.191487 0.014569 -0.849302 0.331268 -0.411032 0.279183 0.934676 0.220086 0.490893 0.868185 0.072660 0.188796 -0.980683 0.051162 -0.571752 -0.818539 -0.055614 
0.981811 0.189137 0.016569 -0.848920 0.334034 -0.409580 0.283112 0.933840 0.218611 0.491129 0.868214 0.070692 0.186239 -0.980935 0.055505 -0.572548 -0.818010 -0.055209 
0.982239 0.186753 0.018135 -0.848673 0.336587 -0.407999 0.286792 0.933052 0.217172 0.491351 0.868228 0.068949 0.183666 -0.981196 0.059343 -0.573292 -0.817516 -0.054816 
0.982576 0.184853 0.019345 -0.848555 0.338732 -0.406467 0.289968 0.932386 0.215811 0.491542 0.868237 0.067459 0.181603 -0.981376 0.062620 -0.573918 -0.817101 -0.054440 
0.982817 0.183472 0.020225 -0.848480 0.340309 -0.405304 0.292424 0.931906 0.214568 0.491706 0.868232 0.066320 0.180089 -0.981485 0.065231 -0.574411 -0.816777 -0.054105 
0.982970 0.182586 0.020803 -0.848416 0.341142 -0.404737 0.293788 0.931661 0.213768 0.491792 0.868237 0.065604 0.179112 -0.981547 0.066967 -0.574683 -0.816600 -0.053887 
0.983008 0.182344 0.021118 -0.848317 0.341207 -0.404889 0.294011 0.931665 0.213444 0.491795 0.868255 0.065357 0.178827 -0.981549 0.067698 -0.574725 -0.816576 -0.053796 
0.982979 0.182495 0.021171 -0.848180 0.340964 -0.405383 0.293731 0.931764 0.213395 0.491756 0.868273 0.065406 0.178970 -0.981512 0.067845 -0.574665 -0.816620 -0.053779 
0.982925 0.182807 0.020963 -0.848067 0.340527 -0.405985 0.293152 0.931923 0.213500 0.491696 0.868290 0.065628 0.179299 -0.981461 0.067724 -0.574546 -0.816702 -0.053802 
0.982831 0.183353 0.020607 -0.847976 0.339762 -0.406814 0.292171 0.932196 0.213651 0.491630 0.868300 0.065992 0.179878 -0.981380 0.067365 -0.574357 -0.816833 -0.053832 
0.982713 0.184035 0.020136 -0.848003 0.338691 -0.407650 0.290834 0.932571 0.213838 0.491532 0.868321 0.066449 0.180606 -0.981283 0.066814 -0.574082 -0.817023 -0.053882 
0.982594 0.184735 0.019547 -0.848079 0.337507 -0.408475 0.289301 0.932974 0.214161 0.491414 0.868349 0.066956 0.181363 -0.981190 0.066126 -0.573757 -0.817247 -0.053956 
0.982459 0.185520 0.018864 -0.848184 0.336350 -0.409210 0.287802 0.933361 0.214490 0.491315 0.868360 0.067531 0.182215 -0.981089 0.065277 -0.573450 -0.817456 -0.054044 
0.982305 0.186410 0.018118 -0.848340 0.335310 -0.409739 0.286408 0.933697 0.214897 0.491218 0.868369 0.068110 0.183179 -0.980975 0.064288 -0.573151 -0.817659 -0.054147 
0.982170 0.187189 0.017371 -0.848507 0.334469 -0.410080 0.285259 0.933961 0.215280 0.491159 0.868360 0.068658 0.184031 -0.980881 0.063291 -0.572918 -0.817816 -0.054248 
0.982069 0.187789 0.016640 -0.848747 0.333865 -0.410076 0.284353 0.934128 0.215750 0.491097 0.868360 0.069102 0.184699 -0.980816 0.062337 -0.572712 -0.817952 -0.054361 
0.982005 0.188181 0.015950 -0.848997 0.333558 -0.409808 0.283821 0.934192 0.216171 0.491081 0.868340 0.069468 0.185157 -0.980786 0.061446 -0.572598 -0.818025 -0.054467 
0.981988 0.188319 0.015314 -0.849270 0.333593 -0.409213 0.283712 0.934136 0.216559 0.491109 0.868303 0.069729 0.185352 -0.980799 0.060643 -0.572583 -0.818029 -0.054564 
0.982001 0.188304 0.014691 -0.849585 0.333867 -0.408335 0.283884 0.933991 0.216957 0.491164 0.868257 0.069916 0.185392 -0.980840 0.059860 -0.572626 -0.817993 -0.054662 
0.982018 0.188268 0.014007 -0.849948 0.334201 -0.407305 0.284106 0.933818 0.217413 0.491229 0.868204 0.070112 0.185417 -0.980889 0.058977 -0.572681 -0.817947 -0.054773 
0.982038 0.188216 0.013248 -0.850361 0.334592 -0.406121 0.284373 0.933616 0.217931 0.491306 0.868144 0.070324 0.185431 -0.980945 0.057983 -0.572746 -0.817892 -0.054900 
0.982062 0.188152 0.012383 -0.850883 0.335064 -0.404635 0.284643 0.933360 0.218672 0.491348 0.868105 0.070507 0.185439 -0.981009 0.056870 -0.572774 -0.817862 -0.055066 
0.982087 0.188081 0.011404 -0.851439 0.335547 -0.403063 0.284954 0.933099 0.219378 0.491419 0.868045 0.070751 0.185449 -0.981078 0.055630 -0.572828 -0.817813 -0.055232 
0.982113 0.188009 0.010313 -0.852016 0.336084 -0.401394 0.285342 0.932819 0.220067 0.491526 0.867959 0.071056 0.185463 -0.981153 0.054242 -0.572922 -0.817735 -0.055402 
0.982138 0.187940 0.009096 -0.852651 0.336669 -0.399550 0.285762 0.932508 0.220839 0.491644 0.867864 0.071400 0.185486 -0.981233 0.052693 -0.573024 -0.817651 -0.055592 
0.982162 0.187875 0.007731 -0.853379 0.337313 -0.397446 0.286187 0.932153 0.221782 0.491750 0.867774 0.071764 0.185520 -0.981318 0.050973 -0.573108 -0.817577 -0.055818 
0.982184 0.187819 0.006215 -0.854142 0.337997 -0.395220 0.286671 0.931779 0.222727 0.491893 0.867657 0.072204 0.185567 -0.981406 0.049064 -0.573227 -0.817477 -0.056051 
0.982204 0.187764 0.004536 -0.854972 0.338744 -0.392779 0.287192 0.931365 0.223786 0.492049 0.867527 0.072696 0.185620 -0.981499 0.046950 -0.573356 -0.817369 -0.056312 
0.982222 0.187702 0.002671 -0.855904 0.339575 -0.390022 0.287740 0.930891 0.225051 0.492197 0.867400 0.073215 0.185668 -0.981599 0.044626 -0.573471 -0.817267 -0.056617 
0.982238 0.187638 0.000626 -0.856911 0.340480 -0.387009 0.288338 0.930367 0.226446 0.492362 0.867257 0.073791 0.185716 -0.981703 0.042069 -0.573600 -0.817153 -0.056954 
0.982239 0.187635 0.000196 -0.857944 0.341585 -0.383735 0.289121 0.929749 0.227981 0.492624 0.867106 0.073813 0.185752 -0.981808 0.039367 -0.573799 -0.816987 -0.057333 
0.982239 0.187635 0.000193 -0.859024 0.342807 -0.380212 0.290064 0.929076 0.229521 0.492919 0.866953 0.073646 0.185772 -0.981910 0.036624 -0.574034 -0.816795 -0.057711 
0.982239 0.187634 0.000189 -0.860152 0.344077 -0.376497 0.291086 0.928371 0.231075 0.493229 0.866793 0.073450 0.185791 -0.982007 0.033826 -0.574286 -0.816591 -0.058091 
0.982239 0.187634 0.000183 -0.861306 0.345480 -0.372552 0.292210 0.927589 0.232790 0.493559 0.866625 0.073221 0.185808 -0.982098 0.030956 -0.574564 -0.816365 -0.058510 
0.982239 0.187633 0.000176 -0.862477 0.347093 -0.368321 0.293587 0.926712 0.234545 0.493913 0.866446 0.072947 0.185825 -0.982183 0.028015 -0.574896 -0.816101 -0.058938 
0.982239 0.187632 0.000168 -0.863653 0.348897 -0.363832 0.295225 0.925751 0.236276 0.494289 0.866257 0.072638 0.185840 -0.982262 0.024988 -0.575283 -0.815798 -0.059357 
0.982240 0.187631 0.000158 -0.864829 0.350813 -0.359168 0.296982 0.924726 0.238082 0.494677 0.866063 0.072315 0.185853 -0.982334 0.021858 -0.575696 -0.815475 -0.059794 
0.982240 0.187629 0.000147 -0.866018 0.352758 -0.354366 0.298772 0.923664 0.239958 0.495072 0.865865 0.071986 0.185864 -0.982399 0.018619 -0.576118 -0.815143 -0.060248 
0.982240 0.187627 0.000135 -0.867224 0.354691 -0.349453 0.300544 0.922579 0.241912 0.495469 0.865665 0.071656 0.185874 -0.982455 0.015266 -0.576540 -0.814810 -0.060721 
0.982241 0.187625 0.000122 -0.868433 0.356651 -0.344419 0.302331 0.921453 0.243969 0.495871 0.865462 0.071326 0.185881 -0.982501 0.011794 -0.576968 -0.814469 -0.061219 
0.982241 0.187622 0.000107 -0.869653 0.358571 -0.339308 0.304058 0.920308 0.246136 0.496272 0.865258 0.071004 0.185885 -0.982537 0.008201 -0.577386 -0.814133 -0.061745 
0.982242 0.187620 0.000092 -0.870890 0.360421 -0.334138 0.305704 0.919158 0.248383 0.496672 0.865053 0.070707 0.185888 -0.982561 0.004473 -0.577792 -0.813803 -0.062299 
0.982242 0.187617 0.000002 -0.872150 0.362098 -0.328997 0.307244 0.918069 0.250499 0.497068 0.864854 0.070366 0.185887 -0.982570 0.001116 -0.578176 -0.813490 -0.062825 
0.982243 0.187614 -0.000002 -0.873378 0.363595 -0.324052 0.308795 0.917101 0.252133 0.497476 0.864696 0.069413 0.185884 -0.982571 0.000714 -0.578560 -0.813184 -0.063242 
0.982322 0.187195 -0.000989 -0.874536 0.365077 -0.319226 0.310487 0.916182 0.253393 0.497587 0.864712 0.068421 0.185467 -0.982644 0.003514 -0.578755 -0.813002 -0.063794 
0.982451 0.186514 -0.001451 -0.875515 0.366936 -0.314375 0.312733 0.915164 0.254309 0.497908 0.864594 0.067564 0.184787 -0.982769 0.004409 -0.579235 -0.812630 -0.064183 
0.982574 0.185867 -0.000969 -0.876189 0.369163 -0.309858 0.315068 0.913934 0.255847 0.498217 0.864502 0.066455 0.184139 -0.982892 0.003946 -0.579749 -0.812238 -0.064504 
0.982635 0.185542 -0.001668 -0.876994 0.371137 -0.305188 0.317643 0.912935 0.256226 0.498579 0.864360 0.065585 0.183817 -0.982951 0.004217 -0.580316 -0.811829 -0.064549 
0.982882 0.184215 -0.002909 -0.877405 0.373834 -0.300681 0.320648 0.911567 0.257355 0.498925 0.864229 0.064666 0.182498 -0.983190 0.005684 -0.581007 -0.811316 -0.064789 
0.983185 0.182603 -0.001981 -0.877858 0.376447 -0.296064 0.323907 0.910322 0.257678 0.499459 0.863998 0.063621 0.180880 -0.983492 0.005091 -0.581900 -0.810662 -0.064963 
0.983604 0.180334 -0.001796 -0.878222 0.378951 -0.291758 0.327057 0.909141 0.257870 0.500051 0.863722 0.062717 0.178608 -0.983910 0.004569 -0.582860 -0.809969 -0.064997 
0.983996 0.178183 -0.001632 -0.878500 0.381310 -0.287821 0.330041 0.908036 0.257960 0.500596 0.863466 0.061892 0.176456 -0.984300 0.004098 -0.583766 -0.809315 -0.065008 
0.984442 0.175695 -0.002099 -0.878693 0.383741 -0.283973 0.333094 0.906901 0.258029 0.501144 0.863193 0.061263 0.173967 -0.984746 0.003378 -0.584715 -0.808634 -0.064953 
0.984888 0.173139 -0.004374 -0.878792 0.386160 -0.280367 0.336081 0.905769 0.258132 0.501799 0.862805 0.061362 0.171412 -0.985198 0.001567 -0.585754 -0.807896 -0.064781 
0.985255 0.171045 -0.003965 -0.878852 0.388302 -0.277201 0.338689 0.904748 0.258303 0.502288 0.862574 0.060602 0.169316 -0.985561 0.001385 -0.586580 -0.807291 -0.064848 
0.985597 0.169060 -0.004231 -0.878881 0.390155 -0.274493 0.340970 0.903870 0.258375 0.502732 0.862349 0.060130 0.167329 -0.985901 0.000925 -0.587328 -0.806749 -0.064819 
0.985827 0.167697 -0.004742 -0.878892 0.391556 -0.272458 0.342682 0.903201 0.258451 0.503099 0.862144 0.059990 0.165963 -0.986132 0.000238 -0.587910 -0.806325 -0.064826 
0.985953 0.166970 -0.004118 -0.878909 0.392494 -0.271048 0.343807 0.902736 0.258583 0.503265 0.862077 0.059558 0.165236 -0.986254 0.000252 -0.588225 -0.806087 -0.064923 
0.985981 0.166818 -0.003751 -0.878979 0.392813 -0.270359 0.344206 0.902560 0.258663 0.503337 0.862053 0.059302 0.165083 -0.986280 0.000206 -0.588334 -0.806006 -0.064947 
0.985993 0.166752 -0.003421 -0.879008 0.392941 -0.270080 0.344354 0.902485 0.258732 0.503369 0.862045 0.059143 0.165016 -0.986291 0.000159 -0.588377 -0.805973 -0.064965 
0.985996 0.166739 -0.003120 -0.878985 0.392962 -0.270124 0.344363 0.902476 0.258748 0.503372 0.862049 0.059058 0.165004 -0.986293 0.000160 -0.588382 -0.805969 -0.064975 
0.986067 0.166233 -0.006197 -0.878917 0.392987 -0.270307 0.344347 0.902471 0.258788 0.503477 0.861941 0.059738 0.164511 -0.986373 0.002005 -0.588465 -0.805906 -0.064994 
0.986185 0.165537 -0.006072 -0.878816 0.393089 -0.270486 0.344327 0.902403 0.259052 0.503484 0.861920 0.059977 0.163807 -0.986492 0.000800 -0.588512 -0.805866 -0.065058 
0.986245 0.165052 -0.008855 -0.878666 0.393086 -0.270979 0.344216 0.902419 0.259145 0.503613 0.861789 0.060770 0.163338 -0.986568 0.002001 -0.588611 -0.805791 -0.065095 
0.986252 0.165052 -0.008008 -0.878511 0.392990 -0.271620 0.343982 0.902478 0.259249 0.503581 0.861815 0.060674 0.163334 -0.986569 0.001795 -0.588564 -0.805823 -0.065127 
0.986270 0.164954 -0.007789 -0.878335 0.392847 -0.272395 0.343703 0.902570 0.259298 0.503541 0.861836 0.060700 0.163238 -0.986585 0.002102 -0.588509 -0.805862 -0.065143 
0.986276 0.164954 -0.007045 -0.878125 0.392662 -0.273337 0.343373 0.902697 0.259294 0.503486 0.861869 0.060697 0.163234 -0.986586 0.001920 -0.588437 -0.805914 -0.065148 
0.986281 0.164954 -0.006365 -0.877894 0.392456 -0.274372 0.343033 0.902844 0.259230 0.503423 0.861903 0.060733 0.163231 -0.986586 0.001743 -0.588360 -0.805971 -0.065137 
0.986288 0.164945 -0.005476 -0.877656 0.392243 -0.275437 0.342676 0.902995 0.259177 0.503322 0.861961 0.060744 0.163220 -0.986588 0.001814 -0.588254 -0.806044 -0.065198 
0.986295 0.164908 -0.005187 -0.877419 0.392012 -0.276518 0.342290 0.903150 0.259148 0.503292 0.861958 0.061042 0.163177 -0.986596 0.000838 -0.588205 -0.806082 -0.065157 
0.986302 0.164873 -0.005096 -0.877192 0.391750 -0.277609 0.341875 0.903319 0.259108 0.503247 0.861969 0.061260 0.163140 -0.986603 0.000408 -0.588137 -0.806138 -0.065092 
0.986310 0.164683 -0.008477 -0.876959 0.391489 -0.278709 0.341457 0.903486 0.259077 0.503255 0.861911 0.061994 0.162977 -0.986625 0.003197 -0.588091 -0.806173 -0.065062 
0.986316 0.164709 -0.007124 -0.876743 0.391170 -0.279834 0.340964 0.903673 0.259073 0.503131 0.861989 0.061913 0.162999 -0.986620 0.003442 -0.587941 -0.806272 -0.065201 
0.986329 0.164618 -0.007417 -0.876492 0.390914 -0.280976 0.340551 0.903843 0.259023 0.503040 0.862026 0.062140 0.162914 -0.986631 0.004180 -0.587834 -0.806348 -0.065224 
0.986334 0.164620 -0.006695 -0.876238 0.390662 -0.282118 0.340153 0.904014 0.258950 0.502967 0.862064 0.062209 0.162911 -0.986633 0.003807 -0.587745 -0.806415 -0.065198 
0.986385 0.164369 -0.005261 -0.875991 0.390413 -0.283227 0.339767 0.904184 0.258862 0.502804 0.862166 0.062117 0.162655 -0.986675 0.004069 -0.587598 -0.806511 -0.065337 
0.986390 0.164355 -0.004756 -0.875754 0.390159 -0.284309 0.339377 0.904352 0.258787 0.502729 0.862202 0.062217 0.162636 -0.986679 0.003708 -0.587509 -0.806579 -0.065291 
0.986393 0.164345 -0.004493 -0.875523 0.389908 -0.285362 0.339004 0.904521 0.258686 0.502661 0.862224 0.062463 0.162623 -0.986683 0.003312 -0.587429 -0.806638 -0.065285 
0.986394 0.164346 -0.004068 -0.875298 0.389678 -0.286365 0.338651 0.904675 0.258607 0.502594 0.862256 0.062557 0.162622 -0.986684 0.003038 -0.587349 -0.806700 -0.065239 
0.986419 0.164074 -0.007555 -0.875060 0.389488 -0.287350 0.338348 0.904815 0.258516 0.502578 0.862213 0.063271 0.162387 -0.986705 0.006635 -0.587301 -0.806730 -0.065301 
0.986416 0.164150 -0.006178 -0.874836 0.389195 -0.288425 0.337936 0.905002 0.258400 0.502443 0.862298 0.063193 0.162453 -0.986693 0.006725 -0.587153 -0.806829 -0.065402 
0.986419 0.164153 -0.005598 -0.874620 0.388917 -0.289455 0.337557 0.905185 0.258255 0.502371 0.862333 0.063280 0.162449 -0.986698 0.006134 -0.587067 -0.806899 -0.065318 
