-0.000141 0.000059 1.000000 -0.000102 -0.000247 1.000000 -0.000104 -0.000247 1.000000 -0.000148 0.000058 1.000000 
-0.000551 0.000231 1.000000 -0.000148 -0.000357 1.000000 -0.000152 -0.000360 1.000000 -0.000564 0.000222 1.000000 
0.003889 -0.001631 0.999991 0.001115 0.002690 0.999996 0.001141 0.002707 0.999996 0.003984 -0.001568 0.999991 
0.002448 -0.001028 0.999996 -0.000451 -0.001088 0.999999 -0.000452 -0.001071 0.999999 0.002445 -0.000963 0.999997 
0.002217 -0.000931 0.999997 -0.000406 -0.000979 0.999999 -0.000406 -0.000963 0.999999 0.002215 -0.000872 0.999997 
0.000928 -0.000390 0.999999 -0.001804 -0.004346 0.999989 -0.001828 -0.004329 0.999989 0.000838 -0.000330 1.000000 
0.002437 -0.001025 0.999997 -0.000413 -0.000994 0.999999 -0.000413 -0.000977 0.999999 0.002437 -0.000961 0.999997 
0.004635 -0.001947 0.999987 0.000397 0.000956 0.999999 0.000415 0.000982 0.999999 0.004699 -0.001851 0.999987 
0.004240 -0.001781 0.999989 0.000358 0.000862 1.000000 0.000374 0.000886 1.000000 0.004297 -0.001693 0.999989 
0.006052 -0.002548 0.999978 -0.000256 -0.000615 1.000000 -0.000244 -0.000577 1.000000 0.006092 -0.002407 0.999979 
0.006003 -0.002527 0.999979 -0.000223 -0.000537 1.000000 -0.000211 -0.000499 1.000000 0.006045 -0.002388 0.999979 
0.009631 -0.004169 0.999945 0.001397 0.003267 0.999994 0.001443 0.003317 0.999993 0.009794 -0.003982 0.999944 
0.010104 -0.004530 0.999939 0.001636 0.003692 0.999992 0.001686 0.003743 0.999992 0.010284 -0.004338 0.999938 
0.009013 -0.004041 0.999951 0.001449 0.003271 0.999994 0.001494 0.003317 0.999993 0.009173 -0.003869 0.999950 
0.008121 -0.003641 0.999960 0.001281 0.002892 0.999995 0.001321 0.002934 0.999995 0.008264 -0.003486 0.999960 
0.009726 -0.004361 0.999943 0.001116 0.002518 0.999996 0.001158 0.002570 0.999996 0.009876 -0.004166 0.999943 
0.018872 -0.008461 0.999786 0.000975 0.002200 0.999997 0.001040 0.002309 0.999997 0.019103 -0.008058 0.999785 
0.037193 -0.016680 0.999169 0.000805 0.001816 0.999998 0.000918 0.002038 0.999998 0.037591 -0.015860 0.999167 
0.046314 -0.020627 0.998714 0.000675 0.001533 0.999999 0.000811 0.001812 0.999998 0.046790 -0.019599 0.998712 
0.050456 -0.022483 0.998473 0.000569 0.001292 0.999999 0.000715 0.001596 0.999998 0.050967 -0.021359 0.998472 
0.051803 -0.023082 0.998391 0.000461 0.001047 0.999999 0.000609 0.001361 0.999999 0.052322 -0.021926 0.998390 
0.052658 -0.023462 0.998337 0.000377 0.000855 1.000000 0.000526 0.001175 0.999999 0.053180 -0.022285 0.998336 
0.057934 -0.025813 0.997987 0.000306 0.000696 1.000000 0.000469 0.001048 0.999999 0.058503 -0.024514 0.997986 
0.062530 -0.027859 0.997654 0.000234 0.000533 1.000000 0.000409 0.000913 0.999999 0.063140 -0.026456 0.997654 
0.069026 -0.030721 0.997142 0.000113 0.000257 1.000000 0.000303 0.000678 1.000000 0.069691 -0.029168 0.997142 
0.078234 -0.034819 0.996327 0.000051 0.000115 1.000000 0.000265 0.000593 1.000000 0.078984 -0.033055 0.996328 
0.088217 -0.039261 0.995327 -0.000011 -0.000024 1.000000 0.000230 0.000515 1.000000 0.089060 -0.037269 0.995329 
0.100097 -0.044548 0.993980 -0.000063 -0.000144 1.000000 0.000210 0.000469 1.000000 0.101053 -0.042283 0.993982 
0.110395 -0.049132 0.992673 -0.000113 -0.000257 1.000000 0.000187 0.000418 1.000000 0.111448 -0.046630 0.992676 
0.124596 -0.052166 0.990835 -0.016428 0.070117 0.997403 -0.136148 -0.106637 0.984933 -0.000153 -0.000348 1.000000 -0.268846 -0.069466 0.960675 -0.020970 -0.014877 0.999669 
0.141457 -0.060606 0.988087 -0.014305 0.057748 0.998229 -0.100880 -0.079439 0.991722 0.000555 0.001233 0.999999 -0.180459 -0.047223 0.982448 -0.004209 -0.003089 0.999986 
-0.012943 0.051497 0.998589 0.156186 -0.068986 0.985316 -0.052640 -0.042543 0.997707 0.003200 0.006927 0.999971 -0.075981 -0.019578 0.996917 0.031658 0.025118 0.999183 
-0.008559 0.034753 0.999359 0.168575 -0.076789 0.982693 -0.002048 -0.001735 0.999996 0.024343 0.006017 0.999686 0.004812 0.010128 0.999937 0.070124 0.063681 0.995504 
-0.005850 0.023906 0.999697 0.178047 -0.081268 0.980660 0.000353 0.000299 1.000000 0.038310 0.009406 0.999222 0.005324 0.011192 0.999923 0.063737 0.058132 0.996272 
-0.002870 0.011874 0.999925 0.193973 -0.088988 0.976962 0.004177 0.003537 0.999985 0.055439 0.013464 0.998371 0.007844 0.016469 0.999834 0.057436 0.052691 0.996958 
0.000005 -0.000021 1.000000 0.212339 -0.097537 0.972316 0.007162 0.006064 0.999956 0.068966 0.016713 0.997479 0.009287 0.019530 0.999766 0.055053 0.050673 0.997197 
0.001259 -0.005249 0.999985 0.228351 -0.104800 0.967922 0.007835 0.006638 0.999947 0.079485 0.019248 0.996650 0.009703 0.020454 0.999744 0.053500 0.049447 0.997343 
-0.000134 0.000572 1.000000 0.242733 -0.113708 0.963406 0.000392 0.000327 1.000000 0.104522 0.024662 0.994217 0.007774 0.016021 0.999841 0.033942 0.031056 0.998941 
-0.006908 0.029637 0.999537 0.252746 -0.123143 0.959664 -0.010248 -0.008280 0.999913 0.146329 0.033670 0.988663 0.001467 0.002880 0.999995 0.012516 0.011104 0.999860 
-0.013907 0.058642 0.998182 0.257370 -0.126277 0.958026 -0.018785 -0.014876 0.999713 0.186861 0.042348 0.981473 -0.000976 -0.001895 0.999998 -0.016564 -0.014262 0.999761 
-0.035645 0.129610 0.990924 0.267973 -0.131451 0.954417 -0.036050 -0.028517 0.998943 0.246750 0.058983 0.967283 -0.000995 -0.001933 0.999998 -0.068362 -0.058003 0.995973 
-0.079204 0.233195 0.969199 0.282909 -0.138729 0.949061 -0.070743 -0.054644 0.995997 -0.001035 -0.002010 0.999997 0.296711 0.074992 0.952018 -0.146198 -0.111854 0.982911 
-0.111741 0.303751 0.946176 0.302390 -0.148384 0.941564 -0.112798 -0.084961 0.989979 -0.001055 -0.002045 0.999997 0.294107 0.073665 0.952929 -0.214014 -0.148208 0.965522 
-0.089655 0.291017 0.952508 -0.003265 -0.006498 0.999974 0.323916 -0.153926 0.933480 -0.146542 -0.105994 0.983509 0.214656 0.049910 0.975414 -0.192230 -0.123963 0.973489 
-0.032756 0.141943 0.989333 -0.007523 -0.015745 0.999848 0.354747 -0.157945 0.921525 -0.130966 -0.096783 0.986651 0.098998 0.021473 0.994856 -0.078627 -0.058927 0.995161 
-0.006508 0.032178 0.999461 0.045138 0.009140 0.998939 0.385816 -0.168452 0.907067 -0.112335 -0.084095 0.990105 -0.007284 -0.015496 0.999853 -0.034020 -0.027343 0.999047 
0.002048 -0.010929 0.999938 0.048619 0.009226 0.998775 0.416486 -0.184681 0.890187 -0.096154 -0.071388 0.992803 -0.004424 -0.009328 0.999947 -0.012475 -0.010208 0.999870 
0.005681 -0.032208 0.999465 0.074729 0.013508 0.997112 0.446849 -0.201893 0.871531 -0.078907 -0.057380 0.995229 -0.001514 -0.003158 0.999994 0.006114 0.004935 0.999969 
0.009679 -0.055996 0.998384 0.100291 0.018121 0.994793 0.479868 -0.216411 0.850231 -0.063245 -0.045318 0.996969 -0.001601 -0.003339 0.999993 0.025465 0.020272 0.999470 
0.013840 -0.081863 0.996547 0.129460 0.023600 0.991304 0.514483 -0.232465 0.825389 -0.048468 -0.034301 0.998236 -0.001621 -0.003368 0.999993 0.039810 0.031472 0.998711 
0.017937 -0.108394 0.993946 0.164529 0.030714 0.985894 0.548664 -0.246802 0.798784 -0.032400 -0.022782 0.999215 -0.002541 -0.005266 0.999983 0.053553 0.042431 0.997663 
0.022001 -0.135355 0.990553 0.204251 0.039792 0.978109 0.585626 -0.260709 0.767511 -0.014236 -0.009960 0.999849 -0.004360 -0.009013 0.999950 0.071287 0.056723 0.995842 
0.025618 -0.162097 0.986442 0.236653 0.047970 0.970409 0.625756 -0.273993 0.730313 -0.000382 -0.000266 1.000000 -0.007427 -0.015252 0.999856 0.088978 0.071792 0.993443 
0.031573 -0.196865 0.979922 0.253719 0.055576 0.965680 0.677464 -0.265250 0.686064 -0.000189 -0.000131 1.000000 -0.019187 -0.040069 0.999013 0.101408 0.082675 0.991404 
0.038436 -0.237732 0.970570 -0.030772 -0.064393 0.997450 0.726645 -0.250104 0.639872 0.006877 0.004743 0.999965 0.274009 0.065638 0.959485 0.119877 0.098754 0.987865 
0.046036 -0.286123 0.957086 -0.037723 -0.080187 0.996066 0.777095 -0.228142 0.586578 0.022411 0.015666 0.999626 0.299475 0.079775 0.950763 0.136798 0.115661 0.983824 
0.054118 -0.338920 0.939257 -0.043811 -0.095643 0.994451 0.828236 -0.188384 0.527765 0.039907 0.028815 0.998788 0.328231 0.099441 0.939349 0.148862 0.131941 0.980016 
0.061960 -0.396845 0.915792 -0.051271 -0.114541 0.992095 0.874019 -0.124089 0.469780 0.053067 0.040310 0.997777 0.357508 0.125472 0.925443 0.148243 0.141223 0.978816 
0.068577 -0.461629 0.884418 0.384064 0.159406 0.909442 0.908235 -0.024009 0.417771 0.058228 0.047028 0.997195 -0.062318 -0.140368 0.988136 0.132743 0.137498 0.981567 
0.070723 -0.527940 0.846332 0.408855 0.205331 0.889200 0.920980 -0.004967 0.389578 0.042038 0.038950 0.998357 -0.063905 -0.139046 0.988222 0.046060 0.058380 0.997231 
0.069538 -0.530820 0.844627 0.442076 0.250992 0.861146 0.914113 -0.015836 0.405151 0.016853 0.017828 0.999699 -0.056525 -0.133175 0.989479 -0.047041 -0.068601 0.996535 
0.060398 -0.530538 0.845507 0.468877 0.282162 0.836982 0.929444 -0.039460 0.366847 0.037505 0.040597 0.998471 -0.045871 -0.108483 0.993039 -0.042057 -0.062194 0.997178 
0.028110 -0.530132 0.847449 0.516215 0.320717 0.794142 0.946081 -0.148647 0.287812 0.088654 0.096653 0.991362 -0.023713 -0.053591 0.998281 -0.002108 -0.003126 0.999993 
-0.002927 -0.491722 0.870748 0.581221 0.360722 0.729426 0.881773 -0.418869 0.216851 0.151902 0.166952 0.974194 0.009705 0.021803 0.999715 0.049261 0.072775 0.996131 
-0.025530 -0.429290 0.902806 0.233658 0.255380 0.938182 0.653887 0.393217 0.646383 0.131326 0.190141 0.972934 0.499054 -0.848251 0.177241 0.049347 0.112616 0.992413 
-0.036054 -0.337314 0.940701 0.331222 0.356866 0.873464 0.740857 0.398843 0.540421 0.234032 0.335553 0.912487 -0.143869 -0.961991 0.232109 0.094244 0.223681 0.970095 
-0.030305 -0.214948 0.976155 0.433112 0.469525 0.769390 0.844348 0.355905 0.400511 0.329857 0.492021 0.805673 0.139195 0.362215 0.921643 -0.427800 -0.816059 0.388633 
-0.009175 -0.059516 0.998185 0.526034 0.575428 0.626235 0.168551 0.514655 0.840667 0.964878 0.090877 0.246480 0.102404 0.161812 0.981494 
0.598878 0.640243 0.481075 0.010014 0.063892 0.997907 0.206143 0.324873 0.923018 0.172485 0.628388 0.758536 
0.638845 0.679123 0.361481 0.256035 0.407743 0.876465 0.163188 0.715815 0.678954 0.251536 -0.951201 0.178736 0.025959 0.163625 0.986181 
0.687517 0.677012 0.262631 0.262127 0.422241 0.867757 0.163177 0.789546 0.591599 0.044150 0.285307 0.957419 -0.188041 -0.943830 0.271709 
0.264600 0.422498 0.866881 0.181745 0.844922 0.503066 0.052309 0.370983 0.927165 -0.327042 -0.871468 0.365496 
-0.373719 -0.816672 0.439751 0.266765 0.430916 0.862060 0.184656 0.886158 0.425002 -0.097321 -0.625606 0.774045 
0.265787 0.444786 0.855291 -0.384980 -0.754991 0.530828 0.101615 0.935762 0.337673 0.032801 0.983584 0.177446 -0.059732 -0.555740 0.829208 
0.297066 0.507388 0.808894 0.065057 -0.894468 0.442375 -0.065308 0.974804 0.213287 -0.369665 -0.695493 0.616147 
-0.012188 -0.852126 0.523194 -0.247494 0.944325 0.216789 0.347055 0.585344 0.732752 -0.343879 -0.660170 0.667774 -0.391440 -0.890513 0.231865 
-0.431154 0.884903 0.176219 -0.760655 -0.616407 0.203583 0.398269 0.646813 0.650396 -0.009772 0.664290 0.747411 -0.312683 -0.630746 0.710203 -0.378485 -0.863833 0.332479 
-0.624421 -0.706424 0.333262 0.453083 0.699877 0.552166 -0.043120 0.703018 0.709864 -0.262608 -0.931169 0.252906 -0.279482 -0.597049 0.751946 -0.366922 -0.828936 0.422176 
-0.314581 -0.703976 0.636755 -0.081752 0.740390 0.667188 -0.261247 -0.903437 0.339929 0.505604 0.739126 0.445036 -0.554376 -0.710129 0.434032 
-0.295397 -0.667153 0.683848 -0.124212 0.766824 0.629724 -0.255272 -0.873338 0.414869 0.560998 0.762084 0.323277 -0.506593 -0.687782 0.519922 
-0.284033 -0.635099 0.718314 -0.166164 0.781776 0.601012 -0.255257 -0.844578 0.470672 -0.969582 -0.131507 0.206438 0.089505 0.120574 0.988661 
-0.278905 -0.609058 0.742469 -0.205239 0.787353 0.581337 -0.263609 -0.821062 0.506328 -0.947274 -0.210805 0.241316 0.113008 0.151884 0.981917 
-0.275536 -0.591605 0.757683 -0.221047 0.793609 0.566853 -0.270471 -0.805817 0.526788 -0.926639 -0.273174 0.258296 0.128668 0.171112 0.976814 
-0.277421 -0.591442 0.757122 -0.222980 0.795452 0.563503 -0.275629 -0.808203 0.520420 -0.919588 -0.288619 0.266566 0.133030 0.178792 0.974852 
-0.281159 -0.598808 0.749919 -0.221301 0.796374 0.562863 -0.277667 -0.818040 0.503698 -0.921008 -0.280780 0.270012 -0.475650 -0.644504 0.598641 
-0.282384 -0.606630 0.743141 -0.218698 0.794561 0.566431 -0.275819 -0.825988 0.491597 -0.926493 -0.265376 0.266807 -0.481229 -0.655243 0.582301 
-0.283184 -0.613824 0.736904 -0.213469 0.791029 0.573327 -0.274576 -0.832077 0.481930 -0.933744 -0.246175 0.259846 -0.485594 -0.659723 0.573554 
-0.284593 -0.622407 0.729120 -0.205293 0.787572 0.581020 -0.274733 -0.839287 0.469168 -0.942165 -0.223873 0.249409 0.506481 0.840178 0.193851 -0.493047 -0.665065 0.560887 
-0.286376 -0.632063 0.720059 -0.195633 0.783606 0.589652 -0.275655 -0.847315 0.453950 -0.950971 -0.197585 0.237940 0.489124 0.842054 0.227382 -0.502478 -0.670861 0.545400 
-0.289371 -0.643153 0.708955 -0.184496 0.778490 0.599929 -0.277376 -0.856169 0.435932 -0.960615 -0.160364 0.226941 0.472680 0.842008 0.259993 -0.513660 -0.677228 0.526798 
-0.293108 -0.656123 0.695406 -0.970773 -0.104304 0.216151 -0.172690 0.771768 0.612006 -0.277869 -0.865967 0.415801 0.458482 0.840085 0.289917 -0.525193 -0.684176 0.506039 
-0.296476 -0.670395 0.680201 -0.978000 -0.034747 0.205689 -0.161038 0.763956 0.624850 -0.275957 -0.876816 0.393752 0.445153 0.836051 0.320715 -0.537417 -0.691338 0.482943 
-0.299213 -0.686247 0.662975 -0.979202 0.052650 0.195939 -0.149592 0.754847 0.638615 -0.270017 -0.889045 0.369716 0.432067 0.830400 0.351788 -0.550595 -0.698122 0.457680 
-0.301296 -0.703599 0.643560 -0.968785 0.162307 0.187383 -0.138093 0.743686 0.654111 -0.260247 -0.902196 0.343968 0.419152 0.823398 0.382528 -0.564148 -0.703910 0.431564 
-0.302841 -0.721353 0.622846 -0.941687 0.283571 0.181145 -0.127092 0.731266 0.670148 -0.248236 -0.915521 0.316543 0.405667 0.814253 0.415243 -0.579521 -0.708105 0.403414 
-0.898379 0.401689 0.177657 -0.304125 -0.738355 0.601947 -0.597438 -0.710547 0.371740 0.392040 0.801130 0.452213 -0.117174 0.718487 0.685599 -0.236392 -0.928125 0.287580 
-0.843212 0.507690 0.176764 -0.305567 -0.753602 0.581991 -0.618186 -0.708713 0.339959 0.378127 0.785982 0.489134 -0.108280 0.705823 0.700064 -0.226665 -0.938870 0.259128 
-0.777360 0.603185 0.178547 -0.307040 -0.767426 0.562836 -0.640527 -0.701887 0.311576 0.365037 0.770908 0.521966 -0.100048 0.692828 0.714129 -0.216862 -0.948088 0.232595 
-0.704834 0.685364 0.182988 -0.308134 -0.780833 0.543464 -0.666174 -0.690102 0.282792 0.352368 0.755079 0.552894 -0.092305 0.679912 0.727461 -0.202460 -0.957351 0.206131 
-0.628402 0.754390 0.189755 -0.308519 -0.793958 0.523876 -0.695412 -0.672030 0.254514 0.339982 0.738455 0.582319 -0.085216 0.666654 0.740480 -0.181788 -0.966731 0.179955 
-0.551017 0.810437 0.198927 -0.308224 -0.806798 0.504058 -0.727545 -0.647025 0.228115 0.328243 0.722003 0.609071 -0.078938 0.652686 0.753505 
-0.476224 0.853796 0.210340 -0.307171 -0.819583 0.483663 -0.764561 -0.611895 0.202562 0.316973 0.705621 0.633740 -0.072974 0.638278 0.766339 
-0.404022 0.886807 0.224365 -0.304794 -0.832748 0.462204 -0.805241 -0.565398 0.178639 0.306570 0.689924 0.655760 -0.067339 0.622919 0.779383 
-0.339071 0.909631 0.240005 -0.301845 -0.845720 0.440053 0.296093 0.674092 0.676704 -0.062007 0.606877 0.792373 
0.105672 -0.846125 0.522404 -0.280385 0.924820 0.257083 -0.297660 -0.858814 0.416936 0.285328 0.657284 0.697543 
0.131792 -0.854649 0.502200 -0.227193 0.934052 0.275554 -0.292022 -0.872043 0.392766 0.274144 0.639184 0.718532 
0.162962 -0.861137 0.481545 -0.178260 0.938399 0.296024 -0.283482 -0.885940 0.367081 0.263185 0.620260 0.738925 
0.252429 0.601513 0.757932 -0.144926 0.938376 0.313761 -0.134180 0.938381 0.318492 -0.239403 -0.788855 0.566034 
0.241077 0.581550 0.776969 -0.105029 0.935385 0.337675 -0.095788 0.934614 0.342522 -0.234031 -0.807749 0.541084 
0.229124 0.561442 0.795164 -0.080822 0.930227 0.357975 -0.072634 0.928999 0.362885 -0.228569 -0.823297 0.519556 
0.219932 0.547942 0.807087 -0.077077 0.925505 0.370809 -0.069369 0.924130 0.375728 -0.224914 -0.833006 0.505484 
-0.221995 -0.840092 0.494939 0.215899 0.544656 0.810393 -0.079264 0.921033 0.381334 -0.071817 0.919600 0.386237 
-0.071563 0.949976 0.304013 0.216150 0.544970 0.810116 -0.076928 0.916981 0.391443 -0.216950 -0.846893 0.485494 
-0.212505 -0.852378 0.477801 0.217328 0.543135 0.811032 -0.067315 0.914368 0.399250 -0.060412 0.912697 0.404147 
-0.208656 -0.856872 0.471417 0.218021 0.538638 0.813840 -0.055690 0.912330 0.405651 0.040185 -0.710133 0.702920 
-0.204738 -0.860960 0.465651 0.218286 0.533878 0.816900 -0.044649 0.910401 0.411311 0.039379 -0.705204 0.707910 
-0.201605 -0.864150 0.461086 0.218152 0.530049 0.819426 -0.036105 0.908684 0.415921 0.038329 -0.701720 0.711422 
-0.198934 -0.866596 0.457643 0.218073 0.527793 0.820901 -0.030679 0.907217 0.419544 0.037619 -0.700762 0.712402 
-0.196616 -0.868480 0.455066 0.217944 0.526537 0.821741 -0.027567 0.906082 0.422204 0.037418 -0.701618 0.711570 
-0.194882 -0.869855 0.453181 0.217698 0.525708 0.822337 -0.025744 0.905279 0.424037 0.037478 -0.702825 0.710375 
-0.194051 -0.870481 0.452336 0.217505 0.525265 0.822671 -0.024836 0.904916 0.424865 0.037423 -0.703222 0.709985 
-0.194191 -0.870308 0.452607 0.217532 0.525430 0.822559 -0.025111 0.905021 0.424624 0.037360 -0.703146 0.710063 
-0.194855 -0.869533 0.453810 0.217627 0.526103 0.822103 -0.026341 0.905486 0.423558 0.037176 -0.702932 0.710285 
-0.196003 -0.868179 0.455903 0.217783 0.527267 0.821316 -0.028505 0.906287 0.421701 0.036874 -0.702596 0.710633 
-0.197478 -0.866429 0.458588 0.218054 0.529059 0.820091 -0.031618 0.907392 0.419095 0.036246 -0.701894 0.711359 
-0.199339 -0.864222 0.461934 0.218405 0.531416 0.818472 -0.035649 0.908760 0.415793 0.035314 -0.701011 0.712276 
-0.201513 -0.861570 0.465929 0.218763 0.534105 0.816624 -0.040580 0.910358 0.411826 0.034347 -0.699936 0.713379 
-0.204171 -0.858468 0.470474 0.219090 0.536828 0.814748 -0.045515 0.912151 0.407318 0.032753 -0.697498 0.715838 
-0.206991 -0.855136 0.475286 0.219513 0.539484 0.812878 -0.050000 0.914005 0.402611 -0.043358 0.912159 0.407536 
-0.209749 -0.851434 0.480693 0.220343 0.542714 0.810500 -0.055333 0.915994 0.397358 -0.048504 0.914232 0.402278 
-0.212112 -0.847323 0.486880 0.222071 0.547328 0.806918 -0.062131 0.918093 0.391465 -0.055071 0.916435 0.396377 
0.224593 0.553227 0.802183 -0.069455 0.920007 0.385697 -0.062148 0.918461 0.390597 -0.213628 -0.843412 0.492971 
0.227311 0.559568 0.797003 -0.076467 0.921716 0.380252 -0.068920 0.920281 0.385140 -0.214698 -0.839794 0.498648 
0.229676 0.565366 0.792218 -0.084343 0.923390 0.374482 -0.242925 -0.935328 0.257192 -0.076536 0.922080 0.379355 
0.231497 0.570728 0.787831 -0.247722 -0.931929 0.264843 -0.092968 0.925149 0.368045 -0.084872 0.923980 0.372904 
0.232649 0.575846 0.783758 -0.253347 -0.928360 0.271962 -0.099823 0.926759 0.362151 -0.091463 0.925715 0.366997 
0.234312 0.579946 0.780231 -0.255755 -0.926155 0.277175 -0.105488 0.927745 0.357996 -0.096927 0.926801 0.362830 
0.236014 0.583613 0.776977 -0.258118 -0.924408 0.280793 -0.109920 0.928300 0.355212 -0.101208 0.927433 0.360034 
0.237246 0.585858 0.774910 -0.259270 -0.923567 0.282495 -0.111934 0.928471 0.354136 -0.103151 0.927639 0.358952 
0.237338 0.585809 0.774919 -0.259757 -0.923472 0.282358 -0.111424 0.928467 0.354307 -0.102649 0.927628 0.359123 
0.236873 0.584656 0.775931 -0.259470 -0.923832 0.281444 -0.109762 0.928396 0.355011 -0.101034 0.927531 0.359831 
0.237069 0.584277 0.776156 -0.258573 -0.924310 0.280699 -0.108499 0.928235 0.355820 -0.099809 0.927348 0.360643 
0.237167 0.584039 0.776306 -0.258190 -0.924573 0.280184 -0.107757 0.928125 0.356331 -0.099092 0.927226 0.361155 
0.237495 0.584039 0.776205 -0.257177 -0.924887 0.280080 -0.107430 0.928104 0.356485 -0.098773 0.927200 0.361310 
0.237884 0.584735 0.775562 -0.257070 -0.924891 0.280162 -0.107549 0.928044 0.356606 -0.098892 0.927140 0.361429 
0.238014 0.584974 0.775341 -0.256755 -0.924948 0.280266 -0.107537 0.928037 0.356628 -0.098881 0.927133 0.361452 
0.238509 0.585680 0.774656 -0.255638 -0.925170 0.280553 -0.107515 0.928025 0.356665 -0.098861 0.927121 0.361488 
0.239182 0.587016 0.773436 -0.255361 -0.925181 0.280768 -0.107893 0.927928 0.356803 -0.099233 0.927028 0.361624 
0.239600 0.587793 0.772717 -0.254878 -0.925255 0.280962 -0.108054 0.927889 0.356856 -0.099392 0.926991 0.361676 
0.239651 0.587906 0.772615 -0.254772 -0.925279 0.280982 -0.108052 0.927882 0.356874 -0.099390 0.926984 0.361694 
0.240267 0.589103 0.771511 -0.253840 -0.925434 0.281314 -0.108288 0.927832 0.356934 -0.099622 0.926936 0.361753 
0.241299 0.591253 0.769542 -0.253355 -0.925432 0.281756 -0.109147 0.927694 0.357032 -0.100465 0.926808 0.361847 
0.241913 0.592715 0.768223 -0.253496 -0.925308 0.282038 -0.110028 0.927603 0.356997 -0.101329 0.926729 0.361809 
0.241998 0.592888 0.768063 -0.253439 -0.925307 0.282091 -0.110122 0.927594 0.356992 -0.101423 0.926721 0.361803 
0.242134 0.593237 0.767751 -0.253305 -0.925320 0.282170 -0.110238 0.927580 0.356993 -0.101535 0.926709 0.361803 
0.242331 0.593573 0.767429 -0.253143 -0.925345 0.282232 -0.110351 0.927562 0.357002 -0.101646 0.926693 0.361812 
0.242567 0.594140 0.766915 -0.252979 -0.925340 0.282398 -0.110626 0.927543 0.356967 -0.101914 0.926678 0.361776 
0.242835 0.594623 0.766456 -0.252822 -0.925355 0.282486 -0.110836 0.927527 0.356945 -0.102121 0.926664 0.361753 
0.243061 0.595239 0.765906 -0.252758 -0.925326 0.282638 -0.111171 0.927502 0.356904 -0.102449 0.926644 0.361711 
0.243081 0.595291 0.765859 -0.252798 -0.925313 0.282648 -0.111218 0.927497 0.356904 -0.102494 0.926640 0.361710 
0.243213 0.595521 0.765638 -0.252803 -0.925310 0.282653 -0.111377 0.927483 0.356890 -0.102650 0.926628 0.361695 
0.243283 0.595795 0.765403 -0.252699 -0.925318 0.282719 -0.111478 0.927477 0.356874 -0.102749 0.926623 0.361679 
0.243385 0.596104 0.765130 -0.252599 -0.925315 0.282818 -0.111616 0.927470 0.356850 -0.102884 0.926618 0.361655 
0.243592 0.596716 0.764587 -0.252686 -0.925243 0.282974 -0.112052 0.927447 0.356772 -0.103309 0.926602 0.361575 
0.243629 0.596825 0.764490 -0.252768 -0.925215 0.282995 -0.112177 0.927440 0.356751 -0.103434 0.926596 0.361554 
0.243675 0.596824 0.764476 -0.252766 -0.925223 0.282968 -0.112182 0.927438 0.356755 -0.103437 0.926594 0.361558 
0.243974 0.597731 0.763672 -0.253004 -0.925142 0.283022 -0.112808 0.927369 0.356736 -0.104052 0.926533 0.361537 
0.244143 0.598206 0.763246 -0.253122 -0.925070 0.283150 -0.113119 0.927349 0.356690 -0.104358 0.926518 0.361489 
0.244204 0.598435 0.763047 -0.253106 -0.925057 0.283208 -0.113230 0.927344 0.356668 -0.104466 0.926514 0.361467 
0.244236 0.598509 0.762979 -0.253148 -0.925040 0.283227 -0.113285 0.927338 0.356666 -0.104517 0.926509 0.361465 
0.244235 0.598513 0.762975 -0.253162 -0.925037 0.283224 -0.113294 0.927335 0.356671 -0.104526 0.926506 0.361470 
0.244299 0.598990 0.762580 -0.253202 -0.925002 0.283304 -0.113692 0.927319 0.356586 -0.104917 0.926496 0.361384 
0.244365 0.599137 0.762444 -0.253272 -0.924969 0.283348 -0.113792 0.927311 0.356575 -0.105015 0.926489 0.361373 
0.244405 0.599227 0.762361 -0.253317 -0.924949 0.283374 -0.113855 0.927305 0.356570 -0.105077 0.926484 0.361367 
0.244454 0.599337 0.762258 -0.253373 -0.924922 0.283409 -0.113938 0.927299 0.356559 -0.105157 0.926480 0.361355 
0.244468 0.599385 0.762216 -0.253414 -0.924909 0.283416 -0.114004 0.927296 0.356547 -0.105222 0.926477 0.361343 
0.244584 0.599621 0.761993 -0.253574 -0.924870 0.283399 -0.114262 0.927275 0.356519 -0.105475 0.926459 0.361314 
0.244628 0.599763 0.761867 -0.253689 -0.924831 0.283425 -0.114456 0.927266 0.356480 -0.105666 0.926453 0.361274 
0.244686 0.600319 0.761410 -0.253734 -0.924789 0.283521 -0.114898 0.927245 0.356393 -0.106098 0.926438 0.361186 
0.244987 0.601109 0.760690 -0.254086 -0.924682 0.283556 -0.115549 0.927157 0.356411 -0.106738 0.926358 0.361202 
0.245163 0.601765 0.760115 -0.254419 -0.924554 0.283675 -0.116262 0.927109 0.356304 -0.107438 0.926320 0.361092 
0.245258 0.601978 0.759915 -0.254512 -0.924527 0.283678 -0.116466 0.927089 0.356288 -0.107636 0.926304 0.361076 
0.245300 0.602124 0.759786 -0.254646 -0.924489 0.283684 -0.116649 0.927068 0.356282 -0.107818 0.926285 0.361069 
0.245336 0.602416 0.759543 -0.254680 -0.924463 0.283738 -0.116827 0.927056 0.356256 -0.107990 0.926276 0.361042 
0.245409 0.602587 0.759383 -0.254774 -0.924422 0.283785 -0.116960 0.927044 0.356244 -0.108121 0.926265 0.361029 
0.245428 0.602632 0.759342 -0.254800 -0.924411 0.283797 -0.116993 0.927040 0.356242 -0.108153 0.926262 0.361028 
0.245429 0.602637 0.759337 -0.254808 -0.924409 0.283796 -0.116999 0.927039 0.356245 -0.108159 0.926261 0.361030 
0.245441 0.602682 0.759298 -0.254850 -0.924396 0.283803 -0.117067 0.927035 0.356232 -0.108226 0.926258 0.361018 
0.245515 0.602862 0.759131 -0.254943 -0.924376 0.283783 -0.117229 0.927027 0.356199 -0.108386 0.926252 0.360984 
0.245633 0.603323 0.758726 -0.255350 -0.924258 0.283801 -0.117843 0.926963 0.356163 -0.108988 0.926196 0.360946 
0.245709 0.603572 0.758504 -0.255508 -0.924198 0.283855 -0.118118 0.926942 0.356126 -0.109259 0.926179 0.360909 
0.245716 0.603659 0.758432 -0.255579 -0.924171 0.283878 -0.118273 0.926937 0.356090 -0.109411 0.926175 0.360872 
0.245733 0.603740 0.758362 -0.255599 -0.924171 0.283861 -0.118344 0.926936 0.356067 -0.109481 0.926176 0.360849 
0.245834 0.604089 0.758051 -0.255879 -0.924100 0.283839 -0.118789 0.926891 0.356037 -0.109919 0.926136 0.360818 
0.245941 0.604572 0.757632 -0.256341 -0.923966 0.283858 -0.119411 0.926822 0.356008 -0.110531 0.926075 0.360787 
0.245963 0.605018 0.757268 -0.256450 -0.923898 0.283981 -0.119810 0.926812 0.355901 -0.110922 0.926071 0.360679 
0.246117 0.605421 0.756896 -0.256747 -0.923778 0.284103 -0.120252 0.926781 0.355831 -0.111354 0.926047 0.360607 
0.246111 0.605799 0.756596 -0.256784 -0.923733 0.284218 -0.120493 0.926783 0.355746 -0.111590 0.926052 0.360521 
0.246207 0.606105 0.756319 -0.257061 -0.923636 0.284283 -0.120908 0.926751 0.355687 -0.111996 0.926026 0.360462 
0.246219 0.606164 0.756268 -0.257077 -0.923627 0.284297 -0.120959 0.926746 0.355683 -0.112046 0.926022 0.360457 
