-0.918164 0.396178 0.004318 -0.392185 -0.919885 -0.001591 0.397804 0.917469 0.001565 0.926770 -0.375605 -0.004282 
-0.918256 0.395969 0.003863 -0.391982 -0.919960 -0.004853 0.397601 0.917545 0.004830 0.926857 -0.375395 -0.003754 
-0.917886 0.396844 0.000292 -0.392842 -0.919605 -0.001105 0.398460 0.917185 0.001103 0.926507 -0.376277 -0.000267 
-0.917695 0.397283 0.001230 -0.393284 -0.919415 -0.001863 0.398900 0.916993 0.001855 0.926326 -0.376720 -0.001188 
-0.917437 0.397880 -0.000802 -0.393881 -0.919162 0.000195 0.399495 0.916735 -0.000190 0.926082 -0.377323 0.000798 
-0.917436 0.397883 -0.000761 -0.393884 -0.919160 0.000199 0.399498 0.916734 -0.000195 0.926080 -0.377326 0.000757 
-0.917393 0.397981 -0.000740 -0.393978 -0.919114 -0.003258 0.399592 0.916687 0.003263 0.926040 -0.377425 0.000813 
-0.917394 0.397980 -0.000735 -0.393977 -0.919115 -0.002921 0.399592 0.916689 0.002926 0.926040 -0.377424 0.000800 
-0.917501 0.397684 -0.006343 -0.393681 -0.919245 -0.001648 0.399296 0.916820 0.001687 0.926141 -0.377125 0.006378 
-0.917499 0.397610 -0.010105 -0.393649 -0.919259 0.002077 0.399263 0.916834 -0.002016 0.926138 -0.377051 0.010057 
-0.917579 0.397213 -0.016482 -0.393327 -0.919389 0.004280 0.398942 0.916967 -0.004179 0.926211 -0.376651 0.016384 
-0.917597 0.397229 -0.015016 -0.393324 -0.919392 0.003883 0.398939 0.916970 -0.003791 0.926228 -0.376667 0.014927 
-0.917639 0.397135 -0.014927 -0.393214 -0.919443 0.002720 0.398830 0.917021 -0.002629 0.926268 -0.376572 0.014864 
-0.917629 0.397134 -0.015524 -0.393215 -0.919443 0.002500 0.398831 0.917021 -0.002405 0.926259 -0.376571 0.015466 
-0.917579 0.397114 -0.018678 -0.393219 -0.919442 0.002270 0.398835 0.917020 -0.002155 0.926209 -0.376550 0.018624 
-0.917492 0.397078 -0.023175 -0.393226 -0.919440 0.002065 0.398840 0.917018 -0.001924 0.926122 -0.376515 0.023126 
-0.917375 0.397030 -0.028131 -0.393233 -0.919437 0.001884 0.398847 0.917016 -0.001712 0.926004 -0.376467 0.028084 
-0.917238 0.396974 -0.032955 -0.393238 -0.919435 0.001722 0.398851 0.917015 -0.001521 0.925868 -0.376410 0.032911 
-0.917086 0.396909 -0.037628 -0.393241 -0.919434 0.001578 0.398854 0.917014 -0.001348 0.925716 -0.376346 0.037587 
-0.916919 0.396839 -0.042172 -0.393245 -0.919433 0.001450 0.398856 0.917013 -0.001192 0.925549 -0.376276 0.042133 
-0.916736 0.396764 -0.046610 -0.393247 -0.919432 0.001334 0.398857 0.917012 -0.001049 0.925367 -0.376201 0.046573 
-0.916540 0.396683 -0.050968 -0.393250 -0.919431 0.001217 0.398859 0.917012 -0.000905 0.925170 -0.376120 0.050933 
-0.916328 0.396596 -0.055271 -0.393253 -0.919430 0.001104 0.398860 0.917011 -0.000766 0.924958 -0.376033 0.055238 
-0.916101 0.396503 -0.059540 -0.393255 -0.919429 0.001001 0.398861 0.917011 -0.000636 0.924731 -0.375940 0.059509 
-0.915857 0.396403 -0.063803 -0.393256 -0.919428 0.000906 0.398861 0.917011 -0.000516 0.924488 -0.375840 0.063773 
-0.915595 0.396295 -0.068086 -0.393258 -0.919428 0.000819 0.398861 0.917011 -0.000403 0.924226 -0.375732 0.068057 
-0.915314 0.396178 -0.072414 -0.393260 -0.919427 0.000739 0.398861 0.917011 -0.000296 0.923944 -0.375616 0.072387 
-0.915009 0.396053 -0.076815 -0.393261 -0.919427 0.000664 0.398860 0.917012 -0.000194 0.923640 -0.375490 0.076788 
-0.914679 0.395916 -0.081314 -0.393262 -0.919426 0.000593 0.398860 0.917012 -0.000096 0.923310 -0.375354 0.081288 
-0.914321 0.395767 -0.085940 -0.393263 -0.919426 0.000527 0.398859 0.917012 -0.000001 0.922952 -0.375205 0.085915 
-0.913929 0.395605 -0.090722 -0.393264 -0.919425 0.000463 0.398857 0.917013 0.000091 0.922560 -0.375042 0.090698 
-0.913500 0.395426 -0.095688 -0.393265 -0.919425 0.000403 0.398855 0.917014 0.000182 0.922131 -0.374863 0.095664 
-0.913028 0.395229 -0.100865 -0.393266 -0.919425 0.000345 0.398853 0.917015 0.000272 0.921659 -0.374666 0.100842 
-0.912508 0.395011 -0.106283 -0.393266 -0.919424 0.000289 0.398851 0.917016 0.000361 0.921139 -0.374449 0.106260 
-0.911931 0.394770 -0.111973 -0.393267 -0.919424 0.000234 0.398847 0.917017 0.000451 0.920563 -0.374208 0.111951 
-0.911291 0.394502 -0.117970 -0.393267 -0.919424 0.000181 0.398843 0.917019 0.000541 0.919923 -0.373939 0.117948 
-0.910577 0.394202 -0.124317 -0.393267 -0.919424 0.000128 0.398839 0.917021 0.000632 0.919208 -0.373639 0.124295 
-0.909777 0.393866 -0.131055 -0.393266 -0.919425 0.000076 0.398834 0.917023 0.000725 0.918409 -0.373303 0.131033 
-0.908879 0.393488 -0.138221 -0.393266 -0.919425 0.000025 0.398828 0.917025 0.000821 0.917511 -0.372926 0.138199 
-0.907872 0.393060 -0.145849 -0.393265 -0.919425 0.000000 0.398821 0.917028 0.000892 0.916504 -0.372498 0.145827 
-0.906739 0.392576 -0.153978 -0.393265 -0.919425 -0.000001 0.398814 0.917031 0.000942 0.915371 -0.372014 0.153954 
-0.905460 0.392029 -0.162653 -0.393265 -0.919425 -0.000002 0.398806 0.917035 0.000997 0.914092 -0.371466 0.162628 
-0.904014 0.391410 -0.171921 -0.393264 -0.919425 -0.000003 0.398796 0.917039 0.001054 0.912647 -0.370848 0.171895 
-0.902376 0.390708 -0.181838 -0.393264 -0.919426 -0.000001 0.398786 0.917043 0.001113 0.911009 -0.370146 0.181810 
-0.900514 0.389912 -0.192465 -0.393263 -0.919426 -0.000003 0.398774 0.917048 0.001180 0.909148 -0.369350 0.192436 
-0.898395 0.389006 -0.203865 -0.393263 -0.919426 -0.000008 0.398761 0.917054 0.001255 0.907029 -0.368444 0.203834 
-0.895980 0.387974 -0.216095 -0.393262 -0.919427 -0.000016 0.398745 0.917061 0.001337 0.904613 -0.367412 0.216062 
-0.893225 0.386797 -0.229211 -0.393261 -0.919427 -0.000026 0.398727 0.917069 0.001428 0.901859 -0.366235 0.229177 
-0.890081 0.385454 -0.243273 -0.393259 -0.919428 -0.000038 0.398706 0.917077 0.001526 0.898715 -0.364893 0.243237 
-0.886487 0.383920 -0.258352 -0.393257 -0.919428 -0.000053 0.398683 0.917088 0.001633 0.895123 -0.363359 0.258314 
-0.882345 0.382151 -0.274639 -0.393255 -0.919429 -0.000069 0.398655 0.917099 0.001749 0.890981 -0.361591 0.274599 
-0.877535 0.380098 -0.292330 -0.393253 -0.919430 -0.000086 0.398623 0.917113 0.001874 0.886172 -0.359538 0.292288 
-0.871977 0.377725 -0.311415 -0.393250 -0.919432 -0.000103 0.398586 0.917129 0.002008 0.880615 -0.357165 0.311370 
-0.865573 0.374990 -0.331913 -0.393246 -0.919433 -0.000122 0.398543 0.917147 0.002152 0.874211 -0.354431 0.331866 
-0.858198 0.371841 -0.353880 -0.393242 -0.919435 -0.000140 0.398494 0.917168 0.002304 0.866837 -0.351282 0.353830 
-0.849708 0.368216 -0.377378 -0.393237 -0.919437 -0.000158 0.398437 0.917192 0.002466 0.858348 -0.347657 0.377324 
-0.839937 0.364042 -0.402466 -0.393231 -0.919440 -0.000175 0.398371 0.917221 0.002636 0.848579 -0.343484 0.402409 
-0.828698 0.359241 -0.429191 -0.393224 -0.919443 -0.000191 0.398296 0.917253 0.002816 0.837341 -0.338683 0.429131 
-0.815793 0.353727 -0.457557 -0.393217 -0.919446 -0.000205 0.398209 0.917290 0.003003 0.824438 -0.333170 0.457492 
-0.800857 0.347376 -0.487810 -0.393228 -0.919441 -0.000238 0.398130 0.917323 0.003222 0.809504 -0.326820 0.487741 
-0.377214 -0.926035 -0.012984 -0.785733 0.332083 -0.521867 0.794026 -0.311382 0.522077 0.382022 0.924011 0.016175 
-0.370497 -0.927454 -0.050610 0.775602 -0.320172 0.543996 -0.767456 0.340906 -0.542950 0.375194 0.925376 0.053931 
-0.361857 -0.927320 -0.095590 0.759799 -0.334599 0.557449 -0.751843 0.355332 -0.555401 0.366459 0.925154 0.098988 
-0.352556 -0.925533 -0.138178 0.742795 -0.348872 0.571440 -0.735044 0.369567 -0.568445 0.357055 0.923280 0.141656 
-0.349309 -0.922019 -0.166927 0.721154 -0.360818 0.591395 -0.713472 0.381436 -0.587761 0.353676 0.919693 0.170523 
-0.354345 -0.915861 -0.188779 0.692672 -0.375348 0.615889 -0.684874 0.395832 -0.611772 0.358537 0.913447 0.192522 
-0.357407 -0.909907 -0.210547 0.663817 -0.388850 0.638860 -0.655947 0.409203 -0.634261 0.361422 0.907411 0.214427 
-0.356580 -0.903864 -0.236390 0.633788 -0.402872 0.660308 -0.625932 0.423092 -0.655135 0.360412 0.901283 0.240399 
-0.345931 -0.901794 -0.259036 0.607561 -0.408779 0.681007 -0.599937 0.428953 -0.675333 0.349603 0.899177 0.263168 
-0.334312 -0.893256 -0.300546 0.579590 -0.429782 0.692361 -0.572221 0.449769 -0.685763 0.337815 0.890513 0.304743 
-0.314087 -0.882175 -0.350880 0.555125 -0.454402 0.696674 -0.548204 0.474146 -0.688954 0.317443 0.879282 0.355096 
-0.284835 -0.868355 -0.405991 0.526343 -0.480088 0.701768 -0.520070 0.499528 -0.692819 0.288018 0.865307 0.410232 
-0.252010 -0.851938 -0.459013 0.490040 -0.506237 0.709637 -0.484493 0.525314 -0.699508 0.254975 0.848732 0.463295 
-0.209559 -0.838643 -0.502755 0.450882 -0.524312 0.722359 -0.446276 0.543096 -0.711256 0.212290 0.835328 0.507109 
-0.165302 -0.823205 -0.543147 0.407306 -0.544009 0.733591 -0.403681 0.562452 -0.721589 0.167773 0.819772 0.547565 
-0.115896 -0.802765 -0.584925 0.356649 -0.569023 0.740955 -0.354118 0.587013 -0.728022 0.118063 0.799181 0.589382 
-0.053283 -0.785571 -0.616473 0.308089 -0.586115 0.749366 -0.306948 0.603725 -0.735731 0.055161 0.781885 0.620978 
0.009031 -0.768792 -0.639435 0.259339 -0.601848 0.755329 -0.259580 0.619086 -0.741182 -0.007444 0.765012 0.643973 
0.026511 -0.740143 -0.671927 0.203397 -0.640640 0.740412 -0.204019 0.657244 -0.725538 -0.025264 0.736129 0.676369 
0.050495 -0.722848 -0.689160 0.146970 -0.663939 0.733202 -0.148118 0.680161 -0.717943 -0.049590 0.718694 0.693556 
0.045219 -0.756818 -0.652060 0.110361 -0.631174 0.767750 -0.111386 0.648149 -0.753323 -0.044538 0.752859 0.656673 
0.011358 -0.780179 -0.625453 0.078587 -0.608749 0.789461 -0.078853 0.626241 -0.775631 -0.010875 0.776355 0.630202 
-0.018018 -0.803028 -0.595669 0.073427 -0.580722 0.810784 -0.073037 0.598720 -0.797621 0.018465 0.799373 0.600552 
-0.051662 -0.794897 -0.604540 0.076990 -0.592360 0.801986 -0.075849 0.610179 -0.788625 0.052126 0.791172 0.609369 
-0.085741 -0.760729 -0.643382 0.073384 -0.635044 0.768982 -0.071483 0.652107 -0.754750 0.086179 0.756746 0.648003 
-0.130148 -0.717965 -0.683804 0.068542 -0.681429 0.728668 -0.065650 0.697545 -0.713528 0.130551 0.713704 0.688174 
-0.155589 -0.661080 -0.734006 0.049183 -0.735143 0.676126 -0.045721 0.749998 -0.659858 0.155870 0.656498 0.738048 
-0.177210 -0.632851 -0.753721 0.033316 -0.757493 0.651993 -0.029369 0.771722 -0.635282 0.177391 0.628136 0.757613 
-0.192145 -0.627737 -0.754339 0.021791 -0.759436 0.650217 -0.017509 0.773551 -0.633492 0.192253 0.623011 0.758219 
-0.198837 -0.625307 -0.754623 0.006070 -0.758974 0.651093 -0.001636 0.773035 -0.634362 0.198849 0.620584 0.758508 
-0.199637 -0.623662 -0.755771 -0.013657 -0.757627 0.652545 0.018111 0.771651 -0.635788 0.199527 0.618948 0.759666 
-0.196928 -0.623655 -0.756488 -0.031305 -0.755342 0.654582 0.035702 0.769366 -0.637809 0.196711 0.618955 0.760395 
-0.190606 -0.627966 -0.754539 -0.040768 -0.750970 0.659077 0.045025 0.765089 -0.642348 0.190332 0.623291 0.758473 
-0.183255 -0.626392 -0.757661 -0.045497 -0.752603 0.656900 0.049591 0.766688 -0.640102 0.182953 0.621708 0.761582 
-0.173091 -0.622212 -0.763474 -0.055030 -0.756078 0.652164 0.058898 0.770069 -0.635236 0.172733 0.617507 0.767365 
-0.155536 -0.614112 -0.773741 -0.068732 -0.763070 0.642651 0.072211 0.776882 -0.625492 0.155096 0.609365 0.777573 
-0.137735 -0.597639 -0.789846 -0.082624 -0.776504 0.624672 0.085709 0.789951 -0.607150 0.137212 0.592812 0.793566 
-0.137798 -0.592337 -0.793819 -0.086913 -0.779998 0.619717 0.089999 0.793327 -0.602106 0.137249 0.587489 0.797508 
-0.135128 -0.567705 -0.812066 -0.103522 -0.796285 0.595997 0.106552 0.809067 -0.577976 0.134478 0.562761 0.815607 
-0.109925 -0.555295 -0.824356 -0.124147 -0.804787 0.580436 0.126617 0.817293 -0.562139 0.109152 0.550301 0.827801 
0.081678 0.548036 0.832458 0.140380 0.810383 -0.568834 -0.142224 -0.822729 0.550354 -0.080809 -0.543008 -0.835830 
0.062745 0.548214 0.833981 0.149699 0.810848 -0.565788 -0.151121 -0.823198 0.547273 -0.061821 -0.543184 -0.837335 
0.052657 0.547160 0.835370 0.154715 0.811853 -0.562991 -0.155913 -0.824179 0.544445 -0.051704 -0.542124 -0.838707 
0.048953 0.543525 0.837964 0.157702 0.814209 -0.558744 -0.158818 -0.826454 0.540139 -0.047982 -0.538474 -0.841275 
0.047939 0.541334 0.839440 0.157152 0.815862 -0.556482 -0.158245 -0.828059 0.537844 -0.046972 -0.536274 -0.842736 
0.047388 0.540315 0.840127 0.155392 0.816877 -0.555487 -0.156472 -0.829051 0.536834 -0.046431 -0.535249 -0.843417 
0.047209 0.540106 0.840272 0.153410 0.817347 -0.555346 -0.154486 -0.829517 0.536689 -0.046264 -0.535036 -0.843561 
0.047228 0.540264 0.840169 0.151862 0.817483 -0.555571 -0.152939 -0.829656 0.536917 -0.046293 -0.535194 -0.843460 
0.047624 0.540343 0.840096 0.150979 0.817528 -0.555746 -0.152064 -0.829703 0.537094 -0.046695 -0.535272 -0.843388 
0.047779 0.540282 0.840126 0.151088 0.817535 -0.555706 -0.152177 -0.829708 0.537053 -0.046849 -0.535212 -0.843418 
0.047875 0.540129 0.840219 0.151145 0.817617 -0.555569 -0.152235 -0.829788 0.536914 -0.046944 -0.535058 -0.843510 
0.047946 0.540079 0.840247 0.151192 0.817636 -0.555529 -0.152284 -0.829805 0.536874 -0.047015 -0.535008 -0.843538 
0.047962 0.540037 0.840274 0.151210 0.817659 -0.555490 -0.152303 -0.829827 0.536834 -0.047031 -0.534966 -0.843564 
0.047983 0.540012 0.840288 0.151218 0.817672 -0.555469 -0.152311 -0.829840 0.536812 -0.047052 -0.534941 -0.843578 
0.048004 0.539995 0.840298 0.151221 0.817681 -0.555455 -0.152314 -0.829848 0.536798 -0.047072 -0.534924 -0.843588 
0.048001 0.539994 0.840299 0.151226 0.817681 -0.555453 -0.152320 -0.829849 0.536796 -0.047069 -0.534923 -0.843589 
0.048049 0.540023 0.840278 0.151247 0.817654 -0.555488 -0.152341 -0.829822 0.536831 -0.047118 -0.534952 -0.843568 
0.048114 0.540017 0.840278 0.151248 0.817651 -0.555492 -0.152344 -0.829818 0.536836 -0.047183 -0.534946 -0.843568 
0.048116 0.540009 0.840283 0.151254 0.817655 -0.555484 -0.152350 -0.829823 0.536827 -0.047185 -0.534938 -0.843573 
0.048114 0.540008 0.840283 0.151257 0.817655 -0.555483 -0.152353 -0.829823 0.536827 -0.047183 -0.534937 -0.843573 
0.048199 0.540049 0.840253 0.151343 0.817606 -0.555532 -0.152441 -0.829775 0.536876 -0.047267 -0.534978 -0.843543 
0.048201 0.540042 0.840256 0.151347 0.817610 -0.555526 -0.152445 -0.829778 0.536869 -0.047269 -0.534972 -0.843547 
0.048199 0.540041 0.840257 0.151349 0.817610 -0.555524 -0.152447 -0.829779 0.536868 -0.047267 -0.534970 -0.843548 
0.048198 0.540040 0.840258 0.151351 0.817611 -0.555523 -0.152449 -0.829779 0.536867 -0.047266 -0.534969 -0.843548 
0.048197 0.540039 0.840259 0.151353 0.817611 -0.555521 -0.152451 -0.829780 0.536865 -0.047265 -0.534968 -0.843549 
0.048230 0.540040 0.840257 0.151368 0.817605 -0.555526 -0.152466 -0.829774 0.536870 -0.047298 -0.534969 -0.843547 
0.048263 0.540044 0.840252 0.151379 0.817597 -0.555535 -0.152478 -0.829766 0.536879 -0.047331 -0.534973 -0.843542 
0.048266 0.540034 0.840258 0.151382 0.817603 -0.555526 -0.152482 -0.829771 0.536870 -0.047334 -0.534964 -0.843548 
0.048370 0.540069 0.840230 0.151401 0.817566 -0.555575 -0.152503 -0.829735 0.536919 -0.047437 -0.534998 -0.843520 
0.048412 0.540057 0.840235 0.151405 0.817569 -0.555570 -0.152508 -0.829737 0.536914 -0.047480 -0.534987 -0.843525 
0.048412 0.540056 0.840235 0.151407 0.817569 -0.555568 -0.152509 -0.829738 0.536913 -0.047479 -0.534986 -0.843526 
0.048412 0.540055 0.840236 0.151408 0.817570 -0.555567 -0.152510 -0.829739 0.536912 -0.047479 -0.534985 -0.843527 
0.048412 0.540054 0.840237 0.151408 0.817571 -0.555566 -0.152511 -0.829739 0.536911 -0.047479 -0.534984 -0.843527 
0.048452 0.540105 0.840202 0.151495 0.817519 -0.555618 -0.152599 -0.829689 0.536963 -0.047519 -0.535034 -0.843493 
0.048517 0.540097 0.840203 0.151460 0.817523 -0.555622 -0.152565 -0.829693 0.536967 -0.047585 -0.535027 -0.843494 
0.048518 0.540096 0.840204 0.151460 0.817524 -0.555621 -0.152565 -0.829694 0.536966 -0.047585 -0.535025 -0.843495 
0.048518 0.540095 0.840205 0.151461 0.817525 -0.555620 -0.152566 -0.829694 0.536965 -0.047585 -0.535024 -0.843495 
0.048519 0.540094 0.840205 0.151461 0.817525 -0.555619 -0.152566 -0.829695 0.536964 -0.047586 -0.535023 -0.843496 
0.048519 0.540093 0.840206 0.151461 0.817525 -0.555618 -0.152567 -0.829695 0.536963 -0.047586 -0.535023 -0.843496 
0.048587 0.540150 0.840165 0.151494 0.817476 -0.555683 -0.152600 -0.829647 0.537029 -0.047654 -0.535080 -0.843456 
0.048625 0.540170 0.840150 0.151523 0.817454 -0.555707 -0.152631 -0.829625 0.537053 -0.047692 -0.535100 -0.843441 
0.048632 0.540169 0.840150 0.151520 0.817454 -0.555707 -0.152628 -0.829626 0.537053 -0.047699 -0.535099 -0.843442 
0.048638 0.540170 0.840149 0.151517 0.817454 -0.555709 -0.152625 -0.829625 0.537055 -0.047705 -0.535100 -0.843441 
0.048795 0.540152 0.840151 0.151421 0.817464 -0.555720 -0.152532 -0.829635 0.537066 -0.047862 -0.535082 -0.843443 
0.048796 0.540152 0.840152 0.151421 0.817464 -0.555719 -0.152532 -0.829635 0.537066 -0.047863 -0.535082 -0.843443 
0.048827 0.540169 0.840139 0.151441 0.817446 -0.555740 -0.152553 -0.829618 0.537087 -0.047894 -0.535099 -0.843430 
0.048834 0.540169 0.840139 0.151437 0.817447 -0.555741 -0.152550 -0.829618 0.537087 -0.047902 -0.535099 -0.843430 
0.048836 0.540168 0.840139 0.151437 0.817447 -0.555741 -0.152549 -0.829618 0.537087 -0.047903 -0.535098 -0.843430 
0.048837 0.540168 0.840139 0.151437 0.817447 -0.555741 -0.152549 -0.829618 0.537087 -0.047904 -0.535098 -0.843431 
0.048838 0.540168 0.840139 0.151437 0.817447 -0.555741 -0.152549 -0.829618 0.537087 -0.047906 -0.535098 -0.843431 
0.048840 0.540167 0.840139 0.151437 0.817447 -0.555741 -0.152549 -0.829618 0.537087 -0.047907 -0.535098 -0.843431 
0.048907 0.540148 0.840148 0.151446 0.817451 -0.555731 -0.152560 -0.829622 0.537078 -0.047974 -0.535078 -0.843439 
0.048976 0.540175 0.840126 0.151466 0.817423 -0.555767 -0.152581 -0.829595 0.537114 -0.048044 -0.535105 -0.843418 
0.049027 0.540194 0.840111 0.151497 0.817400 -0.555792 -0.152613 -0.829572 0.537140 -0.048094 -0.535125 -0.843403 
0.049215 0.540237 0.840072 0.151478 0.817355 -0.555864 -0.152599 -0.829528 0.537212 -0.048282 -0.535168 -0.843365 
0.049235 0.540243 0.840068 0.151465 0.817352 -0.555873 -0.152586 -0.829524 0.537221 -0.048303 -0.535174 -0.843360 
0.049285 0.540257 0.840055 0.151492 0.817333 -0.555893 -0.152614 -0.829506 0.537242 -0.048352 -0.535188 -0.843348 
0.049287 0.540255 0.840057 0.151491 0.817334 -0.555892 -0.152613 -0.829507 0.537240 -0.048354 -0.535186 -0.843349 
0.049471 0.540272 0.840035 0.151393 0.817319 -0.555940 -0.152519 -0.829493 0.537289 -0.048539 -0.535203 -0.843328 
0.049556 0.540294 0.840016 0.151381 0.817298 -0.555975 -0.152510 -0.829472 0.537324 -0.048624 -0.535225 -0.843309 
0.049810 0.540275 0.840013 0.151163 0.817318 -0.556004 -0.152297 -0.829492 0.537354 -0.048879 -0.535206 -0.843306 
0.049857 0.540281 0.840006 0.151203 0.817303 -0.556016 -0.152338 -0.829476 0.537366 -0.048926 -0.535212 -0.843299 
0.051186 0.540227 0.839961 0.151024 0.817229 -0.556174 -0.152188 -0.829401 0.537524 -0.050256 -0.535159 -0.843255 
0.051191 0.540231 0.839959 0.151023 0.817226 -0.556178 -0.152188 -0.829399 0.537529 -0.050260 -0.535162 -0.843253 
0.051241 0.540250 0.839943 0.151059 0.817202 -0.556203 -0.152225 -0.829375 0.537554 -0.050310 -0.535181 -0.843238 
0.051362 0.540320 0.839891 0.151116 0.817134 -0.556287 -0.152284 -0.829309 0.537640 -0.050431 -0.535252 -0.843186 
0.051655 0.540280 0.839899 0.150854 0.817172 -0.556304 -0.152029 -0.829345 0.537656 -0.050726 -0.535212 -0.843194 
0.051833 0.540298 0.839876 0.150888 0.817135 -0.556347 -0.152067 -0.829310 0.537700 -0.050903 -0.535230 -0.843171 
0.052078 0.540351 0.839826 0.150797 0.817089 -0.556440 -0.151982 -0.829264 0.537794 -0.051149 -0.535284 -0.843122 
0.052088 0.540343 0.839831 0.150799 0.817093 -0.556434 -0.151983 -0.829268 0.537787 -0.051159 -0.535275 -0.843127 
0.052090 0.540343 0.839831 0.150798 0.817093 -0.556434 -0.151983 -0.829268 0.537788 -0.051161 -0.535276 -0.843127 
0.052091 0.540343 0.839831 0.150798 0.817093 -0.556434 -0.151983 -0.829268 0.537788 -0.051162 -0.535275 -0.843127 
0.052092 0.540343 0.839831 0.150798 0.817093 -0.556435 -0.151983 -0.829268 0.537788 -0.051163 -0.535275 -0.843127 
0.052093 0.540343 0.839831 0.150799 0.817093 -0.556435 -0.151983 -0.829268 0.537788 -0.051164 -0.535276 -0.843127 
0.052094 0.540343 0.839831 0.150799 0.817092 -0.556435 -0.151983 -0.829267 0.537789 -0.051165 -0.535275 -0.843126 
0.052095 0.540343 0.839831 0.150799 0.817092 -0.556435 -0.151984 -0.829267 0.537789 -0.051166 -0.535275 -0.843127 
0.052341 0.540318 0.839832 0.150607 0.817114 -0.556456 -0.151797 -0.829288 0.537809 -0.051413 -0.535250 -0.843128 
0.052342 0.540317 0.839832 0.150608 0.817114 -0.556455 -0.151798 -0.829288 0.537809 -0.051414 -0.535249 -0.843128 
0.052344 0.540311 0.839836 0.150612 0.817117 -0.556449 -0.151803 -0.829292 0.537802 -0.051416 -0.535243 -0.843132 
0.052347 0.540297 0.839845 0.150620 0.817125 -0.556436 -0.151810 -0.829299 0.537789 -0.051419 -0.535229 -0.843141 
0.052429 0.540252 0.839869 0.150698 0.817134 -0.556401 -0.151891 -0.829307 0.537754 -0.051500 -0.535184 -0.843164 
0.052522 0.540233 0.839875 0.150667 0.817142 -0.556398 -0.151861 -0.829314 0.537751 -0.051594 -0.535165 -0.843171 
0.052527 0.540219 0.839884 0.150672 0.817149 -0.556386 -0.151867 -0.829322 0.537738 -0.051599 -0.535151 -0.843179 
0.052532 0.540197 0.839898 0.150681 0.817162 -0.556364 -0.151876 -0.829334 0.537716 -0.051604 -0.535128 -0.843193 
0.052686 0.540216 0.839875 0.150807 0.817113 -0.556402 -0.152005 -0.829285 0.537755 -0.051756 -0.535149 -0.843171 
0.052768 0.540103 0.839943 0.150813 0.817178 -0.556305 -0.152013 -0.829348 0.537656 -0.051839 -0.535035 -0.843238 
0.052834 0.540081 0.839953 0.150827 0.817184 -0.556292 -0.152028 -0.829353 0.537643 -0.051905 -0.535013 -0.843248 
0.052836 0.540071 0.839959 0.150831 0.817190 -0.556283 -0.152032 -0.829359 0.537634 -0.051907 -0.535003 -0.843254 
0.052834 0.540066 0.839963 0.150835 0.817193 -0.556278 -0.152036 -0.829362 0.537628 -0.051904 -0.534998 -0.843257 
0.053027 0.540097 0.839930 0.150820 0.817154 -0.556338 -0.152025 -0.829324 0.537690 -0.052098 -0.535029 -0.843226 
0.053040 0.540058 0.839955 0.150835 0.817177 -0.556301 -0.152041 -0.829345 0.537652 -0.052110 -0.534990 -0.843250 
0.053041 0.540055 0.839957 0.150835 0.817178 -0.556299 -0.152041 -0.829347 0.537650 -0.052112 -0.534987 -0.843252 
0.053038 0.540049 0.839961 0.150841 0.817182 -0.556292 -0.152046 -0.829351 0.537642 -0.052108 -0.534980 -0.843256 
0.053028 0.540035 0.839970 0.150853 0.817190 -0.556276 -0.152058 -0.829358 0.537627 -0.052098 -0.534967 -0.843265 
0.053059 0.539981 0.840003 0.150889 0.817217 -0.556228 -0.152095 -0.829384 0.537577 -0.052130 -0.534913 -0.843298 
0.053049 0.539944 0.840028 0.150917 0.817238 -0.556189 -0.152123 -0.829404 0.537538 -0.052119 -0.534875 -0.843322 
0.053037 0.539913 0.840049 0.150939 0.817257 -0.556155 -0.152145 -0.829422 0.537504 -0.052107 -0.534844 -0.843343 
0.053025 0.539879 0.840071 0.150964 0.817276 -0.556120 -0.152169 -0.829441 0.537468 -0.052095 -0.534810 -0.843365 
0.053015 0.539845 0.840093 0.150996 0.817295 -0.556084 -0.152202 -0.829459 0.537432 -0.052084 -0.534776 -0.843387 
0.053007 0.539813 0.840115 0.151036 0.817311 -0.556050 -0.152241 -0.829474 0.537397 -0.052076 -0.534744 -0.843408 
