-0.120031 0.089450 0.004823 0.017053 0.073574 0.004663 -0.144298 -0.123352 0.002728 -0.008879 -0.142103 0.002540 
-0.119837 0.089096 0.003891 0.017249 0.073244 0.004290 -0.144062 -0.123718 0.002815 -0.008640 -0.142446 0.003195 
-0.119835 0.089098 0.003993 0.017251 0.073247 0.004351 -0.144061 -0.123717 0.003018 -0.008639 -0.142444 0.003358 
-0.119954 0.089188 0.004404 0.017139 0.073393 0.004437 -0.144094 -0.123634 0.002993 -0.008665 -0.142306 0.003005 
-0.119964 0.089250 0.004455 0.017131 0.073475 0.004483 -0.144073 -0.123574 0.002908 -0.008641 -0.142227 0.002913 
-0.119986 0.089261 0.004484 0.017102 0.073421 0.004362 -0.144197 -0.123553 0.003243 -0.008773 -0.142270 0.003104 
-0.119924 0.089233 0.004316 0.017162 0.073371 0.004349 -0.144167 -0.123580 0.003411 -0.008747 -0.142318 0.003431 
-0.119942 0.089273 0.004453 0.017145 0.073419 0.004438 -0.144175 -0.123540 0.003439 -0.008753 -0.142271 0.003410 
-0.119935 0.089211 0.004371 0.017150 0.073347 0.004374 -0.144183 -0.123602 0.003587 -0.008762 -0.142342 0.003579 
-0.119935 0.089213 0.004425 0.017150 0.073349 0.004427 -0.144182 -0.123600 0.003719 -0.008762 -0.142340 0.003711 
-0.119940 0.089199 0.004432 0.017146 0.073335 0.004412 -0.144188 -0.123614 0.003880 -0.008767 -0.142354 0.003852 
-0.120004 0.089265 0.004645 0.017083 0.073418 0.004476 -0.144226 -0.123551 0.003914 -0.008803 -0.142274 0.003737 
-0.119933 0.089262 0.004480 0.017149 0.073374 0.004480 -0.144218 -0.123547 0.004001 -0.008802 -0.142311 0.003995 
-0.119932 0.089212 0.004245 0.017150 0.073315 0.004261 -0.144230 -0.123596 0.004249 -0.008815 -0.142368 0.004265 
-0.119744 0.088973 0.003466 0.017340 0.073111 0.003977 -0.143993 -0.123838 0.004431 -0.008574 -0.142577 0.004952 
-0.119811 0.088938 0.003555 0.017274 0.073076 0.003876 -0.144058 -0.123873 0.004641 -0.008638 -0.142611 0.004974 
-0.119811 0.088937 0.003685 0.017274 0.073075 0.003977 -0.144057 -0.123875 0.004675 -0.008637 -0.142613 0.004978 
-0.119810 0.088936 0.003803 0.017275 0.073074 0.004066 -0.144056 -0.123876 0.004755 -0.008636 -0.142614 0.005029 
-0.119809 0.088939 0.003912 0.017276 0.073077 0.004150 -0.144055 -0.123872 0.005031 -0.008635 -0.142610 0.005282 
-0.119807 0.088947 0.004013 0.017278 0.073085 0.004232 -0.144053 -0.123862 0.005499 -0.008633 -0.142600 0.005738 
-0.119806 0.088958 0.004104 0.017280 0.073097 0.004310 -0.144051 -0.123846 0.006146 -0.008631 -0.142583 0.006378 
-0.119803 0.088973 0.004189 0.017282 0.073112 0.004382 -0.144049 -0.123824 0.006907 -0.008629 -0.142561 0.007137 
-0.119802 0.088986 0.004265 0.017284 0.073125 0.004447 -0.144046 -0.123802 0.007595 -0.008626 -0.142539 0.007822 
-0.119800 0.088997 0.004335 0.017286 0.073137 0.004505 -0.144043 -0.123782 0.008186 -0.008623 -0.142519 0.008409 
-0.119798 0.089007 0.004401 0.017287 0.073146 0.004556 -0.144041 -0.123765 0.008687 -0.008620 -0.142501 0.008901 
-0.119797 0.089014 0.004462 0.017289 0.073154 0.004600 -0.144038 -0.123750 0.009096 -0.008617 -0.142486 0.009299 
-0.119796 0.089020 0.004517 0.017290 0.073160 0.004640 -0.144036 -0.123738 0.009410 -0.008615 -0.142474 0.009602 
-0.119795 0.089024 0.004565 0.017291 0.073164 0.004675 -0.144034 -0.123731 0.009627 -0.008613 -0.142466 0.009807 
-0.119794 0.089026 0.004608 0.017292 0.073166 0.004705 -0.144033 -0.123727 0.009747 -0.008612 -0.142463 0.009916 
-0.119794 0.089025 0.004646 0.017292 0.073165 0.004733 -0.144032 -0.123728 0.009770 -0.008611 -0.142464 0.009929 
-0.119794 0.089023 0.004679 0.017292 0.073163 0.004757 -0.144032 -0.123733 0.009697 -0.008611 -0.142468 0.009845 
-0.119794 0.089019 0.004708 0.017292 0.073158 0.004777 -0.144032 -0.123742 0.009529 -0.008611 -0.142478 0.009666 
-0.119794 0.089012 0.004734 0.017291 0.073152 0.004795 -0.144033 -0.123755 0.009265 -0.008612 -0.142491 0.009389 
-0.119795 0.089003 0.004756 0.017291 0.073143 0.004809 -0.144034 -0.123771 0.008904 -0.008614 -0.142507 0.009016 
-0.119796 0.088993 0.004776 0.017290 0.073132 0.004821 -0.144036 -0.123791 0.008446 -0.008615 -0.142527 0.008543 
-0.119797 0.088979 0.004793 0.017288 0.073119 0.004830 -0.144038 -0.123813 0.007888 -0.008617 -0.142549 0.007969 
-0.119799 0.088964 0.004807 0.017287 0.073104 0.004837 -0.144040 -0.123837 0.007228 -0.008620 -0.142573 0.007292 
-0.119801 0.088946 0.004819 0.017285 0.073086 0.004841 -0.144043 -0.123862 0.006463 -0.008622 -0.142599 0.006508 
-0.119803 0.088927 0.004829 0.017283 0.073066 0.004844 -0.144045 -0.123886 0.005608 -0.008625 -0.142623 0.005633 
-0.119804 0.088918 0.004839 0.017282 0.073057 0.004853 -0.144047 -0.123896 0.005231 -0.008626 -0.142633 0.005250 
-0.119804 0.088915 0.004850 0.017282 0.073054 0.004865 -0.144047 -0.123899 0.005123 -0.008626 -0.142636 0.005142 
-0.119804 0.088913 0.004860 0.017281 0.073052 0.004877 -0.144047 -0.123902 0.005016 -0.008627 -0.142639 0.005035 
-0.119804 0.088912 0.004870 0.017281 0.073051 0.004885 -0.144047 -0.123902 0.004996 -0.008627 -0.142640 0.005012 
-0.119804 0.088912 0.004881 0.017281 0.073051 0.004891 -0.144047 -0.123903 0.004992 -0.008627 -0.142640 0.005004 
-0.120134 0.088785 0.004658 0.016962 0.073031 0.003985 -0.144208 -0.124047 0.005383 -0.008774 -0.142679 0.004727 
-0.119946 0.088706 0.004156 0.017150 0.072941 0.003964 -0.144039 -0.124123 0.005132 -0.008605 -0.142766 0.004956 
-0.119976 0.088758 0.004218 0.017122 0.073008 0.004008 -0.144047 -0.124074 0.004997 -0.008611 -0.142703 0.004801 
-0.119977 0.088757 0.004288 0.017121 0.073006 0.004100 -0.144048 -0.124076 0.004991 -0.008612 -0.142704 0.004814 
-0.120010 0.088841 0.004525 0.017091 0.073110 0.004265 -0.144050 -0.123996 0.004734 -0.008612 -0.142605 0.004479 
-0.120293 0.089057 0.005006 0.016828 0.073509 0.004442 -0.144054 -0.123810 0.004281 -0.008592 -0.142239 0.003712 
-0.120294 0.089059 0.005000 0.016826 0.073510 0.004490 -0.144056 -0.123809 0.004346 -0.008594 -0.142238 0.003831 
-0.120215 0.088925 0.004569 0.016903 0.073350 0.004306 -0.144015 -0.123939 0.004496 -0.008556 -0.142394 0.004234 
-0.120216 0.088925 0.004607 0.016902 0.073350 0.004369 -0.144016 -0.123939 0.004539 -0.008557 -0.142394 0.004302 
-0.120268 0.089032 0.004607 0.016869 0.073624 0.004751 -0.143808 -0.123861 0.004070 -0.008326 -0.142151 0.004205 
-0.120746 0.089184 0.004727 0.016432 0.074162 0.005265 -0.143681 -0.123770 0.003179 -0.008150 -0.141679 0.003690 
-0.120744 0.089187 0.004749 0.016435 0.074166 0.005232 -0.143679 -0.123767 0.003348 -0.008147 -0.141675 0.003807 
-0.120743 0.089190 0.004771 0.016437 0.074169 0.005202 -0.143677 -0.123766 0.003503 -0.008145 -0.141673 0.003911 
-0.118641 0.090321 0.005168 0.018387 0.073973 0.004853 -0.143643 -0.122401 0.003745 -0.008290 -0.141619 0.003413 
-0.117048 0.092449 0.004580 0.020136 0.077466 0.004860 -0.139928 -0.120514 0.003748 -0.004390 -0.138385 0.004014 
-0.120579 0.093469 0.004584 0.016859 0.081030 0.004945 -0.139508 -0.119883 0.003857 -0.003663 -0.135239 0.004204 
-0.123383 0.093772 0.004318 0.014217 0.083289 0.005061 -0.139274 -0.119827 0.003494 -0.003225 -0.133249 0.004217 
-0.122012 0.094416 0.004883 0.015522 0.083088 0.005174 -0.139214 -0.119079 0.003456 -0.003249 -0.133336 0.003724 
-0.111380 0.097736 0.008153 0.025481 0.080046 0.008335 -0.138452 -0.114690 0.003687 -0.003293 -0.135234 0.003804 
-0.115737 0.093500 0.010622 0.021507 0.079070 0.010888 -0.137734 -0.119453 0.003934 -0.002125 -0.136775 0.004103 
-0.125422 0.089639 0.008028 0.012317 0.081174 0.008607 -0.138165 -0.124131 0.003791 -0.001933 -0.135557 0.004304 
-0.118963 0.093212 0.004957 0.018481 0.080836 0.004994 -0.137797 -0.120148 0.004295 -0.001944 -0.135442 0.004322 
-0.117722 0.094512 0.005456 0.019651 0.081397 0.004662 -0.137711 -0.118739 0.003916 -0.001944 -0.134763 0.003108 
-0.117737 0.094497 0.006006 0.019637 0.081390 0.005307 -0.137716 -0.118750 0.004015 -0.001948 -0.134767 0.003295 
-0.116933 0.094937 0.008795 0.020396 0.081342 0.008755 -0.137649 -0.118147 0.002158 -0.001937 -0.134643 0.002023 
0.144746 -0.071650 0.045683 -0.137561 -0.117094 0.002460 -0.114126 0.095685 0.009774 0.023017 0.080337 0.009749 0.095660 -0.277915 0.015300 -0.038124 -0.249947 0.018381 
0.148440 -0.064282 0.020810 -0.137491 -0.116094 0.002823 -0.111613 0.096291 0.012865 0.025345 0.079369 0.012652 0.096268 -0.271396 0.004701 -0.037086 -0.241322 0.006195 
0.148344 -0.063635 0.013447 -0.138846 -0.115772 0.006832 -0.112709 0.096436 0.019568 0.024229 0.079353 0.019099 0.096291 -0.271220 0.004712 -0.037082 -0.241215 0.005773 
0.147772 -0.063410 0.012631 -0.141225 -0.106392 0.011884 -0.114981 0.105463 0.029392 0.021948 0.088324 0.028554 0.096348 -0.271186 0.004735 -0.037115 -0.241589 0.005880 
0.147511 -0.063322 0.013801 -0.143362 -0.090534 0.014193 -0.116865 0.120547 0.039102 0.020043 0.103252 0.037928 0.096452 -0.271143 0.004777 -0.037063 -0.241777 0.005863 
0.147653 -0.063447 0.014680 -0.144153 -0.074921 0.015788 -0.117168 0.135136 0.047809 0.019695 0.117495 0.046572 0.096432 -0.271193 0.004885 -0.037059 -0.241707 0.005626 
0.148177 -0.063722 0.015223 -0.142703 -0.062490 0.016884 -0.115212 0.146467 0.055080 0.021593 0.128367 0.054273 0.096403 -0.271310 0.005009 -0.037006 -0.241446 0.005333 
0.148546 -0.063953 0.016068 -0.139455 -0.054350 0.017672 -0.111698 0.153590 0.060898 0.025052 0.135056 0.061042 0.096380 -0.271405 0.005098 -0.036969 -0.241272 0.005156 
0.148514 -0.064095 0.017926 -0.135469 -0.050007 0.018458 -0.107663 0.156988 0.065973 0.029023 0.138045 0.067409 0.096369 -0.271448 0.005141 -0.036979 -0.241313 0.005169 
0.148452 -0.064364 0.021013 -0.131513 -0.048752 0.019411 -0.103809 0.157357 0.070685 0.032794 0.137996 0.073689 0.096351 -0.271520 0.005215 -0.036996 -0.241382 0.005189 
0.148467 -0.064857 0.024963 -0.128668 -0.050252 0.020523 -0.101240 0.155048 0.075087 0.035265 0.135325 0.079724 0.096316 -0.271671 0.005314 -0.037012 -0.241448 0.005213 
0.148796 -0.065626 0.028531 -0.126027 -0.053338 0.019552 -0.099228 0.151607 0.075740 0.037190 0.131766 0.082115 0.096218 -0.272018 0.005818 -0.037019 -0.241406 0.005063 
0.153533 -0.080428 0.032987 0.091956 -0.285329 0.022900 -0.099688 0.152755 0.073959 0.036688 0.133447 0.082494 -0.124671 -0.051962 0.016129 -0.039888 -0.249273 0.025499 
0.160405 -0.116390 0.039719 0.097760 -0.321211 0.040933 -0.107944 0.164303 0.070878 0.028483 0.145591 0.079916 -0.131435 -0.039496 0.009300 -0.033871 -0.284376 0.043456 
0.166322 -0.156362 0.044867 0.106621 -0.361721 0.056754 -0.112466 0.171942 0.064251 0.024192 0.154737 0.072770 -0.134295 -0.033124 0.006378 -0.025510 -0.326660 0.058113 
0.178866 -0.180322 0.054378 0.116026 -0.384747 0.066191 -0.109952 0.172588 0.061721 0.026684 0.154414 0.068396 -0.134187 -0.032866 0.006233 -0.015595 -0.347866 0.063890 
0.211253 -0.201188 0.088138 -0.134142 -0.032947 0.006354 -0.112816 0.172380 0.063485 0.024116 0.156278 0.069330 0.100440 -0.382612 0.061990 -0.018154 -0.314794 0.067088 
0.223438 -0.260425 0.137115 -0.116201 0.173283 0.061882 0.020996 0.159477 0.067402 -0.134322 -0.032780 0.006320 0.078609 -0.407341 0.079512 -0.021166 -0.313881 0.079776 
0.191770 -0.322147 0.156201 -0.120660 0.174083 0.060862 0.016827 0.163316 0.065900 0.034084 -0.455479 0.099320 -0.134459 -0.032547 0.006168 -0.056302 -0.352934 0.097129 
0.122774 -0.384546 0.141780 -0.127480 0.174382 0.061012 0.010288 0.168071 0.065949 -0.047114 -0.512545 0.116640 -0.134615 -0.032544 0.006162 -0.131906 -0.405311 0.115642 
0.011300 0.165729 0.071473 0.049738 -0.413391 0.107664 -0.126370 0.173244 0.065592 -0.127265 -0.534003 0.106955 -0.206807 -0.423165 0.115777 
0.011546 0.161576 0.082254 0.001804 -0.383843 0.070872 -0.126027 0.169987 0.075407 -0.167716 -0.512011 0.044160 -0.253127 -0.405332 0.047961 
0.008321 0.156411 0.092513 -0.008189 -0.381520 0.053946 -0.129082 0.166214 0.084251 -0.186880 -0.489118 0.005263 -0.261248 -0.374523 0.010485 
-0.013771 -0.384291 0.073886 -0.134174 0.166421 0.103827 0.003094 0.158472 0.115587 -0.002459 -0.042555 0.033421 -0.187749 -0.489454 0.006432 -0.262718 -0.375235 0.011278 
-0.018462 -0.384952 0.085206 -0.131990 0.179641 0.156022 0.004578 0.173086 0.174736 0.007626 -0.021146 0.077481 -0.188236 -0.489547 0.007012 -0.264842 -0.376478 0.013082 
-0.022012 -0.385273 0.092716 -0.126570 0.193352 0.231626 0.008600 0.186195 0.258494 0.021071 0.003163 0.142143 -0.188418 -0.489664 0.007340 -0.267206 -0.378317 0.016508 
-0.024280 -0.385750 0.097463 -0.121819 0.197354 0.317567 0.011382 0.187772 0.352347 0.033282 0.018418 0.218059 -0.188505 -0.489774 0.007536 -0.269154 -0.380105 0.020123 
-0.024859 -0.387392 0.100838 -0.117844 0.186746 0.401556 0.013106 0.173203 0.442941 0.043114 0.017915 0.294016 -0.188250 -0.489846 0.007649 -0.270160 -0.381753 0.024865 
-0.025467 -0.393123 0.118641 -0.113906 0.163006 0.464003 0.015831 0.144919 0.507422 0.046823 -0.002133 0.350550 -0.187850 -0.489974 0.017996 -0.270394 -0.383637 0.041847 
-0.025824 -0.402154 0.148664 -0.108020 0.135807 0.509379 0.020704 0.113560 0.553868 0.050511 -0.029523 0.393143 -0.188148 -0.490748 0.040591 -0.269166 -0.384205 0.068420 
-0.025969 -0.412583 0.178053 -0.099502 0.108173 0.552032 0.027767 0.081167 0.598048 0.056581 -0.058072 0.433805 -0.188004 -0.493026 0.063374 -0.267458 -0.386245 0.094592 
-0.023452 -0.425893 0.205820 -0.091629 0.080892 0.596820 0.033685 0.048932 0.644975 0.063152 -0.085140 0.476600 -0.184544 -0.498130 0.084541 -0.262328 -0.390845 0.118147 
-0.018597 -0.441303 0.232660 -0.085722 0.053436 0.640835 0.037310 0.016608 0.691342 0.068534 -0.111903 0.518995 -0.177836 -0.505334 0.104517 -0.253970 -0.397365 0.139677 
-0.013030 -0.458284 0.258617 0.072498 -0.139598 0.558809 -0.244174 -0.405373 0.159879 -0.169689 -0.514136 0.123650 -0.081504 0.025395 0.681435 0.038974 -0.016139 0.734387 
-0.008002 -0.476538 0.283442 0.075235 -0.168640 0.595530 -0.234326 -0.414565 0.178974 -0.161559 -0.524214 0.141933 -0.078339 -0.003369 0.718319 0.039321 -0.049596 0.773665 
-0.004334 -0.495729 0.306967 0.076582 -0.198682 0.629823 -0.225369 -0.424764 0.197039 -0.154371 -0.535339 0.159326 -0.076452 -0.032633 0.752234 0.038090 -0.083533 0.809969 
-0.002177 -0.515550 0.329422 0.075936 -0.229239 0.662241 -0.217465 -0.435795 0.214241 -0.148217 -0.547290 0.175986 -0.076569 -0.062103 0.783834 0.034578 -0.117579 0.843942 
-0.001595 -0.535741 0.351230 0.072808 -0.260011 0.693012 -0.210639 -0.447411 0.230917 -0.143094 -0.559802 0.192242 -0.079142 -0.091590 0.813519 0.028382 -0.151516 0.875902 
-0.002768 -0.556124 0.372722 0.066904 -0.290771 0.722782 -0.205033 -0.459439 0.247354 -0.139125 -0.572693 0.208374 -0.084568 -0.120938 0.841903 0.019074 -0.185185 0.906515 
-0.005863 -0.576537 0.394009 0.057835 -0.321262 0.752084 -0.200792 -0.471708 0.263662 -0.136438 -0.585780 0.224473 -0.093362 -0.150025 0.869531 0.006122 -0.218459 0.936342 
-0.011148 -0.596865 0.415155 0.045139 -0.351317 0.781012 -0.198183 -0.484154 0.279912 -0.135265 -0.598984 0.240604 -0.106063 -0.178755 0.896498 -0.010997 -0.251215 0.965463 
-0.018937 -0.616940 0.436161 0.028391 -0.380830 0.809397 -0.197547 -0.496691 0.296107 -0.135885 -0.612194 0.256778 -0.123128 -0.207046 0.922613 -0.032718 -0.283343 0.993668 
-0.199193 -0.509189 0.312227 0.007214 -0.409719 0.837089 -0.029520 -0.636565 0.457013 -0.138543 -0.625258 0.272991 -0.144980 -0.234818 0.947647 -0.059467 -0.314748 1.020740 
-0.203290 -0.521627 0.328237 -0.018785 -0.437891 0.863921 -0.043099 -0.655713 0.477691 -0.143382 -0.638161 0.289242 -0.172065 -0.261983 0.971339 -0.091691 -0.345323 1.046430 
-0.209726 -0.534006 0.344322 -0.049958 -0.465326 0.889922 -0.059704 -0.674441 0.498425 -0.150276 -0.650917 0.305757 -0.204776 -0.288516 0.993587 -0.125312 -0.378348 0.816123 
-0.086612 -0.492181 0.915277 -0.218511 -0.546119 0.360470 -0.243460 -0.314622 1.014516 -0.156321 -0.402204 0.839548 -0.079439 -0.692628 0.519123 -0.159219 -0.663311 0.322519 
-0.128568 -0.518853 0.940840 -0.231612 -0.560529 0.376185 -0.286571 -0.337843 1.031654 -0.190854 -0.426383 0.861722 -0.103837 -0.709909 0.541522 -0.171631 -0.678183 0.340835 
-0.172518 -0.535557 0.974020 -0.131359 -0.726442 0.573598 -0.332265 -0.351990 1.056244 -0.229169 -0.442308 0.891648 -0.249117 -0.574876 0.402900 -0.188892 -0.693112 0.369989 
-0.386979 -0.369153 1.084230 -0.155928 -0.740693 0.606695 -0.222605 -0.551427 1.008508 -0.273873 -0.456415 0.924637 -0.336838 -0.463834 1.171210 -0.200678 -0.703891 0.400490 
-0.439588 -0.383850 1.106584 -0.394816 -0.479595 1.195310 -0.271956 -0.566148 1.038441 -0.318028 -0.470097 0.952759 -0.183208 -0.757244 0.638050 -0.216428 -0.717253 0.430264 
-0.487656 -0.400296 1.124970 -0.449224 -0.497556 1.215012 -0.212511 -0.774306 0.667122 -0.359418 -0.487136 0.977012 -0.272513 -0.653811 0.697533 -0.293652 -0.611888 0.485426 
-0.531391 -0.414161 1.142013 -0.498928 -0.512365 1.233371 -0.244205 -0.792006 0.693384 -0.398589 -0.503315 0.999560 -0.254800 -0.747412 0.484155 -0.313588 -0.626619 0.509510 
-0.576964 -0.428980 1.161111 -0.547123 -0.528468 1.251972 -0.275839 -0.801156 0.714943 -0.439947 -0.516029 1.021373 -0.279729 -0.753887 0.506069 -0.339242 -0.633377 0.531077 
-0.593150 -0.543743 1.265914 -0.308293 -0.804847 0.728916 -0.622821 -0.443224 1.176139 -0.482100 -0.526023 1.037504 -0.309234 -0.754377 0.520758 -0.370655 -0.635005 0.546595 
-0.635989 -0.558693 1.275563 -0.342453 -0.803374 0.735583 -0.667659 -0.457419 1.187331 -0.524333 -0.534460 1.048047 -0.343720 -0.749338 0.528324 -0.408211 -0.631994 0.555913 
-0.679199 -0.574554 1.283503 -0.379049 -0.801835 0.738900 -0.711445 -0.472722 1.196128 -0.565448 -0.545912 1.057544 -0.381549 -0.744703 0.532484 -0.449181 -0.629557 0.561761 
-0.724088 -0.594665 1.294351 -0.414856 -0.807420 0.745250 -0.753586 -0.491422 1.207664 -0.604672 -0.563572 1.071661 -0.415720 -0.749045 0.539169 -0.484876 -0.634797 0.568402 
-0.799870 -0.508007 1.222849 -0.777058 -0.613108 1.309320 -0.449683 -0.817415 0.766310 -0.441707 -0.758960 0.560404 -0.511046 -0.644154 0.586889 
-0.854415 -0.520227 1.236196 -0.838821 -0.626776 1.322500 -0.481769 -0.834192 0.798830 -0.459579 -0.773756 0.594544 -0.527552 -0.657504 0.618104 
-0.476706 -0.791587 0.634526 -0.902843 -0.635727 1.330788 -0.515421 -0.854832 0.835471 -0.911537 -0.528244 1.244672 -0.542374 -0.673534 0.655524 
-0.498330 -0.808730 0.672509 -0.965142 -0.641897 1.334343 -0.553371 -0.873519 0.869107 -0.966590 -0.533748 1.248636 -0.561559 -0.688895 0.690716 
-0.525558 -0.822074 0.702576 -1.025422 -0.646732 1.333663 -0.594475 -0.887626 0.894490 -1.019946 -0.538036 1.248815 -0.586725 -0.700832 0.718352 
-0.556836 -0.832282 0.724474 -1.085999 -0.649933 1.329598 -0.637615 -0.897192 0.911929 -1.072923 -0.540827 1.246117 -0.615929 -0.709713 0.737693 
-0.590352 -0.840628 0.742428 -1.147860 -0.649257 1.321202 -0.682435 -0.903484 0.925314 -1.126960 -0.540158 1.239320 -0.647165 -0.716696 0.752564 
-0.625858 -0.846586 0.760417 -1.212125 -0.643643 1.307897 -0.729536 -0.906890 0.937877 -1.183534 -0.535014 1.227732 -0.680307 -0.721369 0.767188 
-0.662923 -0.851696 0.778098 -1.277749 -0.634120 1.287855 -0.778828 -0.909183 0.948799 -1.241755 -0.526303 1.209599 -0.714732 -0.725225 0.781384 
-1.703445 -1.429187 0.006395 -1.296805 -0.512995 1.184987 -0.748287 -0.731026 0.790929 -1.661291 -1.466280 0.041083 -0.700971 -0.859282 0.792081 
-1.348876 -0.492854 1.151864 -0.780113 -0.742435 0.794843 -1.702171 -1.431155 0.006338 -1.406726 -0.595388 1.223866 -1.653097 -1.467883 0.030808 -0.740219 -0.873023 0.801554 
-1.400279 -0.464121 1.108027 -0.816062 -0.746099 0.799167 -1.711002 -1.433210 0.006708 -1.466021 -0.562868 1.178534 -1.659636 -1.469591 0.026555 -0.781895 -0.877931 0.811112 
-1.452000 -0.432191 1.056399 -0.856985 -0.733229 0.799473 -1.730754 -1.433102 0.007787 -1.521774 -0.527954 1.127144 -1.679680 -1.470689 0.026080 -0.824955 -0.864997 0.816827 
-0.893075 -0.705099 0.788758 -0.861610 -0.835775 0.813727 -1.501369 -0.394103 1.002580 -1.574175 -0.486695 1.074483 -1.696559 -1.479598 0.023883 -1.746820 -1.439789 0.008226 
-0.921492 -0.665678 0.769766 -0.888957 -0.794064 0.803655 -1.543200 -0.349287 0.947747 -1.617295 -0.437915 1.023239 -1.694207 -1.489136 0.019708 -1.746406 -1.450342 0.008470 
-0.914355 -0.746739 0.787281 -1.577187 -0.306271 0.891765 -0.948870 -0.621615 0.744356 -1.651280 -0.390737 0.971888 -1.694449 -1.495633 0.021776 -1.746935 -1.457756 0.008874 
-0.938894 -0.699822 0.766381 -1.606924 -0.265566 0.831970 -0.974473 -0.578560 0.714233 -1.681394 -0.345662 0.916131 -1.699454 -1.504529 0.029514 -1.750407 -1.467660 0.009501 
-1.633760 -0.225447 0.763828 -0.997718 -0.536697 0.678478 -1.708582 -0.300587 0.852144 -1.694612 -1.508665 0.033791 -0.961722 -0.653534 0.739660 -1.705917 -1.520208 0.039046 -1.754347 -1.485945 0.010122 
-1.655753 -0.184619 0.685011 -1.017343 -0.496113 0.633033 -1.730785 -0.253471 0.778144 -1.697191 -1.534683 0.041318 -0.981445 -0.607697 0.703391 -1.708811 -1.545671 0.047054 -1.755045 -1.515775 0.010658 
-1.746734 -0.204675 0.694015 -1.671911 -0.143911 0.595256 -1.033531 -0.456432 0.574440 -1.699011 -1.564688 0.046424 -0.997563 -0.561527 0.654134 -1.710756 -1.575295 0.052605 -1.755432 -1.549992 0.011135 
-1.757805 -0.156871 0.599927 -1.046608 -0.419388 0.501646 -1.698574 -1.589767 0.048624 -1.010236 -0.516644 0.590573 -1.710103 -1.600462 0.055055 -1.754583 -1.578775 0.011384 -1.683389 -0.105801 0.495533 -1.505518 -0.186713 0.583243 
-1.767427 -0.108801 0.490005 -1.057154 -0.386395 0.418515 -1.686257 -1.606900 0.051164 -1.021946 -0.472875 0.518372 -1.697573 -1.617907 0.057444 -1.741011 -1.599613 0.011245 -1.690872 -0.069623 0.382077 -1.515363 -0.143266 0.480317 
-1.780287 -0.069618 0.368258 -1.068066 -0.354272 0.335825 -1.668025 -1.613859 0.053525 -1.033798 -0.428841 0.445164 -1.678771 -1.625574 0.059520 -1.721954 -1.610276 0.012011 -1.702160 -0.042972 0.257668 -1.528131 -0.104697 0.366211 
-1.791452 -0.040447 0.237438 -1.076678 -0.328071 0.258813 -1.654931 -1.614459 0.071097 -1.046081 -0.390543 0.376503 -1.665282 -1.626398 0.077339 -1.707489 -1.615741 0.027731 -1.709475 -0.025801 0.127396 -1.539412 -0.074813 0.248036 
-1.798276 -0.025790 0.116594 -1.696227 -1.619829 0.069863 -1.714352 -0.025160 0.007048 -1.046482 -0.358856 0.315086 -1.077768 -0.310261 0.191192 -1.546232 -0.055948 0.136143 -1.659755 -1.625000 0.124627 -1.648852 -1.613527 0.118449 
-1.795449 -0.008498 0.118146 -1.686790 -1.612975 0.133233 -1.713350 -0.005643 0.007261 -1.048322 -0.333016 0.269800 -1.079616 -0.295732 0.142049 -1.543517 -0.042274 0.132531 -1.651055 -1.612534 0.188720 -1.640235 -1.601497 0.181665 
-1.797876 0.005316 0.117399 -1.686795 -1.593614 0.192402 -1.714520 0.008144 0.007455 -1.056053 -0.310988 0.247889 -1.090039 -0.278646 0.119481 -1.546420 -0.030730 0.134376 -1.649016 -1.589396 0.246356 -1.638392 -1.579017 0.238105 
-1.801447 0.015832 0.118147 -1.691154 -1.570041 0.236951 -1.719431 0.018312 0.007191 -1.064602 -0.287331 0.256806 -1.098089 -0.255166 0.128222 -1.549708 -0.019467 0.132269 -1.650713 -1.564272 0.288790 -1.640270 -1.554554 0.279561 
-1.808636 0.026299 0.119212 -1.693582 -1.548318 0.263143 -1.728245 0.028770 0.007073 -1.073987 -0.260037 0.273594 -1.107511 -0.225753 0.145569 -1.556308 -0.005806 0.130036 -1.650484 -1.542308 0.312767 -1.640329 -1.533003 0.302820 
-1.819968 0.035788 0.120832 -1.690945 -1.530946 0.267908 -1.742150 0.038244 0.006892 -1.077695 -0.236476 0.285167 -1.113253 -0.199147 0.158550 -1.566763 0.009857 0.126522 -1.645042 -1.525932 0.315065 -1.635367 -1.516620 0.304657 
-1.831045 0.044595 0.123701 -1.681132 -1.518744 0.255316 -1.758083 0.045690 0.006572 -1.072905 -0.220115 0.281377 -1.113195 -0.180216 0.156979 -1.577251 0.024890 0.119465 -1.632982 -1.514931 0.300295 -1.623869 -1.505250 0.289718 
-1.666045 -1.512872 0.240722 -1.584824 0.034499 0.109221 -1.111449 -0.168247 0.131486 -1.062731 -0.207485 0.253046 -1.772954 0.048034 0.007724 -1.838155 0.049877 0.129337 -1.617078 -1.509670 0.284858 -1.608276 -1.499618 0.274363 
-1.645106 -1.514386 0.241766 -1.587045 0.042415 0.103080 -1.106718 -0.165156 0.090563 -1.050815 -0.200653 0.210165 -1.642591 0.045486 0.227960 -1.839152 0.055650 0.136013 -1.596632 -1.509649 0.286306 -1.588155 -1.499167 0.275966 
-1.831460 0.064198 0.131777 -1.627209 -1.513509 0.266879 -1.631943 0.054310 0.217153 -1.038648 -0.201088 0.167669 -1.098663 -0.170152 0.048796 -1.580667 0.049428 0.090517 -1.577295 -1.506922 0.309555 -1.569464 -1.496385 0.298769 
-1.825694 0.070933 0.133764 -1.614451 -1.503074 0.303888 -1.622793 0.060862 0.210730 -1.031293 -0.201762 0.125842 -1.194097 -0.121769 0.239744 -1.576938 0.054555 0.082094 -1.562417 -1.494747 0.343627 -1.555220 -1.484580 0.332073 
-1.823216 0.074774 0.134562 -1.606747 -1.486685 0.346253 -1.618917 0.065234 0.207806 -1.029935 -0.195380 0.122283 -1.191665 -0.116089 0.238190 -1.575478 0.057790 0.078394 -1.552704 -1.477195 0.382932 -1.545948 -1.467747 0.370532 
-1.821571 0.076574 0.135103 -1.601122 -1.468100 0.380173 -1.616326 0.068438 0.205827 -1.029476 -0.183543 0.121903 -1.191632 -0.107129 0.239137 -1.574468 0.060610 0.075917 -1.545780 -1.457559 0.414555 -1.539287 -1.448909 0.401452 
-1.819928 0.077525 0.135631 -1.598805 -1.452641 0.397313 -1.613764 0.070765 0.203782 -1.028506 -0.173790 0.121484 -1.190964 -0.100221 0.240112 -1.573514 0.062576 0.073388 -1.543182 -1.441789 0.431140 -1.536585 -1.433740 0.417711 
-1.817787 0.078535 0.136238 -1.595964 -1.445486 0.400507 -1.610554 0.072752 0.201158 -1.027164 -0.167474 0.120798 -1.189100 -0.096112 0.241471 -1.572360 0.063588 0.070211 -1.540540 -1.434379 0.434579 -1.533795 -1.426593 0.421069 
-1.816447 0.079194 0.136592 -1.593226 -1.446895 0.393045 -1.608580 0.073871 0.199494 -1.026205 -0.164542 0.120274 -1.187547 -0.094472 0.242491 -1.571673 0.064027 0.068228 -1.538166 -1.435680 0.427667 -1.531335 -1.427804 0.414252 
-1.816920 0.078727 0.136470 -1.591412 -1.454297 0.383213 -1.609248 0.073799 0.200044 -1.026199 -0.164179 0.120324 -1.187669 -0.094436 0.242558 -1.571894 0.064148 0.068890 -1.537127 -1.442915 0.418986 -1.530162 -1.434746 0.405817 
-1.817468 0.078122 0.136325 -1.588290 -1.461627 0.374510 -1.610040 0.073438 0.200708 -1.026219 -0.164242 0.120378 -1.187862 -0.094895 0.242609 -1.572155 0.064028 0.069689 -1.534429 -1.450138 0.410883 -1.527467 -1.441675 0.397900 
-1.817754 0.077745 0.136237 -1.586478 -1.466414 0.368197 -1.610472 0.073183 0.201098 -1.026208 -0.164862 0.120410 -1.187844 -0.095570 0.242681 -1.572276 0.063884 0.070161 -1.532797 -1.454949 0.404842 -1.525868 -1.446276 0.391979 
-1.818112 0.077255 0.136126 -1.587584 -1.468188 0.364179 -1.611015 0.072746 0.201580 -1.026228 -0.166039 0.120454 -1.187787 -0.096561 0.242720 -1.572438 0.063567 0.070746 -1.534005 -1.456926 0.401036 -1.527045 -1.448174 0.388245 
-1.818316 0.076855 0.136045 -1.589149 -1.468399 0.362559 -1.611334 0.072331 0.201861 -1.026296 -0.166849 0.120540 -1.187886 -0.097221 0.242679 -1.572525 0.063232 0.071090 -1.535633 -1.457320 0.399564 -1.528624 -1.448562 0.386804 
-1.818344 0.076795 0.136027 -1.590098 -1.467769 0.362770 -1.611378 0.072275 0.201891 -1.026310 -0.166949 0.120582 -1.187910 -0.097305 0.242700 -1.572539 0.063162 0.071130 -1.536564 -1.456795 0.399780 -1.529531 -1.448059 0.387017 
-1.818304 0.076791 0.136039 -1.590697 -1.466718 0.363985 -1.611324 0.072260 0.201858 -1.026311 -0.166958 0.120613 -1.187916 -0.097319 0.242729 -1.572514 0.063133 0.071090 -1.537068 -1.455833 0.400882 -1.530036 -1.447134 0.388095 
-1.818244 0.076810 0.136058 -1.590919 -1.465721 0.365503 -1.611237 0.072254 0.201793 -1.026308 -0.166962 0.120638 -1.187911 -0.097333 0.242761 -1.572483 0.063100 0.071010 -1.537190 -1.454886 0.402269 -1.530166 -1.446222 0.389452 
-1.818192 0.076805 0.136073 -1.590768 -1.465049 0.366852 -1.611165 0.072230 0.201743 -1.026312 -0.166956 0.120665 -1.187925 -0.097340 0.242781 -1.572453 0.063057 0.070949 -1.536969 -1.454207 0.403515 -1.529958 -1.445572 0.390672 
-1.818159 0.076813 0.136084 -1.590412 -1.464783 0.367746 -1.611119 0.072218 0.201711 -1.026314 -0.166953 0.120688 -1.187933 -0.097348 0.242803 -1.572436 0.063032 0.070910 -1.536578 -1.453903 0.404345 -1.529578 -1.445283 0.391486 
-1.818141 0.076821 0.136091 -1.590130 -1.464746 0.368123 -1.611092 0.072213 0.201692 -1.026314 -0.166954 0.120708 -1.187935 -0.097356 0.242823 -1.572427 0.063018 0.070886 -1.536282 -1.453840 0.404694 -1.529290 -1.445223 0.391829 
-1.818142 0.076813 0.136093 -1.590076 -1.464750 0.368180 -1.611095 0.072205 0.201697 -1.026317 -0.166955 0.120727 -1.187942 -0.097360 0.242840 -1.572427 0.063012 0.070892 -1.536225 -1.453840 0.404746 -1.529234 -1.445223 0.391880 
-1.818146 0.076810 0.136094 -1.590083 -1.464757 0.368164 -1.611100 0.072201 0.201704 -1.026319 -0.166957 0.120745 -1.187948 -0.097364 0.242855 -1.572429 0.063010 0.070899 -1.536233 -1.453847 0.404730 -1.529242 -1.445230 0.391865 
-1.818148 0.076800 0.136095 -1.590087 -1.464763 0.368151 -1.611104 0.072195 0.201710 -1.026322 -0.166958 0.120761 -1.187954 -0.097368 0.242868 -1.572429 0.063005 0.070906 -1.536238 -1.453854 0.404718 -1.529247 -1.445237 0.391853 
-1.818150 0.076798 0.136095 -1.590093 -1.464767 0.368142 -1.611108 0.072192 0.201715 -1.026325 -0.166959 0.120775 -1.187959 -0.097371 0.242880 -1.572430 0.063004 0.070912 -1.536244 -1.453858 0.404711 -1.529253 -1.445240 0.391845 
-1.818153 0.076796 0.136096 -1.590096 -1.464759 0.368166 -1.611111 0.072189 0.201719 -1.026327 -0.166961 0.120788 -1.187963 -0.097374 0.242891 -1.572431 0.063002 0.070917 -1.536249 -1.453845 0.404737 -1.529257 -1.445228 0.391870 
-1.818154 0.076787 0.136096 -1.590107 -1.464732 0.368207 -1.611115 0.072182 0.201726 -1.026330 -0.166962 0.120801 -1.187971 -0.097376 0.242900 -1.572430 0.062998 0.070925 -1.536262 -1.453813 0.404779 -1.529269 -1.445198 0.391912 
-1.818155 0.076778 0.136096 -1.590154 -1.464670 0.368270 -1.611118 0.072176 0.201732 -1.026334 -0.166963 0.120813 -1.187978 -0.097378 0.242907 -1.572429 0.062994 0.070932 -1.536307 -1.453751 0.404840 -1.529314 -1.445140 0.391971 
-1.818156 0.076769 0.136096 -1.590238 -1.464566 0.368368 -1.611121 0.072169 0.201738 -1.026337 -0.166963 0.120825 -1.187985 -0.097379 0.242913 -1.572428 0.062990 0.070939 -1.536388 -1.453651 0.404933 -1.529393 -1.445044 0.392062 
-1.818158 0.076768 0.136097 -1.590349 -1.464434 0.368496 -1.611123 0.072168 0.201741 -1.026338 -0.166964 0.120833 -1.187988 -0.097381 0.242920 -1.572429 0.062989 0.070942 -1.536492 -1.453526 0.405054 -1.529496 -1.444925 0.392180 
-1.818159 0.076767 0.136097 -1.590469 -1.464290 0.368636 -1.611126 0.072166 0.201744 -1.026340 -0.166965 0.120841 -1.187991 -0.097383 0.242927 -1.572430 0.062988 0.070946 -1.536606 -1.453388 0.405187 -1.529608 -1.444793 0.392310 
-1.818161 0.076766 0.136097 -1.590584 -1.464151 0.368773 -1.611128 0.072165 0.201746 -1.026341 -0.166966 0.120849 -1.187994 -0.097384 0.242933 -1.572430 0.062988 0.070948 -1.536714 -1.453255 0.405316 -1.529714 -1.444667 0.392436 
-1.818162 0.076765 0.136097 -1.590685 -1.464027 0.368896 -1.611129 0.072164 0.201749 -1.026342 -0.166966 0.120855 -1.187996 -0.097385 0.242939 -1.572431 0.062987 0.070951 -1.536810 -1.453138 0.405432 -1.529808 -1.444554 0.392549 
-1.818163 0.076764 0.136098 -1.590772 -1.463920 0.369003 -1.611131 0.072163 0.201751 -1.026343 -0.166967 0.120861 -1.187998 -0.097387 0.242944 -1.572431 0.062987 0.070953 -1.536892 -1.453035 0.405534 -1.529889 -1.444457 0.392649 
-1.818163 0.076747 0.136097 -1.590846 -1.463819 0.369099 -1.611133 0.072152 0.201757 -1.026348 -0.166964 0.120869 -1.188007 -0.097385 0.242945 -1.572428 0.062979 0.070961 -1.536963 -1.452936 0.405626 -1.529959 -1.444362 0.392739 
-1.818164 0.076746 0.136097 -1.590918 -1.463730 0.369187 -1.611134 0.072151 0.201759 -1.026348 -0.166965 0.120874 -1.188009 -0.097385 0.242949 -1.572428 0.062979 0.070963 -1.537032 -1.452851 0.405710 -1.530026 -1.444281 0.392821 
-1.818164 0.076737 0.136096 -1.590990 -1.463636 0.369280 -1.611136 0.072146 0.201763 -1.026351 -0.166963 0.120880 -1.188015 -0.097385 0.242951 -1.572427 0.062975 0.070968 -1.537100 -1.452760 0.405799 -1.530093 -1.444194 0.392907 
-1.818164 0.076729 0.136095 -1.591067 -1.463537 0.369377 -1.611137 0.072141 0.201767 -1.026353 -0.166962 0.120885 -1.188020 -0.097383 0.242952 -1.572425 0.062971 0.070973 -1.537174 -1.452664 0.405891 -1.530165 -1.444102 0.392997 
-1.818164 0.076728 0.136095 -1.591148 -1.463434 0.369480 -1.611138 0.072140 0.201768 -1.026354 -0.166962 0.120889 -1.188021 -0.097384 0.242955 -1.572425 0.062971 0.070974 -1.537250 -1.452566 0.405988 -1.530241 -1.444009 0.393093 
-1.818165 0.076728 0.136095 -1.591233 -1.463327 0.369589 -1.611139 0.072139 0.201769 -1.026355 -0.166962 0.120892 -1.188022 -0.097384 0.242958 -1.572426 0.062970 0.070975 -1.537330 -1.452463 0.406092 -1.530319 -1.443911 0.393193 
-1.818164 0.076714 0.136087 -1.591318 -1.463216 0.369699 -1.611139 0.072136 0.201764 -1.026357 -0.166960 0.120896 -1.188027 -0.097383 0.242959 -1.572423 0.062951 0.070972 -1.537411 -1.452356 0.406196 -1.530399 -1.443809 0.393295 
-1.818164 0.076703 0.136087 -1.591402 -1.463111 0.369805 -1.611140 0.072130 0.201767 -1.026359 -0.166958 0.120899 -1.188030 -0.097381 0.242961 -1.572423 0.062946 0.070975 -1.537490 -1.452255 0.406296 -1.530476 -1.443712 0.393393 
-1.818164 0.076702 0.136087 -1.591480 -1.463009 0.369910 -1.611140 0.072130 0.201768 -1.026359 -0.166958 0.120902 -1.188031 -0.097382 0.242963 -1.572423 0.062945 0.070977 -1.537563 -1.452158 0.406396 -1.530549 -1.443619 0.393491 
-1.818165 0.076702 0.136088 -1.591557 -1.462911 0.370011 -1.611141 0.072130 0.201769 -1.026360 -0.166959 0.120904 -1.188032 -0.097382 0.242965 -1.572423 0.062945 0.070978 -1.537636 -1.452063 0.406492 -1.530620 -1.443529 0.393584 
