0.000006 0.000243 1.000000 0.003086 -0.000087 0.999995 0.003088 -0.000068 0.999995 0.000014 0.000312 1.000000 
0.000003 0.000105 1.000000 0.002903 -0.000082 0.999996 0.002904 -0.000064 0.999996 0.000008 0.000170 1.000000 
0.000005 0.000218 1.000000 0.002992 -0.000085 0.999996 0.002994 -0.000066 0.999996 0.000013 0.000285 1.000000 
0.000068 0.002897 0.999996 0.004673 -0.000130 0.999989 0.004692 -0.000102 0.999989 0.000138 0.002999 0.999995 
0.000062 0.002641 0.999997 0.004187 -0.000117 0.999991 0.004204 -0.000092 0.999991 0.000125 0.002732 0.999996 
0.000035 0.001474 0.999999 0.002295 -0.000064 0.999997 0.002305 -0.000051 0.999997 0.000070 0.001524 0.999999 
0.000109 0.004760 0.999989 0.004748 -0.000130 0.999989 0.004778 -0.000101 0.999989 0.000220 0.004861 0.999988 
0.000100 0.004345 0.999991 0.004265 -0.000116 0.999991 0.004292 -0.000091 0.999991 0.000201 0.004436 0.999990 
0.000089 0.003887 0.999992 0.003541 -0.000097 0.999994 0.003565 -0.000076 0.999994 0.000180 0.003962 0.999992 
0.000159 0.007037 0.999975 0.007876 -0.000213 0.999969 0.007920 -0.000166 0.999969 0.000324 0.007206 0.999974 
0.000145 0.006400 0.999980 0.007140 -0.000193 0.999974 0.007180 -0.000150 0.999974 0.000295 0.006553 0.999978 
0.000132 0.005847 0.999983 0.006490 -0.000176 0.999979 0.006527 -0.000137 0.999979 0.000269 0.005987 0.999982 
0.000122 0.005391 0.999985 0.006751 -0.000183 0.999977 0.006785 -0.000142 0.999977 0.000249 0.005536 0.999985 
0.000116 0.005107 0.999987 0.008857 -0.000240 0.999961 0.008889 -0.000186 0.999960 0.000238 0.005300 0.999986 
0.000114 0.005035 0.999987 0.012236 -0.000331 0.999925 0.012269 -0.000257 0.999925 0.000238 0.005303 0.999986 
0.000117 0.005146 0.999987 0.016338 -0.000443 0.999866 0.016372 -0.000343 0.999866 0.000248 0.005505 0.999985 
0.000131 0.005791 0.999983 0.020489 -0.000555 0.999790 0.020527 -0.000431 0.999789 0.000281 0.006243 0.999980 
0.000157 0.006978 0.999976 0.024401 -0.000658 0.999702 0.024448 -0.000510 0.999701 0.000336 0.007515 0.999972 
0.000187 0.008354 0.999965 0.028011 -0.000755 0.999607 0.028067 -0.000584 0.999606 0.000401 0.008970 0.999960 
0.000210 0.009375 0.999956 0.031346 -0.000848 0.999508 0.031408 -0.000658 0.999506 0.000450 0.010065 0.999949 
0.000227 0.010050 0.999949 0.034425 -0.000941 0.999407 0.034492 -0.000732 0.999405 0.000486 0.010808 0.999941 
0.000239 0.010384 0.999946 0.037267 -0.001033 0.999305 0.037336 -0.000806 0.999302 0.000507 0.011206 0.999937 
0.000243 0.010387 0.999946 0.039886 -0.001123 0.999204 0.039956 -0.000880 0.999201 0.000515 0.011266 0.999936 
0.000238 0.010070 0.999949 0.042289 -0.001203 0.999105 0.042357 -0.000945 0.999102 0.000506 0.011003 0.999939 
0.000225 0.009501 0.999955 0.044482 -0.001265 0.999009 0.044547 -0.000994 0.999007 0.000482 0.010484 0.999945 
0.000210 0.008901 0.999960 0.046488 -0.001321 0.998918 0.046550 -0.001038 0.998915 0.000456 0.009928 0.999951 
0.000197 0.008349 0.999965 0.048318 -0.001372 0.998831 0.048377 -0.001078 0.998829 0.000433 0.009418 0.999956 
0.000185 0.007829 0.999969 0.049983 -0.001419 0.998749 0.050039 -0.001114 0.998747 0.000410 0.008936 0.999960 
0.000173 0.007327 0.999973 0.051491 -0.001461 0.998672 0.051544 -0.001146 0.998670 0.000389 0.008468 0.999964 
0.000161 0.006831 0.999977 0.052846 -0.001498 0.998602 0.052896 -0.001175 0.998599 0.000367 0.008002 0.999968 
0.000149 0.006331 0.999980 0.054033 -0.001530 0.998538 0.054081 -0.001200 0.998536 0.000346 0.007529 0.999972 
0.000137 0.005821 0.999983 0.055055 -0.001558 0.998482 0.055099 -0.001221 0.998480 0.000323 0.007042 0.999975 
0.000125 0.005299 0.999986 0.055930 -0.001581 0.998433 0.055971 -0.001239 0.998432 0.000300 0.006541 0.999979 
0.000112 0.004764 0.999989 0.056679 -0.001601 0.998391 0.056718 -0.001254 0.998389 0.000276 0.006022 0.999982 
0.000083 0.003505 0.999994 0.057355 -0.001615 0.998353 0.057386 -0.001264 0.998351 0.000219 0.004780 0.999989 
0.000069 0.002915 0.999996 0.057963 -0.001636 0.998317 0.057990 -0.001281 0.998316 0.000193 0.004204 0.999991 
0.000065 0.002737 0.999996 0.058453 -0.001649 0.998289 0.058480 -0.001292 0.998288 0.000186 0.004038 0.999992 
0.000061 0.002559 0.999997 0.058806 -0.001659 0.998268 0.058832 -0.001299 0.998267 0.000178 0.003867 0.999993 
0.000056 0.002373 0.999997 0.059029 -0.001665 0.998255 0.059053 -0.001303 0.998254 0.000169 0.003686 0.999993 
0.000051 0.002169 0.999998 0.059244 -0.001670 0.998242 0.059267 -0.001307 0.998241 0.000160 0.003487 0.999994 
0.000046 0.001949 0.999998 0.059481 -0.001676 0.998228 0.059503 -0.001312 0.998227 0.000150 0.003273 0.999995 
0.000041 0.001715 0.999999 0.059675 -0.001681 0.998216 0.059695 -0.001315 0.998216 0.000140 0.003043 0.999995 
0.000035 0.001468 0.999999 0.059795 -0.001683 0.998209 0.059814 -0.001317 0.998209 0.000129 0.002800 0.999996 
0.000029 0.001237 0.999999 0.059813 -0.001683 0.998208 0.059831 -0.001316 0.998208 0.000118 0.002569 0.999997 
0.000024 0.000998 1.000000 0.059723 -0.001679 0.998214 0.059739 -0.001313 0.998213 0.000107 0.002328 0.999997 
0.000018 0.000754 1.000000 0.059521 -0.001672 0.998226 0.059535 -0.001308 0.998225 0.000096 0.002080 0.999998 
0.000012 0.000506 1.000000 0.059206 -0.001662 0.998244 0.059219 -0.001300 0.998244 0.000084 0.001824 0.999998 
-0.000002 -0.000105 1.000000 0.058750 -0.001643 0.998271 0.058759 -0.001283 0.998271 0.000055 0.001204 0.999999 
-0.000033 -0.001422 0.999999 0.058157 -0.001612 0.998306 0.058158 -0.001255 0.998307 -0.000006 -0.000124 1.000000 
-0.000075 -0.003240 0.999995 0.057495 -0.001574 0.998345 0.057484 -0.001221 0.998346 -0.000089 -0.001956 0.999998 
-0.000118 -0.005129 0.999987 0.056742 -0.001531 0.998388 0.056719 -0.001183 0.998389 -0.000174 -0.003859 0.999993 
-0.000124 -0.005444 0.999985 0.056013 -0.001502 0.998429 0.055989 -0.001158 0.998431 -0.000189 -0.004191 0.999991 
-0.000129 -0.005685 0.999984 0.055141 -0.001477 0.998477 0.055115 -0.001138 0.998479 -0.000200 -0.004451 0.999990 
-0.000136 -0.005975 0.999982 0.054083 -0.001447 0.998535 0.054055 -0.001115 0.998537 -0.000214 -0.004764 0.999989 
-0.000143 -0.006283 0.999980 0.052784 -0.001411 0.998605 0.052754 -0.001087 0.998607 -0.000230 -0.005101 0.999987 
-0.000146 -0.006437 0.999979 0.051338 -0.001371 0.998680 0.051307 -0.001056 0.998682 -0.000238 -0.005288 0.999986 
-0.000142 -0.006252 0.999980 0.049775 -0.001330 0.998760 0.049744 -0.001024 0.998761 -0.000231 -0.005137 0.999987 
-0.000137 -0.006052 0.999982 0.047970 -0.001282 0.998848 0.047940 -0.000987 0.998850 -0.000224 -0.004978 0.999988 
-0.000132 -0.005850 0.999983 0.045939 -0.001228 0.998943 0.045910 -0.000946 0.998945 -0.000217 -0.004821 0.999988 
-0.000127 -0.005638 0.999984 0.043675 -0.001167 0.999045 0.043647 -0.000899 0.999047 -0.000209 -0.004660 0.999989 
-0.000122 -0.005404 0.999985 0.041133 -0.001099 0.999153 0.041106 -0.000847 0.999154 -0.000201 -0.004482 0.999990 
-0.000116 -0.005136 0.999987 0.038288 -0.001024 0.999266 0.038262 -0.000789 0.999267 -0.000192 -0.004278 0.999991 
-0.000108 -0.004800 0.999988 0.035134 -0.000939 0.999382 0.035110 -0.000724 0.999383 -0.000180 -0.004013 0.999992 
-0.000096 -0.004283 0.999991 0.031545 -0.000844 0.999502 0.031523 -0.000650 0.999503 -0.000160 -0.003576 0.999994 
-0.000081 -0.003607 0.999993 0.027477 -0.000736 0.999622 0.027460 -0.000567 0.999623 -0.000134 -0.002991 0.999996 
-0.000064 -0.002861 0.999996 0.023031 -0.000617 0.999735 0.023017 -0.000476 0.999735 -0.000105 -0.002346 0.999997 
-0.000050 -0.002243 0.999997 0.018259 -0.000489 0.999833 0.018248 -0.000377 0.999833 -0.000082 -0.001834 0.999998 
-0.000033 -0.001482 0.999999 0.013162 -0.000353 0.999913 0.013155 -0.000272 0.999913 -0.000053 -0.001188 0.999999 
-0.000028 -0.001233 0.999999 0.007955 -0.000213 0.999968 0.007949 -0.000164 0.999968 -0.000047 -0.001055 0.999999 
-0.000021 -0.000941 1.000000 0.002670 -0.000072 0.999996 0.002665 -0.000055 0.999996 -0.000039 -0.000881 1.000000 
-0.000017 -0.000766 1.000000 0.000209 -0.000006 1.000000 0.000204 -0.000004 1.000000 -0.000034 -0.000760 1.000000 
-0.000016 -0.000700 1.000000 0.000199 -0.000005 1.000000 0.000195 -0.000004 1.000000 -0.000031 -0.000695 1.000000 
-0.000014 -0.000636 1.000000 0.000187 -0.000005 1.000000 0.000183 -0.000004 1.000000 -0.000028 -0.000631 1.000000 
-0.000013 -0.000571 1.000000 0.000171 -0.000005 1.000000 0.000168 -0.000003 1.000000 -0.000025 -0.000567 1.000000 
-0.000011 -0.000503 1.000000 0.000151 -0.000004 1.000000 0.000148 -0.000003 1.000000 -0.000022 -0.000500 1.000000 
-0.000100 -0.004321 0.999991 0.001115 -0.000031 0.999999 0.001089 -0.000023 0.999999 -0.000196 -0.004292 0.999991 
-0.000091 -0.003897 0.999992 0.001002 -0.000028 0.999999 0.000979 -0.000021 1.000000 -0.000176 -0.003872 0.999992 
-0.000082 -0.003523 0.999994 0.000903 -0.000025 1.000000 0.000881 -0.000019 1.000000 -0.000159 -0.003499 0.999994 
-0.000113 -0.004729 0.999989 0.004076 -0.000115 0.999992 0.004048 -0.000090 0.999992 -0.000214 -0.004634 0.999989 
-0.000152 -0.006353 0.999980 0.000278 -0.000008 1.000000 0.000239 -0.000005 1.000000 -0.000293 -0.006341 0.999980 
-0.000137 -0.005737 0.999984 0.000237 -0.000007 1.000000 0.000202 -0.000004 1.000000 -0.000265 -0.005727 0.999984 
-0.000124 -0.005178 0.999987 0.000199 -0.000006 1.000000 0.000167 -0.000004 1.000000 -0.000239 -0.005169 0.999987 
-0.000107 -0.004485 0.999990 -0.000282 0.000008 1.000000 -0.000310 0.000007 1.000000 -0.000208 -0.004487 0.999990 
-0.000075 -0.003127 0.999995 0.000062 -0.000002 1.000000 0.000043 -0.000001 1.000000 -0.000144 -0.003123 0.999995 
-0.000062 -0.002630 0.999997 -0.000280 0.000008 1.000000 -0.000296 0.000006 1.000000 -0.000121 -0.002634 0.999997 
-0.000056 -0.002365 0.999997 -0.000268 0.000008 1.000000 -0.000282 0.000006 1.000000 -0.000109 -0.002369 0.999997 
-0.000050 -0.002125 0.999998 -0.000258 0.000007 1.000000 -0.000271 0.000006 1.000000 -0.000098 -0.002129 0.999998 
-0.000103 -0.004332 0.999991 -0.001980 0.000055 0.999998 -0.002007 0.000044 0.999998 -0.000201 -0.004372 0.999990 
-0.000093 -0.003929 0.999992 -0.001799 0.000050 0.999998 -0.001823 0.000040 0.999998 -0.000182 -0.003966 0.999992 
-0.000084 -0.003557 0.999994 -0.001634 0.000046 0.999999 -0.001656 0.000036 0.999999 -0.000165 -0.003590 0.999994 
-0.000076 -0.003215 0.999995 -0.001484 0.000042 0.999999 -0.001504 0.000033 0.999999 -0.000149 -0.003245 0.999995 
-0.000102 -0.004259 0.999991 -0.003105 0.000088 0.999995 -0.003131 0.000069 0.999995 -0.000200 -0.004324 0.999991 
-0.000125 -0.005212 0.999986 -0.001002 0.000028 0.999999 -0.001034 0.000023 0.999999 -0.000242 -0.005229 0.999986 
-0.000114 -0.004775 0.999989 -0.001514 0.000043 0.999999 -0.001543 0.000034 0.999999 -0.000222 -0.004804 0.999988 
-0.000088 -0.003672 0.999993 -0.003022 0.000086 0.999995 -0.003045 0.000068 0.999995 -0.000173 -0.003736 0.999993 
-0.000081 -0.003402 0.999994 -0.003569 0.000101 0.999994 -0.003590 0.000079 0.999994 -0.000161 -0.003478 0.999994 
-0.000045 -0.001906 0.999998 -0.001843 0.000052 0.999998 -0.001855 0.000041 0.999998 -0.000089 -0.001946 0.999998 
-0.000039 -0.001664 0.999999 -0.002195 0.000061 0.999998 -0.002206 0.000048 0.999998 -0.000079 -0.001712 0.999999 
-0.000010 -0.000437 1.000000 -0.002043 0.000057 0.999998 -0.002046 0.000045 0.999998 -0.000022 -0.000482 1.000000 
-0.000009 -0.000376 1.000000 -0.001856 0.000052 0.999998 -0.001859 0.000041 0.999998 -0.000019 -0.000417 1.000000 
-0.000010 -0.000410 1.000000 -0.003195 0.000090 0.999995 -0.003198 0.000070 0.999995 -0.000022 -0.000481 1.000000 
0.000014 0.000589 1.000000 -0.003727 0.000105 0.999993 -0.003724 0.000082 0.999993 0.000023 0.000505 1.000000 
0.000013 0.000542 1.000000 -0.003384 0.000095 0.999994 -0.003382 0.000074 0.999994 0.000021 0.000466 1.000000 
-0.000047 -0.002001 0.999998 -0.004152 0.000116 0.999991 -0.004165 0.000091 0.999991 -0.000096 -0.002092 0.999998 
-0.000043 -0.001811 0.999998 -0.003767 0.000105 0.999993 -0.003779 0.000082 0.999993 -0.000087 -0.001893 0.999998 
-0.000027 -0.001137 0.999999 -0.003401 0.000095 0.999994 -0.003409 0.000074 0.999994 -0.000056 -0.001211 0.999999 
-0.000024 -0.001017 0.999999 -0.003089 0.000086 0.999995 -0.003095 0.000067 0.999995 -0.000050 -0.001085 0.999999 
-0.000054 -0.002302 0.999997 -0.005081 0.000142 0.999987 -0.005095 0.000111 0.999987 -0.000111 -0.002413 0.999997 
-0.000072 -0.003062 0.999995 -0.004337 0.000121 0.999991 -0.004356 0.000095 0.999991 -0.000145 -0.003155 0.999995 
-0.000072 -0.003051 0.999995 -0.004361 0.000122 0.999990 -0.004381 0.000096 0.999990 -0.000145 -0.003146 0.999995 
-0.000065 -0.002752 0.999996 -0.003945 0.000110 0.999992 -0.003962 0.000087 0.999992 -0.000130 -0.002838 0.999996 
-0.000059 -0.002483 0.999997 -0.003578 0.000100 0.999994 -0.003594 0.000079 0.999994 -0.000118 -0.002560 0.999997 
-0.000053 -0.002238 0.999997 -0.003505 0.000098 0.999994 -0.003519 0.000077 0.999994 -0.000106 -0.002314 0.999997 
-0.000048 -0.002021 0.999998 -0.004674 0.000131 0.999989 -0.004687 0.000103 0.999989 -0.000098 -0.002124 0.999998 
-0.000043 -0.001828 0.999998 -0.007173 0.000201 0.999974 -0.007186 0.000157 0.999974 -0.000091 -0.001986 0.999998 
-0.000039 -0.001634 0.999999 -0.011201 0.000314 0.999937 -0.011213 0.000245 0.999937 -0.000087 -0.001882 0.999998 
-0.000034 -0.001443 0.999999 -0.017037 0.000477 0.999855 -0.017048 0.000373 0.999855 -0.000084 -0.001821 0.999998 
-0.000030 -0.001249 0.999999 -0.025050 0.000702 0.999686 -0.025062 0.000549 0.999686 -0.000083 -0.001806 0.999998 
-0.000025 -0.001054 0.999999 -0.035664 0.001000 0.999363 -0.035676 0.000782 0.999363 -0.000085 -0.001848 0.999998 
-0.000023 -0.000975 1.000000 -0.030854 0.000870 0.999524 -0.030864 0.000682 0.999523 -0.000077 -0.001661 0.999999 
-0.000032 -0.001136 0.999999 -0.039609 0.001290 0.999214 -0.039623 0.001048 0.999214 -0.000102 -0.002017 0.999998 
-0.000040 -0.001017 0.999999 -0.061711 0.002673 0.998090 -0.061733 0.002295 0.998090 -0.000146 -0.002390 0.999997 
0.000037 0.000840 1.000000 -0.090629 0.004371 0.995875 -0.090650 0.003814 0.995876 -0.000078 -0.001180 0.999999 
0.000138 0.003126 0.999995 -0.124698 0.005994 0.992177 -0.124714 0.005224 0.992179 0.000023 0.000344 1.000000 
0.000290 0.006796 0.999977 -0.163373 0.007507 0.986536 -0.163376 0.006492 0.986542 0.000204 0.003148 0.999995 
0.000423 0.010610 0.999944 -0.209502 0.008811 0.977768 -0.209490 0.007498 0.977782 0.000366 0.005930 0.999982 
0.000308 0.007488 0.999972 -0.266300 0.011593 0.963820 -0.266325 0.009902 0.963832 0.000097 0.001546 0.999999 
0.000023 0.000752 1.000000 -0.333485 0.011629 0.942684 -0.333552 0.009465 0.942684 -0.000345 -0.006680 0.999978 
0.000068 0.005454 0.999985 -0.407905 0.006055 0.913004 -0.407907 0.003322 0.913018 -0.000120 -0.003641 0.999993 
-0.000147 0.027876 0.999611 -0.483361 -0.007590 0.875388 -0.483130 -0.010961 0.875480 0.000243 0.017091 0.999854 
-0.001765 0.066821 0.997763 -0.556875 -0.036931 0.829775 -0.556186 -0.040991 0.830047 -0.000429 0.054387 0.998520 
-0.005331 0.118430 0.992948 -0.625533 -0.086028 0.775440 -0.624131 -0.090797 0.776026 -0.002889 0.104412 0.994530 
-0.010557 0.176812 0.984188 -0.680654 -0.159544 0.715022 -0.678262 -0.164922 0.716074 -0.007058 0.161357 0.986871 
-0.720730 -0.224285 0.655931 -0.010990 0.216114 0.976306 -0.007251 0.199397 0.979892 -0.717474 -0.230215 0.657444 
-0.005286 0.266487 0.963824 -0.137754 0.078790 0.987328 0.037441 0.063689 0.997267 -0.714337 -0.315316 0.624739 -0.012313 -0.004781 0.999913 -0.718655 -0.309747 0.622569 0.023106 0.011381 0.999668 
-0.007265 0.326155 0.945288 -0.681106 -0.393712 0.617321 0.015920 0.031965 0.999362 -0.160975 -0.085592 0.983240 -0.299152 0.144321 0.943228 -0.010232 -0.004222 0.999939 
-0.013888 0.391240 0.920184 -0.624872 -0.455180 0.634307 0.029148 0.067123 0.997319 -0.172919 -0.097276 0.980121 -0.321650 0.129425 0.937971 -0.046391 -0.019578 0.998731 
-0.021906 0.458097 0.888632 -0.562463 -0.493328 0.663523 0.033593 0.090356 0.995343 -0.170915 -0.101209 0.980074 -0.338906 0.111909 0.934141 -0.066536 -0.028738 0.997370 
-0.028580 0.520314 0.853497 -0.504402 -0.513844 0.693932 0.033680 0.101394 0.994276 -0.159134 -0.099330 0.982247 -0.370719 0.104929 0.922799 -0.069471 -0.031045 0.997101 
-0.044315 0.581142 0.812595 -0.445116 -0.511940 0.734703 0.036171 0.118998 0.992235 -0.140547 -0.092290 0.985763 -0.397000 0.096709 0.912709 -0.066741 -0.030922 0.997291 
-0.064734 0.634229 0.770431 -0.394789 -0.491161 0.776468 0.037530 0.132200 0.990512 -0.118541 -0.080936 0.989645 -0.421350 0.089950 0.902426 -0.058736 -0.028007 0.997881 
-0.086385 0.676170 0.731663 -0.356686 -0.458216 0.814133 0.039346 0.147920 0.988216 -0.093771 -0.065923 0.993409 -0.444989 0.081582 0.891812 -0.043954 -0.021507 0.998802 
-0.103267 0.708352 0.698265 -0.323420 -0.443655 0.835805 0.023381 0.104366 0.994264 -0.073019 -0.052286 0.995959 -0.503358 0.079497 0.860413 -0.023819 -0.011596 0.999649 
-0.122490 0.718490 0.684667 -0.297840 -0.456210 0.838549 0.002574 0.016926 0.999853 -0.056858 -0.042330 0.997485 -0.582558 0.081197 0.808723 0.004421 0.002172 0.999988 
-0.141525 0.724442 0.674652 -0.279537 -0.457896 0.843914 -0.003051 -0.040634 0.999169 -0.033646 -0.026386 0.999085 -0.658959 0.073501 0.748579 0.044291 0.022622 0.998763 
-0.156971 0.736269 0.658231 -0.264831 -0.443670 0.856167 0.004773 -0.096653 0.995307 -0.001070 -0.000856 0.999999 -0.746439 0.045132 0.663922 0.099710 0.049952 0.993762 
-0.163472 0.745542 0.646099 -0.257216 -0.431485 0.864674 0.022245 -0.118199 0.992741 0.032952 0.026123 0.999115 -0.817480 -0.010757 0.575857 0.161856 0.075632 0.983912 
-0.169365 0.752106 0.636908 -0.251071 -0.422472 0.870908 0.036712 -0.096925 0.994614 0.070348 0.054055 0.996057 -0.874087 -0.142817 0.464300 0.231828 0.095159 0.968091 
0.160666 0.057252 0.985347 -0.174288 0.756965 0.629784 -0.246109 -0.415820 0.875513 0.020333 -0.035107 0.999177 0.103031 0.076062 0.991766 
-0.177307 0.760108 0.625138 -0.242975 -0.411536 0.878408 -0.570143 -0.763470 0.303399 0.212370 0.144671 0.966421 -0.044851 0.052036 0.997638 0.202996 0.063046 0.977148 
-0.178712 0.761299 0.623286 -0.241684 -0.409751 0.879598 -0.187574 -0.926411 0.326463 0.224075 0.139797 0.964493 -0.124888 0.104995 0.986600 0.218765 0.059772 0.973945 
-0.178359 0.761053 0.623688 -0.241940 -0.410250 0.879295 0.124703 -0.905174 0.406337 0.218821 0.124488 0.967791 -0.225933 0.126349 0.965914 0.213314 0.051195 0.975641 
-0.176046 0.759076 0.626747 -0.244022 -0.413331 0.877275 0.247189 -0.840316 0.482459 0.200965 0.108143 0.973611 -0.291785 0.106056 0.950586 0.192981 0.043599 0.980233 
0.170109 0.087705 0.981515 -0.171914 0.755643 0.632020 -0.247713 -0.418625 0.873723 0.158363 0.035285 0.986750 0.313517 -0.757637 0.572445 -0.338724 0.053983 0.939336 
0.148434 0.077465 0.985884 0.139983 0.033418 0.989590 -0.165544 0.749757 0.640671 -0.253527 -0.427703 0.867637 0.330830 -0.702341 0.630292 -0.382650 0.037831 0.923119 
0.138487 0.072695 0.987693 0.144225 0.034969 0.988927 -0.156784 0.740793 0.653180 -0.262314 -0.439956 0.858854 0.376282 -0.617186 0.691009 -0.493057 0.045070 0.868829 
0.138156 0.071664 0.987814 0.163900 0.037848 0.985751 -0.146874 0.729671 0.667839 -0.272919 -0.454018 0.848164 0.418141 -0.529614 0.738016 -0.605124 0.066396 0.793358 
0.150148 0.076567 0.985694 0.208215 0.044569 0.977067 -0.135946 0.715923 0.684816 -0.285568 -0.469992 0.835199 0.436381 -0.419012 0.796241 -0.727853 0.139040 0.671490 
0.167002 0.083593 0.982407 -0.125017 0.699742 0.703372 -0.299849 -0.486783 0.820447 0.257348 0.051138 0.964965 0.434294 -0.332298 0.837238 -0.773909 0.288017 0.564014 
0.193425 0.096115 0.976396 -0.117339 0.683104 0.720833 -0.312688 -0.502422 0.806101 0.317761 0.061047 0.946204 -0.671761 0.561274 0.483434 0.410012 -0.247910 0.877742 
0.214686 0.106873 0.970818 -0.110455 0.665258 0.738398 -0.326731 -0.516260 0.791658 0.363188 0.070831 0.929020 -0.423558 0.754367 0.501526 0.386686 -0.187730 0.902901 
-0.101046 0.645168 0.757329 -0.344537 -0.529516 0.775182 -0.177892 0.785777 0.592375 0.231811 0.116080 0.965810 0.353185 -0.135699 0.925660 0.399431 0.081945 0.913093 
-0.094522 0.626595 0.773592 -0.361039 -0.538353 0.761464 -0.071744 0.715341 0.695083 0.240764 0.121647 0.962930 0.335179 -0.102815 0.936527 0.418082 0.090896 0.903850 
-0.090373 0.610451 0.786881 -0.374777 -0.544733 0.750205 -0.001745 0.660699 0.750649 0.247752 0.126468 0.960534 0.286150 -0.080738 0.954777 0.436399 0.099841 0.894197 
-0.087228 0.598700 0.796209 -0.385303 -0.548255 0.742265 0.089557 0.657421 0.748183 0.247421 0.133721 0.959636 0.225758 -0.084309 0.970528 0.449677 0.120433 0.885035 
-0.084896 0.591312 0.801962 -0.390981 -0.552746 0.735939 0.230261 0.677710 0.698347 0.237978 0.145612 0.960294 0.163524 -0.094982 0.981956 0.457767 0.158673 0.874798 
0.114156 -0.096885 0.988727 0.447085 0.209340 0.869651 0.383109 0.674872 0.630694 0.219177 0.158662 0.962698 -0.084086 0.592562 0.801124 -0.390024 -0.553686 0.735740 
0.406539 0.270019 0.872820 0.061779 -0.077254 0.995096 -0.083992 0.600408 0.795271 -0.384502 -0.551468 0.740298 0.187433 0.169017 0.967627 0.568278 0.622474 0.538133 
0.165672 0.185844 0.968512 0.022904 -0.041660 0.998869 -0.085709 0.611875 0.786297 -0.374773 -0.548626 0.747365 0.738655 0.502610 0.449190 0.325122 0.300193 0.896761 
0.129763 0.183653 0.974389 -0.003929 0.011445 0.999927 -0.089728 0.627524 0.773410 -0.361101 -0.542886 0.758209 0.891409 0.275096 0.360155 0.244570 0.313492 0.917555 
-0.096342 0.644514 0.758499 -0.008317 0.037842 0.999249 0.959955 0.074661 0.270022 0.028174 0.044269 0.998622 -0.349931 -0.536662 0.767816 0.247953 0.426843 0.869669 
-0.102288 0.658758 0.745369 -0.010663 0.052072 0.998586 0.008582 0.014109 0.999864 -0.336466 -0.529760 0.778553 0.220755 0.402720 0.888304 
-0.104617 0.665047 0.739438 0.133490 0.210173 0.968508 -0.326446 -0.524390 0.786415 -0.330657 -0.526708 0.783099 0.214541 0.369762 0.904018 -0.015606 0.059225 0.998123 
0.040983 0.058432 0.997450 -0.017595 0.042802 0.998929 -0.104850 0.666286 0.738288 -0.325640 -0.523439 0.787382 0.156655 0.197567 0.967691 
0.038648 0.042650 0.998342 -0.004299 0.006809 0.999968 -0.104126 0.665577 0.739030 -0.326544 -0.523893 0.786705 0.185626 0.159709 0.969554 
0.055807 0.043463 0.997495 0.039979 -0.040650 0.998373 -0.102929 0.663455 0.741102 -0.328690 -0.525093 0.785010 0.232911 0.107870 0.966497 
0.079003 0.045448 0.995838 -0.100763 0.660466 0.744064 -0.332596 -0.525749 0.782923 0.253197 0.059428 0.965588 0.094063 -0.065194 0.993429 
0.096271 0.045318 0.994323 -0.099349 0.657845 0.746572 -0.335439 -0.526779 0.781015 0.258229 0.032898 0.965523 0.129752 -0.065645 0.989371 
0.105178 0.046089 0.993385 -0.098324 0.655529 0.748742 -0.337251 -0.528689 0.778942 0.263711 0.025571 0.964263 0.139021 -0.061324 0.988389 
0.110009 0.047983 0.992772 -0.097152 0.652879 0.751206 -0.339208 -0.531068 0.776470 0.271757 0.026243 0.962008 0.137436 -0.060450 0.988664 
0.112152 0.049331 0.992466 -0.095904 0.649720 0.754100 -0.341723 -0.533376 0.773780 0.277908 0.028232 0.960193 0.134517 -0.060729 0.989049 
0.112243 0.049674 0.992438 -0.094808 0.646816 0.756731 -0.344183 -0.535158 0.771456 0.280516 0.029566 0.959394 0.133731 -0.061566 0.989103 
0.111712 0.049566 0.992504 -0.094131 0.644948 0.758407 -0.345882 -0.536051 0.770075 0.281064 0.030131 0.959216 0.134450 -0.062439 0.988951 
0.111355 0.049446 0.992550 -0.093873 0.644302 0.758988 -0.346568 -0.536210 0.769655 0.280888 0.030252 0.959264 0.135809 -0.063210 0.988717 
0.111307 0.049464 0.992554 -0.093810 0.644171 0.759107 -0.346732 -0.536210 0.769581 0.280867 0.030359 0.959266 0.136761 -0.063758 0.988550 
0.111501 0.049571 0.992527 -0.093812 0.644183 0.759096 -0.346722 -0.536205 0.769590 0.281055 0.030438 0.959209 0.137554 -0.064178 0.988413 
0.111683 0.049662 0.992502 -0.093813 0.644195 0.759086 -0.346712 -0.536201 0.769597 0.281211 0.030486 0.959162 0.138286 -0.064543 0.988287 
0.111832 0.049742 0.992481 -0.093809 0.644192 0.759089 -0.346646 -0.536331 0.769536 0.281337 0.030535 0.959123 0.139095 -0.064944 0.988147 
0.111976 0.049820 0.992461 -0.093805 0.644188 0.759094 -0.346581 -0.536461 0.769475 0.281468 0.030583 0.959083 0.139830 -0.065310 0.988019 
0.112143 0.049904 0.992438 -0.093806 0.644196 0.759086 -0.346574 -0.536458 0.769480 0.281598 0.030628 0.959044 0.140615 -0.065701 0.987882 
0.112307 0.049986 0.992415 -0.093808 0.644204 0.759079 -0.346567 -0.536455 0.769485 0.281734 0.030673 0.959002 0.141326 -0.066055 0.987757 
0.112471 0.050069 0.992393 -0.093809 0.644210 0.759074 -0.346562 -0.536452 0.769489 0.281864 0.030718 0.958962 0.142086 -0.066434 0.987623 
0.112597 0.050138 0.992375 -0.093803 0.644202 0.759081 -0.346496 -0.536591 0.769422 0.281978 0.030763 0.958927 0.142785 -0.066783 0.987498 
0.112756 0.050218 0.992353 -0.093803 0.644207 0.759077 -0.346491 -0.536590 0.769425 0.282104 0.030807 0.958889 0.143521 -0.067150 0.987367 
0.112908 0.050295 0.992332 -0.093804 0.644212 0.759073 -0.346488 -0.536589 0.769428 0.282232 0.030849 0.958850 0.144190 -0.067485 0.987246 
0.113061 0.050373 0.992310 -0.093805 0.644216 0.759069 -0.346484 -0.536588 0.769430 0.282354 0.030892 0.958813 0.144906 -0.067843 0.987117 
0.113209 0.050447 0.992290 -0.093806 0.644220 0.759066 -0.346481 -0.536587 0.769432 0.282478 0.030934 0.958775 0.145555 -0.068168 0.986999 
0.113355 0.050522 0.992269 -0.093805 0.644222 0.759064 -0.346472 -0.536599 0.769428 0.282596 0.030975 0.958739 0.146250 -0.068515 0.986872 
0.113489 0.050592 0.992250 -0.093802 0.644220 0.759066 -0.346448 -0.536649 0.769403 0.282717 0.031016 0.958702 0.146880 -0.068832 0.986757 
0.113621 0.050662 0.992232 -0.093799 0.644216 0.759070 -0.346416 -0.536718 0.769370 0.282833 0.031056 0.958666 0.147554 -0.069169 0.986632 
