0.110604 0.310971 0.004813 0.233266 0.250607 0.004548 0.133860 0.057445 0.003787 0.011431 0.121124 0.004065 
0.110604 0.310974 0.004828 0.233266 0.250609 0.004588 0.133860 0.057447 0.003900 0.011431 0.121126 0.004152 
0.110604 0.310976 0.004840 0.233265 0.250611 0.004622 0.133860 0.057448 0.004000 0.011431 0.121128 0.004229 
0.110603 0.310977 0.004851 0.233265 0.250612 0.004655 0.133859 0.057450 0.004092 0.011430 0.121129 0.004297 
0.110505 0.311064 0.005102 0.233164 0.250695 0.004608 0.133749 0.057538 0.003763 0.011323 0.121223 0.004273 
0.110507 0.311047 0.005035 0.233175 0.250697 0.004697 0.133791 0.057524 0.003784 0.011355 0.121190 0.004138 
0.110511 0.311038 0.005023 0.233177 0.250683 0.004727 0.133786 0.057514 0.003745 0.011352 0.121184 0.004058 
0.110532 0.310939 0.004706 0.233192 0.250569 0.004551 0.133779 0.057410 0.004022 0.011352 0.121094 0.004186 
0.110533 0.310928 0.004740 0.233190 0.250553 0.004591 0.133769 0.057398 0.004102 0.011345 0.121087 0.004260 
0.110525 0.311035 0.005008 0.233174 0.250645 0.004749 0.133729 0.057504 0.003725 0.011313 0.121209 0.004000 
0.110562 0.311095 0.005192 0.233206 0.250693 0.004925 0.133740 0.057564 0.003577 0.011331 0.121282 0.003866 
0.110657 0.311090 0.005285 0.233276 0.250639 0.005043 0.133733 0.057550 0.003709 0.011350 0.121317 0.003971 
0.110827 0.311170 0.005174 0.233447 0.250722 0.005195 0.133912 0.057631 0.003545 0.011527 0.121395 0.003548 
0.110828 0.311170 0.005298 0.233448 0.250721 0.005318 0.133912 0.057631 0.003679 0.011527 0.121395 0.003682 
0.110820 0.311158 0.005891 0.233441 0.250710 0.005916 0.133908 0.057623 0.003804 0.011523 0.121386 0.003810 
0.110794 0.311135 0.006864 0.233418 0.250694 0.006886 0.133902 0.057610 0.003915 0.011512 0.121366 0.003935 
0.110366 0.310992 0.007531 0.233085 0.250742 0.007552 0.133874 0.057510 0.004051 0.011385 0.121075 0.004080 
0.110380 0.311021 0.006675 0.233099 0.250773 0.006685 0.133883 0.057528 0.004136 0.011394 0.121092 0.004162 
0.110395 0.311053 0.005607 0.233114 0.250805 0.005603 0.133895 0.057551 0.004209 0.011405 0.121114 0.004233 
0.110403 0.311069 0.004995 0.233122 0.250822 0.004983 0.133902 0.057564 0.004276 0.011412 0.121127 0.004299 
0.110474 0.311046 0.004865 0.233201 0.250814 0.005049 0.134007 0.057543 0.004351 0.011509 0.121090 0.004175 
0.109206 0.311002 0.008042 0.232232 0.251385 0.008180 0.134021 0.057647 0.004423 0.011207 0.120581 0.004337 
0.108251 0.311000 0.009384 0.231511 0.251865 0.009511 0.134072 0.057767 0.004483 0.011012 0.120219 0.004426 
0.108270 0.311015 0.009044 0.231527 0.251875 0.009147 0.134076 0.057773 0.004523 0.011018 0.120230 0.004485 
0.108287 0.311022 0.008890 0.231541 0.251876 0.008970 0.134078 0.057775 0.004560 0.011023 0.120238 0.004542 
0.108322 0.311084 0.007078 0.231576 0.251938 0.007117 0.134097 0.057812 0.004581 0.011042 0.120275 0.004578 
0.106729 0.310769 0.011700 0.230335 0.252362 0.011588 0.134057 0.057746 0.004611 0.010630 0.119470 0.004823 
0.105386 0.310581 0.014422 0.229238 0.252698 0.014249 0.133821 0.057769 0.004648 0.010133 0.118969 0.004959 
0.106032 0.310514 0.014916 0.229694 0.252227 0.014772 0.133652 0.057629 0.004727 0.010164 0.119231 0.005014 
0.106908 0.310627 0.012981 0.230365 0.251905 0.012858 0.133605 0.057572 0.004752 0.010336 0.119610 0.004991 
0.107021 0.310858 0.007708 0.230477 0.252134 0.007522 0.133659 0.057680 0.004757 0.010392 0.119722 0.004984 
0.106002 0.310726 0.011919 0.229688 0.252490 0.011788 0.133678 0.057741 0.004826 0.010166 0.119294 0.005056 
0.105930 0.310530 0.015372 0.229616 0.252295 0.015107 0.133651 0.057670 0.004826 0.010138 0.119221 0.005240 
0.104144 0.310259 0.016469 0.228235 0.252889 0.016156 0.133647 0.057649 0.004833 0.009708 0.118335 0.005309 
0.102904 0.310250 0.016526 0.227290 0.253524 0.016214 0.133717 0.057798 0.004854 0.009464 0.117841 0.005329 
0.102616 0.310477 0.013037 0.227090 0.253945 0.012799 0.133770 0.057929 0.004857 0.009425 0.117780 0.005209 
0.100154 0.310437 0.013261 0.225182 0.255140 0.012950 0.133805 0.058218 0.004851 0.008873 0.116835 0.005279 
0.100158 0.310403 0.013908 0.225185 0.255106 0.013447 0.133805 0.058206 0.004854 0.008874 0.116823 0.005442 
0.099760 0.310275 0.015401 0.224872 0.255170 0.014822 0.133806 0.058189 0.004857 0.008785 0.116613 0.005584 
0.098984 0.310188 0.016507 0.224265 0.255469 0.015940 0.133826 0.058259 0.004867 0.008625 0.116296 0.005596 
0.098486 0.310172 0.016792 0.223878 0.255707 0.016290 0.133849 0.058328 0.004877 0.008531 0.116111 0.005546 
0.095329 0.309867 0.016906 0.221404 0.257001 0.016430 0.133896 0.058500 0.004884 0.007853 0.114685 0.005528 
0.093997 0.309617 0.017532 0.220347 0.257413 0.017044 0.133892 0.058487 0.004884 0.007556 0.114010 0.005549 
0.093457 0.309521 0.017663 0.219918 0.257587 0.017178 0.133890 0.058484 0.004887 0.007436 0.113737 0.005551 
0.092632 0.309400 0.017485 0.219264 0.257885 0.016994 0.133893 0.058489 0.004885 0.007256 0.113323 0.005552 
0.092635 0.309421 0.017193 0.219269 0.257908 0.016693 0.133896 0.058495 0.004884 0.007258 0.113326 0.005555 
0.091198 0.309141 0.017741 0.218138 0.258400 0.016554 0.133920 0.058488 0.004883 0.006957 0.112548 0.006248 
0.088585 0.308629 0.018479 0.216049 0.259223 0.017088 0.133922 0.058474 0.004883 0.006401 0.111198 0.006460 
0.087666 0.308471 0.018326 0.215312 0.259539 0.016886 0.133925 0.058477 0.004883 0.006209 0.110727 0.006507 
0.087957 0.308552 0.017951 0.215544 0.259461 0.016691 0.133921 0.058484 0.004881 0.006268 0.110893 0.006321 
0.088576 0.308718 0.017194 0.216031 0.259277 0.016514 0.133903 0.058495 0.004880 0.006389 0.111255 0.005731 
0.089433 0.309049 0.012576 0.216725 0.259184 0.012170 0.133894 0.058485 0.004918 0.006556 0.111671 0.005430 0.037486 -0.069807 0.013370 0.098359 -0.192211 0.012079 -0.090767 -0.292139 0.023200 -0.154950 -0.169981 0.024663 
0.088903 0.309107 0.010302 0.216379 0.259712 0.010166 0.134283 0.058647 0.004973 0.006749 0.111364 0.005184 0.032428 -0.069282 0.004995 0.094586 -0.191045 0.004965 -0.093787 -0.292992 0.004921 -0.159257 -0.171511 0.004950 
0.086213 0.308496 0.012697 0.214205 0.260457 0.012323 0.134256 0.058597 0.004969 0.006170 0.109956 0.005451 0.032403 -0.069282 0.004996 0.094584 -0.191033 0.004971 -0.093769 -0.293017 0.004929 -0.159262 -0.171548 0.004953 
0.084875 0.308270 0.011552 0.213126 0.260925 0.011167 0.134261 0.058599 0.004965 0.005899 0.109264 0.005441 0.032084 -0.069402 0.004634 0.095093 -0.190726 0.004905 -0.092561 -0.293990 0.005244 -0.158880 -0.172970 0.004975 
0.083814 0.308147 0.009355 0.212269 0.261359 0.009139 0.134277 0.058644 0.004961 0.005696 0.108752 0.005239 0.032120 -0.069456 0.004635 0.095997 -0.190325 0.005038 -0.090912 -0.294929 0.005909 -0.158096 -0.174387 0.005515 
0.083147 0.308158 0.006743 0.211735 0.261739 0.006606 0.134319 0.058767 0.004947 0.005594 0.108506 0.005109 0.032135 -0.069433 0.004667 0.096556 -0.190011 0.005449 -0.089876 -0.295447 0.007396 -0.157604 -0.175212 0.006634 
0.082733 0.308152 0.004999 0.211403 0.261958 0.004977 0.134341 0.058844 0.004962 0.005529 0.108359 0.004984 0.031864 -0.069927 0.004786 0.096842 -0.190200 0.006220 -0.089094 -0.296467 0.009820 -0.157376 -0.176551 0.008425 
0.082688 0.308238 0.005108 0.211358 0.262046 0.004951 0.134299 0.058932 0.004703 0.005487 0.108444 0.004864 0.028613 -0.075844 0.006041 0.093862 -0.195947 0.008828 -0.091794 -0.302503 0.016275 -0.160346 -0.182764 0.013567 
0.082240 0.308386 0.005291 0.210947 0.262300 0.004521 0.134053 0.059124 0.004162 0.005202 0.108529 0.004944 0.023238 -0.085288 0.008284 0.088369 -0.205400 0.012837 -0.097309 -0.311491 0.024933 -0.165742 -0.191735 0.020510 
0.082200 0.308411 0.005283 0.210929 0.262388 0.004605 0.134133 0.059174 0.004080 0.005258 0.108518 0.004772 0.017733 -0.094129 0.011102 0.082688 -0.214267 0.017239 -0.103030 -0.319705 0.033652 -0.171285 -0.199914 0.027692 
0.081941 0.308308 0.005031 0.210652 0.262240 0.004042 0.133788 0.059051 0.004174 0.004932 0.108439 0.005170 0.013927 -0.100727 0.013960 0.078499 -0.220994 0.021460 -0.107448 -0.325457 0.041185 -0.175319 -0.205523 0.033895 
0.081927 0.308347 0.005118 0.210641 0.262285 0.004174 0.133784 0.059094 0.004112 0.004926 0.108476 0.005066 0.011944 -0.104965 0.016691 0.076160 -0.225348 0.025303 -0.110017 -0.328939 0.047317 -0.177533 -0.208875 0.038938 
0.081924 0.308349 0.005105 0.210638 0.262286 0.004246 0.133782 0.059095 0.004193 0.004923 0.108478 0.005061 0.010671 -0.108142 0.019375 0.074556 -0.228627 0.028965 -0.111835 -0.331400 0.052920 -0.179020 -0.211221 0.043582 
0.081922 0.308350 0.005094 0.210636 0.262287 0.004309 0.133780 0.059096 0.004266 0.004920 0.108479 0.005059 0.009891 -0.110994 0.022040 0.073418 -0.231588 0.032589 -0.113216 -0.333498 0.058276 -0.180042 -0.213196 0.047993 
0.081920 0.308351 0.005087 0.210634 0.262288 0.004365 0.133778 0.059097 0.004332 0.004918 0.108480 0.005061 0.009080 -0.113629 0.024645 0.072271 -0.234318 0.036087 -0.114579 -0.335394 0.063445 -0.181070 -0.214984 0.052284 
0.081852 0.308385 0.005067 0.210551 0.262282 0.004118 0.133632 0.059114 0.004295 0.004789 0.108538 0.005250 0.008011 -0.115834 0.027002 0.070925 -0.236593 0.039209 -0.116079 -0.336921 0.068217 -0.182292 -0.216430 0.056308 
0.081871 0.308366 0.005010 0.210568 0.262257 0.004140 0.133639 0.059093 0.004376 0.004798 0.108522 0.005252 0.006779 -0.117478 0.029132 0.069505 -0.238272 0.041943 -0.117570 -0.338009 0.072488 -0.183594 -0.217474 0.059991 
0.081858 0.308368 0.004981 0.210551 0.262247 0.004098 0.133606 0.059090 0.004434 0.004769 0.108530 0.005321 0.005398 -0.119053 0.031088 0.068024 -0.239846 0.044395 -0.119038 -0.339127 0.076471 -0.184960 -0.218587 0.063495 
0.081856 0.308368 0.005003 0.210550 0.262247 0.004173 0.133604 0.059090 0.004486 0.004767 0.108531 0.005320 0.004005 -0.120496 0.032830 0.066583 -0.241269 0.046533 -0.120418 -0.340194 0.080031 -0.186291 -0.219669 0.066677 
0.081856 0.308368 0.005077 0.210550 0.262247 0.004240 0.133604 0.059090 0.004534 0.004767 0.108531 0.005374 0.002707 -0.122016 0.034342 0.065250 -0.242767 0.048392 -0.121683 -0.341376 0.083176 -0.187521 -0.220868 0.069490 
0.081860 0.308366 0.005247 0.210553 0.262246 0.004300 0.133607 0.059088 0.004578 0.004771 0.108529 0.005530 0.001538 -0.123720 0.035640 0.064050 -0.244450 0.050003 -0.122819 -0.342770 0.085934 -0.188625 -0.222279 0.071949 
0.081867 0.308364 0.005457 0.210558 0.262244 0.004354 0.133612 0.059086 0.004622 0.004777 0.108527 0.005731 0.000470 -0.125558 0.036681 0.062964 -0.246267 0.051305 -0.123838 -0.344340 0.088244 -0.189624 -0.223868 0.074009 
0.081874 0.308361 0.005682 0.210564 0.262242 0.004403 0.133618 0.059084 0.004663 0.004784 0.108524 0.005950 -0.000476 -0.127501 0.037434 0.062026 -0.248181 0.052255 -0.124693 -0.346080 0.090062 -0.190486 -0.225634 0.075640 
0.081881 0.308358 0.005904 0.210569 0.262239 0.004449 0.133624 0.059081 0.004694 0.004792 0.108521 0.006160 -0.001238 -0.129528 0.037937 0.061265 -0.250188 0.052912 -0.125388 -0.347936 0.091430 -0.191182 -0.227507 0.076863 
0.081889 0.308355 0.006129 0.210575 0.262237 0.004490 0.133630 0.059079 0.004721 0.004800 0.108517 0.006372 -0.001905 -0.131417 0.038227 0.060583 -0.252074 0.053292 -0.126027 -0.349678 0.092378 -0.191805 -0.229250 0.077729 
0.081897 0.308352 0.006349 0.210581 0.262234 0.004528 0.133636 0.059076 0.004745 0.004808 0.108514 0.006580 -0.002511 -0.133161 0.038286 0.059968 -0.253821 0.053366 -0.126599 -0.351325 0.092903 -0.192367 -0.230894 0.078244 
0.081905 0.308348 0.006569 0.210587 0.262232 0.004563 0.133642 0.059074 0.004766 0.004817 0.108511 0.006788 -0.003019 -0.134766 0.038110 0.059464 -0.255430 0.053137 -0.127057 -0.352889 0.093005 -0.192828 -0.232452 0.078405 
0.081914 0.308345 0.006790 0.210593 0.262229 0.004594 0.133648 0.059071 0.004784 0.004826 0.108507 0.006999 -0.003426 -0.136214 0.037715 0.059073 -0.256885 0.052616 -0.127397 -0.354353 0.092701 -0.193184 -0.233909 0.078231 
0.081923 0.308341 0.007016 0.210600 0.262226 0.004623 0.133655 0.059069 0.004801 0.004835 0.108503 0.007214 -0.003723 -0.137474 0.037113 0.058806 -0.258155 0.051814 -0.127610 -0.355684 0.092001 -0.193425 -0.235232 0.077735 
0.078679 0.306272 0.013248 0.207742 0.261245 0.010978 0.132466 0.057493 0.007473 0.003233 0.105838 0.009815 -0.004179 -0.141036 0.033234 0.058131 -0.261812 0.048083 -0.128461 -0.358953 0.088394 -0.194058 -0.238399 0.073979 
0.083103 0.306168 0.015548 0.209677 0.254579 0.012817 0.124011 0.055015 0.007405 -0.002562 0.109925 0.010239 -0.005662 -0.146295 0.023467 0.056628 -0.267047 0.038589 -0.129951 -0.364024 0.079348 -0.195528 -0.243491 0.064664 
0.090569 0.313612 0.023207 0.217161 0.262022 0.021544 0.131573 0.062735 0.009168 0.004980 0.117644 0.011022 -0.009770 -0.156298 0.008788 0.052399 -0.277005 0.024747 -0.134180 -0.373356 0.066965 -0.199635 -0.252860 0.051458 
0.100433 0.322320 0.034305 0.227054 0.270780 0.033555 0.141838 0.072074 0.012400 0.015211 0.126923 0.013457 -0.011463 -0.158947 0.004908 0.048780 -0.281023 0.017476 -0.140177 -0.376782 0.049146 -0.203722 -0.254896 0.036910 
0.102534 0.318298 0.036034 0.228825 0.265950 0.035671 0.142314 0.067545 0.017097 0.016038 0.123205 0.017727 -0.011582 -0.159097 0.004894 0.047326 -0.282029 0.015256 -0.143115 -0.376955 0.039729 -0.205333 -0.254192 0.029618 
0.097952 0.300220 0.013135 0.221182 0.241822 0.003448 0.125623 0.047156 0.016382 0.002565 0.108872 0.025979 -0.013997 -0.158542 0.005487 0.047460 -0.280269 0.015258 -0.140998 -0.379325 0.038692 -0.205761 -0.257838 0.029164 
0.098120 0.300473 0.013765 0.221221 0.241881 0.003619 0.125739 0.047468 0.020365 0.002810 0.109376 0.030372 -0.036497 -0.157707 0.014515 0.030391 -0.276822 0.019761 -0.152632 -0.384233 0.048797 -0.222801 -0.265504 0.043917 
0.086477 0.299075 0.009536 0.212639 0.246567 0.005561 0.125655 0.047518 0.008192 -0.000484 0.103349 0.012169 -0.064079 -0.169469 0.028440 0.004118 -0.287907 0.031812 -0.176038 -0.396435 0.072347 -0.247487 -0.278405 0.069525 
0.080373 0.296975 0.005394 0.207415 0.246478 0.004900 0.123562 0.046072 0.004842 -0.003509 0.099892 0.005342 -0.079450 -0.185423 0.035931 -0.010353 -0.303308 0.040268 -0.188368 -0.411819 0.089399 -0.260695 -0.294348 0.085726 
0.080369 0.296977 0.005294 0.207412 0.246480 0.004896 0.123559 0.046074 0.004862 -0.003513 0.099894 0.005265 -0.085067 -0.203129 0.043101 -0.016188 -0.320997 0.050355 -0.193838 -0.427421 0.105060 -0.265939 -0.309936 0.098521 
0.080372 0.296975 0.005369 0.207414 0.246479 0.004893 0.123562 0.046073 0.004871 -0.003510 0.099892 0.005352 -0.087693 -0.223123 0.051638 -0.018702 -0.340655 0.062421 -0.195772 -0.445065 0.122609 -0.267978 -0.327891 0.112586 
0.080399 0.296964 0.006078 0.207437 0.246470 0.004888 0.123587 0.046063 0.004880 -0.003482 0.099880 0.006081 -0.090650 -0.243865 0.062474 -0.021486 -0.360920 0.076763 -0.197733 -0.462982 0.143080 -0.270102 -0.346256 0.129605 
0.080441 0.296942 0.007068 0.207469 0.246457 0.004885 0.123625 0.046048 0.004887 -0.003433 0.099856 0.007091 -0.094879 -0.264326 0.075417 -0.025545 -0.380826 0.093031 -0.200725 -0.480084 0.166091 -0.273250 -0.363877 0.149355 
0.080417 0.296780 0.008007 0.207492 0.246460 0.004887 0.123897 0.045946 0.004892 -0.003211 0.099590 0.008041 -0.099679 -0.283391 0.089545 -0.030432 -0.399411 0.110379 -0.204654 -0.495149 0.190121 -0.277078 -0.379378 0.170230 
0.080469 0.296741 0.009010 0.207525 0.246446 0.004887 0.123955 0.045923 0.004900 -0.003135 0.099540 0.009063 -0.104934 -0.301157 0.104549 -0.035902 -0.416705 0.128494 -0.209159 -0.508428 0.214788 -0.281351 -0.393076 0.191851 
0.080515 0.296667 0.010018 0.207559 0.246433 0.004886 0.124065 0.045878 0.004921 -0.003014 0.099435 0.010101 -0.110614 -0.317685 0.120310 -0.041856 -0.432739 0.147228 -0.214059 -0.520085 0.239934 -0.285961 -0.405167 0.214086 
0.080743 0.296813 0.010419 0.207692 0.246373 0.004985 0.123858 0.045959 0.004882 -0.003119 0.099722 0.010370 -0.117280 -0.332090 0.136819 -0.048321 -0.446478 0.165970 -0.218697 -0.530032 0.265310 -0.290775 -0.415733 0.237303 
0.080920 0.296774 0.011955 0.207686 0.246081 0.004848 0.123416 0.045850 0.004947 -0.003370 0.099866 0.012121 -0.122331 -0.337338 0.150628 -0.053442 -0.451589 0.180477 -0.222043 -0.532039 0.285259 -0.294024 -0.417834 0.256625 
0.081279 0.297202 0.012485 0.207703 0.245735 0.004858 0.122193 0.046031 0.004959 -0.004230 0.100820 0.012657 -0.126397 -0.335062 0.158179 -0.056970 -0.449356 0.186581 -0.223177 -0.529442 0.295389 -0.295667 -0.415188 0.268274 
0.081341 0.297178 0.013184 0.207726 0.245725 0.004863 0.122214 0.046022 0.004955 -0.004171 0.100797 0.013355 -0.130248 -0.327314 0.163159 -0.060131 -0.441977 0.188177 -0.222972 -0.523020 0.301281 -0.296111 -0.408408 0.277645 
0.081542 0.297125 0.014906 0.207790 0.245651 0.004826 0.122173 0.045992 0.004952 -0.004072 0.100789 0.015127 -0.129318 -0.321456 0.168271 -0.058650 -0.436347 0.190541 -0.218552 -0.518223 0.307183 -0.292205 -0.403391 0.286372 
0.081802 0.297044 0.017200 0.207866 0.245618 0.004830 0.122210 0.045977 0.004955 -0.003849 0.100724 0.017442 -0.123847 -0.321676 0.175161 -0.052232 -0.436253 0.195974 -0.209236 -0.518716 0.316088 -0.283803 -0.404210 0.296799 
0.082351 0.297265 0.020278 0.207967 0.245576 0.004832 0.121705 0.046195 0.005009 -0.003893 0.101205 0.020601 -0.116553 -0.325961 0.183888 -0.043735 -0.439941 0.203787 -0.197476 -0.522680 0.327867 -0.273211 -0.408782 0.309557 
0.082639 0.296688 0.023598 0.208028 0.245549 0.004834 0.122403 0.045895 0.005186 -0.002975 0.100352 0.024125 -0.109717 -0.329288 0.192913 -0.035624 -0.442785 0.210763 -0.185169 -0.526402 0.339303 -0.262131 -0.413004 0.323126 
0.083422 0.296730 0.027396 0.208148 0.245500 0.004842 0.122031 0.046057 0.005252 -0.002671 0.100603 0.028016 -0.104878 -0.329274 0.199848 -0.030270 -0.442892 0.214487 -0.175285 -0.527152 0.347712 -0.252702 -0.413640 0.334845 
0.084835 0.298204 0.031981 0.208097 0.245666 0.004850 0.119563 0.047290 0.006409 -0.003626 0.103142 0.033778 -0.104154 -0.325402 0.205218 -0.029983 -0.439793 0.215384 -0.170299 -0.524687 0.353160 -0.247207 -0.410404 0.344875 
0.086339 0.299060 0.036537 0.208150 0.245693 0.004854 0.117696 0.048186 0.006594 -0.004001 0.104864 0.038557 -0.105879 -0.320269 0.210502 -0.032505 -0.435528 0.215129 -0.167276 -0.521720 0.357556 -0.243300 -0.406579 0.354931 
0.086466 0.298921 0.040835 0.206959 0.245751 0.004170 0.115788 0.048568 0.005039 -0.004568 0.105042 0.042043 -0.104968 -0.319748 0.217917 -0.032246 -0.435511 0.217423 -0.160607 -0.522863 0.364972 -0.235881 -0.407230 0.367592 
0.089085 0.300445 0.046320 0.207074 0.245683 0.004255 0.112148 0.050281 0.005049 -0.005627 0.108336 0.047506 -0.101369 -0.322227 0.223048 -0.028838 -0.437989 0.217741 -0.150352 -0.527187 0.369911 -0.225335 -0.411582 0.377457 
0.091269 0.300130 0.051980 0.207234 0.245620 0.004329 0.111428 0.050648 0.005392 -0.004291 0.108443 0.053485 -0.095968 -0.318138 0.222767 -0.024473 -0.434053 0.210850 -0.139828 -0.527175 0.365444 -0.213675 -0.411471 0.379699 
0.093778 0.300667 0.058376 0.206794 0.245895 0.004363 0.109036 0.051903 0.006400 -0.003678 0.109948 0.060902 -0.087613 -0.314265 0.219356 -0.018096 -0.430719 0.202165 -0.129702 -0.526388 0.357951 -0.201499 -0.410176 0.377547 
0.093188 0.302492 0.066217 0.202291 0.248015 0.004422 0.103060 0.054797 0.008188 -0.005682 0.112535 0.070522 -0.081386 -0.312864 0.220281 -0.014265 -0.429654 0.196940 -0.119088 -0.527704 0.355924 -0.188368 -0.411188 0.381777 
0.088910 0.304071 0.076257 0.193374 0.252822 0.004489 0.096453 0.058467 0.009629 -0.007638 0.112962 0.082012 -0.075315 -0.312650 0.225889 -0.010680 -0.428505 0.192878 -0.102314 -0.532278 0.356316 -0.168895 -0.416788 0.391997 
0.080816 0.308434 0.090676 0.179441 0.262985 0.007626 0.087534 0.066206 0.012586 -0.010734 0.114878 0.096362 -0.064560 -0.314211 0.224701 -0.002066 -0.427181 0.179734 -0.077360 -0.540828 0.344940 -0.141544 -0.428392 0.392718 
0.076888 0.318089 0.113420 0.168493 0.280350 0.019218 0.079905 0.081995 0.018193 -0.011323 0.122905 0.113313 -0.048367 -0.313658 0.211395 0.011390 -0.422193 0.153610 -0.049399 -0.548415 0.315629 -0.110610 -0.440640 0.376305 
0.077591 0.328868 0.142032 0.160385 0.300505 0.037006 0.073385 0.101688 0.027188 -0.008970 0.133139 0.133360 -0.030336 -0.313569 0.190643 0.025859 -0.415992 0.119640 -0.020526 -0.555994 0.274965 -0.077933 -0.454587 0.348890 
0.083182 0.335865 0.173182 0.155313 0.318396 0.058370 0.068684 0.120143 0.038751 -0.002911 0.140588 0.154942 -0.012914 -0.314338 0.167290 0.037996 -0.409114 0.082936 0.007062 -0.562937 0.228742 -0.044788 -0.469451 0.316011 
0.094727 0.335435 0.203759 0.154489 0.330039 0.080921 0.067417 0.133191 0.051545 0.008316 0.141427 0.175977 0.003758 -0.315316 0.144171 0.046749 -0.400963 0.046672 0.032300 -0.568075 0.179874 -0.011316 -0.483996 0.280235 
0.114125 0.323350 0.231966 0.159139 0.329190 0.103011 0.070291 0.134191 0.067300 0.026105 0.131058 0.197998 0.020539 -0.321230 0.136581 0.051962 -0.393474 0.024852 0.051690 -0.576193 0.136616 0.019958 -0.505874 0.251037 0.962649 0.557933 0.006015 1.014144 0.599199 0.004858 1.005002 0.610853 0.013602 0.953507 0.569586 0.014759 
0.138314 0.287047 0.268565 0.164993 0.299466 0.135059 0.079824 0.102097 0.103670 0.054096 0.092354 0.238900 0.052522 -0.338158 0.194613 0.062302 -0.401881 0.074058 0.085660 -0.591722 0.170454 0.076121 -0.530109 0.293567 1.003600 0.575784 0.004795 1.054302 0.618019 0.006040 1.044978 0.628933 0.015516 0.994277 0.586698 0.014272 
0.153337 0.255481 0.312879 0.165504 0.266839 0.177185 0.089313 0.064368 0.157333 0.078109 0.055769 0.294608 0.091963 -0.361488 0.267584 0.087502 -0.428358 0.148428 0.133089 -0.614026 0.245004 0.138248 -0.549175 0.366707 1.080551 0.597209 0.009453 1.135402 0.632856 0.018203 1.126505 0.644262 0.027508 1.071654 0.608615 0.018758 
0.171008 0.245182 0.354746 0.174200 0.253705 0.218339 0.101754 0.049173 0.207771 0.099558 0.043466 0.345635 0.117477 -0.384206 0.292801 0.116873 -0.458665 0.178147 0.171466 -0.635246 0.286390 0.172861 -0.562601 0.403714 1.143487 0.616979 0.026195 1.203418 0.642887 0.035841 1.196517 0.655181 0.045694 1.136586 0.629273 0.036048 
0.196471 0.243356 0.382285 0.194993 0.252342 0.245878 0.121038 0.048264 0.237142 0.123578 0.042083 0.374980 0.140854 -0.398470 0.305340 0.141159 -0.474157 0.191493 0.199595 -0.648490 0.301361 0.200127 -0.574572 0.417894 1.170269 0.623545 0.025182 1.231495 0.646363 0.034495 1.225274 0.659053 0.044299 1.164048 0.636235 0.034986 
0.216292 0.241827 0.389982 0.215097 0.252769 0.253715 0.138688 0.049747 0.241994 0.140977 0.041577 0.379733 0.158956 -0.410148 0.301935 0.160644 -0.484429 0.187178 0.220349 -0.659472 0.295219 0.219503 -0.586985 0.412645 1.171599 0.621487 0.014180 1.232413 0.645998 0.021720 1.226024 0.658996 0.030997 1.165210 0.634485 0.023458 
0.225726 0.232965 0.382687 0.228124 0.246765 0.246696 0.152270 0.043995 0.228699 0.150923 0.032934 0.366249 0.173044 -0.419299 0.280100 0.178026 -0.490846 0.163712 0.236066 -0.668063 0.269085 0.231871 -0.598367 0.388118 1.162837 0.617642 0.004934 1.222724 0.644962 0.009742 1.216023 0.658091 0.018607 1.156136 0.630771 0.013799 
0.227305 0.215755 0.365466 0.234645 0.233263 0.230079 0.163329 0.029746 0.203832 0.156929 0.014955 0.340888 0.186913 -0.426366 0.242437 0.196880 -0.494399 0.124276 0.251263 -0.674530 0.226614 0.241982 -0.608424 0.347395 1.161788 0.617672 0.004940 1.221314 0.646063 0.007521 1.214691 0.659130 0.016534 1.155165 0.630740 0.013953 
0.225658 0.195732 0.338424 0.238675 0.217085 0.204020 0.173983 0.012636 0.169239 0.161758 -0.006024 0.305425 0.201663 -0.435410 0.195875 0.219016 -0.497872 0.075512 0.268345 -0.682359 0.172510 0.251533 -0.621942 0.295437 1.162734 0.616260 0.004094 1.221757 0.645781 0.004988 1.215122 0.658771 0.014102 1.156099 0.629250 0.013209 
0.221513 0.184671 0.309627 0.239599 0.204260 0.175542 0.179913 -0.001805 0.141361 0.162499 -0.018663 0.277216 0.209169 -0.442714 0.198164 0.225427 -0.502958 0.076525 0.278630 -0.688355 0.169665 0.262979 -0.630189 0.293826 1.162565 0.613357 0.004035 1.221301 0.643452 0.004592 1.214677 0.656205 0.014044 1.155941 0.626109 0.013486 
0.220401 0.183323 0.299691 0.240256 0.202318 0.165770 0.181611 -0.004078 0.131780 0.162398 -0.020331 0.267466 0.207900 -0.436755 0.200430 0.223056 -0.498224 0.079262 0.274920 -0.683284 0.173817 0.260362 -0.623876 0.297522 1.162763 0.612865 0.004124 1.221403 0.643148 0.004614 1.214863 0.655654 0.014445 1.156223 0.625371 0.013956 
0.224114 0.192029 0.303360 0.243354 0.210426 0.169266 0.181860 0.004711 0.136195 0.163306 -0.010947 0.272042 0.203017 -0.427049 0.197271 0.218741 -0.490803 0.077363 0.266405 -0.675026 0.175687 0.251214 -0.613299 0.298174 1.162835 0.612731 0.004203 1.221415 0.643129 0.004655 1.214875 0.655586 0.014550 1.156295 0.625187 0.014099 
0.230719 0.204997 0.311177 0.248761 0.223135 0.176882 0.182473 0.018828 0.144350 0.165197 0.003410 0.280394 0.199347 -0.421933 0.195112 0.215631 -0.486849 0.075904 0.260446 -0.670705 0.176235 0.244648 -0.607801 0.298044 1.162909 0.612586 0.004275 1.221419 0.643120 0.004731 1.214859 0.655543 0.014655 1.156349 0.625008 0.014199 
0.237246 0.213723 0.317367 0.254359 0.232220 0.182998 0.184462 0.029176 0.150113 0.168175 0.013379 0.286235 0.199585 -0.421965 0.195648 0.215744 -0.486917 0.076442 0.260855 -0.670695 0.176783 0.245187 -0.607753 0.298590 1.163118 0.611157 0.004329 1.221458 0.642014 0.004825 1.214812 0.654422 0.014710 1.156471 0.623564 0.014215 
0.238997 0.215449 0.320398 0.255577 0.234151 0.185991 0.184896 0.031392 0.153025 0.169158 0.015384 0.289187 0.200711 -0.423783 0.196797 0.216880 -0.488751 0.077602 0.263354 -0.672174 0.177972 0.247695 -0.609210 0.299768 1.163160 0.610698 0.004330 1.221437 0.641675 0.004771 1.214768 0.654081 0.014643 1.156491 0.623104 0.014202 
0.237015 0.212787 0.320317 0.253496 0.231517 0.185902 0.183791 0.028407 0.153017 0.168140 0.012375 0.289186 0.200798 -0.424073 0.196772 0.216993 -0.488993 0.077554 0.263587 -0.672420 0.177859 0.247904 -0.609505 0.299678 1.163157 0.610699 0.004388 1.221440 0.641666 0.004791 1.214778 0.654075 0.014664 1.156496 0.623108 0.014261 
0.233945 0.208729 0.318760 0.250522 0.227377 0.184345 0.182490 0.023668 0.151659 0.166718 0.007728 0.287825 0.200784 -0.424143 0.196686 0.216988 -0.489021 0.077446 0.263576 -0.672483 0.177691 0.247884 -0.609610 0.299531 1.163153 0.610700 0.004440 1.221443 0.641655 0.004810 1.214788 0.654068 0.014682 1.156499 0.623113 0.014312 
0.231636 0.205794 0.317039 0.248401 0.224351 0.182635 0.181632 0.020203 0.150086 0.165653 0.004361 0.286240 0.200772 -0.424207 0.196607 0.216985 -0.489049 0.077349 0.263567 -0.672541 0.177540 0.247867 -0.609706 0.299398 1.163148 0.610701 0.004487 1.221445 0.641643 0.004827 1.214797 0.654060 0.014699 1.156500 0.623119 0.014358 
0.230786 0.204900 0.316007 0.247701 0.223396 0.181614 0.181353 0.019103 0.149113 0.165216 0.003325 0.285255 0.200782 -0.424280 0.196571 0.217006 -0.489105 0.077305 0.263606 -0.672605 0.177476 0.247893 -0.609787 0.299341 1.163145 0.610703 0.004528 1.221448 0.641634 0.004843 1.214805 0.654055 0.014714 1.156502 0.623124 0.014399 
0.230674 0.204847 0.315865 0.247613 0.223336 0.181474 0.181305 0.019031 0.148974 0.165142 0.003259 0.285113 0.200801 -0.424343 0.196561 0.217037 -0.489166 0.077296 0.263659 -0.672659 0.177468 0.247935 -0.609843 0.299332 1.163145 0.610703 0.004566 1.221450 0.641630 0.004860 1.214811 0.654053 0.014731 1.156506 0.623126 0.014437 
0.230882 0.205111 0.315934 0.247824 0.223606 0.181544 0.181415 0.019337 0.149025 0.165251 0.003558 0.285164 0.200802 -0.424346 0.196559 0.217038 -0.489168 0.077293 0.263660 -0.672662 0.177464 0.247937 -0.609847 0.299328 1.163145 0.610703 0.004600 1.221451 0.641629 0.004887 1.214813 0.654052 0.014760 1.156508 0.623126 0.014473 
0.231147 0.205450 0.316021 0.248093 0.223952 0.181632 0.181556 0.019728 0.149091 0.165390 0.003942 0.285229 0.200803 -0.424349 0.196558 0.217038 -0.489170 0.077291 0.263662 -0.672664 0.177460 0.247939 -0.609850 0.299325 1.163146 0.610703 0.004631 1.221452 0.641628 0.004912 1.214815 0.654050 0.014786 1.156510 0.623125 0.014505 
0.231291 0.205631 0.316070 0.248238 0.224138 0.181682 0.181632 0.019938 0.149128 0.165466 0.004147 0.285265 0.200804 -0.424352 0.196556 0.217039 -0.489172 0.077289 0.263664 -0.672667 0.177455 0.247940 -0.609854 0.299321 1.163146 0.610703 0.004659 1.221452 0.641627 0.004934 1.214817 0.654049 0.014808 1.156511 0.623125 0.014533 
0.231303 0.205643 0.316079 0.248250 0.224152 0.181691 0.181638 0.019954 0.149133 0.165472 0.004162 0.285270 0.200806 -0.424354 0.196556 0.217038 -0.489173 0.077288 0.263663 -0.672670 0.177452 0.247944 -0.609858 0.299319 1.163146 0.610703 0.004683 1.221453 0.641626 0.004953 1.214819 0.654049 0.014828 1.156512 0.623125 0.014558 
0.231300 0.205638 0.316084 0.248248 0.224148 0.181697 0.181637 0.019951 0.149136 0.165471 0.004156 0.285273 0.200809 -0.424356 0.196558 0.217035 -0.489175 0.077289 0.263661 -0.672672 0.177451 0.247948 -0.609860 0.299319 1.163146 0.610703 0.004705 1.221454 0.641626 0.004970 1.214821 0.654048 0.014846 1.156514 0.623125 0.014581 
0.231296 0.205631 0.316089 0.248244 0.224143 0.181702 0.181635 0.019946 0.149139 0.165468 0.004149 0.285275 0.200813 -0.424358 0.196559 0.217032 -0.489177 0.077290 0.263659 -0.672676 0.177449 0.247953 -0.609863 0.299318 1.163147 0.610703 0.004725 1.221454 0.641625 0.004985 1.214822 0.654047 0.014862 1.156515 0.623125 0.014602 
0.231293 0.205625 0.316098 0.248241 0.224140 0.181711 0.181633 0.019944 0.149143 0.165466 0.004144 0.285279 0.200817 -0.424363 0.196559 0.217029 -0.489181 0.077288 0.263659 -0.672681 0.177444 0.247959 -0.609869 0.299314 1.163147 0.610703 0.004743 1.221455 0.641624 0.004998 1.214824 0.654046 0.014876 1.156516 0.623125 0.014621 
0.231308 0.205645 0.316118 0.248258 0.224166 0.181732 0.181641 0.019973 0.149154 0.165473 0.004168 0.285289 0.200821 -0.424371 0.196557 0.217028 -0.489188 0.077284 0.263661 -0.672690 0.177436 0.247967 -0.609880 0.299307 1.163148 0.610703 0.004761 1.221457 0.641622 0.005001 1.214829 0.654045 0.014879 1.156520 0.623126 0.014639 
0.231346 0.205693 0.316146 0.248297 0.224220 0.181762 0.181660 0.020036 0.149171 0.165491 0.004224 0.285305 0.200827 -0.424379 0.196556 0.217027 -0.489195 0.077282 0.263663 -0.672698 0.177429 0.247976 -0.609890 0.299301 1.163149 0.610703 0.004778 1.221460 0.641619 0.005001 1.214835 0.654043 0.014879 1.156524 0.623128 0.014656 
0.231389 0.205748 0.316183 0.248344 0.224286 0.181800 0.181684 0.020112 0.149191 0.165512 0.004289 0.285323 0.200831 -0.424388 0.196554 0.217026 -0.489202 0.077278 0.263666 -0.672707 0.177421 0.247983 -0.609899 0.299295 1.163071 0.610489 0.004795 1.221371 0.641425 0.004947 1.214748 0.653858 0.014816 1.156448 0.622921 0.014665 
0.231429 0.205797 0.316209 0.248384 0.224341 0.181827 0.181706 0.020176 0.149206 0.165532 0.004347 0.285338 0.200835 -0.424392 0.196554 0.217025 -0.489206 0.077278 0.263666 -0.672712 0.177418 0.247990 -0.609904 0.299293 1.163071 0.610489 0.004807 1.221372 0.641424 0.004954 1.214750 0.653857 0.014824 1.156449 0.622922 0.014677 
0.231459 0.205836 0.316235 0.248417 0.224388 0.181854 0.181723 0.020230 0.149219 0.165547 0.004393 0.285350 0.200839 -0.424395 0.196556 0.217022 -0.489209 0.077279 0.263665 -0.672715 0.177418 0.247996 -0.609908 0.299293 1.163071 0.610489 0.004818 1.221372 0.641423 0.004960 1.214751 0.653856 0.014830 1.156450 0.622922 0.014688 
0.231485 0.205868 0.316261 0.248446 0.224429 0.181882 0.181738 0.020277 0.149232 0.165560 0.004432 0.285361 0.200843 -0.424398 0.196558 0.217020 -0.489213 0.077280 0.263666 -0.672720 0.177417 0.248002 -0.609912 0.299293 1.163071 0.610489 0.004828 1.221373 0.641423 0.004966 1.214753 0.653856 0.014836 1.156451 0.622922 0.014699 
0.231512 0.205902 0.316287 0.248475 0.224470 0.181910 0.181753 0.020326 0.149244 0.165573 0.004472 0.285372 0.200848 -0.424401 0.196560 0.217018 -0.489217 0.077282 0.263666 -0.672723 0.177417 0.248008 -0.609915 0.299294 1.163071 0.610489 0.004837 1.221373 0.641422 0.004970 1.214754 0.653855 0.014841 1.156452 0.622923 0.014708 
0.231540 0.205936 0.316319 0.248506 0.224515 0.181943 0.181769 0.020379 0.149259 0.165586 0.004514 0.285385 0.200851 -0.424407 0.196558 0.217017 -0.489222 0.077279 0.263667 -0.672730 0.177411 0.248014 -0.609922 0.299289 1.163102 0.610382 0.004845 1.221402 0.641318 0.004973 1.214781 0.653755 0.014838 1.156480 0.622819 0.014710 
0.231566 0.205970 0.316350 0.248535 0.224559 0.181976 0.181785 0.020431 0.149273 0.165598 0.004555 0.285398 0.200856 -0.424413 0.196558 0.217016 -0.489228 0.077278 0.263669 -0.672736 0.177407 0.248022 -0.609929 0.299286 1.163102 0.610382 0.004854 1.221403 0.641317 0.004976 1.214783 0.653755 0.014841 1.156482 0.622820 0.014719 
0.231591 0.206002 0.316380 0.248563 0.224601 0.182008 0.181799 0.020479 0.149288 0.165610 0.004594 0.285412 0.200860 -0.424422 0.196554 0.217016 -0.489235 0.077272 0.263672 -0.672745 0.177397 0.248029 -0.609940 0.299277 1.163102 0.610382 0.004861 1.221403 0.641316 0.004979 1.214784 0.653754 0.014844 1.156482 0.622820 0.014726 
0.231616 0.206032 0.316415 0.248592 0.224642 0.182044 0.181813 0.020528 0.149305 0.165621 0.004631 0.285427 0.200865 -0.424437 0.196545 0.217018 -0.489245 0.077261 0.263677 -0.672759 0.177378 0.248038 -0.609958 0.299261 1.163149 0.610257 0.004867 1.221450 0.641193 0.004983 1.214827 0.653636 0.014839 1.156527 0.622700 0.014723 
0.231641 0.206060 0.316449 0.248619 0.224681 0.182080 0.181827 0.020574 0.149322 0.165632 0.004667 0.285442 0.200868 -0.424449 0.196537 0.217017 -0.489253 0.077250 0.263679 -0.672770 0.177359 0.248043 -0.609973 0.299245 1.163149 0.610257 0.004871 1.221450 0.641192 0.004986 1.214828 0.653635 0.014842 1.156527 0.622700 0.014727 
0.231666 0.206089 0.316482 0.248647 0.224720 0.182115 0.181841 0.020621 0.149339 0.165643 0.004704 0.285457 0.200870 -0.424461 0.196528 0.217016 -0.489262 0.077238 0.263680 -0.672782 0.177341 0.248048 -0.609989 0.299228 1.163149 0.610257 0.004875 1.221450 0.641191 0.004989 1.214829 0.653635 0.014846 1.156527 0.622700 0.014732 
0.231692 0.206119 0.316516 0.248677 0.224761 0.182152 0.181856 0.020671 0.149356 0.165654 0.004742 0.285472 0.200872 -0.424473 0.196518 0.217014 -0.489269 0.077226 0.263679 -0.672794 0.177320 0.248051 -0.610005 0.299211 1.163182 0.610143 0.004879 1.221481 0.641082 0.004993 1.214857 0.653529 0.014843 1.156558 0.622590 0.014729 
0.231719 0.206147 0.316557 0.248710 0.224803 0.182195 0.181872 0.020721 0.149373 0.165665 0.004778 0.285488 0.200873 -0.424489 0.196501 0.217012 -0.489279 0.077205 0.263678 -0.672810 0.177287 0.248052 -0.610028 0.299182 1.163185 0.609743 0.004841 1.221471 0.640706 0.004900 1.214840 0.653168 0.014727 1.156555 0.622205 0.014668 
0.231742 0.206165 0.316603 0.248738 0.224837 0.182244 0.181886 0.020764 0.149395 0.165674 0.004805 0.285508 0.200873 -0.424505 0.196485 0.217009 -0.489287 0.077184 0.263675 -0.672825 0.177254 0.248053 -0.610050 0.299153 1.163185 0.609742 0.004849 1.221471 0.640705 0.004910 1.214840 0.653167 0.014738 1.156554 0.622204 0.014676 
0.231766 0.206188 0.316638 0.248766 0.224871 0.182281 0.181900 0.020807 0.149411 0.165684 0.004836 0.285521 0.200874 -0.424518 0.196472 0.217006 -0.489294 0.077167 0.263673 -0.672838 0.177226 0.248055 -0.610070 0.299129 1.163283 0.609426 0.004856 1.221563 0.640401 0.004926 1.214923 0.652872 0.014735 1.156643 0.621897 0.014665 
0.231792 0.206213 0.316677 0.248797 0.224909 0.182323 0.181916 0.020854 0.149429 0.165696 0.004869 0.285537 0.200877 -0.424532 0.196459 0.217004 -0.489302 0.077150 0.263672 -0.672851 0.177198 0.248058 -0.610089 0.299104 1.163332 0.609295 0.004862 1.221611 0.640272 0.004935 1.214967 0.652748 0.014734 1.156688 0.621771 0.014661 
0.231822 0.206242 0.316715 0.248831 0.224951 0.182363 0.181934 0.020904 0.149447 0.165709 0.004907 0.285553 0.200876 -0.424544 0.196445 0.217001 -0.489308 0.077133 0.263669 -0.672863 0.177171 0.248057 -0.610106 0.299081 1.163365 0.609182 0.004867 1.221642 0.640163 0.004942 1.214995 0.652643 0.014735 1.156718 0.621662 0.014660 
0.231852 0.206275 0.316747 0.248866 0.224994 0.182397 0.181952 0.020956 0.149462 0.165723 0.004949 0.285567 0.200878 -0.424554 0.196435 0.216999 -0.489314 0.077120 0.263668 -0.672873 0.177150 0.248061 -0.610121 0.299063 1.163415 0.609051 0.004872 1.221690 0.640035 0.004948 1.215039 0.652520 0.014732 1.156764 0.621536 0.014655 
0.231885 0.206312 0.316776 0.248901 0.225039 0.182427 0.181970 0.021009 0.149477 0.165738 0.004994 0.285580 0.200879 -0.424561 0.196428 0.216996 -0.489318 0.077111 0.263664 -0.672880 0.177135 0.248061 -0.610131 0.299050 1.163415 0.609051 0.004876 1.221691 0.640034 0.004953 1.215040 0.652519 0.014737 1.156764 0.621536 0.014660 
0.231918 0.206347 0.316811 0.248939 0.225085 0.182464 0.181989 0.021065 0.149493 0.165754 0.005038 0.285594 0.200880 -0.424572 0.196416 0.216994 -0.489324 0.077095 0.263662 -0.672891 0.177110 0.248063 -0.610148 0.299028 1.163466 0.608917 0.004879 1.221740 0.639903 0.004959 1.215085 0.652393 0.014734 1.156811 0.621407 0.014654 
0.231948 0.206378 0.316847 0.248973 0.225127 0.182502 0.182007 0.021116 0.149510 0.165767 0.005077 0.285609 0.200880 -0.424581 0.196404 0.216990 -0.489329 0.077081 0.263658 -0.672901 0.177088 0.248062 -0.610162 0.299008 1.163466 0.608916 0.004884 1.221740 0.639902 0.004964 1.215085 0.652392 0.014739 1.156811 0.621407 0.014658 
0.231977 0.206407 0.316881 0.249007 0.225168 0.182539 0.182024 0.021165 0.149526 0.165780 0.005114 0.285624 0.200879 -0.424592 0.196392 0.216986 -0.489334 0.077066 0.263653 -0.672911 0.177063 0.248061 -0.610177 0.298987 1.163501 0.608761 0.004875 1.221771 0.639754 0.004956 1.215112 0.652248 0.014722 1.156841 0.621255 0.014641 
0.232006 0.206434 0.316918 0.249041 0.225207 0.182578 0.182041 0.021214 0.149542 0.165792 0.005150 0.285637 0.200879 -0.424603 0.196378 0.216981 -0.489340 0.077048 0.263648 -0.672922 0.177035 0.248059 -0.610195 0.298962 1.163535 0.608644 0.004880 1.221803 0.639641 0.004962 1.215141 0.652139 0.014721 1.156872 0.621143 0.014639 
0.232033 0.206463 0.316949 0.249072 0.225246 0.182611 0.182057 0.021260 0.149556 0.165805 0.005187 0.285650 0.200879 -0.424611 0.196369 0.216978 -0.489344 0.077037 0.263644 -0.672930 0.177017 0.248059 -0.610206 0.298947 1.163535 0.608644 0.004883 1.221803 0.639640 0.004966 1.215141 0.652138 0.014725 1.156872 0.621142 0.014642 
0.232063 0.206496 0.316975 0.249107 0.225290 0.182639 0.182076 0.021313 0.149564 0.165817 0.005229 0.285656 0.200878 -0.424619 0.196359 0.216973 -0.489348 0.077023 0.263638 -0.672939 0.176995 0.248058 -0.610219 0.298928 1.163570 0.608425 0.004870 1.221833 0.639432 0.004939 1.215166 0.651938 0.014686 1.156903 0.620931 0.014617 
0.232094 0.206529 0.317006 0.249144 0.225334 0.182672 0.182094 0.021366 0.149577 0.165831 0.005271 0.285667 0.200877 -0.424630 0.196346 0.216969 -0.489353 0.077008 0.263634 -0.672949 0.176971 0.248056 -0.610235 0.298906 1.163570 0.608425 0.004875 1.221833 0.639432 0.004944 1.215166 0.651937 0.014692 1.156903 0.620930 0.014622 
0.232124 0.206562 0.317034 0.249177 0.225376 0.182702 0.182112 0.021417 0.149589 0.165845 0.005312 0.285677 0.200878 -0.424636 0.196339 0.216965 -0.489357 0.076998 0.263630 -0.672956 0.176955 0.248056 -0.610245 0.298893 1.163570 0.608424 0.004880 1.221833 0.639431 0.004949 1.215166 0.651936 0.014697 1.156903 0.620930 0.014627 
0.232151 0.206599 0.317041 0.249214 0.225423 0.182712 0.182131 0.021473 0.149578 0.165854 0.005358 0.285664 0.200877 -0.424646 0.196327 0.216961 -0.489362 0.076983 0.263625 -0.672966 0.176930 0.248055 -0.610260 0.298871 1.163607 0.608175 0.004847 1.221862 0.639196 0.004913 1.215187 0.651709 0.014646 1.156932 0.620687 0.014579 
0.232175 0.206631 0.317046 0.249250 0.225465 0.182720 0.182150 0.021524 0.149563 0.165862 0.005399 0.285647 0.200876 -0.424657 0.196313 0.216955 -0.489367 0.076965 0.263618 -0.672978 0.176902 0.248052 -0.610277 0.298846 1.163715 0.607412 0.004737 1.221944 0.638482 0.004790 1.215246 0.651018 0.014478 1.157017 0.619948 0.014424 
0.232202 0.206659 0.317073 0.249283 0.225505 0.182750 0.182168 0.021573 0.149570 0.165873 0.005436 0.285652 0.200878 -0.424667 0.196302 0.216952 -0.489372 0.076951 0.263614 -0.672989 0.176877 0.248055 -0.610294 0.298825 1.163769 0.607272 0.004754 1.221997 0.638344 0.004810 1.215295 0.650885 0.014488 1.157067 0.619812 0.014432 
0.232233 0.206696 0.317091 0.249321 0.225551 0.182770 0.182188 0.021628 0.149571 0.165886 0.005482 0.285651 0.200876 -0.424677 0.196289 0.216949 -0.489377 0.076934 0.263611 -0.672998 0.176852 0.248053 -0.610309 0.298803 1.163804 0.606994 0.004724 1.222022 0.638085 0.004777 1.215312 0.650633 0.014439 1.157094 0.619542 0.014386 
0.232266 0.206738 0.317109 0.249360 0.225601 0.182789 0.182209 0.021687 0.149575 0.165902 0.005532 0.285652 0.200876 -0.424683 0.196282 0.216946 -0.489380 0.076926 0.263608 -0.673004 0.176839 0.248053 -0.610317 0.298792 1.163804 0.606993 0.004743 1.222022 0.638084 0.004797 1.215312 0.650632 0.014460 1.157094 0.619541 0.014406 
0.232302 0.206788 0.317118 0.249404 0.225658 0.182800 0.182232 0.021753 0.149569 0.165918 0.005591 0.285645 0.200877 -0.424686 0.196278 0.216942 -0.489382 0.076920 0.263604 -0.673008 0.176829 0.248053 -0.610323 0.298783 1.163804 0.606992 0.004760 1.222022 0.638083 0.004815 1.215313 0.650630 0.014478 1.157094 0.619540 0.014424 
0.232335 0.206839 0.317109 0.249447 0.225715 0.182794 0.182255 0.021819 0.149547 0.165931 0.005651 0.285621 0.200877 -0.424692 0.196270 0.216938 -0.489385 0.076910 0.263599 -0.673015 0.176813 0.248052 -0.610333 0.298769 1.163804 0.606992 0.004775 1.222022 0.638082 0.004831 1.215313 0.650629 0.014496 1.157095 0.619539 0.014440 
0.232360 0.206878 0.317105 0.249482 0.225759 0.182791 0.182274 0.021871 0.149529 0.165940 0.005697 0.285601 0.200879 -0.424701 0.196261 0.216935 -0.489390 0.076899 0.263597 -0.673024 0.176793 0.248055 -0.610346 0.298752 1.163860 0.606849 0.004790 1.222077 0.637942 0.004847 1.215363 0.650494 0.014502 1.157146 0.619401 0.014444 
0.232382 0.206906 0.317115 0.249513 0.225797 0.182804 0.182290 0.021916 0.149523 0.165948 0.005733 0.285593 0.200878 -0.424712 0.196248 0.216931 -0.489394 0.076881 0.263591 -0.673035 0.176765 0.248053 -0.610363 0.298728 1.163928 0.606661 0.004759 1.222141 0.637763 0.004841 1.215418 0.650320 0.014484 1.157206 0.619218 0.014401 
0.232408 0.206933 0.317139 0.249543 0.225833 0.182830 0.182306 0.021960 0.149531 0.165959 0.005768 0.285599 0.200877 -0.424720 0.196238 0.216928 -0.489398 0.076869 0.263588 -0.673042 0.176746 0.248051 -0.610374 0.298711 1.163928 0.606661 0.004774 1.222141 0.637762 0.004856 1.215419 0.650319 0.014499 1.157206 0.619217 0.014417 
0.232438 0.206972 0.317155 0.249579 0.225879 0.182848 0.182325 0.022014 0.149533 0.165973 0.005814 0.285600 0.200877 -0.424725 0.196231 0.216924 -0.489401 0.076860 0.263584 -0.673048 0.176732 0.248051 -0.610383 0.298699 1.163929 0.606660 0.004787 1.222141 0.637761 0.004868 1.215419 0.650318 0.014512 1.157207 0.619217 0.014431 
0.232469 0.207020 0.317146 0.249622 0.225933 0.182841 0.182348 0.022077 0.149510 0.165984 0.005871 0.285575 0.200875 -0.424739 0.196213 0.216919 -0.489407 0.076838 0.263577 -0.673062 0.176696 0.248047 -0.610405 0.298667 1.164102 0.606171 0.004669 1.222303 0.637295 0.004799 1.215558 0.649867 0.014407 1.157358 0.618743 0.014277 
0.232503 0.207063 0.317150 0.249663 0.225980 0.182846 0.182369 0.022133 0.149503 0.165997 0.005923 0.285567 0.200872 -0.424757 0.196190 0.216914 -0.489415 0.076809 0.263570 -0.673079 0.176651 0.248042 -0.610432 0.298627 1.164364 0.605111 0.004352 1.222539 0.636284 0.004475 1.215761 0.648895 0.014007 1.157586 0.617723 0.013883 
0.232540 0.207100 0.317173 0.249704 0.226021 0.182871 0.182389 0.022183 0.149519 0.166015 0.005968 0.285581 0.200868 -0.424777 0.196164 0.216909 -0.489423 0.076776 0.263563 -0.673098 0.176600 0.248037 -0.610463 0.298583 1.164365 0.605111 0.004405 1.222540 0.636282 0.004525 1.215763 0.648893 0.014059 1.157588 0.617721 0.013939 
0.232581 0.207141 0.317203 0.249747 0.226068 0.182902 0.182411 0.022238 0.149538 0.166034 0.006018 0.285600 0.200866 -0.424794 0.196142 0.216904 -0.489430 0.076749 0.263556 -0.673114 0.176557 0.248032 -0.610489 0.298545 1.164365 0.605110 0.004453 1.222540 0.636281 0.004570 1.215765 0.648890 0.014106 1.157590 0.617719 0.013989 
0.232623 0.207187 0.317232 0.249792 0.226119 0.182931 0.182434 0.022299 0.149556 0.166055 0.006073 0.285617 0.200863 -0.424809 0.196122 0.216900 -0.489437 0.076724 0.263550 -0.673129 0.176518 0.248028 -0.610513 0.298511 1.164366 0.605109 0.004495 1.222541 0.636280 0.004610 1.215767 0.648888 0.014148 1.157591 0.617718 0.014033 
0.232664 0.207234 0.317253 0.249838 0.226172 0.182954 0.182458 0.022361 0.149566 0.166074 0.006129 0.285625 0.200861 -0.424822 0.196105 0.216895 -0.489443 0.076703 0.263544 -0.673142 0.176484 0.248024 -0.610533 0.298481 1.164366 0.605109 0.004535 1.222542 0.636278 0.004647 1.215769 0.648886 0.014187 1.157593 0.617716 0.014075 
0.232701 0.207280 0.317258 0.249882 0.226222 0.182960 0.182480 0.022420 0.149561 0.166089 0.006184 0.285619 0.200858 -0.424838 0.196084 0.216891 -0.489449 0.076676 0.263537 -0.673157 0.176443 0.248020 -0.610558 0.298445 1.164366 0.605108 0.004571 1.222543 0.636277 0.004680 1.215771 0.648884 0.014222 1.157594 0.617715 0.014113 
0.232731 0.207321 0.317255 0.249921 0.226267 0.182959 0.182500 0.022473 0.149549 0.166101 0.006233 0.285605 0.200856 -0.424855 0.196062 0.216886 -0.489457 0.076648 0.263530 -0.673173 0.176399 0.248015 -0.610584 0.298406 1.164367 0.605108 0.004602 1.222543 0.636276 0.004710 1.215772 0.648882 0.014253 1.157595 0.617714 0.014145 
0.232758 0.207357 0.317253 0.249956 0.226306 0.182959 0.182518 0.022520 0.149537 0.166111 0.006276 0.285592 0.200852 -0.424873 0.196038 0.216881 -0.489464 0.076619 0.263523 -0.673191 0.176352 0.248009 -0.610612 0.298366 1.164367 0.605107 0.004630 1.222544 0.636275 0.004737 1.215773 0.648880 0.014281 1.157596 0.617713 0.014175 
0.232786 0.207392 0.317257 0.249991 0.226345 0.182964 0.182536 0.022566 0.149532 0.166122 0.006319 0.285586 0.200849 -0.424891 0.196015 0.216876 -0.489471 0.076590 0.263516 -0.673207 0.176307 0.248004 -0.610639 0.298326 1.164367 0.605107 0.004655 1.222544 0.636274 0.004761 1.215774 0.648879 0.014307 1.157597 0.617712 0.014201 
0.232816 0.207432 0.317265 0.250029 0.226389 0.182973 0.182556 0.022619 0.149527 0.166134 0.006366 0.285580 0.200849 -0.424906 0.195998 0.216872 -0.489479 0.076568 0.263513 -0.673222 0.176272 0.248004 -0.610662 0.298296 1.164425 0.604959 0.004679 1.222601 0.636130 0.004786 1.215826 0.648741 0.014320 1.157650 0.617570 0.014212 
0.232850 0.207472 0.317278 0.250066 0.226434 0.182987 0.182575 0.022671 0.149532 0.166150 0.006414 0.285583 0.200846 -0.424918 0.195982 0.216869 -0.489484 0.076549 0.263508 -0.673233 0.176242 0.248000 -0.610680 0.298269 1.164426 0.604958 0.004699 1.222601 0.636129 0.004806 1.215826 0.648741 0.014340 1.157651 0.617570 0.014233 
0.232883 0.207515 0.317290 0.250104 0.226482 0.183001 0.182595 0.022726 0.149535 0.166165 0.006465 0.285586 0.200846 -0.424925 0.195973 0.216865 -0.489487 0.076537 0.263504 -0.673240 0.176224 0.247999 -0.610691 0.298253 1.164426 0.604958 0.004719 1.222601 0.636129 0.004823 1.215826 0.648741 0.014356 1.157651 0.617570 0.014253 
0.232908 0.207564 0.317273 0.250139 0.226533 0.182986 0.182614 0.022785 0.149510 0.166175 0.006521 0.285558 0.200851 -0.424931 0.195972 0.216864 -0.489493 0.076535 0.263506 -0.673247 0.176219 0.248007 -0.610698 0.298249 1.164544 0.604665 0.004737 1.222715 0.635844 0.004845 1.215929 0.648471 0.014351 1.157759 0.617291 0.014243 
0.232927 0.207605 0.317249 0.250165 0.226573 0.182963 0.182628 0.022829 0.149483 0.166181 0.006566 0.285531 0.200851 -0.424932 0.195971 0.216863 -0.489494 0.076534 0.263506 -0.673248 0.176219 0.248008 -0.610698 0.298249 1.164544 0.604664 0.004752 1.222714 0.635845 0.004858 1.215928 0.648472 0.014363 1.157758 0.617291 0.014257 
