2.172989 0.605722 0.005573 2.369814 0.524912 0.049431 2.121151 0.477828 0.005538 2.315706 0.399366 0.048781 
2.172944 0.605740 0.005638 2.369412 0.525076 0.051324 2.121106 0.477846 0.005607 2.315310 0.399528 0.050653 
2.172932 0.605745 0.005651 2.369302 0.525123 0.051831 2.121095 0.477851 0.005624 2.315201 0.399575 0.051157 
2.172919 0.605751 0.005666 2.369179 0.525176 0.052391 2.121082 0.477857 0.005643 2.315080 0.399626 0.051713 
2.172891 0.605762 0.005701 2.368922 0.525283 0.053541 2.121055 0.477868 0.005685 2.314827 0.399732 0.052853 
2.172837 0.605785 0.005777 2.368398 0.525499 0.055814 2.121000 0.477890 0.005768 2.314309 0.399945 0.055103 
2.172745 0.605822 0.005905 2.367493 0.525869 0.059519 2.120909 0.477928 0.005906 2.313416 0.400311 0.058767 
2.172624 0.605872 0.006075 2.366232 0.526384 0.064309 2.120788 0.477977 0.006083 2.312171 0.400819 0.063500 
2.172489 0.605932 0.006267 2.364683 0.527012 0.069725 2.120647 0.478039 0.006281 2.310636 0.401441 0.068848 
2.172343 0.605977 0.006469 2.362830 0.527788 0.075716 2.120514 0.478079 0.006516 2.308820 0.402202 0.074790 
2.172186 0.606054 0.006701 2.360587 0.528741 0.082339 2.120380 0.478148 0.006727 2.306629 0.403133 0.081304 
2.172086 0.606153 0.006949 2.358029 0.529813 0.089359 2.120267 0.478252 0.006974 2.304092 0.404197 0.088227 
2.171859 0.606246 0.007214 2.355036 0.531037 0.096565 2.120039 0.478345 0.007254 2.301137 0.405405 0.095350 
2.171612 0.606347 0.007489 2.351652 0.532419 0.103997 2.119790 0.478446 0.007543 2.297796 0.406771 0.102697 
2.171365 0.606460 0.007778 2.347817 0.534030 0.111759 2.119561 0.478553 0.007846 2.294029 0.408353 0.110367 
2.171152 0.606603 0.008141 2.343504 0.535869 0.119877 2.119352 0.478693 0.008237 2.289778 0.410166 0.118404 
2.170824 0.606750 0.008645 2.338426 0.537999 0.128548 2.119054 0.478828 0.008750 2.284796 0.412257 0.126970 
2.170423 0.606921 0.009192 2.332477 0.540550 0.137749 2.118727 0.478970 0.009314 2.278998 0.414744 0.136066 
2.171117 0.607955 0.009761 2.326495 0.544822 0.147838 2.119755 0.479869 0.009940 2.273441 0.418838 0.146078 
2.172526 0.608411 0.010425 2.320540 0.549797 0.158241 2.122254 0.479893 0.010685 2.268669 0.423322 0.156425 
2.172528 0.608775 0.010974 2.313539 0.555146 0.167287 2.123684 0.479710 0.011590 2.263180 0.428058 0.165704 
2.172230 0.609053 0.011504 2.304667 0.561296 0.176953 2.124417 0.479612 0.013202 2.255450 0.433754 0.176313 
2.294269 0.568240 0.186711 2.171815 0.609517 0.012083 2.246139 0.440282 0.187163 2.124959 0.479749 0.015014 
2.281522 0.581789 0.196519 2.169935 0.611728 0.012547 2.235279 0.453207 0.200746 2.124829 0.481488 0.019421 
2.267045 0.600249 0.205982 2.168719 0.617119 0.013003 2.222872 0.471149 0.214442 2.125515 0.486542 0.024278 
2.247874 0.614742 0.213743 2.164047 0.620833 0.013419 2.204381 0.485655 0.225357 2.121325 0.490422 0.027983 
2.224887 0.628356 0.219737 2.155575 0.626628 0.013857 2.181167 0.499501 0.232950 2.112418 0.496562 0.030113 
2.200818 0.638887 0.223523 2.144994 0.625185 0.014024 2.157020 0.510572 0.241041 2.101568 0.495835 0.034679 
2.199512 0.672528 0.217120 2.139493 0.630871 0.012532 2.158041 0.547079 0.252225 2.098475 0.504810 0.050872 
2.163579 0.595998 0.259421 1.632740 1.020667 0.004537 1.832484 0.943348 0.005864 2.197560 0.719039 0.210472 2.099643 0.530845 0.065656 1.584951 0.897206 0.043494 
2.163106 0.629004 0.276051 1.636096 1.034712 0.004806 1.835357 0.956145 0.004759 2.191605 0.753213 0.226556 2.103416 0.559831 0.082324 1.586693 0.908737 0.031892 
2.148349 0.636051 0.301768 1.643981 1.061064 0.006614 1.847598 0.994671 0.009726 2.178251 0.761462 0.256295 2.098971 0.570472 0.103932 1.601419 0.930280 0.017937 
1.840500 1.009977 0.019487 2.163735 0.764688 0.270494 1.635394 1.071352 0.013002 1.595879 0.939513 0.023053 2.084789 0.573877 0.117735 2.132592 0.639563 0.315922 
1.830127 1.008817 0.027046 2.151223 0.772697 0.278145 1.624734 1.068521 0.015782 1.585914 0.936967 0.030973 2.071220 0.577257 0.131929 2.120480 0.649022 0.327635 
1.614017 1.061340 0.012678 1.575382 0.930712 0.034760 1.819475 1.002748 0.027900 2.140537 0.782588 0.287886 2.060982 0.579744 0.151863 2.110399 0.661436 0.343598 
1.602679 1.051242 0.005280 1.564338 0.922264 0.035917 1.808290 0.994003 0.023326 2.131067 0.792456 0.297484 2.051824 0.580850 0.175335 2.101369 0.675174 0.361146 
1.598078 1.048054 0.004948 1.560036 0.920240 0.040451 1.803773 0.992552 0.027004 2.122285 0.801348 0.308579 2.043805 0.584823 0.194849 2.092380 0.686750 0.376863 
1.591070 1.046940 0.004953 1.552651 0.920357 0.044256 1.796562 0.991905 0.029895 2.113833 0.810894 0.320218 2.036329 0.590735 0.212982 2.083552 0.698523 0.391950 
1.586319 1.046757 0.004957 1.547281 0.921596 0.048026 1.791482 0.992025 0.033071 2.106715 0.820240 0.332035 2.029754 0.596801 0.231393 2.075675 0.710304 0.407137 
1.585250 1.046781 0.004962 1.545601 0.923341 0.052234 1.790048 0.992845 0.036996 2.102089 0.830764 0.344024 2.025263 0.604060 0.250858 2.070119 0.723685 0.422776 
1.585203 1.046980 0.004965 1.544900 0.925612 0.056827 1.789598 0.994119 0.041103 2.098760 0.844601 0.357107 2.022675 0.614384 0.272326 2.065964 0.740758 0.439757 
1.585149 1.047183 0.004965 1.544130 0.928232 0.061640 1.789082 0.995721 0.045474 2.095155 0.860540 0.371017 2.020024 0.626838 0.295417 2.053457 0.726089 0.205554 
1.585100 1.047403 0.004970 1.543302 0.931311 0.066773 1.788503 0.997777 0.050159 2.091215 0.878571 0.385206 2.017036 0.641542 0.319696 2.051518 0.736521 0.225707 
1.583085 1.047963 0.006759 1.541138 0.934788 0.073660 1.786388 1.000398 0.054542 2.087700 0.899064 0.399856 2.014752 0.659049 0.344648 2.049731 0.749749 0.246699 
1.582600 1.050345 0.011573 1.540365 0.939326 0.081823 1.785587 1.005069 0.062801 2.083529 0.921797 0.415844 2.016188 0.678395 0.368969 2.051270 0.765816 0.268118 
2.053682 0.786032 0.283784 2.079705 0.945774 0.428695 2.019053 0.699879 0.385875 1.784850 1.015005 0.069509 0.212021 1.259608 0.035898 0.229895 1.200748 0.011981 0.225781 1.266652 0.028847 1.581686 1.056567 0.015890 
2.057372 0.811728 0.295346 2.024424 0.724996 0.397502 0.230237 1.277880 0.022693 0.240317 1.213148 0.014684 0.245253 1.281117 0.015433 1.580786 1.066907 0.021751 2.076603 0.972935 0.439694 1.784220 1.030341 0.077923 
2.059751 0.834366 0.307043 2.028209 0.746940 0.409052 0.260401 1.287147 0.006049 2.072434 0.996437 0.451147 0.244880 1.285454 0.012749 0.251736 1.219815 0.012045 
2.057959 0.847720 0.321393 2.026205 0.760469 0.423486 0.268115 1.287456 0.004872 2.066309 1.010816 0.464654 0.252425 1.285749 0.011162 0.259595 1.220140 0.011243 
2.053639 0.854019 0.338070 2.020402 0.767300 0.440145 0.279806 1.286821 0.005135 2.058765 1.018070 0.480389 0.263832 1.284822 0.010566 0.271936 1.219322 0.010297 
2.048860 0.855849 0.354174 2.013654 0.769837 0.456187 0.294643 1.286475 0.005012 2.051436 1.020849 0.495461 0.278394 1.284240 0.009443 0.287378 1.218855 0.009410 
2.045196 0.854904 0.363844 2.008469 0.769815 0.466094 0.298102 1.286448 0.004913 2.046821 1.020966 0.503897 0.281813 1.284021 0.009086 0.291531 1.218740 0.009049 
2.043890 0.853699 0.364553 2.006862 0.769363 0.467316 0.298097 1.286449 0.004919 2.046356 1.020554 0.503647 0.281819 1.283911 0.009071 0.291984 1.218698 0.009059 
2.044901 0.852356 0.359878 2.008279 0.768631 0.463286 0.298353 1.286483 0.004870 2.048992 1.019830 0.498187 0.282102 1.283902 0.009100 0.292502 1.218727 0.009291 
2.047462 0.850759 0.351051 2.011783 0.767502 0.455163 0.298499 1.286511 0.004850 2.053720 1.018681 0.488733 0.282289 1.283922 0.009230 0.292798 1.218765 0.009610 
2.050562 0.848442 0.339417 2.016134 0.765357 0.444087 0.298923 1.286550 0.004748 2.059335 1.016423 0.476891 0.282757 1.283952 0.009283 0.293353 1.218810 0.009735 
2.053362 0.845033 0.326853 2.020190 0.761700 0.431730 0.299440 1.286592 0.004631 2.064686 1.012511 0.464753 0.283315 1.284009 0.009319 0.293898 1.218865 0.009816 
2.055331 0.840337 0.315264 2.023138 0.756350 0.419924 0.300068 1.286610 0.004599 2.068942 1.006751 0.454242 0.283981 1.284039 0.009419 0.294515 1.218886 0.009818 
2.056323 0.834471 0.306045 2.024658 0.749488 0.410061 0.301723 1.286593 0.004855 2.071688 0.999336 0.446676 0.285641 1.284020 0.009695 0.296109 1.218856 0.009837 
2.056640 0.828025 0.299282 2.025132 0.741766 0.402291 0.306251 1.286468 0.005030 2.073078 0.990963 0.442022 0.290097 1.283939 0.009645 0.300298 1.218732 0.009610 
2.056499 0.821015 0.293678 2.024939 0.733176 0.395326 0.316230 1.286450 0.004998 0.299901 1.284015 0.009010 0.309635 1.218737 0.009002 2.073583 0.981574 0.439013 1.578547 1.071076 0.024172 1.781912 1.036321 0.081726 
2.056012 0.813026 0.288401 2.024217 0.723331 0.388341 0.311716 1.284098 0.008443 0.321064 1.218764 0.008302 0.328212 1.286466 0.005139 1.578558 1.069658 0.023747 2.073574 0.970700 0.436807 1.781887 1.033318 0.080444 
2.055465 0.803830 0.282714 2.073558 0.958291 0.434398 2.023300 0.712178 0.380741 0.340137 1.286443 0.005709 0.323514 1.284065 0.008296 0.332743 1.218718 0.007519 1.781888 1.029924 0.078612 1.578579 1.068038 0.023021 
2.055161 0.793959 0.275420 2.073929 0.944799 0.430626 2.022687 0.700190 0.371320 0.350567 1.286338 0.006663 0.333863 1.283943 0.008637 0.343030 1.218605 0.006916 1.781953 1.026274 0.075924 1.578617 1.066304 0.021799 
2.055118 0.784092 0.265585 2.074737 0.930712 0.424682 2.022577 0.687919 0.359050 0.360674 1.286184 0.007878 0.343912 1.283773 0.009250 0.353064 1.218476 0.006323 1.782046 1.022635 0.072740 1.578658 1.064642 0.020333 
2.055339 0.774290 0.253708 2.075830 0.916002 0.417084 2.022891 0.675413 0.344343 1.782168 1.019138 0.069080 0.355211 1.283535 0.010045 0.364422 1.218329 0.005644 0.372014 1.285955 0.009361 1.578702 1.063153 0.018663 
2.055746 0.764272 0.239896 2.077112 0.900254 0.407962 2.023462 0.662396 0.327206 1.782325 1.015779 0.064836 0.366899 1.283217 0.011182 0.376235 1.218174 0.004994 0.383717 1.285627 0.011217 1.578750 1.061843 0.016742 
2.024242 0.648998 0.307482 1.782500 1.012683 0.060164 2.056309 0.754203 0.224130 2.078469 0.883437 0.397339 0.375098 1.282777 0.013364 0.384535 1.217993 0.004999 0.391912 1.285157 0.013897 1.578795 1.060809 0.014711 
2.025078 0.635320 0.285378 1.782693 1.009828 0.055440 2.056906 0.744145 0.206714 2.079684 0.865490 0.385460 0.385375 1.282455 0.015843 0.394991 1.218068 0.004986 0.402165 1.284761 0.017042 1.578897 1.060077 0.012780 
2.082142 0.847944 0.366127 0.400601 1.283448 0.018952 0.411034 1.219635 0.005717 1.780244 1.004591 0.045737 2.024429 0.621080 0.260398 2.055540 0.731967 0.184371 0.417295 1.285723 0.021141 1.575894 1.056712 0.008294 
2.085296 0.833296 0.342192 0.413331 1.287246 0.024826 0.423823 1.223857 0.009734 1.778344 1.000220 0.037037 2.023818 0.609747 0.231636 2.055336 0.719979 0.412559 0.429952 1.289317 0.027679 1.573613 1.054333 0.004870 
2.022953 0.601802 0.202077 1.778654 0.999277 0.033804 2.059022 0.704531 0.386531 2.087856 0.820500 0.320125 0.420820 1.292650 0.034851 0.430767 1.229621 0.017987 0.437423 1.294432 0.037982 1.573649 1.054176 0.004882 
2.022915 0.595497 0.178357 1.778839 0.998053 0.030400 2.062223 0.691740 0.365627 2.090231 0.809881 0.302794 0.424338 1.297358 0.048514 0.433524 1.234705 0.029906 0.440968 1.298865 0.051649 1.573668 1.054019 0.004898 
2.064996 0.680646 0.350637 2.092621 0.800445 0.290846 2.023707 0.589716 0.161151 1.778950 0.996779 0.026778 0.426592 1.299706 0.064066 0.435163 1.237478 0.043811 0.443257 1.301012 0.067104 1.573664 1.053851 0.004915 
2.067753 0.671224 0.339414 2.095187 0.792263 0.282082 2.025091 0.584528 0.148255 1.779037 0.995611 0.023232 0.427394 1.298922 0.080701 0.435622 1.237149 0.058966 0.444096 1.300138 0.083570 1.573690 1.053708 0.004925 
2.070679 0.663463 0.330236 2.098004 0.785550 0.275120 2.027083 0.580501 0.137637 1.779070 0.994467 0.019820 0.427155 1.296123 0.097959 0.435137 1.234784 0.074941 0.443897 1.297314 0.100591 1.573742 1.053597 0.004930 
2.073910 0.657274 0.322069 2.101074 0.780205 0.268777 2.029454 0.577393 0.128367 1.779067 0.993430 0.016476 0.426621 1.292190 0.115251 0.434407 1.231276 0.091065 0.443402 1.293396 0.117616 1.573798 1.053506 0.004935 
2.077340 0.652318 0.314716 2.104298 0.775940 0.262940 2.032068 0.575008 0.120162 1.779039 0.992537 0.013252 0.426154 1.287286 0.132247 0.433810 1.226812 0.106943 0.442967 1.288535 0.134347 1.573854 1.053431 0.004938 
2.080901 0.648289 0.307988 2.107612 0.772579 0.257706 2.035068 0.573429 0.112609 1.779007 0.991816 0.010154 0.425778 1.281614 0.148921 0.433355 1.221598 0.122527 0.442616 1.282929 0.150764 1.573917 1.053366 0.004941 
2.084183 0.646359 0.300878 2.110150 0.771161 0.251483 2.038755 0.572630 0.104975 1.778906 0.991004 0.006872 0.430942 1.276431 0.162148 0.438431 1.216813 0.134843 0.447776 1.277657 0.164088 1.573983 1.053299 0.004944 
2.087872 0.645147 0.291764 2.112867 0.770562 0.243431 2.041463 0.573125 0.095456 1.779371 0.990879 0.004978 0.441451 1.273319 0.170238 0.448970 1.214222 0.141830 0.458246 1.274321 0.172599 1.574318 1.052773 0.004940 
2.090990 0.644986 0.282408 2.114807 0.771014 0.235086 2.043147 0.574629 0.085840 1.780433 0.990812 0.004960 0.449637 1.269181 0.177646 0.457376 1.210769 0.147910 0.466382 1.269996 0.180402 1.574918 1.051157 0.004935 
2.093624 0.645522 0.275035 2.116371 0.772016 0.228435 2.044473 0.576341 0.078372 1.780962 0.990760 0.004990 0.452465 1.262168 0.186687 0.460648 1.204576 0.155506 0.469180 1.262947 0.189635 1.575025 1.049646 0.004946 
2.097218 0.648317 0.271650 2.118960 0.774947 0.224938 2.047223 0.578901 0.075284 1.781801 0.991328 0.004985 0.451697 1.250940 0.199095 0.460483 1.194162 0.166612 0.468409 1.251855 0.202015 1.575457 1.048772 0.005000 
2.101854 0.655135 0.270263 2.122410 0.782269 0.224390 2.055183 0.585961 0.072995 1.782233 0.992201 0.004982 0.450059 1.231843 0.205055 0.459932 1.174870 0.173233 0.466755 1.233136 0.207922 1.575649 1.048775 0.004997 
2.107949 0.663146 0.264431 2.126516 0.791134 0.220113 2.062489 0.595631 0.066308 1.782611 0.992962 0.004993 0.446096 1.210538 0.195173 0.456561 1.151903 0.166740 0.462809 1.212315 0.197659 1.575827 1.048805 0.004992 
2.112943 0.669910 0.258911 2.129494 0.798751 0.216298 2.068617 0.604310 0.059890 1.783403 0.995830 0.004953 0.450498 1.198870 0.179719 0.460768 1.138968 0.153983 0.467202 1.200637 0.182271 1.575975 1.049228 0.004979 
2.116557 0.673483 0.256605 2.131429 0.803043 0.215583 2.074091 0.609599 0.056622 1.784400 0.999806 0.004973 0.456022 1.189547 0.161126 0.466053 1.128862 0.137195 0.472685 1.191158 0.164025 1.575977 1.049176 0.004950 
2.118406 0.673145 0.256005 2.131815 0.803558 0.217242 2.078747 0.611959 0.054607 1.784977 1.003517 0.004976 0.458609 1.178804 0.135758 0.469152 1.117681 0.113201 0.475178 1.180406 0.139160 1.575585 1.048603 0.005110 
2.115038 0.666690 0.254894 2.127913 0.798275 0.220117 2.080048 0.610894 0.051080 1.778973 1.001132 0.005230 0.470942 1.173443 0.106104 0.482385 1.112106 0.084593 0.487261 1.174912 0.110598 1.569508 1.045743 0.008681 
2.108531 0.655698 0.252394 2.121750 0.788706 0.223685 0.487637 1.177190 0.079468 1.771093 0.999295 0.008416 2.078335 0.608768 0.045600 0.499175 1.115487 0.059084 0.503632 1.178326 0.085085 1.562129 1.045643 0.016404 
2.100968 0.641215 0.247868 2.115407 0.775547 0.226982 0.501687 1.192463 0.056509 1.765807 1.000004 0.017819 2.072865 0.606423 0.038399 0.512076 1.130355 0.036746 0.517416 1.193059 0.062904 1.557552 1.048652 0.029684 
2.092038 0.624436 0.241289 2.108603 0.759635 0.229594 0.516544 1.213995 0.033548 1.763405 1.003094 0.034318 0.524948 1.151375 0.014464 0.532033 1.213946 0.040531 1.555812 1.053988 0.048190 
2.082407 0.606845 0.232950 2.101707 0.742175 0.231207 0.527075 1.225744 0.020648 1.764265 1.006815 0.055815 0.531725 1.161966 0.004317 0.542345 1.224960 0.028056 1.557223 1.059902 0.069712 
2.074807 0.594844 0.228916 2.095453 0.729844 0.235145 0.530040 1.226766 0.017830 1.764499 1.007457 0.071806 0.531683 1.162172 0.004382 0.545208 1.225578 0.025391 1.557911 1.062097 0.086422 
2.071829 0.587834 0.229394 2.092353 0.722761 0.237335 0.531473 1.226861 0.017618 0.531654 1.162191 0.004436 1.762585 0.998869 0.075442 0.546563 1.225342 0.025276 1.556548 1.055315 0.090946 
2.069118 0.577122 0.229930 2.090364 0.712006 0.236610 0.530183 1.226413 0.019162 0.531641 1.162081 0.004488 1.761383 0.987051 0.070874 0.545284 1.225008 0.026820 1.556100 1.045867 0.087521 
2.066028 0.562362 0.229430 2.089489 0.696989 0.233282 0.530375 1.228103 0.020004 1.762749 0.975566 0.060771 0.532894 1.163991 0.004536 0.545625 1.226918 0.027398 1.558470 1.037478 0.078513 
2.066422 0.552593 0.231948 2.091509 0.686982 0.232130 0.541047 1.237072 0.020953 1.764348 0.968765 0.047435 0.543546 1.173184 0.004580 0.556270 1.235764 0.028382 1.560751 1.032339 0.067040 
2.070406 0.551219 0.234163 2.095319 0.685628 0.232314 0.553824 1.238567 0.019923 1.768084 0.965808 0.035621 0.555835 1.174329 0.004909 0.568921 1.237244 0.027604 1.565043 1.030583 0.056986 
2.072711 0.550144 0.233486 2.098024 0.684488 0.232596 0.554608 1.239244 0.016634 1.773491 0.965063 0.036426 0.555875 1.174304 0.004922 0.569758 1.238166 0.024248 1.570817 1.031448 0.056276 
2.072341 0.549803 0.233632 2.098071 0.684067 0.232649 0.557463 1.240289 0.011843 1.778359 0.959780 0.036046 0.555901 1.174669 0.004938 0.572622 1.239130 0.019427 1.576680 1.029711 0.053741 
2.073076 0.555023 0.236471 2.098646 0.689256 0.232278 0.560307 1.240679 0.008515 1.779976 0.957658 0.032501 0.555895 1.174923 0.004947 0.575411 1.239250 0.016163 1.578340 1.028344 0.047476 
2.074263 0.562682 0.240164 2.099501 0.696765 0.231517 0.560319 1.240659 0.008664 1.780008 0.959205 0.027815 0.555835 1.174917 0.004946 0.575330 1.239193 0.016485 1.577692 1.028492 0.039869 
2.074877 0.572590 0.240996 2.098485 0.706911 0.231488 0.559421 1.237242 0.009221 1.778868 0.960129 0.025756 0.555734 1.171483 0.004954 0.574284 1.235881 0.017338 1.575867 1.027722 0.035719 
2.074153 0.576904 0.238816 2.096534 0.711603 0.232109 0.558302 1.237211 0.009376 1.778871 0.961077 0.028599 0.555639 1.171413 0.004966 0.573019 1.236052 0.017785 1.575961 1.028978 0.038337 
2.069251 0.569461 0.234099 2.092836 0.704117 0.233020 0.558710 1.237503 0.006895 1.779265 0.963861 0.034232 0.555632 1.171602 0.004970 0.573412 1.236569 0.015359 1.577083 1.033629 0.045737 
2.064888 0.559735 0.230560 2.090679 0.693900 0.235507 0.560002 1.237772 0.004879 0.554630 1.172029 0.007119 1.779790 0.973699 0.040685 0.574932 1.236826 0.012932 1.577910 1.043806 0.055077 
2.089690 0.700155 0.021602 0.562212 1.242405 0.004952 0.555718 1.176886 0.009546 1.783272 0.987745 0.045202 2.065356 0.556275 0.230226 0.577562 1.241390 0.012164 1.581034 1.056547 0.060815 
2.097844 0.708186 0.022930 0.574474 1.245579 0.011896 0.568037 1.180327 0.019423 1.792619 0.989816 0.044390 2.071323 0.565306 0.231975 0.589938 1.244862 0.018896 1.590485 1.059760 0.055675 
2.079033 0.580357 0.237913 0.578028 1.250030 0.022898 0.593703 1.249509 0.029432 1.599902 1.057242 0.042240 1.801599 0.985344 0.037060 2.104919 0.714589 0.239136 0.571123 1.185392 0.034313 
0.578699 1.264617 0.035957 0.571158 1.200096 0.047622 0.594477 1.263905 0.042219 1.604794 1.055380 0.030097 2.082310 0.592069 0.248421 1.805821 0.981453 0.029176 2.108237 0.726134 0.241775 
0.573287 1.277010 0.050430 0.566243 1.212168 0.060523 0.589162 1.276220 0.056433 1.606799 1.054729 0.022823 2.075310 0.570522 0.052607 1.806950 0.978464 0.023885 2.106963 0.730516 0.251041 
0.560088 1.276773 0.061612 0.554633 1.211735 0.071427 1.181883 0.199409 0.382822 1.117149 0.186653 0.384492 1.806762 0.979006 0.022442 2.104045 0.732273 0.265788 0.576172 1.276246 0.067060 1.606638 1.055268 0.018939 2.073031 0.566011 0.072470 
0.552295 1.269666 0.067775 0.548329 1.204594 0.078061 1.240431 0.228477 0.450243 1.178420 0.207335 0.458220 1.804916 0.981736 0.022377 2.102180 0.736457 0.281157 0.568505 1.269482 0.072860 1.604553 1.057353 0.018525 2.075043 0.567263 0.089811 
1.220975 0.242347 0.520293 0.547149 1.258949 0.071432 1.803683 0.988051 0.025963 2.101763 0.743963 0.291533 1.214048 0.251935 0.507806 0.544477 1.194099 0.083401 0.563481 1.259140 0.076111 1.602622 1.061773 0.021824 2.079648 0.575159 0.099198 
1.248897 0.275075 0.566279 0.544514 1.250076 0.074110 1.803001 0.995835 0.031700 2.102415 0.755126 0.294922 1.241162 0.282948 0.553087 0.542541 1.185666 0.088372 0.560943 1.250527 0.078417 1.601089 1.067096 0.026147 2.083783 0.587868 0.100875 
1.266429 0.297338 0.591866 0.542329 1.245618 0.077669 1.802600 1.002747 0.035367 2.103777 0.769228 0.294791 1.258275 0.304248 0.578390 0.540737 1.181627 0.093750 0.558828 1.246215 0.081678 1.599930 1.071628 0.027738 2.086803 0.601362 0.101117 
1.277122 0.306420 0.598501 0.538601 1.243329 0.082398 1.802312 1.008446 0.035239 2.105624 0.784226 0.295225 1.268711 0.313149 0.585091 0.537535 1.179655 0.099733 0.555165 1.244062 0.086108 1.599082 1.075428 0.025824 2.089493 0.612887 0.104543 2.112427 0.746970 0.081310 
1.284109 0.306115 0.594878 0.535411 1.240816 0.087007 1.802172 1.013636 0.032123 2.108046 0.798457 0.297270 1.275515 0.313115 0.581726 0.535073 1.177391 0.105260 0.552017 1.241729 0.090486 1.598433 1.078921 0.021830 2.092812 0.622305 0.110951 2.114642 0.755942 0.084332 
1.288753 0.302035 0.588298 0.532966 1.237416 0.092243 1.802132 1.019126 0.028260 2.111059 0.811741 0.298807 1.280041 0.309474 0.575469 0.533422 1.174224 0.111285 0.549605 1.238516 0.095497 1.597787 1.082476 0.017905 2.096956 0.631472 0.116376 2.117658 0.764673 0.086829 
1.294284 0.298879 0.584041 0.530936 1.233234 0.098855 1.802115 1.025020 0.025234 2.114077 0.823656 0.298651 1.285474 0.306632 0.571467 0.532123 1.170275 0.118623 0.547614 1.234486 0.101843 1.597125 1.086305 0.015184 2.101426 0.641011 0.118492 2.120804 0.774026 0.087262 
1.303760 0.298945 0.582252 0.529025 1.228858 0.107081 1.802035 1.030687 0.022858 2.116965 0.833862 0.296014 1.294778 0.306757 0.569837 0.530870 1.166056 0.127293 0.545743 1.230220 0.109786 1.596448 1.090029 0.013363 2.105536 0.650337 0.116670 2.123452 0.783409 0.084813 
1.317095 0.301094 0.581223 0.527340 1.223751 0.116549 1.801901 1.036159 0.020485 2.119772 0.841895 0.291862 1.307844 0.308773 0.568923 0.529911 1.160998 0.136834 0.544092 1.225219 0.118967 1.595740 1.093627 0.011950 2.109354 0.658643 0.112176 2.125864 0.791947 0.080528 
1.332272 0.303210 0.578587 0.525918 1.217865 0.127342 1.801723 1.041478 0.017919 2.122602 0.848193 0.286435 1.322710 0.310706 0.566413 0.529267 1.155089 0.147440 0.542702 1.219440 0.129462 1.595012 1.097123 0.010735 2.113012 0.666136 0.105493 2.128164 0.799806 0.074724 
1.348229 0.303677 0.572860 0.524648 1.211837 0.139807 1.801383 1.043672 0.016420 2.125124 0.853120 0.279969 1.338326 0.310999 0.560854 0.528774 1.148956 0.159428 0.541459 1.213504 0.141616 1.594305 1.098039 0.010058 2.116061 0.672939 0.097133 2.129892 0.807057 0.067721 
1.362482 0.301306 0.562879 0.523494 1.206949 0.154429 1.801125 1.044690 0.016255 2.126634 0.855955 0.274173 1.352231 0.308547 0.551117 0.528329 1.143878 0.173261 0.540331 1.208679 0.155901 1.593840 1.098327 0.010437 2.117827 0.678161 0.089002 2.130556 0.812753 0.061307 
1.373427 0.295768 0.548672 0.521828 1.202863 0.170679 1.801069 1.045341 0.016366 2.127862 0.855703 0.269670 1.362874 0.303051 0.537207 0.527303 1.139556 0.188519 0.538691 1.204628 0.171767 1.593709 1.098773 0.011420 2.119058 0.679989 0.082523 2.131234 0.814930 0.056316 
1.379480 0.287339 0.531833 0.519266 1.199249 0.183716 1.801124 1.045187 0.016350 2.128589 0.852959 0.265225 1.368763 0.294798 0.520636 0.525139 1.135596 0.200141 0.536143 1.201021 0.184549 1.593753 1.098674 0.012552 2.119096 0.679347 0.076161 2.131156 0.814574 0.051417 
1.380866 0.276228 0.515023 0.517890 1.194855 0.191979 1.801153 1.044899 0.017375 2.128660 0.848417 0.262804 1.370099 0.283961 0.504063 0.524068 1.130846 0.206836 0.534766 1.196662 0.192747 1.593793 1.098490 0.014612 2.118831 0.677750 0.071094 
1.378667 0.263297 0.499329 0.517846 1.190284 0.196849 1.801203 1.044401 0.018907 2.128453 0.842282 0.261346 1.367939 0.271360 0.488571 0.524175 1.125971 0.210255 0.534717 1.192117 0.197674 1.593866 1.098132 0.017437 2.118517 0.675488 0.066261 
1.374333 0.249693 0.483792 0.518797 1.187279 0.200040 1.801274 1.044023 0.020913 2.128052 0.834605 0.260414 1.363703 0.258133 0.473229 0.524968 1.122663 0.211984 0.535664 1.189070 0.201014 1.593981 1.097945 0.020907 2.117879 0.672113 0.061745 
1.368929 0.236191 0.468361 0.520014 1.184883 0.203568 1.801750 1.043831 0.024688 2.127489 0.825809 0.259917 1.358427 0.245035 0.458002 0.525969 1.120005 0.214121 0.536879 1.186612 0.204682 1.594498 1.097901 0.025464 2.116862 0.667651 0.057804 
1.363486 0.223689 0.453547 0.520887 1.182654 0.208259 1.802082 1.043196 0.028024 2.126932 0.817135 0.259821 1.353112 0.232924 0.443402 0.526662 1.117565 0.217535 0.537753 1.184320 0.209451 1.594905 1.097526 0.029967 2.115867 0.662882 0.054735 
1.359204 0.212943 0.439831 0.521736 1.180680 0.213968 1.802492 1.041269 0.030783 2.126678 0.809287 0.259238 1.348931 0.222512 0.429894 0.527346 1.115415 0.222029 0.538606 1.182281 0.215190 1.595459 1.096097 0.033813 2.115178 0.658586 0.051552 
1.356629 0.204252 0.427349 0.522853 1.179013 0.220182 1.803151 1.038826 0.032885 2.126730 0.802081 0.257716 1.346409 0.214074 0.417607 0.528299 1.113600 0.227068 0.539729 1.180547 0.221411 1.596295 1.094249 0.036983 2.114716 0.654825 0.047602 
1.355446 0.197037 0.416079 0.524165 1.177420 0.226570 1.803879 1.036480 0.034544 2.126986 0.795087 0.254894 1.345236 0.207048 0.406519 0.529448 1.111887 0.232364 0.541048 1.178889 0.227785 1.597188 1.092428 0.039669 2.114145 0.651187 0.042516 
1.354797 0.190560 0.405509 0.525278 1.175478 0.232664 1.804708 1.034539 0.036455 2.127252 0.788834 0.251814 1.344590 0.200734 0.396120 0.530424 1.109853 0.237446 0.542167 1.176890 0.233862 1.598128 1.090823 0.042305 2.113616 0.648265 0.037266 
1.354595 0.184674 0.395377 0.526007 1.172968 0.238339 1.805231 1.033061 0.038327 2.113270 0.646249 0.032544 2.129095 0.783337 0.031921 1.344385 0.194989 0.386147 0.531067 1.107272 0.242138 0.542901 1.174338 0.239524 1.598727 1.089535 0.044988 
0.526353 1.169842 0.243481 1.354747 0.179171 0.385482 1.805405 1.032081 0.040188 2.113124 0.645148 0.028386 2.129052 0.782219 0.029772 1.344530 0.189612 0.376402 0.531378 1.104094 0.246312 0.543249 1.171184 0.244663 1.598941 1.088583 0.047792 
1.355175 0.173858 0.375530 0.526563 1.166312 0.248262 1.805451 1.031421 0.042031 2.129064 0.781707 0.027724 1.344949 0.184420 0.366602 0.531584 1.100530 0.250126 0.543460 1.167636 0.249450 1.598998 1.087826 0.050612 2.113120 0.644673 0.024347 
1.355642 0.168634 0.365384 0.526742 1.162604 0.253023 1.805489 1.030794 0.043885 2.129084 0.781321 0.025659 1.345405 0.179315 0.356612 0.531768 1.096802 0.253912 0.543639 1.163911 0.254219 1.599043 1.087064 0.053436 2.113138 0.644351 0.020279 
1.356021 0.163383 0.354955 0.526928 1.158746 0.257830 1.805526 1.030123 0.045765 2.129103 0.780955 0.023546 1.345777 0.174187 0.346343 0.531960 1.092939 0.257720 0.543827 1.160036 0.259032 1.599087 1.086241 0.056310 2.112347 0.632955 0.230023 
1.356302 0.158151 0.344226 0.526791 1.154475 0.262489 1.805520 1.029555 0.047626 2.130223 0.780409 0.025275 1.346055 0.169081 0.335777 0.531865 1.088680 0.261380 0.543690 1.155758 0.263696 1.599070 1.085451 0.059120 2.114336 0.643643 0.015977 
1.356720 0.153165 0.333412 0.526342 1.149802 0.266666 1.805101 1.029355 0.049538 2.131055 0.779883 0.026928 1.346472 0.164215 0.325122 0.531496 1.084038 0.264540 0.543239 1.151087 0.267892 1.598623 1.084919 0.062075 2.115227 0.643244 0.015826 
1.357287 0.148537 0.322493 0.525454 1.144675 0.270343 1.804669 1.029327 0.052248 2.131542 0.779557 0.028483 1.347038 0.159701 0.314358 0.530749 1.078965 0.267173 0.542348 1.145976 0.271600 1.598125 1.084484 0.065469 2.115807 0.643056 0.015679 
1.357515 0.144143 0.311320 0.524220 1.139391 0.273388 1.804418 1.029011 0.055901 2.131667 0.779189 0.030107 1.347269 0.155420 0.303339 0.529699 1.073758 0.269125 0.541108 1.140717 0.274690 1.597799 1.083830 0.069370 2.116002 0.642859 0.015522 
1.357050 0.139674 0.300160 0.522812 1.134123 0.275600 1.804163 1.028368 0.060219 2.131575 0.778738 0.031954 1.346821 0.151069 0.292326 0.528469 1.068583 0.270261 0.539694 1.135469 0.276964 1.597479 1.082917 0.073776 2.115954 0.642635 0.015339 
1.355645 0.134730 0.288996 0.521612 1.129278 0.277158 0.527407 1.063848 0.270730 1.803954 1.027439 0.064859 2.131540 0.778143 0.033933 0.538486 1.130631 0.278601 1.597214 1.081743 0.078539 2.115976 0.642317 0.015139 
1.353027 0.129519 0.278942 0.522360 1.125262 0.280335 0.528450 1.059966 0.272897 1.803840 1.027191 0.065656 2.132783 0.777759 0.035253 0.539225 1.126663 0.281844 1.597105 1.081235 0.080406 2.117301 0.642133 0.015012 
1.351683 0.126238 0.271015 0.521933 1.121501 0.285641 0.528254 1.056276 0.277787 1.803393 1.027550 0.064889 2.133470 0.777657 0.035604 0.538801 1.122967 0.287048 1.596654 1.081296 0.080649 2.118062 0.642080 0.014979 
1.351790 0.125166 0.266885 0.520752 1.118615 0.289935 0.527291 1.053428 0.281939 1.803095 1.028135 0.064521 2.133600 0.777708 0.035488 0.537625 1.120152 0.291207 1.596310 1.081626 0.080531 2.118247 0.642104 0.014995 
1.352952 0.125812 0.266896 0.519686 1.117200 0.291713 0.526380 1.052023 0.283766 1.802892 1.028739 0.063976 2.133586 0.777800 0.035270 0.536560 1.118788 0.292900 1.596063 1.082072 0.079950 2.118197 0.642164 0.015021 
1.354216 0.127505 0.269773 0.519206 1.117520 0.290824 0.525961 1.052328 0.283057 1.802745 1.029278 0.063357 2.133291 0.777922 0.034863 0.536079 1.119128 0.291999 1.595881 1.082555 0.079054 2.117844 0.642226 0.015062 
1.354939 0.129886 0.274975 0.518833 1.119045 0.288280 0.525611 1.053812 0.280888 1.802656 1.029677 0.062632 2.132675 0.778143 0.034187 0.535704 1.120664 0.289464 1.595770 1.083028 0.077784 2.117180 0.642347 0.015128 
1.355203 0.132789 0.281846 0.518607 1.121696 0.284490 0.525338 1.056402 0.277611 1.802547 1.029952 0.062026 2.131731 0.778434 0.033363 0.535477 1.123307 0.285710 1.595660 1.083483 0.076520 2.116173 0.642521 0.015209 
1.355647 0.135890 0.289447 0.519074 1.125224 0.280652 0.525578 1.059856 0.274273 1.802676 1.029504 0.061922 2.130988 0.778536 0.032935 0.535945 1.126777 0.281936 1.595843 1.083389 0.075855 2.115355 0.642569 0.015249 
1.355729 0.138351 0.296704 0.519588 1.128436 0.277559 0.525850 1.062998 0.271680 1.802813 1.028974 0.061955 2.130465 0.778599 0.032673 0.536460 1.129932 0.278878 1.596034 1.083167 0.075495 2.114801 0.642599 0.015273 
1.355034 0.139895 0.302731 0.520020 1.131087 0.275362 0.526077 1.065591 0.269921 1.802945 1.028484 0.061922 2.130111 0.778649 0.032470 0.536896 1.132538 0.276690 1.596218 1.082939 0.075191 2.114435 0.642622 0.015293 
1.353746 0.140608 0.306868 0.520354 1.133114 0.273993 0.526265 1.067579 0.268870 1.803082 1.028056 0.061690 2.129867 0.778705 0.032241 0.537232 1.134532 0.275320 1.596405 1.082749 0.074760 2.114187 0.642647 0.015316 
1.352685 0.140973 0.309301 0.520575 1.134439 0.273339 0.526413 1.068883 0.268397 1.803203 1.027758 0.061272 2.129736 0.778767 0.031988 0.537455 1.135842 0.274660 1.596568 1.082640 0.074220 2.114054 0.642676 0.015340 
1.352523 0.141390 0.310641 0.520697 1.135019 0.273136 1.803252 1.027757 0.060798 2.129735 0.778818 0.031779 1.342426 0.152732 0.302565 0.526522 1.069454 0.268303 0.537578 1.136422 0.274447 1.596631 1.082698 0.073725 2.114052 0.642698 0.015362 
1.352591 0.141677 0.311281 0.520724 1.135268 0.273041 1.803265 1.027813 0.060521 2.129742 0.778847 0.031663 1.342492 0.153012 0.303196 0.526548 1.069699 0.268267 0.537606 1.136672 0.274344 1.596647 1.082766 0.073443 2.114056 0.642713 0.015374 
1.352600 0.141724 0.311383 0.520699 1.135306 0.273021 1.803267 1.027823 0.060475 2.129743 0.778852 0.031644 1.342501 0.153058 0.303296 0.526523 1.069736 0.268257 0.537581 1.136711 0.274320 1.596650 1.082777 0.073395 2.114056 0.642715 0.015377 
1.352559 0.141533 0.310938 0.520623 1.135130 0.273082 1.803258 1.027786 0.060656 2.129738 0.778833 0.031722 1.342461 0.152872 0.302858 0.526447 1.069564 0.268277 0.537505 1.136535 0.274382 1.596638 1.082732 0.073578 2.114054 0.642706 0.015369 
1.352476 0.141107 0.309926 0.520492 1.134732 0.273234 0.526320 1.069173 0.268336 1.803238 1.027703 0.061060 2.129728 0.778789 0.031895 0.537374 1.136136 0.274539 1.596614 1.082631 0.073989 2.114049 0.642685 0.015352 
1.352348 0.140438 0.308332 0.520306 1.134105 0.273480 0.526140 1.068557 0.268436 1.803206 1.027572 0.061693 2.129711 0.778721 0.032167 0.537187 1.135506 0.274793 1.596576 1.082473 0.074632 2.114041 0.642652 0.015325 
1.352155 0.139513 0.306154 0.520064 1.133244 0.273813 0.525906 1.067712 0.268568 1.803162 1.027389 0.062568 2.129688 0.778626 0.032541 0.536945 1.134642 0.275140 1.596522 1.082252 0.075522 2.114030 0.642607 0.015288 
1.351889 0.138324 0.303372 0.519766 1.132145 0.274220 0.525616 1.066635 0.268720 1.803104 1.027147 0.063705 2.129658 0.778500 0.033027 0.536645 1.133540 0.275565 1.596452 1.081960 0.076677 2.114016 0.642548 0.015239 
1.351491 0.136823 0.299956 0.519407 1.130852 0.274701 0.525271 1.065372 0.268870 1.803057 1.026840 0.065092 2.129652 0.778318 0.033614 0.536284 1.132242 0.276067 1.596392 1.081596 0.078086 2.114028 0.642450 0.015179 
1.350794 0.134973 0.296403 0.519612 1.129721 0.276133 0.525561 1.064277 0.269995 1.803242 1.026667 0.064938 2.130233 0.778148 0.033887 0.536489 1.131128 0.277489 1.596584 1.081379 0.078234 2.114640 0.642317 0.015153 
1.350730 0.133764 0.293510 0.519744 1.128777 0.278028 0.525719 1.063350 0.271736 1.803289 1.026651 0.064537 2.130759 0.778103 0.034074 0.536623 1.130192 0.279347 1.596637 1.081295 0.078194 2.115206 0.642297 0.015136 
1.351132 0.133195 0.291704 0.519708 1.127852 0.279759 0.525726 1.062440 0.273351 1.803303 1.026740 0.064200 2.131143 0.778079 0.034164 0.536590 1.129279 0.281038 1.596647 1.081304 0.078121 2.115619 0.642283 0.015130 
1.351737 0.133083 0.290781 0.519495 1.127102 0.281036 0.525558 1.061701 0.274558 1.803278 1.026934 0.063953 2.131340 0.778086 0.034149 0.536378 1.128544 0.282280 1.596609 1.081411 0.078017 2.115834 0.642285 0.015132 
1.352141 0.133132 0.290435 0.519218 1.126715 0.281662 0.525307 1.061320 0.275155 1.803244 1.027116 0.063826 2.131377 0.778109 0.034070 0.536102 1.128166 0.282882 1.596561 1.081532 0.077927 2.115883 0.642295 0.015140 
1.352146 0.133119 0.290445 0.519141 1.126687 0.281720 0.525231 1.061292 0.275210 1.803240 1.027139 0.063808 2.131379 0.778112 0.034059 0.536026 1.128138 0.282935 1.596555 1.081548 0.077911 2.115886 0.642296 0.015141 
1.352094 0.133090 0.290497 0.519121 1.126690 0.281716 0.525211 1.061295 0.275208 1.803240 1.027140 0.063801 2.131379 0.778113 0.034057 0.536006 1.128142 0.282929 1.596555 1.081550 0.077904 2.115886 0.642296 0.015141 
1.352064 0.133075 0.290532 0.519097 1.126692 0.281713 0.525187 1.061297 0.275206 1.803240 1.027142 0.063796 2.131379 0.778114 0.034055 0.535982 1.128144 0.282924 1.596555 1.081551 0.077898 2.115886 0.642297 0.015141 
1.352038 0.133062 0.290562 0.519072 1.126694 0.281711 0.525161 1.061298 0.275205 1.803240 1.027143 0.063791 2.131379 0.778114 0.034053 0.535956 1.128146 0.282920 1.596555 1.081552 0.077893 2.115886 0.642297 0.015141 
1.352013 0.133050 0.290590 0.519044 1.126695 0.281711 0.525134 1.061299 0.275206 1.803240 1.027143 0.063787 2.131379 0.778115 0.034051 0.535929 1.128147 0.282918 1.596556 1.081553 0.077888 2.115886 0.642297 0.015141 
1.351995 0.133043 0.290626 0.518996 1.126701 0.281732 0.525084 1.061305 0.275227 1.803240 1.027144 0.063782 2.131379 0.778115 0.034049 0.535881 1.128153 0.282935 1.596556 1.081554 0.077884 2.115886 0.642297 0.015141 
1.351988 0.133048 0.290688 0.518923 1.126711 0.281775 0.525008 1.061315 0.275270 1.803240 1.027145 0.063779 2.131380 0.778115 0.034048 0.535809 1.128163 0.282973 1.596556 1.081555 0.077880 2.115886 0.642297 0.015141 
1.351979 0.133057 0.290795 0.518840 1.126723 0.281828 0.524920 1.061326 0.275322 1.803241 1.027146 0.063776 2.131380 0.778116 0.034047 0.535726 1.128174 0.283020 1.596556 1.081556 0.077877 2.115886 0.642298 0.015141 
1.351958 0.133064 0.290946 0.518756 1.126735 0.281883 0.524832 1.061338 0.275375 1.803241 1.027147 0.063775 2.131380 0.778116 0.034046 0.535643 1.128185 0.283069 1.596556 1.081558 0.077875 2.115886 0.642298 0.015141 
1.351929 0.133067 0.291117 0.518675 1.126746 0.281935 0.524747 1.061349 0.275427 1.803241 1.027149 0.063773 2.131380 0.778116 0.034045 0.535562 1.128196 0.283116 1.596557 1.081559 0.077873 2.115886 0.642298 0.015142 
1.351896 0.133066 0.291284 0.518596 1.126757 0.281987 0.524664 1.061360 0.275478 1.803242 1.027150 0.063772 2.131380 0.778117 0.034044 0.535483 1.128207 0.283162 1.596557 1.081560 0.077872 2.115886 0.642298 0.015142 
1.351864 0.133064 0.291433 0.518518 1.126767 0.282038 0.524582 1.061370 0.275528 1.803242 1.027151 0.063771 2.131380 0.778117 0.034043 0.535405 1.128217 0.283208 1.596557 1.081562 0.077871 2.115886 0.642298 0.015142 
1.351833 0.133059 0.291559 0.518441 1.126778 0.282089 0.524500 1.061380 0.275578 1.803242 1.027153 0.063771 2.131380 0.778117 0.034042 0.535329 1.128227 0.283253 1.596558 1.081563 0.077870 2.115886 0.642298 0.015142 
1.351803 0.133052 0.291670 0.518364 1.126788 0.282140 0.524420 1.061390 0.275628 1.803243 1.027154 0.063770 2.131380 0.778117 0.034041 0.535253 1.128237 0.283299 1.596558 1.081564 0.077870 2.115886 0.642298 0.015142 
1.351772 0.133045 0.291775 0.518289 1.126794 0.282195 0.524342 1.061396 0.275682 1.803243 1.027155 0.063770 2.131379 0.778117 0.034041 0.535178 1.128242 0.283348 1.596559 1.081566 0.077869 2.115886 0.642298 0.015142 
1.351740 0.133036 0.291882 0.518212 1.126789 0.282276 0.524263 1.061390 0.275763 1.803243 1.027156 0.063770 2.131380 0.778117 0.034040 0.535101 1.128237 0.283423 1.596559 1.081567 0.077869 2.115886 0.642298 0.015142 
1.351708 0.133029 0.291996 0.518123 1.126774 0.282392 0.524172 1.061375 0.275879 1.803244 1.027157 0.063770 2.131380 0.778118 0.034039 0.535013 1.128223 0.283531 1.596559 1.081568 0.077869 2.115886 0.642298 0.015142 
1.351678 0.133023 0.292116 0.518022 1.126755 0.282531 0.524070 1.061356 0.276018 1.803244 1.027158 0.063770 2.131380 0.778118 0.034039 0.534912 1.128204 0.283661 1.596560 1.081569 0.077869 2.115886 0.642298 0.015142 
1.351649 0.133019 0.292239 0.517917 1.126734 0.282677 0.523964 1.061335 0.276164 1.803244 1.027159 0.063771 2.131380 0.778118 0.034038 0.534808 1.128184 0.283797 1.596560 1.081570 0.077869 2.115886 0.642299 0.015142 
1.351622 0.133016 0.292362 0.517816 1.126716 0.282814 0.523861 1.061317 0.276301 1.803245 1.027160 0.063771 2.131380 0.778118 0.034038 0.534707 1.128167 0.283925 1.596560 1.081571 0.077869 2.115886 0.642299 0.015142 
1.351596 0.133014 0.292481 0.517721 1.126701 0.282938 0.523765 1.061302 0.276425 1.803245 1.027161 0.063771 2.131380 0.778118 0.034038 0.534613 1.128152 0.284041 1.596561 1.081572 0.077870 2.115886 0.642299 0.015142 
1.351569 0.133011 0.292597 0.517634 1.126688 0.283050 0.523675 1.061288 0.276537 1.803245 1.027163 0.063772 2.131380 0.778118 0.034037 0.534526 1.128139 0.284146 1.596561 1.081573 0.077870 2.115886 0.642299 0.015142 
1.351542 0.133006 0.292709 0.517550 1.126675 0.283156 0.523590 1.061275 0.276643 1.803245 1.027164 0.063772 2.131380 0.778118 0.034037 0.534442 1.128127 0.284245 1.596561 1.081574 0.077871 2.115886 0.642299 0.015142 
1.351515 0.133001 0.292819 0.517467 1.126662 0.283262 0.523505 1.061262 0.276750 1.803246 1.027165 0.063773 2.131380 0.778118 0.034037 0.534360 1.128114 0.284344 1.596561 1.081575 0.077871 2.115886 0.642299 0.015142 
1.351487 0.132995 0.292927 0.517383 1.126648 0.283372 0.523420 1.061248 0.276859 1.803246 1.027166 0.063773 2.131380 0.778118 0.034036 0.534276 1.128100 0.284445 1.596562 1.081577 0.077872 2.115886 0.642299 0.015142 
