-0.893908 0.448249 0.001511 -0.444339 -0.895844 0.005205 0.449809 0.893109 -0.005214 0.903681 -0.428204 -0.001626 
-0.893908 0.448248 0.001349 -0.444340 -0.895846 0.004710 0.449812 0.893111 -0.004718 0.903681 -0.428203 -0.001454 
-0.893909 0.448248 0.001185 -0.444342 -0.895847 0.004266 0.449813 0.893113 -0.004273 0.903682 -0.428203 -0.001280 
-0.893909 0.448247 0.001033 -0.444343 -0.895848 0.003866 0.449814 0.893114 -0.003872 0.903682 -0.428202 -0.001119 
-0.893845 0.448376 -0.000076 -0.444478 -0.895786 0.002539 0.449948 0.893051 -0.002539 0.903621 -0.428332 0.000019 
-0.893728 0.448605 -0.002006 -0.444713 -0.895662 0.004562 0.450183 0.892925 -0.004550 0.903509 -0.428564 0.001904 
-0.893665 0.448725 -0.002864 -0.444834 -0.895612 0.001396 0.450303 0.892875 -0.001379 0.903450 -0.428685 0.002832 
-0.893584 0.448873 -0.004580 -0.444992 -0.895530 0.002828 0.450460 0.892792 -0.002800 0.903372 -0.428835 0.004516 
-0.893584 0.448876 -0.004204 -0.444992 -0.895531 0.002549 0.450461 0.892793 -0.002523 0.903372 -0.428838 0.004147 
-0.893517 0.448997 -0.005366 -0.445112 -0.895475 0.000860 0.450581 0.892735 -0.000827 0.903307 -0.428961 0.005346 
-0.893354 0.449284 -0.007837 -0.445390 -0.895335 -0.001747 0.450857 0.892594 0.001795 0.903151 -0.429250 0.007875 
-0.893241 0.449473 -0.009718 -0.445593 -0.895235 -0.000804 0.451060 0.892493 0.000863 0.903042 -0.429442 0.009734 
-0.893198 0.449456 -0.013629 -0.445595 -0.895234 -0.000694 0.451062 0.892492 0.000777 0.902999 -0.429425 0.013642 
-0.889417 0.456819 -0.015938 -0.453001 -0.891510 0.000231 0.458444 0.888723 -0.000134 0.899384 -0.436869 0.015931 
-0.886259 0.463013 -0.012806 -0.459173 -0.888346 -0.001058 0.464597 0.885521 0.001136 0.896364 -0.443132 0.012828 
-0.886276 0.463030 -0.010908 -0.459184 -0.888341 -0.000853 0.464609 0.885516 0.000920 0.896381 -0.443150 0.010926 
-0.885127 0.465244 -0.009908 -0.461400 -0.887192 -0.000768 0.466818 0.884353 0.000828 0.895282 -0.445390 0.009923 
-0.882660 0.469667 -0.018037 -0.465890 -0.884843 -0.000208 0.471292 0.881977 0.000319 0.892915 -0.449864 0.018039 
-0.876465 0.480682 -0.027438 -0.477045 -0.878879 0.000251 0.482410 0.875946 -0.000083 0.886970 -0.461011 0.027428 
-0.876224 0.480556 -0.036023 -0.477049 -0.878877 0.000214 0.482412 0.875944 0.000007 0.886729 -0.460885 0.036013 
-0.876297 0.480010 -0.041160 -0.476592 -0.879125 0.000065 0.481955 0.876196 0.000187 0.886792 -0.460333 0.041152 
-0.881871 0.470042 -0.036926 -0.466512 -0.884515 -0.000016 0.471909 0.881647 0.000242 0.892141 -0.450247 0.036920 
-0.889403 0.455717 -0.035834 -0.451943 -0.892030 -0.005521 0.457386 0.889250 0.005740 0.899347 -0.435756 0.035951 
-0.895146 0.444179 -0.037680 -0.440144 -0.897846 -0.012105 0.445622 0.895136 0.012335 0.904825 -0.424090 0.037944 
-0.902738 0.428155 -0.041807 -0.423872 -0.905559 -0.017217 0.429397 0.902947 0.017473 0.912053 -0.407897 0.042184 
-0.908440 0.415061 -0.049614 -0.410806 -0.911576 -0.016352 0.416366 0.909045 0.016656 0.917463 -0.394670 0.049971 
0.403338 0.915007 0.009019 -0.386133 -0.904004 -0.183515 -0.914717 0.401656 -0.044328 -0.543426 0.835011 0.086282 0.922652 -0.381001 0.059591 0.533138 -0.846027 -0.001480 
0.399559 0.916694 0.005054 -0.368307 -0.920145 -0.132981 -0.924957 0.377947 -0.040131 -0.548635 0.834323 0.053906 0.923226 -0.376582 0.076420 0.540694 -0.841219 -0.000626 
0.401505 0.915828 0.007294 -0.363796 -0.924175 -0.116418 -0.927338 0.372037 -0.040407 -0.551960 0.832740 0.043412 0.922106 -0.378621 0.079790 0.544600 -0.838695 -0.000620 
0.402878 0.915202 0.009719 -0.363824 -0.923663 -0.120330 -0.927247 0.372329 -0.039811 -0.552200 0.832543 0.044131 0.921475 -0.380195 0.079596 0.544725 -0.838614 -0.000750 
0.405329 0.914074 0.013340 -0.367084 -0.920630 -0.133002 -0.925674 0.376445 -0.037634 -0.552594 0.832001 0.049142 0.920519 -0.382992 0.077220 0.544743 -0.838602 -0.001054 
0.411856 0.911093 0.016887 -0.375171 -0.915319 -0.146417 -0.922136 0.385354 -0.034166 -0.553847 0.830803 0.054953 0.917973 -0.389907 0.072783 0.545645 -0.838015 -0.001488 
0.422188 0.906303 0.019281 -0.385506 -0.910051 -0.152291 -0.918051 0.395485 -0.027823 -0.560720 0.826014 0.057393 0.913767 -0.400558 0.067706 0.552696 -0.833379 -0.002614 
0.432154 0.901523 0.022352 -0.393886 -0.907285 -0.147268 -0.915111 0.402650 -0.021110 -0.569201 0.820270 0.056281 0.909503 -0.410859 0.063234 0.561958 -0.827142 -0.006301 
0.442589 0.896284 0.028090 -0.404135 -0.903334 -0.143743 -0.910939 0.412191 -0.016995 -0.571179 0.818897 0.056245 0.904699 -0.421786 0.060133 0.564498 -0.825358 -0.011228 
0.455393 0.889595 0.035188 -0.417802 -0.896863 -0.145186 -0.904762 0.425691 -0.013874 -0.565546 0.822631 0.058620 0.898464 -0.435185 0.058101 0.559087 -0.828938 -0.016828 
0.453805 0.889735 0.049316 -0.421883 -0.893855 -0.151785 -0.902671 0.430148 -0.012567 -0.549181 0.835016 0.033881 0.900393 -0.433941 0.031436 0.541303 -0.840731 0.012739 
0.456184 0.888682 0.046260 -0.426724 -0.892615 -0.145412 -0.901070 0.433638 -0.005526 -0.518520 0.855049 0.005325 0.900342 -0.435181 0.001644 0.509731 -0.859093 0.046186 
0.464918 0.885229 0.014838 -0.426053 -0.898208 -0.108172 -0.902743 0.430181 -0.000144 -0.477274 0.878102 -0.033857 0.895938 -0.442771 -0.035341 0.468298 -0.878844 0.091268 
0.473219 0.880848 -0.013090 -0.430784 -0.897839 -0.091161 -0.900890 0.434044 0.001629 -0.437888 0.896976 -0.060727 0.889383 -0.451551 -0.071413 0.428187 -0.893932 0.132444 
0.472468 0.872833 -0.122213 -0.450818 -0.887265 -0.097595 -0.890969 0.454025 0.006002 -0.407755 0.911700 -0.050387 0.885197 -0.460675 -0.064839 0.400305 -0.900687 0.168872 
0.480963 0.870711 -0.102645 -0.472599 -0.872831 -0.121721 -0.879588 0.475237 0.021784 -0.414032 0.908581 -0.055294 0.882334 -0.466805 -0.059838 0.405755 -0.898142 0.169424 
0.490787 0.869889 -0.049202 -0.491094 -0.858914 -0.145232 -0.869506 0.492170 0.041576 -0.424910 0.905181 -0.009919 0.879196 -0.472041 -0.064738 0.417194 -0.902191 0.109546 
-0.512411 -0.842756 -0.164916 0.503142 0.864098 -0.013547 0.873561 -0.481881 -0.068429 0.429894 -0.902126 0.036868 -0.857362 0.510460 0.066033 -0.436278 0.898210 0.053669 
-0.523282 -0.834159 -0.174229 0.512549 0.858657 0.000979 0.867887 -0.489945 -0.082019 0.429980 -0.902833 -0.003059 -0.851132 0.516845 0.091904 -0.435094 0.895904 0.089716 
0.512552 0.858656 0.000918 -0.516426 -0.828594 -0.216186 -0.855418 0.501791 0.128317 -0.429332 0.895509 0.117204 0.867263 -0.489573 -0.090408 0.424756 -0.905098 -0.019503 
0.512556 0.858654 0.000880 -0.521078 -0.808235 -0.274290 -0.852527 0.498733 0.156407 -0.394635 0.902364 0.173210 0.866324 -0.489009 -0.101745 0.391391 -0.918572 -0.055116 
-0.533917 -0.776599 -0.334406 0.513476 0.858104 0.000899 0.864180 -0.488948 -0.118841 0.348653 -0.931707 -0.101796 -0.844313 0.501812 0.187938 -0.349281 0.905821 0.239772 
-0.547991 -0.742543 -0.385143 0.520395 0.853899 0.006706 0.858626 -0.494025 -0.136751 0.311618 -0.938552 -0.148369 -0.834945 0.504469 0.219952 -0.310017 0.902792 0.298088 
-0.556434 -0.713997 -0.424958 0.525818 0.850355 0.020288 0.854069 -0.496088 -0.156408 0.281641 -0.941266 -0.186272 -0.828958 0.503342 0.243876 -0.278730 0.896816 0.343557 
-0.558511 -0.692838 -0.456116 0.529169 0.847616 0.039083 0.850823 -0.494608 -0.177378 0.259257 -0.941381 -0.215840 -0.827161 0.498326 0.259760 -0.255833 0.889384 0.378875 
0.530769 0.845426 0.059488 -0.559459 -0.674841 -0.481243 -0.826148 0.493169 0.272515 -0.238686 0.880308 0.409985 0.848564 -0.490286 -0.198895 0.242600 -0.939495 -0.241858 
0.534352 0.841143 0.083340 -0.561669 -0.657429 -0.502310 -0.824462 0.487657 0.287146 -0.227658 0.869000 0.439330 0.845317 -0.486528 -0.220749 0.231842 -0.934706 -0.269395 
0.539532 0.834555 0.111454 -0.566667 -0.637923 -0.521482 -0.821039 0.481888 0.306069 -0.221180 0.854843 0.469386 0.841415 -0.482690 -0.242964 0.225617 -0.926481 -0.301215 
0.546436 0.825314 0.142354 -0.574379 -0.616216 -0.538858 -0.815799 0.475885 0.328641 -0.218454 0.837661 0.500602 0.836678 -0.479001 -0.265570 0.223146 -0.914718 -0.336893 
0.554554 0.813500 0.175176 -0.583359 -0.594443 -0.553471 -0.809640 0.469205 0.352605 -0.219676 0.818214 0.531289 0.831175 -0.474683 -0.289522 0.224557 -0.900004 -0.373586 
0.564636 0.798128 0.210185 -0.594461 -0.572668 -0.564506 -0.801859 0.462336 0.378508 -0.225187 0.796630 0.560956 0.824465 -0.470187 -0.314931 0.230120 -0.881948 -0.411355 
0.576560 0.777903 0.249892 -0.606786 -0.551387 -0.572523 -0.792935 0.454942 0.405318 -0.234835 0.773700 0.588422 0.816639 -0.464146 -0.343030 0.239394 -0.860712 -0.449294 
0.587189 0.752752 0.297613 -0.617656 -0.530378 -0.580689 -0.784796 0.445127 0.431228 -0.245799 0.750187 0.613843 0.809849 -0.451842 -0.374145 0.249488 -0.836976 -0.487060 
0.597628 0.723264 0.346019 -0.627436 -0.508332 -0.589849 -0.777230 0.432439 0.457067 -0.256575 0.724938 0.639245 0.803168 -0.436324 -0.405638 0.259161 -0.810442 -0.525376 
0.602514 0.704182 0.375640 -0.632311 -0.482986 -0.605729 -0.773339 0.415239 0.479087 -0.258546 0.696448 0.669413 0.799029 -0.419925 -0.430367 0.261252 -0.786527 -0.559573 
0.602725 0.683399 0.411933 -0.631531 -0.454315 -0.628304 -0.773950 0.392746 0.496741 -0.258765 0.662690 0.702768 0.798407 -0.395052 -0.454400 0.261485 -0.759555 -0.595569 
0.598602 0.664565 0.447246 -0.627143 -0.419125 -0.656526 -0.777463 0.362789 0.513746 -0.256011 0.621027 0.740800 0.800486 -0.364784 -0.475556 0.259306 -0.727806 -0.634869 
0.599036 0.640184 0.480957 -0.625902 -0.375366 -0.683628 -0.778508 0.325718 0.536501 -0.252086 0.571221 0.781127 0.799091 -0.335173 -0.499112 0.256067 -0.687296 -0.679745 
0.608638 0.602027 0.516840 -0.633622 -0.321070 -0.703873 -0.772149 0.291786 0.564488 -0.239963 0.516506 0.821973 0.791503 -0.306091 -0.528991 0.243957 -0.640418 -0.728251 
0.618754 0.554398 0.556584 -0.222831 0.455571 0.861859 0.226444 -0.587012 -0.777264 0.784072 -0.271212 -0.558279 -0.644455 -0.259493 -0.719264 -0.762834 0.258399 0.592718 
0.642582 0.492303 0.587133 -0.206049 0.404575 0.890990 0.206850 -0.541219 -0.815043 0.766692 -0.243269 -0.594141 -0.656434 -0.197963 -0.727946 -0.751603 0.235507 0.616141 
0.176206 -0.508274 -0.842976 -0.179464 0.356400 0.916936 0.645329 0.440196 0.624321 0.767920 -0.215707 -0.603133 -0.653029 -0.133222 -0.745524 -0.750835 0.231066 0.618753 
0.163267 -0.491179 -0.855621 -0.170702 0.339170 0.925108 0.663265 0.390404 0.638486 0.755944 -0.206929 -0.621071 -0.663267 -0.096597 -0.742123 -0.738624 0.234615 0.631974 
0.167041 -0.495859 -0.852186 -0.175604 0.351583 0.919540 0.673238 0.374099 0.637808 0.748840 -0.213778 -0.627326 -0.675563 -0.105133 -0.729769 -0.727160 0.249110 0.639673 
0.181044 -0.504724 -0.844083 -0.190039 0.363541 0.911989 0.670581 0.375950 0.639517 0.751438 -0.215552 -0.623601 -0.670083 -0.120742 -0.732400 -0.732894 0.254356 0.631006 
0.197003 -0.507092 -0.839075 -0.205734 0.366440 0.907411 0.658632 0.387598 0.644959 0.761777 -0.216177 -0.610707 -0.657795 -0.130360 -0.741830 -0.744698 0.250126 0.618758 
0.212444 -0.502358 -0.838155 -0.220469 0.360081 0.906496 0.642801 0.401131 0.652611 0.774578 -0.211500 -0.596068 -0.641737 -0.133004 -0.755303 -0.759368 0.237812 0.605645 
0.230085 -0.493002 -0.839053 -0.237189 0.351246 0.905742 0.627855 0.411085 0.660914 0.786320 -0.205951 -0.582482 -0.628801 -0.133615 -0.766000 -0.771095 0.223041 0.596377 
0.250139 -0.484077 -0.838511 -0.256006 0.342757 0.903869 0.610085 0.421083 0.671181 0.799456 -0.196068 -0.567828 -0.615344 -0.136812 -0.776295 -0.782992 0.207786 0.586301 
0.277022 -0.475731 -0.834829 -0.281268 0.334558 0.899422 0.585820 0.434278 0.684264 0.816196 -0.181139 -0.548646 -0.596134 -0.145584 -0.789576 -0.799058 0.189690 0.570547 
0.310588 -0.464896 -0.829100 -0.312959 0.324794 0.892505 0.557782 0.446319 0.699771 0.834039 -0.161139 -0.527648 -0.573703 -0.157523 -0.803773 -0.816661 0.167601 0.552246 
0.353160 -0.448211 -0.821210 -0.353544 0.317834 0.879766 0.538959 0.458349 0.706710 0.845486 -0.152739 -0.511688 -0.563332 -0.177106 -0.807026 -0.825019 0.143472 0.546588 
0.388422 -0.427419 -0.816359 -0.387655 0.312549 0.867200 0.537586 0.464714 0.703593 0.846421 -0.156942 -0.508862 -0.566390 -0.196281 -0.800423 -0.823046 0.120670 0.555008 
0.399337 -0.415997 -0.816993 -0.397525 0.305917 0.865094 0.536604 0.470722 0.700341 0.846357 -0.156047 -0.509244 -0.568565 -0.202063 -0.797436 -0.821156 0.106827 0.560617 
0.389052 -0.416453 -0.821709 -0.386400 0.303921 0.870820 0.539955 0.474481 0.695209 0.843306 -0.154965 -0.514607 -0.573179 -0.199396 -0.794800 -0.817886 0.104756 0.565763 
0.365810 -0.423195 -0.828908 -0.362640 0.305922 0.880286 0.550812 0.474623 0.686541 0.835502 -0.157404 -0.526461 -0.584724 -0.192763 -0.787998 -0.809886 0.112110 0.575775 
0.334433 -0.432382 -0.837377 -0.331118 0.310365 0.891086 0.569008 0.470279 0.674587 0.822732 -0.163276 -0.544475 -0.601880 -0.183854 -0.777135 -0.797440 0.124584 0.590397 
0.296910 -0.444753 -0.845009 -0.293447 0.315107 0.902550 0.586836 0.464735 0.663058 0.809251 -0.166166 -0.563473 -0.617678 -0.172922 -0.767184 -0.785335 0.140342 0.602954 
0.260230 -0.457581 -0.850235 -0.257098 0.322313 0.911051 0.607430 0.453369 0.652293 0.793174 -0.167036 -0.585640 -0.634120 -0.164838 -0.755460 -0.771909 0.158086 0.615764 
0.223012 -0.471993 -0.852930 -0.220138 0.329126 0.918268 0.625003 0.445814 0.640797 0.778522 -0.168457 -0.604587 -0.647045 -0.157147 -0.746081 -0.760575 0.176484 0.624803 
0.191596 -0.480980 -0.855540 -0.188337 0.330217 0.924925 0.636749 0.443770 0.630570 0.767578 -0.168384 -0.618443 -0.657576 -0.148067 -0.738695 -0.750863 0.188288 0.633050 
0.172857 -0.479717 -0.860228 -0.169142 0.326708 0.929867 0.646158 0.441329 0.622662 0.759019 -0.170101 -0.628455 -0.667672 -0.139629 -0.731244 -0.741654 0.190057 0.643294 
0.166539 -0.475256 -0.863943 -0.162142 0.322871 0.932451 0.651471 0.441607 0.616903 0.753593 -0.170327 -0.634891 -0.674047 -0.136280 -0.726008 -0.736066 0.185574 0.650976 
0.168154 -0.470658 -0.866144 -0.162689 0.319442 0.933536 0.652310 0.445797 0.612990 0.751428 -0.168278 -0.637996 -0.676951 -0.137664 -0.723039 -0.733825 0.178126 0.655570 
0.173871 -0.467235 -0.866868 -0.167118 0.317517 0.933410 0.649412 0.452807 0.610925 0.752310 -0.165445 -0.637697 -0.677574 -0.142788 -0.721460 -0.733690 0.170324 0.657791 
0.183094 -0.464304 -0.866544 -0.174823 0.316763 0.932255 0.644659 0.462349 0.608809 0.754453 -0.162561 -0.635905 -0.677423 -0.151263 -0.719873 -0.734216 0.161382 0.659456 
0.194029 -0.459848 -0.866540 -0.184038 0.315707 0.930838 0.641347 0.472754 0.604300 0.754829 -0.160021 -0.636103 -0.679337 -0.162033 -0.715714 -0.732629 0.150647 0.663747 
0.201505 -0.451233 -0.869359 -0.190005 0.312262 0.930801 0.644435 0.479377 0.595736 0.749582 -0.158993 -0.642533 -0.686517 -0.170938 -0.706735 -0.725678 0.137389 0.674178 
0.195499 -0.445284 -0.873787 -0.183581 0.312661 0.931956 0.661200 0.474718 0.580911 0.733026 -0.161839 -0.660667 -0.703140 -0.176447 -0.688811 -0.709150 0.132835 0.692432 
0.169366 -0.451394 -0.876104 -0.157443 0.319775 0.934321 0.679865 0.463670 0.568150 0.714810 -0.162884 -0.680085 -0.720318 -0.176609 -0.670784 -0.691801 0.144254 0.707533 
0.132647 -0.467241 -0.874123 -0.119087 0.326233 0.937758 0.687779 0.464236 0.558072 0.704034 -0.159250 -0.692080 -0.728620 -0.172397 -0.662866 -0.683425 0.159760 0.712325 
0.101646 -0.477981 -0.872469 -0.086140 0.329012 0.940389 -0.674147 0.169353 0.718919 -0.737346 -0.167557 -0.654405 0.693771 -0.157371 -0.702791 0.694415 0.468192 0.546429 
0.081869 -0.483079 -0.871741 -0.065085 0.332083 0.941002 -0.663081 0.173501 0.728162 -0.747313 -0.166855 -0.643182 0.682028 -0.160980 -0.713388 0.703105 0.471823 0.532002 
0.066805 -0.487340 -0.870653 -0.048711 0.334931 0.940983 -0.654312 0.176088 0.735438 -0.754983 -0.167534 -0.633982 0.673213 -0.163972 -0.721040 0.708701 0.476958 0.519859 
0.055905 -0.491013 -0.869357 -0.036695 0.337426 0.940636 -0.648815 0.177718 0.739902 -0.759689 -0.168582 -0.628054 0.667687 -0.166537 -0.725575 0.711482 0.482579 0.510795 
0.050365 -0.493619 -0.868218 -0.030177 0.338948 0.940321 -0.647176 0.177556 0.741375 -0.761054 -0.170067 -0.625999 0.665961 -0.168093 -0.726801 0.710952 0.489215 0.505190 
0.050964 -0.495073 -0.867356 -0.029935 0.339553 0.940110 -0.649778 0.175399 0.739610 -0.758782 -0.172335 -0.628133 0.668806 -0.168045 -0.724195 0.706558 0.496715 0.504034 
0.058997 -0.495622 -0.866533 -0.037145 0.339634 0.939824 -0.656419 0.171269 0.734697 -0.752940 -0.176673 -0.633930 0.676236 -0.166040 -0.717729 0.697981 0.505599 0.507141 
0.073012 -0.494489 -0.866112 -0.050627 0.339237 0.939338 -0.665017 0.165080 0.728355 -0.745161 -0.182707 -0.641369 0.685328 -0.162702 -0.709826 0.688080 0.513458 0.512745 
0.090654 -0.492275 -0.865706 -0.067770 0.337363 0.938932 -0.676491 0.156964 0.719529 -0.734493 -0.188839 -0.651813 0.696732 -0.156581 -0.700034 0.675695 0.520909 0.521623 
-0.721996 -0.194946 -0.663866 0.662224 0.526362 0.533294 0.709456 -0.148972 -0.688824 0.110321 -0.489453 -0.865023 -0.689504 0.148859 0.708819 -0.087212 0.334991 0.938176 
-0.709161 -0.201646 -0.675596 0.648153 0.530394 0.546424 0.722753 -0.140796 -0.676612 0.132790 -0.485250 -0.864233 -0.702310 0.140550 0.697858 -0.109654 0.332057 0.936864 
0.637825 0.531235 0.557646 -0.135010 0.329696 0.934384 0.157495 -0.478852 -0.863652 0.733190 -0.135494 -0.666388 -0.699107 -0.209268 -0.683708 -0.711749 0.132297 0.689863 
0.630971 0.529890 0.566650 -0.157906 0.327605 0.931526 0.179342 -0.472045 -0.863139 0.740941 -0.132928 -0.658283 -0.691471 -0.215348 -0.689561 -0.718630 0.125550 0.683965 
0.194207 -0.466912 -0.862715 -0.173747 0.325385 0.929482 0.625508 0.527937 0.574475 0.747567 -0.131791 -0.650980 -0.685307 -0.217331 -0.695070 -0.724308 0.121445 0.678696 
0.202572 -0.463888 -0.862422 -0.182904 0.323374 0.928427 0.621216 0.526187 0.580705 0.753029 -0.131872 -0.644637 -0.680214 -0.216036 -0.700455 -0.729207 0.119609 0.673759 
0.206872 -0.462168 -0.862325 -0.187894 0.321877 0.927950 0.618664 0.524674 0.584784 0.756810 -0.133324 -0.639893 -0.676462 -0.213375 -0.704890 -0.732917 0.119046 0.669821 
0.208678 -0.462009 -0.861975 -0.190025 0.320819 0.927882 0.615873 0.524567 0.587818 0.760083 -0.133984 -0.635863 -0.673144 -0.210451 -0.708934 -0.736220 0.119104 0.666179 
0.209753 -0.462344 -0.861535 -0.191211 0.319899 0.927956 0.612942 0.525549 0.590001 0.763037 -0.134372 -0.632233 -0.670205 -0.207927 -0.712455 -0.739106 0.119205 0.662957 
0.211424 -0.462416 -0.861087 -0.193011 0.319339 0.927777 0.610634 0.526096 0.591903 0.765369 -0.134520 -0.629376 -0.667816 -0.206650 -0.715065 -0.741383 0.119183 0.660414 
0.213537 -0.462205 -0.860679 -0.195319 0.319284 0.927312 0.609212 0.526141 0.593326 0.766991 -0.134950 -0.627306 -0.666126 -0.206596 -0.716655 -0.742935 0.119037 0.658694 
0.214579 -0.462065 -0.860495 -0.196456 0.319242 0.927087 0.608595 0.526127 0.593972 0.767704 -0.135142 -0.626392 -0.665345 -0.206587 -0.717382 -0.743647 0.118939 0.657908 
0.214484 -0.462054 -0.860525 -0.196354 0.319241 0.927109 0.608664 0.526133 0.593896 0.767634 -0.135158 -0.626475 -0.665432 -0.206593 -0.717300 -0.743566 0.118927 0.658001 
0.213501 -0.462060 -0.860766 -0.195287 0.319249 0.927331 0.609333 0.526171 0.593175 0.766908 -0.135135 -0.627368 -0.666260 -0.206637 -0.716519 -0.742803 0.118906 0.658866 
0.211599 -0.462086 -0.861222 -0.193229 0.319278 0.927752 0.610634 0.526222 0.591791 0.765511 -0.135127 -0.629073 -0.667849 -0.206696 -0.715021 -0.741335 0.118900 0.660519 
0.208712 -0.462135 -0.861899 -0.190121 0.319331 0.928376 0.612614 0.526251 0.589715 0.763401 -0.135167 -0.631624 -0.670240 -0.206731 -0.712770 -0.739119 0.118942 0.662990 
0.205017 -0.462405 -0.862641 -0.186178 0.319678 0.929055 0.615353 0.526219 0.586886 0.760574 -0.135532 -0.634948 -0.673429 -0.206930 -0.709699 -0.736151 0.119339 0.666214 
0.201576 -0.462887 -0.863193 -0.182496 0.320187 0.929611 0.617854 0.526287 0.584191 0.757942 -0.135889 -0.638011 -0.676349 -0.207332 -0.706799 -0.733409 0.119929 0.669125 
0.198652 -0.463569 -0.863505 -0.179324 0.320704 0.930049 0.619684 0.526424 0.582125 0.755863 -0.135805 -0.640490 -0.678563 -0.207819 -0.704531 -0.731315 0.120530 0.671305 
0.196549 -0.464230 -0.863631 -0.177026 0.321257 0.930299 0.621114 0.526485 0.580544 0.754215 -0.135646 -0.642464 -0.680282 -0.208487 -0.702673 -0.729672 0.121147 0.672980 
0.195092 -0.464680 -0.863720 -0.175434 0.321662 0.930460 0.622159 0.526494 0.579416 0.753029 -0.135567 -0.643870 -0.681558 -0.208998 -0.701284 -0.728447 0.121635 0.674218 
0.194364 -0.464928 -0.863750 -0.174647 0.321912 0.930522 0.622764 0.526459 0.578797 0.752369 -0.135570 -0.644641 -0.682229 -0.209292 -0.700543 -0.727800 0.121902 0.674868 
0.194216 -0.464953 -0.863770 -0.174481 0.321947 0.930541 0.622889 0.526463 0.578658 0.752222 -0.135552 -0.644816 -0.682392 -0.209366 -0.700362 -0.727640 0.121929 0.675036 
0.194313 -0.464931 -0.863760 -0.174588 0.321936 0.930525 0.622845 0.526456 0.578712 0.752278 -0.135566 -0.644748 -0.682328 -0.209359 -0.700427 -0.727702 0.121914 0.674972 
0.194430 -0.464896 -0.863753 -0.174715 0.321916 0.930508 0.622801 0.526450 0.578765 0.752335 -0.135584 -0.644678 -0.682258 -0.209355 -0.700495 -0.727767 0.121885 0.674907 
0.194548 -0.464860 -0.863746 -0.174843 0.321896 0.930491 0.622757 0.526444 0.578818 0.752392 -0.135603 -0.644607 -0.682188 -0.209351 -0.700565 -0.727834 0.121856 0.674840 
0.194670 -0.464831 -0.863734 -0.174976 0.321880 0.930471 0.622704 0.526436 0.578883 0.752459 -0.135617 -0.644526 -0.682111 -0.209347 -0.700641 -0.727907 0.121833 0.674765 
0.194815 -0.464799 -0.863718 -0.175131 0.321858 0.930450 0.622623 0.526439 0.578967 0.752547 -0.135617 -0.644423 -0.682008 -0.209346 -0.700742 -0.728004 0.121798 0.674667 
0.194931 -0.464765 -0.863710 -0.175256 0.321838 0.930433 0.622576 0.526435 0.579021 0.752606 -0.135632 -0.644352 -0.681938 -0.209343 -0.700811 -0.728070 0.121770 0.674601 
0.195063 -0.464739 -0.863694 -0.175399 0.321823 0.930411 0.622505 0.526432 0.579099 0.752686 -0.135636 -0.644257 -0.681847 -0.209341 -0.700900 -0.728156 0.121744 0.674512 
0.195188 -0.464717 -0.863678 -0.175532 0.321809 0.930391 0.622434 0.526432 0.579177 0.752765 -0.135634 -0.644164 -0.681760 -0.209342 -0.700984 -0.728238 0.121721 0.674428 
0.195300 -0.464693 -0.863666 -0.175654 0.321796 0.930373 0.622379 0.526427 0.579241 0.752831 -0.135641 -0.644086 -0.681686 -0.209339 -0.701057 -0.728309 0.121699 0.674356 
0.195404 -0.464671 -0.863654 -0.175765 0.321785 0.930355 0.622327 0.526422 0.579300 0.752891 -0.135648 -0.644014 -0.681619 -0.209337 -0.701123 -0.728372 0.121680 0.674291 
0.195433 -0.464661 -0.863652 -0.175798 0.321779 0.930351 0.622316 0.526420 0.579314 0.752906 -0.135653 -0.643996 -0.681601 -0.209336 -0.701141 -0.728389 0.121673 0.674274 
0.195439 -0.464659 -0.863652 -0.175805 0.321778 0.930350 0.622315 0.526419 0.579316 0.752908 -0.135655 -0.643993 -0.681598 -0.209335 -0.701144 -0.728392 0.121672 0.674271 
0.195445 -0.464657 -0.863652 -0.175811 0.321777 0.930349 0.622313 0.526419 0.579318 0.752911 -0.135657 -0.643989 -0.681595 -0.209334 -0.701147 -0.728395 0.121670 0.674268 
0.195450 -0.464655 -0.863652 -0.175816 0.321776 0.930349 0.622312 0.526418 0.579320 0.752913 -0.135658 -0.643987 -0.681592 -0.209334 -0.701150 -0.728397 0.121669 0.674266 
0.195455 -0.464652 -0.863652 -0.175822 0.321775 0.930348 0.622309 0.526418 0.579323 0.752916 -0.135658 -0.643983 -0.681591 -0.209334 -0.701152 -0.728399 0.121667 0.674264 
0.195461 -0.464650 -0.863653 -0.175828 0.321773 0.930348 0.622304 0.526419 0.579328 0.752921 -0.135656 -0.643977 -0.681588 -0.209334 -0.701154 -0.728401 0.121665 0.674262 
0.195467 -0.464647 -0.863653 -0.175834 0.321772 0.930347 0.622299 0.526420 0.579333 0.752926 -0.135655 -0.643972 -0.681587 -0.209335 -0.701155 -0.728402 0.121663 0.674261 
0.195474 -0.464643 -0.863653 -0.175841 0.321770 0.930346 0.622293 0.526421 0.579338 0.752932 -0.135652 -0.643966 -0.681585 -0.209335 -0.701157 -0.728404 0.121660 0.674260 
0.195485 -0.464637 -0.863654 -0.175852 0.321767 0.930345 0.622283 0.526422 0.579347 0.752941 -0.135648 -0.643956 -0.681582 -0.209337 -0.701159 -0.728406 0.121655 0.674258 
0.195547 -0.464612 -0.863653 -0.175916 0.321757 0.930337 0.622237 0.526423 0.579397 0.752988 -0.135634 -0.643904 -0.681564 -0.209341 -0.701175 -0.728422 0.121639 0.674244 
0.195590 -0.464590 -0.863655 -0.175958 0.321744 0.930333 0.622200 0.526429 0.579431 0.753022 -0.135618 -0.643867 -0.681553 -0.209345 -0.701185 -0.728432 0.121622 0.674237 
0.195687 -0.464553 -0.863653 -0.176060 0.321732 0.930318 0.622131 0.526425 0.579508 0.753093 -0.135597 -0.643789 -0.681524 -0.209354 -0.701211 -0.728458 0.121596 0.674214 
0.195776 -0.464511 -0.863656 -0.176148 0.321715 0.930307 0.622064 0.526431 0.579575 0.753156 -0.135568 -0.643721 -0.681506 -0.209369 -0.701223 -0.728472 0.121563 0.674204 
0.195804 -0.464497 -0.863657 -0.176177 0.321709 0.930304 0.622042 0.526433 0.579596 0.753177 -0.135558 -0.643699 -0.681500 -0.209374 -0.701228 -0.728477 0.121552 0.674201 
0.195816 -0.464491 -0.863657 -0.176189 0.321706 0.930302 0.622032 0.526435 0.579606 0.753186 -0.135554 -0.643689 -0.681497 -0.209376 -0.701230 -0.728479 0.121547 0.674199 
0.195835 -0.464482 -0.863658 -0.176209 0.321704 0.930300 0.622019 0.526435 0.579619 0.753199 -0.135548 -0.643676 -0.681495 -0.209380 -0.701231 -0.728481 0.121540 0.674199 
0.195883 -0.464461 -0.863658 -0.176257 0.321700 0.930292 0.621991 0.526432 0.579653 0.753227 -0.135534 -0.643645 -0.681491 -0.209392 -0.701231 -0.728483 0.121524 0.674199 
0.195938 -0.464437 -0.863659 -0.176313 0.321695 0.930283 0.621957 0.526429 0.579692 0.753260 -0.135517 -0.643610 -0.681485 -0.209406 -0.701233 -0.728487 0.121505 0.674199 
0.196002 -0.464408 -0.863660 -0.176379 0.321689 0.930272 0.621917 0.526425 0.579737 0.753300 -0.135498 -0.643568 -0.681479 -0.209421 -0.701234 -0.728491 0.121483 0.674198 
0.196074 -0.464376 -0.863661 -0.176452 0.321683 0.930261 0.621873 0.526422 0.579788 0.753343 -0.135476 -0.643522 -0.681471 -0.209438 -0.701236 -0.728495 0.121458 0.674198 
0.196148 -0.464344 -0.863661 -0.176528 0.321676 0.930249 0.621827 0.526419 0.579841 0.753389 -0.135454 -0.643473 -0.681464 -0.209457 -0.701238 -0.728500 0.121433 0.674197 
0.196221 -0.464311 -0.863662 -0.176602 0.321669 0.930237 0.621782 0.526415 0.579892 0.753433 -0.135432 -0.643426 -0.681457 -0.209474 -0.701240 -0.728505 0.121408 0.674197 
0.196290 -0.464281 -0.863663 -0.176673 0.321663 0.930226 0.621739 0.526412 0.579941 0.753475 -0.135411 -0.643381 -0.681450 -0.209491 -0.701242 -0.728509 0.121384 0.674196 
0.196355 -0.464251 -0.863664 -0.176739 0.321657 0.930215 0.621698 0.526409 0.579987 0.753515 -0.135391 -0.643339 -0.681443 -0.209507 -0.701244 -0.728513 0.121361 0.674196 
0.196422 -0.464211 -0.863670 -0.176807 0.321643 0.930207 0.621649 0.526406 0.580042 0.753562 -0.135365 -0.643289 -0.681443 -0.209518 -0.701240 -0.728511 0.121333 0.674204 
0.196467 -0.464182 -0.863676 -0.176853 0.321631 0.930203 0.621610 0.526404 0.580086 0.753601 -0.135346 -0.643248 -0.681441 -0.209519 -0.701242 -0.728512 0.121312 0.674206 
0.196493 -0.464148 -0.863688 -0.176877 0.321609 0.930205 0.621570 0.526408 0.580125 0.753637 -0.135326 -0.643210 -0.681446 -0.209509 -0.701240 -0.728506 0.121290 0.674217 
0.196513 -0.464106 -0.863706 -0.176896 0.321583 0.930211 0.621532 0.526408 0.580166 0.753672 -0.135303 -0.643173 -0.681464 -0.209496 -0.701226 -0.728488 0.121265 0.674241 
0.196553 -0.464054 -0.863725 -0.176936 0.321557 0.930212 0.621510 0.526399 0.580197 0.753697 -0.135296 -0.643145 -0.681485 -0.209489 -0.701208 -0.728467 0.121237 0.674268 
0.196622 -0.463992 -0.863743 -0.177009 0.321533 0.930206 0.621501 0.526381 0.580223 0.753715 -0.135302 -0.643123 -0.681505 -0.209495 -0.701186 -0.728445 0.121204 0.674298 
0.196719 -0.463917 -0.863761 -0.177113 0.321510 0.930195 0.621492 0.526358 0.580254 0.753736 -0.135311 -0.643096 -0.681528 -0.209513 -0.701159 -0.728419 0.121163 0.674333 
0.196841 -0.463830 -0.863780 -0.177242 0.321482 0.930180 0.621480 0.526337 0.580286 0.753760 -0.135321 -0.643066 -0.681551 -0.209546 -0.701127 -0.728393 0.121116 0.674369 
0.196945 -0.463766 -0.863791 -0.177352 0.321467 0.930164 0.621472 0.526316 0.580313 0.753778 -0.135329 -0.643044 -0.681567 -0.209577 -0.701102 -0.728374 0.121080 0.674397 
0.197033 -0.463697 -0.863807 -0.177447 0.321446 0.930153 0.621465 0.526293 0.580343 0.753797 -0.135337 -0.643020 -0.681589 -0.209593 -0.701075 -0.728349 0.121042 0.674430 
0.197102 -0.463637 -0.863824 -0.177519 0.321423 0.930147 0.621455 0.526279 0.580365 0.753814 -0.135344 -0.642998 -0.681608 -0.209602 -0.701054 -0.728329 0.121010 0.674458 
0.197162 -0.463577 -0.863842 -0.177586 0.321402 0.930142 0.621450 0.526260 0.580388 0.753832 -0.135361 -0.642974 -0.681630 -0.209604 -0.701032 -0.728306 0.120982 0.674488 
0.197179 -0.463556 -0.863850 -0.177603 0.321391 0.930143 0.621444 0.526258 0.580396 0.753840 -0.135362 -0.642964 -0.681637 -0.209601 -0.701026 -0.728298 0.120971 0.674498 
0.197169 -0.463545 -0.863858 -0.177593 0.321382 0.930147 0.621442 0.526253 0.580402 0.753844 -0.135364 -0.642959 -0.681645 -0.209584 -0.701024 -0.728292 0.120966 0.674506 
0.197168 -0.463513 -0.863875 -0.177594 0.321361 0.930154 0.621437 0.526245 0.580415 0.753853 -0.135368 -0.642947 -0.681662 -0.209559 -0.701015 -0.728276 0.120950 0.674526 
0.197255 -0.463420 -0.863905 -0.177688 0.321325 0.930149 0.621425 0.526224 0.580447 0.753885 -0.135401 -0.642903 -0.681694 -0.209558 -0.700984 -0.728242 0.120905 0.674570 
0.197330 -0.463372 -0.863914 -0.177767 0.321311 0.930139 0.621415 0.526215 0.580466 0.753900 -0.135405 -0.642885 -0.681706 -0.209582 -0.700965 -0.728228 0.120877 0.674590 
0.197385 -0.463341 -0.863918 -0.177826 0.321309 0.930128 0.621413 0.526203 0.580480 0.753908 -0.135410 -0.642873 -0.681715 -0.209601 -0.700951 -0.728217 0.120860 0.674605 
0.197434 -0.463303 -0.863927 -0.177879 0.321299 0.930122 0.621410 0.526189 0.580496 0.753918 -0.135416 -0.642861 -0.681729 -0.209610 -0.700934 -0.728202 0.120839 0.674626 
0.197484 -0.463249 -0.863945 -0.177932 0.321276 0.930119 0.621401 0.526176 0.580516 0.753934 -0.135422 -0.642841 -0.681749 -0.209609 -0.700916 -0.728182 0.120811 0.674653 
0.197543 -0.463190 -0.863963 -0.177994 0.321248 0.930117 0.621386 0.526165 0.580543 0.753956 -0.135424 -0.642815 -0.681764 -0.209610 -0.700901 -0.728165 0.120777 0.674677 
0.197619 -0.463134 -0.863975 -0.178074 0.321225 0.930110 0.621366 0.526155 0.580573 0.753980 -0.135421 -0.642787 -0.681772 -0.209625 -0.700889 -0.728155 0.120744 0.674694 
0.197709 -0.463084 -0.863982 -0.178167 0.321211 0.930097 0.621347 0.526143 0.580604 0.754003 -0.135417 -0.642761 -0.681777 -0.209654 -0.700875 -0.728146 0.120712 0.674709 
0.197812 -0.463021 -0.863992 -0.178284 0.321217 0.930072 0.621338 0.526107 0.580646 0.754040 -0.135464 -0.642708 -0.681781 -0.209687 -0.700860 -0.728138 0.120680 0.674723 
0.197903 -0.462934 -0.864018 -0.178385 0.321200 0.930059 0.621335 0.526054 0.580698 0.754062 -0.135461 -0.642683 -0.681803 -0.209719 -0.700830 -0.728112 0.120633 0.674759 
0.197948 -0.462861 -0.864046 -0.178439 0.321183 0.930054 0.621338 0.526002 0.580742 0.754076 -0.135462 -0.642666 -0.681830 -0.209724 -0.700802 -0.728084 0.120595 0.674797 
0.197966 -0.462800 -0.864075 -0.178464 0.321173 0.930053 0.621358 0.525954 0.580764 0.754074 -0.135473 -0.642666 -0.681868 -0.209722 -0.700766 -0.728046 0.120567 0.674843 
0.197937 -0.462760 -0.864103 -0.178440 0.321162 0.930061 0.621381 0.525916 0.580774 0.754064 -0.135482 -0.642675 -0.681908 -0.209701 -0.700733 -0.728008 0.120553 0.674886 
0.197894 -0.462721 -0.864134 -0.178400 0.321150 0.930073 0.621408 0.525876 0.580781 0.754050 -0.135490 -0.642690 -0.681955 -0.209674 -0.700696 -0.727964 0.120540 0.674936 
0.197859 -0.462672 -0.864168 -0.178371 0.321139 0.930082 0.621438 0.525826 0.580795 0.754037 -0.135497 -0.642704 -0.682008 -0.209652 -0.700651 -0.727913 0.120523 0.674994 
0.197859 -0.462599 -0.864207 -0.178380 0.321129 0.930084 0.621477 0.525760 0.580813 0.754019 -0.135507 -0.642723 -0.682076 -0.209650 -0.700585 -0.727845 0.120495 0.675072 
0.197875 -0.462525 -0.864243 -0.178404 0.321126 0.930081 0.621526 0.525688 0.580824 0.753993 -0.135521 -0.642751 -0.682145 -0.209670 -0.700512 -0.727777 0.120467 0.675151 
0.197873 -0.462466 -0.864275 -0.178410 0.321126 0.930079 0.621577 0.525620 0.580832 0.753963 -0.135529 -0.642784 -0.682210 -0.209686 -0.700443 -0.727711 0.120446 0.675226 
0.197883 -0.462376 -0.864321 -0.178438 0.321141 0.930069 0.621652 0.525530 0.580833 0.753937 -0.135613 -0.642797 -0.682305 -0.209712 -0.700343 -0.727617 0.120421 0.675331 
0.197845 -0.462302 -0.864369 -0.178410 0.321142 0.930074 0.621736 0.525438 0.580826 0.753880 -0.135629 -0.642860 -0.682407 -0.209725 -0.700240 -0.727516 0.120402 0.675443 
0.197785 -0.462240 -0.864416 -0.178356 0.321135 0.930087 0.621805 0.525365 0.580818 0.753833 -0.135643 -0.642913 -0.682501 -0.209713 -0.700152 -0.727426 0.120388 0.675542 
0.197727 -0.462186 -0.864458 -0.178303 0.321127 0.930100 0.621865 0.525299 0.580813 0.753793 -0.135656 -0.642957 -0.682584 -0.209696 -0.700076 -0.727346 0.120375 0.675631 
