1.250160 0.614320 0.005001 1.160720 0.416346 0.004258 1.375673 0.556957 0.004654 1.286296 0.362307 0.003925 
1.250159 0.614322 0.004997 1.160719 0.416348 0.004326 1.375672 0.556959 0.004684 1.286296 0.362308 0.004026 
1.250159 0.614324 0.004991 1.160718 0.416350 0.004383 1.375672 0.556961 0.004712 1.286295 0.362310 0.004115 
1.250158 0.614326 0.004984 1.160718 0.416351 0.004434 1.375671 0.556963 0.004738 1.286295 0.362311 0.004198 
1.250158 0.614327 0.004978 1.160718 0.416353 0.004482 1.375671 0.556965 0.004760 1.286294 0.362313 0.004273 
1.250158 0.614329 0.004975 1.160717 0.416354 0.004526 1.375670 0.556966 0.004781 1.286294 0.362314 0.004341 
1.250180 0.614297 0.004846 1.160727 0.416327 0.004567 1.375689 0.556926 0.004776 1.286301 0.362279 0.004501 
1.250349 0.614440 0.004904 1.160848 0.416495 0.003939 1.375844 0.557037 0.005027 1.286407 0.362415 0.004074 
1.250357 0.614372 0.004763 1.160859 0.416425 0.004023 1.375852 0.556972 0.004943 1.286419 0.362347 0.004211 
1.250500 0.614415 0.004571 1.160970 0.416483 0.003582 1.375985 0.556992 0.005105 1.286519 0.362383 0.004124 
1.250536 0.614331 0.004338 1.160960 0.416419 0.003768 1.376008 0.556881 0.004958 1.286497 0.362291 0.004391 
1.250787 0.614297 0.004076 1.161120 0.416427 0.003229 1.376227 0.556788 0.005290 1.286628 0.362240 0.004443 
1.250839 0.614204 0.003857 1.161141 0.416346 0.003380 1.376269 0.556677 0.005288 1.286638 0.362142 0.004804 
1.251105 0.614203 0.003687 1.161330 0.416381 0.002901 1.376505 0.556626 0.005646 1.286799 0.362127 0.004852 
1.251065 0.613833 0.003072 1.161482 0.415923 0.003209 1.376519 0.556389 0.005376 1.287003 0.361801 0.005489 
1.251505 0.613814 0.002560 1.161747 0.415983 0.002404 1.376891 0.556262 0.005762 1.287202 0.361754 0.005578 
1.251987 0.613550 0.001901 1.162230 0.415718 0.001547 1.377349 0.556005 0.006027 1.287662 0.361496 0.005639 
1.251981 0.613553 0.002189 1.162225 0.415721 0.001860 1.377336 0.556013 0.006555 1.287650 0.361503 0.006190 
1.251765 0.613619 0.002466 1.162240 0.415683 0.002159 1.377186 0.556225 0.006885 1.287726 0.361612 0.006541 
1.251762 0.613621 0.002699 1.162236 0.415685 0.002420 1.377179 0.556230 0.007257 1.287719 0.361616 0.006938 
1.251746 0.613630 0.002910 1.162220 0.415693 0.002657 1.377142 0.556247 0.008111 1.287682 0.361633 0.007812 
1.248758 0.614924 0.003096 1.162236 0.415656 0.002882 1.375002 0.559448 0.008470 1.288496 0.363504 0.008208 
1.246586 0.615854 0.003270 1.162233 0.415658 0.003071 1.373420 0.561755 0.008792 1.289047 0.364882 0.008544 
1.252061 0.616288 0.003516 1.158578 0.420189 0.003259 1.376227 0.556422 0.010074 1.282877 0.363643 0.009758 
1.247891 0.617590 0.003791 1.143368 0.427147 0.003419 1.368415 0.550743 0.010824 1.264215 0.363607 0.010390 
1.228157 0.621373 0.003943 1.133685 0.425750 0.003745 1.352100 0.560846 0.008259 1.257777 0.368542 0.008023 
1.209526 0.623226 0.004500 1.131834 0.420359 0.002862 1.338145 0.573302 0.007429 1.260323 0.373755 0.005787 
1.202299 0.622077 0.004606 1.131663 0.416643 0.003686 1.332590 0.576634 0.006402 1.261708 0.374514 0.005478 
1.337238 0.580494 0.008838 0.885382 0.576196 0.004973 0.997562 0.758660 0.004954 1.266418 0.378354 0.007546 1.000087 0.501813 0.004854 1.136376 0.420446 0.004841 
1.336742 0.583805 0.010126 0.885424 0.576106 0.004784 0.997282 0.758769 0.004959 1.267392 0.381162 0.008043 1.000260 0.501927 0.004772 1.137063 0.422321 0.004854 
1.336134 0.584469 0.010317 0.885311 0.575797 0.004437 0.996384 0.758937 0.004918 1.267417 0.381611 0.008290 1.000463 0.502111 0.004550 1.136966 0.422361 0.004863 
1.336008 0.584622 0.009986 0.885254 0.575611 0.004537 0.996174 0.758845 0.004707 1.267422 0.381717 0.008231 1.000468 0.502022 0.004739 1.136941 0.422379 0.004871 
1.336099 0.584543 0.009462 0.885255 0.575611 0.004582 0.996174 0.758845 0.004737 1.267422 0.381666 0.007967 1.000469 0.502021 0.004757 1.136952 0.422382 0.004877 
1.336238 0.584293 0.008591 0.885229 0.575589 0.004661 0.996123 0.758838 0.004793 1.267264 0.381515 0.007395 1.000454 0.502015 0.004770 1.136840 0.422419 0.004881 
1.336537 0.583971 0.007661 0.885240 0.575581 0.005035 0.996134 0.758831 0.005158 1.267232 0.381305 0.006764 1.000466 0.502009 0.004782 1.136864 0.422418 0.004884 
1.336867 0.583606 0.006677 0.885263 0.575568 0.005716 0.996157 0.758817 0.005833 1.267195 0.381065 0.005973 1.000486 0.501997 0.004799 1.136892 0.422413 0.004888 
1.337132 0.583337 0.005556 0.885292 0.575551 0.006471 0.996186 0.758800 0.006584 1.267178 0.380892 0.005149 1.000509 0.501983 0.004816 1.136928 0.422419 0.004935 
1.337224 0.583431 0.004976 0.885315 0.575531 0.007247 0.996209 0.758781 0.007338 1.267163 0.381024 0.004182 1.000522 0.501970 0.004832 1.136934 0.422619 0.004429 
1.337231 0.583476 0.004976 0.885334 0.575474 0.008100 0.996166 0.758760 0.008192 1.267148 0.381077 0.004022 1.000551 0.501960 0.004847 1.136924 0.422687 0.004317 
1.337232 0.583519 0.004927 0.885406 0.575349 0.009119 0.996010 0.758773 0.009456 1.267122 0.381131 0.003749 1.000694 0.501997 0.004861 1.136903 0.422757 0.004144 
1.337235 0.583519 0.004928 0.886149 0.576227 0.010079 0.996438 0.759837 0.011329 1.267122 0.381131 0.003862 1.001549 0.503108 0.004960 1.136904 0.422759 0.004223 
0.997459 0.761875 0.013188 1.337018 0.583879 0.004758 0.887403 0.578137 0.010798 1.267005 0.381465 0.002580 1.002889 0.505204 0.005001 1.136768 0.423020 0.003767 
0.998520 0.763678 0.014883 1.337016 0.583885 0.004773 0.888633 0.579851 0.011740 1.267003 0.381470 0.002803 1.136766 0.423025 0.003883 
0.999068 0.765186 0.016482 1.337014 0.583891 0.004787 0.889267 0.581315 0.012923 1.267002 0.381473 0.003004 1.136764 0.423030 0.003992 
0.998921 0.766063 0.017923 1.337013 0.583896 0.004800 0.889192 0.582151 0.014264 1.267001 0.381477 0.003183 1.136763 0.423035 0.004102 
0.998501 0.766283 0.019109 1.337013 0.583900 0.004812 0.888811 0.582345 0.015611 1.267002 0.381479 0.003343 1.136764 0.423038 0.004245 
0.998128 0.766455 0.020217 1.337019 0.583901 0.004823 0.888430 0.582517 0.016914 1.267007 0.381480 0.003486 1.136770 0.423039 0.004533 
0.997936 0.766545 0.021168 1.337028 0.583901 0.004833 0.888232 0.582608 0.018059 1.267015 0.381480 0.003617 1.136780 0.423037 0.004912 
0.997934 0.766497 0.021908 1.337038 0.583900 0.004840 0.888223 0.582560 0.018995 1.267024 0.381479 0.003736 1.136791 0.423036 0.005299 
0.997904 0.766299 0.022467 1.337047 0.583900 0.004849 0.888190 0.582361 0.019769 1.267031 0.381479 0.003844 1.136801 0.423034 0.005629 
0.997844 0.766045 0.022862 1.337053 0.583900 0.004857 0.888130 0.582104 0.020384 1.267037 0.381478 0.003942 1.136810 0.423034 0.005898 
0.997797 0.765861 0.023112 1.337058 0.583901 0.004864 0.888085 0.581916 0.020828 1.267041 0.381479 0.004030 1.136816 0.423034 0.006106 
0.997780 0.765787 0.023230 1.337061 0.583901 0.004871 0.888069 0.581840 0.021103 1.267044 0.381479 0.004110 1.136820 0.423035 0.006256 
0.997770 0.765758 0.023216 1.337062 0.583903 0.004877 0.888061 0.581808 0.021225 1.267045 0.381480 0.004183 1.136821 0.423036 0.006349 
0.997747 0.765722 0.023053 1.337062 0.583904 0.004882 0.888042 0.581768 0.021194 1.267045 0.381482 0.004249 1.136821 0.423038 0.006385 
0.997709 0.765668 0.022738 1.337059 0.583907 0.004887 0.888009 0.581710 0.021005 1.267043 0.381484 0.004308 1.136818 0.423041 0.006366 
0.997647 0.765578 0.022266 1.337055 0.583909 0.004892 0.887955 0.581614 0.020660 1.267039 0.381486 0.004362 1.136812 0.423045 0.006290 
0.997566 0.765450 0.021648 1.337050 0.583912 0.004897 0.887881 0.581480 0.020166 1.267034 0.381489 0.004415 1.136805 0.423049 0.006168 
0.997497 0.765282 0.020910 1.337044 0.583915 0.004902 0.887816 0.581309 0.019554 1.267028 0.381492 0.004465 1.136798 0.423053 0.006039 
0.997465 0.765077 0.020076 1.337039 0.583918 0.004906 0.887786 0.581103 0.018844 1.267023 0.381494 0.004512 1.136791 0.423057 0.005917 
0.997509 0.764846 0.019143 1.337033 0.583921 0.004909 0.887828 0.580871 0.018028 1.267019 0.381497 0.004555 1.136785 0.423060 0.005804 
0.997671 0.764588 0.018104 1.337029 0.583924 0.004910 0.887983 0.580617 0.017091 1.267014 0.381499 0.004595 1.136779 0.423063 0.005700 
0.997956 0.764297 0.016953 1.337024 0.583926 0.004911 0.888256 0.580333 0.016030 1.267010 0.381502 0.004633 1.136774 0.423066 0.005597 
0.998318 0.763987 0.015690 1.337018 0.583930 0.004912 0.888601 0.580032 0.014846 1.267004 0.381505 0.004689 1.136767 0.423070 0.005447 
0.998629 0.763719 0.014329 1.337008 0.583935 0.004913 0.888895 0.579775 0.013553 1.266994 0.381510 0.004772 1.136756 0.423076 0.005230 
0.998817 0.763438 0.012899 1.337001 0.583939 0.004917 0.889081 0.579494 0.012193 1.266987 0.381514 0.004833 1.136749 0.423080 0.005071 
0.999135 0.763038 0.011412 1.337000 0.583940 0.004921 0.889399 0.579093 0.010785 1.266986 0.381515 0.004846 1.136748 0.423080 0.005053 
0.999490 0.762749 0.010022 1.336960 0.584011 0.004902 0.889732 0.578818 0.009656 1.266968 0.381579 0.004640 1.136725 0.423130 0.004948 
0.999714 0.762785 0.009192 1.336959 0.584012 0.004908 0.889779 0.578959 0.009149 1.266968 0.381580 0.004673 1.005333 0.506022 0.004989 1.136724 0.423131 0.004949 
0.999690 0.762800 0.008743 1.336958 0.584013 0.004913 0.889755 0.578974 0.008705 1.266967 0.381581 0.004703 1.005319 0.506030 0.004986 1.136724 0.423132 0.004949 
0.999660 0.762826 0.008232 1.336958 0.584109 0.004957 0.889711 0.579009 0.008141 1.266942 0.381686 0.004465 1.005281 0.506050 0.004907 1.136704 0.423253 0.004698 
0.999631 0.762841 0.007707 1.336901 0.584120 0.004863 0.889671 0.579029 0.007631 1.266907 0.381689 0.004487 1.005246 0.506058 0.004912 1.136665 0.423241 0.004736 
0.999616 0.762851 0.007358 1.336900 0.584122 0.004877 0.889656 0.579040 0.007296 1.266906 0.381690 0.004544 1.005236 0.506065 0.004916 1.136663 0.423243 0.004752 
0.999608 0.762857 0.007147 1.336892 0.584127 0.004885 0.889647 0.579046 0.007099 1.266906 0.381693 0.004593 1.005230 0.506069 0.004920 1.136662 0.423241 0.004772 
0.999606 0.762859 0.007084 1.336891 0.584128 0.004893 0.889645 0.579049 0.007051 1.266906 0.381694 0.004635 1.005228 0.506070 0.004925 1.136661 0.423241 0.004788 
0.999605 0.762859 0.007086 1.336842 0.584147 0.004861 0.889643 0.579049 0.007063 1.266857 0.381712 0.004628 1.005226 0.506070 0.004930 1.136612 0.423260 0.004834 
0.999608 0.762858 0.007128 1.336875 0.584159 0.004897 0.889645 0.579049 0.007107 1.266898 0.381722 0.004599 1.005227 0.506070 0.004932 1.136652 0.423264 0.004782 
0.999607 0.762858 0.007191 1.336876 0.584280 0.004965 0.889644 0.579049 0.007169 1.266920 0.381837 0.004217 1.005225 0.506070 0.004934 1.136669 0.423365 0.004494 
0.999597 0.762841 0.007264 1.336869 0.584400 0.004950 0.889635 0.579031 0.007262 1.266899 0.381963 0.003814 1.005215 0.506054 0.004935 1.136651 0.423499 0.004216 
0.999600 0.762839 0.007392 1.336798 0.584399 0.004749 0.889637 0.579030 0.007380 1.266862 0.381949 0.003908 1.005215 0.506053 0.004934 1.136608 0.423463 0.004408 
0.999607 0.762835 0.007535 1.336797 0.584401 0.004768 0.889643 0.579026 0.007516 1.266861 0.381951 0.004007 1.005219 0.506050 0.004933 1.136607 0.423465 0.004462 
0.999613 0.762831 0.007682 1.336796 0.584404 0.004785 0.889649 0.579022 0.007657 1.266860 0.381953 0.004097 1.005223 0.506048 0.004934 1.136606 0.423467 0.004510 
0.999612 0.762864 0.007877 1.336793 0.584406 0.004790 0.889638 0.579061 0.007779 1.266860 0.381955 0.004173 1.005205 0.506083 0.004865 1.136605 0.423468 0.004562 
0.999610 0.762851 0.008022 1.336779 0.584373 0.004727 0.889636 0.579048 0.007946 1.266849 0.381920 0.004248 1.005199 0.506072 0.004877 1.136593 0.423431 0.004618 
0.999606 0.762840 0.008163 1.336677 0.584429 0.004509 0.889632 0.579037 0.008105 1.266799 0.381958 0.004093 1.005193 0.506062 0.004888 1.136533 0.423435 0.004735 
0.999605 0.762830 0.008322 1.336618 0.584356 0.004267 0.889631 0.579027 0.008281 1.266763 0.381877 0.004203 1.005187 0.506054 0.004898 1.136493 0.423340 0.004888 
0.999612 0.762826 0.008464 1.336617 0.584356 0.004327 0.889638 0.579023 0.008426 1.266762 0.381876 0.004271 1.005192 0.506052 0.004907 1.136492 0.423339 0.004899 
0.999610 0.762817 0.008555 1.336575 0.584382 0.004263 0.889635 0.579014 0.008528 1.266756 0.381890 0.004133 1.005187 0.506044 0.004915 1.136479 0.423329 0.004840 
0.999614 0.762815 0.008630 1.336573 0.584383 0.004327 0.889639 0.579012 0.008602 1.266755 0.381890 0.004206 1.005189 0.506043 0.004922 1.136477 0.423330 0.004853 
0.999614 0.762814 0.008660 1.336506 0.584492 0.004358 0.889639 0.579011 0.008629 1.266714 0.381991 0.003887 1.005188 0.506042 0.004927 1.136432 0.423411 0.004716 
0.999614 0.762813 0.008671 1.336513 0.584502 0.004418 0.889639 0.579011 0.008638 1.266757 0.381988 0.003982 1.005188 0.506042 0.004932 1.136467 0.423387 0.004739 
0.999613 0.762814 0.008652 1.336511 0.584503 0.004467 0.889638 0.579012 0.008618 1.266755 0.381990 0.004071 1.005188 0.506042 0.004935 1.136465 0.423388 0.004764 
0.999610 0.762816 0.008628 1.336473 0.584492 0.004378 0.889635 0.579014 0.008593 1.266732 0.381973 0.004171 1.005185 0.506044 0.004937 1.136438 0.423362 0.004878 
0.999606 0.762819 0.008610 1.336455 0.584575 0.004443 0.889631 0.579017 0.008575 1.266660 0.382075 0.003947 1.005182 0.506047 0.004941 1.136378 0.423498 0.004719 
0.999604 0.762821 0.008587 1.336336 0.584531 0.004156 0.889629 0.579019 0.008552 1.266560 0.382024 0.004025 1.005180 0.506048 0.004943 1.136276 0.423435 0.004982 
0.999603 0.762822 0.008566 1.336334 0.584532 0.004231 0.889627 0.579020 0.008532 1.266558 0.382025 0.004112 1.005179 0.506049 0.004946 1.136273 0.423437 0.004983 
0.999601 0.762823 0.008545 1.336331 0.584533 0.004299 0.889626 0.579021 0.008510 1.266556 0.382026 0.004188 1.005178 0.506049 0.004948 1.136271 0.423438 0.004984 
0.999599 0.762823 0.008524 1.336345 0.584554 0.004406 0.889623 0.579022 0.008490 1.266561 0.382050 0.004185 1.005176 0.506050 0.004951 1.136277 0.423466 0.004890 
0.999598 0.762824 0.008502 1.336343 0.584555 0.004457 0.889622 0.579023 0.008468 1.266560 0.382050 0.004254 1.005175 0.506050 0.004952 1.136275 0.423467 0.004901 
0.999596 0.762826 0.008483 1.336244 0.584739 0.004454 0.889620 0.579024 0.008450 1.266522 0.382215 0.003704 1.005173 0.506051 0.004953 1.136225 0.423590 0.004671 
0.999595 0.762826 0.008469 1.336242 0.584742 0.004500 0.889619 0.579025 0.008435 1.266519 0.382218 0.003821 1.005172 0.506052 0.004955 1.136223 0.423593 0.004701 
0.999594 0.762827 0.008449 1.336239 0.584744 0.004542 0.889618 0.579026 0.008416 1.266518 0.382220 0.003927 1.005172 0.506052 0.004956 1.136221 0.423595 0.004728 
0.999581 0.762818 0.008423 1.336152 0.584647 0.004242 0.889602 0.579018 0.008397 1.266454 0.382113 0.004056 1.005156 0.506043 0.004956 1.136153 0.423474 0.004900 
0.999580 0.762818 0.008403 1.336150 0.584648 0.004310 0.889601 0.579019 0.008374 1.266452 0.382114 0.004138 1.005155 0.506043 0.004956 1.136150 0.423476 0.004908 
0.999579 0.762819 0.008381 1.336148 0.584649 0.004370 0.889599 0.579019 0.008348 1.266450 0.382115 0.004212 1.005154 0.506043 0.004955 1.136148 0.423477 0.004916 
0.999571 0.762812 0.008353 1.336135 0.584770 0.004464 0.889590 0.579014 0.008328 1.266406 0.382248 0.003752 1.005143 0.506036 0.004954 1.136110 0.423628 0.004507 
0.999571 0.762811 0.008355 1.336059 0.584911 0.004474 0.889589 0.579014 0.008323 1.266370 0.382377 0.003416 1.005142 0.506035 0.004951 1.136067 0.423729 0.004375 
0.999563 0.762802 0.008348 1.335954 0.584853 0.004183 0.889579 0.579005 0.008325 1.266292 0.382308 0.003547 1.005132 0.506026 0.004953 1.135984 0.423644 0.004612 
0.999562 0.762803 0.008356 1.335906 0.584831 0.004098 0.889578 0.579006 0.008329 1.266262 0.382279 0.003669 1.005131 0.506027 0.004952 1.135951 0.423603 0.004729 
0.999556 0.762824 0.008406 1.335794 0.585076 0.004149 0.889566 0.579030 0.008335 1.266189 0.382513 0.002988 1.005116 0.506048 0.004910 1.135872 0.423806 0.004397 
0.999557 0.762823 0.008435 1.335792 0.585081 0.004227 0.889567 0.579030 0.008368 1.266189 0.382517 0.003169 1.005117 0.506048 0.004917 1.135870 0.423812 0.004444 
0.999559 0.762822 0.008464 1.335789 0.585084 0.004295 0.889569 0.579029 0.008402 1.266186 0.382520 0.003337 1.005118 0.506048 0.004923 1.135867 0.423815 0.004494 
0.999552 0.762812 0.008485 1.335687 0.585153 0.004132 0.889562 0.579019 0.008436 1.266122 0.382576 0.003148 1.005110 0.506038 0.004929 1.135797 0.423845 0.004509 
0.999553 0.762811 0.008517 1.335684 0.585156 0.004209 0.889564 0.579018 0.008471 1.266120 0.382578 0.003319 1.005111 0.506037 0.004935 1.135793 0.423849 0.004553 
0.999554 0.762811 0.008540 1.335681 0.585159 0.004278 0.889565 0.579017 0.008497 1.266117 0.382581 0.003474 1.005112 0.506037 0.004940 1.135790 0.423852 0.004593 
0.999554 0.762811 0.008550 1.335678 0.585162 0.004340 0.889565 0.579017 0.008510 1.266115 0.382583 0.003613 1.005112 0.506037 0.004945 1.135787 0.423855 0.004630 
0.999554 0.762811 0.008543 1.335676 0.585164 0.004396 0.889565 0.579017 0.008506 1.266112 0.382585 0.003739 1.005112 0.506037 0.004949 1.135784 0.423858 0.004664 
0.999551 0.762813 0.008519 1.335650 0.585211 0.004434 0.889562 0.579019 0.008485 1.266099 0.382628 0.003690 1.005110 0.506039 0.004952 1.135768 0.423892 0.004630 
0.999549 0.762814 0.008492 1.335648 0.585213 0.004482 0.889561 0.579020 0.008459 1.266097 0.382630 0.003808 1.005109 0.506039 0.004954 1.135766 0.423894 0.004665 
0.999539 0.762806 0.008463 1.335609 0.585293 0.004504 0.889552 0.579012 0.008435 1.266094 0.382698 0.003653 1.005100 0.506031 0.004953 1.135756 0.423939 0.004590 
0.999529 0.762833 0.008481 1.335512 0.585223 0.004182 0.889537 0.579042 0.008405 1.266024 0.382617 0.003762 1.005084 0.506059 0.004905 1.135681 0.423842 0.004811 
0.999528 0.762835 0.008453 1.335510 0.585224 0.004255 0.889535 0.579043 0.008386 1.266022 0.382619 0.003872 1.005083 0.506060 0.004913 1.135678 0.423844 0.004828 
0.999524 0.762836 0.008433 1.335405 0.585441 0.004269 0.889532 0.579044 0.008372 1.265948 0.382827 0.003295 1.005080 0.506061 0.004920 1.135599 0.424028 0.004554 
0.999522 0.762837 0.008420 1.335275 0.585476 0.004176 0.889530 0.579045 0.008366 1.265822 0.382860 0.003360 1.005079 0.506062 0.004926 1.135473 0.424059 0.004711 
0.999522 0.762837 0.008416 1.335346 0.585507 0.004307 0.889530 0.579045 0.008365 1.265915 0.382883 0.003377 1.005078 0.506062 0.004931 1.135561 0.424068 0.004596 
0.999521 0.762838 0.008408 1.335343 0.585510 0.004367 0.889529 0.579046 0.008361 1.265912 0.382886 0.003525 1.005078 0.506062 0.004936 1.135558 0.424071 0.004633 
0.999519 0.762839 0.008398 1.335293 0.585473 0.004212 0.889528 0.579046 0.008356 1.265877 0.382843 0.003695 1.005077 0.506063 0.004941 1.135520 0.424020 0.004790 
0.999518 0.762839 0.008382 1.335290 0.585475 0.004281 0.889527 0.579047 0.008346 1.265875 0.382845 0.003813 1.005076 0.506063 0.004946 1.135516 0.424023 0.004809 
0.999516 0.762840 0.008357 1.335287 0.585477 0.004343 0.889525 0.579048 0.008324 1.265872 0.382847 0.003920 1.005076 0.506064 0.004949 1.135514 0.424025 0.004826 
0.999501 0.762869 0.008372 1.335249 0.585356 0.004056 0.889505 0.579079 0.008282 1.265823 0.382729 0.004062 1.005054 0.506094 0.004892 1.135467 0.423916 0.004937 
0.999480 0.762852 0.008338 1.335279 0.585497 0.004170 0.889486 0.579061 0.008274 1.265835 0.382876 0.003762 1.005035 0.506076 0.004900 1.135482 0.424074 0.004581 
0.999479 0.762853 0.008323 1.335277 0.585498 0.004243 0.889485 0.579062 0.008267 1.265833 0.382878 0.003871 1.005035 0.506076 0.004908 1.135480 0.424075 0.004621 
0.999477 0.762854 0.008303 1.335088 0.585562 0.004159 0.889483 0.579063 0.008253 1.265641 0.382942 0.003822 1.005033 0.506078 0.004915 1.135289 0.424141 0.004769 
0.999476 0.762855 0.008291 1.335213 0.585607 0.004346 0.889483 0.579064 0.008246 1.265803 0.382976 0.003701 1.005033 0.506078 0.004922 1.135442 0.424151 0.004549 
0.999472 0.762856 0.008285 1.335140 0.585645 0.004236 0.889479 0.579065 0.008244 1.265758 0.383004 0.003592 1.005029 0.506079 0.004927 1.135393 0.424160 0.004579 
0.999463 0.762846 0.008275 1.335115 0.585611 0.004184 0.889470 0.579055 0.008243 1.265733 0.382969 0.003730 1.005021 0.506069 0.004929 1.135368 0.424125 0.004672 
0.999462 0.762847 0.008282 1.335093 0.585639 0.004236 0.889470 0.579055 0.008250 1.265685 0.383007 0.003671 1.005020 0.506070 0.004933 1.135325 0.424179 0.004643 
0.999461 0.762847 0.008285 1.335090 0.585641 0.004303 0.889469 0.579055 0.008253 1.265682 0.383009 0.003791 1.005020 0.506070 0.004936 1.135322 0.424182 0.004676 
0.999459 0.762848 0.008287 1.334927 0.585609 0.003995 0.889468 0.579056 0.008256 1.265524 0.382975 0.003743 1.005019 0.506071 0.004938 1.135165 0.424145 0.004917 
0.999457 0.762850 0.008292 1.334867 0.585572 0.003865 0.889465 0.579057 0.008260 1.265478 0.382933 0.003839 1.005016 0.506073 0.004940 1.135117 0.424095 0.005040 
0.999455 0.762850 0.008306 1.334853 0.585695 0.004044 0.889465 0.579058 0.008274 1.265460 0.383057 0.003471 1.005016 0.506074 0.004943 1.135099 0.424219 0.004716 
0.999455 0.762850 0.008322 1.334850 0.585697 0.004129 0.889465 0.579057 0.008290 1.265457 0.383059 0.003609 1.005016 0.506073 0.004945 1.135095 0.424222 0.004742 
0.999456 0.762850 0.008333 1.334847 0.585699 0.004205 0.889466 0.579057 0.008301 1.265454 0.383061 0.003734 1.005016 0.506073 0.004948 1.135092 0.424224 0.004766 
0.999455 0.762850 0.008335 1.334845 0.585701 0.004275 0.889465 0.579056 0.008302 1.265452 0.383063 0.003847 1.005016 0.506073 0.004950 1.135089 0.424226 0.004788 
0.999432 0.762864 0.008365 1.334724 0.585800 0.004114 0.889435 0.579075 0.008276 1.265348 0.383157 0.003419 1.004982 0.506088 0.004886 1.134983 0.424307 0.004689 
0.999429 0.762865 0.008364 1.334647 0.585723 0.003855 0.889432 0.579076 0.008284 1.265276 0.383077 0.003614 1.004980 0.506089 0.004895 1.134911 0.424226 0.004915 
0.999427 0.762867 0.008371 1.334567 0.585793 0.003822 0.889431 0.579077 0.008299 1.265231 0.383135 0.003473 1.004980 0.506091 0.004903 1.134861 0.424260 0.004909 
0.999426 0.762867 0.008379 1.334519 0.585790 0.003791 0.889431 0.579077 0.008314 1.265200 0.383126 0.003597 1.004980 0.506091 0.004911 1.134826 0.424241 0.005015 
0.999425 0.762868 0.008386 1.334459 0.585782 0.003731 0.889431 0.579077 0.008328 1.265158 0.383112 0.003710 1.004979 0.506092 0.004918 1.134781 0.424217 0.005133 
0.999425 0.762868 0.008389 1.334455 0.585783 0.003846 0.889431 0.579077 0.008337 1.265154 0.383113 0.003825 1.004980 0.506092 0.004925 1.134776 0.424219 0.005118 
0.999424 0.762868 0.008383 1.334452 0.585784 0.003951 0.889431 0.579077 0.008336 1.265150 0.383114 0.003930 1.004979 0.506092 0.004931 1.134771 0.424220 0.005104 
0.999407 0.762859 0.008364 1.334268 0.585792 0.003605 0.889415 0.579068 0.008333 1.264930 0.383134 0.003641 1.004963 0.506083 0.004935 1.134561 0.424262 0.005119 
0.999404 0.762860 0.008385 1.334191 0.586116 0.003795 0.889412 0.579068 0.008352 1.264883 0.383451 0.002769 1.004961 0.506084 0.004936 1.134509 0.424552 0.004544 
0.999395 0.762848 0.008407 1.334082 0.586066 0.003603 0.889404 0.579055 0.008380 1.264777 0.383398 0.002974 1.004952 0.506072 0.004936 1.134403 0.424499 0.004804 
0.999397 0.762846 0.008446 1.334077 0.586068 0.003729 0.889405 0.579054 0.008413 1.264773 0.383400 0.003158 1.004953 0.506071 0.004937 1.134398 0.424503 0.004821 
0.999386 0.762834 0.008478 1.333998 0.586165 0.003695 0.889396 0.579041 0.008453 1.264738 0.383483 0.002890 1.004944 0.506060 0.004938 1.134354 0.424554 0.004692 
0.999388 0.762833 0.008524 1.333994 0.586168 0.003812 0.889399 0.579039 0.008493 1.264734 0.383485 0.003084 1.004945 0.506059 0.004939 1.134349 0.424558 0.004720 
0.999389 0.762832 0.008558 1.333990 0.586171 0.003918 0.889400 0.579038 0.008524 1.264730 0.383488 0.003259 1.004946 0.506058 0.004941 1.134344 0.424561 0.004746 
0.999378 0.762820 0.008576 1.333932 0.586219 0.003857 0.889390 0.579026 0.008544 1.264703 0.383526 0.003108 1.004937 0.506047 0.004942 1.134311 0.424579 0.004698 
0.999377 0.762820 0.008595 1.333884 0.586188 0.003787 0.889390 0.579025 0.008560 1.264663 0.383491 0.003268 1.004936 0.506047 0.004943 1.134270 0.424541 0.004817 
0.999376 0.762820 0.008592 1.333881 0.586190 0.003896 0.889389 0.579024 0.008557 1.264659 0.383493 0.003425 1.004936 0.506047 0.004946 1.134265 0.424544 0.004833 
0.999371 0.762821 0.008571 1.333858 0.586236 0.003980 0.889385 0.579025 0.008537 1.264641 0.383538 0.003387 1.004933 0.506048 0.004950 1.134246 0.424585 0.004780 
0.999356 0.762851 0.008592 1.333795 0.586190 0.003806 0.889364 0.579059 0.008496 1.264584 0.383489 0.003511 1.004909 0.506079 0.004889 1.134188 0.424534 0.004950 
0.999351 0.762852 0.008565 1.333710 0.586338 0.003866 0.889360 0.579060 0.008476 1.264511 0.383635 0.003091 1.004906 0.506079 0.004897 1.134114 0.424667 0.004741 
0.999349 0.762853 0.008537 1.333752 0.586325 0.003971 0.889358 0.579061 0.008455 1.264544 0.383624 0.003269 1.004905 0.506080 0.004905 1.134148 0.424664 0.004761 
0.999344 0.762855 0.008496 1.333732 0.586548 0.004169 0.889354 0.579062 0.008422 1.264520 0.383853 0.002698 1.004902 0.506081 0.004913 1.134124 0.424890 0.004286 
0.999330 0.762856 0.008475 1.333761 0.586648 0.004079 0.889343 0.579061 0.008407 1.264512 0.383968 0.002385 1.004892 0.506082 0.004918 1.134124 0.425026 0.004110 
0.999329 0.762856 0.008472 1.333757 0.586653 0.004160 0.889342 0.579061 0.008406 1.264508 0.383971 0.002628 1.004892 0.506082 0.004924 1.134119 0.425032 0.004193 
0.999319 0.762846 0.008460 1.333713 0.586617 0.004033 0.889333 0.579051 0.008409 1.264471 0.383930 0.002879 1.004883 0.506072 0.004929 1.134081 0.424989 0.004386 
0.999318 0.762847 0.008459 1.333709 0.586620 0.004118 0.889333 0.579051 0.008412 1.264468 0.383933 0.003075 1.004883 0.506072 0.004934 1.134077 0.424993 0.004444 
0.999314 0.762848 0.008450 1.333664 0.586582 0.003979 0.889329 0.579052 0.008406 1.264432 0.383889 0.003286 1.004879 0.506073 0.004939 1.134039 0.424946 0.004626 
0.999303 0.762838 0.008432 1.333625 0.586542 0.003888 0.889319 0.579041 0.008399 1.264398 0.383847 0.003467 1.004870 0.506063 0.004941 1.134004 0.424903 0.004765 
0.999301 0.762838 0.008412 1.333622 0.586544 0.003987 0.889317 0.579041 0.008379 1.264395 0.383849 0.003605 1.004869 0.506063 0.004944 1.134000 0.424905 0.004788 
0.999299 0.762840 0.008379 1.333619 0.586546 0.004077 0.889315 0.579042 0.008346 1.264392 0.383851 0.003730 1.004868 0.506064 0.004946 1.133997 0.424907 0.004809 
0.999293 0.762841 0.008341 1.333684 0.586516 0.004196 0.889310 0.579044 0.008308 1.264449 0.383824 0.003890 1.004864 0.506065 0.004947 1.134054 0.424887 0.004795 
0.999291 0.762842 0.008306 1.333625 0.586472 0.004085 0.889308 0.579045 0.008273 1.264384 0.383782 0.004084 1.004862 0.506065 0.004949 1.133990 0.424850 0.004930 
0.999289 0.762843 0.008276 1.333623 0.586472 0.004163 0.889306 0.579045 0.008243 1.264382 0.383782 0.004160 1.004861 0.506066 0.004951 1.133988 0.424851 0.004943 
0.999266 0.762862 0.008300 1.333571 0.586689 0.004152 0.889279 0.579067 0.008214 1.264398 0.383976 0.003552 1.004832 0.506086 0.004891 1.133991 0.424998 0.004611 
0.999265 0.762863 0.008277 1.333569 0.586691 0.004226 0.889278 0.579068 0.008199 1.264395 0.383978 0.003681 1.004832 0.506086 0.004900 1.133988 0.425000 0.004650 
0.999251 0.762854 0.008233 1.333572 0.586634 0.004177 0.889266 0.579058 0.008174 1.264383 0.383926 0.003880 1.004821 0.506077 0.004907 1.133978 0.424960 0.004732 
0.999246 0.762856 0.008206 1.333561 0.586663 0.004238 0.889262 0.579059 0.008154 1.264371 0.383955 0.003868 1.004817 0.506078 0.004915 1.133966 0.424989 0.004717 
0.999244 0.762857 0.008172 1.333559 0.586664 0.004303 0.889260 0.579060 0.008126 1.264369 0.383956 0.003968 1.004816 0.506079 0.004921 1.133964 0.424991 0.004748 
0.999231 0.762848 0.008132 1.333517 0.586744 0.004338 0.889248 0.579050 0.008102 1.264337 0.384033 0.003772 1.004805 0.506069 0.004925 1.133931 0.425059 0.004666 
0.999217 0.762838 0.008100 1.333521 0.586684 0.004277 0.889235 0.579040 0.008077 1.264326 0.383978 0.003973 1.004794 0.506059 0.004925 1.133922 0.425016 0.004755 
0.999215 0.762839 0.008078 1.333519 0.586685 0.004338 0.889234 0.579041 0.008048 1.264324 0.383979 0.004061 1.004793 0.506060 0.004925 1.133920 0.425017 0.004783 
0.999214 0.762840 0.008053 1.333518 0.586686 0.004394 0.889232 0.579041 0.008023 1.264323 0.383981 0.004141 1.004792 0.506060 0.004928 1.133919 0.425018 0.004808 
0.999208 0.762841 0.008035 1.333495 0.586736 0.004432 0.889228 0.579042 0.008006 1.264307 0.384028 0.004035 1.004788 0.506061 0.004931 1.133902 0.425060 0.004760 
0.999203 0.762842 0.008021 1.333447 0.586708 0.004310 0.889223 0.579043 0.007992 1.264267 0.383996 0.004150 1.004784 0.506062 0.004934 1.133861 0.425025 0.004902 
0.999197 0.762843 0.008011 1.333372 0.586768 0.004278 0.889216 0.579044 0.007982 1.264135 0.384076 0.003900 1.004777 0.506063 0.004936 1.133740 0.425141 0.004783 
0.999193 0.762844 0.008011 1.333346 0.586822 0.004323 0.889212 0.579045 0.007981 1.264117 0.384128 0.003807 1.004773 0.506064 0.004938 1.133721 0.425186 0.004732 
0.999166 0.762865 0.008056 1.333158 0.586933 0.003940 0.889178 0.579071 0.007961 1.263955 0.384230 0.003346 1.004735 0.506087 0.004862 1.133556 0.425269 0.004779 
0.999162 0.762866 0.008081 1.333097 0.586889 0.003803 0.889174 0.579071 0.007996 1.263898 0.384184 0.003537 1.004731 0.506087 0.004873 1.133500 0.425222 0.004954 
0.999159 0.762866 0.008113 1.333029 0.587006 0.003874 0.889173 0.579071 0.008037 1.263823 0.384304 0.003222 1.004729 0.506088 0.004883 1.133427 0.425343 0.004790 
0.999161 0.762865 0.008158 1.333025 0.587008 0.003974 0.889175 0.579070 0.008088 1.263820 0.384306 0.003384 1.004731 0.506087 0.004892 1.133422 0.425346 0.004809 
0.999160 0.762865 0.008207 1.332991 0.587071 0.004045 0.889174 0.579069 0.008142 1.263779 0.384372 0.003300 1.004729 0.506087 0.004900 1.133383 0.425415 0.004739 
0.999162 0.762863 0.008254 1.332988 0.587073 0.004129 0.889176 0.579068 0.008194 1.263776 0.384374 0.003455 1.004730 0.506086 0.004908 1.133379 0.425419 0.004765 
0.999152 0.762851 0.008280 1.332909 0.587089 0.004121 0.889167 0.579055 0.008235 1.263683 0.384394 0.003529 1.004721 0.506075 0.004915 1.133289 0.425448 0.004839 
0.999149 0.762851 0.008309 1.332894 0.587107 0.004020 0.889165 0.579054 0.008267 1.263704 0.384400 0.003456 1.004719 0.506074 0.004922 1.133303 0.425430 0.004841 
0.999146 0.762850 0.008331 1.332860 0.587117 0.004074 0.889163 0.579053 0.008291 1.263658 0.384414 0.003563 1.004717 0.506074 0.004928 1.133259 0.425452 0.004883 
0.999146 0.762850 0.008344 1.332892 0.587149 0.004205 0.889163 0.579052 0.008306 1.263695 0.384444 0.003566 1.004717 0.506074 0.004933 1.133294 0.425480 0.004773 
