0.000471 -0.000915 0.999999 0.008526 0.004338 0.999954 0.008494 0.004387 0.999954 0.000357 -0.000734 1.000000 
0.000435 -0.000846 1.000000 0.007726 0.003931 0.999962 0.007697 0.003975 0.999962 0.000331 -0.000682 1.000000 
0.001977 -0.003847 0.999991 0.005438 0.002765 0.999981 0.005398 0.002786 0.999982 0.001831 -0.003767 0.999991 
0.001794 -0.003492 0.999992 0.004920 0.002501 0.999985 0.004883 0.002520 0.999985 0.001662 -0.003420 0.999993 
0.001633 -0.003178 0.999994 0.004449 0.002262 0.999988 0.004415 0.002279 0.999988 0.001513 -0.003113 0.999994 
0.001470 -0.002861 0.999995 0.004019 0.002044 0.999990 0.003989 0.002059 0.999990 0.001362 -0.002802 0.999995 
0.001173 -0.002282 0.999997 0.002956 0.001503 0.999995 0.002933 0.001514 0.999995 0.001089 -0.002241 0.999997 
0.000560 -0.001088 0.999999 0.005597 0.002848 0.999980 0.005573 0.002878 0.999980 0.000474 -0.000975 0.999999 
-0.001376 0.002670 0.999995 0.009776 0.004983 0.999940 0.009761 0.005051 0.999940 -0.001423 0.002920 0.999995 
-0.001975 0.003833 0.999991 0.006310 0.003216 0.999975 0.006313 0.003267 0.999975 -0.001958 0.004017 0.999990 
-0.003414 0.006624 0.999972 0.005903 0.003010 0.999978 0.005925 0.003067 0.999978 -0.003330 0.006831 0.999971 
-0.004199 0.008147 0.999958 0.003824 0.001950 0.999991 0.003862 0.001999 0.999991 -0.004058 0.008324 0.999957 
-0.006086 0.011811 0.999912 0.001763 0.000899 0.999998 0.001829 0.000947 0.999998 -0.005840 0.011982 0.999911 
-0.005721 0.011102 0.999922 0.001532 0.000781 0.999999 0.001595 0.000825 0.999998 -0.005488 0.011260 0.999922 
-0.005917 0.011483 0.999917 0.001304 0.000665 0.999999 0.001370 0.000709 0.999999 -0.005673 0.011639 0.999916 
-0.006811 0.013219 0.999889 0.001095 0.000558 0.999999 0.001172 0.000606 0.999999 -0.006526 0.013390 0.999889 
-0.008296 0.016100 0.999836 0.000935 0.000477 0.999999 0.001031 0.000533 0.999999 -0.007944 0.016299 0.999836 
-0.009971 0.019351 0.999763 0.000791 0.000403 1.000000 0.000907 0.000469 0.999999 -0.009544 0.019584 0.999763 
-0.011534 0.022384 0.999683 0.000661 0.000337 1.000000 0.000796 0.000412 1.000000 -0.011037 0.022647 0.999683 
-0.014283 0.027737 0.999513 -0.001883 -0.000960 0.999998 -0.001708 -0.000883 0.999998 -0.013638 0.028002 0.999515 
-0.011734 0.022849 0.999670 -0.001203 -0.000611 0.999999 -0.001060 -0.000547 0.999999 -0.011206 0.023075 0.999671 
-0.010293 0.020044 0.999746 -0.000976 -0.000496 0.999999 -0.000850 -0.000438 1.000000 -0.009832 0.020244 0.999747 
-0.009415 0.018316 0.999788 0.001020 0.000519 0.999999 0.001129 0.000583 0.999999 -0.009014 0.018541 0.999787 
-0.008410 0.016360 0.999831 0.000888 0.000452 1.000000 0.000985 0.000509 0.999999 -0.008051 0.016561 0.999830 
-0.008004 0.015570 0.999847 0.000773 0.000393 1.000000 0.000866 0.000447 1.000000 -0.007662 0.015760 0.999846 
-0.009510 0.017363 0.999804 -0.004298 -0.002330 0.999988 -0.004178 -0.002298 0.999989 -0.009068 0.017472 0.999806 
-0.007953 0.014100 0.999869 -0.003614 -0.002018 0.999991 -0.003516 -0.001991 0.999992 -0.007591 0.014191 0.999870 
-0.007229 0.012858 0.999891 -0.000777 -0.000432 1.000000 -0.000695 -0.000393 1.000000 -0.006930 0.012996 0.999892 
-0.006774 0.012056 0.999904 0.002169 0.001207 0.999997 0.002236 0.001261 0.999997 -0.006529 0.012251 0.999904 
-0.004580 0.008137 0.999956 0.001576 0.000878 0.999998 0.001621 0.000916 0.999998 -0.004416 0.008271 0.999956 
-0.000633 0.001112 0.999999 0.001049 0.000591 0.999999 0.001052 0.000601 0.999999 -0.000621 0.001150 0.999999 
0.111683 0.075044 0.990906 0.001420 0.000801 0.999999 -0.000655 0.001229 0.999999 0.040193 -0.042281 0.998297 0.045894 -0.069738 0.996509 0.072344 -0.080840 0.994098 
0.035773 0.025333 0.999039 0.000609 0.000342 1.000000 -0.003831 0.007208 0.999967 0.011665 -0.011352 0.999868 0.027834 -0.039334 0.998838 0.015063 -0.015675 0.999764 
0.016351 0.011471 0.999801 -0.000176 -0.000101 1.000000 -0.003619 0.006663 0.999971 0.011944 -0.011723 0.999860 0.028479 -0.040529 0.998772 0.005300 -0.005533 0.999971 
0.010873 0.007638 0.999912 -0.000134 -0.000078 1.000000 -0.003581 0.006549 0.999972 0.012175 -0.011974 0.999854 0.028788 -0.040883 0.998749 0.002546 -0.002662 0.999993 
0.007394 0.005191 0.999959 -0.000105 -0.000061 1.000000 -0.003559 0.006500 0.999973 0.011758 -0.011646 0.999863 0.027736 -0.039395 0.998839 0.000789 -0.000832 0.999999 
0.006122 0.004297 0.999972 -0.000091 -0.000053 1.000000 -0.003635 0.006638 0.999971 0.011481 -0.011428 0.999869 0.026939 -0.038268 0.998904 0.000169 -0.000179 1.000000 
0.005582 0.003933 0.999977 -0.000004 -0.000002 1.000000 -0.003538 0.006435 0.999973 0.011586 -0.011522 0.999866 0.026913 -0.038081 0.998912 0.000041 -0.000044 1.000000 
0.004924 0.003485 0.999982 -0.000002 -0.000001 1.000000 -0.003167 0.005728 0.999979 0.011789 -0.011693 0.999862 0.027128 -0.038202 0.998902 0.000030 -0.000031 1.000000 
0.004921 0.003493 0.999982 -0.000001 -0.000001 1.000000 -0.002650 0.004779 0.999985 0.012265 -0.012149 0.999851 0.028004 -0.039324 0.998834 0.000408 -0.000430 1.000000 
0.005368 0.003812 0.999978 0.000002 0.000001 1.000000 -0.002115 0.003814 0.999990 0.012802 -0.012684 0.999838 0.028980 -0.040684 0.998752 0.001034 -0.001091 0.999999 
0.004312 0.003060 0.999986 0.000187 0.000110 1.000000 -0.001240 0.002227 0.999997 0.013022 -0.012976 0.999831 0.029257 -0.041102 0.998726 0.000943 -0.001000 0.999999 
0.003727 0.002637 0.999990 0.000124 0.000073 1.000000 -0.000558 0.001002 0.999999 0.013259 -0.013280 0.999824 0.029663 -0.041795 0.998686 0.001055 -0.001125 0.999999 
0.003344 0.002356 0.999992 0.000005 0.000003 1.000000 -0.000130 0.000233 1.000000 0.013561 -0.013653 0.999815 0.030226 -0.042758 0.998628 0.001135 -0.001215 0.999999 
0.003646 0.002557 0.999990 -0.000330 -0.000194 1.000000 -0.000270 0.000485 1.000000 0.014066 -0.014201 0.999800 0.030597 -0.043482 0.998586 0.001643 -0.001763 0.999997 
0.003940 0.002750 0.999988 -0.000802 -0.000473 1.000000 0.000014 -0.000026 1.000000 0.014070 -0.014241 0.999800 0.030576 -0.043660 0.998578 0.002117 -0.002274 0.999995 
0.004524 0.003145 0.999985 -0.000179 -0.000106 1.000000 -0.000061 0.000109 1.000000 0.014658 -0.014864 0.999782 0.030893 -0.044301 0.998540 0.002441 -0.002624 0.999994 
0.005037 0.003490 0.999981 0.000624 0.000369 1.000000 -0.000030 0.000054 1.000000 0.015173 -0.015407 0.999766 0.031033 -0.044656 0.998520 0.002706 -0.002911 0.999992 
0.005400 0.003730 0.999978 0.000001 0.000001 1.000000 0.000174 -0.000312 1.000000 0.015066 -0.015317 0.999769 0.031047 -0.044813 0.998513 0.003132 -0.003371 0.999989 
0.005707 0.003938 0.999976 0.002458 0.001453 0.999996 -0.000339 0.000606 1.000000 0.016125 -0.016422 0.999735 0.031171 -0.045039 0.998499 0.002744 -0.002958 0.999992 
0.006009 0.004145 0.999973 0.002316 0.001369 0.999996 -0.000266 0.000476 1.000000 0.016102 -0.016401 0.999736 0.031201 -0.045104 0.998495 0.002934 -0.003163 0.999991 
0.006691 0.004617 0.999967 0.002100 0.001241 0.999997 -0.000226 0.000405 1.000000 0.016125 -0.016396 0.999736 0.031384 -0.045353 0.998478 0.003332 -0.003587 0.999988 
0.007345 0.005068 0.999960 0.003838 0.002270 0.999990 0.000988 -0.001766 0.999998 0.016546 -0.016814 0.999722 0.031441 -0.045442 0.998472 0.003866 -0.004158 0.999984 
0.007687 0.005304 0.999956 0.003475 0.002057 0.999992 0.000901 -0.001609 0.999998 0.016474 -0.016744 0.999724 0.031526 -0.045568 0.998464 0.004057 -0.004364 0.999982 
0.007707 0.005316 0.999956 0.002499 0.001479 0.999996 0.001507 -0.002692 0.999995 0.016037 -0.016304 0.999738 0.031394 -0.045397 0.998476 0.004514 -0.004857 0.999978 
0.007867 0.005426 0.999954 0.002969 0.001758 0.999994 0.000885 -0.001580 0.999998 0.016307 -0.016586 0.999729 0.031309 -0.045275 0.998484 0.004320 -0.004650 0.999980 
0.008022 0.005533 0.999953 0.002672 0.001582 0.999995 0.000780 -0.001393 0.999999 0.016153 -0.016429 0.999735 0.031171 -0.045074 0.998497 0.004405 -0.004741 0.999979 
0.008153 0.005624 0.999951 0.002399 0.001420 0.999996 0.000683 -0.001220 0.999999 0.016009 -0.016284 0.999739 0.031044 -0.044889 0.998510 0.004476 -0.004818 0.999978 
0.008257 0.005696 0.999950 0.002165 0.001282 0.999997 0.000603 -0.001078 0.999999 0.015880 -0.016153 0.999743 0.030934 -0.044729 0.998520 0.004528 -0.004874 0.999978 
0.008305 0.005729 0.999949 0.002453 0.001453 0.999996 0.000823 -0.001469 0.999999 0.015848 -0.016124 0.999744 0.030783 -0.044510 0.998535 0.004572 -0.004922 0.999977 
0.008386 0.005785 0.999948 0.002207 0.001307 0.999997 0.000729 -0.001301 0.999999 0.015709 -0.015983 0.999749 0.030679 -0.044354 0.998545 0.004597 -0.004950 0.999977 
0.008392 0.005790 0.999948 0.002536 0.001502 0.999996 0.000252 -0.000450 1.000000 0.015865 -0.016147 0.999744 0.030520 -0.044125 0.998560 0.004397 -0.004736 0.999979 
0.008293 0.005720 0.999949 0.000672 0.000398 1.000000 0.001399 -0.002498 0.999996 0.015051 -0.015308 0.999770 0.030342 -0.043872 0.998576 0.005198 -0.005595 0.999971 
0.008272 0.005706 0.999950 0.000607 0.000360 1.000000 0.001269 -0.002265 0.999997 0.014955 -0.015210 0.999772 0.030220 -0.043695 0.998588 0.005108 -0.005497 0.999972 
0.008081 0.005574 0.999952 0.001477 0.000875 0.999999 0.001690 -0.003015 0.999994 0.014992 -0.015263 0.999771 0.029923 -0.043268 0.998615 0.004981 -0.005366 0.999973 
0.008209 0.005661 0.999950 0.001335 0.000791 0.999999 0.001526 -0.002723 0.999995 0.014783 -0.015044 0.999778 0.029591 -0.042793 0.998646 0.004973 -0.005354 0.999973 
0.008109 0.005592 0.999951 0.001332 0.000789 0.999999 0.001287 -0.002295 0.999997 0.014718 -0.014980 0.999779 0.029391 -0.042506 0.998664 0.004814 -0.005184 0.999975 
0.008022 0.005532 0.999953 0.001200 0.000711 0.999999 0.001160 -0.002069 0.999997 0.014603 -0.014863 0.999783 0.029234 -0.042278 0.998678 0.004723 -0.005087 0.999976 
0.007845 0.005409 0.999955 0.001103 0.000654 0.999999 0.001055 -0.001881 0.999998 0.014487 -0.014748 0.999786 0.028987 -0.041923 0.998700 0.004619 -0.004976 0.999977 
0.007768 0.005357 0.999955 0.000992 0.000588 0.999999 0.000950 -0.001694 0.999998 0.014389 -0.014648 0.999789 0.028876 -0.041758 0.998710 0.004532 -0.004881 0.999978 
0.007650 0.005276 0.999957 0.001844 0.001093 0.999998 0.001061 -0.001892 0.999998 0.014567 -0.014836 0.999784 0.028647 -0.041425 0.998731 0.004391 -0.004731 0.999979 
0.007594 0.005237 0.999957 0.001885 0.001118 0.999998 0.001086 -0.001937 0.999998 0.014469 -0.014735 0.999787 0.028491 -0.041203 0.998745 0.004327 -0.004662 0.999980 
0.007449 0.005137 0.999959 0.001927 0.001143 0.999997 0.001108 -0.001976 0.999997 0.014401 -0.014669 0.999789 0.028372 -0.041028 0.998755 0.004230 -0.004558 0.999981 
0.007311 0.005042 0.999961 0.001729 0.001026 0.999998 0.000992 -0.001768 0.999998 0.014306 -0.014571 0.999791 0.028304 -0.040927 0.998761 0.004127 -0.004448 0.999982 
0.007124 0.004913 0.999963 0.001855 0.001100 0.999998 0.000961 -0.001712 0.999998 0.014288 -0.014557 0.999792 0.028193 -0.040764 0.998771 0.003981 -0.004292 0.999983 
0.006808 0.004694 0.999966 0.000084 0.000050 1.000000 0.001448 -0.002582 0.999996 0.013614 -0.013869 0.999811 0.027916 -0.040366 0.998795 0.004439 -0.004785 0.999979 
0.006671 0.004603 0.999967 0.002117 0.001256 0.999997 0.001726 -0.003075 0.999994 0.014202 -0.014477 0.999794 0.027820 -0.040202 0.998804 0.004137 -0.004463 0.999981 
0.006583 0.004543 0.999968 0.001899 0.001127 0.999998 0.001551 -0.002764 0.999995 0.014097 -0.014369 0.999797 0.027745 -0.040089 0.998811 0.004032 -0.004350 0.999982 
0.006394 0.004412 0.999970 0.001708 0.001013 0.999998 0.001394 -0.002483 0.999996 0.014002 -0.014274 0.999800 0.027598 -0.039878 0.998823 0.003914 -0.004222 0.999983 
0.006253 0.004314 0.999971 0.001540 0.000914 0.999998 0.001256 -0.002238 0.999997 0.013903 -0.014173 0.999803 0.027520 -0.039765 0.998830 0.003783 -0.004081 0.999985 
0.006107 0.004214 0.999972 0.001388 0.000824 0.999999 0.001132 -0.002016 0.999997 0.013813 -0.014080 0.999805 0.027448 -0.039658 0.998836 0.003655 -0.003943 0.999986 
0.005939 0.004098 0.999974 0.000882 0.000523 0.999999 0.001293 -0.002304 0.999997 0.013574 -0.013836 0.999812 0.027350 -0.039517 0.998845 0.003719 -0.004013 0.999985 
0.005844 0.004033 0.999975 0.001940 0.001151 0.999997 0.001408 -0.002507 0.999996 0.013855 -0.014129 0.999804 0.027255 -0.039373 0.998853 0.003526 -0.003806 0.999987 
0.005743 0.003964 0.999976 0.001740 0.001033 0.999998 0.001261 -0.002245 0.999997 0.013759 -0.014031 0.999807 0.027183 -0.039267 0.998859 0.003428 -0.003700 0.999987 
0.005554 0.003833 0.999977 0.002306 0.001369 0.999996 0.000626 -0.001115 0.999999 0.013981 -0.014266 0.999800 0.026886 -0.038843 0.998884 0.003042 -0.003285 0.999990 
0.005446 0.003758 0.999978 0.002069 0.001229 0.999997 0.000555 -0.000988 0.999999 0.013853 -0.014135 0.999804 0.026808 -0.038729 0.998890 0.002972 -0.003210 0.999990 
0.005381 0.003713 0.999979 0.001855 0.001102 0.999998 0.000492 -0.000875 0.999999 0.013707 -0.013984 0.999808 0.026679 -0.038543 0.998901 0.002924 -0.003157 0.999991 
0.005192 0.003582 0.999980 0.001644 0.000977 0.999998 0.000554 -0.000985 0.999999 0.013513 -0.013789 0.999814 0.026501 -0.038292 0.998915 0.002852 -0.003079 0.999991 
0.004831 0.003332 0.999983 0.001833 0.001090 0.999998 0.000123 -0.000219 1.000000 0.013707 -0.014003 0.999808 0.026258 -0.037941 0.998935 0.002632 -0.002845 0.999992 
0.004708 0.003248 0.999984 0.001657 0.000985 0.999998 0.000105 -0.000186 1.000000 0.013593 -0.013886 0.999811 0.026214 -0.037871 0.998939 0.002552 -0.002759 0.999993 
0.004580 0.003160 0.999985 0.000333 0.000198 1.000000 0.000993 -0.001766 0.999998 0.013011 -0.013286 0.999827 0.026149 -0.037775 0.998944 0.003105 -0.003356 0.999990 
0.004483 0.003093 0.999985 0.002558 0.001522 0.999996 0.000476 -0.000846 1.000000 0.013838 -0.014147 0.999804 0.026034 -0.037610 0.998953 0.002516 -0.002722 0.999993 
0.004367 0.003013 0.999986 0.002243 0.001335 0.999997 0.000442 -0.000785 1.000000 0.013657 -0.013964 0.999809 0.025949 -0.037483 0.998960 0.002453 -0.002654 0.999993 
0.004395 0.003033 0.999986 0.002848 0.001696 0.999995 0.001047 -0.001859 0.999998 0.013613 -0.013922 0.999810 0.025702 -0.037130 0.998980 0.002572 -0.002783 0.999993 
0.004183 0.002886 0.999987 0.002458 0.001464 0.999996 0.002493 -0.004424 0.999987 0.013179 -0.013478 0.999822 0.025390 -0.036672 0.999005 0.003187 -0.003448 0.999989 
0.004047 0.002795 0.999988 0.002187 0.001303 0.999997 0.002289 -0.004061 0.999989 0.013073 -0.013366 0.999825 0.025377 -0.036629 0.999007 0.003038 -0.003287 0.999990 
0.003979 0.002748 0.999988 0.001956 0.001165 0.999997 0.002085 -0.003698 0.999991 0.012983 -0.013274 0.999828 0.025353 -0.036588 0.999009 0.002922 -0.003162 0.999991 
0.003945 0.002725 0.999989 0.001763 0.001051 0.999998 0.001878 -0.003332 0.999993 0.012909 -0.013198 0.999830 0.025330 -0.036549 0.999011 0.002822 -0.003053 0.999991 
0.003892 0.002689 0.999989 0.001870 0.001115 0.999998 0.001765 -0.003131 0.999994 0.012909 -0.013200 0.999830 0.025273 -0.036461 0.999015 0.002701 -0.002923 0.999992 
0.003771 0.002605 0.999989 0.001734 0.001034 0.999998 0.001603 -0.002843 0.999995 0.012837 -0.013129 0.999831 0.025163 -0.036301 0.999024 0.002593 -0.002806 0.999993 
0.003661 0.002529 0.999990 -0.000079 -0.000047 1.000000 0.001076 -0.001908 0.999998 0.012506 -0.012787 0.999840 0.025044 -0.036130 0.999033 0.002882 -0.003118 0.999991 
0.003697 0.002554 0.999990 0.000818 0.000488 1.000000 0.000780 -0.001383 0.999999 0.012799 -0.013092 0.999832 0.024954 -0.035995 0.999040 0.002615 -0.002830 0.999993 
0.003745 0.002588 0.999990 0.002766 0.001651 0.999995 0.000579 -0.001025 0.999999 0.013442 -0.013760 0.999815 0.024823 -0.035795 0.999051 0.002244 -0.002431 0.999995 
0.003757 0.002597 0.999990 0.002501 0.001494 0.999996 0.000524 -0.000928 0.999999 0.013289 -0.013603 0.999819 0.024716 -0.035638 0.999059 0.002253 -0.002441 0.999994 
0.003814 0.002637 0.999989 0.002261 0.001350 0.999997 0.000472 -0.000836 1.000000 0.013137 -0.013447 0.999823 0.024654 -0.035545 0.999064 0.002254 -0.002442 0.999994 
0.003858 0.002667 0.999989 0.002045 0.001221 0.999997 0.000426 -0.000754 1.000000 0.013000 -0.013306 0.999827 0.024599 -0.035462 0.999068 0.002250 -0.002438 0.999994 
0.003857 0.002666 0.999989 0.001895 0.001132 0.999998 0.000397 -0.000703 1.000000 0.012872 -0.013177 0.999830 0.024520 -0.035345 0.999074 0.002219 -0.002404 0.999995 
0.003864 0.002672 0.999989 0.001713 0.001023 0.999998 0.000357 -0.000632 1.000000 0.012757 -0.013059 0.999833 0.024470 -0.035271 0.999078 0.002201 -0.002385 0.999995 
0.003845 0.002659 0.999989 0.001549 0.000925 0.999998 0.000320 -0.000566 1.000000 0.012651 -0.012951 0.999836 0.024422 -0.035201 0.999082 0.002171 -0.002352 0.999995 
0.003798 0.002626 0.999989 0.001402 0.000837 0.999999 0.000286 -0.000507 1.000000 0.012555 -0.012853 0.999839 0.024378 -0.035135 0.999085 0.002126 -0.002303 0.999995 
0.003590 0.002482 0.999990 0.001328 0.000794 0.999999 0.000221 -0.000392 1.000000 0.012482 -0.012782 0.999840 0.024209 -0.034895 0.999098 0.002022 -0.002191 0.999996 
0.003690 0.002551 0.999990 0.001202 0.000718 0.999999 0.000193 -0.000342 1.000000 0.012270 -0.012565 0.999846 0.024068 -0.034690 0.999108 0.001977 -0.002143 0.999996 
0.003591 0.002483 0.999990 0.001088 0.000650 0.999999 0.000167 -0.000295 1.000000 0.012200 -0.012493 0.999848 0.024028 -0.034632 0.999111 0.001916 -0.002077 0.999996 
0.003489 0.002413 0.999991 0.000982 0.000586 0.999999 0.000143 -0.000253 1.000000 0.012134 -0.012425 0.999849 0.023992 -0.034579 0.999114 0.001854 -0.002009 0.999996 
0.003393 0.002347 0.999991 0.000884 0.000528 0.999999 0.000122 -0.000215 1.000000 0.012074 -0.012364 0.999851 0.023959 -0.034531 0.999116 0.001795 -0.001945 0.999996 
0.003307 0.002287 0.999992 0.000797 0.000476 1.000000 0.000103 -0.000181 1.000000 0.012021 -0.012309 0.999852 0.023930 -0.034488 0.999119 0.001742 -0.001888 0.999997 
0.003230 0.002234 0.999992 0.000719 0.000429 1.000000 0.000084 -0.000149 1.000000 0.011972 -0.012259 0.999853 0.023903 -0.034448 0.999121 0.001695 -0.001836 0.999997 
0.003128 0.002163 0.999993 0.000650 0.000388 1.000000 0.000070 -0.000124 1.000000 0.011917 -0.012204 0.999855 0.023856 -0.034381 0.999124 0.001634 -0.001771 0.999997 
0.003063 0.002118 0.999993 0.000584 0.000349 1.000000 0.000056 -0.000099 1.000000 0.011877 -0.012163 0.999855 0.023834 -0.034349 0.999126 0.001595 -0.001729 0.999997 
0.003007 0.002080 0.999993 0.000528 0.000315 1.000000 0.000043 -0.000076 1.000000 0.011841 -0.012126 0.999856 0.023814 -0.034320 0.999127 0.001560 -0.001691 0.999997 
0.002963 0.002049 0.999994 0.000796 0.000476 1.000000 0.000114 -0.000202 1.000000 0.011891 -0.012179 0.999855 0.023766 -0.034250 0.999131 0.001512 -0.001639 0.999998 
0.002901 0.002006 0.999994 0.000717 0.000428 1.000000 0.000096 -0.000170 1.000000 0.011847 -0.012134 0.999856 0.023740 -0.034212 0.999133 0.001477 -0.001601 0.999998 
0.002833 0.001959 0.999994 0.000644 0.000385 1.000000 0.000079 -0.000140 1.000000 0.011807 -0.012093 0.999857 0.023716 -0.034177 0.999134 0.001440 -0.001560 0.999998 
0.002783 0.001925 0.999994 0.001713 0.001024 0.999998 0.000362 -0.000640 1.000000 0.012247 -0.012552 0.999846 0.023663 -0.034096 0.999138 0.001500 -0.001626 0.999998 
0.002774 0.001919 0.999994 0.001540 0.000921 0.999998 0.000320 -0.000565 1.000000 0.012140 -0.012441 0.999849 0.023590 -0.033990 0.999144 0.001486 -0.001611 0.999998 
0.002720 0.001881 0.999995 0.003330 0.001993 0.999992 -0.000235 0.000415 1.000000 0.013027 -0.013362 0.999826 0.023513 -0.033878 0.999149 0.001161 -0.001260 0.999999 
0.002506 0.001735 0.999995 0.001633 0.000979 0.999998 -0.000376 0.000662 1.000000 0.012675 -0.012998 0.999835 0.023480 -0.033801 0.999153 0.001496 -0.001623 0.999998 
0.002410 0.001670 0.999996 0.002421 0.001452 0.999996 0.000248 -0.000437 1.000000 0.012749 -0.013075 0.999833 0.023461 -0.033748 0.999155 0.001481 -0.001607 0.999998 
0.002397 0.001661 0.999996 0.002187 0.001312 0.999997 0.000227 -0.000400 1.000000 0.012609 -0.012931 0.999837 0.023442 -0.033717 0.999156 0.001450 -0.001574 0.999998 
0.002367 0.001640 0.999996 0.002670 0.001602 0.999995 -0.000233 0.000411 1.000000 0.012826 -0.013158 0.999831 0.023376 -0.033620 0.999161 0.001176 -0.001277 0.999998 
0.002343 0.001624 0.999996 0.002445 0.001467 0.999996 -0.000214 0.000377 1.000000 0.012701 -0.013029 0.999834 0.023290 -0.033483 0.999168 0.001208 -0.001312 0.999998 
0.002386 0.001654 0.999996 0.002211 0.001327 0.999997 -0.000194 0.000342 1.000000 0.012575 -0.012900 0.999838 0.023303 -0.033498 0.999167 0.001229 -0.001335 0.999998 
0.002439 0.001691 0.999996 0.001998 0.001199 0.999997 -0.000176 0.000310 1.000000 0.012462 -0.012783 0.999841 0.023317 -0.033513 0.999166 0.001257 -0.001364 0.999998 
0.002497 0.001731 0.999995 0.001807 0.001084 0.999998 -0.000161 0.000283 1.000000 0.012359 -0.012677 0.999843 0.023328 -0.033526 0.999166 0.001285 -0.001395 0.999998 
0.002469 0.001712 0.999995 0.001951 0.001172 0.999997 -0.000284 0.000500 1.000000 0.012402 -0.012726 0.999842 0.023285 -0.033460 0.999169 0.001188 -0.001290 0.999998 
0.002474 0.001716 0.999995 0.001797 0.001079 0.999998 -0.000200 0.000352 1.000000 0.012271 -0.012594 0.999845 0.023204 -0.033339 0.999175 0.001223 -0.001328 0.999998 
0.002444 0.001695 0.999996 0.001981 0.001190 0.999997 0.000026 -0.000046 1.000000 0.012276 -0.012602 0.999845 0.023178 -0.033302 0.999177 0.001257 -0.001366 0.999998 
0.002492 0.001729 0.999995 0.002706 0.001627 0.999995 0.000280 -0.000493 1.000000 0.012584 -0.012925 0.999837 0.023130 -0.033228 0.999180 0.001391 -0.001511 0.999998 
0.002568 0.001782 0.999995 0.003630 0.002184 0.999991 0.000939 -0.001649 0.999998 0.012702 -0.013052 0.999834 0.023059 -0.033119 0.999185 0.001483 -0.001612 0.999998 
0.002687 0.001864 0.999995 0.003267 0.001966 0.999993 0.000834 -0.001465 0.999999 0.012519 -0.012862 0.999839 0.022969 -0.032987 0.999192 0.001533 -0.001666 0.999997 
0.002712 0.001882 0.999995 0.002930 0.001763 0.999994 0.000749 -0.001316 0.999999 0.012347 -0.012687 0.999843 0.022832 -0.032789 0.999201 0.001564 -0.001700 0.999997 
0.002695 0.001870 0.999995 0.002134 0.001284 0.999997 0.001734 -0.003045 0.999994 0.011924 -0.012253 0.999854 0.022699 -0.032599 0.999211 0.002158 -0.002347 0.999995 
0.002709 0.001880 0.999995 0.002459 0.001480 0.999996 0.001871 -0.003285 0.999993 0.012052 -0.012387 0.999851 0.022603 -0.032454 0.999218 0.002252 -0.002449 0.999994 
0.002735 0.001899 0.999994 0.002231 0.001343 0.999997 0.001690 -0.002967 0.999994 0.011948 -0.012278 0.999853 0.022584 -0.032420 0.999219 0.002184 -0.002376 0.999995 
0.002733 0.001897 0.999994 0.002014 0.001212 0.999997 0.001524 -0.002676 0.999995 0.011840 -0.012168 0.999856 0.022550 -0.032367 0.999222 0.002109 -0.002294 0.999995 
0.002705 0.001878 0.999995 0.001818 0.001094 0.999998 0.001374 -0.002413 0.999996 0.011729 -0.012053 0.999859 0.022490 -0.032281 0.999226 0.002026 -0.002204 0.999996 
0.002544 0.001766 0.999995 0.001653 0.000996 0.999998 0.001828 -0.003207 0.999993 0.011728 -0.012055 0.999859 0.022343 -0.032074 0.999236 0.002349 -0.002555 0.999994 
0.002436 0.001692 0.999996 0.001498 0.000903 0.999998 0.001655 -0.002903 0.999994 0.011621 -0.011944 0.999861 0.022289 -0.031986 0.999240 0.002192 -0.002384 0.999995 
0.002311 0.001605 0.999996 0.001355 0.000816 0.999999 0.001497 -0.002627 0.999995 0.011503 -0.011823 0.999864 0.022200 -0.031857 0.999246 0.002032 -0.002210 0.999995 
0.002169 0.001506 0.999997 0.001227 0.000739 0.999999 0.001510 -0.002650 0.999995 0.011343 -0.011659 0.999868 0.022085 -0.031692 0.999254 0.001921 -0.002090 0.999996 
0.002022 0.001404 0.999997 0.001622 0.000977 0.999998 0.001349 -0.002367 0.999996 0.011444 -0.011765 0.999865 0.021958 -0.031505 0.999262 0.001712 -0.001863 0.999997 
0.001885 0.001309 0.999997 0.001463 0.000881 0.999999 0.001215 -0.002132 0.999997 0.011326 -0.011643 0.999868 0.021866 -0.031372 0.999269 0.001570 -0.001708 0.999997 
0.001747 0.001213 0.999998 0.001316 0.000793 0.999999 0.001094 -0.001920 0.999998 0.011215 -0.011529 0.999871 0.021776 -0.031241 0.999275 0.001434 -0.001560 0.999998 
0.001622 0.001127 0.999998 0.001182 0.000712 0.999999 0.000985 -0.001727 0.999998 0.011114 -0.011426 0.999873 0.021695 -0.031124 0.999280 0.001311 -0.001426 0.999998 
0.001421 0.000987 0.999999 0.000095 0.000057 1.000000 0.002413 -0.004228 0.999988 0.010487 -0.010776 0.999887 0.021567 -0.030941 0.999289 0.001994 -0.002168 0.999996 
0.001098 0.000763 0.999999 0.001788 0.001079 0.999998 0.002115 -0.003703 0.999991 0.011047 -0.011367 0.999874 0.021450 -0.030753 0.999297 0.001402 -0.001526 0.999998 
0.000936 0.000651 0.999999 0.002046 0.001235 0.999997 0.001998 -0.003496 0.999992 0.011116 -0.011440 0.999873 0.021421 -0.030698 0.999299 0.001199 -0.001305 0.999998 
0.000808 0.000562 1.000000 0.001836 0.001108 0.999998 0.001794 -0.003139 0.999993 0.011043 -0.011363 0.999874 0.021403 -0.030667 0.999300 0.001056 -0.001150 0.999999 
0.000641 0.000446 1.000000 0.001601 0.000967 0.999998 0.001672 -0.002924 0.999994 0.010930 -0.011248 0.999877 0.021351 -0.030588 0.999304 0.000927 -0.001009 0.999999 
0.000493 0.000343 1.000000 0.001442 0.000871 0.999999 0.001505 -0.002631 0.999995 0.010853 -0.011168 0.999879 0.021297 -0.030507 0.999308 0.000781 -0.000851 0.999999 
0.000375 0.000261 1.000000 0.001298 0.000784 0.999999 0.001355 -0.002369 0.999996 0.010754 -0.011066 0.999881 0.021195 -0.030360 0.999314 0.000657 -0.000715 1.000000 
0.000282 0.000196 1.000000 0.001167 0.000705 0.999999 0.001221 -0.002135 0.999997 0.010676 -0.010986 0.999883 0.021124 -0.030258 0.999319 0.000554 -0.000603 1.000000 
0.000260 0.000181 1.000000 0.001049 0.000634 0.999999 0.001099 -0.001921 0.999998 0.010623 -0.010931 0.999884 0.021058 -0.030164 0.999323 0.000511 -0.000556 1.000000 
0.000303 0.000211 1.000000 0.000910 0.000551 0.999999 0.001025 -0.001791 0.999998 0.010505 -0.010809 0.999886 0.020927 -0.029979 0.999331 0.000504 -0.000549 1.000000 
0.000274 0.000191 1.000000 0.000816 0.000494 1.000000 0.000920 -0.001608 0.999998 0.010461 -0.010763 0.999887 0.020896 -0.029934 0.999333 0.000448 -0.000488 1.000000 
0.000271 0.000189 1.000000 0.001977 0.001196 0.999997 0.000489 -0.000854 1.000000 0.010953 -0.011277 0.999876 0.020838 -0.029853 0.999337 0.000127 -0.000138 1.000000 
0.000771 0.000536 1.000000 0.001434 0.000868 0.999999 0.000445 -0.000777 1.000000 0.010663 -0.010973 0.999883 0.020783 -0.029764 0.999341 0.000387 -0.000422 1.000000 
0.000679 0.000472 1.000000 0.001296 0.000784 0.999999 0.000405 -0.000706 1.000000 0.010591 -0.010899 0.999885 0.020694 -0.029637 0.999346 0.000357 -0.000389 1.000000 
0.000608 0.000423 1.000000 0.001171 0.000708 0.999999 0.000366 -0.000639 1.000000 0.010521 -0.010827 0.999886 0.020651 -0.029574 0.999349 0.000312 -0.000339 1.000000 
0.000480 0.000334 1.000000 0.000195 0.000118 1.000000 0.001975 -0.003447 0.999992 0.010000 -0.010286 0.999897 0.020583 -0.029475 0.999354 0.001164 -0.001266 0.999999 
0.000445 0.000310 1.000000 0.000175 0.000106 1.000000 0.001781 -0.003108 0.999994 0.010006 -0.010293 0.999897 0.020563 -0.029447 0.999355 0.001060 -0.001153 0.999999 
0.000423 0.000294 1.000000 0.000158 0.000096 1.000000 0.001611 -0.002811 0.999995 0.010007 -0.010294 0.999897 0.020556 -0.029436 0.999355 0.000963 -0.001048 0.999999 
0.000413 0.000287 1.000000 0.000141 0.000085 1.000000 0.001454 -0.002538 0.999996 0.009995 -0.010281 0.999897 0.020503 -0.029364 0.999358 0.000890 -0.000969 0.999999 
0.000458 0.000319 1.000000 0.003260 0.001976 0.999993 0.000489 -0.000852 1.000000 0.011337 -0.011679 0.999868 0.020420 -0.029244 0.999364 0.000150 -0.000164 1.000000 
0.000442 0.000308 1.000000 0.002933 0.001778 0.999994 0.000429 -0.000748 1.000000 0.011194 -0.011531 0.999871 0.020401 -0.029206 0.999365 0.000144 -0.000157 1.000000 
0.000346 0.000241 1.000000 0.002173 0.001319 0.999997 0.001749 -0.003043 0.999994 0.010820 -0.011151 0.999879 0.020273 -0.029022 0.999373 0.000908 -0.000990 0.999999 
0.000370 0.000258 1.000000 0.002019 0.001226 0.999997 0.001606 -0.002794 0.999995 0.010753 -0.011082 0.999881 0.020292 -0.029048 0.999372 0.000841 -0.000917 0.999999 
0.000397 0.000277 1.000000 0.001823 0.001107 0.999998 0.001444 -0.002513 0.999996 0.010693 -0.011020 0.999882 0.020333 -0.029099 0.999370 0.000786 -0.000857 0.999999 
0.000387 0.000270 1.000000 0.002051 0.001246 0.999997 0.001413 -0.002458 0.999996 0.010744 -0.011074 0.999881 0.020338 -0.029094 0.999370 0.000693 -0.000756 0.999999 
0.000394 0.000274 1.000000 0.001868 0.001135 0.999998 0.001281 -0.002228 0.999997 0.010670 -0.010998 0.999883 0.020338 -0.029089 0.999370 0.000641 -0.000699 1.000000 
0.000389 0.000271 1.000000 0.001713 0.001041 0.999998 0.001160 -0.002016 0.999997 0.010594 -0.010920 0.999884 0.020315 -0.029051 0.999371 0.000584 -0.000637 1.000000 
0.000391 0.000273 1.000000 0.001541 0.000936 0.999998 0.001043 -0.001813 0.999998 0.010514 -0.010837 0.999886 0.020285 -0.029004 0.999373 0.000542 -0.000591 1.000000 
0.000352 0.000245 1.000000 0.002571 0.001565 0.999995 0.001562 -0.002711 0.999995 0.010708 -0.011046 0.999882 0.020223 -0.028914 0.999377 0.000502 -0.000547 1.000000 
0.000369 0.000257 1.000000 0.002310 0.001406 0.999996 0.001401 -0.002432 0.999996 0.010612 -0.010946 0.999884 0.020186 -0.028862 0.999380 0.000475 -0.000518 1.000000 
0.000361 0.000252 1.000000 0.002075 0.001263 0.999997 0.001256 -0.002180 0.999997 0.010515 -0.010845 0.999886 0.020136 -0.028787 0.999383 0.000436 -0.000475 1.000000 
0.000345 0.000241 1.000000 0.001869 0.001138 0.999998 0.001126 -0.001954 0.999997 0.010403 -0.010731 0.999888 0.020029 -0.028639 0.999389 0.000398 -0.000434 1.000000 
0.000333 0.000232 1.000000 0.001676 0.001020 0.999998 0.001008 -0.001748 0.999998 0.010325 -0.010650 0.999890 0.019982 -0.028573 0.999392 0.000367 -0.000401 1.000000 
0.001109 0.000773 0.999999 0.000064 0.000039 1.000000 0.001947 -0.003379 0.999992 0.009460 -0.009747 0.999908 0.020304 -0.029029 0.999372 0.001120 -0.001220 0.999999 
0.001085 0.000756 0.999999 0.000057 0.000035 1.000000 0.001760 -0.003055 0.999994 0.009508 -0.009796 0.999907 0.020309 -0.029034 0.999372 0.001050 -0.001144 0.999999 
0.001002 0.000698 0.999999 -0.001002 -0.000610 0.999999 0.001383 -0.002400 0.999996 0.009419 -0.009701 0.999909 0.020294 -0.029007 0.999373 0.001260 -0.001372 0.999998 
0.000880 0.000613 0.999999 -0.000228 -0.000139 1.000000 0.002068 -0.003588 0.999991 0.009570 -0.009860 0.999906 0.020192 -0.028853 0.999380 0.001381 -0.001504 0.999998 
0.000841 0.000587 0.999999 -0.000199 -0.000121 1.000000 0.001869 -0.003243 0.999993 0.009615 -0.009905 0.999905 0.020220 -0.028886 0.999378 0.001264 -0.001377 0.999998 
0.000829 0.000578 0.999999 -0.000173 -0.000105 1.000000 0.001688 -0.002929 0.999994 0.009647 -0.009937 0.999904 0.020227 -0.028892 0.999378 0.001169 -0.001274 0.999999 
0.000730 0.000509 1.000000 -0.001678 -0.001022 0.999998 0.003806 -0.006601 0.999971 0.008855 -0.009114 0.999919 0.020145 -0.028772 0.999383 0.002340 -0.002547 0.999994 
0.000712 0.000497 1.000000 0.000579 0.000353 1.000000 0.003400 -0.005894 0.999977 0.009732 -0.010024 0.999902 0.020172 -0.028792 0.999382 0.001798 -0.001959 0.999996 
0.000660 0.000461 1.000000 0.000520 0.000317 1.000000 0.003064 -0.005312 0.999981 0.009760 -0.010052 0.999902 0.020196 -0.028818 0.999381 0.001626 -0.001771 0.999997 
0.000627 0.000438 1.000000 0.000466 0.000284 1.000000 0.002761 -0.004785 0.999985 0.009755 -0.010045 0.999902 0.020158 -0.028761 0.999383 0.001475 -0.001607 0.999998 
0.000586 0.000409 1.000000 0.000418 0.000255 1.000000 0.002488 -0.004313 0.999988 0.009758 -0.010049 0.999902 0.020133 -0.028727 0.999385 0.001338 -0.001457 0.999998 
0.000550 0.000384 1.000000 0.000376 0.000229 1.000000 0.002241 -0.003884 0.999990 0.009744 -0.010035 0.999902 0.020076 -0.028644 0.999388 0.001213 -0.001321 0.999998 
0.000489 0.000341 1.000000 0.000298 0.000182 1.000000 0.002068 -0.003583 0.999991 0.009692 -0.009982 0.999903 0.019957 -0.028477 0.999395 0.001125 -0.001226 0.999999 
