0.031524 -0.000162 0.004849 0.121712 0.123376 0.004218 0.183831 0.001083 0.004384 0.224481 0.096179 0.003986 
0.032318 -0.001891 0.004949 0.119816 0.122133 0.003808 0.181964 -0.000159 0.004304 0.225237 0.094438 0.003534 
0.031587 -0.000674 0.004988 0.118246 0.121567 0.003802 0.180404 -0.000733 0.004039 0.224544 0.095633 0.003259 
0.030762 0.000795 0.004944 0.117460 0.121246 0.003907 0.179644 -0.001045 0.003853 0.223745 0.097131 0.003204 
0.030539 0.001265 0.004852 0.117108 0.121052 0.003884 0.179299 -0.001238 0.003825 0.223535 0.097603 0.003215 
0.030677 0.000883 0.004890 0.116535 0.120667 0.003794 0.178730 -0.001626 0.003984 0.223672 0.097208 0.003241 
0.029999 0.002203 0.004894 0.116445 0.120621 0.003904 0.178646 -0.001669 0.004078 0.223027 0.098538 0.003401 
0.029511 0.002918 0.004995 0.114793 0.119732 0.003751 0.177045 -0.002543 0.004089 0.222541 0.099289 0.003189 
0.029168 0.003866 0.004649 0.116047 0.120204 0.003725 0.178300 -0.002062 0.004287 0.222215 0.100272 0.003561 
0.027820 0.006470 0.004665 0.114766 0.119620 0.003802 0.177051 -0.002640 0.004320 0.220928 0.102896 0.003614 
0.028599 0.004863 0.004432 0.113290 0.118495 0.003195 0.175625 -0.003743 0.004644 0.221656 0.101323 0.003475 
0.027121 0.007742 0.004454 0.111253 0.117249 0.003264 0.173612 -0.004992 0.004846 0.220270 0.104187 0.003600 
0.026260 0.009914 0.003961 0.111611 0.117336 0.003190 0.173960 -0.004906 0.005043 0.219470 0.106362 0.003982 
0.025168 0.012032 0.004028 0.109551 0.116020 0.003216 0.171920 -0.006224 0.005276 0.218453 0.108458 0.004063 
0.023499 0.015050 0.004244 0.106225 0.114523 0.003251 0.168667 -0.007710 0.005269 0.216852 0.111501 0.003831 
0.022597 0.016810 0.004408 0.104892 0.113855 0.003409 0.167348 -0.008378 0.005616 0.216005 0.113251 0.004053 
0.025466 0.012255 0.003642 0.109046 0.115191 0.002869 0.171348 -0.007056 0.006601 0.218800 0.108600 0.004924 
0.024328 0.014503 0.003805 0.107946 0.114654 0.003049 0.170269 -0.007591 0.006789 0.217723 0.110853 0.005013 
0.023653 0.015831 0.004059 0.107172 0.114269 0.003222 0.169505 -0.007972 0.007118 0.217086 0.112178 0.005161 
0.023428 0.016276 0.004370 0.106846 0.114114 0.003382 0.169180 -0.008118 0.007581 0.216874 0.112622 0.005379 
0.023418 0.016300 0.004695 0.106867 0.114138 0.003529 0.169197 -0.008084 0.008085 0.216864 0.112649 0.005617 
0.023415 0.016310 0.004993 0.107128 0.114281 0.003662 0.169453 -0.007928 0.008549 0.216858 0.112665 0.005835 
0.023413 0.016319 0.005263 0.107626 0.114544 0.003784 0.169946 -0.007652 0.008971 0.216849 0.112687 0.006032 
0.023410 0.016329 0.005508 0.108353 0.114921 0.003894 0.170667 -0.007260 0.009356 0.216838 0.112714 0.006211 
0.023409 0.016333 0.005731 0.109296 0.115407 0.003995 0.171603 -0.006759 0.009706 0.216827 0.112740 0.006373 
0.023417 0.016321 0.005936 0.110439 0.115993 0.004086 0.172740 -0.006157 0.010029 0.216822 0.112755 0.006522 
0.023433 0.016292 0.006124 0.111762 0.116670 0.004168 0.174055 -0.005463 0.010325 0.216823 0.112756 0.006658 
0.023453 0.016257 0.006296 0.113246 0.117427 0.004243 0.175531 -0.004689 0.010595 0.216825 0.112753 0.006783 
0.023469 0.016229 0.006452 0.114874 0.118256 0.004310 0.177152 -0.003841 0.010838 0.216822 0.112762 0.006894 
0.023477 0.016216 0.006591 0.116631 0.119150 0.004371 0.178900 -0.002930 0.011052 0.216811 0.112789 0.006991 
0.023479 0.016215 0.006714 0.118497 0.120098 0.004425 0.180759 -0.001964 0.011241 0.216792 0.112830 0.007076 
0.023479 0.016217 0.006825 0.120456 0.121092 0.004474 0.182709 -0.000952 0.011408 0.216771 0.112876 0.007150 
0.023482 0.016213 0.006925 0.122486 0.122122 0.004518 0.184731 0.000095 0.011557 0.216752 0.112917 0.007216 
0.023490 0.016200 0.007016 0.124566 0.123177 0.004557 0.186804 0.001167 0.011688 0.216737 0.112952 0.007274 
0.023500 0.016182 0.007097 0.126676 0.124246 0.004592 0.188906 0.002253 0.011802 0.216723 0.112981 0.007325 
0.023511 0.016164 0.007169 0.128792 0.125317 0.004623 0.191014 0.003341 0.011899 0.216711 0.113010 0.007368 
0.023520 0.016148 0.007232 0.130891 0.126380 0.004650 0.193106 0.004420 0.011979 0.216696 0.113042 0.007403 
0.023526 0.016138 0.007286 0.132950 0.127422 0.004674 0.195159 0.005477 0.012041 0.216680 0.113078 0.007431 
0.023529 0.016133 0.007331 0.134949 0.128433 0.004695 0.197151 0.006501 0.012087 0.216661 0.113118 0.007451 
0.023531 0.016131 0.007368 0.136865 0.129402 0.004714 0.199062 0.007483 0.012116 0.216642 0.113158 0.007465 
0.023534 0.016128 0.007397 0.138682 0.130320 0.004730 0.200874 0.008412 0.012131 0.216625 0.113196 0.007472 
0.023538 0.016121 0.007420 0.140382 0.131178 0.004744 0.202570 0.009281 0.012132 0.216611 0.113227 0.007474 
0.023544 0.016110 0.007437 0.141951 0.131970 0.004756 0.204135 0.010081 0.012119 0.216600 0.113251 0.007470 
0.023552 0.016095 0.007446 0.143375 0.132688 0.004767 0.205556 0.010806 0.012091 0.216592 0.113269 0.007462 
0.023561 0.016079 0.007448 0.144656 0.133333 0.004781 0.206835 0.011457 0.012054 0.216587 0.113281 0.007454 
0.023571 0.016061 0.007444 0.145761 0.133889 0.004793 0.207938 0.012016 0.012001 0.216584 0.113287 0.007440 
0.023580 0.016043 0.007433 0.146679 0.134350 0.004804 0.208855 0.012479 0.011933 0.216583 0.113290 0.007420 
0.023588 0.016028 0.007414 0.147401 0.134711 0.004813 0.209577 0.012840 0.011848 0.216583 0.113291 0.007393 
0.023595 0.016015 0.007388 0.147923 0.134970 0.004822 0.210100 0.013097 0.011746 0.216584 0.113290 0.007359 
0.023601 0.016004 0.007354 0.148239 0.135125 0.004830 0.210419 0.013249 0.011625 0.216587 0.113286 0.007318 
0.023608 0.015990 0.007313 0.148348 0.135174 0.004837 0.210530 0.013292 0.011487 0.216592 0.113275 0.007271 
0.023613 0.015982 0.007261 0.148318 0.135152 0.004844 0.210504 0.013263 0.011329 0.216597 0.113266 0.007216 
0.023617 0.015973 0.007202 0.148202 0.135086 0.004850 0.210392 0.013188 0.011152 0.216603 0.113254 0.007155 
0.023624 0.015960 0.007134 0.147996 0.134974 0.004856 0.210191 0.013067 0.010954 0.216612 0.113236 0.007086 
0.023632 0.015945 0.007058 0.147705 0.134818 0.004861 0.209905 0.012900 0.010735 0.216623 0.113214 0.007009 
0.023641 0.015927 0.006973 0.147332 0.134619 0.004866 0.209538 0.012690 0.010492 0.216635 0.113189 0.006922 
0.023651 0.015908 0.006879 0.146883 0.134381 0.004871 0.209095 0.012440 0.010224 0.216650 0.113159 0.006827 
0.023663 0.015884 0.006774 0.146364 0.134107 0.004875 0.208583 0.012152 0.009929 0.216668 0.113124 0.006721 
0.023677 0.015856 0.006658 0.145780 0.133799 0.004879 0.208007 0.011830 0.009605 0.216688 0.113082 0.006605 
0.023693 0.015825 0.006530 0.145133 0.133458 0.004882 0.207367 0.011474 0.009250 0.216711 0.113036 0.006477 
0.023710 0.015791 0.006390 0.144424 0.133084 0.004885 0.206665 0.011085 0.008861 0.216735 0.112986 0.006337 
0.023728 0.015756 0.006236 0.143656 0.132678 0.004888 0.205904 0.010664 0.008436 0.216761 0.112934 0.006183 
0.023746 0.015721 0.006066 0.142833 0.132243 0.004891 0.205089 0.010214 0.007971 0.216787 0.112880 0.006014 
0.023764 0.015684 0.005881 0.141963 0.131783 0.004894 0.204226 0.009739 0.007464 0.216815 0.112823 0.005828 
0.023783 0.015646 0.005678 0.141054 0.131302 0.004896 0.203324 0.009243 0.006910 0.216844 0.112765 0.005626 
0.023803 0.015607 0.005457 0.140115 0.130803 0.004898 0.202391 0.008732 0.006307 0.216873 0.112704 0.005404 
0.023824 0.015566 0.005215 0.139154 0.130291 0.004900 0.201436 0.008209 0.005649 0.216904 0.112642 0.005163 
0.024590 0.014066 0.005070 0.138193 0.129789 0.004905 0.200470 0.007695 0.005248 0.217647 0.111103 0.005022 
0.026086 0.011136 0.005025 0.137266 0.129315 0.004921 0.199528 0.007207 0.005136 0.219087 0.108121 0.005002 
0.027751 0.007874 0.004999 0.136296 0.128822 0.004932 0.198541 0.006697 0.005066 0.220690 0.104801 0.004986 
0.029097 0.005060 0.005047 0.134265 0.127846 0.004837 0.196511 0.005706 0.004766 0.221983 0.101932 0.004697 
0.032287 -0.001747 0.005074 0.129974 0.125386 0.003837 0.192322 0.003269 0.004338 0.224972 0.095159 0.003611 
0.033896 -0.004928 0.004899 0.129535 0.125337 0.003857 0.191923 0.003237 0.004211 0.226465 0.092031 0.003627 
0.034866 -0.007054 0.004965 0.127705 0.124514 0.003940 0.190101 0.002404 0.003930 0.227390 0.089869 0.003407 
0.036774 -0.010782 0.004964 0.127308 0.124312 0.004042 0.189682 0.002188 0.004027 0.229219 0.086091 0.003553 
0.037188 -0.011817 0.004937 0.125827 0.123715 0.004203 0.188176 0.001569 0.003641 0.229636 0.084984 0.003301 
0.038887 -0.015187 0.004943 0.125344 0.123490 0.004275 0.187667 0.001327 0.003690 0.231270 0.081556 0.003358 
0.039366 -0.016770 0.005100 0.122094 0.122123 0.004165 0.184449 -0.000043 0.003186 0.231703 0.079951 0.002653 
0.040045 -0.017929 0.004707 0.123526 0.122876 0.004407 0.185771 0.000668 0.003031 0.232419 0.078659 0.002859 
0.041796 -0.021359 0.004704 0.123595 0.122915 0.004489 0.185821 0.000697 0.003204 0.234094 0.075193 0.003025 
0.043214 -0.024137 0.004730 0.123647 0.122942 0.004636 0.185856 0.000715 0.003356 0.235450 0.072386 0.003201 
0.044017 -0.025713 0.004824 0.123721 0.122970 0.004976 0.185920 0.000741 0.003496 0.236217 0.070796 0.003433 
0.044284 -0.026241 0.004980 0.123777 0.122980 0.005489 0.185971 0.000753 0.003625 0.236472 0.070265 0.003708 
0.044300 -0.026278 0.005162 0.123824 0.122979 0.006064 0.186013 0.000759 0.003745 0.236487 0.070231 0.003998 
0.044306 -0.026294 0.005330 0.123849 0.122968 0.006596 0.186035 0.000755 0.003854 0.236492 0.070217 0.004263 
0.044311 -0.026309 0.005484 0.123858 0.122949 0.007084 0.186041 0.000744 0.003953 0.236497 0.070203 0.004506 
0.044316 -0.026323 0.005627 0.123865 0.122930 0.007534 0.186045 0.000732 0.004044 0.236502 0.070190 0.004727 
0.044321 -0.026337 0.005758 0.123873 0.122911 0.007946 0.186048 0.000722 0.004125 0.236506 0.070178 0.004929 
0.044325 -0.026350 0.005879 0.123879 0.122893 0.008326 0.186052 0.000712 0.004199 0.236511 0.070166 0.005114 
0.044330 -0.026362 0.005990 0.123886 0.122876 0.008675 0.186055 0.000703 0.004266 0.236515 0.070155 0.005283 
0.044334 -0.026373 0.006090 0.123893 0.122860 0.008996 0.186058 0.000695 0.004326 0.236518 0.070144 0.005436 
0.044337 -0.026383 0.006182 0.123899 0.122844 0.009291 0.186061 0.000687 0.004380 0.236522 0.070134 0.005577 
0.044341 -0.026393 0.006267 0.123904 0.122829 0.009563 0.186064 0.000680 0.004429 0.236525 0.070125 0.005706 
0.044344 -0.026403 0.006345 0.123910 0.122815 0.009813 0.186066 0.000673 0.004474 0.236529 0.070116 0.005824 
0.044347 -0.026411 0.006417 0.123914 0.122802 0.010045 0.186068 0.000667 0.004514 0.236532 0.070108 0.005932 
0.044351 -0.026420 0.006483 0.123919 0.122789 0.010259 0.186070 0.000660 0.004550 0.236535 0.070100 0.006031 
0.044354 -0.026428 0.006545 0.123922 0.122776 0.010456 0.186070 0.000654 0.004583 0.236538 0.070091 0.006122 
0.044357 -0.026437 0.006601 0.123924 0.122764 0.010640 0.186070 0.000648 0.004613 0.236541 0.070083 0.006205 
0.044361 -0.026445 0.006654 0.123926 0.122752 0.010810 0.186070 0.000642 0.004640 0.236545 0.070075 0.006281 
0.044364 -0.026452 0.006703 0.123928 0.122741 0.010968 0.186070 0.000637 0.004664 0.236548 0.070068 0.006352 
0.044366 -0.026459 0.006749 0.123931 0.122730 0.011116 0.186070 0.000632 0.004686 0.236550 0.070061 0.006417 
0.044369 -0.026465 0.006791 0.123933 0.122721 0.011254 0.186071 0.000628 0.004706 0.236553 0.070055 0.006477 
0.044371 -0.026471 0.006831 0.123936 0.122712 0.011384 0.186071 0.000623 0.004724 0.236555 0.070049 0.006533 
0.044374 -0.026477 0.006869 0.123936 0.122702 0.011506 0.186070 0.000618 0.004741 0.236557 0.070044 0.006585 
0.044376 -0.026483 0.006904 0.123934 0.122691 0.011621 0.186065 0.000612 0.004756 0.236560 0.070038 0.006633 
0.044379 -0.026489 0.006938 0.123928 0.122678 0.011731 0.186057 0.000604 0.004769 0.236563 0.070031 0.006678 
0.044382 -0.026497 0.006970 0.123917 0.122664 0.011835 0.186045 0.000594 0.004781 0.236566 0.070024 0.006720 
0.044386 -0.026505 0.007000 0.123903 0.122648 0.011935 0.186029 0.000582 0.004792 0.236570 0.070015 0.006759 
0.044390 -0.026513 0.007029 0.123885 0.122631 0.012031 0.186009 0.000569 0.004802 0.236574 0.070006 0.006796 
0.044395 -0.026522 0.007057 0.123864 0.122612 0.012124 0.185987 0.000554 0.004811 0.236579 0.069997 0.006832 
0.044399 -0.026532 0.007084 0.123842 0.122592 0.012215 0.185963 0.000538 0.004819 0.236583 0.069987 0.006866 
0.044403 -0.026541 0.007111 0.123820 0.122573 0.012304 0.185939 0.000523 0.004826 0.236588 0.069977 0.006899 
0.044403 -0.026540 0.007140 0.123799 0.122554 0.012395 0.185916 0.000507 0.004833 0.236588 0.069977 0.006932 
0.044356 -0.026449 0.007180 0.123782 0.122534 0.012506 0.185897 0.000493 0.004840 0.236543 0.070069 0.006975 
0.044275 -0.026292 0.007230 0.123771 0.122516 0.012630 0.185884 0.000482 0.004846 0.236466 0.070228 0.007026 
0.044184 -0.026114 0.007282 0.123763 0.122499 0.012760 0.185874 0.000472 0.004852 0.236379 0.070408 0.007080 
0.044093 -0.025935 0.007336 0.123758 0.122484 0.012892 0.185867 0.000463 0.004857 0.236292 0.070588 0.007135 
0.044002 -0.025759 0.007390 0.123755 0.122468 0.013026 0.185861 0.000455 0.004861 0.236206 0.070766 0.007189 
0.043915 -0.025589 0.007444 0.123752 0.122452 0.013162 0.185856 0.000447 0.004865 0.236122 0.070939 0.007244 
0.043830 -0.025423 0.007499 0.123751 0.122437 0.013300 0.185853 0.000440 0.004869 0.236041 0.071106 0.007300 
0.043745 -0.025257 0.007557 0.123753 0.122423 0.013443 0.185852 0.000433 0.004872 0.235960 0.071275 0.007357 
0.043658 -0.025087 0.007616 0.123757 0.122409 0.013592 0.185853 0.000428 0.004875 0.235877 0.071446 0.007416 
0.043570 -0.024916 0.007678 0.123763 0.122395 0.013747 0.185855 0.000423 0.004878 0.235793 0.071619 0.007477 
0.043482 -0.024744 0.007742 0.123770 0.122380 0.013910 0.185859 0.000418 0.004880 0.235709 0.071793 0.007540 
0.043395 -0.024574 0.007810 0.123777 0.122364 0.014079 0.185862 0.000413 0.004883 0.235626 0.071966 0.007606 
0.043309 -0.024406 0.007880 0.123783 0.122347 0.014257 0.185864 0.000407 0.004885 0.235544 0.072136 0.007675 
0.043225 -0.024243 0.007953 0.123790 0.122329 0.014444 0.185865 0.000401 0.004886 0.235464 0.072301 0.007746 
0.043144 -0.024084 0.008029 0.123796 0.122308 0.014640 0.185867 0.000393 0.004888 0.235386 0.072462 0.007820 
0.043065 -0.023930 0.008109 0.123803 0.122287 0.014848 0.185868 0.000386 0.004890 0.235311 0.072619 0.007898 
0.042987 -0.023777 0.008193 0.123811 0.122264 0.015068 0.185870 0.000378 0.004891 0.235236 0.072773 0.007980 
0.042906 -0.023620 0.008284 0.123821 0.122240 0.015304 0.185872 0.000369 0.004892 0.235159 0.072932 0.008068 
0.042822 -0.023456 0.008381 0.123831 0.122213 0.015557 0.185874 0.000360 0.004893 0.235080 0.073098 0.008162 
0.042737 -0.023289 0.008486 0.123841 0.122184 0.015828 0.185876 0.000350 0.004894 0.234998 0.073268 0.008263 
0.042651 -0.023122 0.008597 0.123853 0.122151 0.016118 0.185878 0.000340 0.004895 0.234916 0.073437 0.008370 
0.042568 -0.022959 0.008716 0.123865 0.122116 0.016428 0.185880 0.000328 0.004896 0.234837 0.073602 0.008485 
0.042487 -0.022801 0.008842 0.123878 0.122078 0.016760 0.185881 0.000315 0.004897 0.234760 0.073763 0.008606 
0.042408 -0.022647 0.008977 0.123892 0.122035 0.017115 0.185881 0.000301 0.004897 0.234684 0.073919 0.008736 
0.042330 -0.022495 0.009122 0.123906 0.121988 0.017497 0.185881 0.000285 0.004898 0.234610 0.074074 0.008875 
0.042253 -0.022344 0.009277 0.123921 0.121936 0.017908 0.185880 0.000268 0.004899 0.234537 0.074227 0.009025 
0.042176 -0.022194 0.009445 0.123938 0.121879 0.018350 0.185878 0.000249 0.004899 0.234464 0.074380 0.009186 
0.042100 -0.022045 0.009626 0.123957 0.121815 0.018828 0.185876 0.000229 0.004900 0.234391 0.074531 0.009360 
0.042024 -0.021897 0.009821 0.123979 0.121746 0.019343 0.185874 0.000207 0.004900 0.234320 0.074681 0.009547 
0.041950 -0.021752 0.010031 0.124004 0.121669 0.019898 0.185873 0.000184 0.004901 0.234249 0.074829 0.009749 
0.041877 -0.021609 0.010258 0.124033 0.121584 0.020498 0.185873 0.000160 0.004901 0.234180 0.074975 0.009968 
0.041805 -0.021468 0.010504 0.124067 0.121490 0.021146 0.185874 0.000134 0.004901 0.234111 0.075119 0.010204 
0.041733 -0.021328 0.010771 0.124107 0.121386 0.021846 0.185875 0.000106 0.004902 0.234043 0.075262 0.010460 
0.041663 -0.021190 0.011060 0.124151 0.121270 0.022604 0.185877 0.000076 0.004902 0.233976 0.075403 0.010738 
0.041593 -0.021054 0.011374 0.124203 0.121140 0.023424 0.185880 0.000044 0.004902 0.233910 0.075543 0.011040 
0.041524 -0.020920 0.011715 0.124261 0.120995 0.024311 0.185883 0.000009 0.004903 0.233846 0.075681 0.011367 
0.041457 -0.020788 0.012085 0.124327 0.120832 0.025271 0.185886 -0.000028 0.004903 0.233782 0.075817 0.011722 
0.041392 -0.020660 0.012487 0.124403 0.120649 0.026310 0.185890 -0.000069 0.004903 0.233721 0.075949 0.012109 
0.041328 -0.020536 0.012925 0.124489 0.120442 0.027435 0.185894 -0.000113 0.004903 0.233661 0.076079 0.012530 
0.041267 -0.020415 0.013402 0.124587 0.120208 0.028652 0.185898 -0.000160 0.004904 0.233603 0.076205 0.012988 
0.042623 -0.022981 0.013062 0.123386 0.119841 0.029098 0.184273 -0.000616 0.004663 0.235143 0.073088 0.012161 
0.045818 -0.029260 0.011825 0.122892 0.119565 0.029277 0.183719 -0.000895 0.004688 0.238211 0.066705 0.010961 
0.048284 -0.034113 0.010993 0.121911 0.118911 0.029953 0.182659 -0.001463 0.004710 0.240577 0.061777 0.010153 
0.048632 -0.034802 0.011267 0.120991 0.118008 0.031684 0.181591 -0.002077 0.004731 0.240920 0.061065 0.010435 
0.047785 -0.033140 0.012256 0.120510 0.117122 0.034044 0.180904 -0.002523 0.004750 0.240119 0.062742 0.011423 
0.049074 -0.035677 0.012009 0.120455 0.116648 0.035589 0.180681 -0.002699 0.004765 0.241351 0.060179 0.011181 
0.050901 -0.039139 0.011306 0.120442 0.116409 0.037065 0.180214 -0.002783 0.004779 0.243312 0.056228 0.010476 
0.050930 -0.039199 0.011827 0.120153 0.115467 0.039550 0.179648 -0.003172 0.004793 0.243345 0.056167 0.010980 
0.051817 -0.040955 0.011789 0.120194 0.114689 0.041884 0.179397 -0.003395 0.004807 0.244193 0.054399 0.010928 
0.050738 -0.038821 0.013240 0.120883 0.113783 0.045267 0.179654 -0.003405 0.004817 0.243159 0.056582 0.012349 
0.052871 -0.043387 0.012077 0.122107 0.113891 0.047607 0.180773 -0.002563 0.004974 0.245008 0.052332 0.011424 
0.054843 -0.047389 0.010857 0.124463 0.114562 0.050269 0.182692 -0.001082 0.004968 0.246844 0.048354 0.010180 
0.053222 -0.044342 0.012950 0.127624 0.114198 0.054752 0.185141 0.000092 0.004917 0.245219 0.051612 0.012118 
0.052979 -0.043862 0.014025 0.130942 0.113796 0.058882 0.187689 0.001215 0.004915 0.244960 0.052179 0.013158 
0.051608 -0.040744 0.016138 0.132829 0.113213 0.063529 0.188816 0.002698 0.004735 0.243459 0.055735 0.015281 
0.053201 -0.045434 0.015013 0.126806 0.109926 0.067255 0.183567 0.001852 0.004719 0.243437 0.053965 0.013707 
0.051933 -0.049749 0.010313 0.130437 0.116125 0.071033 0.184930 0.009047 0.004970 0.242995 0.047480 0.008852 
0.049523 -0.043171 0.013126 0.140553 0.120779 0.077202 0.188909 0.014197 0.005843 0.243832 0.047243 0.008656 
0.051014 -0.045200 0.011052 0.144420 0.120616 0.082103 0.190446 0.016316 0.006008 0.245784 0.043887 0.005891 
0.048492 -0.039100 0.017295 0.145059 0.115336 0.089413 0.188767 0.015498 0.006270 0.243287 0.050347 0.011282 
0.045297 -0.033230 0.026206 0.144090 0.106078 0.096614 0.187378 0.012999 0.005747 0.238872 0.059713 0.021993 
0.045919 -0.039781 0.025483 0.148758 0.098460 0.101124 0.190460 0.009623 0.005430 0.239373 0.053403 0.022244 
0.339442 -0.302475 0.012668 0.154636 0.088684 0.109499 0.119979 -0.438220 0.027653 0.311811 -0.480854 0.022716 0.233330 0.055803 0.036436 0.392775 -0.497875 0.031680 
0.262267 -0.219925 0.025208 0.142690 0.068808 0.117276 0.230419 0.060773 0.053132 0.277295 -0.540356 0.053384 0.097248 -0.479688 0.032729 0.032552 -0.419513 0.043314 
0.124449 0.045058 0.123635 0.127788 -0.174369 0.081328 0.148441 -0.453072 -0.013588 -0.114030 -0.264497 0.171584 0.230989 0.062381 0.064791 0.049742 -0.473560 0.226974 
0.243383 -0.362075 -0.030730 -0.093063 -0.218042 0.180485 0.246894 0.060923 0.063283 -0.000297 -0.293723 0.110546 0.127227 0.037385 0.130420 -0.086586 -0.119181 0.328512 
-0.092385 -0.407019 0.094494 0.290100 -0.260238 0.024385 0.177107 0.059009 0.146540 -0.068320 -0.120668 0.232382 0.283975 0.058725 0.057352 0.018551 -0.332653 0.105984 
-0.061227 -0.524419 0.044693 0.280914 -0.290940 0.024132 0.209657 0.071511 0.208026 -0.073424 -0.176238 0.219557 0.295362 0.068985 0.110260 0.045096 -0.369766 0.080639 
-0.038001 -0.556610 0.012161 0.317469 -0.325405 0.008014 0.193257 0.047779 0.285847 -0.078001 -0.236834 0.200990 0.273222 0.065191 0.192244 0.064656 -0.413976 0.054041 
-0.013589 -0.518899 -0.026551 0.364066 -0.319221 0.024483 0.147285 0.002487 0.329596 -0.076240 -0.265895 0.166442 0.083727 -0.431144 0.023892 
0.002014 -0.494830 -0.050660 0.094791 -0.424737 0.013102 0.380579 -0.312810 0.049314 -0.074081 -0.272471 0.160431 0.137053 -0.027561 0.350388 
0.013978 -0.491303 -0.073068 0.103906 -0.420011 0.005780 0.386172 -0.320042 0.063306 -0.070997 -0.277864 0.156695 0.253660 -0.004654 0.301833 0.142370 -0.050125 0.365797 
0.101566 -0.426608 0.005317 0.380933 -0.326785 0.081144 0.176966 -0.057677 0.246215 0.061913 -0.103598 0.253857 0.017485 -0.485542 -0.079261 -0.078814 -0.295735 0.158326 
0.099284 -0.433577 0.006078 0.379007 -0.337233 0.102855 0.167342 -0.078408 0.270077 0.053441 -0.123185 0.269380 0.019613 -0.479352 -0.081964 -0.086928 -0.311588 0.159131 
0.099353 -0.433276 0.010676 0.372811 -0.346604 0.127960 0.151705 -0.101858 0.307723 0.038146 -0.146467 0.299096 0.023823 -0.472882 -0.085108 -0.094264 -0.323254 0.163892 
0.099464 -0.428148 0.022229 0.361038 -0.353732 0.161828 0.131686 -0.129856 0.349008 0.017966 -0.173983 0.328195 0.031062 -0.463951 -0.086194 -0.104490 -0.334356 0.174652 
0.104984 -0.429945 0.032762 0.099940 -0.161194 0.387662 0.046662 -0.460285 -0.086540 0.351107 -0.367864 0.198438 -0.112834 -0.349104 0.172336 -0.009434 -0.203414 0.353065 
0.111603 -0.433697 0.043862 0.065302 -0.193524 0.422460 0.063024 -0.460222 -0.085985 0.341590 -0.386844 0.229775 -0.117500 -0.360583 0.167561 -0.041023 -0.234225 0.376938 
0.111591 -0.437760 0.055068 0.033073 -0.223749 0.446950 0.072588 -0.458071 -0.081948 0.327126 -0.405036 0.257678 -0.125966 -0.371247 0.165187 -0.070552 -0.262008 0.391489 
0.105830 -0.442351 0.063608 -0.098063 -0.286448 0.396579 0.001891 -0.251598 0.460996 0.307717 -0.422083 0.282613 0.075560 -0.453449 -0.075480 
0.098118 -0.447997 0.068912 -0.125530 -0.309317 0.395720 -0.030046 -0.278428 0.468189 0.285367 -0.440116 0.302927 0.076400 -0.449859 -0.070293 
0.092715 -0.454788 0.069518 -0.158027 -0.332002 0.390312 -0.068699 -0.303887 0.468044 -0.163610 -0.403242 0.137067 0.259953 -0.459490 0.320791 0.081444 -0.447020 -0.067349 
0.091278 -0.462700 0.065353 -0.195180 -0.355157 0.374100 -0.116171 -0.330446 0.456113 -0.215483 -0.416688 0.495678 0.071924 -0.448999 0.121566 
-0.233755 -0.376732 0.352266 -0.271074 -0.444078 0.458405 0.065026 -0.457251 0.119327 0.089716 -0.470149 0.063521 -0.168899 -0.355468 0.434080 
-0.272937 -0.397842 0.333689 -0.321076 -0.468416 0.424221 0.054431 -0.463209 0.125099 0.155849 -0.512343 0.363016 0.017508 -0.445951 -0.027521 
-0.305162 -0.413572 0.319265 -0.358206 -0.486004 0.401624 0.043727 -0.467729 0.133703 0.127239 -0.523802 0.376613 0.019029 -0.446129 -0.021565 
-0.332184 -0.428223 0.304162 -0.386603 -0.502169 0.387557 0.027801 -0.475560 0.135993 0.102253 -0.535242 0.385791 0.010936 -0.452291 -0.020752 
