0.001593 -0.000239 0.999999 0.000364 0.002509 0.999997 0.000381 0.002516 0.999997 0.001654 -0.000210 0.999999 
0.001670 -0.000250 0.999999 0.000223 0.001538 0.999999 0.000234 0.001547 0.999999 0.001710 -0.000217 0.999999 
0.001401 -0.000210 0.999999 0.000203 0.001392 0.999999 0.000212 0.001399 0.999999 0.001437 -0.000183 0.999999 
-0.003708 0.000560 0.999993 0.000773 0.005276 0.999986 0.000802 0.005248 0.999986 -0.003601 0.000462 0.999993 
-0.003355 0.000506 0.999994 0.000693 0.004732 0.999989 0.000719 0.004707 0.999989 -0.003259 0.000418 0.999995 
-0.003041 0.000459 0.999995 0.000623 0.004252 0.999991 0.000646 0.004230 0.999991 -0.002955 0.000379 0.999996 
-0.002763 0.000417 0.999996 0.000561 0.003831 0.999993 0.000582 0.003811 0.999993 -0.002686 0.000344 0.999996 
-0.002513 0.000379 0.999997 0.000507 0.003464 0.999994 0.000526 0.003445 0.999994 -0.002443 0.000313 0.999997 
-0.002288 0.000345 0.999997 0.000463 0.003164 0.999995 0.000481 0.003147 0.999995 -0.002224 0.000285 0.999997 
-0.002087 0.000315 0.999998 0.000504 0.003438 0.999994 0.000523 0.003422 0.999994 -0.002017 0.000258 0.999998 
-0.001933 0.000287 0.999998 0.000802 0.005563 0.999984 0.000834 0.005547 0.999984 -0.001815 0.000228 0.999998 
-0.001787 0.000271 0.999998 0.001094 0.007417 0.999972 0.001137 0.007399 0.999972 -0.001626 0.000210 0.999999 
-0.001618 0.000250 0.999999 0.000539 0.003592 0.999993 0.000559 0.003579 0.999993 -0.001543 0.000203 0.999999 
-0.001474 0.000229 0.999999 0.000302 0.002003 0.999998 0.000313 0.001992 0.999998 -0.001434 0.000190 0.999999 
-0.001372 0.000215 0.999999 0.000566 0.003711 0.999993 0.000588 0.003699 0.999993 -0.001294 0.000174 0.999999 
-0.001320 0.000207 0.999999 0.001005 0.006591 0.999978 0.001044 0.006576 0.999978 -0.001177 0.000158 0.999999 
-0.000595 0.000099 1.000000 0.004625 0.028594 0.999580 0.004799 0.028562 0.999581 0.000043 -0.000006 1.000000 
-0.000639 0.000117 1.000000 0.006296 0.035329 0.999356 0.006512 0.035287 0.999356 0.000149 -0.000024 1.000000 
-0.000660 0.000121 1.000000 0.001398 0.007814 0.999968 0.001445 0.007801 0.999969 -0.000488 0.000078 1.000000 
0.005431 -0.000906 0.999985 0.000866 0.005337 0.999985 0.000904 0.005364 0.999985 0.005569 -0.000802 0.999984 
-0.000482 0.000075 1.000000 0.001220 0.008009 0.999967 0.001268 0.007999 0.999967 -0.000304 0.000041 1.000000 
0.000829 -0.000133 1.000000 0.001695 0.010859 0.999940 0.001762 0.010853 0.999940 0.001075 -0.000148 0.999999 
-0.000162 0.000027 1.000000 0.002002 0.012379 0.999921 0.002077 0.012366 0.999921 0.000114 -0.000016 1.000000 
-0.002341 0.000375 0.999997 0.002494 0.016006 0.999869 0.002590 0.015976 0.999869 -0.001991 0.000274 0.999998 
-0.002152 0.000326 0.999998 0.002307 0.015676 0.999874 0.002401 0.015648 0.999875 -0.001808 0.000233 0.999998 
-0.000732 0.000112 1.000000 0.002617 0.017656 0.999841 0.002724 0.017636 0.999841 -0.000339 0.000044 1.000000 
-0.466091 -0.060847 0.882642 -0.001712 0.000192 0.999999 0.005168 -0.041067 0.999143 0.003671 0.026852 0.999633 0.011615 -0.069552 0.997511 0.033699 -0.309875 0.950180 
-0.341640 -0.081732 0.936270 -0.001628 0.000117 0.999999 0.001781 -0.018123 0.999834 0.002032 -0.008441 0.999962 0.001821 0.018963 0.999819 -0.001864 -0.224040 0.974578 
-0.330529 -0.086666 0.939808 -0.000507 0.000032 1.000000 0.000243 -0.006508 0.999979 -0.002638 0.010302 0.999943 -0.013372 -0.124899 0.992079 
-0.276572 -0.075436 0.958028 -0.002219 0.000179 0.999998 0.000005 -0.000216 1.000000 -0.002562 0.009572 0.999951 -0.012441 -0.096907 0.995216 
-0.240110 -0.064963 0.968570 0.003875 -0.000362 0.999992 -0.000183 0.009597 0.999954 -0.004692 0.017805 0.999830 -0.010448 -0.076845 0.996988 
-0.204088 -0.054733 0.977421 0.020014 -0.002127 0.999797 -0.000401 0.021625 0.999766 -0.006258 0.024024 0.999692 -0.007876 -0.056412 0.998377 
-0.167231 -0.044934 0.984893 0.014495 -0.001665 0.999894 -0.000865 0.025805 0.999667 -0.006926 0.026471 0.999626 0.010055 0.072698 0.997303 -0.011613 -0.095922 0.995321 
-0.130297 -0.036303 0.990810 0.001467 -0.000163 0.999999 -0.001373 0.021007 0.999778 -0.006658 0.024391 0.999680 0.007737 0.057106 0.998338 -0.005719 -0.074105 0.997234 
-0.090968 -0.026664 0.995497 -0.017488 0.001845 0.999845 -0.001404 0.012975 0.999915 -0.005082 0.017568 0.999833 0.004640 0.035532 0.999358 -0.000767 -0.047783 0.998857 
-0.049600 -0.015157 0.998654 -0.029115 0.003110 0.999571 -0.000929 0.006229 0.999980 0.002422 0.018381 0.999828 -0.002682 0.008847 0.999957 0.000952 -0.020141 0.999797 
-0.018348 -0.005548 0.999816 -0.021768 0.002524 0.999760 -0.000579 0.003501 0.999994 0.001528 0.010863 0.999940 -0.000342 0.001138 0.999999 0.000236 -0.003022 0.999995 
0.000249 0.000070 1.000000 -0.006574 0.000932 0.999978 0.000038 -0.000245 1.000000 0.000031 0.000188 1.000000 0.000363 -0.001301 0.999999 -0.000174 0.002329 0.999997 
0.000086 0.000023 1.000000 0.001396 -0.000211 0.999999 0.000453 -0.003128 0.999995 0.000183 0.001040 0.999999 0.003114 -0.011779 0.999926 0.000146 -0.002138 0.999998 
0.000532 0.000140 1.000000 0.002801 -0.000432 0.999996 0.001452 -0.010442 0.999944 -0.000059 -0.000328 1.000000 0.006594 -0.025257 0.999659 0.000574 -0.009292 0.999957 
0.007830 0.002038 0.999967 0.006123 -0.000977 0.999981 0.002786 -0.020366 0.999789 0.000240 0.001301 0.999999 0.011022 -0.042710 0.999027 0.001125 -0.018018 0.999837 
0.023321 0.005955 0.999710 0.021342 -0.003276 0.999767 0.001593 -0.011187 0.999936 0.001621 0.009105 0.999957 0.015111 -0.059994 0.998084 -0.000140 0.001957 0.999998 
0.037061 0.008973 0.999273 0.022986 -0.003407 0.999730 -0.001834 0.011756 0.999929 0.002856 0.016554 0.999859 0.017911 -0.075547 0.996981 -0.004591 0.046862 0.998891 
0.017911 0.003884 0.999832 0.037097 -0.004501 0.999302 -0.006496 0.039726 0.999189 0.002833 0.019527 0.999805 0.013767 -0.064415 0.997828 -0.007930 0.074565 0.997185 
-0.000581 -0.000102 1.000000 0.055827 0.001082 0.998440 0.000092 0.030017 0.999549 0.009649 -0.064056 0.997900 -0.019803 0.105478 0.994224 0.011079 -0.063830 0.997899 -0.010919 0.120841 0.992612 
-0.000462 -0.000081 1.000000 0.068646 0.003388 0.997635 0.010694 -0.061447 0.998053 0.009317 -0.061663 0.998054 -0.021191 0.110813 0.993615 -0.000782 0.028777 0.999586 -0.010543 0.126450 0.991917 
-0.000483 -0.000083 1.000000 0.098363 0.005711 0.995134 0.012150 -0.071593 0.997360 0.010544 -0.071837 0.997361 -0.015519 0.087616 0.996033 -0.000672 0.018822 0.999823 -0.005245 0.088740 0.996041 
0.085444 -0.000068 0.996343 -0.017930 0.095901 0.995229 0.001775 0.121175 0.992630 -0.000530 -0.000081 1.000000 0.011291 -0.087920 0.996064 0.013258 -0.087659 0.996062 -0.005311 0.055966 0.998419 
0.000228 0.000027 1.000000 0.093836 0.002191 0.995585 -0.000477 0.075908 0.997115 0.000799 -0.005855 0.999983 0.011032 -0.116192 0.993166 -0.014425 0.063144 0.997900 
0.003805 0.000511 0.999993 0.009624 0.000437 0.999954 0.000046 -0.002142 0.999998 0.006433 -0.038124 0.999252 0.015807 -0.145090 0.989292 0.000609 -0.002332 0.999997 
0.022275 0.003637 0.999745 0.005285 0.000265 0.999986 0.000386 -0.014876 0.999889 0.012515 -0.068592 0.997566 0.026034 -0.194926 0.980472 0.008301 -0.030991 0.999485 
0.063537 0.010575 0.997923 0.008227 0.000412 0.999966 0.000349 -0.013486 0.999909 0.021180 -0.107757 0.993952 0.028596 -0.227710 0.973309 0.020167 -0.071924 0.997206 
0.091206 0.015505 0.995711 0.027753 0.001394 0.999614 0.000316 -0.012245 0.999925 0.031092 -0.158576 0.986857 0.031698 -0.269524 0.962472 0.031866 -0.114381 0.992926 
0.098451 0.017241 0.994993 0.054809 0.002806 0.998493 0.000345 -0.013109 0.999914 0.037787 -0.210924 0.976772 0.036506 -0.319868 0.946759 0.039405 -0.150821 0.987775 
0.098580 0.017484 0.994976 0.079378 0.004068 0.996836 0.000473 -0.018485 0.999829 0.039486 -0.252826 0.966706 0.040078 -0.362572 0.931094 0.042948 -0.179562 0.982809 
0.104174 0.005019 0.994546 0.044153 -0.200587 0.978680 0.037773 -0.279470 0.959411 0.000598 -0.028556 0.999592 0.106182 0.018529 0.994174 0.039090 -0.387152 0.921187 
0.129686 0.005622 0.991539 0.044590 -0.217055 0.975140 0.035008 -0.295363 0.954743 0.000584 -0.044064 0.999029 0.121698 0.020832 0.992349 0.035458 -0.399853 0.915893 
0.159737 0.006522 0.987138 0.045007 -0.231207 0.971863 0.032149 -0.305649 0.951601 0.000382 -0.064192 0.997937 0.143624 0.024099 0.989339 0.030033 -0.407381 0.912765 
0.190062 0.008142 0.981738 0.046061 -0.245206 0.968376 0.030093 -0.314546 0.948765 0.000145 -0.084842 0.996394 0.167825 0.028252 0.985412 0.025341 -0.412864 0.910440 
0.219004 0.010434 0.975668 0.047842 -0.258168 0.964915 0.029201 -0.321326 0.946518 -0.000060 -0.103468 0.994633 0.192655 0.033235 0.980704 0.021943 -0.412842 0.910538 
0.246035 0.013786 0.969163 0.050352 -0.268252 0.962032 0.029547 -0.323493 0.945769 -0.000025 -0.121587 0.992581 0.216534 0.039049 0.975494 0.020715 -0.404577 0.914269 
0.272845 0.018196 0.961886 0.053752 -0.274616 0.960050 0.031291 -0.318554 0.947388 0.000076 -0.141840 0.989890 0.241957 0.046011 0.969196 0.020769 -0.387669 0.921565 
0.298854 0.023498 0.954009 0.057542 -0.277835 0.958904 0.033633 -0.307389 0.950989 0.000001 -0.165720 0.986173 0.267458 0.053250 0.962097 0.021026 -0.366580 0.930149 
0.320557 0.030118 0.946750 0.061762 -0.279283 0.958220 0.036458 -0.295542 0.954634 0.000615 -0.186023 0.982545 0.289478 0.060742 0.955255 0.022402 -0.347907 0.937261 
0.335885 0.037470 0.941157 0.066307 -0.279843 0.957753 0.039965 -0.287049 0.957082 0.002380 -0.198888 0.980019 0.305054 0.068636 0.949859 0.025604 -0.336133 0.941467 
0.344813 0.045318 0.937577 0.071216 -0.278996 0.957648 0.044571 -0.283348 0.957981 0.005629 -0.201619 0.979448 0.313686 0.076958 0.946403 0.030743 -0.332307 0.942670 
0.354436 0.054070 0.933516 0.075917 -0.277692 0.957666 0.049235 -0.281913 0.958176 0.009299 -0.199661 0.979821 0.321402 0.086051 0.943025 0.036337 -0.331168 0.942872 
0.364157 0.064078 0.929131 0.080650 -0.274825 0.958106 0.054292 -0.280493 0.958319 0.013354 -0.193570 0.980996 0.329286 0.096474 0.939289 0.042546 -0.331305 0.942564 
0.373027 0.074783 0.924802 0.085690 -0.270253 0.958968 0.059930 -0.277358 0.958896 0.017314 -0.183829 0.982806 0.338908 0.108516 0.934540 0.048895 -0.330230 0.942633 
0.379694 0.083736 0.921315 0.090760 -0.264342 0.960149 0.065647 -0.270926 0.960359 0.019927 -0.168403 0.985517 0.354266 0.122404 0.927099 0.053563 -0.324469 0.944379 
0.388191 0.092660 0.916909 0.094216 -0.255921 0.962096 0.069670 -0.260815 0.962872 0.021190 -0.148774 0.988644 0.373525 0.137835 0.917322 0.056751 -0.313803 0.947790 
0.399749 0.100957 0.911048 0.095344 -0.244474 0.964957 0.071520 -0.247146 0.966335 0.020618 -0.125756 0.991847 0.395268 0.153488 0.905652 0.058079 -0.299284 0.952395 
0.415717 0.107823 0.903080 0.093154 -0.230115 0.968695 0.070344 -0.230772 0.970462 0.017925 -0.099219 0.994904 0.418989 0.167521 0.892404 0.056952 -0.281566 0.957850 
0.434113 0.111417 0.893942 0.087277 -0.212764 0.973198 0.065736 -0.211264 0.975216 0.013222 -0.069196 0.997515 0.444583 0.177948 0.877884 0.053045 -0.260318 0.964065 
0.459221 0.112306 0.881194 0.077350 -0.190688 0.978599 0.057609 -0.187685 0.980538 0.006973 -0.035681 0.999339 0.471806 0.183258 0.862448 0.046642 -0.234329 0.971038 
0.490774 0.106733 0.864725 0.063824 -0.163669 0.984448 0.045969 -0.156879 0.986547 0.000028 -0.000148 1.000000 0.504560 0.182038 0.843968 0.037284 -0.199726 0.979142 
0.524612 0.088965 0.846680 0.046289 -0.128645 0.990610 0.028692 -0.104601 0.994100 -0.002077 0.013891 0.999901 0.544140 0.171022 0.821379 0.025595 -0.154127 0.987719 
0.588391 0.146030 0.795281 0.564763 0.059957 0.823072 -0.005167 0.047111 0.998876 0.010960 -0.043864 0.998977 0.013171 -0.092873 0.995591 0.027000 -0.082769 0.996203 
0.623781 0.109000 0.773962 0.615999 0.036916 0.786881 -0.009796 0.094120 0.995513 0.003393 -0.014915 0.999883 0.002463 -0.019470 0.999807 0.017285 -0.056059 0.998278 
0.659342 0.101064 0.745019 0.668566 0.026434 0.743183 -0.013448 0.117361 0.992998 0.000004 -0.000019 1.000000 -0.001259 0.009736 0.999952 0.012736 -0.042544 0.999013 
0.700266 0.103397 0.706354 0.706429 0.017171 0.707576 -0.014929 0.126014 0.991916 -0.003401 0.015809 0.999869 -0.002385 0.018125 0.999833 0.010117 -0.033990 0.999371 
0.745914 0.100832 0.658365 0.741605 0.000251 0.670837 -0.019475 0.147754 0.988832 -0.006976 0.030837 0.999500 -0.004349 0.032065 0.999476 0.007202 -0.023788 0.999691 
0.790086 0.085967 0.606938 0.778559 -0.028337 0.626932 -0.027231 0.177338 0.983773 -0.011909 0.049897 0.998683 -0.007810 0.054873 0.998463 0.002321 -0.007442 0.999970 
0.833908 0.056749 0.548978 0.812606 -0.074549 0.578026 -0.038120 0.210847 0.976776 -0.018214 0.072245 0.997221 -0.012231 0.081198 0.996623 -0.004153 0.012888 0.999908 
0.874646 0.001779 0.484758 0.837025 -0.145223 0.527541 -0.051460 0.245211 0.968103 -0.025857 0.096639 0.994984 -0.018122 0.112512 0.993485 -0.011471 0.034463 0.999340 
0.903310 -0.094619 0.418424 0.843060 -0.246823 0.477837 -0.066156 0.277950 0.958315 -0.035052 0.123346 0.991744 -0.026039 0.148956 0.988501 -0.019563 0.057158 0.998173 
0.899228 -0.254531 0.355814 0.814425 -0.386257 0.433033 -0.083337 0.310517 0.946908 -0.046224 0.153036 0.987139 -0.036519 0.190009 0.981103 -0.029082 0.082724 0.996148 
0.814970 -0.492558 0.305304 0.726053 -0.558311 0.401418 -0.104786 0.343693 0.933218 -0.060202 0.185503 0.980798 -0.050384 0.233504 0.971050 -0.040726 0.112041 0.992869 
-0.078056 0.322857 0.943223 0.574870 -0.679895 0.455266 -0.052382 0.140020 0.988762 0.468555 -0.823222 0.320565 -0.143207 0.427699 0.892505 -0.077759 0.206449 0.975363 
0.449509 -0.724175 0.522983 -0.195081 0.502947 0.842014 0.025894 -0.067316 0.997396 -0.166338 0.506190 0.846229 0.215174 -0.890479 0.400933 -0.106057 0.388170 0.915465 
0.111771 -0.871155 0.478118 -0.139749 0.453177 0.880398 0.001429 -0.003735 0.999992 -0.210952 0.554026 0.805329 0.347710 -0.741099 0.574342 -0.242009 0.542997 0.804105 
-0.201953 0.404312 0.892046 0.043792 -0.831920 0.553165 -0.179202 0.508045 0.842483 -0.141815 0.349301 0.926217 0.280961 -0.724532 0.629376 
-0.245420 0.439428 0.864102 0.008723 -0.786199 0.617911 -0.224052 0.547284 0.806400 -0.178633 0.396698 0.900400 0.222601 -0.699975 0.678589 
-0.012125 -0.716235 0.697754 -0.284414 0.593665 0.752775 -0.222822 0.448466 0.865580 0.176607 -0.649519 0.739551 -0.404570 0.618915 0.673251 -0.237310 0.385201 0.891798 
-0.018506 -0.636819 0.770791 0.133083 -0.580636 0.803213 -0.491315 0.616465 0.615290 -0.368828 0.635833 0.677999 -0.258240 0.469889 0.844107 -0.353622 0.628398 0.692869 -0.294586 0.435286 0.850732 
-0.023334 -0.548287 0.835965 -0.595984 0.572421 0.563150 -0.054843 -0.451485 0.890592 0.308228 0.146777 0.939921 0.074515 -0.006168 0.997201 0.056958 0.003222 0.998371 -0.435107 0.642022 0.631260 -0.355225 0.470747 0.807597 
0.325406 0.138339 0.935400 -0.025403 -0.438651 0.898298 -0.433692 0.521623 0.734725 -0.688311 0.523279 0.502402 0.018416 -0.085499 0.996168 0.058438 0.002917 0.998287 
-0.020816 -0.373583 0.927363 -0.482298 0.524718 0.701470 -0.752784 0.474248 0.456513 -0.036138 -0.014700 0.999239 0.337826 0.134710 0.931519 -0.073635 0.185221 0.979934 0.057478 0.002956 0.998342 
-0.013746 -0.323801 0.946025 -0.530915 0.517682 0.670921 -0.807779 0.394633 0.437901 -0.004348 -0.002028 0.999988 0.348184 0.132140 0.928066 -0.154074 0.331988 0.930615 0.054074 0.002821 0.998533 
-0.007566 -0.285661 0.958301 -0.575020 0.504041 0.644434 -0.846303 0.315869 0.428949 0.013226 0.006166 0.999894 0.358127 0.129778 0.924609 -0.203831 0.428414 0.880292 0.051044 0.002677 0.998693 
-0.002064 -0.262395 0.964958 -0.608974 0.489207 0.624362 -0.871197 0.249433 0.422847 0.026180 0.011713 0.999589 0.365436 0.127751 0.922028 -0.235159 0.499899 0.833547 0.048802 0.002588 0.998805 
0.002853 -0.240827 0.970564 -0.635479 0.474515 0.609099 -0.886735 0.203114 0.415267 0.038931 0.016361 0.999108 0.369535 0.125405 0.920716 -0.255123 0.555538 0.791385 0.046802 0.002523 0.998901 
0.007335 -0.224956 0.974341 -0.656989 0.460426 0.596970 -0.896430 0.172839 0.408093 0.048473 0.019267 0.998639 0.371161 0.123154 0.920366 -0.272767 0.603475 0.749277 0.045418 0.002514 0.998965 
0.011125 -0.213901 0.976792 -0.674715 0.446319 0.587843 -0.903469 0.149598 0.401701 0.054300 0.020707 0.998310 0.371562 0.121447 0.920431 -0.289426 0.643954 0.708206 0.044393 0.002550 0.999011 
0.014396 -0.208242 0.977971 -0.689763 0.432471 0.580685 -0.907580 0.129735 0.399334 0.057922 0.021137 0.998097 0.372391 0.120507 0.920219 -0.299812 0.675485 0.673671 0.043839 0.002608 0.999035 
0.017050 -0.208547 0.977864 -0.699438 0.421989 0.576811 -0.908775 0.116390 0.400726 0.062990 0.021636 0.997780 0.373611 0.120166 0.919769 -0.304982 0.701354 0.644274 0.043839 0.002629 0.999035 
0.018592 -0.213242 0.976822 -0.700257 0.418454 0.578391 -0.907800 0.114736 0.403405 0.066585 0.021741 0.997544 0.373831 0.120283 0.919664 -0.307636 0.719600 0.622524 0.044239 0.002603 0.999018 
0.369534 0.119611 0.921487 0.019176 -0.220452 0.975209 -0.693638 0.421426 0.584180 -0.905183 0.124484 0.406384 -0.308179 0.729027 0.611184 0.044836 0.002546 0.998991 
0.367565 0.119925 0.922233 0.019740 -0.229900 0.973014 -0.685441 0.426500 0.590142 -0.900837 0.143034 0.409919 -0.304814 0.731698 0.609678 0.045602 0.002513 0.998957 
0.365030 0.120480 0.923167 0.020345 -0.241202 0.970262 -0.675831 0.432841 0.596574 -0.894603 0.167005 0.414482 -0.295182 0.728333 0.618384 0.046504 0.002522 0.998915 
0.361466 0.121404 0.924448 0.020864 -0.254757 0.966780 -0.663537 0.440611 0.604633 -0.885909 0.196948 0.419972 -0.287092 0.719040 0.632898 0.047581 0.002575 0.998864 
0.356841 0.122570 0.926089 0.021237 -0.272532 0.961912 -0.647600 0.449750 0.615092 -0.872842 0.234331 0.428060 -0.275581 0.703605 0.654977 0.049083 0.002665 0.998791 
0.351013 0.124094 0.928111 0.021749 -0.297747 0.954397 -0.626263 0.460855 0.628814 -0.854591 0.278784 0.438125 -0.262295 0.682321 0.682377 0.050980 0.002770 0.998696 
0.342271 0.125935 0.931123 0.022610 -0.334434 0.942148 -0.594592 0.475658 0.648236 -0.824935 0.338026 0.453014 -0.247755 0.649530 0.718838 0.053483 0.002900 0.998565 
0.331383 0.126955 0.934916 0.022679 -0.377170 0.925866 -0.556196 0.488653 0.672209 -0.784845 0.402265 0.471383 -0.228222 0.607687 0.760678 0.056457 0.002983 0.998401 
0.318054 0.127572 0.939451 0.018814 -0.418256 0.908135 -0.509174 0.496566 0.702968 -0.738704 0.463180 0.489674 -0.207204 0.547590 0.810686 0.059170 0.003053 0.998243 
0.303671 0.126987 0.944277 0.015885 -0.468270 0.883443 -0.460896 0.498922 0.733929 -0.680403 0.522550 0.513802 -0.179551 0.474429 0.861788 0.063135 0.003155 0.998000 
0.288451 0.126599 0.949088 0.016503 -0.516176 0.856324 -0.614445 0.573191 0.542134 -0.141643 0.375220 0.916050 0.068467 0.003698 0.997647 -0.507879 0.613111 0.605107 -0.377488 0.447266 0.810837 
0.274439 0.135842 0.951961 0.018697 -0.568094 0.822752 -0.550684 0.606313 0.573700 -0.054293 0.133744 0.989528 0.074272 0.006183 0.997219 -0.455207 0.618180 0.640812 -0.336757 0.429969 0.837688 
0.250248 0.142963 0.957569 0.022804 -0.624395 0.780776 -0.401022 0.612109 0.681545 0.023462 -0.046708 0.998633 0.074638 0.009063 0.997170 -0.491751 0.620128 0.611246 -0.297866 0.405531 0.864188 
0.221059 0.140420 0.965099 0.029748 -0.678619 0.733888 -0.352652 0.594249 0.722845 0.067561 -0.110127 0.991619 0.072662 0.010876 0.997297 -0.439279 0.620196 0.649916 -0.259522 0.371196 0.891550 
0.188758 0.129332 0.973470 0.034917 -0.731942 0.680472 -0.306888 0.564912 0.765960 -0.288112 0.431905 0.854663 0.102648 -0.149352 0.983442 0.066549 0.011194 0.997720 
0.151825 0.109110 0.982367 0.039349 -0.777877 0.627183 -0.267097 0.531277 0.803992 -0.250075 0.390728 0.885886 0.133477 -0.184835 0.973663 0.052590 0.009363 0.998572 
0.110145 0.080943 0.990614 0.050963 -0.817437 0.573760 -0.231769 0.496167 0.836720 -0.214832 0.349445 0.911995 0.160672 -0.218130 0.962603 0.030429 0.005535 0.999522 
0.067525 0.049680 0.996480 0.078517 -0.849472 0.521759 -0.202435 0.460921 0.864044 0.182324 -0.247205 0.951655 0.003513 0.000635 0.999994 0.412531 -0.691247 0.593293 -0.285637 0.483850 0.827224 
0.028290 0.020580 0.999388 0.112725 -0.871738 0.476830 -0.179270 0.429258 0.885212 0.200156 -0.272256 0.941177 -0.024619 -0.004317 0.999688 0.466073 -0.682497 0.563004 -0.257005 0.462682 0.848454 
-0.005855 -0.004198 0.999974 0.147660 -0.885055 0.441445 -0.161553 0.403640 0.900542 0.217700 -0.294160 0.930632 -0.051438 -0.008641 0.998639 0.508816 -0.670264 0.540233 -0.235771 0.445662 0.863596 
-0.035206 -0.024882 0.999070 -0.219294 0.432132 0.874741 0.543082 -0.656607 0.523383 -0.147065 0.382003 0.912385 0.182033 -0.892602 0.412463 0.235211 -0.312911 0.920197 -0.075607 -0.012105 0.997064 
-0.060895 -0.042508 0.997239 -0.205267 0.419636 0.884178 0.574005 -0.641470 0.508955 -0.134277 0.361121 0.922801 0.218558 -0.896281 0.385892 0.252605 -0.328753 0.910007 -0.096522 -0.014754 0.995221 
-0.084687 -0.058586 0.994684 -0.191587 0.404773 0.894122 0.607773 -0.621126 0.494788 -0.122285 0.339040 0.932790 0.261202 -0.895888 0.359386 0.269717 -0.341751 0.900255 -0.114439 -0.016804 0.993288 
-0.107908 -0.074192 0.991389 -0.177294 0.385900 0.905344 0.647071 -0.592019 0.480430 0.313319 -0.887658 0.337482 -0.117499 0.334270 0.935124 0.286466 -0.352140 0.891030 -0.130022 -0.018487 0.991339 
-0.130517 -0.089280 0.987418 -0.105988 0.308792 0.945206 0.688116 -0.555113 0.467275 0.302844 -0.359963 0.882447 -0.144104 -0.019941 0.989362 0.374715 -0.873695 0.310234 -0.163012 0.364828 0.916694 
-0.152442 -0.103785 0.982848 -0.095020 0.282651 0.954505 -0.008771 0.019731 0.999767 0.728165 -0.511757 0.455940 0.318846 -0.365482 0.874505 -0.157322 -0.021231 0.987319 
-0.173915 -0.117716 0.977700 -0.084647 0.256189 0.962913 0.002396 -0.005379 0.999983 0.765935 -0.462470 0.446615 0.334456 -0.369913 0.866778 -0.170007 -0.022325 0.985190 
-0.193623 -0.129761 0.972457 -0.075994 0.232324 0.969665 0.012760 -0.028517 0.999512 0.799133 -0.411270 0.438456 0.346210 -0.374005 0.860383 -0.181115 -0.022993 0.983193 
-0.209469 -0.138708 0.967927 -0.069774 0.214483 0.974232 0.020829 -0.046344 0.998708 0.822397 -0.368845 0.433148 0.353627 -0.377484 0.855835 -0.190013 -0.023214 0.981507 
-0.220092 -0.144217 0.964760 -0.066189 0.204358 0.976656 0.025629 -0.056907 0.998050 0.833853 -0.344492 0.431294 0.357438 -0.379694 0.853271 -0.196423 -0.023109 0.980247 
-0.225531 -0.146671 0.963132 -0.064823 0.200717 0.977502 0.027683 -0.061462 0.997725 0.837571 -0.335562 0.431130 0.357926 -0.380810 0.852568 -0.199930 -0.022852 0.979544 
-0.225816 -0.146435 0.963101 -0.065335 0.202549 0.977090 0.027354 -0.060827 0.997773 0.835471 -0.339688 0.431972 0.356053 -0.380790 0.853361 -0.200376 -0.022619 0.979458 
-0.221945 -0.144191 0.964339 -0.067083 0.207999 0.975826 0.025104 -0.055986 0.998116 0.829361 -0.352938 0.433124 0.353051 -0.379454 0.855201 -0.198413 -0.022511 0.979860 
-0.215439 -0.140734 0.966323 -0.069502 0.215293 0.974073 0.021810 -0.048765 0.998572 0.819916 -0.371638 0.435458 0.349261 -0.377229 0.857738 -0.194805 -0.022485 0.980584 
-0.207277 -0.136419 0.968724 -0.072378 0.223472 0.972019 0.018224 -0.040806 0.999001 0.809254 -0.391220 0.438241 0.344426 -0.374524 0.860873 -0.189753 -0.022477 0.981574 
-0.197902 -0.131388 0.971376 -0.075673 0.232458 0.969658 0.014319 -0.032098 0.999382 0.797442 -0.411554 0.441259 0.338955 -0.371297 0.864435 -0.183709 -0.022447 0.982724 
-0.187810 -0.125788 0.974117 -0.079316 0.242204 0.966978 0.010068 -0.022594 0.999694 0.784377 -0.432694 0.444442 0.332771 -0.367535 0.868437 -0.177147 -0.022336 0.983931 
-0.177581 -0.119888 0.976776 -0.083120 0.252271 0.964080 0.005654 -0.012696 0.999903 0.770469 -0.453678 0.447832 0.326122 -0.363699 0.872564 -0.170475 -0.022115 0.985114 
-0.167697 -0.113928 0.979233 -0.087102 0.262436 0.961010 0.001205 -0.002707 0.999996 0.756314 -0.473740 0.451175 0.319141 -0.360072 0.876640 -0.164055 -0.021780 0.986211 
-0.158164 -0.107898 0.981500 -0.091390 0.273093 0.957637 -0.003314 0.007442 0.999967 0.741392 -0.493452 0.454800 0.311656 -0.356573 0.880753 -0.157957 -0.021333 0.987215 
-0.148280 -0.101524 0.983720 -0.095966 0.284188 0.953954 -0.008049 0.018067 0.999804 0.725302 -0.513118 0.458963 0.303868 -0.352874 0.884954 -0.151633 -0.020806 0.988218 
-0.137772 -0.094647 0.985931 -0.100951 0.295952 0.949853 0.707674 -0.532990 0.463810 0.295768 -0.348944 0.889246 -0.144912 -0.020189 0.989239 0.387711 -0.872734 0.296675 -0.156187 0.350165 0.923575 
-0.126476 -0.087160 0.988133 -0.106441 0.308518 0.945245 0.688276 -0.553051 0.469480 0.287168 -0.344577 0.893757 -0.137678 -0.019468 0.990286 0.354857 -0.882136 0.309699 -0.162996 0.360653 0.918347 
-0.114240 -0.078965 0.990310 -0.170527 0.371785 0.912522 0.666955 -0.573142 0.476109 0.321993 -0.889520 0.324153 -0.112519 0.321964 0.940042 0.277979 -0.339549 0.898573 -0.129814 -0.018631 0.991363 
-0.100901 -0.069952 0.992434 -0.178906 0.383604 0.906003 0.643560 -0.593055 0.483855 -0.112229 0.316687 0.941867 0.289478 -0.896855 0.334445 0.268118 -0.333631 0.903772 -0.121198 -0.017661 0.992471 
-0.086298 -0.060003 0.994461 -0.188283 0.396141 0.898678 0.617965 -0.612509 0.492902 -0.119653 0.332373 0.935527 0.256489 -0.900047 0.352318 0.257509 -0.326646 0.909391 -0.111710 -0.016533 0.993603 
-0.070265 -0.048989 0.996325 -0.198841 0.409417 0.890416 0.590067 -0.631148 0.503462 -0.128023 0.349232 0.928249 0.224059 -0.900712 0.372177 0.246083 -0.318422 0.915451 -0.101232 -0.015219 0.994746 
-0.052629 -0.036779 0.997937 -0.210801 0.423419 0.881067 0.559813 -0.648528 0.515772 -0.137526 0.367342 0.919862 0.192395 -0.898646 0.394234 0.233751 -0.308801 0.921956 -0.089648 -0.013685 0.995880 
-0.033223 -0.023257 0.999177 0.161720 -0.893606 0.418707 0.527214 -0.664117 0.530088 0.220280 -0.297368 0.929004 -0.076848 -0.011901 0.996972 -0.148390 0.386757 0.910164 -0.224433 0.438095 0.870461 
-0.011792 -0.008260 0.999896 0.132015 -0.885365 0.445759 -0.160893 0.407408 0.898962 0.205546 -0.283790 0.936597 -0.062577 -0.009816 0.997992 0.492348 -0.677392 0.546566 -0.240024 0.453200 0.858486 
0.011840 0.008290 0.999896 0.104087 -0.873459 0.475641 -0.175380 0.429362 0.885940 0.189793 -0.268101 0.944511 -0.046812 -0.007425 0.998876 0.455634 -0.687404 0.565573 -0.257919 0.468636 0.844901 
0.037808 0.026421 0.998936 0.078223 -0.857860 0.507895 -0.192057 0.451925 0.871136 0.172798 -0.249765 0.952764 -0.029378 -0.004699 0.999557 0.417460 -0.693744 0.586896 -0.278509 0.483939 0.829600 
0.066303 0.046139 0.996732 0.054470 -0.837988 0.542963 -0.211518 0.475157 0.854100 -0.198440 0.332498 0.921991 0.154577 -0.228622 0.961165 -0.010242 -0.001645 0.999946 
0.097528 0.067409 0.992947 0.032437 -0.810706 0.584554 -0.235384 0.502301 0.832039 -0.219256 0.354606 0.908945 0.134443 -0.203738 0.969751 0.010056 0.001610 0.999948 
0.129545 0.088740 0.987595 0.017070 -0.778456 0.627467 -0.262112 0.529753 0.806634 -0.243282 0.378946 0.892868 0.113897 -0.175247 0.977914 0.029104 0.004633 0.999566 
0.160611 0.108558 0.981030 0.008600 -0.744720 0.667321 -0.290248 0.553947 0.780319 -0.270442 0.404792 0.873501 0.092054 -0.142490 0.985506 0.045651 0.007201 0.998932 
0.189418 0.125693 0.973818 0.004812 -0.709245 0.704946 -0.319831 0.575834 0.752412 -0.299212 0.430030 0.851790 0.071418 -0.111006 0.991250 0.058603 0.009100 0.998240 
0.214888 0.139090 0.966684 0.003324 -0.675467 0.737382 -0.349439 0.591910 0.726316 0.049639 -0.077813 0.995731 0.068475 0.010389 0.997599 -0.459198 0.614479 0.641525 -0.252672 0.350965 0.901654 
0.002240 -0.639758 0.768573 -0.381632 0.604320 0.699396 -0.001991 -0.001256 0.999997 0.240687 0.151443 0.958715 0.028370 -0.044957 0.998586 0.077127 0.011362 0.996957 -0.496810 0.611030 0.616298 -0.278345 0.374314 0.884541 
0.000754 -0.603234 0.797564 -0.535648 0.602646 0.591522 0.007497 0.004770 0.999961 0.259571 0.158394 0.952646 0.002417 -0.003799 0.999990 0.081442 0.011631 0.996610 -0.415049 0.612494 0.672745 -0.303448 0.393811 0.867659 
0.000326 -0.567786 0.823176 -0.574318 0.588611 0.568943 0.001061 0.000677 0.999999 0.270816 0.159871 0.949263 -0.016913 0.026526 0.999505 0.077142 0.010703 0.996963 -0.448908 0.615772 0.647539 -0.328273 0.410897 0.850529 
-0.000425 -0.531587 0.847004 -0.610815 0.571304 0.548194 0.000752 0.000473 1.000000 0.281712 0.161035 0.945889 -0.023286 0.037018 0.999043 0.072717 0.009817 0.997304 -0.483530 0.615452 0.622429 -0.351583 0.424998 0.834126 
-0.001487 -0.500297 0.865852 -0.643026 0.553572 0.529222 0.000716 0.000447 1.000000 0.291405 0.161697 0.942835 -0.029589 0.047433 0.998436 0.068996 0.009108 0.997575 -0.513042 0.612750 0.601104 -0.373450 0.436826 0.818363 
-0.002026 -0.476613 0.879111 -0.432315 0.491599 0.755932 -0.670388 0.534272 0.514912 -0.000671 -0.000415 1.000000 0.299131 0.162117 0.940340 -0.037307 0.060267 0.997485 0.066134 0.008586 0.997774 
-0.001106 -0.462233 0.886758 -0.445714 0.494856 0.745960 -0.687270 0.520186 0.507017 -0.001392 -0.000853 0.999999 0.304048 0.162162 0.938754 -0.043420 0.070861 0.996541 0.064420 0.008290 0.997888 
0.001754 -0.462257 0.886744 -0.692526 0.513160 0.507025 0.000388 0.000235 1.000000 0.306081 0.162398 0.938052 -0.049102 0.080865 0.995515 0.064194 0.008283 0.997903 -0.552295 0.604992 0.573546 -0.414370 0.453845 0.788874 
0.003481 -0.467200 0.884145 -0.689564 0.513997 0.510204 -0.000243 -0.000146 1.000000 0.304664 0.162191 0.938549 -0.054314 0.090392 0.994424 0.064702 0.008385 0.997869 -0.550036 0.603548 0.577226 -0.413375 0.451979 0.790466 
0.004927 -0.477473 0.878632 -0.679448 0.521478 0.516151 -0.000010 -0.000006 1.000000 0.300865 0.161802 0.939841 -0.057938 0.096997 0.993597 0.065885 0.008616 0.997790 -0.542442 0.603116 0.584813 -0.406191 0.447454 0.796739 
0.006103 -0.491670 0.870760 -0.663736 0.533517 0.524228 -0.004508 -0.002702 0.999986 0.295354 0.161167 0.941696 -0.059962 0.100174 0.993161 0.067454 0.008919 0.997683 -0.529686 0.605063 0.594417 -0.394161 0.441302 0.806157 
0.006869 -0.510262 0.859992 -0.643854 0.547311 0.534699 -0.011598 -0.006990 0.999908 0.288985 0.160439 0.943794 -0.057241 0.095301 0.993801 0.069459 0.009302 0.997541 -0.511877 0.607908 0.606983 -0.379792 0.434167 0.816858 
0.008167 -0.531832 0.846810 -0.619863 0.562204 0.547446 -0.021101 -0.012733 0.999696 0.281565 0.159391 0.946211 -0.050896 0.084809 0.995097 0.071762 0.009758 0.997374 -0.491257 0.610307 0.621443 -0.362966 0.425383 0.829039 
0.010343 -0.555935 0.831162 -0.592771 0.576697 0.562177 -0.023275 -0.014022 0.999631 0.273601 0.158328 0.948723 -0.041818 0.069765 0.996687 0.074588 0.010336 0.997161 -0.468889 0.611019 0.637808 -0.344978 0.415083 0.841841 
0.012443 -0.579626 0.814788 -0.565865 0.588648 0.577313 -0.013977 -0.008516 0.999866 0.265601 0.158000 0.951048 -0.029177 0.047985 0.998422 0.077704 0.011097 0.996915 -0.446987 0.610011 0.654286 -0.326646 0.403171 0.854842 
0.014607 -0.602861 0.797712 -0.540267 0.597514 0.592528 -0.001867 -0.001172 0.999998 0.257678 0.158646 0.953118 -0.009981 0.015905 0.999824 0.080849 0.012129 0.996653 -0.425700 0.607306 0.670790 -0.309476 0.391126 0.866744 
0.017039 -0.625944 0.779682 -0.516641 0.603041 0.607803 0.005065 0.003299 0.999982 0.248755 0.158130 0.955571 0.005313 -0.008158 0.999953 0.082566 0.012973 0.996501 -0.404912 0.602796 0.687520 -0.293990 0.379583 0.877204 
0.019658 -0.648262 0.761163 -0.385097 0.596724 0.704004 0.002826 0.001889 0.999994 0.237695 0.154833 0.958920 0.016861 -0.025233 0.999539 0.081010 0.013147 0.996627 -0.494690 0.605877 0.623053 -0.279718 0.368220 0.886663 
0.022247 -0.668806 0.743104 -0.366944 0.589752 0.719406 -0.008097 -0.005445 0.999952 0.224274 0.148446 0.963154 0.028173 -0.041851 0.998727 0.075769 0.012516 0.997047 -0.473547 0.607237 0.637979 -0.265698 0.356294 0.895801 
0.206945 0.138325 0.968525 0.024577 -0.687753 0.725529 -0.350228 0.582058 0.733859 0.040483 -0.060472 0.997349 0.067970 0.011307 0.997623 -0.453230 0.607191 0.652612 -0.252020 0.343895 0.904556 
0.190906 0.128456 0.973167 0.027387 -0.706668 0.707015 -0.333766 0.573071 0.748458 -0.311990 0.433896 0.845220 0.053537 -0.080844 0.995288 0.058785 0.009797 0.998223 
0.174397 0.118042 0.977574 0.030517 -0.725588 0.687453 -0.317369 0.562789 0.763247 -0.296813 0.422811 0.856232 0.067136 -0.102280 0.992488 0.049307 0.008218 0.998750 
0.157630 0.107423 0.981638 0.034018 -0.744489 0.666768 -0.300872 0.551309 0.778161 -0.281034 0.410194 0.867618 0.081145 -0.124022 0.988956 0.040139 0.006694 0.999172 
0.140521 0.096555 0.985358 0.037936 -0.763288 0.644943 -0.283893 0.538993 0.793027 -0.265110 0.396451 0.878944 0.094891 -0.144630 0.984925 0.030976 0.005183 0.999507 
0.123327 0.085521 0.988674 0.043514 -0.783294 0.620126 -0.266385 0.523713 0.809175 -0.249789 0.381986 0.889771 0.108642 -0.164252 0.980417 0.022035 0.003711 0.999750 
0.105837 0.074051 0.991622 0.051544 -0.801666 0.595546 -0.250015 0.508405 0.824025 -0.234525 0.366379 0.900424 0.121374 -0.181992 0.975780 0.012812 0.002171 0.999916 
0.088721 0.062593 0.994088 0.062023 -0.819904 0.569132 -0.234069 0.490865 0.839204 -0.220413 0.350786 0.910147 0.132966 -0.197465 0.971250 0.003915 0.000669 0.999992 
0.072710 0.051632 0.996016 0.074426 -0.834224 0.546380 -0.221062 0.475729 0.851360 -0.207441 0.335635 0.918867 0.142835 -0.210415 0.967121 -0.004712 -0.000809 0.999989 
0.059030 0.042090 0.997368 0.087742 -0.845462 0.526778 -0.210543 0.462428 0.861297 -0.197163 0.323155 0.925579 0.149775 -0.219205 0.964114 -0.012386 -0.002134 0.999921 
0.048784 0.034857 0.998201 0.097948 -0.852759 0.513039 -0.203172 0.453099 0.867999 0.155201 -0.225610 0.961776 -0.018694 -0.003223 0.999820 0.420138 -0.690229 0.589125 -0.292177 0.484375 0.824629 
0.041661 0.029778 0.998688 0.104676 -0.857075 0.504445 -0.198443 0.447329 0.872076 0.159289 -0.230506 0.959945 -0.023602 -0.004061 0.999713 0.430012 -0.689147 0.583238 -0.286419 0.480744 0.828764 
0.037191 0.026566 0.998955 0.108710 -0.859453 0.499523 -0.195704 0.444044 0.874371 0.161908 -0.233945 0.958674 -0.026928 -0.004618 0.999627 0.435669 -0.688414 0.579895 -0.283086 0.478697 0.831091 
0.035320 0.025198 0.999058 0.109968 -0.860103 0.498126 -0.194815 0.443206 0.874994 0.162955 -0.235608 0.958089 -0.028655 -0.004896 0.999577 0.437155 -0.688258 0.578961 -0.282016 0.478278 0.831695 
0.035927 0.025593 0.999027 0.108666 -0.859271 0.499846 -0.195602 0.444503 0.874161 0.162348 -0.235327 0.958261 -0.028718 -0.004892 0.999576 0.434987 -0.688639 0.580141 -0.282992 0.479245 0.830807 
0.038971 0.027720 0.998856 0.105092 -0.857086 0.504341 -0.197949 0.447640 0.872029 0.160147 -0.233125 0.959169 -0.027010 -0.004592 0.999625 0.429647 -0.689400 0.583208 -0.285869 0.481350 0.828602 
