2.106850 -0.117952 0.004286 2.030490 -0.162462 0.004665 2.166728 -0.182209 0.003985 2.079189 -0.331834 0.004416 
2.106086 -0.118014 0.003909 2.030092 -0.164755 0.004518 2.166318 -0.184483 0.003709 2.078414 -0.331908 0.004667 
2.108571 -0.118669 0.003527 2.030105 -0.165927 0.004059 2.166316 -0.185743 0.003694 2.080723 -0.332485 0.004795 
2.111736 -0.119322 0.003345 2.030369 -0.165808 0.003666 2.166571 -0.185699 0.003860 2.083752 -0.333053 0.004935 
2.112504 -0.119375 0.003575 2.030861 -0.162699 0.003700 2.167074 -0.182635 0.004021 2.084516 -0.333091 0.004760 
2.112480 -0.119460 0.003522 2.031078 -0.161243 0.003676 2.167298 -0.181202 0.003968 2.084491 -0.333177 0.004795 
2.112463 -0.119455 0.003614 2.031373 -0.159033 0.003772 2.167608 -0.178986 0.004010 2.084537 -0.333180 0.004833 
2.112254 -0.119437 0.003623 2.031650 -0.156833 0.003832 2.167901 -0.176771 0.003972 2.084408 -0.333175 0.004888 
2.112475 -0.119471 0.003749 2.032128 -0.153510 0.003919 2.168400 -0.173442 0.004050 2.084715 -0.333215 0.004899 
2.112001 -0.119415 0.003789 2.032587 -0.150021 0.004001 2.168886 -0.169926 0.004028 2.084370 -0.333186 0.004960 
2.111865 -0.119342 0.003900 2.033171 -0.146638 0.004136 2.169538 -0.166225 0.004164 2.084818 -0.333188 0.005320 
2.111785 -0.119431 0.004005 2.033484 -0.143596 0.004295 2.169809 -0.163595 0.004320 2.084163 -0.333202 0.005858 
2.111553 -0.119524 0.004092 2.034441 -0.136265 0.004220 2.170744 -0.156718 0.004248 2.083389 -0.333234 0.005198 
2.111142 -0.119502 0.004171 2.035234 -0.130686 0.004238 2.171547 -0.151301 0.004269 2.082859 -0.333206 0.004982 
2.110735 -0.119537 0.004248 2.035660 -0.127346 0.004334 2.171927 -0.148395 0.004368 2.081850 -0.333167 0.005416 
2.110623 -0.119510 0.004320 2.036092 -0.124495 0.004416 2.172376 -0.145545 0.004461 2.081804 -0.333149 0.005904 
2.110378 -0.118848 0.004483 2.033776 -0.135970 0.005360 2.169536 -0.159690 0.005359 2.077065 -0.331754 0.010770 
2.109990 -0.118686 0.004544 2.033938 -0.134350 0.005436 2.169646 -0.158410 0.005439 2.076180 -0.331509 0.011253 
2.109797 -0.118767 0.004573 2.037434 -0.114285 0.004631 2.173263 -0.138378 0.004651 2.076406 -0.331757 0.006385 
2.109277 -0.119576 0.003670 2.038069 -0.110132 0.003727 2.174192 -0.132724 0.003645 2.078379 -0.332952 0.004995 
2.109802 -0.119703 0.003744 2.038631 -0.106146 0.003774 2.174803 -0.128604 0.003694 2.079209 -0.333107 0.005151 
2.111853 -0.119714 0.003833 2.038550 -0.105448 0.003784 2.175379 -0.123600 0.003802 2.088054 -0.333932 0.005699 
2.114746 -0.119561 0.004003 2.038711 -0.103723 0.003852 2.175695 -0.120750 0.003992 2.092728 -0.333899 0.006487 
2.117238 -0.119876 0.004096 2.039676 -0.096101 0.003912 2.176690 -0.113274 0.004050 2.095153 -0.334160 0.005717 
2.119481 -0.120178 0.004177 2.040631 -0.088363 0.004025 2.177690 -0.105549 0.004142 2.097541 -0.334431 0.004998 
2.120854 -0.120438 0.004247 2.041403 -0.083735 0.004033 2.178391 -0.101684 0.004130 2.097812 -0.334543 0.005532 
2.124376 -0.120647 0.004436 2.040832 -0.081857 0.003990 2.178192 -0.096894 0.004262 2.105934 -0.335109 0.006454 
2.129169 -0.121593 0.004498 2.039806 -0.077751 0.004043 2.177725 -0.087022 0.004303 2.119873 -0.336542 0.006116 
2.135408 -0.122782 0.004565 2.038746 -0.070054 0.004276 2.176960 -0.074942 0.004510 2.133144 -0.337785 0.005109 
2.143023 -0.122835 0.004600 2.038045 -0.062629 0.004337 2.176374 -0.065326 0.004508 2.144294 -0.337676 0.005094 
2.149185 -0.123149 0.004654 2.039035 -0.058987 0.003828 2.177318 -0.063823 0.003911 2.147123 -0.337829 0.007357 
2.149349 -0.122959 0.004826 2.040859 -0.064959 0.003302 2.178808 -0.074869 0.002762 2.139218 -0.337261 0.013213 
2.148186 -0.122120 0.005187 2.042823 -0.075484 0.003509 2.180218 -0.090473 0.002474 2.129954 -0.335558 0.020476 
2.145565 -0.120564 0.005298 2.043752 -0.077553 0.003864 2.180447 -0.097639 0.002397 2.119408 -0.332872 0.025049 
2.182967 0.382813 0.010127 2.048590 -0.023395 0.017438 2.125032 -0.333211 0.027087 2.365419 0.001431 0.023849 2.235814 -0.043252 0.024578 
2.129925 0.377252 0.003739 2.134888 -0.333758 0.028740 2.042972 -0.073895 0.001848 2.054684 0.005815 0.004899 2.377452 0.011012 0.012402 2.236607 -0.051930 0.019346 
2.115744 0.376698 0.003584 2.143020 -0.334279 0.030057 2.041483 -0.076491 0.002413 2.055209 0.010650 0.005559 2.388363 0.021657 0.011905 2.241178 -0.048769 0.019406 
2.120327 0.378586 0.003604 2.139802 -0.333846 0.031359 2.041273 -0.078390 0.003938 2.055137 0.010904 0.006641 2.388178 0.024820 0.010702 2.241345 -0.047320 0.019775 
2.125147 0.379684 0.003872 2.132421 -0.332841 0.032883 2.041221 -0.081747 0.006466 2.054884 0.008334 0.008360 2.387891 0.025004 0.009725 2.240834 -0.047700 0.020208 
2.127414 0.380253 0.004378 2.132356 -0.330741 0.033141 2.045420 -0.081051 0.008321 2.057310 0.004022 0.009802 2.387906 0.026145 0.007542 2.242102 -0.049087 0.019873 
2.127810 0.379677 0.005194 2.143551 -0.327937 0.031894 2.055973 -0.078701 0.008842 2.064734 -0.001805 0.010317 2.389458 0.024991 0.006357 2.247587 -0.051142 0.019223 
2.122030 0.377447 0.006961 2.071783 -0.027911 0.022028 2.158611 -0.325378 0.029103 2.393141 0.023684 0.005197 2.255169 -0.053512 0.017824 
2.116080 0.374470 0.008253 2.078971 -0.031266 0.019775 2.172040 -0.324157 0.024975 2.397717 0.019185 0.005103 2.261859 -0.055518 0.015754 
2.112626 0.372982 0.009198 2.080230 -0.034467 0.017735 2.177380 -0.325440 0.020926 2.400906 0.014759 0.004115 2.262812 -0.058386 0.013587 
2.112245 0.373813 0.010816 2.079233 -0.034453 0.015027 2.182981 -0.326045 0.015931 2.400623 0.010658 0.002018 2.261258 -0.060480 0.010980 
2.111254 0.375042 0.013492 2.078144 -0.033806 0.012920 2.186903 -0.326493 0.011238 2.399028 0.009209 -0.001365 2.259339 -0.063008 0.008449 
2.106689 0.376021 0.017499 2.077076 -0.032826 0.011793 2.189224 -0.326755 0.007193 2.397441 0.009368 -0.005234 2.257168 -0.066122 0.006207 
2.097382 0.379186 0.024332 2.075541 -0.031594 0.013039 2.188643 -0.326953 0.004899 2.394259 0.015863 -0.010509 2.254067 -0.069805 0.005101 
2.090408 0.387110 0.033727 2.074368 -0.029842 0.016694 2.189865 -0.327104 0.004889 2.392323 0.027078 -0.012080 2.251993 -0.069899 0.007072 
2.086761 0.394866 0.042739 2.073068 -0.028165 0.020310 2.187591 -0.326823 0.004381 2.390657 0.037120 -0.011898 2.250375 -0.068043 0.009185 
2.084491 0.399947 0.050388 2.071894 -0.028145 0.023705 2.184049 -0.326710 0.004222 2.389357 0.043800 -0.011330 2.248918 -0.067482 0.011128 
2.083482 0.402405 0.057045 2.071488 -0.027589 0.026245 2.187355 -0.327026 0.004199 2.388347 0.047108 -0.010124 2.248206 -0.067577 0.012989 
2.083295 0.402484 0.062447 2.071398 -0.027610 0.028380 2.190340 -0.327331 0.004201 2.387860 0.047716 -0.008645 2.247915 -0.068141 0.014530 
2.083383 0.401022 0.066910 2.071429 -0.028122 0.030396 2.191347 -0.327436 0.004232 2.387666 0.046602 -0.006996 2.247877 -0.068740 0.015826 
2.084071 0.399330 0.070775 2.071680 -0.028556 0.032338 2.191244 -0.327429 0.004277 2.387769 0.045187 -0.005441 2.248123 -0.069079 0.016952 
2.085553 0.398056 0.074011 2.072229 -0.028730 0.034082 2.190991 -0.327407 0.004320 2.388423 0.044083 -0.004187 2.248681 -0.069172 0.017889 
2.061017 0.394449 0.080633 2.073264 -0.036721 0.038854 2.199935 -0.327169 0.012508 2.383879 0.048173 -0.011852 2.245747 -0.086146 0.020092 
2.037257 0.393503 0.083402 2.076600 -0.053150 0.042116 2.206602 -0.330742 0.021152 2.378961 0.054733 -0.025539 2.244875 -0.109604 0.021512 
2.010978 0.396482 0.084660 2.213723 -0.342802 0.038993 2.083784 -0.083041 0.050041 2.373173 0.068091 -0.046314 2.247157 -0.146535 0.029530 
2.032128 0.409773 0.067152 2.213548 -0.354171 0.058294 2.093663 -0.120310 0.060184 2.382807 0.045982 -0.047476 2.256108 -0.169864 0.043705 
2.037501 0.411633 0.059227 2.222604 -0.361766 0.067935 2.097275 -0.143298 0.065188 2.391622 0.044682 -0.050772 2.258932 -0.186566 0.052042 
2.042538 0.413140 0.057116 2.224210 -0.361994 0.080155 2.099469 -0.167178 0.075013 2.393254 0.039197 -0.055416 2.258269 -0.208232 0.063464 
2.050604 0.417274 0.056203 2.216362 -0.354980 0.068679 2.110955 -0.176462 0.068135 2.391918 0.033875 -0.062020 2.268522 -0.212793 0.054380 
2.059021 0.422272 0.058745 2.132971 -0.156866 0.033830 2.197218 -0.338908 0.022448 2.386282 0.032037 -0.070956 2.292001 -0.183809 0.012618 
2.039472 0.416879 0.065178 2.260253 -0.332724 0.003699 2.145937 -0.151012 0.016275 2.396976 0.042805 -0.079614 2.305796 -0.188965 0.004570 
2.028871 0.423934 0.081752 2.262843 -0.333336 0.004569 2.145870 -0.155230 0.019764 2.392577 0.058164 -0.083700 2.304826 -0.195546 0.007105 
2.019528 0.430560 0.105521 2.261510 -0.333285 0.004103 2.144699 -0.150981 0.025548 2.397471 0.077295 -0.074142 2.304396 -0.188192 0.011154 
2.016659 0.438558 0.132337 2.262886 -0.333403 0.004428 2.143982 -0.144659 0.032856 2.398844 0.091960 -0.062388 2.304298 -0.180507 0.016667 
2.016629 0.443833 0.156250 2.263532 -0.333177 0.003772 2.143825 -0.140252 0.038966 2.402860 0.105343 -0.050725 2.304588 -0.174254 0.021333 
2.016909 0.445246 0.176510 2.262985 -0.332494 0.001957 2.143683 -0.138322 0.043293 2.406161 0.115116 -0.040909 2.304658 -0.170438 0.024256 
2.016089 0.443145 0.194317 2.264323 -0.332384 0.001863 2.143537 -0.139800 0.047604 2.406842 0.119922 -0.032893 2.304408 -0.170841 0.027523 
2.013648 0.439404 0.211904 2.267311 -0.332390 0.002192 2.143048 -0.141549 0.051933 2.405363 0.123427 -0.024990 2.303847 -0.171915 0.030955 
2.010004 0.434386 0.229751 2.269872 -0.332404 0.002517 2.142206 -0.143030 0.056535 2.403272 0.126389 -0.016122 2.303075 -0.172346 0.034590 
2.005014 0.428039 0.247645 2.271103 -0.332390 0.002813 2.140971 -0.144777 0.061381 2.399919 0.128622 -0.006772 2.301989 -0.172520 0.038243 
1.998870 0.420203 0.264865 2.271708 -0.332359 0.003086 2.139442 -0.147229 0.066007 2.395125 0.129667 0.002296 2.300593 -0.173234 0.041635 
1.991801 0.411138 0.281447 2.272838 -0.332419 0.003384 2.137681 -0.150176 0.070278 2.389028 0.129649 0.010919 2.298946 -0.174671 0.044805 
1.984923 0.401355 0.297506 2.274808 -0.332639 0.003725 2.135915 -0.153425 0.074315 2.382581 0.128772 0.019304 2.297284 -0.176702 0.047848 
1.978388 0.390773 0.312846 2.273200 -0.332636 0.003040 2.134020 -0.156653 0.077880 2.376052 0.126809 0.027385 2.295463 -0.178019 0.049975 
2.130904 -0.163713 0.080484 1.949140 0.365727 0.326525 2.193608 -0.560523 0.115035 2.289730 -0.394324 0.008804 2.881889 -0.467053 0.013850 2.564978 -0.065281 0.159699 
2.128068 -0.173589 0.080727 1.926241 0.345870 0.337116 2.224563 -0.504195 0.037261 2.276481 -0.393391 0.005041 2.889563 -0.513810 0.005440 2.554021 -0.073480 0.155247 
2.125820 -0.180049 0.082013 1.910420 0.332236 0.349094 2.219932 -0.496247 0.047465 2.280569 -0.396508 0.005144 2.891606 -0.515891 0.009335 2.550246 -0.080978 0.159927 
2.124346 -0.182865 0.084982 1.903388 0.324284 0.361425 2.211836 -0.503351 0.061006 2.283833 -0.398762 0.005269 2.889092 -0.520691 0.008400 2.547612 -0.085012 0.167294 
2.123166 -0.183396 0.088963 1.899783 0.318557 0.374394 2.206412 -0.510752 0.069745 2.286205 -0.399946 0.005402 2.886123 -0.526823 0.007181 2.545630 -0.087613 0.176494 
2.122075 -0.183106 0.092624 1.894841 0.312687 0.387375 2.205055 -0.517909 0.070856 2.288209 -0.400422 0.004848 2.884990 -0.531087 0.006771 2.543546 -0.089665 0.185922 
2.121390 -0.183536 0.095162 1.889778 0.306039 0.398201 2.203532 -0.524268 0.070596 2.289696 -0.400375 0.003984 2.884196 -0.533183 0.007156 2.541206 -0.092312 0.194194 
2.120222 -0.185237 0.096759 1.884704 0.298602 0.406754 2.201863 -0.529142 0.068859 2.289967 -0.400149 0.003357 2.883465 -0.534199 0.008266 2.538631 -0.095628 0.201345 
2.119347 -0.188062 0.098695 1.879959 0.290738 0.414741 2.202099 -0.531464 0.062785 2.288513 -0.399612 0.003611 2.883124 -0.534568 0.010260 2.535950 -0.099102 0.208441 
2.118443 -0.190464 0.100955 1.875674 0.282705 0.422960 2.204553 -0.532134 0.052499 2.286431 -0.398806 0.003841 2.883213 -0.534153 0.012977 2.533252 -0.102498 0.215967 
2.117527 -0.192450 0.103611 1.871861 0.274719 0.431600 2.208756 -0.532083 0.039325 2.283744 -0.397738 0.004048 2.883554 -0.532678 0.016318 2.530563 -0.105817 0.224248 
2.115699 -0.195669 0.105530 1.852780 0.253836 0.437737 2.210232 -0.527282 0.030390 2.280951 -0.397079 0.004268 2.881915 -0.535607 0.019783 2.525225 -0.111589 0.229578 
2.114892 -0.203025 0.102863 1.837426 0.233379 0.435836 2.216781 -0.520816 0.016929 2.278087 -0.396036 0.004447 2.881825 -0.540032 0.022409 2.520400 -0.117404 0.230055 
2.115604 -0.211274 0.098790 1.830289 0.218839 0.432877 2.223948 -0.517363 0.003479 2.275303 -0.394889 0.004639 2.881045 -0.544431 0.024022 2.517870 -0.123174 0.229264 
2.116907 -0.217463 0.096677 1.826975 0.208209 0.434239 2.232542 -0.486016 -0.003295 2.271265 -0.390925 0.004895 2.881469 -0.539743 0.029234 2.519279 -0.122909 0.232563 
2.118693 -0.220172 0.098072 1.831767 0.203046 0.442534 2.231831 -0.424377 0.012182 2.263231 -0.381933 0.005152 2.876417 -0.513667 0.036505 2.524275 -0.112172 0.240499 
2.120415 -0.222372 0.100254 2.253461 -0.372135 0.005647 1.827743 0.185087 0.451772 2.863376 -0.488799 0.039512 2.529927 -0.099823 0.247498 
2.124309 -0.227228 0.099817 2.243815 -0.361721 0.007368 1.839139 0.177679 0.459228 2.849484 -0.446795 0.047540 2.539927 -0.081897 0.258563 
2.128173 -0.229599 0.103151 2.235613 -0.351318 0.010402 1.857464 0.171859 0.473986 2.833661 -0.384329 0.066620 2.551051 -0.058330 0.281728 
2.131264 -0.229232 0.111897 1.877480 0.162450 0.497774 2.559316 -0.036013 0.316813 2.810967 -0.314263 0.095679 2.227932 -0.345783 0.012464 2.232848 -0.350198 0.010315 
2.130813 -0.226258 0.127451 1.893311 0.153680 0.543571 2.566672 -0.028361 0.356769 2.226970 -0.347457 0.012808 2.772299 -0.254024 0.127346 2.243154 -0.362196 0.006013 
2.131857 -0.219145 0.144163 1.909706 0.138165 0.589136 2.574568 -0.042552 0.392782 2.228517 -0.340878 0.012553 2.748220 -0.233943 0.150078 2.258122 -0.355787 0.006205 
2.133984 -0.215219 0.156817 1.921872 0.114745 0.628018 2.584055 -0.067851 0.425755 2.230446 -0.331325 0.013200 2.756156 -0.244886 0.169612 2.270429 -0.343494 0.009411 
2.136095 -0.207756 0.168400 1.932563 0.088368 0.660987 2.600136 -0.099162 0.458654 2.233609 -0.317202 0.014367 2.789563 -0.274311 0.195998 2.291755 -0.326199 0.017244 
2.136051 -0.197693 0.180036 1.956335 0.073050 0.682505 2.617820 -0.125961 0.476921 2.230144 -0.298250 0.022974 2.836796 -0.319650 0.210369 2.309171 -0.307298 0.032180 
2.132187 -0.199890 0.185327 1.974897 0.064359 0.694024 2.633276 -0.146156 0.478098 2.223252 -0.295682 0.031190 2.873159 -0.364606 0.208246 2.320927 -0.308167 0.043440 
2.123757 -0.205371 0.189536 1.971741 0.048423 0.704099 2.651174 -0.161223 0.474086 2.208047 -0.301570 0.031017 2.898959 -0.395024 0.212355 2.331019 -0.319405 0.046243 
2.115825 -0.209353 0.193196 2.002407 0.046984 0.721711 2.674340 -0.179974 0.450768 2.188648 -0.307578 0.029007 2.905728 -0.422933 0.183380 2.328076 -0.331114 0.041159 
2.113432 -0.209564 0.197877 2.057114 0.051699 0.733497 2.695794 -0.199398 0.409809 2.900934 -0.451887 0.122873 2.171608 -0.309926 0.026124 2.313615 -0.338116 0.027969 
2.116775 -0.207254 0.197797 2.106487 0.056362 0.739957 2.707424 -0.219400 0.353604 2.881703 -0.483836 0.040027 2.271756 -0.336692 0.040520 
2.128325 -0.206474 0.196631 2.151172 0.055550 0.744017 2.733515 -0.250573 0.331236 2.877365 -0.496031 0.057309 2.169908 -0.307548 0.022610 2.312658 -0.346151 0.012162 
2.758710 -0.274134 0.321250 2.139825 -0.206600 0.197651 2.196488 0.052037 0.738809 2.171926 -0.306955 0.023893 2.360560 -0.360361 0.028376 
2.241616 -0.727065 0.092560 2.777560 -0.295800 0.313858 2.216950 0.041113 0.739295 1.924481 -0.392746 0.406518 1.375005 -0.945049 -0.015513 1.623026 -0.449078 0.479826 
2.254339 -0.736711 0.090685 2.789896 -0.307485 0.311692 2.230836 0.033443 0.737430 1.932958 -0.393458 0.406681 1.406754 -0.671737 0.516283 1.370382 -0.889045 -0.036280 
2.258496 -0.734490 0.088613 2.792922 -0.313945 0.307329 2.234037 0.026316 0.734878 1.936691 -0.391323 0.403272 1.358827 -0.732139 0.475010 1.370885 -0.862696 -0.044736 
2.259378 -0.734577 0.087955 2.791943 -0.316430 0.305721 2.231770 0.019769 0.734621 1.936290 -0.394132 0.403071 1.351721 -0.752671 0.466156 1.370441 -0.861244 -0.042940 
2.257892 -0.735212 0.087328 2.788132 -0.315219 0.308041 2.223313 0.013161 0.737116 1.931659 -0.397974 0.405803 1.357578 -0.767453 0.478196 1.369129 -0.859544 -0.038220 
2.255227 -0.736040 0.086262 2.781834 -0.310413 0.313087 2.209345 0.006805 0.740289 1.923961 -0.401761 0.409703 1.368963 -0.782587 0.498228 1.367685 -0.857008 -0.032115 
2.252076 -0.737306 0.084130 2.773352 -0.302757 0.319907 2.191015 0.000645 0.743327 1.914124 -0.405365 0.413840 1.364924 -0.861106 -0.041516 1.385436 -0.744398 0.486350 
2.249174 -0.739489 0.081185 2.763933 -0.293919 0.327863 2.170226 -0.005380 0.746055 1.903296 -0.408794 0.417681 1.362797 -0.855448 -0.036723 1.387729 -0.770510 0.497159 
2.246308 -0.741480 0.077700 2.754309 -0.285447 0.334923 2.149932 -0.010755 0.747790 1.892802 -0.411588 0.420572 1.360864 -0.848518 -0.033390 1.386426 -0.795942 0.500790 
2.243784 -0.743132 0.075294 2.745783 -0.279930 0.340112 2.132398 -0.014946 0.748521 1.883690 -0.413697 0.422232 1.358760 -0.841888 -0.031644 1.381639 -0.817768 0.498044 
2.241349 -0.743899 0.074387 2.739614 -0.277224 0.343338 2.120538 -0.016360 0.748527 1.877019 -0.414746 0.422874 1.358157 -0.834093 -0.031138 1.379737 -0.830606 0.497412 
2.239864 -0.744403 0.073739 2.735720 -0.275281 0.345357 2.113137 -0.016332 0.748506 1.872871 -0.415142 0.423013 1.358295 -0.830227 -0.032004 1.377780 -0.836021 0.495427 
2.239172 -0.744509 0.073458 2.733957 -0.274138 0.346431 2.109634 -0.015507 0.748694 1.870974 -0.414976 0.423196 1.358439 -0.828838 -0.032845 1.376788 -0.837038 0.494549 
2.239147 -0.744252 0.073494 2.733946 -0.273627 0.346672 2.109392 -0.014078 0.748994 1.870925 -0.414251 0.423390 1.358508 -0.829202 -0.033431 1.376340 -0.835013 0.494336 
2.239619 -0.743837 0.073724 2.735251 -0.273563 0.346281 2.111603 -0.012219 0.749208 1.872297 -0.413141 0.423396 1.358741 -0.831066 -0.034475 1.376001 -0.829728 0.494072 
2.240301 -0.743433 0.073962 2.737173 -0.273765 0.345654 2.114959 -0.010180 0.749378 1.874363 -0.412000 0.423269 1.359015 -0.834167 -0.035967 1.375032 -0.822963 0.492716 
2.240967 -0.743034 0.074201 2.739090 -0.274009 0.345018 2.118463 -0.008132 0.749542 1.876406 -0.410903 0.423183 1.359191 -0.836597 -0.037015 1.374227 -0.817402 0.491626 
2.241602 -0.742705 0.074301 2.740632 -0.274116 0.344431 2.121372 -0.006284 0.749601 1.878092 -0.409861 0.422987 1.359294 -0.838501 -0.038011 1.372393 -0.813556 0.489073 
2.242172 -0.742495 0.074288 2.741709 -0.274087 0.343944 2.123362 -0.004823 0.749568 1.879311 -0.408973 0.422727 1.359304 -0.840129 -0.038947 1.369750 -0.811293 0.485359 
2.242585 -0.742379 0.074249 2.742397 -0.274009 0.343604 2.124624 -0.003733 0.749435 1.880097 -0.408329 0.422487 1.359278 -0.841314 -0.039655 1.367534 -0.810017 0.482206 
2.242837 -0.742340 0.074184 2.742705 -0.273896 0.343432 2.125185 -0.003089 0.749364 1.880464 -0.407942 0.422329 1.359229 -0.842020 -0.040132 1.365770 -0.809675 0.479696 
2.242927 -0.742320 0.074155 2.742799 -0.273844 0.343376 2.125350 -0.002852 0.749329 1.880579 -0.407788 0.422268 1.359220 -0.842182 -0.040310 1.365080 -0.809641 0.478707 
2.242933 -0.742325 0.074152 2.742799 -0.273851 0.343376 2.125352 -0.002871 0.749331 1.880583 -0.407796 0.422268 1.359215 -0.842176 -0.040310 1.364998 -0.809725 0.478592 
2.242942 -0.742335 0.074138 2.742788 -0.273862 0.343365 2.125344 -0.002923 0.749305 1.880585 -0.407815 0.422250 1.359205 -0.842153 -0.040316 1.364823 -0.809938 0.478336 
2.242954 -0.742341 0.074126 2.742787 -0.273866 0.343360 2.125346 -0.002940 0.749297 1.880591 -0.407819 0.422240 1.359197 -0.842147 -0.040333 1.364639 -0.810094 0.478070 
2.242963 -0.742347 0.074114 2.742794 -0.273871 0.343362 2.125373 -0.002942 0.749297 1.880600 -0.407815 0.422238 1.359157 -0.842195 -0.040370 1.364329 -0.810224 0.477655 
2.242990 -0.742378 0.074076 2.742804 -0.273878 0.343370 2.125414 -0.002941 0.749301 1.880621 -0.407827 0.422217 1.359102 -0.842413 -0.040511 1.363725 -0.810386 0.476800 
2.242991 -0.742387 0.074076 2.742812 -0.273883 0.343375 2.125445 -0.002940 0.749304 1.880627 -0.407828 0.422225 1.359058 -0.842454 -0.040522 1.363516 -0.810474 0.476547 
2.242996 -0.742390 0.074070 2.742821 -0.273888 0.343380 2.125477 -0.002938 0.749304 1.880637 -0.407821 0.422225 1.359032 -0.842491 -0.040559 1.363296 -0.810521 0.476249 
2.243014 -0.742391 0.074054 2.742829 -0.273889 0.343371 2.125492 -0.002939 0.749294 1.880653 -0.407812 0.422209 1.359033 -0.842461 -0.040605 1.363077 -0.810658 0.475926 
2.243061 -0.742393 0.074009 2.742843 -0.273888 0.343344 2.125525 -0.002936 0.749254 1.880690 -0.407784 0.422159 1.359042 -0.842358 -0.040737 1.362533 -0.810998 0.475123 
2.243127 -0.742395 0.073943 2.742858 -0.273879 0.343310 2.125558 -0.002927 0.749190 1.880737 -0.407737 0.422083 1.359064 -0.842187 -0.040945 1.361723 -0.811481 0.473915 
2.243190 -0.742395 0.073874 2.742878 -0.273868 0.343287 2.125605 -0.002911 0.749129 1.880785 -0.407670 0.422003 1.356788 -0.873475 0.495592 1.359444 -0.836020 -0.025167 
2.243253 -0.742430 0.073782 2.742907 -0.273873 0.343292 2.125729 -0.002873 0.749086 1.880845 -0.407642 0.421915 1.355329 -0.873700 0.493551 1.359403 -0.836072 -0.025683 
2.243296 -0.742425 0.073738 2.742911 -0.273854 0.343281 2.125733 -0.002854 0.749042 1.880869 -0.407590 0.421860 1.354716 -0.873919 0.492635 1.359428 -0.835915 -0.025886 
2.243346 -0.742416 0.073694 2.742920 -0.273824 0.343279 2.125737 -0.002810 0.749003 1.880896 -0.407515 0.421802 1.354010 -0.874031 0.491585 1.359457 -0.835809 -0.026130 
2.243412 -0.742404 0.073639 2.742938 -0.273782 0.343281 2.125753 -0.002735 0.748964 1.880936 -0.407415 0.421736 1.353113 -0.874160 0.490243 1.359486 -0.835718 -0.026434 
2.243485 -0.742383 0.073582 2.742973 -0.273735 0.343271 2.125810 -0.002625 0.748916 1.881000 -0.407290 0.421657 1.352159 -0.874206 0.488818 1.359524 -0.835638 -0.026775 
2.243568 -0.742352 0.073525 2.743031 -0.273685 0.343242 2.125930 -0.002475 0.748855 1.881099 -0.407141 0.421567 1.351171 -0.874180 0.487345 1.359569 -0.835568 -0.027146 
2.243660 -0.742312 0.073465 2.743108 -0.273633 0.343202 2.126093 -0.002293 0.748787 1.881223 -0.406969 0.421465 1.350105 -0.874089 0.485752 1.359621 -0.835522 -0.027558 
2.243760 -0.742269 0.073401 2.743196 -0.273578 0.343153 2.126279 -0.002096 0.748713 1.881363 -0.406786 0.421355 1.348971 -0.873992 0.484040 1.359676 -0.835476 -0.027997 
2.243861 -0.742225 0.073337 2.743286 -0.273524 0.343103 2.126469 -0.001898 0.748638 1.881507 -0.406600 0.421243 1.347843 -0.873889 0.482324 1.359733 -0.835435 -0.028440 
2.243957 -0.742183 0.073275 2.743370 -0.273471 0.343056 2.126648 -0.001708 0.748566 1.881643 -0.406422 0.421135 1.346763 -0.873776 0.480667 1.359792 -0.835393 -0.028873 
2.244042 -0.742143 0.073218 2.743447 -0.273422 0.343013 2.126811 -0.001528 0.748498 1.881766 -0.406255 0.421032 1.345758 -0.873671 0.479116 1.359852 -0.835338 -0.029282 
2.244115 -0.742104 0.073167 2.743517 -0.273377 0.342973 2.126960 -0.001359 0.748433 1.881877 -0.406099 0.420934 1.344838 -0.873528 0.477692 1.359920 -0.835268 -0.029678 
2.244181 -0.742068 0.073118 2.743583 -0.273338 0.342935 2.127105 -0.001196 0.748370 1.881981 -0.405953 0.420840 1.343978 -0.873424 0.476355 1.359990 -0.835165 -0.030057 
2.244241 -0.742030 0.073073 2.743648 -0.273301 0.342899 2.127248 -0.001039 0.748310 1.882083 -0.405811 0.420748 1.343166 -0.873269 0.475089 1.360067 -0.835062 -0.030432 
2.244301 -0.741994 0.073029 2.743715 -0.273266 0.342861 2.127394 -0.000885 0.748251 1.882185 -0.405673 0.420658 1.342376 -0.873127 0.473848 1.360143 -0.834957 -0.030798 
2.244362 -0.741958 0.072985 2.743783 -0.273233 0.342823 2.127542 -0.000732 0.748192 1.882289 -0.405537 0.420569 1.341588 -0.872996 0.472605 1.360215 -0.834853 -0.031161 
2.244422 -0.741922 0.072942 2.743853 -0.273200 0.342785 2.127697 -0.000579 0.748134 1.882395 -0.405401 0.420479 1.340814 -0.872823 0.471374 1.360292 -0.834778 -0.031530 
2.244483 -0.741886 0.072899 2.743924 -0.273167 0.342745 2.127853 -0.000424 0.748075 1.882503 -0.405264 0.420389 1.340050 -0.872679 0.470154 1.360366 -0.834686 -0.031891 
2.244544 -0.741850 0.072856 2.743996 -0.273134 0.342704 2.128010 -0.000267 0.748015 1.882612 -0.405127 0.420298 1.339281 -0.872539 0.468916 1.360440 -0.834601 -0.032252 
2.244607 -0.741814 0.072812 2.744069 -0.273101 0.342663 2.128171 -0.000109 0.747955 1.882723 -0.404990 0.420207 1.338510 -0.872419 0.467665 1.360513 -0.834514 -0.032611 
2.244668 -0.741779 0.072769 2.744142 -0.273069 0.342620 2.128333 0.000049 0.747894 1.882835 -0.404854 0.420116 1.337758 -0.872291 0.466441 1.360585 -0.834429 -0.032966 
2.244732 -0.741748 0.072724 2.744216 -0.273038 0.342578 2.128496 0.000206 0.747835 1.882947 -0.404722 0.420026 1.337004 -0.872232 0.465200 1.360651 -0.834340 -0.033310 
2.244795 -0.741716 0.072679 2.744289 -0.273008 0.342537 2.128658 0.000360 0.747776 1.883058 -0.404593 0.419937 1.336269 -0.872154 0.463985 1.360719 -0.834253 -0.033652 
2.244859 -0.741698 0.072637 2.744361 -0.272978 0.342496 2.128816 0.000510 0.747719 1.883168 -0.404477 0.419848 1.335489 -0.872041 0.462697 1.360773 -0.834277 -0.034010 
2.244919 -0.741665 0.072592 2.744430 -0.272949 0.342459 2.128971 0.000655 0.747663 1.883272 -0.404352 0.419761 1.334770 -0.871960 0.461499 1.360858 -0.834133 -0.034376 
2.244967 -0.741639 0.072555 2.744498 -0.272924 0.342429 2.129142 0.000796 0.747611 1.883371 -0.404236 0.419687 1.334073 -0.871896 0.460361 1.360887 -0.834086 -0.034679 
2.245029 -0.741631 0.072510 2.744558 -0.272900 0.342397 2.129272 0.000916 0.747566 1.883465 -0.404147 0.419611 1.333373 -0.871895 0.459181 1.360936 -0.834069 -0.035006 
2.245074 -0.741605 0.072476 2.744610 -0.272876 0.342367 2.129379 0.001028 0.747523 1.883545 -0.404045 0.419540 1.332799 -0.871817 0.458204 1.361000 -0.833988 -0.035292 
2.245140 -0.741612 0.072418 2.744664 -0.272853 0.342345 2.129518 0.001148 0.747476 1.883635 -0.403972 0.419454 1.332010 -0.871859 0.456858 1.361043 -0.834016 -0.035670 
2.245196 -0.741617 0.072373 2.744708 -0.272829 0.342324 2.129618 0.001251 0.747436 1.883710 -0.403904 0.419382 1.331363 -0.871887 0.455754 1.361086 -0.834022 -0.035985 
2.245230 -0.741596 0.072348 2.744745 -0.272804 0.342303 2.129692 0.001347 0.747398 1.883767 -0.403818 0.419327 1.330925 -0.871812 0.455006 1.361143 -0.833937 -0.036215 
2.245304 -0.741635 0.072280 2.744790 -0.272783 0.342290 2.129817 0.001454 0.747356 1.883851 -0.403779 0.419236 1.330039 -0.871927 0.453479 1.361164 -0.834098 -0.036635 
2.245343 -0.741633 0.072254 2.744828 -0.272761 0.342272 2.129906 0.001547 0.747319 1.883913 -0.403716 0.419179 1.329550 -0.871809 0.452649 1.361226 -0.834088 -0.036920 
2.245375 -0.741617 0.072233 2.744860 -0.272739 0.342254 2.129968 0.001630 0.747287 1.883962 -0.403642 0.419132 1.329178 -0.871765 0.452005 1.361274 -0.834009 -0.037112 
2.245415 -0.741616 0.072207 2.744898 -0.272716 0.342236 2.130055 0.001726 0.747248 1.884023 -0.403577 0.419075 1.328688 -0.871712 0.451164 1.361323 -0.834003 -0.037369 
2.245453 -0.741596 0.072180 2.744939 -0.272693 0.342213 2.130143 0.001826 0.747209 1.884087 -0.403492 0.419018 1.328229 -0.871687 0.450355 1.361381 -0.833904 -0.037603 
2.245503 -0.741595 0.072149 2.744991 -0.272672 0.342186 2.130260 0.001936 0.747166 1.884168 -0.403418 0.418952 1.327679 -0.871599 0.449395 1.361427 -0.833955 -0.037888 
2.245554 -0.741585 0.072115 2.745049 -0.272652 0.342157 2.130398 0.002054 0.747120 1.884255 -0.403336 0.418882 1.327088 -0.871571 0.448356 1.361494 -0.833890 -0.038200 
2.245616 -0.741596 0.072067 2.745108 -0.272635 0.342129 2.130552 0.002173 0.747079 1.884348 -0.403274 0.418804 1.326409 -0.871598 0.447144 1.361527 -0.833980 -0.038533 
2.245681 -0.741623 0.072022 2.745166 -0.272621 0.342104 2.130740 0.002316 0.747031 1.884433 -0.403229 0.418727 1.325745 -0.871659 0.445965 1.361561 -0.834081 -0.038867 
2.245714 -0.741609 0.072006 2.745213 -0.272607 0.342081 2.130913 0.002461 0.746983 1.884491 -0.403157 0.418677 1.325418 -0.871626 0.445377 1.361598 -0.834041 -0.039028 
2.245773 -0.741645 0.071953 2.745260 -0.272594 0.342066 2.131126 0.002610 0.746937 1.884563 -0.403125 0.418589 1.324671 -0.871610 0.444046 1.361637 -0.834208 -0.039438 
2.245807 -0.741657 0.071929 2.745292 -0.272580 0.342051 2.131282 0.002739 0.746894 1.884605 -0.403086 0.418539 1.324289 -0.871647 0.443365 1.361665 -0.834227 -0.039632 
2.245830 -0.741648 0.071921 2.745321 -0.272566 0.342039 2.131419 0.002857 0.746852 1.884639 -0.403031 0.418503 1.324063 -0.871617 0.442960 1.361699 -0.834173 -0.039751 
2.245878 -0.741667 0.071887 2.745356 -0.272554 0.342025 2.131589 0.002978 0.746809 1.884691 -0.402996 0.418444 1.323581 -0.871717 0.442076 1.361722 -0.834224 -0.039980 
2.245904 -0.741652 0.071868 2.745390 -0.272545 0.342004 2.131755 0.003092 0.746767 1.884738 -0.402938 0.418397 1.323258 -0.871731 0.441479 1.361777 -0.834101 -0.040157 
2.245959 -0.741714 0.071832 2.745436 -0.272543 0.341988 2.131967 0.003209 0.746729 1.884810 -0.402951 0.418325 1.322666 -0.871650 0.440422 1.361788 -0.834457 -0.040491 
2.245948 -0.741750 0.071880 2.745466 -0.272548 0.341989 2.132151 0.003309 0.746702 1.884839 -0.402979 0.418305 1.322852 -0.870720 0.440860 1.361859 -0.834942 -0.040635 
2.245939 -0.741780 0.071913 2.745477 -0.272548 0.341999 2.132279 0.003383 0.746680 1.884846 -0.402999 0.418292 1.322941 -0.870126 0.441102 1.361908 -0.835240 -0.040749 
2.245943 -0.741786 0.071914 2.745472 -0.272542 0.342007 2.132335 0.003425 0.746661 1.884836 -0.402993 0.418288 1.322885 -0.870192 0.441006 1.361920 -0.835167 -0.040764 
2.245946 -0.741792 0.071915 2.745466 -0.272536 0.342014 2.132414 0.003474 0.746637 1.884826 -0.402986 0.418280 1.322840 -0.870256 0.440933 1.361931 -0.835104 -0.040776 
2.245938 -0.741843 0.071954 2.745473 -0.272538 0.342023 2.132555 0.003540 0.746613 1.884838 -0.403032 0.418257 1.322893 -0.869440 0.441102 1.361987 -0.835647 -0.040943 
2.245940 -0.741849 0.071955 2.745465 -0.272534 0.342031 2.132614 0.003575 0.746595 1.884826 -0.403030 0.418254 1.322849 -0.869517 0.441028 1.361999 -0.835569 -0.040954 
2.245943 -0.741855 0.071957 2.745459 -0.272529 0.342035 2.132693 0.003621 0.746573 1.884818 -0.403025 0.418247 1.322803 -0.869585 0.440949 1.362010 -0.835506 -0.040964 
2.245937 -0.741884 0.071975 2.745467 -0.272532 0.342045 2.132824 0.003682 0.746552 1.884823 -0.403049 0.418236 1.322825 -0.869241 0.441062 1.362039 -0.835676 -0.041061 
2.245942 -0.741888 0.071978 2.745468 -0.272528 0.342048 2.132905 0.003729 0.746531 1.884822 -0.403041 0.418230 1.322782 -0.869288 0.440989 1.362048 -0.835631 -0.041070 
2.245939 -0.741921 0.072008 2.745478 -0.272526 0.342047 2.133020 0.003788 0.746510 1.884836 -0.403062 0.418208 1.322814 -0.868654 0.441110 1.362093 -0.836017 -0.041202 
