2.143397 -0.339768 0.004095 2.007720 -0.323002 0.004773 2.038227 -0.107914 0.004628 2.174772 -0.127888 0.003947 
2.143330 -0.339919 0.004278 2.007651 -0.323175 0.005092 2.038119 -0.108082 0.004313 2.174667 -0.128035 0.003502 
2.143343 -0.340261 0.004620 2.007675 -0.323414 0.005000 2.038306 -0.108347 0.003715 2.174841 -0.128403 0.003350 
2.143443 -0.340506 0.005010 2.007786 -0.323567 0.004839 2.038569 -0.108524 0.003240 2.175090 -0.128672 0.003436 
2.143438 -0.340470 0.004892 2.007787 -0.323483 0.004589 2.038646 -0.108448 0.003400 2.175160 -0.128644 0.003723 
2.143408 -0.340564 0.004914 2.007759 -0.323556 0.004640 2.038652 -0.108526 0.003362 2.175163 -0.128744 0.003657 
2.143397 -0.340556 0.004929 2.007747 -0.323556 0.004708 2.038626 -0.108525 0.003484 2.175138 -0.128734 0.003724 
2.143382 -0.340557 0.004941 2.007730 -0.323576 0.004819 2.038578 -0.108540 0.003546 2.175093 -0.128730 0.003688 
2.143392 -0.340557 0.004949 2.007739 -0.323583 0.004833 2.038576 -0.108545 0.003677 2.175092 -0.128728 0.003810 
2.143393 -0.340557 0.004965 2.007736 -0.323615 0.004953 2.038522 -0.108569 0.003773 2.175042 -0.128720 0.003802 
2.143933 -0.340429 0.005324 2.008236 -0.323808 0.005315 2.038512 -0.108692 0.003884 2.175080 -0.128520 0.003913 
2.143247 -0.340619 0.005858 2.007600 -0.323591 0.005858 2.038521 -0.108570 0.003991 2.175029 -0.128807 0.004018 
2.142496 -0.340851 0.005204 2.006907 -0.323378 0.005190 2.038534 -0.108454 0.004076 2.174975 -0.129139 0.004105 
2.142238 -0.340926 0.004991 2.006668 -0.323300 0.004971 2.038538 -0.108411 0.004154 2.174955 -0.129250 0.004186 
2.141518 -0.341116 0.005424 2.006004 -0.323064 0.005405 2.038550 -0.108277 0.004229 2.174901 -0.129546 0.004265 
2.141522 -0.341104 0.005915 2.006008 -0.323053 0.005891 2.038550 -0.108269 0.004296 2.174902 -0.129535 0.004342 
2.137259 -0.340983 0.010733 2.002127 -0.320265 0.010816 2.038880 -0.106249 0.004480 2.174786 -0.130198 0.004485 
2.136682 -0.340939 0.011214 2.001602 -0.319885 0.011300 2.038884 -0.105973 0.004539 2.174730 -0.130260 0.004548 
2.136629 -0.341148 0.006384 2.001550 -0.320086 0.006387 2.038864 -0.106081 0.004561 2.174709 -0.130377 0.004583 
2.138827 -0.341692 0.004951 2.003524 -0.322129 0.005050 2.038462 -0.107720 0.003712 2.174567 -0.130508 0.003631 
2.138958 -0.341686 0.005109 2.003635 -0.322257 0.005206 2.038361 -0.107814 0.003785 2.174489 -0.130468 0.003707 
2.145890 -0.340387 0.005696 2.010023 -0.325225 0.005703 2.037985 -0.109799 0.003822 2.174759 -0.128158 0.003842 
2.147729 -0.339586 0.006530 2.011743 -0.325525 0.006424 2.037962 -0.109887 0.003924 2.174879 -0.127138 0.004066 
2.147503 -0.339633 0.005761 2.011533 -0.325418 0.005646 2.037995 -0.109801 0.004016 2.174893 -0.127206 0.004155 
2.147468 -0.339658 0.005036 2.011501 -0.325423 0.004931 2.037996 -0.109805 0.004107 2.174891 -0.127232 0.004225 
2.146281 -0.339893 0.005561 2.010395 -0.324895 0.005481 2.038099 -0.109431 0.004188 2.174894 -0.127625 0.004286 
2.150726 -0.339098 0.006534 2.014554 -0.326970 0.006291 2.037710 -0.110976 0.004263 2.174859 -0.126281 0.004537 
2.159792 -0.338425 0.006185 2.023233 -0.331983 0.005948 2.037364 -0.115208 0.004324 2.175032 -0.124783 0.004585 
2.166494 -0.338307 0.005164 2.029800 -0.336167 0.004939 2.037099 -0.119049 0.004398 2.175000 -0.124286 0.004633 
2.169783 -0.337680 0.005124 2.033072 -0.337662 0.004961 2.036999 -0.120457 0.004468 2.174965 -0.123552 0.004640 
2.166355 -0.338134 0.007364 2.029662 -0.335964 0.007315 2.037009 -0.118864 0.004582 2.174908 -0.124131 0.004670 
2.158608 -0.338282 0.013123 2.022088 -0.331089 0.013759 2.037361 -0.114553 0.005250 2.174973 -0.124883 0.004729 
2.152179 -0.337553 0.020279 2.016020 -0.325333 0.021490 2.039133 -0.109882 0.005985 2.176269 -0.125271 0.004982 
2.144493 -0.336066 0.024735 2.008887 -0.318799 0.026430 2.039828 -0.104707 0.006404 2.176295 -0.125173 0.004977 
2.141365 -0.335518 0.027045 2.005999 -0.316397 0.027396 2.040025 -0.102979 0.005290 2.176207 -0.125307 0.005248 2.119366 0.237457 0.004667 2.106290 0.373539 0.003948 2.318254 0.399175 0.021030 2.334504 0.262139 0.022001 
2.146014 -0.335044 0.028692 2.010209 -0.319341 0.029279 2.038778 -0.105319 0.005360 2.175479 -0.124205 0.005107 2.124319 0.238231 0.005237 2.107363 0.373874 0.003372 2.319164 0.405591 0.006817 2.339329 0.269086 0.008749 
2.152469 -0.335084 0.029947 2.016261 -0.323471 0.031533 2.038181 -0.108825 0.006225 2.175384 -0.123591 0.004983 2.128348 0.240098 0.005876 2.107155 0.375136 0.003524 2.317885 0.413452 0.004993 2.342314 0.277653 0.007389 
2.152414 -0.334940 0.031078 2.016248 -0.323128 0.034110 2.038182 -0.108621 0.007665 2.175342 -0.123585 0.004979 2.128280 0.241118 0.005476 2.106947 0.376140 0.003513 2.317640 0.414667 0.004952 2.342208 0.278886 0.006955 
2.151878 -0.334635 0.032145 2.015841 -0.322094 0.037309 2.038471 -0.107792 0.009808 2.175491 -0.123489 0.004984 2.128149 0.241320 0.005397 2.106898 0.376359 0.003769 2.317617 0.414751 0.004959 2.342102 0.278951 0.006620 
2.155793 -0.332955 0.032079 2.019826 -0.320113 0.038240 2.042775 -0.105760 0.011414 2.179720 -0.121761 0.005573 2.128033 0.241419 0.005277 2.106618 0.376439 0.004333 2.317295 0.415075 0.004793 2.341945 0.279297 0.005753 
2.167651 -0.330067 0.030914 2.031582 -0.318044 0.036450 2.053463 -0.103331 0.011683 2.190526 -0.118511 0.006445 2.128545 0.240773 0.005761 2.106644 0.375717 0.005234 2.317182 0.415106 0.004842 2.342321 0.279416 0.005369 
2.183006 -0.327254 0.028312 2.046769 -0.316778 0.032732 2.066507 -0.101585 0.010456 2.203770 -0.115211 0.006310 2.129760 0.239679 0.007236 2.106622 0.374417 0.007120 2.316779 0.415734 0.004949 2.343162 0.280279 0.005035 
2.196141 -0.325717 0.024365 2.059760 -0.316887 0.027813 2.077133 -0.101234 0.008180 2.214576 -0.113204 0.004978 2.130769 0.237925 0.008500 2.106121 0.372396 0.008415 2.315786 0.416063 0.004994 2.343686 0.280912 0.005031 
2.198705 -0.326764 0.020428 2.062294 -0.318295 0.023613 2.079247 -0.102282 0.007982 2.216725 -0.113892 0.004988 2.131400 0.237224 0.008980 2.105885 0.371532 0.009326 2.315251 0.416561 0.005327 2.344023 0.281594 0.004920 
2.196749 -0.327012 0.015714 2.060391 -0.317435 0.017863 2.079309 -0.101292 0.006997 2.216706 -0.114023 0.004981 2.131273 0.238157 0.009588 2.106334 0.372567 0.010946 2.315871 0.416733 0.006340 2.344064 0.281651 0.004902 
2.194404 -0.327099 0.011168 2.058142 -0.316107 0.012446 2.079426 -0.100002 0.006173 2.216693 -0.114161 0.004971 2.131059 0.239632 0.010604 2.107051 0.374185 0.013604 2.316849 0.416980 0.008009 2.344105 0.281734 0.004900 
2.192076 -0.327015 0.007178 2.055933 -0.314585 0.007890 2.079552 -0.098643 0.005649 2.216665 -0.114252 0.004961 2.130936 0.241590 0.012589 2.107771 0.376236 0.017460 2.317742 0.417866 0.009936 2.344151 0.282509 0.004909 
2.190019 -0.327091 0.004891 2.053991 -0.313468 0.005658 2.079510 -0.097732 0.004978 2.216480 -0.114542 0.004214 2.129577 0.246450 0.016124 2.107091 0.381077 0.023846 2.317076 0.421986 0.013340 2.342799 0.286638 0.005392 
2.189947 -0.327112 0.004889 2.053926 -0.313424 0.005719 2.079549 -0.097700 0.005111 2.216511 -0.114576 0.004280 2.127407 0.255581 0.022057 2.104628 0.389940 0.032941 2.314391 0.431687 0.021341 2.340406 0.296621 0.010184 
2.189623 -0.327029 0.004359 2.053613 -0.313289 0.005877 2.079317 -0.097574 0.005253 2.216266 -0.114502 0.003729 2.125263 0.263956 0.028122 2.102144 0.397993 0.041883 2.311731 0.440595 0.030215 2.338086 0.305867 0.016153 
2.189034 -0.327214 0.004130 2.053041 -0.313452 0.006648 2.078759 -0.097745 0.005078 2.215691 -0.114695 0.002558 2.123706 0.269478 0.033437 2.100400 0.403227 0.049495 2.309864 0.446405 0.037735 2.336407 0.311976 0.021352 
2.188996 -0.327191 0.004171 2.052995 -0.313476 0.006533 2.078644 -0.097759 0.005105 2.215585 -0.114662 0.002741 2.122798 0.272188 0.038373 2.099516 0.405727 0.056122 2.308921 0.449112 0.044075 2.335438 0.314898 0.025980 
2.188994 -0.327195 0.004224 2.052992 -0.313481 0.006539 2.078642 -0.097763 0.005266 2.215583 -0.114665 0.002947 2.122509 0.272413 0.042598 2.099303 0.405808 0.061494 2.308667 0.449275 0.049041 2.335107 0.315207 0.029781 
2.189005 -0.327200 0.004278 2.053010 -0.313487 0.006956 2.078659 -0.097768 0.005821 2.215593 -0.114669 0.003134 2.122487 0.271042 0.046291 2.099343 0.404342 0.065920 2.308660 0.447882 0.052929 2.335036 0.313911 0.032923 
2.189025 -0.327206 0.004330 2.053043 -0.313495 0.007615 2.078690 -0.097775 0.006607 2.215611 -0.114674 0.003305 2.122901 0.269379 0.049561 2.099881 0.402617 0.069749 2.309168 0.446121 0.056176 2.335420 0.312213 0.035596 
2.189048 -0.327211 0.004376 2.053084 -0.313503 0.008334 2.078728 -0.097782 0.007444 2.215631 -0.114679 0.003460 2.123978 0.268090 0.052296 2.101139 0.401286 0.072961 2.310420 0.444648 0.058855 2.336489 0.310781 0.037787 
2.193680 -0.326465 0.012625 2.057851 -0.311168 0.015163 2.086045 -0.095765 0.015771 2.222776 -0.114260 0.013200 2.120720 0.269333 0.054919 2.097923 0.402349 0.076755 2.306272 0.446948 0.054866 2.332286 0.313280 0.032502 
2.202353 -0.330264 0.021213 2.066510 -0.315011 0.023166 2.094637 -0.099601 0.024223 2.231383 -0.118053 0.022236 2.117115 0.273440 0.051953 2.094300 0.406187 0.075357 2.301430 0.452244 0.046145 2.327444 0.318869 0.022094 
2.216317 -0.343093 0.038972 2.080464 -0.327842 0.040051 2.108542 -0.112448 0.036756 2.245299 -0.130897 0.035713 2.113325 0.282809 0.044318 2.090539 0.415066 0.070368 2.295996 0.463059 0.033461 2.321955 0.330206 0.006627 
2.231313 -0.355631 0.057921 2.095091 -0.344435 0.060779 2.116525 -0.128517 0.050119 2.253749 -0.142879 0.047385 2.113946 0.290534 0.035473 2.090199 0.423141 0.058740 2.296881 0.470720 0.028802 2.323830 0.337508 0.004879 
2.237390 -0.362780 0.067741 2.101011 -0.353429 0.069534 2.119621 -0.137192 0.060106 2.257043 -0.149696 0.058428 2.114048 0.292224 0.029393 2.087188 0.424093 0.053453 2.293638 0.475864 0.029463 2.323727 0.343457 0.004825 
2.239943 -0.362903 0.079893 2.103479 -0.355012 0.082166 2.119507 -0.139369 0.061313 2.257051 -0.150391 0.059314 2.113764 0.292673 0.026943 2.086845 0.424250 0.052491 2.293548 0.476081 0.030917 2.323698 0.343970 0.004811 
2.254307 -0.356315 0.067165 2.117789 -0.351511 0.072613 2.128856 -0.134858 0.061089 2.266525 -0.142777 0.055752 2.113170 0.294827 0.024911 2.087427 0.426181 0.052719 2.294740 0.476325 0.033106 2.323712 0.344415 0.004746 
2.282910 -0.336523 0.014891 2.146780 -0.340311 0.026896 2.145874 -0.123508 0.040646 2.283321 -0.122754 0.028331 2.112137 0.297983 0.024648 2.088869 0.429006 0.055976 2.296957 0.475954 0.036667 2.323442 0.344332 0.004757 
2.300648 -0.332182 0.004282 2.163964 -0.334016 0.002308 2.164928 -0.116782 0.003703 2.302909 -0.118008 0.005676 2.115520 0.300225 0.025516 2.088742 0.429619 0.060589 2.295275 0.483021 0.041351 2.325281 0.353137 0.005661 
2.300826 -0.332854 0.005270 2.164150 -0.334587 0.002747 2.165295 -0.117349 0.002723 2.303265 -0.118677 0.005271 2.111914 0.311078 0.035775 2.085312 0.438956 0.076139 2.291348 0.493794 0.055650 2.321169 0.365460 0.014598 
2.300645 -0.332774 0.004667 2.163960 -0.334558 0.002696 2.165017 -0.117320 0.003239 2.302997 -0.118597 0.005220 2.110942 0.322927 0.055007 2.081789 0.448621 0.100184 2.286806 0.508094 0.082610 2.319189 0.382033 0.036741 
2.300490 -0.332939 0.004944 2.163803 -0.334624 0.003066 2.165025 -0.117387 0.002985 2.303005 -0.118763 0.004883 2.110759 0.333989 0.077501 2.081120 0.457796 0.127335 2.285801 0.518879 0.111453 2.318670 0.394747 0.060906 
2.300289 -0.332802 0.004176 2.163594 -0.334197 0.002673 2.165267 -0.116964 0.003508 2.303248 -0.118633 0.005013 2.112673 0.342209 0.097826 2.082237 0.463967 0.152034 2.286616 0.526690 0.138901 2.320285 0.404650 0.083977 
2.299967 -0.332179 0.002155 2.163264 -0.333344 0.001421 2.165293 -0.116139 0.004801 2.303278 -0.118040 0.005494 2.114200 0.346265 0.114998 2.083005 0.466042 0.173051 2.287067 0.530247 0.162371 2.321498 0.410228 0.103601 
2.299838 -0.332101 0.001947 2.163132 -0.333191 0.001623 2.165291 -0.115989 0.005183 2.303276 -0.117966 0.005459 2.113934 0.346336 0.130023 2.082317 0.464405 0.191260 2.286061 0.529808 0.181857 2.320914 0.411532 0.119889 
2.299840 -0.332136 0.002263 2.163134 -0.333202 0.001966 2.165328 -0.116036 0.007241 2.303313 -0.118036 0.007466 2.111853 0.344744 0.144867 2.079886 0.461135 0.209063 2.283235 0.527849 0.200342 2.318435 0.411285 0.135396 
2.299833 -0.332102 0.002561 2.163129 -0.333483 0.002360 2.164821 -0.116420 0.010983 2.302811 -0.118100 0.011064 2.108822 0.342061 0.160159 2.076315 0.456722 0.227136 2.279159 0.525046 0.219138 2.314897 0.410252 0.151395 
2.299811 -0.331895 0.002785 2.163120 -0.334248 0.002918 2.163299 -0.117383 0.015692 2.301297 -0.118080 0.015376 2.104457 0.338146 0.175607 2.071320 0.451039 0.245226 2.273562 0.521194 0.237847 2.309928 0.408211 0.167445 
2.299778 -0.331617 0.002983 2.163116 -0.335231 0.003486 2.161352 -0.118686 0.020773 2.299349 -0.118105 0.020021 2.098779 0.332730 0.190478 2.065007 0.443866 0.262576 2.266572 0.515982 0.255599 2.303569 0.404803 0.182700 
2.299727 -0.331482 0.003259 2.163101 -0.336244 0.003896 2.159574 -0.120151 0.025922 2.297560 -0.118405 0.024967 2.092030 0.326071 0.204757 2.057674 0.435460 0.279212 2.258504 0.509613 0.272399 2.296080 0.400227 0.197122 
2.299638 -0.331552 0.003635 2.163059 -0.337530 0.004130 2.157625 -0.122013 0.030903 2.295590 -0.119031 0.030023 2.085265 0.318600 0.218573 2.050449 0.426259 0.295301 2.250566 0.502320 0.288567 2.288598 0.394707 0.210997 
2.299293 -0.331200 0.002837 2.162793 -0.338714 0.003898 2.155138 -0.124097 0.036677 2.293054 -0.119551 0.035141 2.078668 0.310212 0.231776 2.043489 0.416186 0.310654 2.242919 0.494034 0.303940 2.281306 0.388149 0.224199 
2.298935 -0.331121 0.002443 2.162592 -0.340934 0.004506 2.151613 -0.126764 0.039215 2.289418 -0.119892 0.036641 2.067403 0.296636 0.242109 2.029983 0.400713 0.322467 2.226347 0.485693 0.312611 2.266953 0.381825 0.231330 2.855724 -0.563840 0.023076 2.849463 -0.629377 0.027729 2.866214 -0.631136 0.025499 2.872475 -0.565599 0.020846 
2.298815 -0.331104 0.002853 2.162665 -0.343306 0.004889 2.147993 -0.129731 0.041825 2.285655 -0.120439 0.039246 2.052110 0.283862 0.249163 2.013895 0.386489 0.330998 2.207844 0.476368 0.317463 2.249218 0.374034 0.234638 2.857689 -0.578400 0.006033 2.843249 -0.642801 0.005797 2.859808 -0.646510 0.004955 2.874248 -0.582110 0.005190 
2.298708 -0.331161 0.003213 2.162691 -0.344805 0.004981 2.145743 -0.131747 0.043876 2.283303 -0.120991 0.041540 2.040275 0.275739 0.258387 2.001280 0.376454 0.342207 2.193430 0.469965 0.327643 2.235564 0.369615 0.242799 2.859046 -0.579363 0.008124 2.843750 -0.643528 0.005924 2.860251 -0.647424 0.004825 2.875547 -0.583259 0.007025 
2.298606 -0.331155 0.003550 2.162688 -0.345786 0.005062 2.144191 -0.133274 0.046175 2.281673 -0.121513 0.044066 2.034885 0.271590 0.270230 1.994259 0.369879 0.356129 2.185443 0.465808 0.344985 2.229211 0.367942 0.258091 2.858559 -0.579395 0.008057 2.844105 -0.643767 0.006225 2.860632 -0.647437 0.004793 2.875086 -0.583066 0.006625 
2.298422 -0.330110 0.003908 2.162632 -0.345903 0.005169 2.142333 -0.134118 0.049085 2.279712 -0.121174 0.047189 2.032622 0.269091 0.283736 1.990039 0.364768 0.371613 2.180622 0.462346 0.365742 2.226358 0.367141 0.276926 2.857760 -0.579384 0.007722 2.844148 -0.643952 0.006452 2.860701 -0.647410 0.004809 2.874313 -0.582841 0.006079 
2.298743 -0.328933 0.004179 2.163061 -0.345669 0.004480 2.141083 -0.134784 0.051790 2.278377 -0.120876 0.050816 2.029609 0.266695 0.297242 1.985200 0.359775 0.386985 2.175145 0.458759 0.386167 2.222716 0.366197 0.295539 2.858141 -0.579414 0.007574 2.845270 -0.644138 0.006490 2.861859 -0.647409 0.004823 2.874729 -0.582685 0.005907 
2.299475 -0.327631 0.004409 2.163908 -0.345245 0.003417 2.140195 -0.135330 0.054083 2.277398 -0.120521 0.054366 2.026054 0.262886 0.308633 1.980140 0.353679 0.399948 2.169584 0.453556 0.403610 2.218666 0.363316 0.311460 2.858276 -0.579361 0.007812 2.846041 -0.644204 0.006493 2.862662 -0.647306 0.004834 2.874898 -0.582464 0.006153 
2.299227 -0.326210 0.003896 2.163787 -0.344765 0.002654 2.138612 -0.135912 0.056880 2.275707 -0.120139 0.057366 2.022179 0.257698 0.317825 1.975009 0.346513 0.410435 2.164097 0.446834 0.418143 2.214443 0.358597 0.324743 2.858060 -0.579415 0.008421 2.846268 -0.644324 0.006458 2.862918 -0.647300 0.004845 2.874710 -0.582391 0.006808 
2.299112 -0.325840 0.005138 2.163744 -0.344834 0.003005 2.137596 -0.136811 0.059896 2.274632 -0.120582 0.061242 2.018359 0.251551 0.326465 1.970186 0.338646 0.420187 2.159095 0.438951 0.431590 2.210451 0.352452 0.337121 2.857844 -0.579563 0.009426 2.846188 -0.644451 0.006318 2.862860 -0.647376 0.004856 2.874516 -0.582488 0.007965 
2.299044 -0.325985 0.007104 2.163702 -0.344914 0.003350 2.137017 -0.137944 0.063724 2.274034 -0.121766 0.066659 2.014787 0.244829 0.335331 1.965825 0.330354 0.430083 2.154731 0.430201 0.445009 2.206884 0.345279 0.349550 2.857765 -0.579759 0.010712 2.846076 -0.644550 0.006076 2.862769 -0.647475 0.004868 2.874458 -0.582684 0.009504 
2.298986 -0.326489 0.009492 2.163659 -0.345001 0.003683 2.136692 -0.139218 0.067867 2.273698 -0.123443 0.072822 2.011714 0.237991 0.344773 1.961978 0.321917 0.440546 2.150991 0.420911 0.459310 2.203927 0.337592 0.362875 2.857699 -0.580014 0.012192 2.845944 -0.644639 0.005760 2.862652 -0.647591 0.004880 2.874407 -0.582965 0.011312 
2.298684 -0.326269 0.011258 2.163473 -0.345108 0.003989 2.135293 -0.140224 0.070487 2.272199 -0.124107 0.076883 2.005602 0.226913 0.352111 1.954317 0.309141 0.448539 2.141600 0.411150 0.468462 2.196075 0.329589 0.371383 2.855772 -0.581616 0.014009 2.843400 -0.645898 0.005601 2.860087 -0.649024 0.004947 2.872459 -0.584742 0.013356 
2.298330 -0.325898 0.012916 2.163280 -0.345308 0.004282 2.133504 -0.141839 0.074335 2.270270 -0.125125 0.082060 1.998105 0.212229 0.351131 1.945822 0.294119 0.447311 2.131885 0.398380 0.467008 2.187350 0.317193 0.370177 2.856043 -0.581790 0.015498 2.843111 -0.645696 0.005262 2.859770 -0.649018 0.004952 2.872703 -0.585112 0.015188 
2.298195 -0.326285 0.014669 2.163218 -0.345501 0.004570 2.132873 -0.143574 0.078722 2.269573 -0.127035 0.087867 1.993133 0.198729 0.348206 1.941021 0.280880 0.444255 2.127135 0.385157 0.463377 2.182428 0.303706 0.366670 2.856090 -0.581402 0.016606 2.842994 -0.645038 0.004990 2.859634 -0.648470 0.005030 2.872730 -0.584833 0.016646 
2.298337 -0.327890 0.016202 2.163255 -0.345628 0.004879 2.134298 -0.145107 0.083280 2.271084 -0.130040 0.093601 1.992193 0.189170 0.349983 1.940294 0.270925 0.446484 2.126865 0.374184 0.466644 2.181950 0.293118 0.369495 2.857375 -0.568218 0.020800 2.842804 -0.630616 0.004982 2.859335 -0.634533 0.005207 2.873905 -0.572135 0.021024 
2.298622 -0.330595 0.017722 2.163332 -0.345697 0.005144 2.137346 -0.146505 0.087855 2.274302 -0.134080 0.099381 1.997688 0.183389 0.358877 1.946472 0.264119 0.456598 2.134437 0.364198 0.479644 2.188853 0.284122 0.381304 2.854048 -0.530679 0.028338 2.837475 -0.590225 0.005195 2.853860 -0.594712 0.005006 2.870433 -0.535166 0.028149 
2.298485 -0.332991 0.018144 2.162957 -0.345490 0.005262 2.140438 -0.147246 0.091203 2.277583 -0.137436 0.102991 2.006407 0.173263 0.368072 1.956141 0.253039 0.467061 2.144414 0.352680 0.489481 2.197874 0.273559 0.389852 2.846595 -0.485442 0.039428 2.827595 -0.540852 0.009018 2.843785 -0.545931 0.008157 2.862785 -0.490521 0.038567 
2.298835 -0.337352 0.018594 2.162984 -0.345394 0.005567 2.146559 -0.148719 0.096357 2.283945 -0.143386 0.108222 2.018193 0.163634 0.374348 1.970403 0.243005 0.474878 2.161076 0.337897 0.497611 2.212072 0.259118 0.396431 2.839799 -0.426488 0.060997 2.818902 -0.475688 0.022284 2.834908 -0.481113 0.020538 2.855805 -0.431912 0.059251 
2.299314 -0.342005 0.018966 2.163265 -0.345194 0.005909 2.153340 -0.150956 0.102690 2.290833 -0.150487 0.114501 2.033296 0.153776 0.387821 1.988225 0.231389 0.490945 2.181819 0.319527 0.516055 2.230111 0.242426 0.412289 2.830592 -0.355350 0.097062 2.808652 -0.395856 0.049798 2.824542 -0.401167 0.046973 2.846481 -0.360661 0.094238 
2.299710 -0.346533 0.019300 2.163623 -0.345110 0.006340 2.159620 -0.154472 0.110431 2.297068 -0.158610 0.122041 2.049815 0.141495 0.410544 2.007034 0.215633 0.517143 2.203311 0.296206 0.546486 2.249328 0.222506 0.439273 2.814706 -0.284351 0.145962 2.791729 -0.313972 0.091642 2.807524 -0.318701 0.087540 2.830501 -0.289080 0.141860 
2.296774 -0.351034 0.019087 2.160790 -0.344066 0.006856 2.164497 -0.156355 0.116147 2.301732 -0.166049 0.126947 2.061458 0.133335 0.452226 2.022171 0.200699 0.564513 2.221080 0.273279 0.596839 2.263608 0.206303 0.483925 2.785015 -0.229508 0.199859 2.760240 -0.248147 0.141594 2.775944 -0.251282 0.135919 2.800719 -0.232643 0.194184 
2.295124 -0.346434 0.018354 2.159396 -0.335111 0.006533 2.168405 -0.152197 0.123388 2.305306 -0.166220 0.133666 2.076887 0.120335 0.498682 2.037444 0.178413 0.615990 2.237747 0.241524 0.658099 2.280452 0.183789 0.540256 2.766069 -0.215570 0.235830 2.740871 -0.228067 0.176124 2.756569 -0.229802 0.169862 2.781768 -0.217305 0.229568 
2.295086 -0.338425 0.018516 2.159644 -0.323548 0.007376 2.172222 -0.148738 0.135738 2.308784 -0.166233 0.145166 2.087389 0.099431 0.537788 2.047759 0.148785 0.658963 2.248937 0.203184 0.708417 2.291844 0.154132 0.586774 2.773072 -0.231950 0.258978 2.749142 -0.240261 0.198033 2.764961 -0.241828 0.192036 2.788891 -0.233517 0.252981 
2.294234 -0.325939 0.018206 2.159187 -0.306475 0.009654 2.177292 -0.144920 0.153758 2.313377 -0.166859 0.160350 2.097633 0.076809 0.568543 2.059770 0.118539 0.693102 2.262162 0.166541 0.744199 2.303302 0.125096 0.619164 2.801719 -0.267930 0.280442 2.779629 -0.271210 0.218335 2.795537 -0.273424 0.212794 2.817626 -0.270145 0.274902 
2.288292 -0.306812 0.025058 2.153125 -0.286909 0.020215 2.173332 -0.138230 0.177313 2.309509 -0.160430 0.179977 2.113110 0.059538 0.584189 2.079351 0.098582 0.710782 2.283954 0.141047 0.757812 2.320982 0.102234 0.630665 2.841777 -0.313969 0.280156 2.821628 -0.315844 0.217335 2.837440 -0.319590 0.212376 2.857590 -0.317715 0.275196 
2.278330 -0.303779 0.031126 2.143073 -0.283896 0.031282 2.168319 -0.140218 0.192257 2.304515 -0.162327 0.189819 2.122171 0.049605 0.587297 2.094735 0.089109 0.715268 2.301408 0.131792 0.751906 2.332080 0.092518 0.623218 2.875377 -0.356715 0.270108 2.855882 -0.359670 0.207122 2.871400 -0.364873 0.202563 2.890895 -0.361918 0.265549 
2.262061 -0.310144 0.027524 2.127316 -0.288755 0.036237 2.164437 -0.144089 0.193995 2.299948 -0.167733 0.182963 2.131837 0.042929 0.590055 2.111459 0.082751 0.719240 2.318321 0.133577 0.741657 2.341870 0.094097 0.611538 2.899567 -0.388650 0.266971 2.879660 -0.389121 0.204046 2.894827 -0.395122 0.199293 2.914735 -0.394651 0.262217 
2.239642 -0.316983 0.021367 2.106635 -0.292452 0.041294 2.160252 -0.147444 0.193910 2.293774 -0.174264 0.171630 2.157709 0.042170 0.595194 2.148038 0.081922 0.725639 2.356247 0.131874 0.731256 2.369005 0.092454 0.599622 2.908662 -0.417664 0.236766 2.885830 -0.416145 0.174860 2.900528 -0.422587 0.169281 2.923361 -0.424106 0.231187 
2.219215 -0.319575 0.015307 2.088432 -0.293066 0.045022 2.155356 -0.147864 0.192098 2.286444 -0.176684 0.160014 2.199698 0.040713 0.597209 2.200153 0.080100 0.728122 2.410101 0.121785 0.720232 2.412658 0.082614 0.587933 2.906050 -0.444778 0.172271 2.879083 -0.445035 0.112032 2.893255 -0.451961 0.105718 2.920221 -0.451704 0.165957 
2.207352 -0.318302 0.009825 2.079248 -0.288901 0.047439 2.158187 -0.144485 0.189235 2.286400 -0.176213 0.149252 2.239450 0.041680 0.595680 2.248759 0.079902 0.726609 2.459177 0.114716 0.706866 2.452802 0.076623 0.574381 2.888603 -0.474119 0.083622 2.856373 -0.477820 0.026145 2.869924 -0.485189 0.019021 2.902154 -0.481487 0.076498 
2.207965 -0.317916 0.009281 2.083004 -0.283871 0.053047 2.173880 -0.141186 0.189342 2.298751 -0.177579 0.143226 2.275175 0.039471 0.590976 2.293927 0.076330 0.721282 2.503300 0.106806 0.687938 2.487375 0.070027 0.555886 2.879187 -0.492716 0.092587 2.846157 -0.488376 0.035611 2.859924 -0.493739 0.027222 2.892953 -0.498080 0.084198 
2.208550 -0.318150 0.009056 2.086641 -0.280884 0.058444 2.187469 -0.142378 0.192024 2.309118 -0.181964 0.140270 2.311242 0.030525 0.581992 2.336048 0.067472 0.711257 2.544957 0.090576 0.670013 2.522912 0.053602 0.538899 2.883002 -0.504785 0.105883 2.848311 -0.493481 0.050885 2.861772 -0.497867 0.041493 2.896463 -0.509171 0.096490 
2.209104 -0.318317 0.008858 2.089638 -0.279570 0.062860 2.197293 -0.143306 0.193383 2.316379 -0.184356 0.137015 2.336316 0.020729 0.576967 2.365072 0.057026 0.705597 2.572789 0.079342 0.658340 2.546739 0.043013 0.527782 2.886378 -0.516285 0.117998 2.851597 -0.499663 0.064425 2.865031 -0.503144 0.054624 2.899812 -0.519766 0.108196 1.348280 -1.008421 0.071339 1.364201 -0.970668 0.019598 1.370199 -0.958580 0.030263 1.354278 -0.996334 0.082004 
2.209577 -0.318494 0.008794 2.091429 -0.279900 0.065728 2.202353 -0.145508 0.195453 2.320061 -0.186376 0.136135 2.348301 0.013334 0.571695 2.380199 0.049554 0.699603 2.586709 0.071830 0.647304 2.557469 0.035577 0.517401 2.894641 -0.524615 0.126831 2.859713 -0.504664 0.074505 2.872999 -0.507875 0.064412 2.907926 -0.527826 0.116739 1.340230 -1.028857 0.054246 1.351284 -0.978155 0.013465 1.353231 -0.967704 0.026987 1.342176 -1.018406 0.067767 
2.210266 -0.321106 0.008808 2.092589 -0.283225 0.067179 2.204511 -0.149942 0.197190 2.321730 -0.190074 0.136419 2.350479 0.007007 0.567093 2.383996 0.043656 0.694463 2.589531 0.067422 0.639071 2.558642 0.030759 0.509666 2.894929 -0.527032 0.129854 2.858998 -0.506275 0.078530 2.872156 -0.509126 0.068166 2.908086 -0.529882 0.119490 1.340252 -1.023717 0.044967 1.350901 -0.970020 0.008100 1.351515 -0.960373 0.022327 1.340867 -1.014070 0.059195 
2.210242 -0.325012 0.008868 2.092413 -0.287923 0.067439 2.203812 -0.155030 0.198294 2.321192 -0.194357 0.137308 2.348006 0.001546 0.566364 2.381682 0.038273 0.693670 2.586854 0.063597 0.637625 2.555799 0.026877 0.508276 2.893765 -0.526779 0.130160 2.857246 -0.506267 0.079154 2.870371 -0.508911 0.068694 2.906889 -0.529423 0.119700 1.341765 -1.025307 0.042969 1.351787 -0.970576 0.007472 1.352127 -0.961263 0.021928 1.342105 -1.015994 0.057426 
2.210159 -0.328393 0.008967 2.091627 -0.292510 0.066866 2.201033 -0.159315 0.199090 2.319151 -0.197428 0.138762 2.341332 -0.003093 0.569440 2.373821 0.033235 0.697168 2.579144 0.060619 0.642671 2.549291 0.024331 0.512917 2.893210 -0.525349 0.129005 2.856767 -0.505639 0.077630 2.869977 -0.508234 0.067264 2.906419 -0.527944 0.118640 1.342900 -1.027642 0.043150 1.351943 -0.971668 0.009368 1.352441 -0.962844 0.024124 1.343398 -1.018817 0.057905 
2.210035 -0.331867 0.009090 2.090369 -0.297575 0.065603 2.196505 -0.163414 0.199505 2.315815 -0.199937 0.140553 2.330611 -0.006922 0.573933 2.360940 0.029005 0.702305 2.566643 0.059128 0.650764 2.538976 0.023286 0.520403 2.893755 -0.522832 0.126700 2.857775 -0.504212 0.074597 2.871115 -0.506900 0.064424 2.907095 -0.525521 0.116527 1.344297 -1.030223 0.043969 1.352143 -0.972865 0.012275 1.352962 -0.964642 0.027360 1.345116 -1.021999 0.059054 
2.209871 -0.335517 0.009233 2.088788 -0.303134 0.063822 2.190662 -0.167574 0.199611 2.311463 -0.202188 0.142575 2.316574 -0.010126 0.578830 2.344068 0.025500 0.707922 2.550184 0.058974 0.660242 2.525385 0.023482 0.529211 2.895442 -0.519588 0.123021 2.860286 -0.502339 0.069893 2.873785 -0.505281 0.060005 2.908941 -0.522531 0.113132 1.345869 -1.033609 0.044118 1.352367 -0.974780 0.014914 1.353449 -0.967243 0.030337 1.346951 -1.026072 0.059541 
2.209647 -0.338449 0.009383 2.087086 -0.308170 0.061841 2.184250 -0.171151 0.199604 2.306609 -0.203661 0.144690 2.300840 -0.012738 0.583596 2.325229 0.022594 0.713391 2.531623 0.059843 0.669897 2.509963 0.024703 0.538215 2.898778 -0.516675 0.118790 2.864768 -0.500639 0.064548 2.878413 -0.504002 0.054999 2.912422 -0.520037 0.109241 1.347347 -1.037881 0.043037 1.352453 -0.977589 0.016677 1.353610 -0.970797 0.032437 1.348504 -1.031088 0.058796 
2.209550 -0.340221 0.009530 2.085638 -0.311960 0.059899 2.178250 -0.173772 0.199617 2.302037 -0.204262 0.146786 2.285477 -0.014773 0.587359 2.306904 0.020307 0.717744 2.513411 0.061172 0.678217 2.494744 0.026338 0.545997 2.901933 -0.513834 0.114100 2.869165 -0.499069 0.058744 2.882938 -0.502909 0.049567 2.915706 -0.517674 0.104922 1.348284 -1.041724 0.041179 1.352285 -0.980264 0.017459 1.353418 -0.974149 0.033495 1.349416 -1.035609 0.057216 
2.209426 -0.340665 0.009659 2.084455 -0.313999 0.058249 2.173348 -0.175138 0.199703 2.298258 -0.204027 0.148644 2.272369 -0.016086 0.589784 2.291354 0.018802 0.720598 2.497848 0.062642 0.684324 2.481647 0.028045 0.551717 2.902875 -0.512049 0.111581 2.871231 -0.498049 0.055379 2.885127 -0.502187 0.046524 2.916772 -0.516186 0.102725 1.348234 -1.045131 0.038790 1.351460 -0.982844 0.017205 1.352480 -0.977269 0.033444 1.349254 -1.039556 0.055030 
2.209310 -0.340673 0.009746 2.083620 -0.314873 0.056931 2.169971 -0.175485 0.199438 2.295641 -0.203506 0.149781 2.263534 -0.016019 0.591255 2.280736 0.018795 0.722335 2.487331 0.064131 0.688558 2.472931 0.029631 0.555718 2.901677 -0.511253 0.111102 2.870650 -0.497594 0.054474 2.884644 -0.501781 0.045797 2.915671 -0.515440 0.102425 1.347966 -1.046576 0.037241 1.350976 -0.983815 0.017044 1.351956 -0.978597 0.033404 1.348945 -1.041358 0.053601 
2.209214 -0.340635 0.009792 2.083087 -0.315286 0.056044 2.167853 -0.175387 0.199001 2.293988 -0.202962 0.150281 2.258088 -0.015181 0.592261 2.274121 0.019597 0.723498 2.480807 0.065727 0.691391 2.467588 0.031273 0.558417 2.900777 -0.510684 0.110764 2.870174 -0.497272 0.053847 2.884236 -0.501486 0.045293 2.914839 -0.514897 0.102210 1.347885 -1.047694 0.036114 1.350897 -0.984777 0.016407 1.351817 -0.979683 0.032809 1.348806 -1.042600 0.052517 
2.209172 -0.340597 0.009801 2.082857 -0.315351 0.055594 2.166929 -0.174921 0.198439 2.293264 -0.202399 0.150184 2.255842 -0.014017 0.593077 2.271205 0.020711 0.724408 2.477997 0.067066 0.693324 2.465456 0.032666 0.560270 2.900158 -0.510267 0.110537 2.869836 -0.497026 0.053430 2.883943 -0.501254 0.044959 2.914266 -0.514496 0.102066 1.347819 -1.048205 0.035686 1.350866 -0.985274 0.016026 1.351755 -0.980192 0.032434 1.348708 -1.043122 0.052093 
2.209173 -0.340565 0.009784 2.082864 -0.315161 0.055506 2.166957 -0.174265 0.197880 2.293286 -0.201908 0.149703 2.256136 -0.012655 0.593592 2.271303 0.022049 0.724952 2.478192 0.068211 0.694232 2.465851 0.033833 0.561154 2.899857 -0.510036 0.110439 2.869657 -0.496875 0.053248 2.883786 -0.501107 0.044814 2.913985 -0.514267 0.102004 1.347762 -1.048036 0.035834 1.350848 -0.985181 0.015940 1.351721 -0.980037 0.032329 1.348635 -1.042891 0.052224 
2.209208 -0.340539 0.009750 2.083051 -0.314777 0.055692 2.167713 -0.173501 0.197351 2.293880 -0.201512 0.148962 2.258315 -0.011215 0.593689 2.273660 0.023523 0.725019 2.480637 0.069173 0.694125 2.468118 0.034753 0.561074 2.899924 -0.510012 0.110447 2.869726 -0.496841 0.053258 2.883853 -0.501075 0.044823 2.914051 -0.514246 0.102012 1.347599 -1.047499 0.036309 1.350824 -0.984843 0.015817 1.351685 -0.979544 0.032158 1.348459 -1.042199 0.052649 
2.209277 -0.340520 0.009710 2.083341 -0.314290 0.055989 2.168825 -0.172715 0.196854 2.294757 -0.201202 0.148136 2.261505 -0.009790 0.593661 2.277141 0.024994 0.724945 2.484233 0.069909 0.693746 2.471421 0.035432 0.560738 2.900077 -0.510054 0.110478 2.869856 -0.496850 0.053309 2.883978 -0.501087 0.044865 2.914199 -0.514291 0.102035 1.347357 -1.047057 0.036764 1.350772 -0.984685 0.015455 1.351600 -0.979172 0.031727 1.348184 -1.041544 0.053036 
2.209436 -0.340504 0.009675 2.083713 -0.313777 0.056250 2.170008 -0.171945 0.196359 2.295713 -0.200937 0.147353 2.264685 -0.008405 0.593626 2.280638 0.026420 0.724861 2.487844 0.070565 0.693327 2.474714 0.036036 0.560363 2.900223 -0.510116 0.110528 2.869955 -0.496874 0.053392 2.884068 -0.501110 0.044934 2.914336 -0.514352 0.102069 1.347156 -1.046579 0.037209 1.350718 -0.984443 0.015246 1.351518 -0.978758 0.031459 1.347956 -1.040894 0.053423 
2.209502 -0.340484 0.009639 2.083957 -0.313358 0.056464 2.170908 -0.171245 0.195882 2.296424 -0.200645 0.146633 2.267201 -0.007128 0.593475 2.283462 0.027759 0.724655 2.490742 0.071293 0.692754 2.477302 0.036692 0.559840 2.900375 -0.510181 0.110579 2.870055 -0.496900 0.053480 2.884159 -0.501134 0.045006 2.914479 -0.514415 0.102105 1.346989 -1.046224 0.037335 1.350659 -0.984276 0.014865 1.351400 -0.978455 0.031033 1.347730 -1.040403 0.053503 
2.209540 -0.340401 0.009585 2.084125 -0.312971 0.056579 2.171551 -0.170649 0.195484 2.296930 -0.200359 0.146073 2.268905 -0.006056 0.593241 2.285416 0.028907 0.724370 2.492725 0.072056 0.692134 2.479032 0.037374 0.559267 2.900525 -0.510239 0.110624 2.870161 -0.496922 0.053557 2.884257 -0.501155 0.045069 2.914621 -0.514473 0.102136 1.346842 -1.046094 0.037211 1.350581 -0.984290 0.014358 1.351238 -0.978364 0.030491 1.347498 -1.040169 0.053344 
2.209568 -0.340255 0.009517 2.084234 -0.312625 0.056611 2.171955 -0.170123 0.195146 2.297247 -0.200036 0.145638 2.269992 -0.005245 0.592996 2.286651 0.029784 0.724088 2.493983 0.072672 0.691654 2.480141 0.037920 0.558821 2.900637 -0.510273 0.110650 2.870252 -0.496930 0.053599 2.884343 -0.501166 0.045104 2.914728 -0.514508 0.102154 1.346733 -1.046092 0.037056 1.350513 -0.984388 0.013941 1.351099 -0.978389 0.030051 1.347318 -1.040093 0.053166 
2.209631 -0.340112 0.009520 2.084328 -0.312332 0.056610 2.172190 -0.169741 0.194965 2.297448 -0.199808 0.145464 2.270458 -0.004729 0.592856 2.287199 0.030339 0.723928 2.494534 0.073118 0.691376 2.480611 0.038324 0.558563 2.900702 -0.510284 0.110657 2.870315 -0.496929 0.053611 2.884404 -0.501168 0.045114 2.914791 -0.514522 0.102160 1.346663 -1.046176 0.036872 1.350458 -0.984525 0.013618 1.350987 -0.978486 0.029715 1.347192 -1.040137 0.052968 
2.209655 -0.340061 0.009526 2.084363 -0.312218 0.056606 2.172273 -0.169588 0.194889 2.297521 -0.199718 0.145399 2.270597 -0.004535 0.592800 2.287362 0.030549 0.723865 2.494699 0.073295 0.691276 2.480750 0.038484 0.558469 2.900728 -0.510289 0.110662 2.870340 -0.496929 0.053617 2.884428 -0.501168 0.045119 2.914816 -0.514528 0.102164 1.346640 -1.046189 0.036791 1.350441 -0.984554 0.013497 1.350947 -0.978503 0.029589 1.347147 -1.040139 0.052883 
2.209655 -0.340061 0.009535 2.084364 -0.312220 0.056617 2.172274 -0.169594 0.194903 2.297522 -0.199722 0.145411 2.270595 -0.004553 0.592798 2.287362 0.030533 0.723862 2.494698 0.073282 0.691269 2.480747 0.038470 0.558462 2.900730 -0.510292 0.110666 2.870341 -0.496931 0.053622 2.884429 -0.501170 0.045124 2.914818 -0.514531 0.102168 1.346639 -1.046201 0.036779 1.350438 -0.984563 0.013489 1.350942 -0.978514 0.029583 1.347143 -1.040151 0.052872 
2.209656 -0.340061 0.009544 2.084364 -0.312227 0.056629 2.172273 -0.169612 0.194928 2.297521 -0.199734 0.145432 2.270574 -0.004603 0.592767 2.287346 0.030488 0.723829 2.494678 0.073247 0.691223 2.480722 0.038429 0.558419 2.900732 -0.510296 0.110670 2.870342 -0.496932 0.053627 2.884430 -0.501171 0.045129 2.914820 -0.514535 0.102172 1.346638 -1.046227 0.036740 1.350434 -0.984584 0.013464 1.350932 -0.978537 0.029559 1.347136 -1.040180 0.052835 
2.209656 -0.340061 0.009550 2.084364 -0.312229 0.056637 2.172275 -0.169618 0.194940 2.297522 -0.199738 0.145442 2.270570 -0.004621 0.592755 2.287345 0.030473 0.723815 2.494675 0.073236 0.691204 2.480716 0.038415 0.558400 2.900734 -0.510299 0.110673 2.870343 -0.496934 0.053631 2.884431 -0.501172 0.045132 2.914821 -0.514537 0.102175 1.346636 -1.046246 0.036707 1.350430 -0.984601 0.013438 1.350922 -0.978556 0.029533 1.347129 -1.040201 0.052802 
2.209657 -0.340061 0.009555 2.084366 -0.312225 0.056642 2.172280 -0.169618 0.194946 2.297527 -0.199742 0.145449 2.270583 -0.004630 0.592754 2.287362 0.030464 0.723814 2.494692 0.073221 0.691198 2.480730 0.038400 0.558395 2.900737 -0.510302 0.110676 2.870345 -0.496935 0.053635 2.884433 -0.501174 0.045136 2.914824 -0.514540 0.102177 1.346600 -1.046275 0.036673 1.350393 -0.984631 0.013402 1.350876 -0.978584 0.029497 1.347083 -1.040229 0.052768 
2.209657 -0.340061 0.009560 2.084367 -0.312218 0.056646 2.172288 -0.169616 0.194951 2.297533 -0.199747 0.145455 2.270605 -0.004639 0.592759 2.287387 0.030452 0.723819 2.494720 0.073197 0.691200 2.480754 0.038378 0.558397 2.900742 -0.510306 0.110680 2.870348 -0.496938 0.053640 2.884435 -0.501176 0.045140 2.914829 -0.514544 0.102180 1.346543 -1.046381 0.036578 1.350338 -0.984746 0.013283 1.350803 -0.978692 0.029376 1.347008 -1.040328 0.052671 
2.209658 -0.340061 0.009565 2.084368 -0.312213 0.056649 2.172294 -0.169615 0.194955 2.297538 -0.199750 0.145461 2.270620 -0.004647 0.592761 2.287406 0.030444 0.723821 2.494739 0.073180 0.691200 2.480770 0.038362 0.558397 2.900748 -0.510310 0.110683 2.870351 -0.496940 0.053646 2.884438 -0.501178 0.045145 2.914834 -0.514548 0.102182 1.346503 -1.046409 0.036572 1.350297 -0.984775 0.013275 1.350756 -0.978720 0.029367 1.346962 -1.040355 0.052665 
2.209658 -0.340061 0.009569 2.084370 -0.312210 0.056653 2.172299 -0.169615 0.194960 2.297542 -0.199753 0.145465 2.270637 -0.004654 0.592762 2.287426 0.030437 0.723821 2.494760 0.073165 0.691197 2.480788 0.038347 0.558394 2.900753 -0.510315 0.110687 2.870354 -0.496942 0.053651 2.884440 -0.501180 0.045150 2.914840 -0.514552 0.102185 1.346469 -1.046422 0.036552 1.350266 -0.984790 0.013248 1.350719 -0.978733 0.029340 1.346922 -1.040365 0.052644 
2.209659 -0.340061 0.009573 2.084372 -0.312209 0.056660 2.172304 -0.169616 0.194966 2.297547 -0.199755 0.145468 2.270646 -0.004658 0.592747 2.287439 0.030436 0.723805 2.494772 0.073165 0.691172 2.480795 0.038344 0.558371 2.900758 -0.510318 0.110689 2.870357 -0.496943 0.053656 2.884443 -0.501181 0.045153 2.914845 -0.514555 0.102187 1.346462 -1.046436 0.036510 1.350261 -0.984803 0.013209 1.350706 -0.978746 0.029301 1.346908 -1.040379 0.052602 
2.209660 -0.340061 0.009576 2.084375 -0.312209 0.056669 2.172315 -0.169619 0.194974 2.297555 -0.199757 0.145469 2.270661 -0.004666 0.592695 2.287464 0.030440 0.723749 2.494794 0.073172 0.691095 2.480807 0.038338 0.558298 2.900772 -0.510325 0.110695 2.870364 -0.496946 0.053665 2.884449 -0.501183 0.045161 2.914857 -0.514562 0.102191 1.346442 -1.046469 0.036395 1.350247 -0.984833 0.013103 1.350675 -0.978778 0.029197 1.346870 -1.040414 0.052489 
2.209661 -0.340061 0.009579 2.084378 -0.312210 0.056680 2.172326 -0.169622 0.194982 2.297563 -0.199759 0.145470 2.270671 -0.004672 0.592616 2.287487 0.030452 0.723664 2.494811 0.073189 0.690981 2.480811 0.038337 0.558190 2.900797 -0.510337 0.110705 2.870379 -0.496952 0.053682 2.884462 -0.501188 0.045175 2.914880 -0.514573 0.102197 1.346410 -1.046513 0.036227 1.350227 -0.984873 0.012946 1.350629 -0.978819 0.029041 1.346811 -1.040459 0.052321 
2.209662 -0.340061 0.009582 2.084382 -0.312209 0.056690 2.172338 -0.169623 0.194989 2.297572 -0.199761 0.145470 2.270689 -0.004677 0.592542 2.287518 0.030465 0.723582 2.494838 0.073201 0.690872 2.480824 0.038332 0.558087 2.900833 -0.510355 0.110719 2.870401 -0.496960 0.053707 2.884482 -0.501195 0.045195 2.914914 -0.514590 0.102208 1.346317 -1.046556 0.036043 1.350163 -0.984925 0.012744 1.350529 -0.978864 0.028836 1.346683 -1.040495 0.052136 
2.209662 -0.340061 0.009586 2.084383 -0.312206 0.056694 2.172343 -0.169623 0.194994 2.297576 -0.199765 0.145475 2.270742 -0.004688 0.592503 2.287583 0.030462 0.723541 2.494908 0.073161 0.690819 2.480883 0.038284 0.558037 2.900862 -0.510371 0.110732 2.870416 -0.496967 0.053729 2.884495 -0.501202 0.045213 2.914941 -0.514605 0.102217 1.346154 -1.046711 0.035804 1.350046 -0.985107 0.012442 1.350369 -0.979027 0.028529 1.346476 -1.040631 0.051890 
2.209662 -0.340060 0.009589 2.084384 -0.312208 0.056699 2.172344 -0.169622 0.194996 2.297577 -0.199761 0.145474 2.270736 -0.004679 0.592453 2.287582 0.030484 0.723485 2.494903 0.073190 0.690749 2.480873 0.038298 0.557971 2.900890 -0.510383 0.110742 2.870435 -0.496972 0.053745 2.884512 -0.501206 0.045227 2.914968 -0.514617 0.102223 1.346118 -1.046716 0.035689 1.350032 -0.985116 0.012321 1.350334 -0.979033 0.028407 1.346420 -1.040633 0.051775 
2.209663 -0.340060 0.009591 2.084385 -0.312208 0.056703 2.172344 -0.169613 0.194990 2.297577 -0.199751 0.145468 2.270734 -0.004646 0.592408 2.287584 0.030531 0.723437 2.494903 0.073240 0.690687 2.480869 0.038335 0.557914 2.900931 -0.510399 0.110754 2.870463 -0.496978 0.053766 2.884538 -0.501212 0.045244 2.915006 -0.514633 0.102232 1.346074 -1.046711 0.035571 1.350014 -0.985121 0.012180 1.350294 -0.979031 0.028263 1.346354 -1.040621 0.051654 
2.209663 -0.340058 0.009593 2.084386 -0.312205 0.056706 2.172346 -0.169594 0.194977 2.297578 -0.199735 0.145454 2.270744 -0.004586 0.592365 2.287597 0.030607 0.723388 2.494914 0.073316 0.690627 2.480876 0.038395 0.557858 2.900982 -0.510417 0.110768 2.870498 -0.496985 0.053792 2.884571 -0.501219 0.045265 2.915054 -0.514651 0.102241 1.346022 -1.046707 0.035423 1.349993 -0.985131 0.012000 1.350244 -0.979030 0.028080 1.346273 -1.040607 0.051502 
2.209664 -0.340057 0.009594 2.084390 -0.312197 0.056711 2.172359 -0.169567 0.194957 2.297587 -0.199714 0.145430 2.270786 -0.004504 0.592308 2.287649 0.030709 0.723325 2.494965 0.073409 0.690543 2.480917 0.038468 0.557781 2.901031 -0.510434 0.110781 2.870535 -0.496990 0.053813 2.884605 -0.501224 0.045282 2.915101 -0.514668 0.102250 1.345964 -1.046692 0.035272 1.349971 -0.985135 0.011807 1.350190 -0.979021 0.027882 1.346183 -1.040579 0.051348 
2.209665 -0.340055 0.009595 2.084397 -0.312182 0.056720 2.172386 -0.169530 0.194930 2.297608 -0.199691 0.145395 2.270873 -0.004399 0.592234 2.287753 0.030838 0.723243 2.495069 0.073516 0.690430 2.481004 0.038549 0.557676 2.901077 -0.510447 0.110790 2.870571 -0.496994 0.053830 2.884639 -0.501229 0.045296 2.915145 -0.514682 0.102256 1.345900 -1.046669 0.035120 1.349947 -0.985134 0.011603 1.350135 -0.979005 0.027673 1.346087 -1.040540 0.051190 
2.209667 -0.340053 0.009594 2.084407 -0.312162 0.056731 2.172424 -0.169485 0.194897 2.297638 -0.199665 0.145352 2.270994 -0.004275 0.592149 2.287897 0.030991 0.723147 2.495212 0.073637 0.690295 2.481125 0.038642 0.557551 2.901123 -0.510459 0.110799 2.870609 -0.496997 0.053846 2.884675 -0.501232 0.045309 2.915189 -0.514695 0.102262 1.345830 -1.046636 0.034963 1.349923 -0.985129 0.011381 1.350075 -0.978981 0.027444 1.345982 -1.040488 0.051026 
2.209670 -0.340051 0.009594 2.084419 -0.312140 0.056743 2.172469 -0.169436 0.194862 2.297672 -0.199637 0.145303 2.271134 -0.004140 0.592055 2.288062 0.031156 0.723042 2.495378 0.073767 0.690146 2.481264 0.038740 0.557413 2.901170 -0.510471 0.110807 2.870649 -0.496999 0.053860 2.884712 -0.501236 0.045321 2.915234 -0.514708 0.102267 1.345756 -1.046602 0.034796 1.349897 -0.985125 0.011145 1.350012 -0.978956 0.027201 1.345871 -1.040434 0.050851 
2.209672 -0.340049 0.009592 2.084432 -0.312116 0.056756 2.172515 -0.169387 0.194826 2.297708 -0.199609 0.145254 2.271277 -0.004004 0.591960 2.288232 0.031322 0.722935 2.495548 0.073896 0.689994 2.481408 0.038839 0.557272 2.901217 -0.510483 0.110815 2.870688 -0.497001 0.053875 2.884749 -0.501239 0.045332 2.915278 -0.514720 0.102273 1.345682 -1.046568 0.034628 1.349871 -0.985120 0.010907 1.349949 -0.978931 0.026955 1.345759 -1.040378 0.050675 
2.209674 -0.340047 0.009591 2.084443 -0.312094 0.056768 2.172559 -0.169339 0.194791 2.297742 -0.199583 0.145207 2.271411 -0.003874 0.591869 2.288391 0.031481 0.722833 2.495708 0.074021 0.689849 2.481542 0.038934 0.557138 2.901262 -0.510494 0.110823 2.870725 -0.497004 0.053889 2.884785 -0.501242 0.045344 2.915322 -0.514733 0.102278 1.345609 -1.046531 0.034466 1.349847 -0.985114 0.010676 1.349889 -0.978904 0.026716 1.345650 -1.040321 0.050506 
2.209677 -0.340045 0.009590 2.084454 -0.312073 0.056778 2.172600 -0.169295 0.194758 2.297774 -0.199558 0.145163 2.271535 -0.003752 0.591784 2.288537 0.031631 0.722738 2.495854 0.074138 0.689715 2.481666 0.039022 0.557014 2.901303 -0.510507 0.110832 2.870757 -0.497008 0.053905 2.884815 -0.501247 0.045357 2.915360 -0.514746 0.102284 1.345540 -1.046495 0.034316 1.349825 -0.985106 0.010462 1.349833 -0.978877 0.026494 1.345548 -1.040266 0.050348 
2.209678 -0.340044 0.009589 2.084464 -0.312052 0.056787 2.172638 -0.169252 0.194727 2.297803 -0.199535 0.145122 2.271648 -0.003636 0.591704 2.288671 0.031772 0.722648 2.495989 0.074247 0.689591 2.481780 0.039105 0.556899 2.901338 -0.510520 0.110842 2.870781 -0.497013 0.053923 2.884837 -0.501251 0.045371 2.915394 -0.514759 0.102291 1.345472 -1.046452 0.034180 1.349805 -0.985091 0.010262 1.349782 -0.978843 0.026287 1.345449 -1.040204 0.050205 
2.209680 -0.340042 0.009588 2.084474 -0.312031 0.056795 2.172674 -0.169211 0.194697 2.297832 -0.199514 0.145084 2.271758 -0.003527 0.591628 2.288800 0.031906 0.722562 2.496120 0.074348 0.689473 2.481891 0.039181 0.556790 2.901370 -0.510534 0.110853 2.870800 -0.497019 0.053942 2.884854 -0.501257 0.045387 2.915423 -0.514772 0.102298 1.345407 -1.046411 0.034047 1.349786 -0.985076 0.010073 1.349734 -0.978811 0.026091 1.345355 -1.040146 0.050065 
2.209682 -0.340041 0.009587 2.084483 -0.312010 0.056803 2.172711 -0.169172 0.194668 2.297860 -0.199495 0.145047 2.271866 -0.003422 0.591554 2.288927 0.032034 0.722480 2.496249 0.074443 0.689360 2.482001 0.039252 0.556685 2.901399 -0.510548 0.110864 2.870817 -0.497025 0.053962 2.884868 -0.501262 0.045403 2.915451 -0.514786 0.102305 1.345340 -1.046363 0.033926 1.349768 -0.985054 0.009893 1.349689 -0.978771 0.025904 1.345262 -1.040080 0.049938 
2.209684 -0.340039 0.009586 2.084493 -0.311990 0.056811 2.172748 -0.169134 0.194639 2.297889 -0.199476 0.145010 2.271976 -0.003321 0.591482 2.289057 0.032158 0.722399 2.496380 0.074534 0.689247 2.482113 0.039319 0.556581 2.901428 -0.510562 0.110874 2.870833 -0.497031 0.053981 2.884883 -0.501268 0.045418 2.915478 -0.514799 0.102311 1.345276 -1.046316 0.033807 1.349751 -0.985033 0.009716 1.349645 -0.978734 0.025721 1.345171 -1.040017 0.049811 
2.209686 -0.340038 0.009585 2.084502 -0.311969 0.056819 2.172786 -0.169095 0.194611 2.297919 -0.199457 0.144973 2.272089 -0.003220 0.591410 2.289190 0.032281 0.722319 2.496515 0.074624 0.689134 2.482227 0.039386 0.556476 2.901458 -0.510576 0.110885 2.870850 -0.497037 0.054000 2.884898 -0.501273 0.045433 2.915505 -0.514812 0.102318 1.345212 -1.046273 0.033685 1.349732 -0.985015 0.009540 1.349600 -0.978700 0.025538 1.345080 -1.039958 0.049683 
2.209688 -0.340036 0.009584 2.084513 -0.311948 0.056827 2.172826 -0.169057 0.194584 2.297950 -0.199439 0.144936 2.272205 -0.003120 0.591338 2.289327 0.032404 0.722238 2.496654 0.074711 0.689020 2.482345 0.039450 0.556370 2.901487 -0.510589 0.110895 2.870867 -0.497043 0.054018 2.884913 -0.501278 0.045448 2.915532 -0.514824 0.102325 1.345148 -1.046228 0.033571 1.349716 -0.984998 0.009364 1.349557 -0.978664 0.025354 1.344990 -1.039895 0.049561 
2.209690 -0.340035 0.009582 2.084523 -0.311927 0.056836 2.172866 -0.169019 0.194555 2.297981 -0.199421 0.144898 2.272323 -0.003018 0.591264 2.289466 0.032528 0.722155 2.496794 0.074801 0.688904 2.482465 0.039516 0.556263 2.901516 -0.510603 0.110905 2.870884 -0.497049 0.054037 2.884928 -0.501284 0.045463 2.915559 -0.514837 0.102331 1.345085 -1.046183 0.033454 1.349700 -0.984979 0.009190 1.349515 -0.978628 0.025173 1.344901 -1.039833 0.049438 
2.209692 -0.340034 0.009581 2.084533 -0.311905 0.056845 2.172907 -0.168979 0.194527 2.298013 -0.199403 0.144859 2.272443 -0.002916 0.591190 2.289607 0.032654 0.722072 2.496937 0.074891 0.688787 2.482586 0.039583 0.556154 2.901544 -0.510616 0.110915 2.870901 -0.497055 0.054055 2.884942 -0.501289 0.045478 2.915586 -0.514850 0.102338 1.345024 -1.046139 0.033337 1.349684 -0.984961 0.009015 1.349473 -0.978593 0.024992 1.344813 -1.039772 0.049313 
2.209694 -0.340032 0.009579 2.084544 -0.311883 0.056854 2.172948 -0.168940 0.194498 2.298046 -0.199384 0.144820 2.272566 -0.002812 0.591115 2.289751 0.032780 0.721988 2.497083 0.074981 0.688668 2.482710 0.039649 0.556044 2.901573 -0.510629 0.110925 2.870917 -0.497061 0.054073 2.884957 -0.501294 0.045492 2.915612 -0.514862 0.102344 1.344963 -1.046098 0.033218 1.349668 -0.984945 0.008840 1.349431 -0.978561 0.024810 1.344726 -1.039713 0.049187 
2.209696 -0.340031 0.009578 2.084555 -0.311860 0.056863 2.172991 -0.168900 0.194469 2.298079 -0.199366 0.144781 2.272689 -0.002710 0.591040 2.289896 0.032906 0.721903 2.497230 0.075071 0.688549 2.482835 0.039715 0.555934 2.901601 -0.510642 0.110935 2.870933 -0.497067 0.054091 2.884971 -0.501299 0.045507 2.915638 -0.514875 0.102351 1.344904 -1.046057 0.033100 1.349653 -0.984930 0.008668 1.349390 -0.978529 0.024630 1.344641 -1.039656 0.049062 
2.209699 -0.340030 0.009576 2.084566 -0.311838 0.056872 2.173033 -0.168861 0.194440 2.298112 -0.199349 0.144742 2.272813 -0.002608 0.590965 2.290042 0.033030 0.721820 2.497378 0.075159 0.688431 2.482961 0.039779 0.555825 2.901628 -0.510656 0.110945 2.870949 -0.497073 0.054109 2.884984 -0.501304 0.045521 2.915664 -0.514887 0.102357 1.344848 -1.046023 0.032978 1.349638 -0.984920 0.008496 1.349349 -0.978504 0.024452 1.344558 -1.039608 0.048934 
2.209701 -0.340028 0.009575 2.084577 -0.311815 0.056881 2.173076 -0.168822 0.194412 2.298145 -0.199332 0.144703 2.272936 -0.002508 0.590892 2.290187 0.033152 0.721737 2.497525 0.075244 0.688314 2.483086 0.039842 0.555716 2.901655 -0.510668 0.110954 2.870964 -0.497079 0.054127 2.884998 -0.501309 0.045536 2.915689 -0.514899 0.102363 1.344792 -1.045989 0.032859 1.349624 -0.984909 0.008326 1.349309 -0.978478 0.024275 1.344476 -1.039558 0.048808 
2.209703 -0.340027 0.009573 2.084588 -0.311793 0.056890 2.173118 -0.168785 0.194384 2.298178 -0.199315 0.144666 2.273057 -0.002411 0.590820 2.290329 0.033271 0.721657 2.497669 0.075327 0.688201 2.483208 0.039902 0.555611 2.901681 -0.510681 0.110964 2.870979 -0.497084 0.054145 2.885011 -0.501314 0.045550 2.915714 -0.514911 0.102370 1.344730 -1.045993 0.032743 1.349603 -0.984941 0.008147 1.349260 -0.978492 0.024089 1.344387 -1.039543 0.048684 
2.209705 -0.340026 0.009571 2.084597 -0.311773 0.056898 2.173155 -0.168749 0.194358 2.298207 -0.199299 0.144630 2.273172 -0.002319 0.590752 2.290464 0.033384 0.721580 2.497806 0.075405 0.688092 2.483325 0.039959 0.555510 2.901709 -0.510694 0.110974 2.870995 -0.497090 0.054162 2.885025 -0.501319 0.045564 2.915739 -0.514923 0.102376 1.344669 -1.045957 0.032621 1.349589 -0.984929 0.007976 1.349221 -0.978464 0.023911 1.344301 -1.039492 0.048556 
2.209707 -0.340025 0.009570 2.084607 -0.311749 0.056903 2.173196 -0.168713 0.194332 2.298239 -0.199287 0.144598 2.273291 -0.002236 0.590689 2.290605 0.033486 0.721509 2.497950 0.075465 0.687990 2.483448 0.040000 0.555416 2.901737 -0.510707 0.110983 2.871011 -0.497096 0.054180 2.885040 -0.501325 0.045578 2.915765 -0.514936 0.102382 1.344592 -1.045930 0.032519 1.349549 -0.984925 0.007826 1.349157 -0.978445 0.023754 1.344200 -1.039451 0.048447 
2.209709 -0.340024 0.009569 2.084616 -0.311731 0.056910 2.173230 -0.168683 0.194310 2.298266 -0.199273 0.144567 2.273390 -0.002158 0.590631 2.290722 0.033580 0.721445 2.498068 0.075531 0.687898 2.483548 0.040048 0.555330 2.901761 -0.510718 0.110991 2.871027 -0.497100 0.054194 2.885054 -0.501329 0.045590 2.915788 -0.514946 0.102387 1.344537 -1.045955 0.032401 1.349530 -0.984972 0.007660 1.349113 -0.978478 0.023581 1.344121 -1.039462 0.048322 
2.209710 -0.340023 0.009567 2.084624 -0.311714 0.056917 2.173262 -0.168654 0.194288 2.298291 -0.199261 0.144539 2.273476 -0.002082 0.590576 2.290824 0.033673 0.721383 2.498171 0.075600 0.687811 2.483635 0.040100 0.555250 2.901782 -0.510729 0.110999 2.871037 -0.497106 0.054209 2.885062 -0.501333 0.045602 2.915807 -0.514956 0.102392 1.344490 -1.045922 0.032307 1.349519 -0.984959 0.007523 1.349082 -0.978453 0.023439 1.344053 -1.039415 0.048223 
2.209712 -0.340022 0.009566 2.084631 -0.311695 0.056920 2.173290 -0.168624 0.194266 2.298313 -0.199249 0.144512 2.273569 -0.002012 0.590523 2.290932 0.033759 0.721324 2.498282 0.075651 0.687728 2.483730 0.040134 0.555174 2.901808 -0.510741 0.111008 2.871053 -0.497111 0.054225 2.885077 -0.501338 0.045615 2.915832 -0.514967 0.102398 1.344428 -1.045987 0.032155 1.349494 -0.985049 0.007319 1.349029 -0.978527 0.023228 1.343963 -1.039465 0.048064 
2.209713 -0.340021 0.009565 2.084638 -0.311679 0.056923 2.173315 -0.168597 0.194245 2.298333 -0.199237 0.144488 2.273642 -0.001946 0.590475 2.291018 0.033840 0.721270 2.498370 0.075707 0.687655 2.483805 0.040175 0.555105 2.901831 -0.510751 0.111016 2.871067 -0.497115 0.054239 2.885089 -0.501342 0.045626 2.915853 -0.514977 0.102403 1.344376 -1.046036 0.032037 1.349475 -0.985118 0.007156 1.348987 -0.978583 0.023058 1.343888 -1.039500 0.047939 
2.209714 -0.340020 0.009564 2.084644 -0.311666 0.056926 2.173338 -0.168572 0.194226 2.298351 -0.199225 0.144465 2.273703 -0.001879 0.590429 2.291090 0.033921 0.721218 2.498443 0.075770 0.687585 2.483866 0.040224 0.555040 2.901850 -0.510761 0.111024 2.871076 -0.497120 0.054253 2.885097 -0.501346 0.045638 2.915871 -0.514987 0.102408 1.344338 -1.046007 0.031967 1.349467 -0.985106 0.007053 1.348963 -0.978559 0.022950 1.343833 -1.039461 0.047865 
2.209715 -0.340019 0.009563 2.084649 -0.311646 0.056925 2.173363 -0.168544 0.194204 2.298371 -0.199216 0.144443 2.273780 -0.001818 0.590384 2.291182 0.033995 0.721168 2.498538 0.075810 0.687515 2.483948 0.040249 0.554976 2.901877 -0.510774 0.111033 2.871093 -0.497126 0.054270 2.885112 -0.501351 0.045651 2.915896 -0.514999 0.102414 1.344267 -1.046154 0.031790 1.349431 -0.985281 0.006814 1.348895 -0.978716 0.022703 1.343731 -1.039589 0.047679 
2.209717 -0.340018 0.009562 2.084654 -0.311633 0.056928 2.173382 -0.168521 0.194186 2.298386 -0.199206 0.144422 2.273843 -0.001760 0.590341 2.291255 0.034066 0.721120 2.498613 0.075859 0.687450 2.484012 0.040285 0.554916 2.901897 -0.510783 0.111040 2.871105 -0.497130 0.054282 2.885122 -0.501354 0.045661 2.915915 -0.515007 0.102419 1.344216 -1.046177 0.031718 1.349416 -0.985328 0.006692 1.348863 -0.978748 0.022574 1.343663 -1.039598 0.047600 
2.209718 -0.340017 0.009561 2.084659 -0.311621 0.056931 2.173403 -0.168498 0.194169 2.298402 -0.199195 0.144401 2.273895 -0.001701 0.590301 2.291317 0.034139 0.721075 2.498675 0.075917 0.687388 2.484064 0.040330 0.554859 2.901916 -0.510792 0.111047 2.871114 -0.497134 0.054296 2.885130 -0.501358 0.045672 2.915932 -0.515016 0.102423 1.344184 -1.046155 0.031659 1.349409 -0.985319 0.006606 1.348842 -0.978732 0.022485 1.343617 -1.039568 0.047537 
2.209719 -0.340016 0.009560 2.084665 -0.311607 0.056933 2.173424 -0.168474 0.194151 2.298419 -0.199184 0.144379 2.273958 -0.001638 0.590256 2.291390 0.034215 0.721025 2.498750 0.075971 0.687322 2.484128 0.040370 0.554797 2.901937 -0.510803 0.111055 2.871125 -0.497139 0.054310 2.885140 -0.501362 0.045684 2.915951 -0.515026 0.102428 1.344138 -1.046179 0.031585 1.349395 -0.985363 0.006491 1.348811 -0.978763 0.022363 1.343554 -1.039579 0.047458 
2.209720 -0.340015 0.009559 2.084671 -0.311593 0.056937 2.173447 -0.168449 0.194131 2.298437 -0.199171 0.144355 2.274026 -0.001572 0.590209 2.291470 0.034296 0.720972 2.498831 0.076032 0.687249 2.484197 0.040415 0.554730 2.901956 -0.510813 0.111063 2.871135 -0.497144 0.054324 2.885148 -0.501367 0.045695 2.915969 -0.515036 0.102433 1.344101 -1.046155 0.031511 1.349387 -0.985354 0.006385 1.348786 -0.978744 0.022253 1.343499 -1.039545 0.047379 
2.209722 -0.340014 0.009558 2.084679 -0.311575 0.056942 2.173478 -0.168420 0.194110 2.298462 -0.199160 0.144328 2.274113 -0.001501 0.590157 2.291573 0.034382 0.720914 2.498936 0.076090 0.687167 2.484286 0.040457 0.554654 2.901978 -0.510825 0.111071 2.871147 -0.497150 0.054340 2.885158 -0.501371 0.045708 2.915990 -0.515047 0.102439 1.344052 -1.046183 0.031426 1.349372 -0.985406 0.006248 1.348750 -0.978781 0.022109 1.343431 -1.039558 0.047286 
2.209723 -0.340013 0.009557 2.084687 -0.311558 0.056947 2.173509 -0.168391 0.194088 2.298486 -0.199148 0.144300 2.274210 -0.001430 0.590102 2.291686 0.034469 0.720853 2.499052 0.076145 0.687081 2.484385 0.040495 0.554574 2.902000 -0.510835 0.111079 2.871159 -0.497154 0.054355 2.885169 -0.501375 0.045719 2.916010 -0.515056 0.102444 1.343999 -1.046196 0.031331 1.349357 -0.985442 0.006108 1.348714 -0.978803 0.021963 1.343356 -1.039558 0.047186 
2.209725 -0.340013 0.009555 2.084695 -0.311534 0.056951 2.173546 -0.168361 0.194066 2.298516 -0.199140 0.144273 2.274308 -0.001362 0.590052 2.291805 0.034552 0.720796 2.499173 0.076190 0.686997 2.484487 0.040526 0.554496 2.902023 -0.510846 0.111087 2.871173 -0.497159 0.054369 2.885181 -0.501380 0.045731 2.916031 -0.515067 0.102449 1.343944 -1.046266 0.031205 1.349334 -0.985537 0.005929 1.348666 -0.978882 0.021775 1.343276 -1.039612 0.047051 
2.209727 -0.340012 0.009554 2.084703 -0.311514 0.056954 2.173577 -0.168333 0.194045 2.298540 -0.199132 0.144249 2.274400 -0.001287 0.590005 2.291916 0.034640 0.720742 2.499290 0.076229 0.686918 2.484584 0.040551 0.554424 2.902046 -0.510857 0.111095 2.871186 -0.497164 0.054384 2.885192 -0.501384 0.045743 2.916052 -0.515077 0.102454 1.343890 -1.046375 0.031085 1.349312 -0.985669 0.005757 1.348619 -0.978999 0.021596 1.343198 -1.039705 0.046923 
2.209728 -0.340011 0.009553 2.084709 -0.311501 0.056958 2.173601 -0.168310 0.194028 2.298559 -0.199122 0.144227 2.274472 -0.001210 0.589962 2.292004 0.034730 0.720693 2.499385 0.076272 0.686850 2.484662 0.040579 0.554361 2.902064 -0.510867 0.111102 2.871195 -0.497169 0.054397 2.885201 -0.501388 0.045754 2.916070 -0.515086 0.102459 1.343865 -1.046359 0.031036 1.349307 -0.985666 0.005684 1.348602 -0.978988 0.021519 1.343160 -1.039681 0.046872 
2.209729 -0.340011 0.009552 2.084715 -0.311476 0.056956 2.173631 -0.168283 0.194009 2.298584 -0.199120 0.144209 2.274543 -0.001141 0.589922 2.292099 0.034809 0.720648 2.499487 0.076292 0.686778 2.484741 0.040588 0.554295 2.902087 -0.510878 0.111111 2.871208 -0.497174 0.054412 2.885212 -0.501392 0.045766 2.916091 -0.515097 0.102464 1.343789 -1.046489 0.030896 1.349271 -0.985829 0.005473 1.348539 -0.979130 0.021299 1.343057 -1.039790 0.046721 
2.209730 -0.340010 0.009551 2.084719 -0.311464 0.056955 2.173645 -0.168266 0.193995 2.298595 -0.199114 0.144195 2.274590 -0.001078 0.589887 2.292160 0.034883 0.720608 2.499554 0.076321 0.686722 2.484794 0.040606 0.554244 2.902103 -0.510886 0.111116 2.871217 -0.497177 0.054423 2.885220 -0.501396 0.045775 2.916106 -0.515104 0.102468 1.343757 -1.046539 0.030832 1.349260 -0.985893 0.005381 1.348513 -0.979186 0.021202 1.343011 -1.039832 0.046653 
2.209731 -0.340010 0.009551 2.084722 -0.311455 0.056955 2.173657 -0.168256 0.193988 2.298605 -0.199113 0.144188 2.274630 -0.001019 0.589854 2.292213 0.034953 0.720570 2.499612 0.076352 0.686669 2.484840 0.040625 0.554195 2.902121 -0.510896 0.111124 2.871226 -0.497182 0.054436 2.885228 -0.501400 0.045785 2.916122 -0.515113 0.102473 1.343737 -1.046523 0.030804 1.349256 -0.985886 0.005335 1.348501 -0.979173 0.021153 1.342982 -1.039811 0.046622 
2.209732 -0.340010 0.009551 2.084725 -0.311443 0.056954 2.173674 -0.168248 0.193984 2.298619 -0.199118 0.144185 2.274677 -0.000965 0.589816 2.292279 0.035019 0.720526 2.499683 0.076374 0.686603 2.484891 0.040635 0.554134 2.902145 -0.510908 0.111133 2.871239 -0.497188 0.054453 2.885239 -0.501405 0.045799 2.916145 -0.515124 0.102479 1.343701 -1.046593 0.030712 1.349242 -0.985971 0.005211 1.348468 -0.979249 0.021024 1.342928 -1.039871 0.046525 
2.209733 -0.340010 0.009551 2.084729 -0.311435 0.056956 2.173690 -0.168249 0.193986 2.298632 -0.199127 0.144185 2.274727 -0.000916 0.589777 2.292348 0.035080 0.720482 2.499757 0.076393 0.686533 2.484946 0.040641 0.554070 2.902160 -0.510915 0.111138 2.871247 -0.497192 0.054464 2.885245 -0.501408 0.045807 2.916158 -0.515131 0.102482 1.343672 -1.046573 0.030657 1.349237 -0.985962 0.005138 1.348451 -0.979233 0.020948 1.342886 -1.039845 0.046467 
2.209734 -0.340011 0.009551 2.084734 -0.311416 0.056955 2.173716 -0.168240 0.193983 2.298653 -0.199137 0.144183 2.274795 -0.000874 0.589742 2.292441 0.035130 0.720441 2.499856 0.076389 0.686462 2.485019 0.040627 0.554004 2.902182 -0.510927 0.111147 2.871260 -0.497197 0.054479 2.885256 -0.501412 0.045820 2.916179 -0.515142 0.102488 1.343611 -1.046759 0.030560 1.349206 -0.986181 0.004964 1.348398 -0.979431 0.020764 1.342804 -1.040008 0.046359 
2.209735 -0.340011 0.009551 2.084737 -0.311401 0.056951 2.173731 -0.168235 0.193980 2.298666 -0.199147 0.144184 2.274836 -0.000845 0.589730 2.292496 0.035162 0.720426 2.499920 0.076367 0.686436 2.485069 0.040602 0.553981 2.902201 -0.510937 0.111154 2.871270 -0.497202 0.054492 2.885266 -0.501417 0.045831 2.916196 -0.515152 0.102493 1.343585 -1.046821 0.030666 1.349213 -0.986292 0.004965 1.348415 -0.979514 0.020753 1.342787 -1.040043 0.046454 
2.209735 -0.340012 0.009552 2.084736 -0.311395 0.056946 2.173734 -0.168243 0.193988 2.298670 -0.199162 0.144198 2.274843 -0.000827 0.589723 2.292514 0.035183 0.720417 2.499944 0.076350 0.686418 2.485082 0.040581 0.553965 2.902221 -0.510948 0.111163 2.871281 -0.497207 0.054507 2.885275 -0.501421 0.045843 2.916215 -0.515163 0.102498 1.343556 -1.046873 0.030735 1.349210 -0.986377 0.004962 1.348417 -0.979580 0.020743 1.342763 -1.040076 0.046515 
2.209735 -0.340013 0.009553 2.084734 -0.311400 0.056944 2.173726 -0.168264 0.194007 2.298664 -0.199179 0.144220 2.274825 -0.000818 0.589715 2.292500 0.035197 0.720407 2.499933 0.076345 0.686405 2.485067 0.040572 0.553954 2.902234 -0.510956 0.111169 2.871288 -0.497211 0.054517 2.885281 -0.501424 0.045851 2.916227 -0.515170 0.102502 1.343551 -1.046875 0.030733 1.349209 -0.986377 0.004965 1.348414 -0.979581 0.020746 1.342756 -1.040079 0.046514 
2.209735 -0.340014 0.009554 2.084731 -0.311406 0.056942 2.173717 -0.168290 0.194029 2.298657 -0.199200 0.144246 2.274803 -0.000810 0.589702 2.292486 0.035211 0.720392 2.499922 0.076337 0.686380 2.485048 0.040558 0.553932 2.902249 -0.510965 0.111175 2.871295 -0.497215 0.054528 2.885287 -0.501428 0.045860 2.916241 -0.515178 0.102507 1.343546 -1.046877 0.030731 1.349207 -0.986377 0.004968 1.348411 -0.979583 0.020749 1.342749 -1.040082 0.046512 
2.209735 -0.340016 0.009555 2.084730 -0.311404 0.056938 2.173716 -0.168311 0.194048 2.298658 -0.199223 0.144270 2.274804 -0.000805 0.589692 2.292501 0.035219 0.720378 2.499942 0.076305 0.686353 2.485054 0.040521 0.553907 2.902270 -0.510976 0.111183 2.871307 -0.497220 0.054543 2.885297 -0.501433 0.045872 2.916260 -0.515188 0.102512 1.343513 -1.046979 0.030814 1.349208 -0.986528 0.004943 1.348415 -0.979705 0.020711 1.342721 -1.040155 0.046583 
2.209734 -0.340017 0.009557 2.084727 -0.311411 0.056935 2.173706 -0.168337 0.194071 2.298651 -0.199244 0.144296 2.274782 -0.000803 0.589685 2.292483 0.035225 0.720369 2.499927 0.076294 0.686339 2.485035 0.040506 0.553895 2.902282 -0.510983 0.111188 2.871313 -0.497224 0.054552 2.885302 -0.501435 0.045879 2.916271 -0.515194 0.102515 1.343509 -1.046981 0.030813 1.349207 -0.986529 0.004947 1.348413 -0.979707 0.020717 1.342714 -1.040160 0.046582 
2.209734 -0.340018 0.009558 2.084725 -0.311417 0.056933 2.173697 -0.168363 0.194094 2.298645 -0.199265 0.144322 2.274760 -0.000797 0.589672 2.292471 0.035237 0.720353 2.499918 0.076285 0.686312 2.485016 0.040490 0.553870 2.902296 -0.510990 0.111194 2.871320 -0.497227 0.054563 2.885309 -0.501438 0.045888 2.916284 -0.515202 0.102519 1.343504 -1.046983 0.030812 1.349206 -0.986529 0.004952 1.348410 -0.979708 0.020721 1.342708 -1.040162 0.046582 
2.209734 -0.340019 0.009559 2.084724 -0.311414 0.056929 2.173698 -0.168380 0.194110 2.298646 -0.199285 0.144342 2.274766 -0.000792 0.589665 2.292488 0.035244 0.720345 2.499941 0.076253 0.686293 2.485027 0.040456 0.553854 2.902312 -0.510999 0.111200 2.871329 -0.497232 0.054574 2.885317 -0.501442 0.045897 2.916300 -0.515210 0.102523 1.343472 -1.047039 0.030850 1.349192 -0.986606 0.004944 1.348399 -0.979773 0.020709 1.342678 -1.040206 0.046614 
2.209734 -0.340020 0.009560 2.084722 -0.311418 0.056928 2.173693 -0.168400 0.194128 2.298643 -0.199303 0.144363 2.274758 -0.000783 0.589653 2.292488 0.035259 0.720330 2.499944 0.076246 0.686269 2.485022 0.040443 0.553832 2.902326 -0.511007 0.111206 2.871337 -0.497235 0.054584 2.885323 -0.501445 0.045906 2.916313 -0.515217 0.102527 1.343468 -1.047040 0.030852 1.349191 -0.986606 0.004949 1.348396 -0.979773 0.020713 1.342673 -1.040207 0.046617 
2.209735 -0.340021 0.009561 2.084722 -0.311414 0.056926 2.173698 -0.168415 0.194142 2.298647 -0.199322 0.144380 2.274761 -0.000770 0.589636 2.292507 0.035277 0.720310 2.499965 0.076236 0.686229 2.485028 0.040427 0.553795 2.902345 -0.511018 0.111213 2.871346 -0.497241 0.054599 2.885331 -0.501450 0.045917 2.916330 -0.515227 0.102532 1.343438 -1.047104 0.030915 1.349189 -0.986708 0.004929 1.348397 -0.979854 0.020685 1.342646 -1.040250 0.046670 
