0.701368 0.247136 0.003740 0.817232 0.221984 0.004672 0.705922 0.141344 0.003118 0.825763 0.071229 0.003805 
0.701759 0.247304 0.003666 0.817773 0.221518 0.004768 0.706468 0.140879 0.003111 0.826168 0.071401 0.004003 
0.701254 0.246950 0.003724 0.817346 0.222169 0.004773 0.706036 0.141528 0.003204 0.825645 0.071052 0.004041 
0.700683 0.246534 0.003833 0.816830 0.222895 0.004788 0.705512 0.142253 0.003368 0.825049 0.070638 0.004121 
0.700441 0.246358 0.003936 0.816409 0.223488 0.004801 0.705085 0.142844 0.003518 0.824790 0.070458 0.004197 
0.697567 0.243871 0.003546 0.818060 0.220674 0.004368 0.706785 0.139983 0.003880 0.822035 0.068152 0.004797 
0.698139 0.244406 0.003789 0.816868 0.222298 0.004314 0.705605 0.141572 0.003958 0.822624 0.068674 0.004545 
0.699556 0.245427 0.003761 0.816983 0.222156 0.004249 0.705746 0.141397 0.003980 0.824107 0.069695 0.004562 
0.699546 0.245592 0.003850 0.816278 0.222798 0.003922 0.705033 0.142041 0.004161 0.824079 0.069838 0.004381 
0.701959 0.247296 0.003837 0.816682 0.222153 0.003888 0.705457 0.141377 0.004298 0.826556 0.071506 0.004541 
0.703045 0.248167 0.003917 0.816219 0.222257 0.003582 0.705003 0.141469 0.004597 0.827665 0.072346 0.004499 
0.706829 0.251085 0.004156 0.815133 0.223563 0.003547 0.703919 0.142760 0.004781 0.831461 0.075139 0.004260 
0.710913 0.254061 0.004286 0.815239 0.223422 0.003669 0.704045 0.142595 0.005010 0.835613 0.078025 0.004387 
0.712846 0.255469 0.004617 0.815390 0.223241 0.003786 0.704210 0.142406 0.005628 0.837580 0.079393 0.004719 
0.713533 0.255970 0.005043 0.815574 0.223024 0.003893 0.704408 0.142193 0.006445 0.838284 0.079882 0.005148 
0.713716 0.256103 0.005491 0.815784 0.222776 0.003990 0.704634 0.141955 0.007307 0.838476 0.080016 0.005600 
0.713786 0.256153 0.005921 0.816010 0.222505 0.004077 0.704878 0.141696 0.008137 0.838554 0.080071 0.006035 
0.713824 0.256181 0.006327 0.816247 0.222217 0.004157 0.705135 0.141423 0.008922 0.838599 0.080103 0.006445 
0.713853 0.256201 0.006708 0.816498 0.221908 0.004229 0.705408 0.141130 0.009664 0.838635 0.080129 0.006830 
0.713882 0.256222 0.007068 0.816770 0.221567 0.004294 0.705705 0.140806 0.010366 0.838673 0.080155 0.007194 
0.713912 0.256243 0.007408 0.817062 0.221198 0.004352 0.706022 0.140455 0.011033 0.838712 0.080183 0.007537 
0.713941 0.256264 0.007731 0.817370 0.220806 0.004406 0.706356 0.140082 0.011670 0.838750 0.080210 0.007864 
0.713970 0.256285 0.008039 0.817691 0.220395 0.004454 0.706705 0.139691 0.012280 0.838789 0.080238 0.008175 
0.713998 0.256305 0.008335 0.818020 0.219971 0.004497 0.707063 0.139288 0.012869 0.838827 0.080265 0.008473 
0.714025 0.256325 0.008620 0.818354 0.219539 0.004536 0.707427 0.138877 0.013440 0.838865 0.080292 0.008761 
0.714053 0.256344 0.008897 0.818690 0.219105 0.004572 0.707794 0.138465 0.013996 0.838903 0.080319 0.009040 
0.714080 0.256364 0.009166 0.819024 0.218674 0.004604 0.708160 0.138057 0.014542 0.838941 0.080346 0.009312 
0.714110 0.256385 0.009431 0.819351 0.218251 0.004633 0.708520 0.137659 0.015080 0.838981 0.080374 0.009579 
0.714140 0.256407 0.009692 0.819669 0.217841 0.004660 0.708873 0.137274 0.015614 0.839021 0.080402 0.009843 
0.714171 0.256429 0.009952 0.819977 0.217446 0.004683 0.709218 0.136904 0.016148 0.839061 0.080431 0.010106 
0.714202 0.256452 0.010213 0.820273 0.217067 0.004705 0.709552 0.136553 0.016686 0.839102 0.080460 0.010369 
0.714236 0.256476 0.010474 0.820557 0.216706 0.004724 0.709876 0.136221 0.017231 0.839145 0.080491 0.010635 
0.714272 0.256502 0.010738 0.820827 0.216363 0.004741 0.710190 0.135909 0.017785 0.839189 0.080522 0.010905 
0.714309 0.256529 0.011008 0.821078 0.216050 0.004757 0.710486 0.135629 0.018353 0.839234 0.080555 0.011181 
0.714349 0.256557 0.011285 0.821309 0.215765 0.004771 0.710765 0.135380 0.018939 0.839281 0.080588 0.011464 
0.714391 0.256588 0.011571 0.821515 0.215515 0.004784 0.711025 0.135167 0.019547 0.839330 0.080623 0.011757 
0.714436 0.256620 0.011868 0.821698 0.215300 0.004796 0.711265 0.134993 0.020179 0.839380 0.080660 0.012061 
0.714484 0.256655 0.012177 0.821855 0.215122 0.004806 0.711483 0.134860 0.020841 0.839434 0.080698 0.012378 
0.714536 0.256693 0.012502 0.821986 0.214983 0.004816 0.711682 0.134770 0.021536 0.839490 0.080739 0.012711 
0.714593 0.256734 0.012843 0.822088 0.214887 0.004824 0.711858 0.134727 0.022268 0.839551 0.080782 0.013060 
0.714655 0.256779 0.013203 0.822162 0.214832 0.004832 0.712013 0.134731 0.023043 0.839615 0.080829 0.013430 
0.714723 0.256827 0.013584 0.822206 0.214820 0.004839 0.712148 0.134785 0.023865 0.839685 0.080879 0.013821 
0.714798 0.256882 0.013988 0.822230 0.214840 0.004846 0.712273 0.134878 0.024738 0.839761 0.080934 0.014236 
0.718023 0.259223 0.013516 0.822102 0.215044 0.004853 0.712172 0.135098 0.024971 0.843005 0.083179 0.013768 
0.719507 0.260304 0.013503 0.821842 0.215440 0.004859 0.711988 0.135535 0.025562 0.844505 0.084223 0.013763 
0.720956 0.261359 0.013506 0.821567 0.215860 0.004863 0.711798 0.136003 0.026215 0.845968 0.085240 0.013777 
0.720957 0.261359 0.013944 0.821078 0.216602 0.004868 0.711438 0.136839 0.027247 0.845953 0.085232 0.014230 
0.725271 0.264706 0.013266 0.819343 0.218272 0.004874 0.709045 0.139509 0.027651 0.848684 0.087329 0.013567 
0.729992 0.269218 0.012463 0.814486 0.221785 0.004879 0.702262 0.145931 0.028329 0.848716 0.088505 0.012795 
0.730081 0.269899 0.012969 0.810450 0.226205 0.004885 0.697564 0.151833 0.030055 0.846551 0.087719 0.013350 
0.727558 0.267989 0.014488 0.807645 0.231221 0.004887 0.694945 0.157312 0.032354 0.843524 0.085593 0.014933 
0.725852 0.265969 0.015806 0.807108 0.234313 0.004931 0.695899 0.158872 0.034329 0.844596 0.085446 0.016321 
0.726423 0.266333 0.016152 0.805448 0.236821 0.004889 0.694955 0.160926 0.035857 0.846157 0.086440 0.016647 
0.729711 0.268545 0.015601 0.804616 0.238233 0.004887 0.694566 0.162145 0.036978 0.849993 0.088910 0.016147 
0.696812 0.159585 0.039295 0.969326 0.701770 0.072045 0.783635 0.456135 0.056730 0.846563 0.086391 0.018504 1.012629 0.528971 0.020432 0.951468 0.321352 0.005799 
0.704007 0.158967 0.042080 0.972300 0.701757 0.063939 0.779483 0.454044 0.054254 0.843676 0.090397 0.021703 1.007551 0.513610 0.014234 0.953934 0.329700 0.005635 
0.709540 0.169495 0.044247 0.969542 0.702958 0.057985 0.775437 0.458664 0.053084 0.840874 0.106636 0.023238 1.003848 0.500485 0.009883 0.954160 0.338636 0.005461 
0.712231 0.187917 0.046378 0.966918 0.704498 0.051691 0.770787 0.462744 0.052293 0.840131 0.127116 0.023551 0.999930 0.484197 0.005828 0.954254 0.347909 0.005294 
0.714286 0.207117 0.048611 0.962979 0.706047 0.045096 0.765170 0.465548 0.051841 0.839341 0.147267 0.023904 0.995769 0.465383 0.002595 0.954507 0.357450 0.005122 
0.716563 0.223340 0.050784 0.958422 0.707219 0.038334 0.758727 0.466784 0.051690 0.838596 0.165167 0.024436 0.991877 0.446510 0.000464 0.954753 0.366416 0.004795 
0.718487 0.234021 0.052941 0.955497 0.707324 0.034030 0.754816 0.469081 0.052573 0.838588 0.178035 0.024989 0.990268 0.434900 0.000346 0.956434 0.376158 0.004801 
0.719130 0.240067 0.055606 0.953400 0.707002 0.031611 0.753072 0.470836 0.054264 0.838609 0.184533 0.025913 0.990077 0.429762 0.000698 0.958828 0.384841 0.004806 
0.727015 0.229069 0.055043 0.972689 0.702132 0.027896 0.758691 0.476727 0.052269 0.841098 0.186609 0.025961 0.993246 0.375263 0.020420 0.986174 0.430753 0.017372 
0.736781 0.214701 0.053573 0.995114 0.701308 0.024532 0.768193 0.485915 0.048840 1.001740 0.326190 0.046892 0.846988 0.190399 0.024187 1.015741 0.469672 0.033823 
0.747737 0.199965 0.053634 1.029306 0.692529 0.024472 0.783669 0.497018 0.046192 1.016555 0.284976 0.081554 0.848891 0.190993 0.024591 1.056138 0.508351 0.059275 
0.757055 0.188250 0.054665 1.056803 0.681552 0.028992 0.803169 0.511270 0.045638 1.031076 0.265770 0.108015 0.851075 0.191759 0.024880 1.094768 0.536482 0.085957 
0.766112 0.177499 0.056504 1.079670 0.659302 0.033601 0.828355 0.522246 0.044964 1.049005 0.234991 0.146602 0.852726 0.191696 0.025635 1.149804 0.561304 0.128691 
0.773179 0.169278 0.058723 1.037857 0.650682 0.033696 0.857310 0.537844 0.048862 1.059047 0.240594 0.137816 0.856657 0.192991 0.025190 1.176542 0.551372 0.126958 
0.781496 0.160129 0.060462 1.099982 0.285179 0.099328 1.103970 0.422911 0.068608 1.023971 0.662347 0.044055 0.900709 0.551615 0.053230 
1.170416 0.370327 0.049949 0.784905 0.157301 0.063132 1.103519 0.394385 0.046829 1.060578 0.689438 0.042363 0.715635 0.353385 0.032495 0.986238 0.612638 0.035765 
1.236361 0.456054 0.003685 0.780079 0.164827 0.068511 1.087337 0.376161 0.026092 1.087622 0.726793 0.021498 0.716955 0.353942 0.037579 0.978766 0.601990 0.020348 
1.242093 0.454761 0.004766 0.758006 0.197518 0.081293 1.098461 0.386118 0.027361 1.105069 0.727685 0.016254 0.708847 0.351334 0.059422 0.982696 0.605830 0.021358 
1.242751 0.467274 0.004780 0.740480 0.226620 0.096963 1.099428 0.394355 0.030150 1.107520 0.727577 0.018814 0.706381 0.371310 0.075625 0.984380 0.614813 0.028697 
1.243338 0.477840 0.004802 0.721810 0.247849 0.121083 1.089627 0.395473 0.037707 1.106676 0.727609 0.021946 0.696604 0.388454 0.099141 0.978424 0.618331 0.038945 
1.246049 0.485432 0.005309 0.704066 0.262179 0.149947 1.077000 0.392545 0.048697 1.099196 0.726979 0.026786 0.684392 0.397489 0.127416 0.969120 0.617185 0.051515 
1.248303 0.485924 0.007071 0.694886 0.265648 0.176639 1.068669 0.388127 0.060399 1.091653 0.726119 0.031720 0.677110 0.396955 0.153025 0.961431 0.612778 0.063301 
1.249401 0.488240 0.008125 0.697491 0.259228 0.196422 1.065889 0.382708 0.069702 1.090562 0.725702 0.035142 0.677909 0.388962 0.171792 0.958574 0.607168 0.072188 
1.251523 0.493767 0.007821 0.708642 0.248336 0.208623 1.069055 0.377511 0.075196 1.090947 0.724314 0.037866 0.685511 0.377749 0.183352 0.961160 0.601949 0.077635 
1.253978 0.501140 0.006602 0.724893 0.235218 0.215886 1.075559 0.372524 0.078065 1.091562 0.722450 0.040519 0.697583 0.365264 0.190011 0.966964 0.597181 0.080972 
1.083043 0.367679 0.079987 1.256506 0.508071 0.005166 0.742514 0.221800 0.221472 0.710907 0.352650 0.195201 1.092748 0.720346 0.042940 0.973240 0.592347 0.083744 
1.089439 0.364087 0.082472 1.257126 0.509761 0.004938 0.759633 0.210240 0.227275 0.723370 0.342197 0.201303 1.095208 0.719910 0.045229 0.977984 0.588161 0.087299 
1.093722 0.362823 0.084903 1.257230 0.509862 0.004938 0.771422 0.205487 0.233767 0.732624 0.338204 0.208470 1.096186 0.719915 0.048386 0.981774 0.586722 0.091530 
1.096205 0.363773 0.087085 1.257366 0.509096 0.004937 0.776790 0.207086 0.241395 0.737994 0.339828 0.217000 1.096529 0.719900 0.051916 0.984497 0.587678 0.096290 
1.097681 0.365845 0.089155 1.257492 0.507386 0.004939 0.779019 0.211516 0.249685 0.741108 0.344222 0.226515 1.097025 0.719903 0.055448 0.986420 0.589712 0.101430 
1.098782 0.368365 0.091157 1.257630 0.504650 0.004942 0.779777 0.216843 0.258568 0.743112 0.349430 0.236844 1.097955 0.719913 0.058846 0.987807 0.591941 0.106911 
1.100129 0.370840 0.092998 1.257783 0.500834 0.004944 0.780878 0.221597 0.267491 0.745329 0.354055 0.247430 1.099174 0.719927 0.062239 0.989172 0.593845 0.112558 
1.102159 0.372848 0.094575 1.257953 0.495939 0.004944 0.783923 0.224535 0.275773 0.748838 0.357077 0.257722 1.100828 0.719946 0.065560 0.990726 0.594886 0.118273 
1.104808 0.374286 0.095975 1.258141 0.490014 0.004941 0.789026 0.225573 0.283390 0.753823 0.358447 0.267651 1.102723 0.719967 0.068959 0.992563 0.595027 0.124092 
1.107858 0.375554 0.097193 1.258347 0.483195 0.004934 0.795158 0.226001 0.290748 0.759880 0.359149 0.277470 1.104662 0.719987 0.072612 0.994700 0.594735 0.130112 
1.258570 0.475648 0.004924 1.111102 0.376733 0.098392 1.106775 0.720007 0.076453 0.997051 0.594150 0.136462 0.802191 0.226161 0.298055 0.766861 0.359701 0.287410 
1.258808 0.467534 0.004911 1.114582 0.378193 0.099442 1.109093 0.720029 0.080501 0.999764 0.593705 0.143093 0.809668 0.226666 0.305446 0.774463 0.360602 0.297644 
1.259063 0.459009 0.004893 1.118335 0.380149 0.100301 1.111395 0.720049 0.085006 1.003088 0.593751 0.149960 0.817469 0.227953 0.313026 0.782674 0.362235 0.308263 
1.259327 0.450609 0.004852 1.122361 0.382580 0.101053 1.113823 0.720015 0.090068 1.007190 0.594371 0.157117 0.825724 0.230045 0.320975 0.791630 0.364612 0.319420 
1.259482 0.444524 0.004595 1.126504 0.384987 0.102028 1.117031 0.719871 0.095955 1.012588 0.595500 0.164786 0.834775 0.232234 0.329671 0.801594 0.367046 0.331413 
1.259379 0.441100 0.004104 1.130524 0.386714 0.103689 1.121531 0.719820 0.102577 1.019317 0.596539 0.173235 0.844980 0.233675 0.339551 0.812967 0.368820 0.344368 
1.259023 0.436016 0.003780 1.131051 0.383329 0.111757 1.129000 0.720454 0.106699 1.027996 0.597133 0.179082 0.878484 0.210334 0.328056 0.839303 0.395768 0.327533 
1.257952 0.426862 0.004156 1.132169 0.375643 0.122594 1.141084 0.722946 0.106071 1.034946 0.590297 0.186899 0.923629 0.183386 0.315475 0.879129 0.421265 0.303794 
1.257373 0.417788 0.004319 1.135160 0.364662 0.134677 1.149457 0.723894 0.109076 1.041415 0.576591 0.198028 0.970942 0.159826 0.307298 0.924045 0.437909 0.283555 
1.040928 0.115930 0.297829 1.256142 0.408569 0.004876 1.159816 0.725660 0.111278 1.039042 0.534670 0.240708 1.097840 0.278641 0.178556 1.148318 0.351253 0.133109 
1.106162 0.079016 0.298028 1.167581 0.725868 0.118246 1.053084 0.513533 0.253672 1.255206 0.402902 0.004573 1.158384 0.277899 0.169118 1.156198 0.302836 0.169938 
1.189960 0.028747 0.309162 1.178792 0.726850 0.123708 1.071095 0.480672 0.271285 1.253529 0.399166 0.004535 1.225774 0.267518 0.166850 1.183271 0.238575 0.218846 
1.263071 -0.009760 0.328852 1.189223 0.726246 0.133804 1.093868 0.445528 0.294435 1.282668 0.252546 0.170609 1.252190 0.401133 0.003448 1.224759 0.185494 0.260656 
1.345677 -0.054958 0.362868 1.202715 0.724833 0.151552 1.120647 0.427413 0.297031 1.279801 0.215702 0.257707 1.374823 0.257874 0.152464 
1.386869 -0.068811 0.400335 1.315926 0.195078 0.282300 1.465497 0.276089 0.131579 1.220028 0.719459 0.172860 1.145185 0.431175 0.291066 
1.170440 0.417512 0.286118 1.417576 -0.055445 0.425422 1.549561 0.286563 0.117089 1.244337 0.705124 0.167159 1.362025 0.165248 0.306572 
1.203127 0.367673 0.294890 1.445644 -0.032994 0.417120 1.618690 0.283685 0.103528 1.265831 0.688305 0.162755 1.427668 0.125042 0.320389 
1.699061 0.263881 0.093386 1.505912 -0.024131 0.401925 1.289783 0.681910 0.165832 1.526361 0.080253 0.308346 1.233738 0.412376 0.151487 1.298036 0.155727 0.398890 
1.257813 0.410551 0.138457 1.750491 0.239278 0.071603 1.313130 0.675700 0.177627 1.581069 0.060913 0.278270 1.421520 0.067175 0.409201 1.528868 -0.017119 0.369148 
1.279020 0.408966 0.135685 1.776603 0.211265 0.048576 1.531601 0.005251 0.377484 1.334144 0.664598 0.208491 1.607051 0.049770 0.265743 
1.295244 0.397126 0.135843 1.802258 0.195332 0.064359 1.573351 0.001068 0.418349 1.348552 0.646334 0.201644 1.635796 0.042869 0.274171 1.638686 0.057808 0.340254 
1.308884 0.387254 0.136386 1.823187 0.165708 0.087850 1.606007 0.014910 0.466543 1.645806 0.058814 0.298938 1.362303 0.633421 0.194635 1.695809 0.067711 0.391586 
1.320255 0.370507 0.137753 1.846529 0.148782 0.103873 1.651557 0.022010 0.498708 1.659272 0.080297 0.304951 1.372751 0.616494 0.184160 1.774540 0.085339 0.430050 
1.331063 0.343925 0.138022 1.673586 0.092760 0.294814 1.868934 0.143666 0.106165 1.697233 0.016790 0.510176 1.377689 0.594300 0.185101 1.848444 0.100300 0.443257 
1.341903 0.324815 0.135850 1.688307 0.085274 0.281955 1.888455 0.139920 0.101041 1.724436 -0.003626 0.500220 1.382643 0.576596 0.190939 1.883337 0.090764 0.433092 
1.350551 0.321359 0.134651 1.701331 0.071834 0.272358 1.903138 0.135780 0.097088 1.737246 -0.027989 0.483115 1.387666 0.565558 0.202484 1.893928 0.068607 0.416704 
1.356819 0.321481 0.133780 1.710120 0.059120 0.267737 1.911907 0.131173 0.095480 1.739536 -0.045671 0.470323 1.392337 0.558498 0.209561 1.891041 0.049400 0.406034 
1.360475 0.315368 0.132971 1.714550 0.050551 0.266538 1.916643 0.126803 0.095929 1.740726 -0.055794 0.466667 1.394384 0.550386 0.211864 1.890349 0.039759 0.405063 
1.361605 0.306431 0.132117 1.715451 0.044451 0.266455 1.918155 0.123285 0.097086 1.740568 -0.062463 0.466992 1.393950 0.542225 0.212054 1.890265 0.034973 0.408681 
1.360677 0.298246 0.131146 1.713827 0.039324 0.265822 1.917401 0.120132 0.097839 1.738364 -0.068557 0.466764 1.391691 0.535294 0.212482 1.888860 0.030367 0.410900 
1.359314 0.293385 0.129852 1.711156 0.035337 0.263126 1.916458 0.118121 0.097606 1.734636 -0.075531 0.462845 1.389693 0.531556 0.214126 1.886455 0.024376 0.409347 
1.357945 0.288193 0.128040 1.708105 0.032154 0.258368 1.915654 0.117494 0.096602 1.731591 -0.083493 0.456717 1.387373 0.527981 0.216839 1.885832 0.018483 0.406380 
1.914767 0.117203 0.095563 1.728346 -0.092111 0.449895 1.885296 0.012395 0.403485 1.704704 0.028941 0.252963 1.384619 0.523705 0.219914 1.356487 0.282493 0.125796 
1.913787 0.116567 0.094893 1.724053 -0.101652 0.442454 1.883061 0.005106 0.400757 1.701272 0.024741 0.247604 1.381533 0.518705 0.223233 1.354895 0.276835 0.123194 
1.912781 0.115355 0.094446 1.718896 -0.112782 0.433668 1.879035 -0.004200 0.397311 1.697967 0.019111 0.241892 1.378013 0.512723 0.226721 1.353045 0.271655 0.120159 
1.911986 0.113628 0.094325 1.713180 -0.125565 0.423260 1.873604 -0.015516 0.392972 1.694955 0.012165 0.235645 1.374359 0.505612 0.230519 1.351247 0.267029 0.116880 
1.911292 0.111826 0.094391 1.707142 -0.139583 0.411176 1.867421 -0.028130 0.387935 1.692026 0.004448 0.228617 1.370321 0.497338 0.235079 1.349426 0.262468 0.113402 
1.910718 0.110116 0.094391 1.701010 -0.154870 0.396666 1.860977 -0.042024 0.381475 1.689169 -0.003907 0.220186 1.365572 0.487614 0.240058 1.347573 0.257194 0.109147 
1.910226 0.108481 0.094200 1.695069 -0.171451 0.379084 1.854466 -0.057338 0.372788 1.686406 -0.012798 0.209940 1.360050 0.476308 0.245350 1.345554 0.251901 0.104141 
1.909911 0.106822 0.093797 1.689398 -0.189122 0.358213 1.848264 -0.073943 0.361951 1.683821 -0.022165 0.197718 1.353679 0.463162 0.250669 1.343635 0.245195 0.097771 
1.909558 0.104881 0.093187 1.683758 -0.207400 0.333945 1.841727 -0.091766 0.348666 1.681340 -0.031875 0.183553 1.346717 0.448368 0.255569 1.341718 0.238455 0.090286 
1.909110 0.102924 0.092566 1.678481 -0.225901 0.305558 1.835329 -0.110419 0.332495 1.679072 -0.041493 0.167051 1.338793 0.431514 0.260003 1.339921 0.231203 0.081237 
1.908455 0.101248 0.091436 1.674128 -0.244107 0.272665 1.829547 -0.129560 0.313394 1.677220 -0.050556 0.147694 1.330007 0.412365 0.263517 1.338479 0.223385 0.070145 
1.909777 0.098942 0.091604 1.673117 -0.261912 0.230550 1.824181 -0.149990 0.283001 1.678881 -0.060294 0.125229 1.319414 0.389855 0.267579 1.337081 0.220121 0.060857 
1.911776 0.093442 0.096482 1.673187 -0.275847 0.189301 1.815670 -0.168124 0.248729 1.684904 -0.073333 0.105893 1.308599 0.367576 0.269126 1.335488 0.219536 0.054396 
1.908503 0.085907 0.103005 1.665708 -0.286533 0.163237 1.800990 -0.183970 0.230233 1.684979 -0.084607 0.093631 1.298817 0.350552 0.267075 1.333322 0.218949 0.048048 
1.900947 0.077687 0.109895 1.651559 -0.295479 0.146869 1.780386 -0.199336 0.223154 1.679485 -0.094173 0.085850 1.290212 0.339764 0.262274 1.330896 0.217542 0.040407 
1.891330 0.069694 0.116349 1.635109 -0.302895 0.133481 1.757503 -0.213371 0.218235 1.671797 -0.102711 0.079416 1.282547 0.333557 0.255307 1.328388 0.215888 0.031561 
1.881685 0.062996 0.121510 1.621216 -0.309029 0.118935 1.738296 -0.225054 0.211400 1.663793 -0.108779 0.072127 1.274194 0.328073 0.248739 1.324947 0.214681 0.023236 
1.873862 0.057669 0.125612 1.726371 -0.233474 0.199704 1.657395 -0.111987 0.063237 1.263907 0.320389 0.243611 1.320867 0.213821 0.015820 1.570470 -0.252169 0.403433 1.536549 -0.172669 0.046618 
1.699805 -0.194870 0.057282 1.867624 0.053939 0.130027 1.532585 -0.171837 0.030678 1.252653 0.310675 0.239106 1.557565 -0.261379 0.100889 
1.862266 0.050634 0.134891 1.529828 -0.169151 0.015023 1.392951 0.320828 -0.028071 1.742909 -0.272334 0.116081 1.241862 0.300772 0.234123 1.557608 -0.263528 0.081126 
1.857395 0.046536 0.140205 1.528065 -0.166220 0.000205 1.393980 0.321370 -0.029674 1.739634 -0.275661 0.104719 1.232930 0.292049 0.228246 1.557808 -0.265524 0.063186 
1.225683 0.284138 0.221967 1.557210 -0.267670 0.046098 1.394910 0.322539 -0.029184 1.736129 -0.279867 0.093873 1.852526 0.040791 0.145457 1.526973 -0.164462 -0.013851 
1.222029 0.283597 0.218297 1.546898 -0.270977 0.039241 1.398578 0.319368 -0.033940 1.728584 -0.286762 0.092762 1.846101 0.030521 0.152005 1.527434 -0.173522 -0.019215 
1.222647 0.283875 0.215113 1.541931 -0.278886 0.042849 1.407220 0.314717 -0.039314 1.722994 -0.293381 0.097364 1.841128 0.023960 0.159951 1.526244 -0.175887 -0.020585 
1.225880 0.285004 0.217510 1.541151 -0.280844 0.044125 1.416673 0.316037 -0.035815 1.719995 -0.296267 0.099898 1.840457 0.018286 0.168599 1.526929 -0.174123 -0.020136 
1.230591 0.287920 0.226095 1.536465 -0.276026 0.040984 1.424566 0.322461 -0.024198 1.716410 -0.296339 0.098204 1.841578 0.013418 0.176171 1.528503 -0.172343 -0.019352 
1.235323 0.290409 0.237966 1.843764 0.009139 0.182435 1.429926 0.329404 -0.009348 1.713726 -0.295916 0.095651 1.531914 -0.269964 0.037888 1.529668 -0.170617 -0.017721 
1.239927 0.290312 0.249858 1.846999 0.004951 0.187341 1.433927 0.333794 0.004841 1.713309 -0.296520 0.094338 1.531189 -0.266487 0.037003 1.530477 -0.168741 -0.015063 
1.245724 0.288904 0.259454 1.850794 0.000966 0.190899 1.438569 0.334578 0.014955 1.714583 -0.299219 0.095150 1.532899 -0.267625 0.039439 1.531190 -0.167227 -0.011872 
1.253076 0.287273 0.266773 1.855469 -0.002935 0.192936 1.444038 0.332876 0.021086 1.717351 -0.303679 0.097676 1.536894 -0.272729 0.044677 1.531883 -0.165836 -0.008233 
1.261789 0.285933 0.270353 1.862247 -0.006764 0.193986 1.451363 0.330593 0.024081 1.721025 -0.308623 0.101453 1.544510 -0.280523 0.052338 1.532441 -0.163302 -0.003783 
1.270517 0.285543 0.269976 1.868823 -0.009836 0.193751 1.459301 0.327673 0.022752 1.724603 -0.313766 0.106211 1.552616 -0.290383 0.062127 1.532933 -0.160793 0.000399 
1.278338 0.286605 0.267190 1.874465 -0.011762 0.191851 1.466330 0.325301 0.018681 1.727464 -0.317795 0.110145 1.558956 -0.298445 0.070749 1.533533 -0.158978 0.003197 
1.285009 0.289334 0.262442 1.879242 -0.013384 0.187579 1.471954 0.324064 0.012666 1.729039 -0.320140 0.111290 1.562295 -0.301982 0.074455 1.534441 -0.159124 0.003658 
1.291072 0.293615 0.255180 1.883027 -0.014399 0.181718 1.476902 0.323268 0.004044 1.729648 -0.321291 0.110987 1.563125 -0.302674 0.075109 1.535588 -0.160485 0.002213 
1.296196 0.299273 0.245104 1.885807 -0.014124 0.175378 1.481425 0.323042 -0.007052 1.729609 -0.320966 0.110674 1.563134 -0.302014 0.075308 1.536526 -0.161225 -0.000104 
1.300048 0.306241 0.233772 1.887654 -0.011989 0.169015 1.485086 0.323954 -0.019316 1.729392 -0.318806 0.110259 1.562798 -0.299500 0.074761 1.537389 -0.160766 -0.003070 
1.302723 0.314337 0.221664 1.888824 -0.008901 0.161472 1.487514 0.326449 -0.031911 1.728403 -0.314850 0.108103 1.560937 -0.294019 0.071403 1.538095 -0.160482 -0.006951 
1.304360 0.323448 0.215845 1.889524 -0.005072 0.153342 1.486942 0.331170 -0.038455 1.726554 -0.307598 0.100545 1.556064 -0.279843 0.058596 1.538625 -0.160651 -0.011606 
1.304911 0.332700 0.216718 1.544541 -0.262461 0.046533 1.484374 0.343578 -0.034380 1.721137 -0.298443 0.090906 1.889152 -0.001016 0.146806 1.538161 -0.161169 -0.014857 
1.306202 0.340927 0.216778 1.536382 -0.251840 0.041692 1.483705 0.349848 -0.034473 1.717207 -0.291590 0.085835 1.888083 0.003513 0.142839 1.537460 -0.160469 -0.016569 
1.304626 0.343589 0.217793 1.535521 -0.247574 0.041239 1.479741 0.354161 -0.032312 1.717547 -0.287657 0.085317 1.887225 0.008188 0.141591 1.536911 -0.157522 -0.016459 
1.302850 0.344205 0.218221 1.538127 -0.248248 0.044561 1.477910 0.353971 -0.033705 1.719493 -0.285693 0.087659 1.886634 0.012795 0.142189 1.536584 -0.153617 -0.015351 
1.302230 0.344050 0.218510 1.541995 -0.249754 0.047966 1.477165 0.354154 -0.033881 1.722602 -0.284536 0.090239 1.887059 0.016277 0.143449 1.537662 -0.150431 -0.014312 
1.302052 0.343286 0.218863 1.546080 -0.250087 0.048736 1.476845 0.354593 -0.033431 1.726081 -0.283746 0.091274 1.888395 0.018227 0.143990 1.539666 -0.148861 -0.013986 
1.302081 0.342419 0.219359 1.549567 -0.249233 0.047355 1.476521 0.354967 -0.032806 1.729196 -0.283203 0.091000 1.890041 0.019016 0.143715 1.541703 -0.148431 -0.014181 
1.302294 0.341612 0.220034 1.552170 -0.248207 0.045745 1.475796 0.355862 -0.031273 1.731557 -0.282977 0.090467 1.891547 0.019162 0.143167 1.543140 -0.148284 -0.014334 
1.302325 0.340809 0.220725 1.553828 -0.247374 0.044512 1.474606 0.357213 -0.028994 1.733136 -0.282973 0.090161 1.892504 0.019102 0.142843 1.543944 -0.148122 -0.014401 
1.302386 0.340646 0.220958 1.554270 -0.247065 0.044048 1.474228 0.357636 -0.028210 1.733583 -0.283068 0.090127 1.892767 0.018979 0.142858 1.544149 -0.148059 -0.014444 
1.302407 0.340906 0.220940 1.554275 -0.246940 0.043762 1.474264 0.357568 -0.028323 1.733677 -0.283168 0.090190 1.892681 0.018806 0.143183 1.544265 -0.148048 -0.014603 
1.302214 0.341137 0.220774 1.554319 -0.246951 0.043441 1.474425 0.357368 -0.028754 1.733704 -0.283289 0.090320 1.892426 0.018589 0.143722 1.544444 -0.148135 -0.014857 
1.301892 0.341208 0.220545 1.554388 -0.247013 0.043097 1.474590 0.357194 -0.029147 1.733684 -0.283406 0.090459 1.892097 0.018372 0.144323 1.544627 -0.148253 -0.015144 
1.301549 0.341171 0.220354 1.554321 -0.247095 0.042859 1.474718 0.357067 -0.029435 1.733618 -0.283532 0.090610 1.891749 0.018197 0.144874 1.544771 -0.148378 -0.015389 
1.301235 0.341007 0.220238 1.554301 -0.247163 0.042694 1.474772 0.357031 -0.029519 1.733594 -0.283653 0.090747 1.891502 0.018048 0.145301 1.544874 -0.148445 -0.015548 
1.300999 0.340793 0.220201 1.554411 -0.247185 0.042541 1.474766 0.357059 -0.029459 1.733653 -0.283754 0.090840 1.891405 0.017919 0.145577 1.544953 -0.148446 -0.015633 
1.300870 0.340589 0.220230 1.554573 -0.247173 0.042435 1.474715 0.357130 -0.029298 1.733755 -0.283827 0.090888 1.891431 0.017832 0.145695 1.544999 -0.148405 -0.015650 
1.300838 0.340522 0.220248 1.554615 -0.247160 0.042408 1.474691 0.357161 -0.029227 1.733788 -0.283848 0.090896 1.891455 0.017816 0.145710 1.545005 -0.148386 -0.015644 
1.300835 0.340521 0.220246 1.554615 -0.247159 0.042408 1.474690 0.357163 -0.029222 1.733787 -0.283850 0.090898 1.891454 0.017816 0.145716 1.545005 -0.148385 -0.015643 
1.300832 0.340520 0.220245 1.554614 -0.247159 0.042408 1.474690 0.357164 -0.029221 1.733786 -0.283850 0.090901 1.891452 0.017816 0.145720 1.545005 -0.148385 -0.015643 
1.300830 0.340520 0.220243 1.554613 -0.247159 0.042409 1.474690 0.357164 -0.029220 1.733785 -0.283850 0.090902 1.891451 0.017816 0.145724 1.545005 -0.148385 -0.015643 
1.300828 0.340519 0.220242 1.554613 -0.247159 0.042409 1.474690 0.357165 -0.029218 1.733785 -0.283851 0.090904 1.891450 0.017816 0.145728 1.545005 -0.148385 -0.015642 
1.300824 0.340517 0.220242 1.554612 -0.247159 0.042409 1.474688 0.357167 -0.029212 1.733785 -0.283854 0.090906 1.891450 0.017816 0.145732 1.545004 -0.148383 -0.015640 
1.300819 0.340512 0.220241 1.554611 -0.247158 0.042409 1.474684 0.357173 -0.029198 1.733786 -0.283859 0.090908 1.891451 0.017816 0.145735 1.545002 -0.148378 -0.015637 
1.300812 0.340506 0.220241 1.554610 -0.247157 0.042410 1.474678 0.357181 -0.029178 1.733789 -0.283866 0.090910 1.891454 0.017817 0.145739 1.544998 -0.148371 -0.015632 
1.300804 0.340498 0.220241 1.554609 -0.247155 0.042410 1.474672 0.357190 -0.029156 1.733791 -0.283875 0.090912 1.891457 0.017818 0.145743 1.544994 -0.148363 -0.015627 
1.300795 0.340491 0.220242 1.554608 -0.247153 0.042411 1.474665 0.357199 -0.029134 1.733794 -0.283883 0.090914 1.891460 0.017819 0.145747 1.544989 -0.148355 -0.015621 
1.300788 0.340483 0.220242 1.554607 -0.247151 0.042411 1.474659 0.357208 -0.029114 1.733797 -0.283891 0.090916 1.891463 0.017820 0.145750 1.544986 -0.148348 -0.015616 
1.300782 0.340478 0.220242 1.554606 -0.247150 0.042411 1.474654 0.357215 -0.029096 1.733799 -0.283898 0.090918 1.891465 0.017821 0.145753 1.544982 -0.148342 -0.015611 
1.300776 0.340473 0.220242 1.554605 -0.247148 0.042411 1.474650 0.357221 -0.029082 1.733801 -0.283903 0.090919 1.891467 0.017822 0.145755 1.544980 -0.148337 -0.015608 
1.300772 0.340469 0.220243 1.554595 -0.247136 0.042398 1.474646 0.357226 -0.029070 1.733800 -0.283907 0.090914 1.891468 0.017825 0.145755 1.544979 -0.148337 -0.015611 
1.300768 0.340465 0.220243 1.554574 -0.247110 0.042369 1.474642 0.357231 -0.029057 1.733797 -0.283909 0.090902 1.891468 0.017833 0.145752 1.544980 -0.148343 -0.015621 
1.300763 0.340461 0.220244 1.554546 -0.247076 0.042330 1.474638 0.357236 -0.029045 1.733792 -0.283910 0.090886 1.891467 0.017844 0.145747 1.544983 -0.148352 -0.015636 
1.300758 0.340456 0.220245 1.554516 -0.247039 0.042288 1.474634 0.357241 -0.029031 1.733787 -0.283911 0.090869 1.891466 0.017855 0.145742 1.544985 -0.148361 -0.015651 
1.300752 0.340451 0.220245 1.554486 -0.247002 0.042246 1.474630 0.357247 -0.029017 1.733781 -0.283912 0.090852 1.891464 0.017865 0.145739 1.544987 -0.148369 -0.015666 
1.300740 0.340444 0.220240 1.554456 -0.246967 0.042205 1.474627 0.357253 -0.029003 1.733773 -0.283913 0.090837 1.891456 0.017874 0.145744 1.544990 -0.148377 -0.015682 
1.300722 0.340434 0.220232 1.554428 -0.246935 0.042165 1.474625 0.357258 -0.028990 1.733763 -0.283913 0.090826 1.891444 0.017880 0.145755 1.544992 -0.148382 -0.015698 
1.300703 0.340425 0.220223 1.554401 -0.246905 0.042127 1.474622 0.357264 -0.028977 1.733752 -0.283913 0.090816 1.891430 0.017884 0.145770 1.544993 -0.148387 -0.015713 
1.300685 0.340415 0.220214 1.554374 -0.246874 0.042089 1.474620 0.357270 -0.028964 1.733742 -0.283913 0.090806 1.891417 0.017889 0.145783 1.544995 -0.148392 -0.015728 
1.300669 0.340407 0.220207 1.554345 -0.246842 0.042050 1.474617 0.357276 -0.028948 1.733732 -0.283913 0.090794 1.891406 0.017895 0.145794 1.544997 -0.148397 -0.015744 
