1.627502 -0.241803 0.004722 1.978772 -0.055636 0.004972 1.934538 -0.184993 0.005030 1.777829 0.018523 0.004828 1.528708 -0.051756 0.004934 1.651264 0.011679 0.004916 
1.627502 -0.241802 0.004746 1.978772 -0.055637 0.004969 1.934541 -0.184995 0.005026 1.777827 0.018517 0.004840 1.528708 -0.051756 0.004940 1.651264 0.011679 0.004922 
1.627504 -0.241800 0.004766 1.978803 -0.055640 0.004932 1.934572 -0.184998 0.004963 1.777858 0.018514 0.004809 1.528717 -0.051751 0.004945 1.651275 0.011681 0.004926 
1.627503 -0.241800 0.004780 1.978803 -0.055640 0.004934 1.934572 -0.184998 0.004963 1.777858 0.018514 0.004824 1.528716 -0.051751 0.004946 1.651274 0.011681 0.004933 
1.627506 -0.241800 0.004790 1.978813 -0.055648 0.004946 1.934588 -0.185008 0.004982 1.777864 0.018497 0.004810 1.528715 -0.051753 0.004944 1.651272 0.011682 0.004941 
1.627524 -0.241803 0.004790 1.978815 -0.055651 0.004959 1.934595 -0.185012 0.004982 1.777865 0.018488 0.004831 1.528740 -0.051752 0.004854 1.651299 0.011677 0.004933 
1.627524 -0.241803 0.004802 1.978812 -0.055645 0.005120 1.934594 -0.185008 0.005103 1.777859 0.018488 0.004875 1.528740 -0.051752 0.004860 1.651299 0.011677 0.004940 
1.627535 -0.241733 0.004591 1.978807 -0.055656 0.005737 1.934602 -0.185023 0.005619 1.777848 0.018458 0.004986 1.528743 -0.051686 0.004828 1.651300 0.011748 0.005095 
1.627518 -0.241732 0.004595 1.978779 -0.055648 0.006794 1.934580 -0.185017 0.006481 1.777823 0.018459 0.005199 1.528729 -0.051683 0.004839 1.651286 0.011749 0.005120 
1.627512 -0.241734 0.004624 1.978770 -0.055700 0.008003 1.934614 -0.185083 0.007528 1.777801 0.018342 0.005393 1.528722 -0.051686 0.004833 1.651278 0.011747 0.005296 
1.627497 -0.241741 0.004652 1.978727 -0.055746 0.009508 1.934590 -0.185134 0.008761 1.777767 0.018272 0.005709 1.528706 -0.051693 0.004838 1.651260 0.011738 0.005774 
1.627476 -0.241751 0.004679 1.978746 -0.055759 0.011326 1.934628 -0.185150 0.010164 1.777812 0.018245 0.006161 1.528683 -0.051704 0.004842 1.651231 0.011725 0.006468 
1.627449 -0.241764 0.004703 1.979651 -0.056227 0.013746 1.935663 -0.185658 0.012146 1.778709 0.017595 0.006639 1.528655 -0.051718 0.004845 1.651192 0.011706 0.007319 
1.627418 -0.241779 0.004724 1.982138 -0.057776 0.017064 1.938362 -0.187273 0.015064 1.781207 0.015743 0.007092 1.528623 -0.051734 0.004847 1.651141 0.011681 0.008309 
1.627383 -0.241798 0.004743 1.986046 -0.060415 0.021351 1.942528 -0.189992 0.018940 1.785204 0.012731 0.007568 1.528586 -0.051753 0.004849 1.651073 0.011647 0.009460 
1.627343 -0.241818 0.004759 1.991251 -0.064028 0.026829 1.948204 -0.193756 0.024065 1.790551 0.008400 0.008084 1.528545 -0.051774 0.004853 1.650990 0.011604 0.010727 
1.627297 -0.241842 0.004773 1.996208 -0.067964 0.033065 1.953531 -0.197804 0.029888 1.528498 -0.051799 0.004857 1.795825 0.003905 0.009413 1.650880 0.011547 0.012217 
1.627256 -0.241863 0.004790 1.999456 -0.071198 0.037010 1.956913 -0.201068 0.033319 1.528456 -0.051820 0.004869 1.799511 0.000507 0.009476 1.650770 0.011491 0.013536 
1.627237 -0.241873 0.004801 2.000075 -0.072440 0.038652 1.957410 -0.202251 0.034320 1.528438 -0.051829 0.004878 1.800435 -0.000433 0.009729 1.650719 0.011464 0.014122 
1.620783 -0.233046 0.005719 2.005798 -0.076802 0.044839 1.961415 -0.205995 0.039444 1.504864 -0.052937 0.004524 1.807179 -0.001919 0.016196 1.619782 0.020867 0.024290 
1.573137 -0.232518 0.004836 2.037311 -0.084407 0.061051 1.993361 -0.213748 0.055662 1.447935 -0.058791 0.009454 1.839732 -0.010294 0.024340 1.559662 0.021069 0.022999 
1.551815 -0.232813 0.004835 2.082199 -0.084306 0.078884 2.041076 -0.214443 0.070955 1.432092 -0.055228 0.007610 1.887477 -0.014012 0.023930 1.546532 0.021511 0.015276 
1.551989 -0.232753 0.004829 2.107968 -0.084573 0.092404 2.067748 -0.214867 0.082623 1.434393 -0.053753 0.007606 1.916285 -0.015071 0.026793 1.549831 0.021722 0.012261 
1.552029 -0.232783 0.004823 2.112513 -0.087529 0.095573 2.073068 -0.218101 0.086368 1.434158 -0.054005 0.009596 1.921800 -0.019589 0.025641 1.549502 0.021640 0.013777 
1.551992 -0.232794 0.004817 2.103045 -0.091415 0.092570 2.062653 -0.221761 0.084310 1.435284 -0.053243 0.009102 1.912308 -0.022533 0.023633 1.551095 0.021621 0.014307 
1.551921 -0.232781 0.004812 2.090510 -0.093560 0.090178 2.048902 -0.223568 0.082648 1.435496 -0.053006 0.006894 1.899591 -0.023166 0.023303 1.551360 0.021661 0.013563 
1.551840 -0.232779 0.004811 2.081166 -0.093708 0.091378 2.038832 -0.223509 0.084352 1.435162 -0.053158 0.004953 1.890394 -0.022467 0.024981 1.550803 0.021664 0.013487 
1.551785 -0.232815 0.004817 2.076238 -0.094572 0.096417 2.033447 -0.224255 0.090013 1.435105 -0.053194 0.004952 1.885973 -0.023025 0.028903 1.550639 0.021558 0.015349 
1.551738 -0.232845 0.004826 2.074739 -0.096953 0.103361 2.031649 -0.226579 0.097878 1.435058 -0.053224 0.004950 1.885333 -0.025592 0.033284 1.550487 0.021459 0.016890 
1.551703 -0.232867 0.004837 2.074594 -0.099198 0.110320 2.031382 -0.228823 0.105855 1.435023 -0.053247 0.004947 1.886093 -0.028408 0.037287 1.550363 0.021379 0.018051 
1.551679 -0.232882 0.004848 2.074443 -0.100617 0.115989 2.031323 -0.230307 0.112642 1.434999 -0.053262 0.004942 1.886646 -0.030792 0.040262 1.550275 0.021323 0.018828 
1.551667 -0.232890 0.004860 2.074699 -0.101496 0.120645 2.031878 -0.231311 0.118566 1.434987 -0.053269 0.004937 1.887499 -0.033064 0.042217 1.550229 0.021294 0.019210 
1.551660 -0.232894 0.004871 2.075342 -0.102250 0.124326 2.032846 -0.232186 0.123569 1.434981 -0.053273 0.004931 1.888761 -0.035333 0.043164 1.550203 0.021279 0.019418 
1.534381 -0.235126 0.006121 2.079455 -0.104306 0.133075 2.035142 -0.233636 0.132724 1.410754 -0.060649 0.018445 1.894026 -0.035102 0.051194 1.523453 0.018985 0.017338 
1.550186 -0.239814 0.005424 2.099255 -0.103354 0.149571 2.055981 -0.233035 0.150012 1.425400 -0.065866 0.012378 1.916682 -0.037306 0.059114 1.537675 0.014373 0.012477 
1.557874 -0.240695 0.004942 2.115873 -0.103346 0.161406 2.074198 -0.233526 0.163879 1.433638 -0.066215 0.004870 1.935727 -0.042133 0.063028 1.546194 0.013630 0.004892 
1.558206 -0.240649 0.004819 2.128362 -0.105859 0.171356 2.088612 -0.236524 0.177394 1.433807 -0.066285 0.005025 1.950534 -0.051277 0.065168 1.546288 0.013665 0.004903 
1.558206 -0.240649 0.004835 2.132498 -0.109386 0.176787 2.093111 -0.240003 0.185589 1.433807 -0.066285 0.005022 1.956847 -0.058541 0.065256 1.546287 0.013665 0.004906 
1.558240 -0.240623 0.004506 2.130092 -0.112109 0.178092 2.090468 -0.242470 0.189320 1.433879 -0.066233 0.004821 1.955690 -0.063554 0.063619 1.546377 0.013693 0.004841 
1.558523 -0.240700 0.004508 2.125265 -0.114261 0.178636 2.085221 -0.244267 0.192229 1.434155 -0.066315 0.004303 1.951752 -0.067587 0.062049 1.546649 0.013616 0.004749 
1.558503 -0.240648 0.004332 2.121784 -0.115941 0.181428 2.081338 -0.245541 0.197484 1.434159 -0.066245 0.004341 1.949558 -0.071542 0.062076 1.546665 0.013669 0.004933 
1.558706 -0.240516 0.003684 2.121191 -0.117236 0.187134 2.080500 -0.246405 0.205825 1.434398 -0.066088 0.003967 1.951005 -0.076018 0.063783 1.546917 0.013799 0.005249 
1.558727 -0.240703 0.004188 2.121816 -0.118243 0.193979 2.080919 -0.246906 0.215494 1.434413 -0.066280 0.003797 1.546928 0.013616 0.004816 
1.558717 -0.240690 0.004974 2.122701 -0.118719 0.200885 2.081609 -0.246789 0.225366 1.434407 -0.066266 0.003912 1.546922 0.013630 0.004838 
1.558694 -0.240661 0.006344 2.123144 -0.119131 0.207773 2.081749 -0.246472 0.235353 1.434393 -0.066243 0.004025 1.546908 0.013655 0.004865 
1.558655 -0.240613 0.008148 2.123398 -0.119196 0.215191 2.081631 -0.245669 0.246010 1.434374 -0.066211 0.004135 1.546889 0.013688 0.004895 
1.557892 -0.240317 0.006078 1.428322 -0.069764 0.005067 2.131971 -0.170233 0.218894 2.045598 -0.273627 0.242116 1.989090 -0.072367 0.092859 1.538356 0.013521 0.004667 
1.557602 -0.241034 0.005008 2.139615 -0.144002 0.246912 2.065189 -0.258677 0.246866 1.428620 -0.070033 0.004994 1.982558 -0.035886 0.149331 1.538939 0.012875 0.004964 
1.554240 -0.243836 0.004865 2.137579 -0.122702 0.257077 2.067872 -0.240172 0.262684 1.963480 -0.016521 0.191556 1.428777 -0.070237 0.004823 1.540766 0.010400 0.004985 
1.551534 -0.246540 0.005113 2.127041 -0.092262 0.266200 2.062192 -0.212486 0.271728 1.947228 0.007863 0.206872 1.429729 -0.070354 0.004848 1.543381 0.007923 0.005189 
1.549167 -0.248330 0.005868 1.919408 0.029013 0.206389 2.102755 -0.069250 0.257441 2.039660 -0.190304 0.264836 1.429837 -0.070462 0.004870 1.544570 0.006221 0.005039 
1.545946 -0.250668 0.008750 1.898080 0.060107 0.174953 2.079943 -0.032006 0.240671 2.017915 -0.153191 0.253186 1.430111 -0.070543 0.004891 1.546291 0.003914 0.006410 
1.534924 -0.257316 0.010566 1.867786 0.145887 0.143685 2.055678 0.074140 0.217349 2.010170 -0.054774 0.217433 1.429932 -0.070709 0.004901 1.550118 -0.003178 0.011145 
1.795277 0.218394 0.122099 1.521822 -0.264114 0.010623 1.429756 -0.070803 0.004907 1.996531 0.201537 0.193448 1.646051 -0.208248 0.022285 1.987056 0.065226 0.197840 
1.513340 -0.268011 0.012305 1.703054 0.267877 0.113489 1.429569 -0.071019 0.004939 1.907980 0.294361 0.169894 1.639590 -0.217386 0.026023 1.927672 0.159148 0.174329 
1.516128 -0.265969 0.021920 1.641516 0.249399 0.105700 1.429520 -0.070807 0.004940 1.850498 0.285819 0.135333 1.641460 -0.212857 0.034601 1.874481 0.152504 0.153819 
1.574020 0.263093 0.124401 1.513559 -0.265206 0.035913 1.429333 -0.070719 0.004955 1.638907 -0.212373 0.049559 1.783390 0.289373 0.087641 1.807254 0.156536 0.109430 
1.508315 -0.264504 0.049089 1.554551 0.271361 0.132150 1.427709 -0.070991 0.005122 1.634180 -0.212755 0.062124 1.755931 0.302388 0.066110 1.784616 0.169495 0.080481 
1.489122 -0.273572 0.064541 1.538698 0.279400 0.139780 1.409030 -0.083391 0.007144 1.616325 -0.223486 0.065272 1.716440 0.341527 0.037673 1.773811 0.218792 0.055962 
1.492420 -0.271876 0.077615 1.536836 0.313871 0.146502 1.407556 -0.086046 0.013248 1.618804 -0.220137 0.071302 1.703719 0.380791 0.030100 1.760234 0.256356 0.033533 
1.501491 -0.263143 0.094489 1.542114 0.328881 0.140492 1.409204 -0.083193 0.023928 1.626172 -0.209418 0.078415 1.705011 0.392986 0.017070 1.763095 0.269413 0.023840 
1.530716 -0.246453 0.100728 1.546376 0.362261 0.121794 1.432191 -0.071015 0.027298 1.653300 -0.187688 0.086244 1.722300 0.409795 0.009237 1.762261 0.279059 0.010224 
1.570103 -0.225007 0.109949 1.548621 0.391122 0.107113 1.468388 -0.052556 0.033841 1.690390 -0.160208 0.105273 1.736865 0.418797 0.008746 1.759593 0.283998 0.007153 
1.576589 -0.220803 0.129293 1.561947 0.403267 0.081181 1.473558 -0.051126 0.048844 1.696681 -0.156017 0.120890 1.761209 0.430402 0.007452 1.783544 0.295534 0.008621 
1.579500 0.409214 0.051691 1.578052 -0.218780 0.150276 1.473407 -0.052964 0.064065 1.698065 -0.155019 0.135410 1.787253 0.434418 0.006073 1.808460 0.299523 0.012680 
1.596827 0.410507 0.023230 1.579913 -0.215663 0.169151 1.473528 -0.053713 0.077870 1.699678 -0.153169 0.148163 1.808951 0.433918 0.004983 1.828117 0.299015 0.016109 
1.599132 0.409773 0.017735 1.584129 -0.211929 0.184130 1.476801 -0.053143 0.088499 1.703668 -0.150212 0.159812 1.811731 0.432165 0.004395 1.830181 0.297572 0.019698 
1.602237 0.410423 0.015082 1.592009 -0.207342 0.191054 1.483481 -0.050644 0.093355 1.711029 -0.144734 0.166470 1.814813 0.434425 0.004460 1.834207 0.300442 0.023492 
1.606778 0.415426 0.011498 1.598229 -0.203228 0.190961 1.488218 -0.047513 0.093348 1.716649 -0.139479 0.166411 1.819231 0.441741 0.004507 1.839746 0.307903 0.023381 
1.608825 0.421223 0.009780 1.604255 -0.199858 0.184412 1.492666 -0.044205 0.088508 1.722049 -0.134801 0.160288 1.821036 0.449805 0.004550 1.842811 0.315963 0.021926 
1.609070 0.425785 0.009002 1.609531 -0.197354 0.173458 1.496429 -0.041047 0.080432 1.726712 -0.130855 0.150296 1.821051 0.456159 0.004588 1.843881 0.322243 0.019926 
1.609232 0.428685 0.007967 1.612372 -0.196553 0.160394 1.498230 -0.038995 0.070812 1.729136 -0.128929 0.138419 1.821055 0.460268 0.004623 1.844572 0.326221 0.017592 
1.609306 0.434510 0.005325 1.618000 -0.201781 0.142368 1.501910 -0.044410 0.054990 1.733903 -0.132350 0.121493 1.820990 0.467176 0.004669 1.845068 0.332886 0.013410 
1.606184 0.444402 0.004968 1.623128 -0.203067 0.112647 1.504875 -0.043975 0.031507 1.738136 -0.131572 0.093900 1.817604 0.478748 0.004702 1.842766 0.344381 0.006164 
1.603855 0.446698 0.007069 1.623423 -0.204720 0.097219 1.505035 -0.042477 0.022791 1.738321 -0.132229 0.081946 1.815055 0.482368 0.007133 1.841057 0.348170 0.004992 
1.602666 0.444397 0.008366 1.620657 -0.205959 0.094359 1.504225 -0.041954 0.020712 1.736230 -0.134137 0.081152 1.813982 0.479366 0.008717 1.839540 0.345095 0.005897 
1.602387 0.442877 0.010084 1.619536 -0.206703 0.092515 1.503941 -0.041936 0.019254 1.735322 -0.134971 0.080767 1.813786 0.477324 0.011418 1.839026 0.343001 0.008241 
1.604018 0.441497 0.012278 1.618175 -0.207500 0.090509 1.503547 -0.041766 0.017912 1.734251 -0.136033 0.080088 1.815454 0.475588 0.015539 1.840504 0.341242 0.011840 
1.607432 0.439067 0.013994 1.616012 -0.208657 0.087468 1.502907 -0.041233 0.016375 1.732632 -0.137878 0.078524 1.819002 0.472021 0.019446 1.843384 0.337570 0.015185 
1.610826 0.436230 0.016170 1.613760 -0.209943 0.083900 1.502256 -0.040707 0.014592 1.730925 -0.139871 0.076669 1.822526 0.467868 0.023902 1.846143 0.333302 0.018997 
1.613561 0.434159 0.019611 1.611793 -0.211176 0.080258 1.501724 -0.040295 0.012712 1.729401 -0.141687 0.074837 1.825341 0.464590 0.029654 1.848293 0.329948 0.023782 
1.613370 0.434439 0.023370 1.611493 -0.211881 0.078162 1.501695 -0.040607 0.011177 1.729030 -0.142169 0.074266 1.825065 0.464661 0.035596 1.848008 0.330067 0.028678 
1.613904 0.430874 0.023222 1.611587 -0.212892 0.076579 1.502554 -0.041430 0.008827 1.729016 -0.142906 0.075116 1.825289 0.461735 0.038768 1.848691 0.327165 0.033026 
1.613697 0.427907 0.017768 1.609390 -0.214120 0.072923 1.501963 -0.041131 0.006500 1.727186 -0.144742 0.073700 1.825336 0.457084 0.033100 1.847623 0.322303 0.027904 
1.603666 0.426747 0.012053 1.610646 -0.213844 0.074393 1.500569 -0.042586 0.007823 1.727584 -0.143026 0.073800 1.815565 0.456575 0.021363 1.838035 0.321780 0.017484 
1.586694 0.429126 0.006558 1.607312 -0.211937 0.080790 1.491681 -0.044500 0.013916 1.722798 -0.139085 0.074047 1.798183 0.463033 0.007394 1.823071 0.328616 0.005848 
1.603547 -0.207422 0.092711 1.577849 0.432210 0.004941 1.482002 -0.044620 0.024886 1.717225 -0.132840 0.078402 1.788917 0.468650 0.004817 1.815410 0.334537 0.006107 
1.572111 0.436606 0.004997 1.611511 -0.206633 0.100657 1.488770 -0.046492 0.028775 1.724224 -0.130300 0.088055 1.782482 0.476882 0.004832 1.811411 0.343279 0.006626 
1.569809 0.443575 0.005005 1.623191 -0.207058 0.093428 1.499908 -0.048868 0.018228 1.735040 -0.129082 0.083461 1.779754 0.486014 0.005021 1.810057 0.352704 0.004956 
1.570689 0.444239 0.005904 1.619564 -0.207618 0.088185 1.499138 -0.046438 0.014727 1.732511 -0.130943 0.080852 1.780823 0.485725 0.005869 1.810521 0.352282 0.004963 
1.574717 0.444605 0.006632 1.614379 -0.208532 0.086340 1.497526 -0.044683 0.013015 1.728714 -0.133792 0.080752 1.785529 0.482504 0.006587 1.812947 0.348580 0.004965 
1.576542 0.444912 0.006208 1.612382 -0.208608 0.086229 1.496785 -0.044240 0.012078 1.727053 -0.134316 0.081644 1.787790 0.480285 0.007030 1.813609 0.346041 0.005683 
1.570687 0.444539 0.005894 1.610130 -0.209633 0.090160 1.492666 -0.047004 0.015116 1.724209 -0.134579 0.083634 1.781649 0.481590 0.005611 1.808529 0.347549 0.005280 
1.568241 0.443870 0.004953 1.609579 -0.211243 0.098306 1.490636 -0.050590 0.021360 1.723184 -0.135692 0.089593 1.779085 0.481584 0.004692 1.806388 0.347632 0.005750 
1.567248 0.442434 0.004956 1.612846 -0.212082 0.108408 1.492968 -0.053537 0.028594 1.725962 -0.135934 0.098603 1.777819 0.481644 0.004719 1.806070 0.347915 0.007571 
1.567287 0.440779 0.004959 1.618354 -0.211547 0.119927 1.497519 -0.055500 0.036706 1.730873 -0.134639 0.109229 1.777525 0.481737 0.004744 1.806874 0.348319 0.010069 
1.565994 0.438216 0.004969 1.626776 -0.209620 0.134636 1.503455 -0.057520 0.047832 1.737978 -0.131032 0.122476 1.775682 0.481903 0.004779 1.806729 0.349048 0.013473 
1.560832 0.439060 0.005014 1.637358 -0.211205 0.147820 1.510574 -0.064772 0.056382 1.746624 -0.130276 0.133626 1.769530 0.487256 0.004792 1.803410 0.355215 0.015140 
1.556127 0.446341 0.005009 1.646560 -0.212070 0.143322 1.517146 -0.068429 0.051144 1.754308 -0.129178 0.128863 1.764035 0.497836 0.004812 1.800043 0.366168 0.012344 
1.555732 0.454983 0.005272 1.648856 -0.208106 0.118067 1.518533 -0.061456 0.032116 1.756400 -0.124622 0.105639 1.763476 0.507138 0.004829 1.799945 0.375402 0.007152 
1.556702 0.459789 0.008636 1.647561 -0.206999 0.093352 1.517962 -0.054831 0.016368 1.755737 -0.123851 0.084747 1.764733 0.510771 0.007364 1.800440 0.378828 0.004957 
1.567404 0.457767 0.008668 1.640200 -0.209599 0.088696 1.515443 -0.052523 0.013593 1.750646 -0.129257 0.082642 1.776589 0.503800 0.009220 1.809173 0.371081 0.005531 
1.574289 0.454191 0.008267 1.636633 -0.211982 0.082882 1.514432 -0.051616 0.010582 1.748078 -0.132863 0.079755 1.784229 0.496604 0.010312 1.814540 0.363335 0.007078 
1.575086 0.454348 0.008429 1.634815 -0.212961 0.081151 1.513788 -0.051385 0.009573 1.746713 -0.134450 0.079019 1.785318 0.495295 0.010270 1.814696 0.361821 0.006876 
1.572172 0.458028 0.008909 1.635271 -0.213095 0.083131 1.513794 -0.052541 0.010031 1.746877 -0.134179 0.080629 1.782350 0.499262 0.010586 1.811908 0.365840 0.006750 
1.565591 0.465455 0.010564 1.637157 -0.211771 0.086815 1.514208 -0.053559 0.011118 1.747964 -0.131773 0.083350 1.775543 0.507853 0.011027 1.805815 0.374620 0.006274 
1.558016 0.474376 0.012706 1.639049 -0.209552 0.092292 1.514555 -0.054362 0.012952 1.749018 -0.128496 0.087164 1.767566 0.518697 0.011294 1.799005 0.385772 0.005614 
1.554114 0.482050 0.011488 1.641602 -0.206657 0.095104 1.515289 -0.053762 0.014199 1.750666 -0.124461 0.088870 1.763449 0.527377 0.010059 1.795532 0.394586 0.004873 
1.640482 -0.203470 0.096442 1.554651 0.485546 0.009341 1.513694 -0.051200 0.015100 1.749424 -0.121185 0.089330 1.764306 0.529385 0.008474 1.795474 0.396324 0.004865 
1.634850 -0.200828 0.095161 1.555183 0.488162 0.009529 1.508648 -0.047242 0.015398 1.744353 -0.119326 0.087671 1.765218 0.530143 0.008631 1.795206 0.396815 0.004865 
1.628780 -0.200631 0.094313 1.555071 0.490434 0.010591 1.503660 -0.045716 0.015420 1.738953 -0.120040 0.086765 1.765464 0.530572 0.009444 1.794268 0.397008 0.004876 
1.623396 -0.201077 0.093539 1.554133 0.492313 0.012074 1.499490 -0.044946 0.015128 1.734184 -0.121306 0.086292 1.764830 0.530807 0.010437 1.792567 0.397054 0.004885 
1.621577 -0.201895 0.094795 1.556908 0.487152 0.008168 1.498967 -0.045717 0.014465 1.732686 -0.122505 0.088326 1.767817 0.524505 0.008121 1.794884 0.390530 0.005328 
1.557255 0.485945 0.005620 1.620472 -0.202745 0.097730 1.498701 -0.047245 0.014847 1.731800 -0.123685 0.090996 1.768196 0.523118 0.005699 1.795155 0.389094 0.004933 
1.557118 0.486647 0.004988 1.621518 -0.202622 0.100568 1.500205 -0.048127 0.015175 1.732850 -0.123583 0.093655 1.768092 0.523630 0.004997 1.794930 0.389580 0.005008 
1.556969 0.486960 0.004945 1.622835 -0.204213 0.103002 1.501958 -0.050585 0.015454 1.734120 -0.125094 0.096238 1.767985 0.523705 0.004868 1.794672 0.389625 0.005037 
1.556933 0.486962 0.005010 1.622773 -0.205413 0.103420 1.502434 -0.051893 0.014944 1.734128 -0.126357 0.097100 1.767986 0.523489 0.005297 1.794534 0.389381 0.005288 
1.554785 0.487422 0.005409 1.624127 -0.206827 0.100122 1.503087 -0.052983 0.013179 1.734960 -0.126936 0.095291 1.765622 0.525171 0.006146 1.792948 0.391220 0.005671 
1.549472 0.491297 0.007678 1.625036 -0.207675 0.098316 1.503611 -0.053967 0.011671 1.735347 -0.126988 0.094994 1.760294 0.529135 0.007970 1.787675 0.395216 0.005593 
1.543123 0.496691 0.012539 1.625744 -0.207503 0.098739 1.503961 -0.054789 0.010846 1.735482 -0.126007 0.096303 1.753829 0.535172 0.012504 1.781607 0.401376 0.008402 
1.538149 0.502616 0.017901 1.626946 -0.206655 0.100399 1.504447 -0.055566 0.010711 1.735975 -0.124206 0.098233 1.748542 0.542761 0.018934 1.777393 0.409251 0.013237 
1.534664 0.506852 0.019840 1.628603 -0.205715 0.102184 1.505079 -0.056240 0.011208 1.736990 -0.122436 0.099593 1.744517 0.549639 0.022791 1.775102 0.416562 0.016089 
1.532038 0.506182 0.017123 1.630715 -0.205799 0.101498 1.505941 -0.057069 0.011006 1.738425 -0.121641 0.099086 1.741580 0.550478 0.019847 1.773113 0.417601 0.013602 
1.528482 0.500415 0.007397 1.633566 -0.205132 0.102355 1.506866 -0.058012 0.011907 1.740434 -0.119938 0.099017 1.737962 0.545092 0.007364 1.769681 0.412135 0.004875 
1.527908 0.499262 0.004953 1.638233 -0.203032 0.106572 1.509035 -0.058985 0.014723 1.744114 -0.116756 0.100613 1.737135 0.545106 0.004965 1.769600 0.412306 0.005128 
1.526230 0.499904 0.004967 1.645298 -0.202994 0.111325 1.514152 -0.061904 0.017668 1.749942 -0.115289 0.104442 1.735118 0.547269 0.004987 1.768548 0.414709 0.005003 
1.523207 0.499651 0.005113 1.650020 -0.204602 0.112454 1.517830 -0.065211 0.017724 1.753811 -0.115888 0.105596 1.731591 0.549186 0.005127 1.766399 0.416981 0.004921 
1.519098 0.500674 0.006367 1.653297 -0.206906 0.107360 1.519485 -0.067967 0.014257 1.756022 -0.116880 0.101631 1.727186 0.551437 0.006403 1.762771 0.419446 0.004977 
1.653402 -0.207786 0.105813 1.514596 0.503167 0.009126 1.519557 -0.068719 0.012949 1.755765 -0.117276 0.101406 1.722759 0.553618 0.008334 1.758129 0.421599 0.005209 
1.511720 0.506172 0.011143 1.653185 -0.207500 0.106568 1.519577 -0.068894 0.012678 1.755401 -0.116807 0.102500 1.719839 0.556799 0.010221 1.755312 0.424826 0.006411 
1.509202 0.510035 0.011838 1.653715 -0.206476 0.108379 1.519614 -0.069094 0.013401 1.755590 -0.115432 0.103648 1.717161 0.561307 0.010537 1.753029 0.429457 0.006201 
1.654410 -0.204851 0.111245 1.507538 0.512777 0.010285 1.519541 -0.069187 0.014894 1.755923 -0.113487 0.105103 1.715437 0.564287 0.008618 1.751458 0.432459 0.004937 
1.654620 -0.203566 0.112706 1.507432 0.513010 0.008356 1.519229 -0.068739 0.015913 1.755988 -0.112113 0.105582 1.715286 0.564701 0.006814 1.751446 0.432873 0.004938 
1.507519 0.512881 0.007837 1.653820 -0.203873 0.112409 1.519022 -0.068423 0.015659 1.755517 -0.112765 0.105551 1.715322 0.564781 0.006380 1.751619 0.432985 0.004939 
1.508859 0.513535 0.007071 1.651351 -0.204680 0.111632 1.518276 -0.067805 0.014501 1.753754 -0.114284 0.105972 1.716809 0.564859 0.006651 1.752746 0.432967 0.004941 
1.510008 0.513907 0.006718 1.648575 -0.205474 0.110909 1.517542 -0.067257 0.012909 1.751618 -0.115718 0.106913 1.718237 0.564089 0.006717 1.753452 0.432004 0.004943 
1.511083 0.514178 0.006446 1.645864 -0.205853 0.110961 1.516856 -0.066751 0.011535 1.749442 -0.116662 0.108433 1.719711 0.562675 0.006671 1.753860 0.430306 0.005174 
1.512057 0.514492 0.005645 1.643468 -0.205824 0.111725 1.516306 -0.066327 0.010491 1.747453 -0.117081 0.110350 1.721050 0.561380 0.006758 1.754181 0.428747 0.006069 
1.511039 0.516976 0.005591 1.643422 -0.205291 0.112791 1.516338 -0.066668 0.010268 1.747068 -0.116149 0.111718 1.720212 0.563031 0.007396 1.752817 0.430267 0.006762 
1.505680 0.525482 0.007928 1.642976 -0.204197 0.114504 1.515024 -0.067354 0.010676 1.745877 -0.114201 0.113091 1.714888 0.571368 0.009927 1.747402 0.438612 0.006988 
1.496633 0.536366 0.012127 1.636927 -0.202598 0.116705 1.507638 -0.067313 0.012494 1.739494 -0.112269 0.113479 1.705803 0.582465 0.012884 1.738420 0.449856 0.006500 
1.484866 0.543538 0.015430 1.626294 -0.198545 0.117314 1.495326 -0.063706 0.014633 1.728854 -0.108316 0.111849 1.694042 0.589544 0.012819 1.726470 0.456967 0.004970 
1.612305 -0.192290 0.115269 1.476895 0.546520 0.015702 1.479960 -0.056174 0.016098 1.715226 -0.102589 0.108141 1.686417 0.590834 0.011890 1.717760 0.457945 0.004971 
1.598442 -0.187372 0.112348 1.470327 0.548290 0.016848 1.465742 -0.049014 0.016821 1.702100 -0.098602 0.104299 1.680088 0.591314 0.011650 1.710581 0.458215 0.004962 
1.591632 -0.186907 0.111704 1.466888 0.549482 0.017665 1.459471 -0.047581 0.016839 1.695764 -0.098697 0.103611 1.676846 0.591481 0.012050 1.706663 0.458249 0.004964 
1.590389 -0.187266 0.111259 1.464583 0.550412 0.019473 1.458925 -0.047426 0.016182 1.694736 -0.099252 0.103841 1.674603 0.591957 0.012892 1.704070 0.458695 0.004968 
1.590098 -0.187286 0.111310 1.464329 0.551138 0.020099 1.458831 -0.047342 0.016112 1.694526 -0.099361 0.103968 1.674390 0.592422 0.013179 1.703668 0.459135 0.004970 
1.590053 -0.187152 0.111599 1.464400 0.551367 0.020389 1.458759 -0.047287 0.016323 1.694509 -0.099278 0.104047 1.674470 0.592544 0.013122 1.703672 0.459237 0.004971 
1.589996 -0.187056 0.111800 1.464417 0.551575 0.020557 1.458641 -0.047262 0.016504 1.694462 -0.099211 0.104061 1.674484 0.592735 0.013104 1.703669 0.459423 0.004972 
1.589923 -0.187037 0.111849 1.464421 0.551638 0.020585 1.458544 -0.047256 0.016568 1.694395 -0.099206 0.104042 1.674489 0.592789 0.013107 1.703668 0.459477 0.004973 
1.589902 -0.187036 0.111854 1.464407 0.551679 0.020599 1.458506 -0.047256 0.016593 1.694376 -0.099208 0.104019 1.674469 0.592861 0.013129 1.703667 0.459554 0.004974 
1.589918 -0.187042 0.111836 1.464386 0.551688 0.020605 1.458510 -0.047260 0.016596 1.694389 -0.099211 0.103998 1.674439 0.592917 0.013151 1.703667 0.459617 0.004976 
1.589915 -0.187053 0.111810 1.464345 0.551722 0.020624 1.458475 -0.047265 0.016621 1.694382 -0.099221 0.103943 1.674382 0.593035 0.013198 1.703662 0.459750 0.004977 
1.589949 -0.187073 0.111757 1.464309 0.551689 0.020617 1.458485 -0.047276 0.016616 1.694409 -0.099231 0.103894 1.674332 0.593086 0.013235 1.703665 0.459815 0.004976 
1.589995 -0.187098 0.111691 1.464267 0.551589 0.020588 1.458499 -0.047293 0.016607 1.694443 -0.099241 0.103835 1.674274 0.593077 0.013255 1.703665 0.459819 0.004977 
1.590052 -0.187125 0.111618 1.464220 0.551478 0.020537 1.458518 -0.047315 0.016592 1.694482 -0.099246 0.103774 1.674210 0.593061 0.013273 1.703663 0.459819 0.004979 
1.590114 -0.187148 0.111549 1.464171 0.551362 0.020479 1.458539 -0.047339 0.016580 1.694525 -0.099247 0.103715 1.674143 0.593045 0.013284 1.703662 0.459818 0.004980 
1.590180 -0.187165 0.111493 1.464120 0.551244 0.020416 1.458562 -0.047363 0.016573 1.694572 -0.099239 0.103664 1.674075 0.593030 0.013286 1.703660 0.459818 0.004981 
1.590215 -0.187171 0.111434 1.464076 0.551154 0.020368 1.458552 -0.047372 0.016571 1.694588 -0.099224 0.103605 1.674015 0.593024 0.013294 1.703656 0.459825 0.004982 
1.590248 -0.187184 0.111394 1.464048 0.551090 0.020335 1.458564 -0.047386 0.016561 1.694611 -0.099224 0.103574 1.673978 0.593015 0.013304 1.703655 0.459824 0.004983 
1.590265 -0.187193 0.111369 1.464028 0.551052 0.020319 1.458567 -0.047394 0.016557 1.694622 -0.099226 0.103552 1.673952 0.593015 0.013314 1.703653 0.459830 0.004984 
1.590278 -0.187196 0.111360 1.464018 0.551029 0.020308 1.458572 -0.047398 0.016556 1.694631 -0.099223 0.103543 1.673938 0.593012 0.013314 1.703653 0.459830 0.004984 
1.590281 -0.187196 0.111360 1.464016 0.551023 0.020305 1.458573 -0.047399 0.016557 1.694633 -0.099222 0.103542 1.673934 0.593012 0.013313 1.703653 0.459830 0.004985 
1.590281 -0.187195 0.111360 1.464016 0.551023 0.020305 1.458572 -0.047399 0.016558 1.694633 -0.099222 0.103543 1.673934 0.593012 0.013313 1.703653 0.459830 0.004985 
1.590281 -0.187195 0.111361 1.464016 0.551023 0.020305 1.458572 -0.047399 0.016558 1.694633 -0.099222 0.103543 1.673934 0.593012 0.013313 1.703653 0.459830 0.004985 
1.590281 -0.187195 0.111361 1.464016 0.551023 0.020305 1.458572 -0.047399 0.016558 1.694633 -0.099221 0.103543 1.673934 0.593012 0.013313 1.703653 0.459830 0.004985 
1.590280 -0.187195 0.111361 1.464016 0.551023 0.020305 1.458572 -0.047399 0.016559 1.694632 -0.099221 0.103543 1.673934 0.593012 0.013313 1.703653 0.459831 0.004985 
1.590280 -0.187195 0.111361 1.464016 0.551023 0.020305 1.458571 -0.047398 0.016559 1.694632 -0.099221 0.103543 1.673934 0.593012 0.013313 1.703653 0.459831 0.004985 
1.590280 -0.187195 0.111362 1.464016 0.551023 0.020305 1.458571 -0.047398 0.016559 1.694632 -0.099221 0.103544 1.673934 0.593012 0.013313 1.703653 0.459831 0.004985 
1.590279 -0.187195 0.111362 1.464016 0.551023 0.020305 1.458571 -0.047398 0.016559 1.694631 -0.099221 0.103544 1.673934 0.593012 0.013313 1.703653 0.459831 0.004985 
1.590279 -0.187194 0.111362 1.464017 0.551032 0.020308 1.458570 -0.047398 0.016560 1.694631 -0.099221 0.103544 1.673935 0.593023 0.013319 1.703655 0.459842 0.004985 
1.590279 -0.187194 0.111362 1.464017 0.551032 0.020308 1.458570 -0.047398 0.016560 1.694631 -0.099221 0.103544 1.673935 0.593023 0.013319 1.703655 0.459842 0.004985 
1.590279 -0.187194 0.111362 1.464017 0.551032 0.020308 1.458570 -0.047397 0.016560 1.694631 -0.099221 0.103544 1.673935 0.593023 0.013319 1.703655 0.459842 0.004985 
1.590278 -0.187194 0.111362 1.464017 0.551032 0.020309 1.458570 -0.047397 0.016560 1.694631 -0.099221 0.103544 1.673935 0.593023 0.013319 1.703655 0.459842 0.004985 
1.590278 -0.187194 0.111362 1.464017 0.551032 0.020309 1.458569 -0.047397 0.016560 1.694630 -0.099221 0.103544 1.673935 0.593023 0.013319 1.703655 0.459843 0.004985 
1.590277 -0.187194 0.111362 1.464017 0.551032 0.020309 1.458569 -0.047397 0.016560 1.694630 -0.099221 0.103544 1.673935 0.593023 0.013319 1.703655 0.459843 0.004985 
1.590277 -0.187194 0.111362 1.464017 0.551032 0.020309 1.458568 -0.047397 0.016561 1.694629 -0.099221 0.103544 1.673935 0.593023 0.013320 1.703655 0.459843 0.004985 
1.590255 -0.187193 0.111367 1.464015 0.551037 0.020312 1.458539 -0.047396 0.016575 1.694609 -0.099223 0.103532 1.673933 0.593030 0.013322 1.703654 0.459850 0.004986 
1.590255 -0.187193 0.111367 1.464015 0.551038 0.020313 1.458539 -0.047396 0.016575 1.694609 -0.099223 0.103532 1.673933 0.593030 0.013322 1.703654 0.459850 0.004986 
1.590255 -0.187193 0.111367 1.464017 0.551041 0.020314 1.458539 -0.047396 0.016575 1.694609 -0.099223 0.103532 1.673935 0.593031 0.013324 1.703654 0.459850 0.004986 
1.590196 -0.187178 0.111358 1.464014 0.551051 0.020321 1.458459 -0.047378 0.016601 1.694551 -0.099212 0.103495 1.673932 0.593044 0.013330 1.703652 0.459864 0.004986 
1.590175 -0.187166 0.111348 1.464013 0.551056 0.020324 1.458430 -0.047363 0.016607 1.694529 -0.099199 0.103478 1.673930 0.593051 0.013333 1.703651 0.459871 0.004986 
1.590153 -0.187165 0.111352 1.464011 0.551061 0.020328 1.458401 -0.047362 0.016621 1.694509 -0.099202 0.103466 1.673928 0.593057 0.013336 1.703651 0.459878 0.004986 
1.590153 -0.187165 0.111353 1.464011 0.551060 0.020330 1.458400 -0.047362 0.016621 1.694508 -0.099202 0.103467 1.673928 0.593057 0.013336 1.703651 0.459878 0.004986 
1.590090 -0.187127 0.111319 1.464009 0.551078 0.020345 1.458314 -0.047312 0.016637 1.694445 -0.099164 0.103414 1.673926 0.593077 0.013349 1.703649 0.459899 0.004986 
1.590090 -0.187127 0.111319 1.464009 0.551077 0.020347 1.458313 -0.047312 0.016637 1.694444 -0.099164 0.103415 1.673925 0.593077 0.013349 1.703649 0.459899 0.004987 
1.590089 -0.187127 0.111319 1.464009 0.551076 0.020349 1.458313 -0.047312 0.016637 1.694443 -0.099164 0.103415 1.673925 0.593077 0.013349 1.703649 0.459899 0.004987 
1.590088 -0.187127 0.111318 1.464009 0.551075 0.020351 1.458312 -0.047311 0.016637 1.694443 -0.099165 0.103415 1.673924 0.593077 0.013350 1.703649 0.459899 0.004987 
1.590007 -0.187126 0.111331 1.464007 0.551084 0.020364 1.458207 -0.047310 0.016684 1.694368 -0.099175 0.103373 1.673922 0.593091 0.013360 1.703649 0.459914 0.004987 
1.590006 -0.187126 0.111331 1.464007 0.551083 0.020367 1.458207 -0.047309 0.016685 1.694367 -0.099175 0.103373 1.673921 0.593091 0.013360 1.703649 0.459914 0.004987 
1.590005 -0.187126 0.111331 1.464007 0.551081 0.020371 1.458206 -0.047309 0.016685 1.694366 -0.099176 0.103374 1.673920 0.593091 0.013360 1.703649 0.459914 0.004987 
1.590002 -0.187128 0.111329 1.464006 0.551078 0.020379 1.458205 -0.047309 0.016683 1.694364 -0.099178 0.103374 1.673919 0.593090 0.013361 1.703649 0.459914 0.004988 
1.589923 -0.187102 0.111306 1.464004 0.551095 0.020410 1.458107 -0.047269 0.016706 1.694288 -0.099159 0.103324 1.673915 0.593115 0.013379 1.703649 0.459942 0.004988 
1.589919 -0.187104 0.111303 1.464005 0.551097 0.020424 1.458106 -0.047268 0.016704 1.694286 -0.099162 0.103323 1.673916 0.593116 0.013383 1.703649 0.459942 0.004988 
1.589895 -0.187091 0.111289 1.464005 0.551102 0.020436 1.458078 -0.047248 0.016706 1.694262 -0.099150 0.103307 1.673916 0.593123 0.013390 1.703649 0.459949 0.004988 
1.589767 -0.187080 0.111286 1.464005 0.551117 0.020480 1.457924 -0.047224 0.016760 1.694145 -0.099158 0.103240 1.673913 0.593149 0.013420 1.703652 0.459979 0.004988 
1.589758 -0.187084 0.111290 1.464005 0.551119 0.020491 1.457916 -0.047226 0.016766 1.694139 -0.099166 0.103238 1.673911 0.593155 0.013426 1.703652 0.459986 0.004988 
1.589714 -0.187082 0.111292 1.464005 0.551122 0.020506 1.457862 -0.047220 0.016785 1.694097 -0.099169 0.103220 1.673911 0.593161 0.013432 1.703653 0.459993 0.004988 
1.589712 -0.187083 0.111291 1.464004 0.551120 0.020512 1.457862 -0.047219 0.016785 1.694096 -0.099170 0.103221 1.673909 0.593161 0.013433 1.703653 0.459993 0.004988 
1.589640 -0.187085 0.111300 1.464005 0.551128 0.020534 1.457777 -0.047216 0.016820 1.694031 -0.099184 0.103190 1.673909 0.593174 0.013448 1.703655 0.460006 0.004988 
