0.017831 0.047804 0.003675 0.159522 -0.018809 0.004637 0.021736 0.147216 0.003233 0.122785 0.136061 0.003752 
0.017739 0.047914 0.003796 0.159555 -0.018785 0.004671 0.021767 0.147237 0.003398 0.122693 0.136170 0.003868 
0.019101 0.046345 0.003670 0.159561 -0.018901 0.004824 0.021759 0.147109 0.003068 0.124038 0.134640 0.003695 
0.018172 0.047635 0.003651 0.160762 -0.017737 0.004570 0.022908 0.148192 0.003413 0.123083 0.135946 0.003971 
0.018522 0.047286 0.003634 0.161095 -0.017470 0.004592 0.023227 0.148437 0.003486 0.123422 0.135614 0.004102 
0.018796 0.046951 0.003756 0.160232 -0.018203 0.004624 0.022355 0.147729 0.003616 0.123693 0.135287 0.004184 
0.019164 0.046513 0.003869 0.158938 -0.019298 0.004651 0.021046 0.146671 0.003738 0.124057 0.134859 0.004262 
0.020429 0.045117 0.003762 0.158117 -0.020131 0.004785 0.020227 0.145875 0.003617 0.125318 0.133485 0.004344 
0.020784 0.044783 0.003834 0.156083 -0.021839 0.004745 0.018162 0.144220 0.003763 0.125663 0.133165 0.004464 
0.020240 0.045801 0.003505 0.155945 -0.021676 0.004271 0.017943 0.144327 0.003999 0.125080 0.134214 0.004829 
0.021330 0.044797 0.003091 0.155678 -0.022011 0.004180 0.017644 0.143983 0.003938 0.126140 0.133243 0.005206 
0.022380 0.043532 0.003265 0.152275 -0.024889 0.004374 0.014207 0.141205 0.004156 0.127177 0.132001 0.005639 
0.023316 0.042409 0.003426 0.148419 -0.028150 0.004484 0.010286 0.138038 0.004288 0.128089 0.130918 0.005938 
0.024287 0.041246 0.003568 0.144572 -0.031401 0.004574 0.006390 0.134891 0.004399 0.129042 0.129785 0.006242 
0.025264 0.040064 0.003696 0.141421 -0.034066 0.004707 0.003207 0.132318 0.004552 0.130005 0.128624 0.006692 
0.026225 0.038876 0.003812 0.140624 -0.034740 0.005037 0.002423 0.131683 0.004909 0.130953 0.127433 0.007653 
0.027118 0.037760 0.003918 0.140503 -0.034843 0.005418 0.002326 0.131603 0.005316 0.131829 0.126303 0.008749 
0.028014 0.036637 0.004014 0.140874 -0.034529 0.005843 0.002730 0.131928 0.005769 0.132701 0.125155 0.009925 
0.028814 0.035624 0.004101 0.141507 -0.033994 0.006299 0.003398 0.132466 0.006251 0.133471 0.124110 0.011134 
0.027668 0.033465 0.004191 0.146266 -0.029063 0.007347 0.005494 0.134944 0.007346 0.130780 0.123601 0.012962 
0.022259 0.032369 0.004515 0.151240 -0.025613 0.008164 0.006973 0.135086 0.009084 0.123360 0.124582 0.014558 
0.022055 0.032277 0.004567 0.148589 -0.028313 0.007937 0.004293 0.132468 0.008792 0.123162 0.124497 0.014466 
0.021989 0.032368 0.004599 0.144765 -0.031801 0.007524 0.000392 0.129067 0.008297 0.123088 0.124630 0.014165 
0.021929 0.032443 0.004626 0.141141 -0.035106 0.007199 -0.003306 0.125843 0.007895 0.123015 0.124737 0.014021 
0.022094 0.032226 0.004650 0.140450 -0.035735 0.007406 -0.004007 0.125232 0.008040 0.123141 0.124495 0.014703 
0.022243 0.032018 0.004674 0.140337 -0.035835 0.007708 -0.004120 0.125136 0.008290 0.123243 0.124249 0.015543 
0.022442 0.031749 0.004697 0.140843 -0.035370 0.008121 -0.003599 0.125592 0.008659 0.123386 0.123925 0.016525 
0.022566 0.031557 0.004717 0.141537 -0.034735 0.008583 -0.002889 0.126212 0.009084 0.123446 0.123669 0.017569 
0.022756 0.031411 0.004738 0.142572 -0.033778 0.009117 -0.001652 0.127303 0.009583 0.123667 0.123341 0.018623 
0.124316 0.124202 0.020810 -0.409584 -0.125945 0.001442 0.126847 -0.322443 0.017598 0.121996 -0.076377 0.017586 0.005833 0.133018 0.011725 -0.059095 0.072957 0.005436 
0.120134 0.126780 0.023133 -0.410514 -0.123842 0.001505 0.124042 -0.324878 0.015398 0.124894 -0.074027 0.018670 0.009420 0.134610 0.014858 -0.054965 0.076117 0.007715 
0.118926 0.122533 0.024136 -0.411520 -0.122496 0.001862 0.125045 -0.323877 0.014032 0.130515 -0.072323 0.020102 0.010710 0.129067 0.016191 -0.047082 0.077338 0.009359 
0.119505 0.113469 0.021187 -0.412488 -0.119510 0.002341 0.126474 -0.323396 0.012591 0.135530 -0.074710 0.019029 0.011885 0.119873 0.013450 -0.040444 0.073704 0.007472 
-0.413996 -0.112347 0.003115 0.116073 0.110747 0.016895 0.013269 0.114364 0.010195 -0.035780 0.071781 0.004867 0.126459 -0.325494 0.010220 0.138536 -0.076830 0.015610 
-0.415011 -0.106955 0.003929 0.112899 0.114645 0.014834 0.011495 0.113161 0.009272 -0.031067 0.076347 0.004903 0.124905 -0.327413 0.006833 0.141495 -0.072938 0.013441 
-0.413080 -0.107647 0.003766 0.111761 0.116189 0.012537 0.008625 0.110838 0.008068 -0.025914 0.081357 0.004879 0.127310 -0.325916 0.006098 0.144295 -0.069763 0.011803 
-0.407905 -0.104081 0.002938 0.111075 0.117223 0.010189 0.006217 0.108729 0.006964 -0.019269 0.087837 0.004858 0.133543 -0.322221 0.007394 0.147694 -0.066193 0.010099 
-0.404192 -0.096691 0.003923 0.110390 0.118187 0.007956 0.004451 0.107182 0.006035 -0.013549 0.093277 0.004767 0.138381 -0.317786 0.008215 0.150822 -0.062519 0.008429 
-0.403524 -0.091930 0.007364 0.109737 0.119050 0.005915 0.003383 0.106247 0.005261 -0.011042 0.095515 0.004473 0.139023 -0.316112 0.009228 0.151828 -0.061027 0.007273 
-0.404250 -0.091434 0.012420 0.110333 0.118563 0.004621 0.007127 0.109271 0.004371 -0.011862 0.094370 0.003452 0.137847 -0.316776 0.011518 0.151854 -0.061059 0.007453 
-0.406524 -0.092700 0.018811 0.110705 0.118132 0.004227 0.013659 0.114766 0.003900 -0.014395 0.091640 0.002640 0.135091 -0.318304 0.014235 0.151328 -0.061595 0.008576 
-0.408527 -0.094021 0.025479 0.111598 0.117009 0.003773 0.019459 0.119569 0.003358 -0.017318 0.088547 0.001996 0.132568 -0.319895 0.017347 0.150691 -0.062359 0.009847 
-0.409608 -0.095071 0.031587 0.112136 0.116237 0.003432 0.025113 0.124188 0.002955 -0.019494 0.086125 0.001613 0.131289 -0.320965 0.020526 0.150523 -0.062779 0.011018 
-0.410045 -0.095670 0.037260 0.111222 0.117244 0.003555 0.030254 0.128688 0.003229 -0.020657 0.085025 0.001956 0.130724 -0.321741 0.023764 0.150488 -0.062831 0.012116 
-0.409982 -0.095784 0.042859 0.110407 0.118175 0.003670 0.032515 0.130666 0.003731 -0.021008 0.084697 0.002926 0.130645 -0.322036 0.027125 0.150471 -0.062882 0.013196 
-0.409578 -0.095611 0.048390 0.109697 0.119010 0.003778 0.033007 0.131096 0.004366 -0.020903 0.084805 0.004252 0.130908 -0.322051 0.030551 0.150448 -0.062957 0.014264 
-0.408989 -0.095428 0.053883 0.109115 0.119712 0.003878 0.033045 0.131130 0.005021 -0.020821 0.084895 0.005647 0.131352 -0.322063 0.034030 0.150368 -0.063126 0.015340 
-0.408329 -0.095257 0.059336 0.108656 0.120279 0.003971 0.033079 0.131159 0.005651 -0.020836 0.084895 0.007019 0.131856 -0.322089 0.037459 0.150273 -0.063329 0.016413 
0.114896 0.123818 0.008785 -0.409296 -0.095434 0.061600 0.133136 -0.322076 0.036651 0.158306 -0.059223 0.018411 0.050574 0.145442 0.009696 -0.020543 0.100129 0.010976 
0.128938 0.126558 0.011382 -0.412127 -0.097301 0.058398 0.132096 -0.324240 0.030222 0.170639 -0.051275 0.018758 0.063690 0.153174 0.012047 -0.011910 0.117931 0.013601 
0.147651 0.137531 0.017235 -0.416181 -0.099586 0.048924 0.128646 -0.330223 0.018638 0.189324 -0.035087 0.020743 0.081980 0.166221 0.017659 0.006664 0.141960 0.018262 
0.161529 0.145689 0.016660 -0.419503 -0.101517 0.033093 0.124360 -0.336150 0.000616 0.205951 -0.018235 0.017185 0.091752 0.175298 0.017401 0.024725 0.163367 0.017745 
-0.420174 -0.102210 0.007515 0.177082 0.168731 0.023031 0.108575 0.195264 0.023980 0.048505 0.195319 0.023578 0.120471 -0.349280 -0.020238 0.226001 0.009356 0.017642 
-0.427759 -0.043498 -0.000635 0.181265 0.179933 0.023459 0.106168 0.210493 0.026236 0.054806 0.217550 0.027462 0.155188 -0.355308 -0.015834 0.230422 0.031046 0.015474 
-0.427302 0.009991 -0.005821 0.185351 0.212676 0.041483 0.109406 0.241346 0.047079 0.063353 0.255887 0.050489 0.171997 -0.371284 -0.007746 0.233411 0.068253 0.024706 
-0.423002 0.053051 -0.006421 0.192900 0.230467 0.059928 0.142258 0.272085 0.065002 0.068464 0.285215 0.066640 0.171760 -0.387030 -0.008924 0.243268 0.105671 0.042120 
0.181492 0.264161 0.091494 -0.411923 0.082547 -0.012093 0.149051 -0.408285 -0.012775 0.253217 0.139672 0.064993 0.232934 0.303503 0.107900 0.066528 0.312020 0.075035 
0.153792 0.268054 0.083659 -0.413127 0.088229 -0.012760 0.142148 -0.409715 -0.025108 0.251391 0.163298 0.057103 0.205946 0.312970 0.096238 0.061633 0.335880 0.079986 
0.147846 0.288366 0.077721 -0.423303 0.083572 -0.008644 0.142567 -0.401892 -0.044695 0.260797 0.170539 0.037836 0.202678 0.307390 0.082434 0.075761 0.346500 0.077662 
0.176384 0.221725 0.009500 -0.433517 0.081253 -0.001659 0.142249 -0.392224 -0.068001 0.283653 0.155786 0.006328 0.225093 0.292214 0.011835 0.082176 0.315277 -0.001151 
0.175430 0.231707 0.005007 -0.439409 0.091393 0.012995 0.137878 -0.372081 -0.092693 0.300721 0.168568 0.000088 0.220818 0.291213 0.003784 0.100985 0.331448 0.000700 
0.178474 0.226091 0.006099 -0.443010 0.125330 0.045757 0.122001 -0.346297 -0.117669 0.322357 0.179725 0.005394 0.217877 0.292051 0.000617 0.120600 0.342560 0.005285 
0.182577 0.214794 0.008228 -0.447135 0.147689 0.091708 0.103954 -0.320781 -0.132090 0.334697 0.186092 0.009966 0.217358 0.293789 -0.002055 0.127862 0.345777 0.006783 
0.184802 0.208666 0.009410 -0.445508 0.156579 0.130411 0.086422 -0.313877 -0.124305 0.331876 0.186868 0.005816 0.218265 0.297940 -0.004558 0.123266 0.345853 0.007500 
0.183768 0.210511 0.008707 -0.441422 0.164105 0.168962 0.067358 -0.312660 -0.109146 0.319264 0.185318 -0.003968 0.220337 0.303952 -0.007176 0.111965 0.345562 0.009681 
0.180217 0.218608 0.006225 -0.433671 0.175849 0.212105 0.045629 -0.310562 -0.096224 0.302309 0.184360 -0.016407 0.220825 0.311955 -0.010194 0.098541 0.346194 0.014613 
0.176525 0.217725 0.005389 -0.420914 0.182395 0.255138 0.031322 -0.306274 -0.088424 0.290601 0.186611 -0.024304 0.217182 0.318609 -0.013057 0.087854 0.346752 0.021507 
0.177640 0.212597 0.006861 -0.402839 0.180143 0.291177 0.029006 -0.305386 -0.082321 0.288859 0.186877 -0.028691 0.217008 0.318820 -0.013869 0.087466 0.345251 0.029266 
0.178768 0.211938 0.009578 -0.380977 0.172381 0.326388 0.031577 -0.306921 -0.076443 0.286041 0.187913 -0.033024 0.217662 0.318993 -0.012478 0.088866 0.344616 0.040300 
0.181355 0.211034 0.012574 -0.357224 0.162951 0.361246 0.031964 -0.311090 -0.069966 0.284299 0.187124 -0.037075 0.218910 0.317821 -0.010310 0.093245 0.342722 0.051627 
0.183031 0.208510 0.014926 -0.334399 0.154175 0.392310 0.032594 -0.311082 -0.068887 0.283947 0.189388 -0.041550 0.221586 0.317836 -0.010425 0.098671 0.343591 0.060434 
0.184412 0.204676 0.016780 -0.311297 0.149790 0.422075 0.030494 -0.306786 -0.071407 0.285686 0.193749 -0.046891 0.225906 0.319039 -0.012805 0.105728 0.346838 0.066503 
0.186320 0.200997 0.018119 -0.287062 0.148297 0.448394 0.029520 -0.301413 -0.075608 0.288679 0.199117 -0.053199 0.232927 0.320589 -0.017790 0.114833 0.352004 0.070288 
0.189003 0.198644 0.018773 -0.258036 0.151268 0.473923 0.028243 -0.295887 -0.076440 0.290842 0.203354 -0.060618 0.240736 0.321482 -0.024953 0.125568 0.357632 0.072736 
0.191866 0.197633 0.019630 -0.217831 0.163506 0.508800 0.015420 -0.290629 -0.064844 0.290374 0.203588 -0.069205 0.243427 0.321112 -0.030006 0.137452 0.360874 0.075706 
0.196764 0.191193 0.022088 -0.157980 0.178133 0.566723 -0.018090 -0.270613 -0.044784 0.292298 0.202996 -0.075415 0.236457 0.323332 -0.021635 0.147614 0.357206 0.085733 
0.221743 0.207052 0.044146 -0.117301 0.150018 0.605817 -0.015796 -0.239547 -0.056212 0.312519 0.224838 -0.053788 0.273354 0.348338 0.005673 0.172223 0.365535 0.124174 
0.234296 0.232934 0.086720 -0.087366 0.093062 0.628715 0.001543 -0.208415 -0.076408 0.316667 0.259402 -0.013254 0.289343 0.369172 0.059224 0.199145 0.379741 0.189980 
0.248766 0.244821 0.118567 0.300258 0.245024 0.018860 -0.057858 0.034123 0.648867 0.306192 0.379899 0.101946 0.034340 0.018016 0.016783 0.220294 0.378794 0.256040 
0.263554 0.244081 0.138701 0.310862 0.248602 0.038403 0.321923 0.377760 0.129874 0.238124 0.364610 0.286038 -0.035182 -0.009167 0.656333 0.044818 0.022820 0.024856 
0.280467 0.235792 0.144563 0.328536 0.242518 0.042853 0.337547 0.367133 0.141200 0.255742 0.350423 0.294591 -0.018316 -0.034040 0.653082 0.060720 0.017526 0.023246 
0.298416 0.223875 0.135767 0.348759 0.230472 0.035397 0.353143 0.354234 0.136596 0.269871 0.337064 0.285686 -0.009787 -0.049732 0.637368 0.080613 0.006086 0.011623 
0.315435 0.212887 0.121662 0.368419 0.219832 0.023913 0.366528 0.343317 0.128415 0.282738 0.326220 0.271647 -0.000249 -0.061095 0.620850 0.098021 -0.000900 0.000179 
0.330686 0.210626 0.112539 0.383197 0.216096 0.015709 0.378377 0.337646 0.126284 0.296349 0.318190 0.264178 0.012462 -0.071495 0.605482 0.111497 -0.002346 -0.009965 
0.344253 0.214368 0.106376 0.393539 0.217348 0.009120 0.388356 0.335237 0.128524 0.309969 0.310900 0.260950 0.029708 -0.085012 0.590969 0.120847 0.000543 -0.018485 
0.358422 0.215888 0.095895 0.407699 0.221030 0.002263 0.402286 0.335676 0.123684 0.319200 0.304597 0.254338 0.030227 -0.107319 0.560086 0.135470 0.008419 -0.038965 
0.365757 0.216121 0.095704 0.418329 0.228567 0.005371 0.410423 0.336196 0.127225 0.324692 0.301155 0.259183 0.021319 -0.124644 0.529269 0.152504 0.022744 -0.057417 
0.369246 0.218554 0.101417 0.422758 0.232711 0.010478 0.414388 0.335834 0.135829 0.329524 0.299569 0.266493 0.019962 -0.128199 0.523019 0.156250 0.031297 -0.059662 
0.370380 0.220995 0.108116 0.423167 0.233111 0.014710 0.415253 0.334396 0.144983 0.332744 0.298630 0.272379 0.022929 -0.125399 0.532120 0.151200 0.034157 -0.052269 
0.371674 0.223354 0.113597 0.423405 0.232595 0.017809 0.415552 0.332704 0.152434 0.335623 0.298086 0.276434 0.026548 -0.120932 0.541606 0.146510 0.035252 -0.044759 
0.373207 0.225772 0.118082 0.423435 0.232221 0.021029 0.415485 0.331184 0.158547 0.337408 0.296926 0.279995 0.028102 -0.119494 0.545124 0.144908 0.036371 -0.039824 
0.375054 0.229044 0.121730 0.423129 0.232035 0.023837 0.415627 0.330522 0.163493 0.338575 0.296092 0.282637 0.028475 -0.118176 0.546197 0.144203 0.037258 -0.036240 
0.376958 0.232736 0.124634 0.422753 0.231700 0.025829 0.415514 0.330160 0.167547 0.339776 0.296170 0.284201 0.028858 -0.114643 0.547887 0.143366 0.038086 -0.032408 
0.379014 0.237021 0.126761 0.422568 0.231557 0.026930 0.415406 0.330368 0.170705 0.341314 0.297556 0.284698 0.029450 -0.108038 0.550672 0.142231 0.039443 -0.028330 
0.381309 0.241937 0.128188 0.422385 0.231491 0.027437 0.415270 0.331123 0.173190 0.342984 0.299868 0.284331 0.030108 -0.099113 0.553839 0.141057 0.041114 -0.024066 
0.383921 0.247631 0.128652 0.422258 0.231727 0.027192 0.415432 0.332795 0.174738 0.344726 0.303210 0.282886 0.030455 -0.088010 0.556828 0.139744 0.043435 -0.020115 
0.386749 0.254314 0.127605 0.422180 0.232461 0.025481 0.416189 0.335793 0.174548 0.346218 0.307775 0.279557 0.029601 -0.074778 0.558878 0.137667 0.046421 -0.017504 
0.520179 -0.589796 0.403425 0.507789 -0.016050 0.315715 0.418285 0.341047 0.170544 0.347274 0.314572 0.272881 0.025087 -0.058879 0.556782 0.134870 0.051386 -0.020509 0.680543 -0.644439 0.434166 0.561850 0.032259 0.450906 
0.499666 -0.583274 0.404804 0.503660 -0.008977 0.313942 0.420849 0.347539 0.162324 0.348488 0.323806 0.263813 0.015054 -0.042212 0.544531 0.136767 0.062195 -0.032561 0.675749 -0.645224 0.450659 0.542055 0.033960 0.436053 
0.478184 -0.572108 0.408871 0.501793 -0.000473 0.312905 0.423421 0.355042 0.150724 0.349341 0.334563 0.252119 0.001862 -0.023690 0.525243 0.141800 0.074613 -0.050094 0.666359 -0.644555 0.460449 0.534019 0.041204 0.449246 
0.459530 -0.560545 0.408872 0.497703 0.008458 0.312016 0.423392 0.360707 0.144879 0.352629 0.345392 0.247358 -0.011038 -0.004735 0.505143 0.148293 0.087384 -0.067749 0.655325 -0.640647 0.468388 0.524789 0.048837 0.452864 
0.448968 -0.550467 0.410491 0.493180 0.016095 0.313196 0.424843 0.363589 0.145762 0.358363 0.352378 0.250265 -0.015303 0.008498 0.496696 0.154591 0.098385 -0.076141 0.642868 -0.632170 0.473188 0.520531 0.056966 0.446791 
0.447050 -0.544383 0.419004 0.489575 0.020706 0.314942 0.425316 0.364811 0.145441 0.359593 0.354425 0.250102 -0.014743 0.012320 0.497944 0.154532 0.099990 -0.075805 0.632184 -0.622240 0.479349 0.522017 0.064880 0.442007 
0.451120 -0.541036 0.430749 0.488926 0.023670 0.317089 0.426201 0.366140 0.143972 0.357800 0.353959 0.247803 -0.011282 0.011428 0.504898 0.150663 0.095434 -0.070220 0.627328 -0.613570 0.487008 0.526604 0.071252 0.440917 
0.458299 -0.540128 0.439379 0.491227 0.025234 0.317946 0.427610 0.367992 0.141589 0.355456 0.353372 0.244869 -0.006624 0.011030 0.513398 0.146536 0.089116 -0.063344 0.630316 -0.609193 0.491401 0.530672 0.074419 0.442010 
0.466156 -0.540033 0.443281 0.495739 0.026242 0.317069 0.429279 0.370131 0.138591 0.354600 0.354283 0.242164 -0.002086 0.014101 0.520549 0.144229 0.084135 -0.057808 0.639393 -0.608197 0.492131 0.533863 0.075426 0.444200 
0.473071 -0.539846 0.443848 0.501433 0.027148 0.314906 0.430716 0.372425 0.135092 0.355321 0.357008 0.239566 0.002236 0.020731 0.526507 0.143404 0.081383 -0.053424 0.652146 -0.609586 0.490296 0.536044 0.075152 0.447431 
0.478629 -0.538806 0.443839 0.507327 0.028486 0.312139 0.431987 0.374906 0.131273 0.357251 0.361114 0.236728 0.006954 0.030072 0.532693 0.143011 0.080501 -0.048878 0.665002 -0.611593 0.486670 0.537896 0.074883 0.451904 
0.483568 -0.535671 0.446567 0.433417 0.377555 0.127026 0.012492 0.040707 0.539680 0.512650 0.030752 0.310074 0.359518 0.365754 0.233529 0.142866 0.080712 -0.043723 0.675648 -0.611154 0.485335 0.540982 0.076654 0.456223 
0.488175 -0.530046 0.453404 0.434827 0.380270 0.122504 0.018036 0.052130 0.546903 0.516953 0.034301 0.309351 0.361828 0.370726 0.229983 0.142576 0.081337 -0.038338 0.683163 -0.606989 0.488559 0.545445 0.081540 0.459697 
0.491419 -0.521738 0.464257 0.435756 0.382849 0.118144 0.023166 0.064541 0.553561 0.520074 0.039291 0.310397 0.364317 0.376115 0.226350 0.142313 0.082641 -0.033446 0.687991 -0.599573 0.497532 0.550172 0.089334 0.462559 
0.494052 -0.511234 0.478442 0.436490 0.385194 0.113954 0.028006 0.077300 0.559365 0.522271 0.045870 0.312604 0.367008 0.381499 0.222640 0.142144 0.083583 -0.029001 0.690753 -0.588828 0.511863 0.554333 0.099503 0.463408 
0.496808 -0.498867 0.495028 0.437163 0.387535 0.109577 0.032229 0.090208 0.564370 0.523861 0.053642 0.315649 0.369266 0.386791 0.218720 0.142116 0.083947 -0.025056 0.692471 -0.575286 0.529308 0.558202 0.111428 0.463389 
0.499759 -0.484781 0.513622 0.437908 0.389796 0.105144 0.036395 0.102962 0.569138 0.525146 0.062421 0.319492 0.371221 0.391814 0.214704 0.142091 0.083842 -0.021188 0.693841 -0.559356 0.549463 0.561841 0.124558 0.462568 
0.503259 -0.468969 0.533607 0.438662 0.391976 0.100607 0.040422 0.115838 0.573372 0.526466 0.072223 0.323655 0.373144 0.396743 0.210548 0.142024 0.083074 -0.017429 0.695306 -0.541041 0.571455 0.565696 0.138799 0.461101 
0.507315 -0.451514 0.554166 0.439461 0.394176 0.095712 0.367792 0.391685 0.196990 0.044577 0.129792 0.577223 0.528174 0.082889 0.327603 0.697798 -0.520734 0.594588 0.569649 0.153672 0.458831 
0.512238 -0.432860 0.574465 0.440350 0.396541 0.090107 0.369824 0.396987 0.191960 0.049292 0.145222 0.581100 0.530403 0.094047 0.330828 0.701749 -0.499207 0.617132 0.573630 0.168688 0.456009 
0.518416 -0.413204 0.594315 0.441263 0.399071 0.083628 0.371731 0.402552 0.186168 0.054777 0.162282 0.585205 0.533281 0.105513 0.333106 0.707272 -0.476858 0.638199 0.577931 0.183873 0.453045 
0.525790 -0.392255 0.613756 0.442235 0.401733 0.076126 0.373676 0.408524 0.179413 0.061209 0.181530 0.589458 0.536929 0.117294 0.334436 0.714450 -0.453696 0.657822 0.582889 0.199527 0.450189 
0.068745 0.203588 0.593683 0.533914 -0.369108 0.633363 0.375841 0.415039 0.171506 0.443170 0.404435 0.067623 0.541245 0.129728 0.335117 0.723057 -0.428871 0.677176 0.588632 0.216215 0.447219 
0.077183 0.228323 0.597285 0.543204 -0.343221 0.653361 0.378180 0.421938 0.162440 0.444031 0.407044 0.058148 0.546088 0.143124 0.335082 0.732849 -0.401335 0.696564 0.595132 0.234260 0.443378 
0.086962 0.253545 0.605518 0.377366 0.425332 0.155439 0.443477 0.408853 0.052618 0.604805 0.252478 0.446311 0.549961 0.153613 0.339965 0.738673 -0.376427 0.721681 0.546458 -0.318930 0.675767 
0.091881 0.271334 0.608918 0.378410 0.428908 0.150780 0.444551 0.410964 0.049762 0.608412 0.265354 0.449805 0.552067 0.162537 0.343847 0.740594 -0.357249 0.741432 0.544643 -0.300549 0.690310 
0.090360 0.279519 0.606439 0.379608 0.432819 0.147870 0.443514 0.412596 0.048802 0.608610 0.272708 0.448696 0.550720 0.168144 0.344947 0.737460 -0.345647 0.749342 0.541536 -0.290115 0.695357 
0.087037 0.281349 0.601694 0.381659 0.435792 0.145821 0.441746 0.412852 0.049148 0.607582 0.275384 0.444326 0.547683 0.170405 0.344182 0.731873 -0.339884 0.749256 0.538686 -0.285808 0.694150 
0.084524 0.278058 0.598391 0.383242 0.437157 0.145875 0.440377 0.412788 0.050642 0.606501 0.274333 0.439165 0.544787 0.170301 0.343025 0.726781 -0.339095 0.744965 0.537285 -0.286556 0.689963 
0.083766 0.270939 0.597664 0.383851 0.436523 0.148029 0.439840 0.412520 0.052920 0.605978 0.270651 0.435884 0.543173 0.168142 0.341931 0.724001 -0.343615 0.737667 0.538029 -0.291821 0.684415 
0.084674 0.260964 0.598665 0.383968 0.434282 0.151566 0.440051 0.411819 0.055573 0.606798 0.265064 0.434640 0.543485 0.164180 0.340974 0.724873 -0.352104 0.729019 0.540693 -0.300434 0.677672 
0.083494 0.247867 0.598560 0.382562 0.431031 0.155696 0.441954 0.411320 0.056497 0.607779 0.257456 0.435973 0.545599 0.158321 0.339311 0.728894 -0.365367 0.717904 0.544622 -0.312970 0.668861 
0.080348 0.236298 0.597594 0.549009 -0.327851 0.659360 0.379661 0.427825 0.158715 0.444016 0.411313 0.055545 0.548637 0.151683 0.336274 0.736050 -0.383409 0.703863 0.606153 0.249103 0.441726 
0.080319 0.232280 0.599089 0.550767 -0.339395 0.651907 0.377868 0.426020 0.159887 0.444579 0.411364 0.055072 0.551426 0.146506 0.333382 0.744244 -0.399872 0.692535 0.602185 0.241834 0.449750 
0.081836 0.234549 0.600694 0.550295 -0.344597 0.647938 0.377817 0.425980 0.159542 0.444678 0.411395 0.054818 0.553119 0.143902 0.331639 0.749765 -0.408958 0.686898 0.598928 0.237462 0.455009 
0.083760 0.238883 0.601951 0.549326 -0.344302 0.647832 0.378578 0.426616 0.158753 0.444630 0.411380 0.054859 0.553361 0.143690 0.331421 0.750549 -0.410148 0.686331 0.598367 0.237088 0.456221 
0.084866 0.241662 0.602477 0.548871 -0.341033 0.650313 0.379125 0.427095 0.158237 0.444516 0.411352 0.054966 0.552623 0.145024 0.332250 0.747879 -0.406230 0.688770 0.599642 0.239531 0.455213 
0.084883 0.242182 0.602333 0.548962 -0.336724 0.653850 0.379297 0.427257 0.158142 0.444384 0.411317 0.055119 0.551351 0.147065 0.333507 0.743671 -0.399712 0.692797 0.601322 0.242836 0.452590 
0.084639 0.242249 0.602061 0.549084 -0.332593 0.657309 0.379350 0.427296 0.158199 0.444168 0.411245 0.055382 0.549955 0.149129 0.334687 0.739753 -0.392988 0.697172 0.602310 0.245575 0.449204 
0.084393 0.242187 0.601827 0.549090 -0.329553 0.659885 0.379452 0.427275 0.158297 0.444069 0.411160 0.055671 0.548833 0.150785 0.335476 0.736950 -0.387928 0.700534 0.602393 0.247294 0.446367 
0.084058 0.241968 0.601522 0.548963 -0.327813 0.661433 0.379457 0.427231 0.158444 0.443885 0.411073 0.055967 0.548088 0.151833 0.335965 0.735485 -0.384963 0.702740 0.601930 0.248131 0.444681 
0.083792 0.241699 0.601289 0.548832 -0.327135 0.662116 0.379450 0.427189 0.158565 0.443787 0.411019 0.056147 0.547833 0.152319 0.336209 0.735142 -0.383795 0.703896 0.601514 0.248418 0.444132 
0.083686 0.241525 0.601188 0.548793 -0.327065 0.662221 0.379440 0.427178 0.158605 0.443776 0.411015 0.056169 0.547906 0.152388 0.336291 0.735307 -0.383743 0.704151 0.601532 0.248514 0.444338 
0.083686 0.241515 0.601186 0.548760 -0.327323 0.662023 0.379441 0.427179 0.158605 0.443781 0.411016 0.056162 0.548002 0.152272 0.336232 0.735621 -0.384137 0.704001 0.601416 0.248325 0.444518 
0.083685 0.241503 0.601183 0.548717 -0.327656 0.661768 0.379443 0.427179 0.158606 0.443789 0.411018 0.056153 0.548124 0.152122 0.336153 0.736022 -0.384644 0.703804 0.601271 0.248083 0.444740 
0.083684 0.241493 0.601181 0.548684 -0.327924 0.661562 0.379444 0.427180 0.158606 0.443794 0.411020 0.056146 0.548222 0.152002 0.336091 0.736344 -0.385052 0.703644 0.601151 0.247885 0.444922 
0.083684 0.241488 0.601180 0.548669 -0.328042 0.661470 0.379445 0.427180 0.158606 0.443797 0.411021 0.056144 0.548266 0.151948 0.336062 0.736488 -0.385233 0.703573 0.601100 0.247798 0.445001 
0.083679 0.241485 0.601169 0.548666 -0.328047 0.661462 0.379452 0.427187 0.158611 0.443796 0.411020 0.056148 0.548269 0.151948 0.336060 0.736490 -0.385240 0.703567 0.601097 0.247795 0.445005 
0.083680 0.241484 0.601170 0.548667 -0.328048 0.661461 0.379453 0.427187 0.158612 0.443796 0.411020 0.056149 0.548270 0.151948 0.336060 0.736492 -0.385241 0.703566 0.601098 0.247794 0.445004 
0.083681 0.241483 0.601171 0.548668 -0.328049 0.661460 0.379453 0.427186 0.158613 0.443796 0.411020 0.056149 0.548270 0.151947 0.336059 0.736493 -0.385243 0.703564 0.601102 0.247795 0.445003 
0.083677 0.241480 0.601164 0.548666 -0.328052 0.661456 0.379463 0.427192 0.158621 0.443798 0.411019 0.056155 0.548274 0.151950 0.336058 0.736494 -0.385247 0.703561 0.601102 0.247794 0.445007 
0.083658 0.241481 0.601134 0.548650 -0.328052 0.661445 0.379487 0.427215 0.158640 0.443794 0.411019 0.056171 0.548279 0.151959 0.336055 0.736489 -0.385254 0.703558 0.601103 0.247800 0.445015 
0.083658 0.241485 0.601131 0.548647 -0.328051 0.661444 0.379498 0.427222 0.158647 0.443798 0.411019 0.056177 0.548282 0.151962 0.336054 0.736488 -0.385254 0.703557 0.601107 0.247802 0.445015 
0.083655 0.241479 0.601127 0.548648 -0.328053 0.661441 0.379496 0.427221 0.158647 0.443796 0.411018 0.056177 0.548283 0.151961 0.336054 0.736490 -0.385258 0.703555 0.601103 0.247800 0.445022 
0.083655 0.241480 0.601128 0.548648 -0.328053 0.661442 0.379497 0.427221 0.158648 0.443796 0.411018 0.056178 0.548284 0.151961 0.336054 0.736491 -0.385257 0.703556 0.601108 0.247802 0.445020 
0.083656 0.241479 0.601128 0.548649 -0.328053 0.661442 0.379497 0.427221 0.158648 0.443796 0.411018 0.056178 0.548284 0.151961 0.336055 0.736492 -0.385258 0.703556 0.601107 0.247801 0.445021 
0.083626 0.241476 0.601078 0.548625 -0.328048 0.661428 0.379519 0.427250 0.158673 0.443779 0.411016 0.056199 0.548284 0.151972 0.336056 0.736489 -0.385258 0.703561 0.601102 0.247808 0.445025 
0.083625 0.241475 0.601075 0.548624 -0.328049 0.661427 0.379528 0.427254 0.158680 0.443782 0.411015 0.056205 0.548286 0.151975 0.336055 0.736488 -0.385259 0.703560 0.601102 0.247808 0.445025 
0.083625 0.241475 0.601075 0.548625 -0.328049 0.661427 0.379528 0.427254 0.158680 0.443782 0.411015 0.056206 0.548287 0.151975 0.336055 0.736489 -0.385259 0.703560 0.601102 0.247808 0.445025 
0.083625 0.241475 0.601076 0.548625 -0.328049 0.661428 0.379528 0.427254 0.158681 0.443781 0.411015 0.056206 0.548287 0.151975 0.336055 0.736489 -0.385259 0.703560 0.601107 0.247810 0.445025 
0.083626 0.241475 0.601076 0.548625 -0.328049 0.661428 0.379528 0.427254 0.158681 0.443781 0.411015 0.056206 0.548287 0.151975 0.336056 0.736490 -0.385259 0.703560 0.601101 0.247807 0.445026 
0.083626 0.241475 0.601077 0.548626 -0.328049 0.661428 0.379528 0.427254 0.158681 0.443781 0.411015 0.056207 0.548287 0.151975 0.336056 0.736490 -0.385259 0.703560 0.601103 0.247808 0.445025 
0.083626 0.241475 0.601077 0.548626 -0.328049 0.661428 0.379528 0.427254 0.158682 0.443781 0.411015 0.056207 0.548287 0.151975 0.336056 0.736490 -0.385259 0.703560 0.601101 0.247806 0.445025 
0.083626 0.241475 0.601077 0.548626 -0.328049 0.661428 0.379529 0.427254 0.158682 0.443780 0.411015 0.056207 0.548287 0.151975 0.336056 0.736490 -0.385259 0.703560 0.601103 0.247807 0.445025 
0.083621 0.241476 0.601069 0.548620 -0.328045 0.661429 0.379562 0.427269 0.158702 0.443714 0.410996 0.056273 0.548284 0.151976 0.336059 0.736490 -0.385258 0.703564 0.601105 0.247813 0.445032 
0.083622 0.241476 0.601069 0.548618 -0.328039 0.661437 0.379563 0.427269 0.158702 0.443714 0.410996 0.056274 0.548288 0.151980 0.336064 0.736498 -0.385255 0.703577 0.601110 0.247821 0.445045 
0.083622 0.241477 0.601070 0.548614 -0.328025 0.661453 0.379563 0.427270 0.158702 0.443714 0.410996 0.056274 0.548297 0.151987 0.336073 0.736513 -0.385249 0.703602 0.601119 0.247835 0.445071 
0.083614 0.241482 0.601055 0.548599 -0.328005 0.661470 0.379599 0.427288 0.158720 0.443729 0.410993 0.056290 0.548320 0.152008 0.336081 0.736530 -0.385241 0.703636 0.601130 0.247859 0.445113 
0.083615 0.241483 0.601056 0.548594 -0.327989 0.661487 0.379599 0.427289 0.158720 0.443728 0.410993 0.056290 0.548330 0.152016 0.336092 0.736547 -0.385234 0.703665 0.601140 0.247876 0.445144 
0.083611 0.241484 0.601050 0.548586 -0.327975 0.661502 0.379615 0.427296 0.158729 0.443735 0.410992 0.056298 0.548345 0.152029 0.336100 0.736562 -0.385227 0.703691 0.601156 0.247896 0.445171 
0.083609 0.241485 0.601046 0.548580 -0.327961 0.661516 0.379631 0.427304 0.158738 0.443742 0.410990 0.056306 0.548358 0.152041 0.336107 0.736575 -0.385221 0.703715 0.601161 0.247910 0.445199 
0.083609 0.241486 0.601046 0.548576 -0.327950 0.661529 0.379632 0.427304 0.158738 0.443742 0.410990 0.056306 0.548366 0.152048 0.336115 0.736588 -0.385216 0.703737 0.601169 0.247922 0.445221 
0.083609 0.241487 0.601047 0.548572 -0.327938 0.661543 0.379632 0.427304 0.158738 0.443742 0.410990 0.056307 0.548374 0.152054 0.336123 0.736602 -0.385210 0.703760 0.601177 0.247936 0.445245 
0.083610 0.241488 0.601047 0.548567 -0.327925 0.661558 0.379632 0.427305 0.158738 0.443742 0.410990 0.056307 0.548383 0.152061 0.336132 0.736617 -0.385204 0.703784 0.601183 0.247949 0.445272 
0.083610 0.241489 0.601047 0.548563 -0.327911 0.661574 0.379632 0.427305 0.158737 0.443741 0.410990 0.056307 0.548392 0.152068 0.336142 0.736633 -0.385198 0.703810 0.601195 0.247965 0.445298 
0.083610 0.241489 0.601047 0.548558 -0.327898 0.661589 0.379633 0.427306 0.158737 0.443741 0.410990 0.056307 0.548401 0.152075 0.336151 0.736648 -0.385191 0.703835 0.601206 0.247981 0.445324 
0.083610 0.241490 0.601047 0.548553 -0.327884 0.661605 0.379633 0.427306 0.158737 0.443741 0.410990 0.056308 0.548409 0.152082 0.336160 0.736663 -0.385185 0.703861 0.601213 0.247995 0.445352 
0.083610 0.241491 0.601047 0.548549 -0.327871 0.661619 0.379633 0.427306 0.158737 0.443740 0.410990 0.056308 0.548418 0.152089 0.336169 0.736678 -0.385179 0.703885 0.601223 0.248010 0.445377 
0.083611 0.241492 0.601048 0.548545 -0.327857 0.661635 0.379633 0.427307 0.158737 0.443740 0.410990 0.056308 0.548425 0.152097 0.336179 0.736690 -0.385170 0.703910 0.601235 0.248027 0.445400 
0.083611 0.241494 0.601048 0.548543 -0.327828 0.661662 0.379634 0.427307 0.158737 0.443740 0.410990 0.056309 0.548427 0.152110 0.336191 0.736685 -0.385140 0.703942 0.601247 0.248051 0.445415 
0.083611 0.241496 0.601049 0.548543 -0.327777 0.661706 0.379634 0.427307 0.158737 0.443739 0.410989 0.056310 0.548421 0.152134 0.336208 0.736652 -0.385073 0.703990 0.601272 0.248092 0.445410 
0.083612 0.241499 0.601050 0.548547 -0.327700 0.661770 0.379634 0.427307 0.158737 0.443737 0.410989 0.056312 0.548407 0.152170 0.336233 0.736598 -0.384961 0.704068 0.601306 0.248147 0.445376 
0.083613 0.241502 0.601051 0.548551 -0.327602 0.661853 0.379634 0.427307 0.158737 0.443735 0.410988 0.056314 0.548389 0.152216 0.336264 0.736532 -0.384813 0.704175 0.601347 0.248214 0.445324 
0.083612 0.241506 0.601048 0.548553 -0.327491 0.661945 0.379660 0.427318 0.158753 0.443749 0.410987 0.056330 0.548381 0.152277 0.336298 0.736464 -0.384647 0.704302 0.601388 0.248288 0.445269 
0.083613 0.241510 0.601050 0.548556 -0.327380 0.662040 0.379660 0.427319 0.158753 0.443747 0.410986 0.056332 0.548364 0.152330 0.336335 0.736402 -0.384479 0.704436 0.601430 0.248360 0.445213 
0.083614 0.241513 0.601051 0.548557 -0.327275 0.662130 0.379661 0.427319 0.158753 0.443745 0.410985 0.056335 0.548351 0.152379 0.336371 0.736351 -0.384323 0.704566 0.601471 0.248429 0.445164 
0.083613 0.241517 0.601050 0.548555 -0.327183 0.662209 0.379674 0.427324 0.158760 0.443701 0.410974 0.056372 0.548337 0.152419 0.336405 0.736310 -0.384187 0.704685 0.601503 0.248488 0.445125 
0.083614 0.241519 0.601051 0.548555 -0.327102 0.662279 0.379674 0.427324 0.158760 0.443700 0.410973 0.056374 0.548329 0.152458 0.336434 0.736276 -0.384068 0.704790 0.601537 0.248542 0.445092 
0.083614 0.241522 0.601051 0.548555 -0.327030 0.662340 0.379674 0.427324 0.158759 0.443698 0.410973 0.056376 0.548322 0.152491 0.336459 0.736246 -0.383963 0.704883 0.601563 0.248588 0.445063 
0.083615 0.241524 0.601052 0.548555 -0.326964 0.662398 0.379674 0.427324 0.158759 0.443697 0.410972 0.056377 0.548316 0.152523 0.336482 0.736216 -0.383864 0.704967 0.601590 0.248633 0.445035 
0.083614 0.241526 0.601050 0.548555 -0.326897 0.662455 0.379703 0.427336 0.158778 0.443715 0.410972 0.056392 0.548319 0.152565 0.336503 0.736185 -0.383766 0.705050 0.601615 0.248677 0.445005 
0.083615 0.241529 0.601051 0.548555 -0.326827 0.662515 0.379703 0.427336 0.158778 0.443713 0.410971 0.056394 0.548310 0.152598 0.336527 0.736150 -0.383663 0.705137 0.601639 0.248722 0.444977 
0.083616 0.241531 0.601052 0.548551 -0.326755 0.662579 0.379703 0.427336 0.158778 0.443712 0.410971 0.056396 0.548301 0.152633 0.336552 0.736114 -0.383557 0.705233 0.601649 0.248764 0.444957 
0.083617 0.241534 0.601053 0.548545 -0.326681 0.662647 0.379703 0.427336 0.158778 0.443711 0.410970 0.056398 0.548291 0.152670 0.336579 0.736079 -0.383446 0.705336 0.601649 0.248805 0.444943 
0.083617 0.241537 0.601054 0.548538 -0.326605 0.662717 0.379704 0.427336 0.158778 0.443710 0.410969 0.056400 0.548281 0.152708 0.336607 0.736043 -0.383335 0.705443 0.601644 0.248844 0.444934 
0.083618 0.241539 0.601055 0.548530 -0.326529 0.662787 0.379705 0.427336 0.158779 0.443709 0.410968 0.056402 0.548272 0.152746 0.336634 0.736009 -0.383223 0.705551 0.601645 0.248886 0.444920 
0.083620 0.241541 0.601054 0.548523 -0.326454 0.662855 0.379739 0.427350 0.158800 0.443730 0.410967 0.056420 0.548278 0.152796 0.336661 0.735983 -0.383116 0.705658 0.601642 0.248927 0.444917 
0.083616 0.241543 0.601053 0.548498 -0.326361 0.662952 0.379762 0.427359 0.158818 0.443757 0.410968 0.056427 0.548296 0.152856 0.336702 0.735987 -0.382987 0.705842 0.601617 0.248969 0.444947 
0.083617 0.241546 0.601054 0.548492 -0.326285 0.663021 0.379763 0.427359 0.158819 0.443756 0.410967 0.056429 0.548289 0.152893 0.336730 0.735960 -0.382876 0.705951 0.601625 0.249012 0.444931 
0.083618 0.241547 0.601055 0.548490 -0.326227 0.663072 0.379763 0.427359 0.158819 0.443755 0.410967 0.056431 0.548274 0.152922 0.336748 0.735913 -0.382785 0.706020 0.601622 0.249041 0.444907 
0.083618 0.241549 0.601056 0.548489 -0.326177 0.663115 0.379763 0.427359 0.158819 0.443754 0.410966 0.056433 0.548257 0.152946 0.336762 0.735863 -0.382704 0.706074 0.601617 0.249068 0.444885 
0.083619 0.241550 0.601057 0.548486 -0.326126 0.663160 0.379765 0.427359 0.158820 0.443754 0.410965 0.056435 0.548243 0.152972 0.336777 0.735821 -0.382625 0.706134 0.601603 0.249089 0.444869 
0.083620 0.241552 0.601058 0.548481 -0.326073 0.663209 0.379767 0.427359 0.158821 0.443755 0.410964 0.056438 0.548233 0.152999 0.336795 0.735786 -0.382544 0.706205 0.601594 0.249115 0.444859 
