0.682372 0.731005 0.000099 -0.847625 -0.530596 0.000178 0.532089 -0.846688 -0.000093 0.998725 -0.050472 -0.000003 -0.714374 0.699763 -0.001582 -0.999925 0.012228 0.000351 
0.682373 0.731004 0.000091 -0.847620 -0.530604 0.000147 0.532096 -0.846684 -0.000089 0.998726 -0.050469 0.000010 -0.714374 0.699763 -0.001471 -0.999925 0.012227 0.000321 
0.682373 0.731005 0.000074 -0.847855 -0.530228 0.000170 0.531720 -0.846920 -0.000078 0.998725 -0.050483 0.000004 -0.714375 0.699762 -0.001352 -0.999926 0.012153 0.000288 
0.682372 0.731005 0.000051 -0.849286 -0.527933 0.000151 0.529427 -0.848355 -0.000108 0.998692 -0.051123 0.000003 -0.714375 0.699762 -0.001242 -0.999924 0.012337 0.000285 
0.682373 0.731004 0.000037 -0.851245 -0.524769 0.000143 0.526267 -0.850319 0.000154 0.998655 -0.051842 -0.000060 -0.714374 0.699763 -0.001147 -0.999923 0.012425 0.000266 
0.682373 0.731004 0.000032 -0.853117 -0.521720 0.000157 0.523222 -0.852196 0.000790 0.998622 -0.052479 -0.000222 -0.714374 0.699763 -0.001072 -0.999923 0.012434 0.000245 
0.682375 0.731003 0.000021 -0.854211 -0.519927 0.000233 0.521430 -0.853292 0.001723 0.998602 -0.052858 -0.000463 -0.714374 0.699763 -0.000998 -0.999923 0.012447 0.000204 
0.682315 0.731059 0.000530 -0.854971 -0.518675 0.000412 0.520179 -0.854052 0.002858 0.998587 -0.053139 -0.000809 -0.714428 0.699705 -0.002339 -0.999922 0.012482 0.000350 
0.682865 0.730538 -0.002884 -0.855552 -0.517716 0.000583 0.519220 -0.854630 0.004232 0.998545 -0.053925 -0.000382 -0.713901 0.700227 -0.005262 -0.999911 0.013232 0.001714 
0.682826 0.730580 -0.001289 -0.856162 -0.516707 0.000686 0.518208 -0.855231 0.006415 0.998536 -0.054075 -0.001152 -0.713932 0.700189 -0.006018 -0.999912 0.013164 0.001438 
0.682746 0.730656 0.000666 -0.856709 -0.515800 0.000626 0.517292 -0.855763 0.008869 0.998529 -0.054172 -0.002154 -0.714000 0.700118 -0.006191 -0.999914 0.013056 0.001101 
0.682761 0.730641 0.000904 -0.857003 -0.515310 0.001231 0.516795 -0.856028 0.011804 0.998520 -0.054292 -0.003139 -0.713985 0.700134 -0.006139 -0.999914 0.013074 0.001007 
0.682761 0.730641 0.000770 -0.857101 -0.515140 0.002861 0.516628 -0.856073 0.015319 0.998511 -0.054373 -0.004473 -0.713984 0.700133 -0.006323 -0.999914 0.013111 0.000926 
0.682761 0.730641 0.000632 -0.857242 -0.514884 0.005536 0.516393 -0.856120 0.019909 0.998496 -0.054487 -0.006047 -0.713974 0.700123 -0.008280 -0.999913 0.013150 0.000854 
0.682761 0.730641 0.000486 -0.857562 -0.514302 0.008936 0.515860 -0.856295 0.025441 0.998473 -0.054685 -0.007784 -0.713949 0.700100 -0.011683 -0.999913 0.013192 0.000791 
0.683153 0.730275 -0.000495 -0.858119 -0.513288 0.012961 0.514934 -0.856632 0.032006 0.998443 -0.054960 -0.009517 -0.713541 0.700434 -0.015828 -0.999912 0.013235 0.000734 
0.683271 0.730155 -0.003872 -0.858650 -0.512242 0.018143 0.514053 -0.856840 0.039697 0.998412 -0.055278 -0.010820 -0.713406 0.700439 -0.020903 -0.999912 0.013270 0.000675 
0.683474 0.729912 -0.009648 -0.859050 -0.511320 0.024177 0.513387 -0.856783 0.048540 0.998388 -0.055565 -0.011586 -0.713206 0.700437 -0.026927 -0.999911 0.013297 0.000623 
0.686821 0.726698 -0.013642 -0.860926 -0.508486 0.015739 0.510077 -0.858545 0.052168 0.998418 -0.055706 0.007676 -0.710091 0.704002 -0.012296 -0.999698 0.012908 -0.020912 
0.725832 0.687725 -0.014222 -0.860247 -0.509877 -0.000266 0.510862 -0.858479 0.045108 0.998366 -0.045594 0.034452 -0.670170 0.742194 -0.004488 -0.999045 0.007536 -0.043042 
0.767541 0.640890 -0.011844 -0.860844 -0.508866 0.001790 0.509958 -0.859075 0.043966 0.997348 -0.027264 0.067482 -0.622239 0.782817 0.004052 -0.996716 -0.003927 -0.080886 
0.735593 0.677261 -0.014836 -0.659510 0.751642 -0.008972 0.504278 -0.862664 0.038925 0.994505 -0.020164 0.102728 -0.864237 -0.503083 0.001602 -0.993194 -0.019113 -0.114895 
0.720162 0.693295 -0.026635 0.499899 -0.865199 0.039127 0.993456 -0.002663 0.114183 -0.676145 0.736717 -0.008722 -0.866788 -0.498671 0.002431 -0.991347 -0.042030 -0.124356 
0.684269 0.720267 -0.113983 0.478262 -0.877754 0.028514 0.993202 0.015822 0.115325 -0.712039 0.698394 -0.072434 -0.879026 -0.476723 0.006951 -0.994664 -0.071135 -0.074722 
0.646700 0.749571 -0.141146 0.448691 -0.893514 0.017582 0.994285 0.083887 0.066037 -0.744226 0.666762 -0.039436 -0.894474 -0.446989 0.010811 -0.985663 -0.168180 -0.013582 
0.648384 0.761084 -0.018695 0.461859 -0.886811 0.015894 0.988930 0.148341 -0.003509 -0.745302 0.666699 0.006010 -0.887740 -0.460073 0.015835 -0.969806 -0.243874 -0.000957 
0.650981 0.759094 0.000203 0.447759 -0.893825 0.024263 0.987439 0.153277 -0.038354 -0.743207 0.669052 0.003483 -0.894414 -0.444823 0.046435 -0.967670 -0.251666 0.016680 
0.651022 0.759059 0.000168 0.447804 -0.893830 0.023219 0.983180 0.163039 -0.082311 -0.743172 0.669092 0.003296 -0.890740 -0.441479 0.108062 -0.965096 -0.258170 0.044032 
0.651026 0.759055 0.000131 0.450412 -0.892432 0.026362 0.976226 0.175861 -0.126715 -0.743169 0.669097 0.003149 -0.881853 -0.437937 0.174777 -0.960643 -0.268635 0.070710 
0.651028 0.759053 0.000082 0.452378 -0.891080 0.036479 0.968833 0.188527 -0.160688 -0.743166 0.669099 0.003291 -0.873378 -0.432226 0.224483 -0.955231 -0.281611 0.090712 
0.651031 0.759051 0.000002 0.452865 -0.890090 0.051509 0.962477 0.199582 -0.183860 -0.743162 0.669100 0.003873 -0.868246 -0.424956 0.256048 -0.949867 -0.295069 0.103379 
0.651032 0.759050 -0.000044 0.454522 -0.888145 0.067879 0.956484 0.210452 -0.202111 -0.743157 0.669100 0.004776 -0.864342 -0.419115 0.277949 -0.944400 -0.308739 0.113086 
0.650965 0.759108 -0.000108 0.457781 -0.884981 0.085122 0.949593 0.222185 -0.221151 -0.743214 0.669031 0.005509 -0.859394 -0.413646 0.300565 -0.938223 -0.323255 0.123467 
0.648262 0.761409 -0.003611 0.461635 -0.881011 0.103501 0.941716 0.233373 -0.242300 -0.745580 0.666404 0.004095 -0.852578 -0.406096 0.328932 -0.931230 -0.337863 0.136602 
0.648028 0.761531 -0.011389 0.466802 -0.875891 0.122112 0.932825 0.244674 -0.264523 -0.745724 0.666239 0.004672 -0.843942 -0.397554 0.360156 -0.923712 -0.351959 0.151262 
0.645365 0.763573 -0.021467 0.471617 -0.870478 0.140876 0.924073 0.253121 -0.286389 -0.747908 0.663782 0.005212 -0.834859 -0.386930 0.391530 -0.916378 -0.363852 0.166922 
0.642178 0.765878 -0.032222 0.476589 -0.864454 0.159943 0.915271 0.259919 -0.307770 -0.750460 0.660893 0.005414 -0.825451 -0.374983 0.421921 -0.909056 -0.374397 0.182877 
0.639009 0.767969 -0.043488 0.481692 -0.857670 0.179934 0.906427 0.265553 -0.328437 -0.752976 0.658041 0.003168 -0.815978 -0.361599 0.451028 -0.901593 -0.384086 0.199019 
0.636317 0.769452 -0.055175 0.486957 -0.850075 0.200614 0.897419 0.269830 -0.349043 -0.879489 -0.384406 0.280592 -0.755056 0.655660 -0.000293 
0.635848 0.768909 -0.066902 0.492212 -0.841723 0.221880 0.887971 0.272689 -0.370335 -0.872399 -0.386341 0.299435 -0.755070 0.655644 -0.000578 
0.634748 0.771095 -0.050068 0.497979 -0.833586 0.239064 0.876945 0.271416 -0.396613 -0.865963 -0.386061 0.317907 -0.756638 0.653824 -0.003494 
0.634791 0.771186 -0.048087 0.501826 -0.826707 0.254413 0.867825 0.269269 -0.417581 -0.860257 -0.384607 0.334716 -0.756652 0.653809 -0.003468 
-0.857621 -0.380659 0.345812 0.490948 -0.821029 0.291343 -0.906940 0.220638 -0.358856 -0.996393 -0.074701 -0.040255 0.860524 0.264068 -0.435621 0.271007 0.957774 -0.096046 0.932219 0.357959 0.053226 
-0.858766 -0.373574 0.350662 0.484097 -0.819084 0.307819 -0.912157 0.174767 -0.370710 -0.997783 -0.063921 -0.018503 0.859288 0.255174 -0.443296 0.279297 0.927041 -0.250177 0.933082 0.357361 0.040642 
-0.860416 -0.364871 0.355742 0.479543 -0.817638 0.318602 -0.910473 0.097588 -0.401889 -0.998123 -0.061229 0.001069 0.859060 0.244267 -0.449832 0.258476 0.892861 -0.368767 0.930668 0.364613 0.030233 
-0.858929 -0.358623 0.365554 0.479581 -0.810204 0.337003 -0.904287 0.046502 -0.424386 -0.998081 -0.061919 0.000941 0.855157 0.235407 -0.461833 0.251199 0.861718 -0.440842 0.928216 0.370501 0.033821 
-0.852766 -0.356939 0.381293 -0.903585 0.032326 -0.427188 -0.998073 -0.062042 0.000835 0.486634 -0.793122 0.366258 0.767553 0.194371 -0.610805 0.869755 0.242952 -0.429535 0.249605 0.850143 -0.463631 0.927428 0.372735 0.030741 
-0.845677 -0.355025 0.398481 -0.904540 0.024617 -0.425678 -0.998112 -0.061408 0.000744 0.496940 -0.772970 0.394420 0.759365 0.173893 -0.626998 0.861084 0.244424 -0.445860 0.246084 0.845422 -0.474029 0.927380 0.373424 0.022807 
-0.841176 -0.350039 0.412184 -0.905921 0.006005 -0.423403 -0.998636 -0.052201 0.000661 0.505666 -0.756109 0.415454 0.753703 0.159496 -0.637568 0.857406 0.239446 -0.455545 0.237989 0.834261 -0.497364 0.929295 0.369101 0.013203 
-0.839273 -0.344360 0.420758 -0.998771 -0.026760 -0.041711 0.512699 -0.741331 0.433091 0.752975 0.152682 -0.640091 0.857962 0.230828 -0.458933 0.227286 0.809433 -0.541441 0.935184 0.354154 0.002506 
-0.838942 -0.338573 0.426081 -0.999129 0.000207 -0.041716 0.518105 -0.726114 0.452024 0.756307 0.149098 -0.637000 0.860434 0.220740 -0.459269 0.222575 0.782660 -0.581295 0.943015 0.332631 -0.008862 
-0.840138 -0.331246 0.429470 -0.998794 0.011488 -0.047737 0.520849 -0.709882 0.474114 0.762639 0.144633 -0.630446 0.864563 0.209205 -0.456908 0.226388 0.758527 -0.611053 0.946335 0.322739 -0.017015 
-0.842233 -0.321281 0.432923 -0.998317 0.014825 -0.056059 0.522357 -0.693334 0.496418 0.768554 0.138018 -0.624720 0.869806 0.195116 -0.453174 0.229492 0.725450 -0.648888 0.947642 0.318469 -0.023513 
-0.844602 -0.308600 0.437509 -0.997757 0.011293 -0.065975 0.522985 -0.674972 0.520481 0.773428 0.126808 -0.621071 0.875072 0.179461 -0.449491 0.235799 0.683680 -0.690638 0.947241 0.319187 -0.029228 
-0.847127 -0.293409 0.443043 -0.997061 0.005474 -0.076412 0.522685 -0.653746 0.547189 0.244490 0.636758 -0.731276 0.946472 0.320859 -0.035200 0.879941 0.162765 -0.446332 0.777736 0.110547 -0.618794 
-0.850691 -0.275327 0.447794 -0.996294 -0.003031 -0.085962 0.519940 -0.630135 0.576709 0.254582 0.590167 -0.766088 0.945265 0.323518 -0.042554 0.885220 0.144260 -0.442237 0.782970 0.089573 -0.615577 
-0.855702 -0.254145 0.450761 -0.995526 -0.013974 -0.093445 0.514459 -0.604403 0.608300 0.266002 0.546659 -0.793981 0.943696 0.326696 -0.052027 0.891323 0.123271 -0.436287 0.789395 0.064727 -0.610464 
-0.862220 -0.229933 0.451339 -0.994758 -0.025870 -0.098935 0.505862 -0.575749 0.642353 0.278811 0.506158 -0.816130 0.942192 0.329011 -0.063444 0.898237 0.099879 -0.428012 0.797292 0.035845 -0.602529 
0.493919 -0.543501 0.678713 -0.870173 -0.202106 0.449391 -0.993933 -0.038634 -0.102981 0.293616 0.467527 -0.833792 0.940951 0.329657 -0.077059 0.906081 0.073968 -0.416588 0.806578 0.002831 -0.591120 
0.478572 -0.506978 0.716898 -0.879530 -0.171282 0.443948 -0.993051 -0.051140 -0.105989 0.309319 0.426380 -0.850013 0.939913 0.329050 -0.091048 0.914403 0.045377 -0.402254 0.816906 -0.034409 -0.575743 
0.459408 -0.465725 0.756336 -0.890298 -0.137194 0.434220 -0.991929 -0.064033 -0.109439 0.324750 0.378852 -0.866607 0.938939 0.327448 -0.105700 0.923595 0.014516 -0.383094 0.828358 -0.075080 -0.555145 
0.933746 -0.018290 -0.357469 -0.902516 -0.100367 0.418798 -0.990789 -0.075864 -0.112165 0.340231 0.330538 -0.880334 0.938741 0.322565 -0.121318 0.436124 -0.419939 0.795894 0.840890 -0.117565 -0.528283 
-0.977817 -0.074348 0.195820 0.944999 -0.052109 -0.322895 0.356549 0.276907 -0.892298 0.938947 0.315058 -0.138264 0.408602 -0.368733 0.834913 0.854080 -0.161382 -0.494472 
-0.982744 -0.054165 0.176863 0.957597 -0.086244 -0.274900 0.375633 0.217252 -0.900945 0.938420 0.306950 -0.158587 0.372699 -0.307505 0.875520 0.869023 -0.209180 -0.448378 
-0.988753 -0.033263 0.145812 0.936500 0.294594 -0.190214 0.968684 -0.121661 -0.216446 0.318751 -0.228346 0.919922 0.887786 -0.263083 -0.377655 
0.941679 0.275709 -0.192936 0.979284 -0.155423 -0.129794 -0.996353 -0.009899 0.084756 -0.479180 0.008501 0.877676 0.236637 -0.145255 0.960679 0.908103 -0.315045 -0.275856 
0.947986 0.243763 -0.204703 0.983253 -0.182137 -0.006242 -0.999694 0.014936 0.019740 -0.529581 0.057952 0.846277 0.922894 -0.355834 -0.147135 
0.923110 -0.384527 0.002629 0.969045 -0.200575 0.143946 0.800291 0.197603 0.566116 0.939097 0.192588 -0.284616 -0.584276 0.044804 0.810317 -0.997487 0.041047 -0.057747 
0.914193 -0.177932 0.364132 -0.997789 0.055930 0.035894 -0.637787 0.042524 0.769038 0.762079 0.179535 0.622095 0.948380 0.143802 -0.282661 0.931608 -0.359409 0.054150 
0.933621 -0.358208 0.006317 0.920398 -0.183757 0.345109 0.747304 0.200634 0.633469 0.955958 0.112015 -0.271286 -0.657343 0.083852 0.748912 -0.996217 0.070819 0.050359 
0.917850 -0.395800 -0.029891 0.919932 -0.204717 0.334389 0.730756 0.230292 0.642621 0.963657 0.090199 -0.251456 -0.677383 0.127980 0.724413 -0.994687 0.092542 0.045101 
0.898962 -0.435027 -0.051170 0.925950 -0.224496 0.303674 0.705863 0.250093 0.662730 0.972844 0.070421 -0.220490 -0.704720 0.153333 0.692718 -0.992611 0.115123 0.038355 
0.885692 -0.458404 -0.073594 0.934959 -0.241284 0.260066 0.674796 0.250526 0.694181 0.981950 0.052452 -0.181723 -0.736115 0.161150 0.657393 -0.990345 0.133684 0.036678 
0.879600 -0.466306 -0.094138 0.932749 -0.248279 0.261415 0.660448 0.250467 0.707867 0.982491 0.039375 -0.182101 -0.749594 0.164742 0.641068 -0.988970 0.143300 0.037459 
0.882426 -0.457175 -0.110970 0.931475 -0.250847 0.263498 0.660543 0.247847 0.708699 0.982772 0.033473 -0.181766 -0.749609 0.164946 0.640998 -0.988682 0.144605 0.039974 
0.888490 -0.445457 -0.110241 0.929639 -0.250605 0.270126 0.666138 0.242730 0.705225 0.982907 0.031968 -0.181306 -0.744656 0.163459 0.647124 -0.989008 0.142548 0.039274 
0.894848 -0.433925 -0.104674 0.925925 -0.250363 0.282808 -0.738639 0.161993 0.654347 0.672764 0.238255 0.700445 0.983080 0.033226 -0.180138 -0.989674 0.138998 0.035006 
0.899091 -0.426120 -0.100290 0.922141 -0.250822 0.294524 -0.988851 0.135379 -0.062026 -0.733962 0.158925 0.660335 0.677712 0.235601 0.696562 0.983217 0.036323 -0.178790 
0.901327 -0.422455 -0.095612 0.918947 -0.251391 0.303874 -0.988868 0.133289 -0.066130 -0.731491 0.151293 0.664854 0.680026 0.233367 0.695057 0.983161 0.039933 -0.178328 
0.960257 -0.262635 0.094495 -0.988936 0.131428 -0.068792 -0.731006 0.139774 0.667903 0.679989 0.230856 0.695931 0.982899 0.044124 -0.178782 0.902544 -0.420881 -0.090954 
0.959716 -0.262565 0.100020 -0.989041 0.129558 -0.070803 -0.731156 0.127897 0.670114 0.679313 0.226885 0.697894 0.982536 0.048586 -0.179618 0.903596 -0.419451 -0.087037 
-0.698407 -0.173413 -0.694374 -0.475129 -0.879847 -0.011020 0.958677 -0.263554 0.107131 -0.706180 0.009276 0.707972 -0.343132 0.938972 -0.024350 0.981490 0.049930 -0.184891 0.664432 0.207600 0.717936 0.904449 -0.418615 -0.082060 
-0.850110 -0.202153 -0.486259 -0.486971 -0.873418 -0.000853 0.957737 -0.268881 0.102188 -0.525334 0.389594 0.756465 -0.322658 0.945816 -0.036391 0.979119 0.049144 -0.197258 0.612144 0.161435 0.774092 0.903326 -0.419769 -0.088294 
-0.964555 -0.161547 -0.208655 -0.504640 -0.863177 0.016243 0.917263 -0.258169 0.303279 0.901185 -0.423006 -0.094510 -0.257069 0.753695 0.604863 -0.310072 0.949321 -0.051436 0.975988 0.043928 -0.213349 0.536080 0.111578 0.836760 
-0.300953 0.951810 -0.059036 -0.992296 -0.102217 -0.070009 -0.524342 -0.851121 0.025661 0.917871 -0.254462 0.304568 0.902036 -0.423911 -0.081422 0.972214 0.039819 -0.230682 0.471614 0.073255 0.878757 
-0.300644 0.951804 -0.060681 -0.996815 -0.078057 -0.016335 -0.527655 -0.849265 0.018150 0.912439 -0.250104 0.323887 0.903677 -0.423527 -0.063194 0.969306 0.040905 -0.242431 0.454162 0.063730 0.888637 
-0.304081 0.950709 -0.060717 -0.996212 -0.081532 -0.030238 -0.527419 -0.849481 0.014533 0.904936 -0.422136 -0.053775 0.967832 0.046165 -0.247324 0.466498 0.072243 0.881567 0.957329 -0.261276 0.123516 
-0.307219 0.949724 -0.060345 -0.994150 -0.091712 -0.057048 -0.527606 -0.849385 0.013342 0.902873 -0.247450 0.351551 0.905538 -0.422109 -0.042722 0.966172 0.050287 -0.252948 0.475353 0.079217 0.876221 
-0.309143 0.949110 -0.060165 -0.992997 -0.095440 -0.069622 -0.527957 -0.849162 0.013622 0.898651 -0.245433 0.363579 0.905707 -0.422762 -0.031111 0.963477 0.051906 -0.262711 0.477633 0.082743 0.874655 
-0.309922 0.948862 -0.060079 -0.992846 -0.095541 -0.071618 -0.528861 -0.848571 0.015293 0.895406 -0.242080 0.373692 0.904958 -0.425097 -0.018535 0.959758 0.050802 -0.276195 0.474706 0.082583 0.876261 
-0.310187 0.948775 -0.060078 -0.992905 -0.095555 -0.070775 -0.530280 -0.847635 0.017844 0.892219 -0.238658 0.383390 0.903288 -0.429002 -0.005307 0.955425 0.047555 -0.291377 0.470234 0.082741 0.878655 
-0.309910 0.948883 -0.059808 -0.993112 -0.095368 -0.068074 0.888526 -0.235590 0.393724 0.901237 -0.433258 0.007712 0.950494 0.043217 -0.307721 0.460931 0.080087 0.883815 -0.530188 -0.841448 0.104235 
-0.309403 0.949066 -0.059532 -0.993558 -0.094461 -0.062609 0.884895 -0.233200 0.403210 0.898836 -0.437837 0.019829 0.945614 0.038270 -0.323031 0.451150 0.076731 0.889144 -0.533029 -0.839302 0.107010 
-0.308476 0.949366 -0.059552 -0.994095 -0.093453 -0.055153 0.896120 -0.442684 0.031613 0.941089 0.032451 -0.336599 0.445247 0.074693 0.892287 -0.536035 -0.837029 0.109769 0.356589 -0.085321 0.930357 0.939766 -0.248901 0.234281 
-0.307516 0.949684 -0.059451 -0.994386 -0.093377 -0.049772 0.893361 -0.447410 0.041601 0.936718 0.027041 -0.349040 0.442198 0.071964 0.894026 -0.538875 -0.834897 0.112077 0.352481 -0.072415 0.933013 0.936810 -0.250581 0.244125 
-0.307217 0.949797 -0.059194 -0.994260 -0.094920 -0.049362 0.891587 -0.450433 0.046718 0.933554 0.023955 -0.357634 0.442772 0.070223 0.893880 -0.540621 -0.833618 0.113180 0.348663 -0.063194 0.935115 0.933730 -0.252281 0.253973 
-0.307442 0.949747 -0.058828 -0.994070 -0.096599 -0.049929 -0.541676 -0.832985 0.112795 0.932490 0.023100 -0.360456 0.444661 0.068978 0.893039 0.345824 -0.060259 0.936362 0.931592 -0.253939 0.260100 0.890514 -0.452227 0.049748 
-0.307581 0.949725 -0.058455 -0.994213 -0.095635 -0.048924 -0.542257 -0.832842 0.111049 0.932827 0.023866 -0.359534 0.446374 0.067042 0.892332 0.343870 -0.061964 0.936971 0.930401 -0.255151 0.263158 0.889974 -0.453058 0.051809 
-0.307877 0.949638 -0.058307 -0.994414 -0.093706 -0.048580 -0.542135 -0.833276 0.108350 0.934331 0.026160 -0.355444 0.451276 0.067009 0.889865 0.342274 -0.066919 0.937214 0.929871 -0.255663 0.264530 0.890191 -0.452574 0.052317 
-0.307949 0.949631 -0.058041 -0.994670 -0.091549 -0.047444 -0.541430 -0.833976 0.106474 0.936186 0.029201 -0.350290 0.453201 0.064389 0.889080 0.341377 -0.074139 0.936998 0.930729 -0.255848 0.261313 0.890961 -0.451375 0.049486 
-0.308075 0.949587 -0.058098 -0.994822 -0.089927 -0.047362 -0.540502 -0.834775 0.104916 0.938451 0.031915 -0.343936 0.456900 0.064806 0.887154 0.342086 -0.081663 0.936114 0.932305 -0.255275 0.256206 0.891959 -0.449729 0.046399 
-0.308200 0.949543 -0.058146 -0.994919 -0.088623 -0.047775 -0.539917 -0.835305 0.103705 0.940144 0.033842 -0.339094 0.458436 0.065439 0.886315 0.342861 -0.087315 0.935319 0.933905 -0.254146 0.251458 0.892666 -0.448438 0.045285 
-0.308245 0.949525 -0.058190 -0.995053 -0.087120 -0.047744 -0.539435 -0.835701 0.103022 0.940844 0.034964 -0.337031 0.458393 0.065692 0.886319 0.343176 -0.089727 0.934976 0.934713 -0.253080 0.249524 0.893258 -0.447348 0.044390 
-0.308310 0.949499 -0.058277 -0.995082 -0.086427 -0.048390 -0.539110 -0.835923 0.102925 0.941008 0.035438 -0.336522 0.458717 0.066369 0.886100 0.343509 -0.090045 0.934823 0.935009 -0.252413 0.249092 0.893657 -0.446602 0.043865 
-0.308351 0.949478 -0.058399 -0.994991 -0.086951 -0.049313 -0.539118 -0.835878 0.103246 0.940868 0.035362 -0.336922 0.458500 0.066557 0.886198 0.343784 -0.089442 0.934780 0.935158 -0.252008 0.248940 0.893787 -0.446329 0.043984 
-0.308329 0.949486 -0.058388 -0.994896 -0.087420 -0.050399 -0.539176 -0.835798 0.103593 0.940498 0.035067 -0.337986 0.458064 0.066478 0.886430 0.343784 -0.088149 0.934902 0.935155 -0.251690 0.249274 0.893773 -0.446289 0.044665 
-0.308307 0.949494 -0.058378 -0.994828 -0.087879 -0.050943 -0.539333 -0.835649 0.103971 0.940040 0.034541 -0.339309 0.457442 0.066566 0.886744 0.343618 -0.086530 0.935115 0.934966 -0.251628 0.250043 0.893624 -0.446515 0.045396 
-0.308265 0.949508 -0.058365 -0.994794 -0.088226 -0.051006 -0.539546 -0.835464 0.104351 0.939558 0.033952 -0.340702 0.456831 0.066521 0.887063 0.343323 -0.084878 0.935374 0.934697 -0.251734 0.250939 0.893401 -0.446885 0.046127 
-0.308215 0.949522 -0.058400 -0.994773 -0.088439 -0.051034 -0.539548 -0.835416 0.104729 0.939187 0.033610 -0.341756 0.456720 0.066609 0.887113 0.343058 -0.083545 0.935591 0.934554 -0.251672 0.251536 0.893401 -0.446886 0.046131 
-0.308159 0.949539 -0.058437 -0.994760 -0.088562 -0.051088 -0.539537 -0.835396 0.104940 0.939045 0.033430 -0.342164 0.456554 0.066703 0.887192 0.343198 -0.082977 0.935591 0.934590 -0.251545 0.251528 0.893415 -0.446857 0.046132 
-0.308593 0.949351 -0.059189 -0.994719 -0.088829 -0.051407 -0.539894 -0.835106 0.105414 0.939320 0.033325 -0.341419 0.460169 0.070106 0.885059 0.343183 -0.082745 0.935617 0.934672 -0.251299 0.251471 0.893517 -0.446648 0.046182 
-0.308643 0.949330 -0.059271 -0.994768 -0.087969 -0.051949 -0.539720 -0.835229 0.105335 0.939374 0.033690 -0.341236 0.461181 0.070773 0.884479 0.343088 -0.082710 0.935655 0.934815 -0.250806 0.251433 0.893766 -0.446148 0.046202 
-0.308660 0.949322 -0.059304 -0.994799 -0.087485 -0.052175 -0.539616 -0.835307 0.105251 0.939448 0.033927 -0.341007 0.461514 0.071067 0.884282 0.343120 -0.082847 0.935631 0.934919 -0.250558 0.251290 0.893907 -0.445870 0.046157 
-0.308872 0.949233 -0.059622 -0.994789 -0.087428 -0.052460 -0.539734 -0.835216 0.105363 0.939608 0.034064 -0.340553 0.463265 0.072531 0.883247 0.343058 -0.082897 0.935649 0.934981 -0.250350 0.251267 0.894018 -0.445646 0.046171 
-0.308995 0.949183 -0.059781 -0.994802 -0.086929 -0.053023 -0.539592 -0.835328 0.105201 0.939804 0.034367 -0.339981 0.465400 0.074182 0.881986 0.342934 -0.083030 0.935683 0.935062 -0.249992 0.251322 0.894216 -0.445246 0.046187 
-0.309298 0.949055 -0.060250 -0.994793 -0.086398 -0.054063 -0.539459 -0.835434 0.105040 0.940202 0.034824 -0.338831 0.470136 0.077831 0.879156 0.342652 -0.083211 0.935770 0.935175 -0.249387 0.251503 0.894547 -0.444573 0.046270 
-0.309206 0.949091 -0.060144 -0.994794 -0.085809 -0.054976 -0.539186 -0.835647 0.104751 0.940194 0.035511 -0.338784 0.470035 0.076760 0.879303 0.342499 -0.083603 0.935791 0.935344 -0.248766 0.251489 0.894910 -0.443845 0.046224 
-0.309180 0.949096 -0.060209 -0.994803 -0.085440 -0.055375 -0.539011 -0.835784 0.104554 0.940349 0.035903 -0.338313 0.470939 0.077248 0.878777 0.342474 -0.083994 0.935765 0.935497 -0.248391 0.251293 0.895145 -0.443379 0.046149 
-0.309068 0.949137 -0.060127 -0.994816 -0.085217 -0.055498 -0.538919 -0.835855 0.104464 0.940333 0.036080 -0.338338 0.470320 0.076459 0.879177 0.342533 -0.084219 0.935723 0.935592 -0.248216 0.251109 0.895262 -0.443155 0.046035 
-0.309157 0.949095 -0.060334 -0.994790 -0.085115 -0.056103 -0.538836 -0.835917 0.104399 0.940542 0.036156 -0.337747 0.472795 0.078521 0.877667 0.342476 -0.084248 0.935742 0.935658 -0.247991 0.251086 0.895378 -0.442919 0.046059 
-0.309166 0.949092 -0.060334 -0.994743 -0.084985 -0.057126 -0.538760 -0.835971 0.104359 0.940492 0.036576 -0.337841 0.472575 0.077760 0.877853 0.342424 -0.084356 0.935751 0.935778 -0.247541 0.251084 0.895622 -0.442428 0.046036 
-0.309043 0.949137 -0.060252 -0.994754 -0.084682 -0.057389 -0.538634 -0.836064 0.104258 0.940466 0.036930 -0.337874 0.471722 0.076792 0.878397 0.342497 -0.084609 0.935701 0.935910 -0.247279 0.250850 0.895784 -0.442110 0.045923 
-0.309365 0.948998 -0.060803 -0.994643 -0.084740 -0.059196 -0.538570 -0.836107 0.104243 0.940821 0.037374 -0.336837 0.476400 0.080320 0.875552 0.342284 -0.084677 0.935773 0.936048 -0.246548 0.251053 0.896165 -0.441342 0.045889 
-0.309475 0.948961 -0.060810 -0.994566 -0.084378 -0.060983 -0.538316 -0.836292 0.104076 0.940816 0.038229 -0.336754 0.476602 0.079747 0.875495 0.342167 -0.084913 0.935795 0.936273 -0.245653 0.251093 0.896651 -0.440364 0.045782 
-0.309642 0.948900 -0.060921 -0.994462 -0.083887 -0.063318 -0.537882 -0.836611 0.103753 0.940996 0.039208 -0.336139 0.478766 0.080999 0.874198 0.341979 -0.085154 0.935842 0.936538 -0.244564 0.251166 0.897228 -0.439189 0.045783 
-0.309744 0.948867 -0.060916 -0.994395 -0.083432 -0.064950 -0.537525 -0.836875 0.103477 0.941137 0.040078 -0.335642 0.479445 0.081183 0.873809 0.341949 -0.085606 0.935811 0.936827 -0.243723 0.250906 0.897699 -0.438233 0.045703 
-0.309815 0.948843 -0.060919 -0.994362 -0.083042 -0.065936 -0.537218 -0.837098 0.103265 0.941280 0.040711 -0.335164 0.479753 0.081371 0.873622 0.342059 -0.086050 0.935730 0.937058 -0.243104 0.250643 0.898078 -0.437490 0.045366 
-0.309875 0.948818 -0.061013 -0.994337 -0.082760 -0.066671 -0.536949 -0.837288 0.103125 0.941488 0.041136 -0.334526 0.480565 0.082287 0.873090 0.342283 -0.086451 0.935611 0.937285 -0.242597 0.250287 0.898399 -0.436875 0.044936 
-0.309927 0.948796 -0.061079 -0.994253 -0.082742 -0.067935 -0.536698 -0.837461 0.103023 0.941629 0.041549 -0.334078 0.481320 0.082986 0.872608 0.342471 -0.086688 0.935521 0.937505 -0.242047 0.249994 0.898709 -0.436263 0.044677 
-0.310013 0.948761 -0.061192 -0.994132 -0.082890 -0.069502 -0.536457 -0.837625 0.102946 0.941797 0.041934 -0.333555 0.482603 0.084173 0.871785 0.342642 -0.086840 0.935444 0.937730 -0.241473 0.249704 0.899014 -0.435652 0.044505 
-0.310176 0.948694 -0.061405 -0.993965 -0.083165 -0.071537 -0.536198 -0.837802 0.102860 0.942036 0.042354 -0.332828 0.485077 0.086337 0.870199 0.342732 -0.086904 0.935405 0.937944 -0.240813 0.249539 0.899351 -0.434964 0.044427 
-0.310223 0.948680 -0.061384 -0.993786 -0.083410 -0.073697 -0.535904 -0.838004 0.102749 0.942051 0.042925 -0.332711 0.485532 0.086426 0.869937 0.342783 -0.086934 0.935383 0.938145 -0.240098 0.249475 0.899720 -0.434213 0.044303 
-0.310229 0.948678 -0.061376 -0.993671 -0.083533 -0.075097 -0.535627 -0.838190 0.102674 0.942128 0.043339 -0.332440 0.485544 0.086493 0.869923 0.343046 -0.087164 0.935266 0.938371 -0.239547 0.249153 0.900043 -0.433586 0.043890 
-0.310198 0.948684 -0.061446 -0.993627 -0.083479 -0.075736 -0.535399 -0.838338 0.102657 0.877295 -0.223475 0.424750 0.942266 0.043610 -0.332014 0.485456 0.086766 0.869945 0.900321 -0.433061 0.043368 
-0.310182 0.948685 -0.061521 -0.993575 -0.083425 -0.076484 -0.535146 -0.838501 0.102644 0.877647 -0.223140 0.424198 0.942419 0.043883 -0.331544 0.485464 0.087221 0.869895 0.900611 -0.432516 0.042777 
-0.310368 0.948603 -0.061844 -0.993515 -0.083374 -0.077310 -0.534878 -0.838672 0.102636 0.878010 -0.222756 0.423648 0.942820 0.044012 -0.330383 0.487801 0.090119 0.868291 0.900926 -0.431914 0.042224 
-0.310404 0.948586 -0.061915 -0.993386 -0.083465 -0.078853 -0.534554 -0.838884 0.102590 0.878347 -0.222243 0.423220 0.942958 0.044500 -0.329923 0.488173 0.090721 0.868019 0.901297 -0.431189 0.041703 
-0.310293 0.948619 -0.061967 -0.993326 -0.083425 -0.079653 -0.534244 -0.839082 0.102588 0.878749 -0.221890 0.422569 0.943098 0.044795 -0.329483 0.487794 0.090847 0.868219 0.901630 -0.430569 0.040913 
-0.310169 0.948659 -0.061973 -0.993252 -0.083385 -0.080603 -0.533913 -0.839294 0.102584 0.879165 -0.221454 0.421932 0.943178 0.045167 -0.329203 0.487024 0.090508 0.868686 0.901991 -0.429882 0.040163 
-0.310233 0.948623 -0.062209 -0.993168 -0.083356 -0.081661 -0.533589 -0.839498 0.102600 0.879607 -0.220967 0.421266 0.943469 0.045494 -0.328325 0.488335 0.092299 0.867761 0.902369 -0.429153 0.039457 
-0.310419 0.948546 -0.062454 -0.992971 -0.083494 -0.083884 -0.533172 -0.839770 0.102534 0.879988 -0.220200 0.420872 0.943755 0.046088 -0.327418 0.490723 0.094652 0.866159 0.902860 -0.428162 0.038992 
-0.310867 0.948352 -0.063165 -0.992755 -0.083512 -0.086389 -0.532735 -0.840059 0.102436 0.880368 -0.219254 0.420570 0.944433 0.046691 -0.325370 0.497583 0.101046 0.861511 0.903428 -0.426982 0.038777 
-0.310992 0.948310 -0.063182 -0.992455 -0.083526 -0.089753 -0.532264 -0.840377 0.102282 0.880671 -0.218045 0.420565 0.944389 0.047804 -0.325337 0.498567 0.100872 0.860962 0.904110 -0.425541 0.038715 
-0.311103 0.948279 -0.063108 -0.992154 -0.083504 -0.093051 -0.531756 -0.840724 0.102070 0.880978 -0.216857 0.420537 0.944311 0.049023 -0.325383 0.498779 0.100051 0.860935 0.904812 -0.424062 0.038566 
-0.311301 0.948212 -0.063134 -0.991896 -0.083418 -0.095830 -0.531265 -0.841060 0.101863 0.881319 -0.215805 0.420364 0.944378 0.050187 -0.325010 0.499487 0.100103 0.860518 0.905482 -0.422659 0.038231 
-0.311482 0.948149 -0.063179 -0.991675 -0.083244 -0.098242 -0.530765 -0.841400 0.101661 0.881694 -0.214855 0.420063 0.944510 0.051230 -0.324463 0.500253 0.100493 0.860028 0.906116 -0.421338 0.037784 
-0.311662 0.948085 -0.063263 -0.991485 -0.083053 -0.100298 -0.530331 -0.841690 0.101521 0.882073 -0.213988 0.419710 0.944652 0.052164 -0.323900 0.500903 0.100929 0.859598 0.906707 -0.420109 0.037289 
-0.311820 0.948023 -0.063412 -0.991357 -0.082822 -0.101742 -0.530011 -0.841898 0.101473 0.882466 -0.213296 0.419237 0.944829 0.052890 -0.323267 0.501373 0.101495 0.859258 0.907214 -0.419068 0.036666 
-0.311897 0.947991 -0.063511 -0.991255 -0.082601 -0.102909 -0.529609 -0.842162 0.101380 0.882862 -0.212716 0.418696 0.945035 0.053446 -0.322571 0.501940 0.102375 0.858822 0.907648 -0.418186 0.035993 
-0.311858 0.947998 -0.063595 -0.991238 -0.082334 -0.103289 -0.529302 -0.842357 0.101361 0.883271 -0.212377 0.418004 0.945231 0.053735 -0.321949 0.501838 0.102884 0.858821 0.907964 -0.417569 0.035172 
-0.311801 0.948012 -0.063669 -0.991210 -0.082175 -0.103684 -0.529037 -0.842522 0.101375 0.883629 -0.212087 0.417396 0.945387 0.053957 -0.321453 0.501669 0.103282 0.858872 0.908233 -0.417045 0.034434 
-0.311826 0.947996 -0.063788 -0.991120 -0.082179 -0.104532 -0.528841 -0.842638 0.101427 0.883930 -0.211702 0.416953 0.945509 0.054245 -0.321045 0.501946 0.103918 0.858633 0.908501 -0.416503 0.033927 
-0.311878 0.947970 -0.063912 -0.991040 -0.082229 -0.105253 -0.528645 -0.842754 0.101487 0.884215 -0.211353 0.416526 0.945639 0.054433 -0.320631 0.502334 0.104738 0.858306 0.908735 -0.416034 0.033402 
-0.311936 0.947940 -0.064069 -0.990958 -0.082244 -0.106011 -0.528428 -0.842888 0.101507 0.884485 -0.211018 0.416123 0.945830 0.054621 -0.320034 0.503377 0.106120 0.857526 0.908965 -0.415569 0.032946 
-0.311958 0.947927 -0.064160 -0.990901 -0.082226 -0.106556 -0.528267 -0.842983 0.101551 0.884740 -0.210729 0.415726 0.945933 0.054806 -0.319699 0.503432 0.106573 0.857437 0.909176 -0.415148 0.032437 
-0.312058 0.947879 -0.064380 -0.990842 -0.082150 -0.107164 -0.528140 -0.843056 0.101606 0.884991 -0.210386 0.415366 0.946118 0.055035 -0.319111 0.504505 0.107844 0.856647 0.909410 -0.414665 0.032033 
-0.312295 0.947782 -0.064667 -0.990790 -0.081991 -0.107764 -0.527954 -0.843175 0.101589 0.885209 -0.210040 0.415075 0.946434 0.055246 -0.318137 0.506737 0.110334 0.855011 0.909662 -0.414146 0.031603 
-0.312260 0.947791 -0.064705 -0.990756 -0.081803 -0.108220 -0.527717 -0.843332 0.101521 0.885431 -0.209741 0.414755 0.946533 0.055569 -0.317785 0.506661 0.110484 0.855037 0.909915 -0.413628 0.031108 
-0.312377 0.947734 -0.064961 -0.990710 -0.081626 -0.108766 -0.527686 -0.843340 0.101609 0.885669 -0.209352 0.414442 0.946674 0.055915 -0.317305 0.507496 0.111173 0.854452 0.910188 -0.413050 0.030764 
-0.312442 0.947710 -0.065004 -0.990635 -0.081308 -0.109690 -0.527451 -0.843498 0.101522 0.885873 -0.208871 0.414249 0.946737 0.056413 -0.317027 0.507705 0.111285 0.854313 0.910511 -0.412365 0.030417 
-0.312443 0.947704 -0.065084 -0.990631 -0.081113 -0.109872 -0.527258 -0.843624 0.101480 0.886142 -0.208615 0.413802 0.946886 0.056708 -0.316530 0.507644 0.111546 0.854316 0.910761 -0.411855 0.029831 
-0.312610 0.947630 -0.065367 -0.990591 -0.080766 -0.110478 -0.527230 -0.843633 0.101549 0.886383 -0.208193 0.413499 0.947062 0.057110 -0.315931 0.508792 0.112519 0.853505 0.911059 -0.411220 0.029470 
-0.312745 0.947580 -0.065446 -0.990466 -0.080387 -0.111870 -0.527126 -0.843698 0.101547 0.886568 -0.207499 0.413450 0.946987 0.057927 -0.316006 0.508554 0.111656 0.853760 0.911464 -0.410331 0.029360 
-0.312922 0.947517 -0.065514 -0.990365 -0.079953 -0.113065 -0.526929 -0.843837 0.101411 0.886722 -0.206864 0.413438 0.947027 0.058713 -0.315742 0.508887 0.111465 0.853586 0.911893 -0.409392 0.029156 
-0.313082 0.947458 -0.065591 -0.990295 -0.079567 -0.113952 -0.526743 -0.843970 0.101273 0.886910 -0.206322 0.413306 0.947115 0.059419 -0.315346 0.509183 0.111398 0.853419 0.912289 -0.408527 0.028872 
-0.313153 0.947430 -0.065658 -0.990310 -0.079296 -0.114013 -0.526726 -0.843976 0.101313 0.887237 -0.206033 0.412747 0.947197 0.059580 -0.315070 0.509195 0.111483 0.853400 0.912452 -0.408174 0.028727 
-0.313211 0.947408 -0.065699 -0.990308 -0.079339 -0.113995 -0.526823 -0.843910 0.101354 0.887344 -0.205960 0.412555 0.947215 0.059579 -0.315015 0.509173 0.111469 0.853415 0.912464 -0.408149 0.028715 
-0.313208 0.947412 -0.065661 -0.990307 -0.079332 -0.114014 -0.526823 -0.843915 0.101314 0.887346 -0.205973 0.412544 0.947220 0.059590 -0.314996 0.509157 0.111433 0.853430 0.912465 -0.408148 0.028700 
-0.313240 0.947401 -0.065664 -0.990306 -0.079278 -0.114054 -0.526829 -0.843916 0.101280 0.887358 -0.205968 0.412521 0.947259 0.059604 -0.314879 0.509529 0.111764 0.853164 0.912466 -0.408139 0.028762 
-0.313237 0.947404 -0.065634 -0.990306 -0.079263 -0.114069 -0.526829 -0.843920 0.101246 0.887357 -0.205979 0.412517 0.947262 0.059613 -0.314867 0.509504 0.111732 0.853183 0.912467 -0.408138 0.028751 
-0.313232 0.947408 -0.065609 -0.990306 -0.079231 -0.114091 -0.526827 -0.843924 0.101223 0.887374 -0.205976 0.412483 0.947266 0.059631 -0.314851 0.509511 0.111705 0.853182 0.912471 -0.408129 0.028774 
-0.313291 0.947385 -0.065658 -0.990307 -0.079278 -0.114049 -0.526929 -0.843855 0.101266 0.887378 -0.205973 0.412476 0.947269 0.059647 -0.314838 0.509515 0.111687 0.853182 0.912475 -0.408119 0.028777 
-0.313288 0.947387 -0.065634 -0.990308 -0.079260 -0.114054 -0.526928 -0.843859 0.101239 0.887383 -0.205982 0.412460 0.947276 0.059658 -0.314816 0.509510 0.111669 0.853188 0.912478 -0.408114 0.028760 
-0.313281 0.947391 -0.065615 -0.990310 -0.079227 -0.114054 -0.526926 -0.843863 0.101217 0.887393 -0.205990 0.412435 0.947284 0.059671 -0.314791 0.509493 0.111652 0.853200 0.912480 -0.408110 0.028741 
-0.313272 0.947395 -0.065600 -0.990313 -0.079198 -0.114054 -0.526923 -0.843867 0.101196 0.887402 -0.205996 0.412412 0.947291 0.059685 -0.314765 0.509478 0.111636 0.853211 0.912483 -0.408104 0.028724 
-0.313351 0.947363 -0.065691 -0.990324 -0.079141 -0.113994 -0.527029 -0.843795 0.101241 0.887419 -0.205966 0.412390 0.947323 0.059706 -0.314665 0.509858 0.111957 0.852942 0.912488 -0.408088 0.028803 
-0.313335 0.947369 -0.065677 -0.990336 -0.079054 -0.113956 -0.527025 -0.843801 0.101215 0.887419 -0.205973 0.412388 0.947328 0.059728 -0.314646 0.509823 0.111911 0.852969 0.912495 -0.408076 0.028754 
-0.313325 0.947373 -0.065663 -0.990342 -0.078996 -0.113936 -0.527022 -0.843805 0.101193 0.887428 -0.205981 0.412363 0.947336 0.059745 -0.314619 0.509800 0.111883 0.852986 0.912499 -0.408069 0.028738 
-0.313446 0.947323 -0.065813 -0.990379 -0.078906 -0.113679 -0.527254 -0.843644 0.101333 0.887454 -0.205959 0.412317 0.947338 0.059774 -0.314608 0.509808 0.111841 0.852988 0.912507 -0.408048 0.028754 
-0.313499 0.947300 -0.065878 -0.990440 -0.078602 -0.113361 -0.527371 -0.843564 0.101385 0.887483 -0.205960 0.412255 0.947343 0.059808 -0.314587 0.509775 0.111755 0.853018 0.912514 -0.408036 0.028716 
-0.313553 0.947278 -0.065941 -0.990523 -0.078161 -0.112938 -0.527490 -0.843483 0.101441 0.887530 -0.205985 0.412141 0.947362 0.059850 -0.314521 0.509742 0.111652 0.853051 0.912520 -0.408027 0.028660 
-0.313538 0.947285 -0.065921 -0.990585 -0.077768 -0.112665 -0.527487 -0.843488 0.101416 0.887583 -0.206036 0.412002 0.947394 0.059894 -0.314415 0.509696 0.111563 0.853091 0.912524 -0.408022 0.028594 
-0.313525 0.947290 -0.065903 -0.990620 -0.077540 -0.112518 -0.527485 -0.843492 0.101390 0.887624 -0.206068 0.411898 0.947420 0.059927 -0.314332 0.509659 0.111505 0.853120 0.912528 -0.408016 0.028559 
-0.313582 0.947267 -0.065972 -0.990651 -0.077417 -0.112329 -0.527605 -0.843410 0.101449 0.887660 -0.206059 0.411824 0.947430 0.059954 -0.314297 0.509648 0.111457 0.853133 0.912535 -0.408002 0.028537 
-0.313571 0.947272 -0.065955 -0.990689 -0.077165 -0.112162 -0.527600 -0.843416 0.101427 0.887701 -0.206065 0.411734 0.947444 0.059975 -0.314251 0.509620 0.111402 0.853157 0.912540 -0.407994 0.028480 
-0.313661 0.947234 -0.066061 -0.990730 -0.076951 -0.111948 -0.527723 -0.843333 0.101482 0.887751 -0.206048 0.411635 0.947493 0.060010 -0.314095 0.510003 0.111717 0.852887 0.912548 -0.407975 0.028489 
-0.313690 0.947221 -0.066112 -0.990781 -0.076662 -0.111695 -0.527844 -0.843251 0.101532 0.887803 -0.206003 0.411544 0.947466 0.060129 -0.314155 0.509779 0.111369 0.853067 0.912564 -0.407934 0.028599 
-0.313677 0.947227 -0.066093 -0.990833 -0.076341 -0.111456 -0.527835 -0.843259 0.101508 0.887847 -0.206006 0.411448 0.947477 0.060155 -0.314116 0.509724 0.111291 0.853110 0.912572 -0.407921 0.028510 
-0.313739 0.947202 -0.066157 -0.990886 -0.076084 -0.111158 -0.527953 -0.843179 0.101563 0.887885 -0.206019 0.411359 0.947495 0.060192 -0.314053 0.509710 0.111234 0.853125 0.912581 -0.407904 0.028449 
-0.313802 0.947176 -0.066222 -0.990942 -0.075821 -0.110835 -0.528068 -0.843101 0.101616 0.887925 -0.206034 0.411264 0.947517 0.060234 -0.313981 0.509703 0.111181 0.853137 0.912593 -0.407882 0.028380 
-0.313860 0.947153 -0.066285 -0.991008 -0.075499 -0.110468 -0.528179 -0.843025 0.101669 0.887980 -0.206052 0.411138 0.947543 0.060284 -0.313892 0.509677 0.111108 0.853161 0.912609 -0.407854 0.028289 
-0.313847 0.947159 -0.066260 -0.991056 -0.075225 -0.110222 -0.528171 -0.843033 0.101637 0.888032 -0.206111 0.410997 0.947580 0.060335 -0.313771 0.509620 0.111007 0.853209 0.912616 -0.407843 0.028211 
-0.313838 0.947163 -0.066238 -0.991091 -0.075030 -0.110040 -0.528165 -0.843041 0.101606 0.888079 -0.206158 0.410871 0.947614 0.060380 -0.313659 0.509580 0.110931 0.853242 0.912623 -0.407833 0.028148 
-0.313828 0.947167 -0.066228 -0.991117 -0.074871 -0.109916 -0.528152 -0.843052 0.101583 0.888130 -0.206160 0.410760 0.947640 0.060415 -0.313575 0.509594 0.110917 0.853236 0.912636 -0.407807 0.028082 
-0.313894 0.947140 -0.066303 -0.991139 -0.074798 -0.109767 -0.528249 -0.842984 0.101639 0.888177 -0.206145 0.410665 0.947668 0.060452 -0.313481 0.509652 0.110978 0.853193 0.912659 -0.407762 0.028008 
-0.313887 0.947141 -0.066322 -0.991181 -0.074484 -0.109602 -0.528213 -0.843008 0.101633 0.888240 -0.206067 0.410567 0.947685 0.060506 -0.313419 0.509642 0.111045 0.853191 0.912714 -0.407650 0.027832 
-0.313872 0.947146 -0.066329 -0.991215 -0.074242 -0.109461 -0.528152 -0.843047 0.101619 0.888330 -0.206026 0.410394 0.947732 0.060570 -0.313267 0.509594 0.111105 0.853211 0.912775 -0.407529 0.027606 
-0.313858 0.947149 -0.066342 -0.991244 -0.074025 -0.109340 -0.528083 -0.843092 0.101609 0.888449 -0.205979 0.410160 0.947795 0.060643 -0.313061 0.509558 0.111197 0.853221 0.912843 -0.407393 0.027360 
-0.313926 0.947119 -0.066458 -0.991280 -0.073830 -0.109148 -0.528116 -0.843063 0.101678 0.888595 -0.205893 0.409887 0.947882 0.060728 -0.312782 0.509714 0.111484 0.853091 0.912930 -0.407217 0.027077 
-0.313901 0.947124 -0.066500 -0.991328 -0.073462 -0.108961 -0.528003 -0.843134 0.101675 0.888779 -0.205764 0.409552 0.947963 0.060837 -0.312513 0.509707 0.111679 0.853069 0.913047 -0.406981 0.026669 
