-0.972003 0.234967 0.000000 0.239195 0.970972 0.000000 -0.233251 -0.972417 -0.000000 0.966522 -0.256585 0.000000 
-0.972001 0.234979 0.000000 0.239207 0.970969 0.000000 -0.233262 -0.972414 -0.000000 0.966519 -0.256595 0.000000 
-0.972009 0.234944 0.000000 0.239170 0.970978 0.000000 -0.233228 -0.972422 -0.000000 0.966528 -0.256560 0.000000 
-0.972061 0.234729 0.000000 0.238976 0.971025 0.000000 -0.233034 -0.972469 -0.000000 0.966585 -0.256348 0.000000 
-0.972068 0.234699 0.000000 0.238948 0.971032 0.000000 -0.233004 -0.972476 -0.000000 0.966593 -0.256316 0.000000 
-0.971983 0.235050 0.000000 0.239299 0.970946 0.000000 -0.233357 -0.972391 -0.000000 0.966500 -0.256666 0.000000 
-0.972019 0.234901 0.000000 0.239149 0.970983 0.000000 -0.233205 -0.972428 -0.000000 0.966539 -0.256518 0.000000 
-0.971946 0.235205 0.000000 0.239501 0.970896 0.000000 -0.233558 -0.972343 -0.000000 0.966460 -0.256819 0.000000 
-0.971932 0.235263 0.000000 0.239558 0.970882 0.000000 -0.233616 -0.972329 -0.000000 0.966444 -0.256878 0.000000 
-0.972001 0.234975 0.000000 0.239316 0.970942 0.000000 -0.233372 -0.972387 -0.000000 0.966520 -0.256592 0.000000 
-0.971998 0.234990 0.000000 0.239311 0.970943 0.000000 -0.233368 -0.972389 -0.000000 0.966516 -0.256608 0.000000 
-0.971881 0.235474 0.000000 0.239789 0.970825 0.000000 -0.233848 -0.972273 -0.000000 0.966388 -0.257087 0.000000 
-0.971880 0.235475 0.000000 0.239798 0.970823 0.000000 -0.233856 -0.972271 -0.000000 0.966388 -0.257089 0.000000 
-0.971879 0.235479 0.000000 0.239801 0.970822 0.000000 -0.233858 -0.972271 -0.000000 0.966386 -0.257095 0.000000 
-0.971878 0.235484 0.000000 0.239804 0.970821 0.000000 -0.233862 -0.972270 -0.000000 0.966385 -0.257100 0.000000 
-0.971878 0.235485 0.000000 0.239813 0.970819 0.000000 -0.233871 -0.972268 -0.000000 0.966384 -0.257103 0.000000 
-0.971879 0.235482 0.000000 0.239831 0.970815 0.000000 -0.233890 -0.972263 -0.000000 0.966384 -0.257102 0.000000 
-0.969489 0.245134 0.000000 0.249466 0.968384 0.000000 -0.243538 -0.969891 -0.000000 0.963780 -0.266697 0.000000 
-0.967104 0.254381 0.000000 0.258693 0.965960 0.000000 -0.252781 -0.967524 -0.000000 0.961189 -0.275889 0.000000 
-0.967108 0.254366 0.000000 0.258710 0.965955 0.000000 -0.252799 -0.967519 -0.000000 0.961193 -0.275877 0.000000 
-0.967809 0.251685 0.000000 0.256055 0.966662 0.000000 -0.250141 -0.968209 -0.000000 0.961952 -0.273218 0.000000 
-0.967803 0.251707 0.000000 0.256032 0.966668 0.000000 -0.250117 -0.968216 -0.000000 0.961947 -0.273235 0.000000 
-0.774831 0.632169 0.000000 -0.276550 -0.961000 -0.000000 -0.973699 -0.227837 -0.000000 0.613052 0.790042 0.000000 0.954102 -0.299483 0.000000 0.973108 0.230350 0.000000 
-0.770090 0.637935 0.000000 -0.294520 -0.955645 -0.000000 -0.972515 -0.232841 -0.000000 0.619199 0.785234 0.000000 0.948305 -0.317359 0.000000 0.972041 0.234813 0.000000 
-0.765797 0.643082 0.000000 -0.301774 -0.953379 -0.000000 -0.972852 -0.231430 -0.000000 0.624466 0.781052 0.000000 0.945847 -0.324613 0.000000 0.972418 0.233246 0.000000 
-0.764713 0.644371 0.000000 -0.304874 -0.952393 -0.000000 -0.973091 -0.230422 -0.000000 0.625783 0.779997 0.000000 0.944769 -0.327736 0.000000 0.972653 0.232261 0.000000 
-0.763694 0.645578 0.000000 -0.306702 -0.951806 -0.000000 -0.973231 -0.229829 -0.000000 0.627016 0.779006 0.000000 0.944144 -0.329533 0.000000 0.972801 0.231643 0.000000 
-0.763150 0.646221 0.000000 -0.307182 -0.951651 -0.000000 -0.973270 -0.229662 -0.000000 0.627673 0.778477 0.000000 0.943984 -0.329990 0.000000 0.972846 0.231453 0.000000 
-0.763009 0.646388 0.000000 -0.307181 -0.951651 -0.000000 -0.973281 -0.229618 -0.000000 0.627844 0.778339 0.000000 0.943985 -0.329989 0.000000 0.972858 0.231402 0.000000 
-0.762986 0.646415 0.000000 -0.307180 -0.951651 -0.000000 -0.973278 -0.229629 -0.000000 0.627869 0.778319 0.000000 0.943985 -0.329988 0.000000 0.972855 0.231414 0.000000 
-0.762790 0.646646 0.000000 -0.306972 -0.951718 -0.000000 -0.973369 -0.229246 -0.000000 0.628095 0.778137 0.000000 0.944057 -0.329784 0.000000 0.972941 0.231052 0.000000 
-0.762047 0.647522 0.000000 -0.306950 -0.951726 -0.000000 -0.973556 -0.228448 -0.000000 0.628956 0.777441 0.000000 0.944061 -0.329770 0.000000 0.973128 0.230266 0.000000 
-0.762296 0.647229 0.000000 -0.306951 -0.951725 -0.000000 -0.973834 -0.227260 -0.000000 0.628610 0.777720 0.000000 0.944061 -0.329770 0.000000 0.973378 0.229207 0.000000 
-0.761839 0.647767 0.000000 -0.306908 -0.951739 -0.000000 -0.974974 -0.222320 -0.000000 0.629133 0.777298 0.000000 0.944075 -0.329731 0.000000 0.974467 0.224529 0.000000 
-0.761088 0.648648 0.000000 -0.306899 -0.951742 -0.000000 -0.976697 -0.214622 -0.000000 0.630050 0.776554 0.000000 0.944077 -0.329726 0.000000 0.976123 0.217217 0.000000 
-0.761036 0.648710 0.000000 -0.306892 -0.951744 -0.000000 -0.978204 -0.207646 -0.000000 0.630152 0.776472 0.000000 0.944077 -0.329724 0.000000 0.977556 0.210675 0.000000 
-0.761014 0.648735 0.000000 -0.306886 -0.951746 -0.000000 -0.979249 -0.202659 -0.000000 0.630222 0.776415 0.000000 0.944079 -0.329720 0.000000 0.978542 0.206049 0.000000 
-0.761028 0.648719 0.000000 -0.306733 -0.951796 -0.000000 -0.979936 -0.199314 -0.000000 0.630250 0.776392 0.000000 0.944131 -0.329570 0.000000 0.979183 0.202980 0.000000 
-0.761295 0.648406 0.000000 -0.306725 -0.951798 -0.000000 -0.980133 -0.198342 -0.000000 0.629939 0.776645 0.000000 0.944133 -0.329565 0.000000 0.979350 0.202172 0.000000 
-0.762139 0.647414 0.000000 -0.306374 -0.951911 -0.000000 -0.980128 -0.198365 -0.000000 0.628935 0.777458 0.000000 0.944255 -0.329215 0.000000 0.979312 0.202356 0.000000 
-0.762625 0.646841 0.000000 -0.306366 -0.951914 -0.000000 -0.980115 -0.198432 -0.000000 0.628378 0.777908 0.000000 0.944258 -0.329205 0.000000 0.979274 0.202542 0.000000 
-0.762873 0.646549 0.000000 -0.306360 -0.951916 -0.000000 -0.980108 -0.198465 -0.000000 0.628132 0.778107 0.000000 0.944261 -0.329199 0.000000 0.979250 0.202658 0.000000 
-0.763121 0.646256 0.000000 -0.306354 -0.951918 -0.000000 -0.980100 -0.198505 -0.000000 0.627895 0.778298 0.000000 0.944263 -0.329191 0.000000 0.979226 0.202771 0.000000 
-0.763295 0.646050 0.000000 -0.306348 -0.951920 -0.000000 -0.980094 -0.198532 -0.000000 0.627754 0.778412 0.000000 0.944266 -0.329182 0.000000 0.979210 0.202850 0.000000 
-0.763418 0.645905 0.000000 -0.306343 -0.951921 -0.000000 -0.980091 -0.198549 -0.000000 0.627661 0.778487 0.000000 0.944268 -0.329178 0.000000 0.979200 0.202897 0.000000 
-0.763251 0.646102 0.000000 -0.306037 -0.952020 -0.000000 -0.980232 -0.197853 -0.000000 0.627908 0.778288 0.000000 0.944374 -0.328872 0.000000 0.979336 0.202242 0.000000 
-0.763122 0.646254 0.000000 -0.305888 -0.952068 -0.000000 -0.980295 -0.197540 -0.000000 0.628057 0.778167 0.000000 0.944427 -0.328720 0.000000 0.979403 0.201914 0.000000 
-0.762988 0.646413 0.000000 -0.305637 -0.952148 -0.000000 -0.980367 -0.197181 -0.000000 0.628222 0.778034 0.000000 0.944514 -0.328471 0.000000 0.979482 0.201531 0.000000 
-0.763011 0.646386 0.000000 -0.305527 -0.952183 -0.000000 -0.980383 -0.197101 -0.000000 0.628186 0.778063 0.000000 0.944553 -0.328359 0.000000 0.979507 0.201412 0.000000 
-0.763033 0.646359 0.000000 -0.305525 -0.952184 -0.000000 -0.980384 -0.197097 -0.000000 0.628148 0.778094 0.000000 0.944554 -0.328355 0.000000 0.979515 0.201371 0.000000 
-0.762895 0.646523 0.000000 -0.305505 -0.952191 -0.000000 -0.980386 -0.197085 -0.000000 0.628285 0.777983 0.000000 0.944564 -0.328327 0.000000 0.979532 0.201288 0.000000 
-0.762667 0.646791 0.000000 -0.305503 -0.952191 -0.000000 -0.980394 -0.197048 -0.000000 0.628538 0.777779 0.000000 0.944564 -0.328328 0.000000 0.979555 0.201177 0.000000 
-0.762566 0.646910 0.000000 -0.305499 -0.952192 -0.000000 -0.980399 -0.197023 -0.000000 0.628638 0.777698 0.000000 0.944564 -0.328328 0.000000 0.979573 0.201087 0.000000 
-0.762257 0.647275 0.000000 -0.305498 -0.952193 -0.000000 -0.980421 -0.196914 -0.000000 0.628983 0.777419 0.000000 0.944564 -0.328327 0.000000 0.979615 0.200884 0.000000 
-0.762034 0.647537 0.000000 -0.305497 -0.952193 -0.000000 -0.980438 -0.196830 -0.000000 0.629224 0.777224 0.000000 0.944565 -0.328324 0.000000 0.979650 0.200711 0.000000 
-0.761877 0.647721 0.000000 -0.305496 -0.952193 -0.000000 -0.980450 -0.196767 -0.000000 0.629385 0.777093 0.000000 0.944566 -0.328322 0.000000 0.979680 0.200566 0.000000 
-0.761726 0.647900 0.000000 -0.305495 -0.952194 -0.000000 -0.980463 -0.196705 -0.000000 0.629543 0.776965 0.000000 0.944566 -0.328321 0.000000 0.979710 0.200419 0.000000 
-0.761536 0.648123 0.000000 -0.305494 -0.952194 -0.000000 -0.980478 -0.196628 -0.000000 0.629751 0.776797 0.000000 0.944567 -0.328319 0.000000 0.979745 0.200251 0.000000 
-0.761283 0.648419 0.000000 -0.305494 -0.952194 -0.000000 -0.980498 -0.196529 -0.000000 0.630032 0.776569 0.000000 0.944567 -0.328319 0.000000 0.979785 0.200056 0.000000 
-0.761056 0.648686 0.000000 -0.305495 -0.952194 -0.000000 -0.980513 -0.196452 -0.000000 0.630282 0.776366 0.000000 0.944568 -0.328316 0.000000 0.979819 0.199886 0.000000 
-0.760800 0.648986 0.000000 -0.305495 -0.952194 -0.000000 -0.980529 -0.196374 -0.000000 0.630568 0.776134 0.000000 0.944567 -0.328319 0.000000 0.979855 0.199711 0.000000 
-0.760644 0.649169 0.000000 -0.305495 -0.952194 -0.000000 -0.980529 -0.196376 -0.000000 0.630732 0.776001 0.000000 0.944567 -0.328317 0.000000 0.979872 0.199626 0.000000 
-0.760342 0.649523 0.000000 -0.305497 -0.952193 -0.000000 -0.980549 -0.196272 -0.000000 0.631078 0.775719 0.000000 0.944567 -0.328318 0.000000 0.979913 0.199427 0.000000 
-0.760196 0.649693 0.000000 -0.305498 -0.952193 -0.000000 -0.980550 -0.196271 -0.000000 0.631241 0.775587 0.000000 0.944566 -0.328322 0.000000 0.979928 0.199352 0.000000 
-0.759885 0.650058 0.000000 -0.305501 -0.952192 -0.000000 -0.980556 -0.196239 -0.000000 0.631601 0.775293 0.000000 0.944566 -0.328322 0.000000 0.979952 0.199232 0.000000 
-0.759554 0.650444 0.000000 -0.305503 -0.952191 -0.000000 -0.980526 -0.196388 -0.000000 0.631975 0.774989 0.000000 0.944565 -0.328325 0.000000 0.979941 0.199289 0.000000 
-0.759508 0.650498 0.000000 -0.305505 -0.952191 -0.000000 -0.980521 -0.196412 -0.000000 0.632028 0.774946 0.000000 0.944565 -0.328326 0.000000 0.979944 0.199271 0.000000 
-0.759295 0.650746 0.000000 -0.305467 -0.952203 -0.000000 -0.980510 -0.196470 -0.000000 0.632279 0.774741 0.000000 0.944577 -0.328289 0.000000 0.979945 0.199268 0.000000 
-0.759024 0.651063 0.000000 -0.305460 -0.952205 -0.000000 -0.980530 -0.196370 -0.000000 0.632592 0.774485 0.000000 0.944580 -0.328282 0.000000 0.979977 0.199112 0.000000 
-0.758695 0.651445 0.000000 -0.305467 -0.952203 -0.000000 -0.980550 -0.196269 -0.000000 0.632982 0.774166 0.000000 0.944577 -0.328289 0.000000 0.980008 0.198957 0.000000 
-0.758255 0.651958 0.000000 -0.305466 -0.952203 -0.000000 -0.980592 -0.196062 -0.000000 0.633507 0.773737 0.000000 0.944577 -0.328289 0.000000 0.980062 0.198690 0.000000 
-0.757779 0.652512 0.000000 -0.305468 -0.952203 -0.000000 -0.980639 -0.195824 -0.000000 0.634075 0.773272 0.000000 0.944576 -0.328291 0.000000 0.980122 0.198396 0.000000 
-0.757248 0.653127 0.000000 -0.305471 -0.952202 -0.000000 -0.980684 -0.195597 -0.000000 0.634704 0.772756 0.000000 0.944575 -0.328295 0.000000 0.980180 0.198111 0.000000 
-0.756611 0.653865 0.000000 -0.305517 -0.952187 -0.000000 -0.980632 -0.195861 -0.000000 0.635451 0.772141 0.000000 0.944560 -0.328340 0.000000 0.980144 0.198289 0.000000 
-0.756252 0.654281 0.000000 -0.305273 -0.952265 -0.000000 -0.980642 -0.195807 -0.000000 0.635877 0.771791 0.000000 0.944644 -0.328098 0.000000 0.980165 0.198184 0.000000 
-0.755959 0.654619 0.000000 -0.305458 -0.952206 -0.000000 -0.980670 -0.195671 -0.000000 0.636220 0.771508 0.000000 0.944580 -0.328280 0.000000 0.980197 0.198023 0.000000 
-0.755749 0.654861 0.000000 -0.305460 -0.952205 -0.000000 -0.980575 -0.196144 -0.000000 0.636466 0.771305 0.000000 0.944580 -0.328280 0.000000 0.980110 0.198456 0.000000 
-0.755634 0.654994 0.000000 -0.305628 -0.952151 -0.000000 -0.980600 -0.196019 -0.000000 0.636605 0.771190 0.000000 0.944523 -0.328446 0.000000 0.980136 0.198326 0.000000 
-0.755544 0.655098 0.000000 -0.305629 -0.952151 -0.000000 -0.980609 -0.195974 -0.000000 0.636714 0.771100 0.000000 0.944522 -0.328448 0.000000 0.980147 0.198273 0.000000 
-0.755462 0.655193 0.000000 -0.305629 -0.952151 -0.000000 -0.980590 -0.196072 -0.000000 0.636811 0.771020 0.000000 0.944522 -0.328448 0.000000 0.980129 0.198360 0.000000 
-0.755382 0.655285 0.000000 -0.305531 -0.952182 -0.000000 -0.980609 -0.195972 -0.000000 0.636906 0.770942 0.000000 0.944555 -0.328353 0.000000 0.980152 0.198247 0.000000 
-0.755377 0.655291 0.000000 -0.305471 -0.952201 -0.000000 -0.980581 -0.196114 -0.000000 0.636912 0.770936 0.000000 0.944576 -0.328294 0.000000 0.980124 0.198383 0.000000 
-0.755357 0.655314 0.000000 -0.305472 -0.952201 -0.000000 -0.980583 -0.196104 -0.000000 0.636936 0.770917 0.000000 0.944575 -0.328295 0.000000 0.980126 0.198374 0.000000 
-0.755322 0.655354 0.000000 -0.305606 -0.952158 -0.000000 -0.980594 -0.196051 -0.000000 0.636978 0.770882 0.000000 0.944530 -0.328425 0.000000 0.980137 0.198322 0.000000 
-0.755367 0.655302 0.000000 -0.305602 -0.952159 -0.000000 -0.980590 -0.196069 -0.000000 0.636927 0.770924 0.000000 0.944531 -0.328421 0.000000 0.980132 0.198347 0.000000 
-0.755372 0.655296 0.000000 -0.305602 -0.952159 -0.000000 -0.980590 -0.196072 -0.000000 0.636921 0.770929 0.000000 0.944531 -0.328421 0.000000 0.980131 0.198353 0.000000 
-0.755363 0.655306 0.000000 -0.305602 -0.952159 -0.000000 -0.980574 -0.196152 -0.000000 0.636931 0.770920 0.000000 0.944531 -0.328423 0.000000 0.980115 0.198432 0.000000 
-0.755380 0.655287 0.000000 -0.305604 -0.952159 -0.000000 -0.980563 -0.196203 -0.000000 0.636913 0.770936 0.000000 0.944530 -0.328425 0.000000 0.980104 0.198485 0.000000 
-0.755421 0.655240 0.000000 -0.305605 -0.952158 -0.000000 -0.980524 -0.196400 -0.000000 0.636865 0.770976 0.000000 0.944530 -0.328425 0.000000 0.980064 0.198682 0.000000 
-0.755444 0.655214 0.000000 -0.305605 -0.952159 -0.000000 -0.980484 -0.196597 -0.000000 0.636836 0.770999 0.000000 0.944529 -0.328427 0.000000 0.980025 0.198876 0.000000 
-0.755462 0.655192 0.000000 -0.305606 -0.952158 -0.000000 -0.980471 -0.196664 -0.000000 0.636814 0.771017 0.000000 0.944529 -0.328428 0.000000 0.980011 0.198945 0.000000 
-0.755478 0.655174 0.000000 -0.305695 -0.952129 -0.000000 -0.980419 -0.196923 -0.000000 0.636796 0.771032 0.000000 0.944499 -0.328515 0.000000 0.979958 0.199202 0.000000 
-0.755550 0.655091 0.000000 -0.305895 -0.952065 -0.000000 -0.980430 -0.196867 -0.000000 0.636704 0.771108 0.000000 0.944425 -0.328726 0.000000 0.979967 0.199160 0.000000 
-0.755457 0.655199 0.000000 -0.305951 -0.952047 -0.000000 -0.980362 -0.197208 -0.000000 0.636812 0.771019 0.000000 0.944407 -0.328780 0.000000 0.979901 0.199484 0.000000 
-0.755487 0.655164 0.000000 -0.305953 -0.952047 -0.000000 -0.980358 -0.197225 -0.000000 0.636775 0.771050 0.000000 0.944407 -0.328780 0.000000 0.979897 0.199505 0.000000 
-0.755525 0.655120 0.000000 -0.306048 -0.952016 -0.000000 -0.980390 -0.197067 -0.000000 0.636734 0.771084 0.000000 0.944372 -0.328880 0.000000 0.979926 0.199359 0.000000 
-0.755533 0.655110 0.000000 -0.306074 -0.952008 -0.000000 -0.980357 -0.197233 -0.000000 0.636723 0.771092 0.000000 0.944363 -0.328904 0.000000 0.979893 0.199525 0.000000 
-0.755542 0.655101 0.000000 -0.305995 -0.952033 -0.000000 -0.980344 -0.197295 -0.000000 0.636707 0.771106 0.000000 0.944392 -0.328821 0.000000 0.979881 0.199581 0.000000 
-0.755548 0.655093 0.000000 -0.305995 -0.952033 -0.000000 -0.980317 -0.197429 -0.000000 0.636699 0.771112 0.000000 0.944392 -0.328821 0.000000 0.979854 0.199714 0.000000 
-0.755555 0.655085 0.000000 -0.305995 -0.952033 -0.000000 -0.980305 -0.197488 -0.000000 0.636694 0.771117 0.000000 0.944393 -0.328820 0.000000 0.979842 0.199774 0.000000 
-0.755583 0.655053 0.000000 -0.305995 -0.952033 -0.000000 -0.980291 -0.197559 -0.000000 0.636661 0.771144 0.000000 0.944393 -0.328820 0.000000 0.979827 0.199849 0.000000 
-0.755598 0.655036 0.000000 -0.305997 -0.952032 -0.000000 -0.980284 -0.197593 -0.000000 0.636644 0.771158 0.000000 0.944393 -0.328819 0.000000 0.979819 0.199885 0.000000 
-0.755624 0.655006 0.000000 -0.305998 -0.952032 -0.000000 -0.980281 -0.197609 -0.000000 0.636615 0.771181 0.000000 0.944392 -0.328821 0.000000 0.979815 0.199906 0.000000 
-0.755640 0.654987 0.000000 -0.305998 -0.952032 -0.000000 -0.980276 -0.197632 -0.000000 0.636596 0.771197 0.000000 0.944393 -0.328819 0.000000 0.979810 0.199931 0.000000 
-0.755663 0.654961 0.000000 -0.305999 -0.952032 -0.000000 -0.980274 -0.197642 -0.000000 0.636571 0.771218 0.000000 0.944392 -0.328821 0.000000 0.979807 0.199946 0.000000 
-0.755682 0.654939 0.000000 -0.306000 -0.952031 -0.000000 -0.980270 -0.197663 -0.000000 0.636551 0.771234 0.000000 0.944393 -0.328820 0.000000 0.979802 0.199968 0.000000 
-0.755697 0.654921 0.000000 -0.306001 -0.952031 -0.000000 -0.980267 -0.197676 -0.000000 0.636534 0.771249 0.000000 0.944392 -0.328821 0.000000 0.979799 0.199985 0.000000 
-0.755673 0.654949 0.000000 -0.306060 -0.952012 -0.000000 -0.980285 -0.197589 -0.000000 0.636564 0.771224 0.000000 0.944371 -0.328882 0.000000 0.979816 0.199900 0.000000 
-0.755631 0.654997 0.000000 -0.305848 -0.952080 -0.000000 -0.980148 -0.198268 -0.000000 0.636611 0.771185 0.000000 0.944443 -0.328674 0.000000 0.979684 0.200546 0.000000 
-0.755551 0.655089 0.000000 -0.305917 -0.952058 -0.000000 -0.980210 -0.197960 -0.000000 0.636701 0.771111 0.000000 0.944418 -0.328746 0.000000 0.979746 0.200246 0.000000 
-0.755590 0.655045 0.000000 -0.305919 -0.952058 -0.000000 -0.980207 -0.197976 -0.000000 0.636658 0.771146 0.000000 0.944419 -0.328745 0.000000 0.979742 0.200266 0.000000 
-0.755612 0.655020 0.000000 -0.305920 -0.952057 -0.000000 -0.980189 -0.198066 -0.000000 0.636631 0.771169 0.000000 0.944419 -0.328745 0.000000 0.979723 0.200355 0.000000 
-0.755626 0.655003 0.000000 -0.305911 -0.952060 -0.000000 -0.980123 -0.198391 -0.000000 0.636610 0.771186 0.000000 0.944422 -0.328736 0.000000 0.979659 0.200669 0.000000 
-0.755643 0.654984 0.000000 -0.305911 -0.952060 -0.000000 -0.980115 -0.198431 -0.000000 0.636591 0.771201 0.000000 0.944422 -0.328736 0.000000 0.979651 0.200710 0.000000 
-0.755646 0.654980 0.000000 -0.305913 -0.952059 -0.000000 -0.980118 -0.198414 -0.000000 0.636590 0.771203 0.000000 0.944422 -0.328734 0.000000 0.979654 0.200695 0.000000 
-0.755658 0.654966 0.000000 -0.305914 -0.952059 -0.000000 -0.980117 -0.198420 -0.000000 0.636575 0.771215 0.000000 0.944422 -0.328736 0.000000 0.979652 0.200703 0.000000 
-0.755670 0.654952 0.000000 -0.305916 -0.952058 -0.000000 -0.980107 -0.198472 -0.000000 0.636562 0.771226 0.000000 0.944421 -0.328737 0.000000 0.979642 0.200755 0.000000 
-0.755631 0.654997 0.000000 -0.306147 -0.951984 -0.000000 -0.980107 -0.198470 -0.000000 0.636607 0.771189 0.000000 0.944342 -0.328964 0.000000 0.979641 0.200756 0.000000 
-0.755634 0.654994 0.000000 -0.306148 -0.951984 -0.000000 -0.980105 -0.198480 -0.000000 0.636604 0.771191 0.000000 0.944342 -0.328966 0.000000 0.979639 0.200767 0.000000 
-0.755597 0.655037 0.000000 -0.306206 -0.951965 -0.000000 -0.980079 -0.198606 -0.000000 0.636641 0.771160 0.000000 0.944320 -0.329027 0.000000 0.979614 0.200888 0.000000 
-0.755605 0.655028 0.000000 -0.306299 -0.951935 -0.000000 -0.980109 -0.198460 -0.000000 0.636630 0.771170 0.000000 0.944288 -0.329120 0.000000 0.979643 0.200749 0.000000 
-0.755609 0.655023 0.000000 -0.306299 -0.951935 -0.000000 -0.980109 -0.198461 -0.000000 0.636626 0.771173 0.000000 0.944288 -0.329120 0.000000 0.979642 0.200751 0.000000 
-0.755579 0.655057 0.000000 -0.306301 -0.951935 -0.000000 -0.980082 -0.198593 -0.000000 0.636661 0.771144 0.000000 0.944288 -0.329120 0.000000 0.979617 0.200874 0.000000 
-0.755580 0.655056 0.000000 -0.306302 -0.951934 -0.000000 -0.980077 -0.198619 -0.000000 0.636662 0.771143 0.000000 0.944287 -0.329122 0.000000 0.979612 0.200900 0.000000 
-0.755581 0.655056 0.000000 -0.306303 -0.951934 -0.000000 -0.980077 -0.198619 -0.000000 0.636663 0.771142 0.000000 0.944288 -0.329121 0.000000 0.979612 0.200901 0.000000 
-0.755557 0.655083 0.000000 -0.306304 -0.951934 -0.000000 -0.980054 -0.198730 -0.000000 0.636690 0.771120 0.000000 0.944287 -0.329123 0.000000 0.979590 0.201006 0.000000 
-0.755555 0.655086 0.000000 -0.306305 -0.951934 -0.000000 -0.980055 -0.198729 -0.000000 0.636695 0.771116 0.000000 0.944288 -0.329121 0.000000 0.979590 0.201004 0.000000 
-0.755554 0.655087 0.000000 -0.306306 -0.951933 -0.000000 -0.980055 -0.198728 -0.000000 0.636699 0.771113 0.000000 0.944287 -0.329123 0.000000 0.979590 0.201004 0.000000 
-0.755550 0.655091 0.000000 -0.306307 -0.951933 -0.000000 -0.980047 -0.198764 -0.000000 0.636702 0.771110 0.000000 0.944287 -0.329123 0.000000 0.979583 0.201038 0.000000 
-0.755546 0.655096 0.000000 -0.306308 -0.951933 -0.000000 -0.980026 -0.198872 -0.000000 0.636706 0.771107 0.000000 0.944287 -0.329123 0.000000 0.979562 0.201141 0.000000 
-0.755514 0.655132 0.000000 -0.306517 -0.951865 -0.000000 -0.980049 -0.198757 -0.000000 0.636743 0.771076 0.000000 0.944210 -0.329343 0.000000 0.979584 0.201034 0.000000 
-0.755448 0.655209 0.000000 -0.306687 -0.951811 -0.000000 -0.980063 -0.198685 -0.000000 0.636815 0.771017 0.000000 0.944146 -0.329528 0.000000 0.979599 0.200960 0.000000 
-0.755387 0.655279 0.000000 -0.306795 -0.951776 -0.000000 -0.980037 -0.198814 -0.000000 0.636888 0.770956 0.000000 0.944110 -0.329631 0.000000 0.979573 0.201087 0.000000 
-0.755331 0.655344 0.000000 -0.306796 -0.951775 -0.000000 -0.980023 -0.198883 -0.000000 0.636953 0.770902 0.000000 0.944111 -0.329629 0.000000 0.979561 0.201148 0.000000 
-0.755051 0.655667 0.000000 -0.306854 -0.951757 -0.000000 -0.980094 -0.198534 -0.000000 0.637282 0.770631 0.000000 0.944090 -0.329687 0.000000 0.979635 0.200789 0.000000 
-0.755024 0.655697 0.000000 -0.306855 -0.951756 -0.000000 -0.980069 -0.198655 -0.000000 0.637311 0.770606 0.000000 0.944091 -0.329685 0.000000 0.979611 0.200903 0.000000 
-0.755036 0.655684 0.000000 -0.306857 -0.951756 -0.000000 -0.980069 -0.198658 -0.000000 0.637300 0.770616 0.000000 0.944091 -0.329685 0.000000 0.979610 0.200907 0.000000 
-0.755044 0.655674 0.000000 -0.306859 -0.951755 -0.000000 -0.980068 -0.198660 -0.000000 0.637292 0.770622 0.000000 0.944091 -0.329684 0.000000 0.979610 0.200910 0.000000 
-0.755043 0.655675 0.000000 -0.306861 -0.951754 -0.000000 -0.980053 -0.198737 -0.000000 0.637292 0.770622 0.000000 0.944092 -0.329683 0.000000 0.979595 0.200982 0.000000 
-0.755052 0.655665 0.000000 -0.306863 -0.951754 -0.000000 -0.980052 -0.198739 -0.000000 0.637286 0.770628 0.000000 0.944092 -0.329682 0.000000 0.979594 0.200986 0.000000 
-0.755058 0.655658 0.000000 -0.306863 -0.951754 -0.000000 -0.980052 -0.198743 -0.000000 0.637278 0.770634 0.000000 0.944092 -0.329682 0.000000 0.979593 0.200991 0.000000 
-0.755021 0.655701 0.000000 -0.306864 -0.951753 -0.000000 -0.980024 -0.198878 -0.000000 0.637323 0.770597 0.000000 0.944092 -0.329682 0.000000 0.979567 0.201117 0.000000 
-0.754976 0.655752 0.000000 -0.306917 -0.951736 -0.000000 -0.980052 -0.198742 -0.000000 0.637369 0.770559 0.000000 0.944072 -0.329739 0.000000 0.979596 0.200979 0.000000 
-0.754894 0.655847 0.000000 -0.307054 -0.951692 -0.000000 -0.980044 -0.198780 -0.000000 0.637465 0.770479 0.000000 0.944023 -0.329880 0.000000 0.979588 0.201014 0.000000 
-0.754857 0.655889 0.000000 -0.307093 -0.951680 -0.000000 -0.980048 -0.198761 -0.000000 0.637499 0.770451 0.000000 0.944008 -0.329922 0.000000 0.979593 0.200990 0.000000 
-0.754793 0.655963 0.000000 -0.307094 -0.951679 -0.000000 -0.980021 -0.198895 -0.000000 0.637578 0.770386 0.000000 0.944009 -0.329920 0.000000 0.979568 0.201112 0.000000 
-0.754771 0.655989 0.000000 -0.307195 -0.951646 -0.000000 -0.980053 -0.198739 -0.000000 0.637604 0.770364 0.000000 0.943971 -0.330028 0.000000 0.979600 0.200959 0.000000 
-0.754740 0.656024 0.000000 -0.307196 -0.951646 -0.000000 -0.980057 -0.198718 -0.000000 0.637642 0.770332 0.000000 0.943972 -0.330026 0.000000 0.979604 0.200937 0.000000 
-0.754621 0.656161 0.000000 -0.307198 -0.951645 -0.000000 -0.980026 -0.198870 -0.000000 0.637782 0.770217 0.000000 0.943972 -0.330026 0.000000 0.979577 0.201072 0.000000 
-0.754601 0.656184 0.000000 -0.307201 -0.951645 -0.000000 -0.980022 -0.198889 -0.000000 0.637806 0.770197 0.000000 0.943973 -0.330024 0.000000 0.979573 0.201087 0.000000 
-0.754511 0.656287 0.000000 -0.307265 -0.951624 -0.000000 -0.979971 -0.199140 -0.000000 0.637909 0.770112 0.000000 0.943951 -0.330085 0.000000 0.979525 0.201324 0.000000 
-0.754505 0.656295 0.000000 -0.307266 -0.951624 -0.000000 -0.979965 -0.199169 -0.000000 0.637919 0.770103 0.000000 0.943951 -0.330085 0.000000 0.979519 0.201351 0.000000 
-0.754484 0.656319 0.000000 -0.307268 -0.951623 -0.000000 -0.979960 -0.199195 -0.000000 0.637943 0.770084 0.000000 0.943951 -0.330085 0.000000 0.979515 0.201373 0.000000 
-0.754454 0.656353 0.000000 -0.307281 -0.951619 -0.000000 -0.979956 -0.199214 -0.000000 0.637979 0.770054 0.000000 0.943948 -0.330095 0.000000 0.979511 0.201390 0.000000 
-0.754398 0.656417 0.000000 -0.307312 -0.951609 -0.000000 -0.979930 -0.199340 -0.000000 0.638045 0.769999 0.000000 0.943937 -0.330126 0.000000 0.979487 0.201506 0.000000 
-0.754401 0.656414 0.000000 -0.307312 -0.951609 -0.000000 -0.979923 -0.199374 -0.000000 0.638043 0.770001 0.000000 0.943937 -0.330125 0.000000 0.979480 0.201540 0.000000 
-0.754426 0.656385 0.000000 -0.307313 -0.951608 -0.000000 -0.979921 -0.199387 -0.000000 0.638014 0.770025 0.000000 0.943937 -0.330125 0.000000 0.979477 0.201556 0.000000 
-0.754372 0.656447 0.000000 -0.307462 -0.951560 -0.000000 -0.979928 -0.199351 -0.000000 0.638078 0.769972 0.000000 0.943883 -0.330279 0.000000 0.979484 0.201521 0.000000 
-0.754380 0.656438 0.000000 -0.307463 -0.951560 -0.000000 -0.979926 -0.199361 -0.000000 0.638072 0.769977 0.000000 0.943883 -0.330279 0.000000 0.979482 0.201532 0.000000 
-0.754356 0.656466 0.000000 -0.307573 -0.951525 -0.000000 -0.979928 -0.199351 -0.000000 0.638100 0.769953 0.000000 0.943846 -0.330387 0.000000 0.979483 0.201525 0.000000 
-0.754346 0.656477 0.000000 -0.307606 -0.951514 -0.000000 -0.979942 -0.199282 -0.000000 0.638115 0.769941 0.000000 0.943834 -0.330421 0.000000 0.979497 0.201459 0.000000 
-0.754342 0.656482 0.000000 -0.307607 -0.951514 -0.000000 -0.979934 -0.199322 -0.000000 0.638119 0.769938 0.000000 0.943834 -0.330421 0.000000 0.979489 0.201498 0.000000 
-0.754341 0.656483 0.000000 -0.307608 -0.951513 -0.000000 -0.979930 -0.199340 -0.000000 0.638118 0.769939 0.000000 0.943834 -0.330421 0.000000 0.979485 0.201516 0.000000 
-0.754354 0.656468 0.000000 -0.307610 -0.951513 -0.000000 -0.979929 -0.199345 -0.000000 0.638104 0.769950 0.000000 0.943834 -0.330419 0.000000 0.979484 0.201523 0.000000 
-0.754359 0.656462 0.000000 -0.307611 -0.951512 -0.000000 -0.979926 -0.199364 -0.000000 0.638098 0.769956 0.000000 0.943834 -0.330421 0.000000 0.979480 0.201542 0.000000 
-0.754359 0.656462 0.000000 -0.307612 -0.951512 -0.000000 -0.979922 -0.199379 -0.000000 0.638098 0.769955 0.000000 0.943834 -0.330421 0.000000 0.979477 0.201557 0.000000 
-0.754360 0.656461 0.000000 -0.307558 -0.951529 -0.000000 -0.979939 -0.199300 -0.000000 0.638099 0.769955 0.000000 0.943852 -0.330368 0.000000 0.979493 0.201480 0.000000 
-0.754324 0.656502 0.000000 -0.307594 -0.951518 -0.000000 -0.979901 -0.199486 -0.000000 0.638140 0.769920 0.000000 0.943841 -0.330401 0.000000 0.979456 0.201659 0.000000 
-0.754318 0.656510 0.000000 -0.307594 -0.951518 -0.000000 -0.979899 -0.199496 -0.000000 0.638147 0.769914 0.000000 0.943840 -0.330403 0.000000 0.979454 0.201669 0.000000 
-0.754326 0.656500 0.000000 -0.307595 -0.951517 -0.000000 -0.979898 -0.199501 -0.000000 0.638140 0.769921 0.000000 0.943841 -0.330401 0.000000 0.979453 0.201675 0.000000 
-0.754290 0.656541 0.000000 -0.307655 -0.951498 -0.000000 -0.979873 -0.199623 -0.000000 0.638183 0.769884 0.000000 0.943820 -0.330461 0.000000 0.979428 0.201793 0.000000 
-0.754151 0.656701 0.000000 -0.307844 -0.951437 -0.000000 -0.979866 -0.199655 -0.000000 0.638336 0.769758 0.000000 0.943750 -0.330659 0.000000 0.979423 0.201816 0.000000 
-0.754073 0.656791 0.000000 -0.307886 -0.951423 -0.000000 -0.979851 -0.199728 -0.000000 0.638429 0.769680 0.000000 0.943735 -0.330703 0.000000 0.979410 0.201882 0.000000 
-0.753964 0.656916 0.000000 -0.307971 -0.951396 -0.000000 -0.979882 -0.199576 -0.000000 0.638555 0.769576 0.000000 0.943705 -0.330788 0.000000 0.979442 0.201727 0.000000 
-0.753948 0.656934 0.000000 -0.307971 -0.951396 -0.000000 -0.979884 -0.199568 -0.000000 0.638575 0.769559 0.000000 0.943706 -0.330786 0.000000 0.979443 0.201719 0.000000 
-0.753927 0.656958 0.000000 -0.307973 -0.951395 -0.000000 -0.979886 -0.199559 -0.000000 0.638601 0.769538 0.000000 0.943706 -0.330785 0.000000 0.979446 0.201708 0.000000 
-0.753880 0.657012 0.000000 -0.307974 -0.951395 -0.000000 -0.979858 -0.199698 -0.000000 0.638655 0.769493 0.000000 0.943706 -0.330784 0.000000 0.979419 0.201838 0.000000 
-0.753792 0.657113 0.000000 -0.307934 -0.951408 -0.000000 -0.979811 -0.199924 -0.000000 0.638756 0.769409 0.000000 0.943720 -0.330744 0.000000 0.979376 0.202046 0.000000 
-0.753792 0.657113 0.000000 -0.307934 -0.951408 -0.000000 -0.979811 -0.199924 -0.000000 0.638759 0.769407 0.000000 0.943721 -0.330743 0.000000 0.979376 0.202046 0.000000 
-0.753791 0.657114 0.000000 -0.307934 -0.951408 -0.000000 -0.979811 -0.199924 -0.000000 0.638763 0.769404 0.000000 0.943721 -0.330742 0.000000 0.979376 0.202046 0.000000 
-0.753795 0.657110 0.000000 -0.307935 -0.951407 -0.000000 -0.979811 -0.199925 -0.000000 0.638760 0.769406 0.000000 0.943721 -0.330742 0.000000 0.979376 0.202048 0.000000 
-0.753796 0.657108 0.000000 -0.307936 -0.951407 -0.000000 -0.979811 -0.199925 -0.000000 0.638762 0.769404 0.000000 0.943721 -0.330742 0.000000 0.979375 0.202049 0.000000 
-0.753801 0.657103 0.000000 -0.307936 -0.951407 -0.000000 -0.979811 -0.199928 -0.000000 0.638757 0.769408 0.000000 0.943721 -0.330742 0.000000 0.979375 0.202052 0.000000 
-0.753757 0.657153 0.000000 -0.307972 -0.951396 -0.000000 -0.979782 -0.200067 -0.000000 0.638810 0.769365 0.000000 0.943710 -0.330775 0.000000 0.979348 0.202184 0.000000 
-0.753754 0.657157 0.000000 -0.307971 -0.951396 -0.000000 -0.979782 -0.200066 -0.000000 0.638815 0.769361 0.000000 0.943710 -0.330775 0.000000 0.979348 0.202182 0.000000 
-0.753437 0.657520 0.000000 -0.307908 -0.951416 -0.000000 -0.979867 -0.199651 -0.000000 0.639182 0.769055 0.000000 0.943729 -0.330720 0.000000 0.979436 0.201756 0.000000 
-0.753390 0.657573 0.000000 -0.307909 -0.951416 -0.000000 -0.979832 -0.199824 -0.000000 0.639233 0.769013 0.000000 0.943729 -0.330719 0.000000 0.979403 0.201916 0.000000 
-0.753329 0.657644 0.000000 -0.307909 -0.951416 -0.000000 -0.979791 -0.200026 -0.000000 0.639303 0.768955 0.000000 0.943730 -0.330718 0.000000 0.979364 0.202104 0.000000 
-0.753341 0.657630 0.000000 -0.307911 -0.951415 -0.000000 -0.979790 -0.200030 -0.000000 0.639288 0.768968 0.000000 0.943729 -0.330719 0.000000 0.979363 0.202109 0.000000 
-0.753297 0.657680 0.000000 -0.307913 -0.951415 -0.000000 -0.979742 -0.200265 -0.000000 0.639336 0.768927 0.000000 0.943729 -0.330719 0.000000 0.979318 0.202329 0.000000 
-0.753237 0.657749 0.000000 -0.307989 -0.951390 -0.000000 -0.979739 -0.200277 -0.000000 0.639407 0.768869 0.000000 0.943701 -0.330799 0.000000 0.979316 0.202338 0.000000 
-0.753238 0.657748 0.000000 -0.307991 -0.951389 -0.000000 -0.979740 -0.200274 -0.000000 0.639407 0.768869 0.000000 0.943702 -0.330797 0.000000 0.979317 0.202333 0.000000 
-0.752950 0.658077 0.000000 -0.308036 -0.951375 -0.000000 -0.979801 -0.199974 -0.000000 0.639741 0.768591 0.000000 0.943685 -0.330847 0.000000 0.979381 0.202022 0.000000 
-0.752888 0.658148 0.000000 -0.308037 -0.951374 -0.000000 -0.979767 -0.200143 -0.000000 0.639811 0.768532 0.000000 0.943685 -0.330846 0.000000 0.979349 0.202179 0.000000 
-0.752887 0.658150 0.000000 -0.308038 -0.951374 -0.000000 -0.979767 -0.200140 -0.000000 0.639815 0.768529 0.000000 0.943685 -0.330845 0.000000 0.979349 0.202175 0.000000 
-0.752894 0.658141 0.000000 -0.308039 -0.951374 -0.000000 -0.979764 -0.200155 -0.000000 0.639806 0.768537 0.000000 0.943685 -0.330846 0.000000 0.979347 0.202189 0.000000 
-0.752857 0.658184 0.000000 -0.308079 -0.951361 -0.000000 -0.979776 -0.200099 -0.000000 0.639847 0.768503 0.000000 0.943671 -0.330886 0.000000 0.979359 0.202129 0.000000 
-0.752789 0.658262 0.000000 -0.308079 -0.951361 -0.000000 -0.979738 -0.200286 -0.000000 0.639923 0.768439 0.000000 0.943671 -0.330886 0.000000 0.979323 0.202302 0.000000 
-0.752785 0.658266 0.000000 -0.308080 -0.951360 -0.000000 -0.979742 -0.200263 -0.000000 0.639929 0.768434 0.000000 0.943671 -0.330886 0.000000 0.979328 0.202280 0.000000 
-0.752713 0.658349 0.000000 -0.308080 -0.951361 -0.000000 -0.979707 -0.200437 -0.000000 0.640000 0.768374 0.000000 0.943672 -0.330883 0.000000 0.979295 0.202437 0.000000 
