1.783025 0.373346 0.004077 1.916877 0.339767 0.004243 1.731272 0.165503 0.004828 1.863099 0.129289 0.005003 
1.783043 0.373359 0.004145 1.916897 0.339788 0.004327 1.731302 0.165512 0.004765 1.863131 0.129306 0.004954 
1.783036 0.373379 0.004247 1.916890 0.339807 0.004412 1.731293 0.165533 0.004722 1.863122 0.129325 0.004893 
1.783036 0.373378 0.004313 1.916890 0.339805 0.004465 1.731293 0.165531 0.004742 1.863122 0.129324 0.004899 
1.783036 0.373377 0.004374 1.916890 0.339805 0.004514 1.731293 0.165530 0.004761 1.863122 0.129323 0.004905 
1.783373 0.373316 0.003908 1.917215 0.339707 0.004815 1.731573 0.165483 0.004064 1.863389 0.129240 0.004965 
1.783498 0.373252 0.003704 1.917332 0.339622 0.004889 1.731665 0.165427 0.003736 1.863473 0.129163 0.004909 
1.783501 0.373251 0.003824 1.917336 0.339621 0.004897 1.731668 0.165426 0.003851 1.863476 0.129162 0.004914 
1.783483 0.373300 0.004041 1.917322 0.339678 0.004965 1.731665 0.165471 0.003792 1.863477 0.129215 0.004703 
1.783468 0.373389 0.004301 1.917311 0.339783 0.005120 1.731679 0.165554 0.003537 1.863497 0.129315 0.004337 
1.783594 0.373271 0.003997 1.917413 0.339574 0.004985 1.731659 0.165472 0.003642 1.863451 0.129142 0.004615 
1.783504 0.373198 0.003625 1.917324 0.339513 0.004892 1.731589 0.165394 0.003295 1.863382 0.129076 0.004545 
1.783507 0.373197 0.003749 1.917328 0.339513 0.004912 1.731592 0.165393 0.003443 1.863385 0.129076 0.004591 
1.783916 0.373386 0.003492 1.917743 0.339771 0.005604 1.732122 0.165556 0.002200 1.863923 0.129307 0.004273 
1.784040 0.373375 0.003375 1.917859 0.339741 0.005675 1.732217 0.165552 0.002081 1.864010 0.129284 0.004340 
1.784051 0.373312 0.003336 1.917871 0.339673 0.005536 1.732216 0.165490 0.002372 1.864009 0.129218 0.004537 
1.784147 0.373319 0.003399 1.917958 0.339656 0.005686 1.732275 0.165507 0.002288 1.864060 0.129210 0.004537 
1.784263 0.373309 0.003316 1.918105 0.339795 0.005955 1.732628 0.165440 0.001950 1.864447 0.129290 0.004544 
1.784303 0.373248 0.003306 1.918142 0.339714 0.005860 1.732632 0.165386 0.002251 1.864447 0.129217 0.004765 
1.784578 0.373367 0.003294 1.918426 0.339931 0.006595 1.733080 0.165468 0.001391 1.864906 0.129395 0.004633 
1.784586 0.373369 0.003449 1.918440 0.339935 0.006511 1.733086 0.165469 0.001715 1.864918 0.129398 0.004722 
1.784590 0.373371 0.003592 1.918447 0.339939 0.006535 1.733089 0.165470 0.002007 1.864924 0.129401 0.004899 
1.784589 0.373374 0.003722 1.918446 0.339944 0.006710 1.733088 0.165472 0.002273 1.864923 0.129405 0.005211 
1.784586 0.373377 0.003841 1.918441 0.339950 0.006943 1.733086 0.165474 0.002517 1.864918 0.129409 0.005571 
1.784584 0.373381 0.003946 1.918437 0.339955 0.007141 1.733084 0.165477 0.002739 1.864914 0.129414 0.005886 
1.784583 0.373383 0.004042 1.918434 0.339959 0.007295 1.733082 0.165479 0.002941 1.864912 0.129417 0.006147 
1.784582 0.373385 0.004128 1.918434 0.339963 0.007408 1.733082 0.165481 0.003123 1.864911 0.129421 0.006357 
1.784583 0.373387 0.004206 1.918435 0.339966 0.007481 1.733082 0.165482 0.003289 1.864912 0.129423 0.006519 
1.784584 0.373389 0.004277 1.918437 0.339968 0.007515 1.733084 0.165483 0.003439 1.864915 0.129425 0.006634 
1.784587 0.373390 0.004341 1.918442 0.339970 0.007511 1.733086 0.165484 0.003575 1.864919 0.129427 0.006704 
1.784591 0.373390 0.004398 1.918448 0.339971 0.007469 1.733089 0.165484 0.003699 1.864925 0.129428 0.006730 
1.784595 0.373390 0.004450 1.918455 0.339972 0.007389 1.733094 0.165484 0.003811 1.864932 0.129428 0.006713 
1.784601 0.373390 0.004496 1.918465 0.339972 0.007270 1.733099 0.165484 0.003913 1.864941 0.129428 0.006653 
1.784608 0.373390 0.004537 1.918476 0.339971 0.007113 1.733105 0.165484 0.004007 1.864951 0.129428 0.006551 
1.784616 0.373389 0.004573 1.918488 0.339970 0.006919 1.733113 0.165483 0.004094 1.864963 0.129426 0.006410 
1.784624 0.373388 0.004605 1.918501 0.339969 0.006699 1.733121 0.165482 0.004177 1.864975 0.129425 0.006244 
1.784633 0.373387 0.004634 1.918512 0.339967 0.006488 1.733128 0.165481 0.004253 1.864985 0.129424 0.006085 
1.784641 0.373386 0.004659 1.918524 0.339966 0.006274 1.733136 0.165480 0.004329 1.864996 0.129423 0.005924 
1.784652 0.373385 0.004681 1.918538 0.339964 0.005975 1.733146 0.165479 0.004427 1.865010 0.129421 0.005705 
1.784663 0.373384 0.004701 1.918551 0.339963 0.005693 1.733156 0.165478 0.004521 1.865022 0.129420 0.005501 
1.784667 0.373383 0.004723 1.918556 0.339962 0.005600 1.733160 0.165478 0.004565 1.865027 0.129420 0.005432 
1.784474 0.373226 0.004851 1.918498 0.340340 0.005272 1.733797 0.165116 0.004913 1.865809 0.129585 0.005331 
1.784303 0.371982 0.004965 1.919060 0.342238 0.005028 1.738506 0.162745 0.004860 1.871313 0.130309 0.004921 
1.784393 0.371953 0.003909 1.919121 0.342101 0.004940 1.738426 0.162752 0.003936 1.871203 0.130210 0.004957 
1.784743 0.373219 0.003981 1.919030 0.341428 0.004501 1.735764 0.164705 0.004857 1.868061 0.130253 0.005384 
1.785043 0.374562 0.004140 1.918884 0.340941 0.004532 1.733222 0.166740 0.005674 1.865037 0.130485 0.006084 
1.784715 0.373550 0.004236 1.918928 0.341443 0.004609 1.735246 0.165172 0.007285 1.867463 0.130409 0.007698 
1.784396 0.372057 0.004317 1.919013 0.341692 0.004630 1.737631 0.163045 0.006455 1.870287 0.129997 0.006796 
1.784621 0.372906 0.004565 1.919036 0.341657 0.004644 1.736487 0.164204 0.006637 1.868923 0.130285 0.006744 
1.784697 0.373218 0.004624 1.919015 0.341554 0.004664 1.735919 0.164665 0.006609 1.868250 0.130337 0.006677 
1.784693 0.373255 0.004711 1.919003 0.341555 0.004675 1.735862 0.164713 0.006591 1.868184 0.130350 0.006582 
1.784675 0.373146 0.004752 1.919014 0.341571 0.004689 1.736036 0.164557 0.006348 1.868390 0.130317 0.006309 
1.784711 0.373314 0.004804 1.918998 0.341514 0.004709 1.735726 0.164809 0.006761 1.868022 0.130348 0.006694 
1.784709 0.373294 0.004855 1.919005 0.341534 0.004728 1.735787 0.164779 0.007252 1.868093 0.130357 0.007161 
1.784762 0.373348 0.004877 1.919036 0.341494 0.004760 1.735694 0.164867 0.007233 1.867976 0.130352 0.007151 
1.784798 0.373507 0.004926 1.919027 0.341466 0.004778 1.735445 0.165109 0.008427 1.867679 0.130411 0.008330 
1.744119 0.695172 0.104421 1.866408 0.130559 0.010042 1.734377 0.166023 0.010137 1.865451 0.760414 0.096295 1.918967 0.341282 0.004803 1.956426 0.581203 0.022235 
1.741206 0.695775 0.086991 1.866162 0.130793 0.013496 1.734163 0.166376 0.013597 1.861549 0.762762 0.078362 1.918881 0.341362 0.004829 1.956691 0.582562 0.012379 
1.753975 0.685837 0.062644 1.866780 0.131165 0.018126 1.734680 0.166372 0.018203 1.874465 0.752729 0.055462 1.918839 0.341661 0.004886 1.973055 0.569072 0.006188 
1.766526 0.682554 0.047376 1.867569 0.131937 0.022995 1.735325 0.166597 0.023021 1.886912 0.749830 0.042348 1.988355 0.564789 0.005647 
1.777015 0.677892 0.033095 1.868715 0.132562 0.027268 1.736295 0.166545 0.027125 1.897036 0.745902 0.029418 2.001055 0.560250 0.005100 
1.901224 0.741447 0.019530 2.008517 0.556637 0.004989 1.871766 0.133607 0.030145 1.782121 0.671799 0.022314 1.738900 0.165803 0.029926 
1.897704 0.739164 0.015324 2.009117 0.556523 0.004983 1.876820 0.134907 0.031062 1.780089 0.667010 0.017487 1.743258 0.164079 0.030816 
1.893114 0.736454 0.012292 2.009063 0.556510 0.004979 1.882869 0.136441 0.031070 1.777276 0.661464 0.013767 1.748562 0.161967 0.030785 
1.888436 0.733266 0.009351 2.008977 0.556267 0.004988 1.889624 0.138243 0.030830 1.774523 0.655374 0.010177 1.754619 0.159771 0.030561 
1.883627 0.730032 0.006340 2.008917 0.556313 0.004986 1.897024 0.140463 0.030417 1.771843 0.649110 0.006586 1.761392 0.157602 0.030141 
1.881237 0.728476 0.005021 2.008772 0.556394 0.005008 1.903663 0.142715 0.030300 1.770511 0.646112 0.004989 1.767586 0.155864 0.030011 
1.880749 0.728376 0.005092 2.009042 0.556857 0.005199 1.905907 0.143646 0.030503 1.770388 0.645525 0.004700 1.769713 0.155509 0.030013 
1.879128 0.729432 0.005680 2.010289 0.560096 0.005809 1.909516 0.145084 0.030533 1.770180 0.644736 0.004723 1.773153 0.154815 0.030065 
1.875700 0.730864 0.006273 1.915054 0.147355 0.030306 2.010812 0.564665 0.006900 1.768783 0.643626 0.004745 1.778504 0.153962 0.029886 
1.869570 0.731351 0.006409 1.920877 0.149786 0.030210 2.008492 0.568325 0.007333 1.764703 0.641660 0.004766 1.784211 0.153248 0.029568 
1.865846 0.732254 0.006779 1.924109 0.151252 0.030020 2.006825 0.571004 0.007792 1.762131 0.641242 0.004784 1.787412 0.153005 0.029216 
1.864764 0.732508 0.007135 1.925657 0.152227 0.029713 2.006644 0.572052 0.008357 1.761567 0.640916 0.004818 1.788952 0.153145 0.028859 
1.864433 0.732543 0.007475 1.926071 0.152466 0.029420 2.006660 0.572397 0.008900 1.761442 0.640728 0.004836 1.789365 0.153143 0.028586 
1.864514 0.732399 0.007751 1.925922 0.152314 0.029019 2.006549 0.572081 0.009175 1.761418 0.640709 0.004863 1.789216 0.153086 0.028179 
1.864795 0.731957 0.007920 1.925240 0.151801 0.028527 2.006295 0.571166 0.009203 1.761396 0.640615 0.004879 1.788538 0.153010 0.027678 
1.865357 0.731228 0.008042 1.923954 0.150893 0.027960 2.005846 0.569551 0.008999 1.761385 0.640542 0.004891 1.787261 0.152922 0.027102 
1.866173 0.730253 0.008069 1.922109 0.149638 0.027344 2.005205 0.567318 0.008544 1.761387 0.640510 0.004901 1.785438 0.152836 0.026474 
1.866940 0.728892 0.007989 2.004482 0.564697 0.008045 1.919940 0.148293 0.026684 1.761335 0.640111 0.004910 1.783309 0.152885 0.025794 
1.867264 0.726621 0.007757 2.004077 0.561819 0.007809 1.918642 0.147559 0.026102 1.761262 0.638305 0.004918 1.782043 0.153010 0.025191 
1.867708 0.724266 0.007563 2.003705 0.558789 0.007608 1.917271 0.146666 0.025450 1.761268 0.636474 0.004925 1.780709 0.152972 0.024533 
1.868269 0.721334 0.007254 2.003236 0.555016 0.007293 1.915656 0.145621 0.024702 1.761281 0.634200 0.004929 1.779144 0.152930 0.023785 
1.868986 0.717853 0.006891 2.002743 0.550561 0.006932 1.913999 0.144573 0.023971 1.761365 0.631493 0.004928 1.777545 0.152905 0.023051 
1.870233 0.714336 0.006639 2.002755 0.546064 0.006673 1.912549 0.143656 0.023177 1.761977 0.628770 0.004934 1.776153 0.152878 0.022258 
1.871615 0.711382 0.006565 2.003160 0.542345 0.006592 1.911523 0.142982 0.022265 1.762863 0.626444 0.004940 1.775170 0.152833 0.021359 
1.872561 0.709016 0.006581 2.003479 0.539492 0.006600 1.911016 0.142599 0.021250 1.763496 0.624481 0.004945 1.774687 0.152761 0.020370 
1.872993 0.706991 0.006640 2.003623 0.537245 0.006648 1.910892 0.142433 0.020202 1.763785 0.622642 0.004953 1.774568 0.152674 0.019361 
1.873077 0.704926 0.006706 2.003650 0.535137 0.006688 1.911040 0.142427 0.019201 1.763841 0.620614 0.004979 1.774709 0.152582 0.018406 
1.873088 0.702587 0.006749 2.003649 0.532788 0.006716 1.911263 0.142467 0.018176 1.763846 0.618283 0.004995 1.774922 0.152490 0.017431 
1.873115 0.699927 0.006761 2.003639 0.530100 0.006722 1.911484 0.142506 0.017099 1.763855 0.615647 0.005001 1.775133 0.152398 0.016411 
1.873129 0.697233 0.006776 2.003643 0.527398 0.006739 1.911739 0.142567 0.015985 1.763864 0.612960 0.004999 1.775377 0.152308 0.015364 
1.873145 0.694520 0.006796 2.003648 0.524676 0.006755 1.911912 0.142565 0.014837 1.763875 0.610254 0.005003 1.775543 0.152206 0.014292 
1.873160 0.691745 0.006818 2.003661 0.521901 0.006781 1.912201 0.142600 0.013612 1.763889 0.607480 0.005001 1.775820 0.152069 0.013152 
1.873074 0.688890 0.006859 2.003641 0.519096 0.006817 1.912633 0.142693 0.012310 1.763836 0.604583 0.005007 1.776234 0.151903 0.011933 
1.873004 0.685865 0.006918 2.003617 0.516106 0.006852 1.913011 0.142771 0.010957 1.763789 0.601529 0.005032 1.776596 0.151754 0.010666 
1.873016 0.683289 0.007295 2.003621 0.513525 0.006964 1.913275 0.142818 0.009560 1.763797 0.598960 0.005299 1.776850 0.151642 0.009344 
1.873258 0.681265 0.007987 2.003704 0.511381 0.007150 1.913282 0.142765 0.008137 1.763960 0.597045 0.005813 1.776856 0.151585 0.007962 
1.873492 0.679908 0.009026 2.003785 0.509912 0.007437 1.913282 0.142712 0.006549 1.764117 0.595795 0.006574 1.776856 0.151533 0.006424 
1.873734 0.678925 0.010311 2.003881 0.508826 0.007837 1.913283 0.142672 0.005034 1.764286 0.594918 0.007512 1.776857 0.151494 0.004959 
1.875033 0.675398 0.010953 2.004875 0.505063 0.008730 1.913283 0.142672 0.005028 1.765437 0.591588 0.008045 1.776857 0.151494 0.004960 
1.877077 0.671358 0.011552 2.006563 0.500748 0.009726 1.913283 0.142672 0.005019 1.767310 0.587778 0.008426 1.776857 0.151494 0.004958 
1.878462 0.668505 0.012740 2.007709 0.497715 0.010821 1.913283 0.142672 0.005011 1.768582 0.585086 0.009314 1.776857 0.151493 0.004956 
1.878293 0.667260 0.014135 2.007380 0.496359 0.011508 1.914078 0.142784 0.004999 1.768334 0.583956 0.010462 1.777655 0.151498 0.003445 
1.877255 0.667585 0.016336 2.006608 0.496904 0.012653 1.914087 0.142716 0.005021 1.767423 0.584129 0.012335 1.777662 0.151439 0.003578 
1.876585 0.669076 0.018956 2.006258 0.498667 0.014129 1.914097 0.142712 0.004999 1.766909 0.585441 0.014448 1.777672 0.151439 0.003670 
1.875861 0.671345 0.021772 2.005892 0.501248 0.015725 1.914112 0.142691 0.005031 1.766361 0.587512 0.016704 1.777686 0.151424 0.003785 
1.874985 0.673997 0.024649 2.005376 0.504227 0.017322 1.914117 0.142692 0.005024 1.765661 0.589968 0.019028 1.777689 0.151424 0.003897 
1.874045 0.676469 0.027370 2.004781 0.507021 0.018819 1.914121 0.142692 0.005016 1.764891 0.592255 0.021246 1.777693 0.151424 0.003997 
1.873181 0.678403 0.029657 2.004257 0.509275 0.020050 1.914073 0.142680 0.004587 1.764196 0.594004 0.023095 1.777639 0.151338 0.003886 
1.872490 0.679687 0.031543 2.003878 0.510850 0.021111 1.914083 0.142618 0.004696 1.763661 0.595116 0.024615 1.777649 0.151288 0.004003 
1.871983 0.680277 0.033079 2.003592 0.511654 0.021999 1.914086 0.142618 0.004722 1.763264 0.595587 0.025879 1.777651 0.151288 0.004091 
1.871625 0.680615 0.034327 2.003388 0.512148 0.022714 1.914100 0.142563 0.004804 1.762983 0.595846 0.026909 1.777666 0.151244 0.004162 
1.871347 0.680888 0.035381 2.003228 0.512545 0.023309 1.914120 0.142571 0.004781 1.762764 0.596059 0.027786 1.777687 0.151256 0.004137 
1.871108 0.681100 0.036219 2.003089 0.512863 0.023763 1.914273 0.142696 0.004599 1.762575 0.596219 0.028491 1.777836 0.151313 0.003881 
1.870918 0.681233 0.036792 2.002964 0.513072 0.024007 1.914571 0.142931 0.004147 1.762417 0.596319 0.028969 1.778130 0.151451 0.003112 
1.870753 0.681357 0.037294 2.002876 0.513275 0.024271 1.914575 0.142934 0.004225 1.762290 0.596400 0.029417 1.778133 0.151453 0.003287 
1.870653 0.681467 0.037623 2.002831 0.513441 0.024434 1.914578 0.142937 0.004295 1.762218 0.596477 0.029725 1.778135 0.151455 0.003444 
1.870541 0.681534 0.037606 2.002713 0.513512 0.024298 1.914843 0.142887 0.004468 1.762102 0.596546 0.029733 1.778404 0.151403 0.003097 
1.870535 0.681577 0.037547 2.002712 0.513560 0.024235 1.914847 0.142889 0.004515 1.762098 0.596580 0.029737 1.778408 0.151404 0.003273 
1.870636 0.681505 0.037203 2.002792 0.513465 0.023972 1.914870 0.142962 0.004259 1.762188 0.596514 0.029480 1.778428 0.151454 0.003149 
1.870833 0.681208 0.036603 2.002939 0.513115 0.023552 1.915076 0.143113 0.003987 1.762359 0.596238 0.029009 1.778632 0.151555 0.002677 
1.871032 0.680708 0.035799 2.003071 0.512542 0.023005 1.915095 0.143244 0.003748 1.762525 0.595766 0.028370 1.778648 0.151653 0.002635 
1.871220 0.680261 0.034900 2.003207 0.512033 0.022392 1.915142 0.143533 0.002953 1.762686 0.595339 0.027647 1.778681 0.151765 0.002205 
1.871412 0.679774 0.033934 2.003330 0.511464 0.021801 1.915173 0.143491 0.003219 1.762843 0.594879 0.026889 1.778713 0.151735 0.002415 
1.871666 0.679174 0.032815 2.003501 0.510769 0.021112 1.915179 0.143489 0.003308 1.763055 0.594313 0.026001 1.778718 0.151716 0.002584 
1.871950 0.678467 0.031625 2.003688 0.509953 0.020399 1.915181 0.143493 0.003465 1.763290 0.593648 0.025069 1.778720 0.151719 0.002810 
1.872244 0.677808 0.030409 2.003872 0.509177 0.019674 1.915191 0.143446 0.003641 1.763529 0.593040 0.024121 1.778729 0.151669 0.003022 
1.872548 0.677272 0.029221 2.004062 0.508522 0.018975 1.915193 0.143449 0.003766 1.763776 0.592559 0.023203 1.778731 0.151671 0.003207 
1.872860 0.676846 0.028020 2.004256 0.507974 0.018264 1.915195 0.143452 0.003880 1.764028 0.592190 0.022277 1.778732 0.151674 0.003374 
1.873188 0.676464 0.026751 2.004452 0.507461 0.017497 1.915225 0.143280 0.004294 1.764290 0.591875 0.021286 1.778766 0.151539 0.003625 
1.873502 0.676058 0.025434 2.004639 0.506929 0.016706 1.915227 0.143282 0.004360 1.764540 0.591531 0.020266 1.778767 0.151540 0.003751 
1.873906 0.675593 0.024066 2.004886 0.506315 0.015890 1.915229 0.143283 0.004419 1.764866 0.591149 0.019206 1.778769 0.151541 0.003865 
1.874295 0.675002 0.022523 2.005109 0.505567 0.014940 1.915334 0.142997 0.004950 1.765172 0.590648 0.017983 1.778881 0.151334 0.003993 
1.874628 0.674372 0.020985 2.005285 0.504793 0.013978 1.915437 0.143110 0.004625 1.765427 0.590102 0.016780 1.778983 0.151427 0.003593 
1.875126 0.673539 0.019359 2.005599 0.503790 0.013019 1.915442 0.143100 0.004680 1.765833 0.589371 0.015501 1.778988 0.151420 0.003729 
1.875592 0.672629 0.017672 2.005874 0.502711 0.012006 1.915469 0.143047 0.004720 1.766205 0.588569 0.014168 1.779016 0.151378 0.003751 
1.876125 0.671695 0.015967 2.006191 0.501590 0.011017 1.915556 0.142770 0.005195 1.766631 0.587760 0.012811 1.779106 0.151124 0.004017 
1.876513 0.670867 0.014310 2.006430 0.500629 0.010048 1.915570 0.142779 0.005134 1.766945 0.587016 0.011510 1.779118 0.151132 0.004066 
1.876976 0.670070 0.012659 2.006706 0.499673 0.009082 1.915612 0.142827 0.005004 1.767316 0.586327 0.010194 1.779162 0.151197 0.003905 
1.877538 0.669189 0.011060 2.007064 0.498624 0.008198 1.915616 0.142826 0.005001 1.767778 0.585570 0.008925 1.779165 0.151196 0.004004 
1.878060 0.668256 0.009452 2.007376 0.497521 0.007286 1.915637 0.142853 0.004936 1.768197 0.584763 0.007645 1.779186 0.151223 0.003976 
1.878606 0.667247 0.007820 2.007689 0.496328 0.006463 1.915773 0.142518 0.005563 1.768630 0.583898 0.006344 1.779326 0.150908 0.004290 
1.878827 0.667300 0.006615 2.007756 0.496260 0.006222 1.915778 0.142514 0.005504 1.768777 0.584044 0.005369 1.779330 0.150905 0.004350 
1.878901 0.667328 0.005773 2.007785 0.496254 0.005765 1.915782 0.142511 0.005460 1.768828 0.584097 0.004984 1.779333 0.150903 0.004409 
1.878915 0.667347 0.005363 2.007797 0.496271 0.005360 1.915846 0.142554 0.005410 1.768840 0.584116 0.004981 1.779396 0.150925 0.004386 
1.878945 0.667360 0.005168 2.007767 0.496238 0.005149 1.915851 0.142553 0.005421 1.768841 0.584168 0.004992 1.779400 0.150925 0.004488 
1.878947 0.667364 0.005121 2.007767 0.496241 0.005110 1.915907 0.142594 0.005385 1.768842 0.584173 0.004983 1.779455 0.150952 0.004455 
1.878952 0.667359 0.005115 2.007763 0.496229 0.005116 1.915908 0.142593 0.005349 1.768842 0.584174 0.004983 1.779456 0.150952 0.004504 
1.878952 0.667359 0.005113 2.007762 0.496228 0.005152 1.915911 0.142592 0.005313 1.768841 0.584174 0.004984 1.779458 0.150951 0.004547 
1.878943 0.667370 0.005136 2.007767 0.496250 0.005181 1.916001 0.142511 0.005499 1.768839 0.584177 0.004985 1.779548 0.150865 0.004607 
1.878914 0.667326 0.005198 2.007773 0.496233 0.005284 1.916004 0.142508 0.005445 1.768827 0.584110 0.004996 1.779551 0.150863 0.004638 
1.878877 0.667175 0.005295 2.007765 0.496103 0.005374 1.916007 0.142506 0.005395 1.768804 0.583941 0.005069 1.779554 0.150861 0.004664 
1.878841 0.667081 0.005449 2.007733 0.496013 0.005457 1.916010 0.142504 0.005350 1.768770 0.583844 0.005217 1.779556 0.150859 0.004687 
1.878843 0.667085 0.005648 2.007744 0.496022 0.005556 1.916012 0.142502 0.005309 1.768777 0.583843 0.005395 1.779559 0.150858 0.004708 
1.878852 0.667101 0.005838 2.007760 0.496043 0.005647 1.916015 0.142500 0.005272 1.768789 0.583854 0.005566 1.779560 0.150856 0.004727 
1.878853 0.667116 0.006013 2.007767 0.496064 0.005724 1.916016 0.142499 0.005239 1.768793 0.583865 0.005729 1.779562 0.150855 0.004744 
1.878848 0.667131 0.006175 2.007768 0.496084 0.005787 1.916018 0.142498 0.005209 1.768791 0.583875 0.005886 1.779564 0.150854 0.004759 
1.878839 0.667145 0.006323 2.007765 0.496103 0.005840 1.916020 0.142497 0.005180 1.768785 0.583885 0.006033 1.779565 0.150853 0.004774 
1.878830 0.667158 0.006460 2.007763 0.496121 0.005888 1.916021 0.142496 0.005154 1.768779 0.583895 0.006169 1.779567 0.150852 0.004786 
1.878821 0.667172 0.006586 2.007760 0.496139 0.005933 1.916023 0.142495 0.005132 1.768773 0.583905 0.006294 1.779568 0.150851 0.004800 
1.878813 0.667186 0.006704 2.007757 0.496157 0.005976 1.916024 0.142494 0.005112 1.768767 0.583916 0.006409 1.779569 0.150850 0.004813 
1.878805 0.667198 0.006812 2.007754 0.496175 0.006016 1.916025 0.142493 0.005095 1.768762 0.583925 0.006514 1.779570 0.150849 0.004825 
1.878797 0.667211 0.006911 2.007751 0.496191 0.006053 1.916026 0.142492 0.005079 1.768757 0.583934 0.006610 1.779571 0.150849 0.004836 
1.878790 0.667222 0.007002 2.007749 0.496206 0.006088 1.916027 0.142492 0.005065 1.768752 0.583943 0.006698 1.779572 0.150848 0.004845 
1.878784 0.667234 0.007087 2.007747 0.496221 0.006120 1.916028 0.142491 0.005052 1.768748 0.583951 0.006778 1.779572 0.150848 0.004854 
1.878787 0.667245 0.007126 2.007752 0.496234 0.006127 1.916202 0.142425 0.005301 1.768752 0.583962 0.006807 1.779744 0.150724 0.004928 
1.878679 0.667213 0.007142 2.007706 0.496248 0.006126 1.916206 0.142426 0.005256 1.768674 0.583890 0.006825 1.779748 0.150723 0.004918 
1.878583 0.667233 0.007233 2.007660 0.496308 0.006164 1.916207 0.142425 0.005217 1.768602 0.583877 0.006907 1.779749 0.150721 0.004911 
1.878530 0.667264 0.007354 2.007635 0.496360 0.006216 1.916209 0.142423 0.005183 1.768563 0.583890 0.007018 1.779750 0.150720 0.004906 
1.878529 0.667268 0.007465 2.007637 0.496366 0.006261 1.916209 0.142422 0.005157 1.768563 0.583893 0.007122 1.779751 0.150718 0.004906 
1.878531 0.667271 0.007562 2.007639 0.496370 0.006299 1.916210 0.142421 0.005133 1.768565 0.583895 0.007216 1.779752 0.150717 0.004906 
1.878532 0.667274 0.007649 2.007641 0.496374 0.006333 1.916211 0.142420 0.005113 1.768567 0.583897 0.007299 1.779752 0.150717 0.004909 
1.878534 0.667276 0.007725 2.007644 0.496377 0.006362 1.916212 0.142419 0.005095 1.768570 0.583899 0.007372 1.779753 0.150716 0.004912 
1.878537 0.667277 0.007791 2.007647 0.496378 0.006388 1.916213 0.142419 0.005079 1.768573 0.583900 0.007435 1.779754 0.150715 0.004914 
1.878541 0.667278 0.007849 2.007650 0.496379 0.006410 1.916213 0.142418 0.005065 1.768576 0.583901 0.007492 1.779754 0.150715 0.004916 
1.878544 0.667279 0.007902 2.007654 0.496381 0.006430 1.916214 0.142417 0.005052 1.768580 0.583902 0.007542 1.779755 0.150714 0.004918 
1.878547 0.667280 0.007950 2.007657 0.496382 0.006448 1.916214 0.142417 0.005040 1.768583 0.583903 0.007588 1.779755 0.150713 0.004920 
1.878551 0.667281 0.007994 2.007660 0.496383 0.006465 1.916215 0.142416 0.005029 1.768586 0.583905 0.007629 1.779756 0.150713 0.004922 
1.878548 0.667286 0.008016 2.007654 0.496386 0.006468 1.916231 0.142364 0.005139 1.768582 0.583912 0.007633 1.779773 0.150674 0.004954 
1.878492 0.667265 0.008049 2.007618 0.496380 0.006477 1.916233 0.142363 0.005120 1.768536 0.583877 0.007669 1.779775 0.150673 0.004952 
1.878490 0.667266 0.008122 2.007618 0.496383 0.006509 1.916233 0.142362 0.005099 1.768535 0.583877 0.007738 1.779776 0.150672 0.004948 
1.878490 0.667266 0.008190 2.007618 0.496384 0.006536 1.916234 0.142361 0.005083 1.768535 0.583877 0.007805 1.779776 0.150671 0.004946 
1.878489 0.667266 0.008250 2.007618 0.496384 0.006561 1.916234 0.142361 0.005068 1.768535 0.583877 0.007864 1.779777 0.150670 0.004946 
1.878491 0.667267 0.008305 2.007620 0.496386 0.006584 1.916235 0.142360 0.005054 1.768536 0.583877 0.007915 1.779777 0.150670 0.004945 
1.878493 0.667268 0.008355 2.007622 0.496387 0.006605 1.916235 0.142360 0.005042 1.768538 0.583878 0.007961 1.779777 0.150669 0.004944 
1.878495 0.667269 0.008400 2.007625 0.496389 0.006624 1.916236 0.142359 0.005031 1.768541 0.583880 0.008002 1.779778 0.150669 0.004943 
1.878498 0.667271 0.008442 2.007627 0.496391 0.006642 1.916236 0.142359 0.005021 1.768543 0.583881 0.008040 1.779778 0.150668 0.004943 
1.878499 0.667273 0.008481 2.007629 0.496394 0.006660 1.916236 0.142358 0.005014 1.768545 0.583883 0.008074 1.779778 0.150668 0.004943 
1.878442 0.667253 0.008411 2.007596 0.496391 0.006578 1.916224 0.142183 0.005093 1.768499 0.583847 0.007999 1.779769 0.150539 0.004961 
1.878429 0.667220 0.008478 2.007590 0.496365 0.006613 1.916224 0.142182 0.005072 1.768490 0.583810 0.008059 1.779769 0.150538 0.004952 
1.878431 0.667226 0.008581 2.007593 0.496372 0.006669 1.916225 0.142181 0.005056 1.768492 0.583816 0.008148 1.779770 0.150537 0.004949 
1.878431 0.667259 0.008685 2.007595 0.496407 0.006724 1.916225 0.142180 0.005044 1.768493 0.583847 0.008236 1.779770 0.150536 0.004948 
1.878430 0.667299 0.008782 2.007596 0.496449 0.006776 1.916225 0.142179 0.005032 1.768494 0.583885 0.008319 1.779770 0.150535 0.004946 
1.878429 0.667333 0.008871 2.007598 0.496485 0.006824 1.916226 0.142178 0.005022 1.768494 0.583918 0.008393 1.779770 0.150534 0.004945 
1.878429 0.667350 0.008948 2.007599 0.496504 0.006865 1.916226 0.142178 0.005013 1.768495 0.583934 0.008458 1.779771 0.150533 0.004945 
1.878421 0.667358 0.009005 2.007600 0.496519 0.006892 1.916153 0.142155 0.004976 1.768491 0.583936 0.008504 1.779699 0.150526 0.005034 
1.878264 0.667384 0.008997 2.007460 0.496558 0.006845 1.916278 0.142059 0.005159 1.768342 0.583952 0.008476 1.779825 0.150445 0.004849 
1.878189 0.667395 0.009107 2.007421 0.496596 0.006922 1.916279 0.142057 0.005136 1.768285 0.583940 0.008563 1.779826 0.150443 0.004856 
1.878205 0.667446 0.009247 2.007442 0.496652 0.007016 1.916280 0.142056 0.005115 1.768303 0.583987 0.008670 1.779827 0.150442 0.004861 
1.878217 0.667531 0.009394 2.007461 0.496743 0.007108 1.916281 0.142055 0.005094 1.768319 0.584069 0.008784 1.779828 0.150441 0.004865 
