-0.383266 0.923638 0.000545 0.925280 0.379228 0.006630 -0.916593 -0.399767 -0.006641 0.377610 -0.925965 -0.000585 
-0.383181 0.923673 -0.000603 0.925320 0.379152 0.005151 -0.916635 -0.399692 -0.005137 0.377524 -0.925999 0.000571 
-0.383181 0.923673 -0.000535 0.925322 0.379153 0.004638 -0.916637 -0.399693 -0.004625 0.377525 -0.925999 0.000506 
-0.383158 0.923683 0.000023 0.925336 0.379128 0.003951 -0.916651 -0.399669 -0.003951 0.377502 -0.926009 -0.000047 
-0.382784 0.923835 0.002420 0.925496 0.378755 0.000924 -0.916820 -0.399299 -0.000978 0.377126 -0.926159 -0.002426 
-0.382254 0.924042 0.005314 0.925703 0.378243 -0.002589 -0.917038 -0.398792 0.002470 0.376596 -0.926363 -0.005299 
-0.382256 0.924044 0.004741 0.925704 0.378241 -0.002336 -0.917040 -0.398790 0.002230 0.376597 -0.926365 -0.004727 
-0.382258 0.924046 0.004231 0.925705 0.378240 -0.002116 -0.917041 -0.398789 0.002021 0.376599 -0.926367 -0.004218 
-0.382259 0.924048 0.003779 0.925706 0.378239 -0.001927 -0.917041 -0.398788 0.001843 0.376600 -0.926368 -0.003767 
-0.382260 0.924049 0.003404 0.925706 0.378239 -0.001774 -0.917042 -0.398787 0.001698 0.376601 -0.926369 -0.003393 
-0.382261 0.924049 0.003073 0.925707 0.378239 -0.001664 -0.917042 -0.398787 0.001595 0.376602 -0.926370 -0.003063 
-0.382261 0.924050 0.002776 0.925706 0.378239 -0.001932 -0.917042 -0.398787 0.001870 0.376602 -0.926371 -0.002765 
-0.382260 0.924051 0.002507 0.925699 0.378239 -0.004023 -0.917035 -0.398788 0.003966 0.376601 -0.926372 -0.002482 
-0.382261 0.924052 0.002205 0.925698 0.378239 -0.004348 -0.917033 -0.398787 0.004298 0.376602 -0.926373 -0.002179 
-0.382262 0.924052 0.001914 0.925700 0.378239 -0.003933 -0.917035 -0.398787 0.003890 0.376603 -0.926373 -0.001890 
-0.382262 0.924052 0.001663 0.925702 0.378238 -0.003565 -0.917037 -0.398786 0.003527 0.376603 -0.926373 -0.001641 
-0.382262 0.924053 0.001435 0.925703 0.378237 -0.003230 -0.917039 -0.398785 0.003198 0.376603 -0.926374 -0.001415 
-0.382265 0.924052 0.001252 0.925701 0.378239 -0.003532 -0.917037 -0.398787 0.003504 0.376606 -0.926373 -0.001230 
-0.382023 0.924153 0.000810 0.925796 0.377994 -0.004678 -0.917137 -0.398545 0.004659 0.376364 -0.926472 -0.000782 
-0.382021 0.924153 0.000750 0.925788 0.377990 -0.006317 -0.917129 -0.398541 0.006299 0.376362 -0.926472 -0.000711 
-0.382021 0.924154 0.000711 0.925767 0.377982 -0.009279 -0.917107 -0.398533 0.009262 0.376361 -0.926473 -0.000654 
-0.382022 0.924153 0.000658 0.925713 0.377965 -0.014085 -0.917053 -0.398516 0.014068 0.376364 -0.926472 -0.000572 
-0.383136 0.923692 0.000599 0.925183 0.379052 -0.018841 -0.916499 -0.399593 0.018824 0.377481 -0.926017 -0.000484 
-0.384004 0.923331 0.000561 0.924774 0.379900 -0.021654 -0.916071 -0.400432 0.021638 0.378351 -0.925662 -0.000429 
-0.384048 0.923313 0.000614 0.924714 0.379930 -0.023597 -0.916010 -0.400462 0.023580 0.378396 -0.925644 -0.000470 
-0.383920 0.923366 0.000749 0.924725 0.379788 -0.025401 -0.916023 -0.400322 0.025380 0.378267 -0.925696 -0.000594 
-0.383476 0.923551 0.000874 0.924857 0.379328 -0.027365 -0.916166 -0.399866 0.027341 0.377822 -0.925878 -0.000706 
-0.382073 0.924132 0.000943 0.925335 0.377889 -0.030916 -0.916674 -0.398439 0.030890 0.376416 -0.926450 -0.000754 
-0.381479 0.924377 0.001018 0.925455 0.377251 -0.034848 -0.916808 -0.397808 0.034820 0.375822 -0.926691 -0.000804 
0.370456 -0.928838 -0.004819 0.740016 0.672355 -0.017759 0.948551 -0.316562 0.006267 -0.918591 -0.392512 0.046107 -0.673848 0.738224 -0.030909 -0.913168 0.407558 0.004555 
0.355559 -0.934397 -0.021895 0.748857 0.662584 -0.013986 0.945842 -0.324112 -0.018296 -0.923253 -0.378599 0.065320 -0.663978 0.747751 -0.001148 -0.909953 0.414384 0.016456 
0.348332 -0.937215 -0.017124 0.752272 0.658752 -0.011536 0.947623 -0.318864 -0.018355 -0.926570 -0.371159 0.060906 -0.660127 0.751154 -0.000862 -0.911728 0.410568 0.013677 
0.344346 -0.938810 -0.007817 -0.928554 -0.366692 0.057662 0.756292 0.654141 -0.011052 0.950295 -0.310849 -0.017666 -0.655518 0.755179 -0.000772 -0.915958 0.401217 0.006789 
0.343298 -0.939218 -0.004023 -0.929060 -0.365448 0.057401 0.757521 0.652714 -0.011294 0.951316 -0.307713 -0.017606 -0.654098 0.756409 -0.001115 -0.917653 0.397359 0.004200 
0.341987 -0.939703 -0.002020 -0.929643 -0.364052 0.056841 0.758753 0.651285 -0.011036 0.951034 -0.308592 -0.017454 -0.652669 0.757642 -0.001130 -0.917418 0.397917 0.002599 
0.340602 -0.940208 0.000089 -0.930371 -0.362623 0.053981 0.761391 0.648210 -0.010363 0.950522 -0.310211 -0.016628 -0.649593 0.760281 -0.001047 -0.917101 0.398654 0.000859 
0.340597 -0.940209 0.000095 -0.930599 -0.362700 0.049327 0.764296 0.644784 -0.010201 0.950150 -0.311441 -0.014851 -0.646171 0.763192 -0.001122 -0.917123 0.398604 0.000767 
0.340592 -0.940211 0.000103 -0.930821 -0.362775 0.044343 0.765064 0.643869 -0.010479 0.950110 -0.311686 -0.011942 -0.645269 0.763951 -0.002532 -0.917153 0.398534 0.000672 
0.340589 -0.940212 0.000113 -0.931030 -0.362848 0.039053 0.764902 0.644049 -0.011212 0.950212 -0.311495 -0.008248 -0.645469 0.763772 -0.004747 -0.917191 0.398448 0.000573 
0.340587 -0.940213 0.000127 -0.931189 -0.362903 0.034485 0.764533 0.644483 -0.011391 0.950332 -0.311210 -0.004292 -0.645921 0.763360 -0.008225 -0.917225 0.398369 0.000476 
0.340586 -0.940213 0.000145 -0.931321 -0.362950 0.030132 0.763790 0.645366 -0.011284 0.950493 -0.310747 -0.000069 -0.646809 0.762550 -0.012484 -0.917259 0.398292 0.000381 
0.340615 -0.940203 0.000158 -0.931422 -0.363020 0.025879 0.762729 0.646619 -0.011299 0.950628 -0.310304 0.004307 -0.648056 0.761406 -0.016862 -0.917190 0.398450 0.000187 
0.340615 -0.940203 0.000136 -0.931507 -0.363051 0.022116 0.762052 0.647444 -0.009664 0.950681 -0.310052 0.008529 -0.648825 0.760639 -0.021317 -0.917132 0.398582 -0.000795 
0.340615 -0.940203 0.000119 -0.931565 -0.363074 0.019076 0.761840 0.647722 -0.007520 0.950483 -0.310530 0.012381 -0.649025 0.760369 -0.024610 -0.916827 0.399275 -0.002819 
0.340615 -0.940203 0.000098 -0.931615 -0.363092 0.016072 0.761717 0.647889 -0.005229 0.950252 -0.311077 0.015881 -0.649106 0.760211 -0.027219 -0.916503 0.399996 -0.005003 
0.340614 -0.940203 0.000080 -0.931657 -0.363107 0.013006 0.761632 0.648004 -0.002750 0.950054 -0.311502 0.019105 -0.649129 0.760112 -0.029351 -0.916249 0.400544 -0.007262 
0.340614 -0.940203 0.000060 -0.931691 -0.363119 0.009854 0.761577 0.648074 -0.000049 0.949906 -0.311754 0.022096 -0.649102 0.760065 -0.031103 -0.916088 0.400864 -0.009577 
0.340614 -0.940203 0.000041 -0.931716 -0.363129 0.006594 0.761550 0.648100 0.002884 0.949812 -0.311830 0.024877 -0.649029 0.760069 -0.032500 -0.916021 0.400953 -0.011952 
0.340614 -0.940203 0.000019 -0.931731 -0.363134 0.003209 0.761539 0.648091 0.006038 0.949738 -0.311833 0.027514 -0.648921 0.760111 -0.033661 -0.915993 0.400937 -0.014365 
0.340613 -0.940204 0.000003 -0.931735 -0.363136 0.001645 0.761469 0.648132 0.009465 0.949819 -0.311382 0.029745 -0.648860 0.760115 -0.034729 -0.916211 0.400320 -0.017370 
0.340613 -0.940204 0.000001 -0.931736 -0.363135 0.001233 0.761233 0.648338 0.013518 0.950312 -0.309687 0.031646 -0.648954 0.759986 -0.035774 -0.917099 0.398114 -0.020874 
0.340613 -0.940204 0.000002 -0.931736 -0.363135 0.000816 0.760849 0.648686 0.017755 0.950973 -0.307465 0.033392 -0.649193 0.759735 -0.036749 -0.918242 0.395272 -0.024331 
0.340593 -0.940209 0.001817 -0.931743 -0.363112 0.002111 0.760502 0.648963 0.021980 0.951847 -0.304644 0.034338 -0.649364 0.759539 -0.037777 -0.919670 0.391625 -0.028926 
0.340512 -0.940240 0.000919 -0.649577 0.759320 -0.038502 0.760119 0.649262 0.026043 0.952477 -0.302474 0.036006 -0.931774 -0.363033 0.002153 -0.920750 0.388846 -0.031910 
0.340251 -0.940334 -0.001287 -0.649659 0.759223 -0.039023 0.759850 0.649411 0.029873 0.953018 -0.300591 0.037449 -0.931866 -0.362779 0.004068 -0.921702 0.386356 -0.034556 
0.340252 -0.940334 -0.001120 -0.649753 0.759132 -0.039236 0.759586 0.649548 0.033421 0.953474 -0.299028 0.038331 -0.931868 -0.362780 0.003658 -0.922454 0.384308 -0.037229 
0.340253 -0.940334 -0.000978 -0.649701 0.759184 -0.039098 0.759471 0.649512 0.036590 0.953820 -0.297842 0.038945 -0.931869 -0.362780 0.003281 -0.923013 0.382723 -0.039622 
0.340253 -0.940333 -0.000849 -0.649536 0.759347 -0.038663 0.759481 0.649337 0.039369 0.954059 -0.297030 0.039297 -0.931870 -0.362780 0.002934 -0.923386 0.381601 -0.041704 
0.340107 -0.940384 -0.002436 -0.649228 0.759633 -0.038220 0.759624 0.649011 0.041907 0.954191 -0.296443 0.040500 -0.931930 -0.362637 0.000955 -0.923682 0.380776 -0.042679 
0.340107 -0.940384 -0.002192 -0.649081 0.759805 -0.037289 0.759662 0.648812 0.044228 0.954430 -0.295717 0.040179 -0.931930 -0.362637 0.000841 -0.924016 0.379786 -0.044241 
0.340096 -0.940390 -0.001238 -0.648862 0.760041 -0.036272 0.759777 0.648531 0.046325 0.954725 -0.294844 0.039586 -0.931935 -0.362624 0.000497 -0.924426 0.378596 -0.045837 
0.340036 -0.940412 -0.000324 -0.648677 0.760258 -0.035026 0.759884 0.648265 0.048261 0.955120 -0.293685 0.038666 -0.931959 -0.362564 0.000665 -0.924976 0.377067 -0.047328 
0.339636 -0.940552 -0.002963 -0.648459 0.760503 -0.033722 0.760035 0.647960 0.049949 0.955236 -0.293223 0.039310 -0.932112 -0.362162 -0.002194 -0.925234 0.376525 -0.046601 
0.339617 -0.940562 -0.001952 -0.648254 0.760745 -0.032164 0.760209 0.647651 0.051284 0.955544 -0.292386 0.038017 -0.932119 -0.362145 -0.002294 -0.925640 0.375412 -0.047496 
0.339617 -0.940562 -0.001768 -0.648116 0.760929 -0.030524 0.760342 0.647404 0.052417 0.955781 -0.291784 0.036661 -0.932119 -0.362145 -0.002081 -0.925952 0.374605 -0.047793 
0.339591 -0.940571 -0.001915 -0.647919 0.761164 -0.028822 0.760543 0.647096 0.053307 0.956038 -0.291088 0.035489 -0.932129 -0.362118 -0.002306 -0.926322 0.373688 -0.047795 
0.339591 -0.940572 -0.001737 -0.647807 0.761331 -0.026865 0.760695 0.646858 0.054008 0.956325 -0.290350 0.033751 -0.932130 -0.362118 -0.002086 -0.926710 0.372747 -0.047634 
0.339301 -0.940667 -0.004499 -0.647608 0.761567 -0.024892 0.760935 0.646538 0.054460 0.956361 -0.290294 0.033210 -0.932240 -0.361821 -0.003761 -0.926821 0.372706 -0.045745 
0.339340 -0.940657 -0.003626 -0.647400 0.761809 -0.022810 0.761198 0.646208 0.054709 0.956642 -0.289596 0.031141 -0.932225 -0.361861 -0.003724 -0.927201 0.371793 -0.045473 
0.339339 -0.940658 -0.003277 -0.647245 0.762005 -0.020572 0.761423 0.645923 0.054941 0.956928 -0.288876 0.028958 -0.932225 -0.361863 -0.003309 -0.927590 0.370884 -0.044954 
0.339318 -0.940669 -0.002230 -0.647016 0.762256 -0.018319 0.761712 0.645568 0.055101 0.957330 -0.287775 0.026557 -0.932235 -0.361847 -0.002247 -0.928147 0.369483 -0.044995 
0.339259 -0.940693 -0.000690 -0.646828 0.762469 -0.015941 0.761974 0.645252 0.055191 0.957854 -0.286269 0.023789 -0.932258 -0.361794 -0.000492 -0.928876 0.367604 -0.045356 
0.339259 -0.940693 -0.000635 -0.646697 0.762625 -0.013669 0.762186 0.645005 0.055144 0.958198 -0.285273 0.021808 -0.932258 -0.361794 -0.000414 -0.929385 0.366405 -0.044623 
0.339244 -0.940698 -0.001174 -0.646565 0.762772 -0.011496 0.762399 0.644769 0.054966 0.958506 -0.284374 0.019949 -0.932264 -0.361779 0.000184 -0.929858 0.365314 -0.043702 
0.339169 -0.940724 -0.001721 -0.646402 0.762939 -0.009426 0.762638 0.644514 0.054635 0.958708 -0.283815 0.018132 -0.932292 -0.361706 0.000722 -0.930170 0.364643 -0.042646 
0.338806 -0.940841 -0.005343 -0.646085 0.763228 -0.007594 0.763000 0.644125 0.054167 0.958762 -0.283688 0.017226 -0.932422 -0.361362 0.002526 -0.930336 0.364437 -0.040753 
0.338506 -0.940932 -0.007749 -0.645839 0.763453 -0.005649 0.763313 0.643810 0.053500 0.958797 -0.283669 0.015476 -0.932517 -0.361090 0.005014 -0.930426 0.364396 -0.039033 
0.338569 -0.940921 -0.006261 -0.645661 0.763615 -0.003822 0.763563 0.643575 0.052753 0.958895 -0.283462 0.013041 -0.932495 -0.361144 0.005287 -0.930565 0.364126 -0.038218 
0.338573 -0.940923 -0.005659 -0.645526 0.763735 -0.002035 0.763777 0.643394 0.051865 0.958912 -0.283490 0.011012 -0.932499 -0.361141 0.004795 -0.930599 0.364189 -0.036764 
0.338576 -0.940925 -0.005126 -0.645391 0.763852 -0.000234 0.763990 0.643218 0.050896 0.958975 -0.283348 0.009011 -0.932502 -0.361139 0.004364 -0.930710 0.364050 -0.035303 
0.338531 -0.940947 -0.003896 -0.645191 0.764019 0.001598 0.764256 0.642982 0.049874 0.959144 -0.282837 0.006776 -0.932521 -0.361088 0.004473 -0.930981 0.363448 -0.034360 
0.338367 -0.940983 -0.007650 -0.645002 0.764174 0.003228 0.764505 0.642771 0.048770 0.959170 -0.282769 0.005837 -0.932561 -0.360958 0.006219 -0.931107 0.363356 -0.031810 
0.338373 -0.940987 -0.006896 -0.644867 0.764280 0.004748 0.764705 0.642627 0.047506 0.959137 -0.282913 0.003944 -0.932566 -0.360955 0.005646 -0.931077 0.363568 -0.030221 
0.338378 -0.940990 -0.006220 -0.644741 0.764376 0.006170 0.764893 0.642500 0.046175 0.959096 -0.283072 0.002146 -0.932570 -0.360952 0.005134 -0.931038 0.363799 -0.028615 
0.338421 -0.940980 -0.005190 -0.644717 0.764407 0.004717 0.764941 0.642591 0.044062 0.959121 -0.282991 0.001699 -0.932556 -0.360989 0.005216 -0.931162 0.363629 -0.026675 
0.337921 -0.941122 -0.009907 -0.644383 0.764698 0.002736 0.765236 0.642385 0.041896 0.959223 -0.282640 0.002496 -0.932640 -0.360577 0.012918 -0.931494 0.362884 -0.025193 
0.337632 -0.941218 -0.010646 -0.644002 0.765021 0.001814 0.765575 0.642069 0.040528 0.959076 -0.283129 0.003464 -0.932787 -0.360285 0.010191 -0.931384 0.363304 -0.023101 
0.337657 -0.941227 -0.008944 -0.643860 0.765142 0.001339 0.765714 0.641971 0.039430 0.959093 -0.283076 0.003077 -0.932795 -0.360284 0.009396 -0.931459 0.363144 -0.022604 
0.337619 -0.941245 -0.008457 -0.643900 0.765109 0.001142 0.765705 0.642042 0.038446 0.959093 -0.283076 0.002825 -0.932817 -0.360239 0.009004 -0.931475 0.363151 -0.021810 
0.337475 -0.941293 -0.008802 -0.643947 0.765070 0.000741 0.765685 0.642126 0.037416 0.959109 -0.283023 0.002707 -0.932854 -0.360106 0.010296 -0.931519 0.363074 -0.021194 
0.337286 -0.941354 -0.009470 -0.643970 0.765051 0.000260 0.765682 0.642187 0.036422 0.959021 -0.283316 0.003151 -0.932931 -0.359924 0.009705 -0.931400 0.363442 -0.020079 
0.337371 -0.941339 -0.007880 -0.643960 0.765059 -0.000002 0.765714 0.642210 0.035319 0.959026 -0.283308 0.002506 -0.932895 -0.359992 0.010616 -0.931412 0.363406 -0.020174 
0.337441 -0.941323 -0.006626 -0.643952 0.765066 -0.000370 0.765752 0.642244 0.033873 0.958761 -0.284205 0.002184 -0.932878 -0.360046 0.010261 -0.930980 0.364547 -0.019548 
0.337447 -0.941326 -0.005988 -0.643771 0.765218 -0.001071 0.765922 0.642108 0.032566 0.958435 -0.285300 0.002416 -0.932889 -0.360042 0.009348 -0.930495 0.365828 -0.018684 
0.337451 -0.941327 -0.005403 -0.643703 0.765272 -0.002041 0.765997 0.642094 0.031031 0.957907 -0.287064 0.002831 -0.932899 -0.360037 0.008504 -0.929649 0.368020 -0.017732 
0.337455 -0.941329 -0.004872 -0.643545 0.765402 -0.002891 0.766151 0.641985 0.029461 0.957322 -0.289006 0.003225 -0.932907 -0.360035 0.007747 -0.928709 0.370428 -0.016833 
0.337457 -0.941331 -0.004391 -0.643371 0.765546 -0.003613 0.766318 0.641851 0.028009 0.956797 -0.290733 0.003614 -0.932913 -0.360033 0.007067 -0.927864 0.372572 -0.016086 
0.337459 -0.941332 -0.003955 -0.643238 0.765655 -0.004219 0.766446 0.641750 0.026788 0.956417 -0.291977 0.003982 -0.932919 -0.360029 0.006458 -0.927247 0.374128 -0.015522 
0.337461 -0.941333 -0.003560 -0.643178 0.765702 -0.004723 0.766508 0.641714 0.025862 0.956222 -0.292609 0.004340 -0.932923 -0.360027 0.005929 -0.926926 0.374938 -0.015176 
0.337462 -0.941334 -0.003202 -0.643188 0.765690 -0.005219 0.766505 0.641744 0.025190 0.956140 -0.292873 0.004701 -0.932926 -0.360026 0.005479 -0.926785 0.375294 -0.014978 
0.337462 -0.941335 -0.002877 -0.643217 0.765662 -0.005704 0.766483 0.641790 0.024693 0.956093 -0.293019 0.005071 -0.932929 -0.360024 0.005096 -0.926703 0.375499 -0.014894 
0.337463 -0.941335 -0.002586 -0.643241 0.765639 -0.006171 0.766461 0.641829 0.024343 0.956057 -0.293130 0.005451 -0.932931 -0.360022 0.004788 -0.926639 0.375656 -0.014922 
0.337463 -0.941336 -0.002319 -0.643262 0.765618 -0.006622 0.766440 0.641861 0.024144 0.956031 -0.293208 0.005853 -0.932933 -0.360021 0.004495 -0.926592 0.375766 -0.015055 
0.337464 -0.941336 -0.002078 -0.643277 0.765601 -0.007061 0.766421 0.641887 0.024097 0.956014 -0.293255 0.006280 -0.932935 -0.360020 0.004236 -0.926562 0.375831 -0.015303 
0.337464 -0.941337 -0.001859 -0.643287 0.765589 -0.007490 0.766401 0.641906 0.024198 0.956004 -0.293275 0.006738 -0.932936 -0.360019 0.003981 -0.926544 0.375861 -0.015659 
0.337465 -0.941337 -0.001661 -0.643294 0.765579 -0.007894 0.766383 0.641921 0.024399 0.955997 -0.293287 0.007214 -0.932938 -0.360019 0.003658 -0.926530 0.375877 -0.016058 
0.337465 -0.941337 -0.001480 -0.643297 0.765572 -0.008244 0.766368 0.641930 0.024614 0.955992 -0.293293 0.007643 -0.932939 -0.360019 0.003344 -0.926520 0.375887 -0.016436 
0.337466 -0.941337 -0.001319 -0.643298 0.765568 -0.008539 0.766356 0.641937 0.024828 0.955988 -0.293295 0.008015 -0.932940 -0.360019 0.003059 -0.926513 0.375889 -0.016781 
0.337466 -0.941337 -0.001185 -0.643297 0.765566 -0.008785 0.766346 0.641940 0.025042 0.955986 -0.293293 0.008339 -0.932941 -0.360019 0.002799 -0.926508 0.375887 -0.017093 
0.337466 -0.941337 -0.001066 -0.643295 0.765566 -0.008992 0.766338 0.641941 0.025257 0.955986 -0.293287 0.008621 -0.932941 -0.360019 0.002566 -0.926506 0.375878 -0.017384 
0.337466 -0.941337 -0.000959 -0.643292 0.765566 -0.009184 0.766331 0.641941 0.025467 0.955986 -0.293278 0.008885 -0.932942 -0.360018 0.002354 -0.926506 0.375865 -0.017662 
0.337467 -0.941337 -0.000862 -0.643290 0.765566 -0.009364 0.766324 0.641941 0.025675 0.955987 -0.293267 0.009135 -0.932943 -0.360019 0.002164 -0.926507 0.375850 -0.017931 
0.337467 -0.941337 -0.000774 -0.643287 0.765566 -0.009534 0.766317 0.641941 0.025882 0.955989 -0.293254 0.009373 -0.932943 -0.360019 0.001991 -0.926509 0.375831 -0.018195 
0.337467 -0.941337 -0.000695 -0.643285 0.765566 -0.009696 0.766311 0.641940 0.026091 0.955991 -0.293239 0.009600 -0.932943 -0.360018 0.001835 -0.926513 0.375809 -0.018454 
0.337467 -0.941337 -0.000623 -0.643282 0.765566 -0.009850 0.766304 0.641940 0.026303 0.955994 -0.293220 0.009821 -0.932943 -0.360019 0.001694 -0.926519 0.375783 -0.018713 
0.337467 -0.941337 -0.000558 -0.643279 0.765566 -0.009999 0.766297 0.641939 0.026520 0.955999 -0.293199 0.010036 -0.932944 -0.360018 0.001567 -0.926525 0.375753 -0.018972 
0.337467 -0.941337 -0.000500 -0.643276 0.765567 -0.010144 0.766290 0.641938 0.026742 0.956004 -0.293176 0.010246 -0.932944 -0.360019 0.001451 -0.926533 0.375720 -0.019233 
0.337408 -0.941358 -0.001006 -0.643260 0.765578 -0.010282 0.766294 0.641923 0.026976 0.956011 -0.293143 0.010515 -0.932965 -0.359961 0.002006 -0.926551 0.375664 -0.019473 
0.337408 -0.941358 -0.000911 -0.643260 0.765577 -0.010423 0.766285 0.641925 0.027187 0.956030 -0.293072 0.010730 -0.932966 -0.359960 0.001849 -0.926581 0.375577 -0.019746 
0.337408 -0.941358 -0.000818 -0.643257 0.765577 -0.010593 0.766278 0.641925 0.027380 0.956032 -0.293056 0.010956 -0.932966 -0.359960 0.001705 -0.926585 0.375554 -0.020006 
0.337408 -0.941358 -0.000734 -0.643255 0.765577 -0.010755 0.766272 0.641925 0.027576 0.956036 -0.293038 0.011175 -0.932966 -0.359960 0.001575 -0.926589 0.375528 -0.020263 
0.337408 -0.941358 -0.000658 -0.643252 0.765577 -0.010911 0.766264 0.641925 0.027779 0.956039 -0.293017 0.011388 -0.932967 -0.359960 0.001457 -0.926596 0.375499 -0.020521 
0.337408 -0.941358 -0.000589 -0.643249 0.765577 -0.011061 0.766257 0.641924 0.027987 0.956044 -0.292994 0.011595 -0.932967 -0.359960 0.001351 -0.926603 0.375466 -0.020780 
0.337408 -0.941358 -0.000527 -0.643246 0.765578 -0.011206 0.766250 0.641923 0.028202 0.956049 -0.292968 0.011800 -0.932967 -0.359960 0.001254 -0.926612 0.375429 -0.021041 
0.337408 -0.941358 -0.000470 -0.643243 0.765578 -0.011349 0.766243 0.641922 0.028425 0.956055 -0.292940 0.012003 -0.932967 -0.359959 0.001167 -0.926622 0.375389 -0.021306 
0.337408 -0.941358 -0.000419 -0.643240 0.765579 -0.011488 0.766235 0.641921 0.028657 0.956062 -0.292910 0.012204 -0.932967 -0.359960 0.001087 -0.926633 0.375346 -0.021576 
0.337408 -0.941358 -0.000373 -0.643236 0.765579 -0.011625 0.766227 0.641920 0.028897 0.956070 -0.292877 0.012405 -0.932967 -0.359960 0.001015 -0.926646 0.375299 -0.021851 
0.337408 -0.941358 -0.000331 -0.643233 0.765580 -0.011762 0.766219 0.641918 0.029145 0.956078 -0.292841 0.012606 -0.932967 -0.359960 0.000950 -0.926660 0.375250 -0.022132 
0.337408 -0.941358 -0.000294 -0.643230 0.765581 -0.011898 0.766211 0.641916 0.029402 0.956087 -0.292804 0.012810 -0.932967 -0.359960 0.000890 -0.926674 0.375197 -0.022418 
0.337408 -0.941358 -0.000269 -0.643228 0.765580 -0.012038 0.766201 0.641915 0.029667 0.956097 -0.292763 0.013017 -0.932967 -0.359960 0.000855 -0.926691 0.375138 -0.022713 
0.337180 -0.941436 -0.002720 -0.643127 0.765667 -0.011940 0.766278 0.641808 0.030009 0.956278 -0.292164 0.013122 -0.933037 -0.359743 0.005187 -0.927011 0.374308 -0.023342 
0.337181 -0.941437 -0.002453 -0.643096 0.765691 -0.012032 0.766290 0.641777 0.030370 0.956354 -0.291904 0.013412 -0.933040 -0.359742 0.004755 -0.927126 0.373991 -0.023827 
0.337182 -0.941437 -0.002207 -0.643075 0.765705 -0.012240 0.766290 0.641759 0.030746 0.956414 -0.291688 0.013822 -0.933042 -0.359742 0.004336 -0.927217 0.373730 -0.024373 
0.337183 -0.941437 -0.001978 -0.643068 0.765706 -0.012564 0.766279 0.641757 0.031044 0.956420 -0.291647 0.014263 -0.933044 -0.359742 0.003950 -0.927225 0.373680 -0.024832 
0.337184 -0.941437 -0.001766 -0.643062 0.765706 -0.012886 0.766266 0.641760 0.031305 0.956414 -0.291646 0.014676 -0.933045 -0.359742 0.003599 -0.927215 0.373677 -0.025239 
0.337185 -0.941437 -0.001574 -0.643058 0.765704 -0.013178 0.766255 0.641762 0.031541 0.956408 -0.291645 0.015049 -0.933046 -0.359741 0.003281 -0.927206 0.373675 -0.025607 
0.337185 -0.941437 -0.001401 -0.643053 0.765704 -0.013442 0.766244 0.641765 0.031755 0.956403 -0.291644 0.015386 -0.933047 -0.359741 0.002994 -0.927198 0.373674 -0.025940 
0.337185 -0.941437 -0.001256 -0.643050 0.765702 -0.013683 0.766233 0.641768 0.031949 0.956398 -0.291644 0.015698 -0.933048 -0.359741 0.002732 -0.927189 0.373674 -0.026238 
0.337186 -0.941437 -0.001127 -0.643048 0.765700 -0.013903 0.766223 0.641771 0.032124 0.956393 -0.291645 0.015982 -0.933049 -0.359741 0.002494 -0.927181 0.373676 -0.026507 
0.337186 -0.941437 -0.001011 -0.643046 0.765698 -0.014105 0.766214 0.641774 0.032282 0.956388 -0.291646 0.016241 -0.933049 -0.359741 0.002280 -0.927173 0.373677 -0.026751 
0.337186 -0.941438 -0.000905 -0.643044 0.765696 -0.014291 0.766205 0.641778 0.032423 0.956384 -0.291648 0.016480 -0.933050 -0.359741 0.002085 -0.927166 0.373680 -0.026972 
0.337187 -0.941438 -0.000810 -0.643043 0.765693 -0.014464 0.766197 0.641781 0.032549 0.956379 -0.291650 0.016699 -0.933050 -0.359740 0.001910 -0.927159 0.373682 -0.027173 
0.337187 -0.941438 -0.000724 -0.643043 0.765690 -0.014627 0.766189 0.641785 0.032660 0.956375 -0.291652 0.016904 -0.933051 -0.359741 0.001751 -0.927152 0.373686 -0.027357 
0.337187 -0.941438 -0.000646 -0.643043 0.765687 -0.014783 0.766181 0.641790 0.032758 0.956371 -0.291655 0.017097 -0.933051 -0.359741 0.001608 -0.927145 0.373690 -0.027524 
0.337187 -0.941438 -0.000576 -0.643044 0.765684 -0.014933 0.766172 0.641796 0.032843 0.956366 -0.291659 0.017280 -0.933051 -0.359741 0.001478 -0.927138 0.373696 -0.027678 
0.337187 -0.941438 -0.000512 -0.643046 0.765679 -0.015080 0.766164 0.641802 0.032915 0.956362 -0.291664 0.017455 -0.933051 -0.359741 0.001361 -0.927131 0.373703 -0.027819 
0.337187 -0.941438 -0.000455 -0.643049 0.765674 -0.015225 0.766155 0.641809 0.032976 0.956357 -0.291669 0.017625 -0.933051 -0.359741 0.001255 -0.927124 0.373712 -0.027950 
0.337187 -0.941438 -0.000403 -0.643052 0.765668 -0.015371 0.766146 0.641817 0.033026 0.956352 -0.291676 0.017792 -0.933052 -0.359740 0.001159 -0.927116 0.373722 -0.028071 
0.337187 -0.941438 -0.000356 -0.643057 0.765661 -0.015519 0.766137 0.641827 0.033066 0.956346 -0.291684 0.017958 -0.933052 -0.359740 0.001072 -0.927108 0.373733 -0.028185 
0.337187 -0.941438 -0.000314 -0.643062 0.765653 -0.015670 0.766127 0.641837 0.033095 0.956340 -0.291693 0.018123 -0.933052 -0.359741 0.000994 -0.927099 0.373747 -0.028291 
0.337187 -0.941438 -0.000278 -0.643069 0.765644 -0.015827 0.766115 0.641849 0.033115 0.956334 -0.291703 0.018291 -0.933052 -0.359740 0.000925 -0.927090 0.373762 -0.028391 
0.336642 -0.941630 -0.002433 -0.642918 0.765770 -0.015915 0.766236 0.641700 0.033215 0.956417 -0.291413 0.018572 -0.933249 -0.359208 0.003977 -0.927256 0.373335 -0.028581 
0.336643 -0.941630 -0.002153 -0.642902 0.765779 -0.016103 0.766239 0.641690 0.033346 0.956466 -0.291234 0.018875 -0.933251 -0.359207 0.003640 -0.927331 0.373122 -0.028947 
0.336644 -0.941630 -0.001891 -0.642895 0.765778 -0.016438 0.766228 0.641693 0.033537 0.956464 -0.291215 0.019269 -0.933252 -0.359207 0.003327 -0.927327 0.373099 -0.029345 
0.336645 -0.941630 -0.001683 -0.642893 0.765773 -0.016780 0.766212 0.641702 0.033733 0.956455 -0.291217 0.019673 -0.933253 -0.359207 0.003031 -0.927314 0.373103 -0.029717 
0.336645 -0.941630 -0.001497 -0.642891 0.765767 -0.017092 0.766198 0.641710 0.033907 0.956446 -0.291221 0.020041 -0.933254 -0.359206 0.002764 -0.927301 0.373107 -0.030053 
0.336646 -0.941630 -0.001337 -0.642890 0.765761 -0.017378 0.766184 0.641718 0.034065 0.956438 -0.291225 0.020381 -0.933255 -0.359206 0.002521 -0.927289 0.373114 -0.030355 
0.336646 -0.941631 -0.001198 -0.642890 0.765755 -0.017641 0.766170 0.641727 0.034207 0.956429 -0.291230 0.020694 -0.933255 -0.359206 0.002300 -0.927277 0.373121 -0.030627 
0.336646 -0.941631 -0.001072 -0.642890 0.765750 -0.017882 0.766158 0.641735 0.034335 0.956422 -0.291234 0.020979 -0.933256 -0.359206 0.002100 -0.927266 0.373128 -0.030874 
0.336646 -0.941631 -0.000958 -0.642890 0.765744 -0.018102 0.766146 0.641742 0.034449 0.956415 -0.291239 0.021241 -0.933256 -0.359206 0.001919 -0.927256 0.373135 -0.031098 
0.336647 -0.941631 -0.000856 -0.642891 0.765739 -0.018305 0.766136 0.641749 0.034551 0.956408 -0.291243 0.021480 -0.933257 -0.359205 0.001756 -0.927246 0.373142 -0.031302 
0.336647 -0.941631 -0.000762 -0.642891 0.765734 -0.018492 0.766126 0.641757 0.034643 0.956402 -0.291247 0.021699 -0.933257 -0.359205 0.001608 -0.927237 0.373148 -0.031486 
0.336647 -0.941631 -0.000678 -0.642892 0.765729 -0.018665 0.766116 0.641763 0.034724 0.956396 -0.291252 0.021901 -0.933257 -0.359205 0.001474 -0.927229 0.373155 -0.031654 
0.336647 -0.941631 -0.000602 -0.642893 0.765725 -0.018826 0.766107 0.641770 0.034795 0.956390 -0.291256 0.022088 -0.933258 -0.359205 0.001353 -0.927221 0.373162 -0.031807 
0.336647 -0.941631 -0.000534 -0.642895 0.765720 -0.018977 0.766099 0.641777 0.034858 0.956385 -0.291261 0.022262 -0.933258 -0.359205 0.001244 -0.927213 0.373169 -0.031946 
0.336647 -0.941631 -0.000471 -0.642896 0.765715 -0.019119 0.766091 0.641784 0.034913 0.956379 -0.291265 0.022424 -0.933258 -0.359206 0.001145 -0.927206 0.373176 -0.032074 
0.336647 -0.941631 -0.000415 -0.642898 0.765710 -0.019254 0.766083 0.641791 0.034960 0.956374 -0.291270 0.022577 -0.933258 -0.359205 0.001056 -0.927199 0.373183 -0.032190 
0.336647 -0.941631 -0.000364 -0.642901 0.765704 -0.019383 0.766075 0.641798 0.035000 0.956369 -0.291276 0.022721 -0.933258 -0.359206 0.000975 -0.927192 0.373192 -0.032297 
0.336647 -0.941631 -0.000318 -0.642903 0.765699 -0.019508 0.766067 0.641805 0.035033 0.956364 -0.291281 0.022859 -0.933258 -0.359206 0.000902 -0.927185 0.373200 -0.032395 
0.336602 -0.941647 -0.000283 -0.642902 0.765697 -0.019628 0.766063 0.641808 0.035061 0.956359 -0.291289 0.022983 -0.933275 -0.359161 0.000880 -0.927177 0.373213 -0.032495 
0.336562 -0.941661 0.000068 -0.642838 0.765747 -0.019761 0.766111 0.641749 0.035102 0.956527 -0.290782 0.022401 -0.933284 -0.359118 0.003925 -0.927443 0.372465 -0.033440 
0.336415 -0.941712 -0.001681 -0.642787 0.765791 -0.019749 0.766151 0.641697 0.035179 0.956457 -0.290945 0.023262 -0.933340 -0.358979 0.003364 -0.927357 0.372722 -0.032971 
0.336415 -0.941712 -0.001501 -0.642777 0.765795 -0.019907 0.766149 0.641693 0.035298 0.956477 -0.290860 0.023505 -0.933341 -0.358979 0.003087 -0.927388 0.372623 -0.033228 
0.336416 -0.941713 -0.001339 -0.642771 0.765793 -0.020150 0.766139 0.641695 0.035483 0.956470 -0.290856 0.023814 -0.933342 -0.358978 0.002824 -0.927378 0.372619 -0.033529 
0.336416 -0.941713 -0.001198 -0.642766 0.765791 -0.020382 0.766127 0.641698 0.035671 0.956463 -0.290856 0.024113 -0.933342 -0.358979 0.002571 -0.927368 0.372619 -0.033817 
0.336416 -0.941713 -0.001071 -0.642761 0.765790 -0.020590 0.766117 0.641701 0.035841 0.956456 -0.290856 0.024383 -0.933343 -0.358978 0.002342 -0.927359 0.372619 -0.034077 
0.336417 -0.941713 -0.000955 -0.642757 0.765789 -0.020777 0.766108 0.641703 0.035996 0.956450 -0.290856 0.024626 -0.933343 -0.358978 0.002135 -0.927350 0.372619 -0.034312 
0.336417 -0.941713 -0.000851 -0.642753 0.765787 -0.020946 0.766100 0.641704 0.036136 0.956444 -0.290855 0.024845 -0.933344 -0.358978 0.001948 -0.927342 0.372618 -0.034524 
0.336417 -0.941713 -0.000757 -0.642749 0.765786 -0.021098 0.766093 0.641706 0.036263 0.956439 -0.290855 0.025043 -0.933345 -0.358978 0.001778 -0.927336 0.372617 -0.034716 
0.336417 -0.941713 -0.000672 -0.642746 0.765785 -0.021236 0.766086 0.641707 0.036377 0.956435 -0.290854 0.025222 -0.933345 -0.358978 0.001625 -0.927329 0.372617 -0.034890 
0.336417 -0.941713 -0.000595 -0.642742 0.765784 -0.021362 0.766080 0.641709 0.036480 0.956431 -0.290854 0.025386 -0.933345 -0.358978 0.001487 -0.927323 0.372617 -0.035047 
0.336417 -0.941713 -0.000525 -0.642740 0.765783 -0.021478 0.766074 0.641711 0.036573 0.956427 -0.290854 0.025535 -0.933345 -0.358978 0.001362 -0.927318 0.372617 -0.035190 
0.336417 -0.941713 -0.000462 -0.642738 0.765782 -0.021585 0.766069 0.641712 0.036655 0.956423 -0.290854 0.025672 -0.933345 -0.358978 0.001249 -0.927313 0.372617 -0.035319 
0.336418 -0.941713 -0.000405 -0.642736 0.765781 -0.021685 0.766064 0.641715 0.036729 0.956419 -0.290855 0.025799 -0.933345 -0.358978 0.001146 -0.927308 0.372618 -0.035437 
0.336418 -0.941713 -0.000354 -0.642735 0.765779 -0.021780 0.766059 0.641717 0.036794 0.956416 -0.290856 0.025918 -0.933345 -0.358978 0.001054 -0.927303 0.372620 -0.035544 
0.336290 -0.941756 -0.002315 -0.642698 0.765808 -0.021867 0.766083 0.641683 0.036868 0.956423 -0.290803 0.026241 -0.933387 -0.358857 0.003149 -0.927350 0.372514 -0.035446 
0.336291 -0.941756 -0.002047 -0.642672 0.765830 -0.021867 0.766100 0.641656 0.036992 0.956521 -0.290468 0.026390 -0.933388 -0.358857 0.002883 -0.927498 0.372111 -0.035785 
0.336291 -0.941756 -0.001789 -0.642649 0.765846 -0.021959 0.766108 0.641635 0.037187 0.956613 -0.290142 0.026645 -0.933389 -0.358856 0.002637 -0.927639 0.371716 -0.036225 
0.336292 -0.941757 -0.001552 -0.642634 0.765852 -0.022165 0.766105 0.641628 0.037370 0.956650 -0.289991 0.026946 -0.933390 -0.358856 0.002399 -0.927698 0.371533 -0.036617 
0.336292 -0.941757 -0.001373 -0.642630 0.765848 -0.022438 0.766093 0.641635 0.037504 0.956643 -0.289983 0.027259 -0.933391 -0.358855 0.002183 -0.927689 0.371525 -0.036911 
0.336292 -0.941757 -0.001227 -0.642628 0.765843 -0.022684 0.766080 0.641643 0.037625 0.956635 -0.289986 0.027541 -0.933391 -0.358855 0.001988 -0.927677 0.371528 -0.037165 
0.336293 -0.941757 -0.001094 -0.642625 0.765839 -0.022898 0.766070 0.641648 0.037737 0.956627 -0.289987 0.027790 -0.933391 -0.358855 0.001812 -0.927667 0.371531 -0.037393 
0.336293 -0.941757 -0.000975 -0.642622 0.765836 -0.023084 0.766061 0.641653 0.037841 0.956621 -0.289987 0.028006 -0.933392 -0.358855 0.001652 -0.927659 0.371531 -0.037598 
0.336293 -0.941757 -0.000866 -0.642618 0.765834 -0.023242 0.766054 0.641655 0.037939 0.956615 -0.289986 0.028194 -0.933392 -0.358855 0.001508 -0.927652 0.371530 -0.037781 
0.336293 -0.941757 -0.000769 -0.642615 0.765833 -0.023379 0.766048 0.641657 0.038030 0.956611 -0.289985 0.028358 -0.933392 -0.358855 0.001379 -0.927646 0.371528 -0.037944 
0.336293 -0.941757 -0.000682 -0.642611 0.765832 -0.023502 0.766043 0.641658 0.038111 0.956607 -0.289983 0.028506 -0.933392 -0.358855 0.001261 -0.927641 0.371526 -0.038092 
0.336293 -0.941757 -0.000602 -0.642608 0.765831 -0.023614 0.766038 0.641660 0.038185 0.956603 -0.289982 0.028640 -0.933393 -0.358855 0.001155 -0.927636 0.371525 -0.038225 
0.336294 -0.941757 -0.000531 -0.642605 0.765830 -0.023716 0.766034 0.641661 0.038252 0.956600 -0.289981 0.028762 -0.933392 -0.358856 0.001059 -0.927631 0.371523 -0.038346 
0.336293 -0.941757 -0.000466 -0.642603 0.765830 -0.023807 0.766030 0.641662 0.038312 0.956597 -0.289980 0.028871 -0.933393 -0.358855 0.000972 -0.927628 0.371522 -0.038455 
0.336293 -0.941757 -0.000407 -0.642601 0.765829 -0.023890 0.766026 0.641664 0.038367 0.956594 -0.289979 0.028971 -0.933393 -0.358855 0.000894 -0.927624 0.371521 -0.038554 
