0.993730 0.111802 -0.001410 -0.724814 -0.688944 -0.000141 0.152980 -0.988229 -0.000798 -0.706183 0.708029 0.000485 -0.048222 0.998836 0.001410 
0.993731 0.111799 0.000183 -0.724831 -0.688927 -0.000105 0.153183 -0.988197 -0.001096 -0.706166 0.708046 0.000350 -0.048455 0.998825 0.000875 
0.993731 0.111799 0.000140 -0.724830 -0.688928 -0.000032 0.153185 -0.988197 -0.000985 -0.706168 0.708045 0.000203 -0.048455 0.998825 0.000804 
0.993731 0.111799 0.000103 -0.724831 -0.688927 -0.000031 0.153184 -0.988197 -0.000890 -0.706167 0.708045 0.000165 -0.048456 0.998825 0.000746 
0.993731 0.111800 0.000086 -0.724830 -0.688928 -0.000038 0.153185 -0.988197 -0.000819 -0.706168 0.708045 0.000188 -0.048455 0.998825 0.000683 
0.993731 0.111801 0.000072 -0.724823 -0.688936 -0.000063 0.153187 -0.988197 -0.000777 -0.706175 0.708038 0.000278 -0.048458 0.998825 0.000635 
0.993731 0.111801 0.000063 -0.724805 -0.688953 -0.000588 0.153197 -0.988195 -0.000786 -0.706192 0.708020 0.000492 -0.048469 0.998824 0.000853 
0.993734 0.111765 0.000583 -0.724815 -0.688939 -0.002618 0.153243 -0.988188 -0.001015 -0.706182 0.708030 0.000507 -0.048509 0.998821 0.001862 
0.993739 0.111720 0.000889 -0.724834 -0.688902 -0.005501 0.153272 -0.988183 -0.001168 -0.706154 0.708058 0.000325 -0.048534 0.998816 0.003431 
0.993739 0.111721 0.000818 -0.724803 -0.688899 -0.008847 0.153311 -0.988177 -0.001094 -0.706167 0.708045 0.000161 -0.048580 0.998806 0.005223 
0.993739 0.111724 0.000773 -0.724734 -0.688917 -0.012404 0.153358 -0.988170 -0.000990 -0.706207 0.708005 -0.000413 -0.048643 0.998790 0.007223 
0.993668 0.112357 0.000748 -0.724246 -0.689335 -0.016860 0.153471 -0.988153 -0.000888 -0.706649 0.707563 -0.001176 -0.048833 0.998759 0.009752 
0.993313 0.115453 0.000830 -0.722921 -0.690569 -0.022368 0.153679 -0.988121 -0.000819 -0.707913 0.706297 -0.001842 -0.049137 0.998710 0.012786 
0.992842 0.119403 0.002786 -0.720364 -0.692973 -0.029389 0.153743 -0.988111 -0.000756 -0.710327 0.703860 -0.004105 -0.049482 0.998644 0.016168 
0.992338 0.123339 0.007297 -0.717361 -0.695649 -0.038282 0.153808 -0.988101 -0.000699 -0.712996 0.701119 -0.008277 -0.049947 0.998555 0.019833 
0.991774 0.127212 0.014160 -0.714248 -0.698194 -0.048741 0.153867 -0.988091 -0.000653 -0.715519 0.698461 -0.013607 -0.050488 0.998449 0.023482 
0.991055 0.131469 0.022946 -0.710632 -0.700940 -0.060705 0.153929 -0.988082 -0.000608 -0.718187 0.695553 -0.020321 -0.051161 0.998315 0.027376 
0.990155 0.135828 0.033816 -0.706623 -0.703695 -0.074149 0.153990 -0.988072 -0.000567 -0.720786 0.692579 -0.028332 -0.051969 0.998155 0.031389 
0.989357 0.143011 0.026832 -0.708182 -0.701574 -0.079198 0.145960 -0.988262 0.045100 -0.718663 0.694659 -0.031192 -0.044955 0.998978 -0.004703 
0.987283 0.151376 0.048563 -0.714793 -0.695387 -0.074221 -0.712590 0.700978 -0.029059 -0.048654 0.997136 -0.057907 0.150912 -0.988261 -0.023784 0.148792 -0.978593 0.142186 
0.981222 0.148968 0.122527 -0.717128 -0.694188 -0.061891 0.159415 -0.980215 0.117324 -0.711396 0.702383 -0.023976 -0.057860 0.989117 -0.135279 
0.981265 0.115563 0.154156 -0.704259 -0.708241 -0.049132 0.126524 -0.982385 0.137517 -0.725126 0.688366 -0.018570 -0.030772 0.984729 -0.171353 
0.992588 0.078794 0.092528 -0.700871 -0.712206 -0.039279 -0.729352 0.684131 -0.003051 0.028008 0.983784 -0.177155 0.080010 -0.996377 -0.028843 0.043898 -0.964732 0.259547 
-0.699309 -0.714141 -0.031155 0.990896 -0.125175 -0.049562 -0.037215 -0.974630 0.220707 -0.730933 0.682404 -0.007842 0.154191 0.980664 0.120515 0.086336 0.966192 -0.242938 
0.871850 -0.482286 -0.085308 -0.750355 0.661034 -0.001204 -0.678754 -0.734109 -0.019420 -0.089844 -0.950015 0.298997 0.509360 0.856907 0.079143 0.061918 0.968326 -0.241889 
-0.725411 -0.688150 -0.015109 0.876888 -0.476481 -0.063502 -0.075431 -0.953094 0.293126 -0.705570 0.708479 0.015092 0.500121 0.865253 0.034868 0.060935 0.965813 -0.251977 
-0.765551 -0.643085 -0.019299 0.941841 -0.336053 -0.001781 -0.017016 -0.967383 0.252747 -0.661550 0.749043 0.035857 0.358175 0.931949 0.056399 0.026607 0.958903 -0.282485 
-0.751345 -0.659570 -0.021172 0.954562 -0.297119 0.023047 0.028079 -0.975329 0.218963 -0.677791 0.734736 0.027603 0.316069 0.942732 0.106569 -0.014730 0.961100 -0.275808 
-0.735714 -0.676679 -0.028823 0.961384 -0.273786 0.027957 0.047309 -0.980454 0.190974 -0.694705 0.719156 0.014129 0.294608 0.953345 0.065870 -0.034008 0.972889 -0.228761 
-0.731674 -0.680584 -0.038198 0.964937 -0.261593 0.021601 0.057418 -0.986761 0.151674 -0.698729 0.715331 0.008879 0.282634 0.956522 0.071995 -0.043372 0.982544 -0.180901 
-0.722173 -0.689840 -0.050859 0.953339 -0.301481 0.015945 0.052475 -0.993768 0.098344 -0.708074 0.706130 0.003449 0.322234 0.943346 0.079148 -0.045932 0.992723 -0.111312 
-0.723497 -0.686788 -0.069819 0.950320 -0.311212 0.006244 0.053526 -0.998130 0.029524 -0.706183 0.707970 0.009112 0.329951 0.933103 0.143006 -0.047528 0.997662 -0.049109 
-0.722483 -0.684919 -0.094362 0.953992 -0.299831 0.000747 0.062658 -0.997989 -0.009549 -0.706630 0.707246 0.021852 0.318230 0.932710 0.169653 -0.055521 0.998436 -0.006505 
-0.718775 -0.676380 -0.160846 0.969129 -0.246452 0.007183 0.064734 -0.997190 -0.037716 -0.706731 0.706472 0.037788 0.268684 0.960885 0.067153 -0.052972 0.994463 0.090763 
-0.696693 -0.673611 -0.246712 0.975007 -0.222144 0.003606 0.040361 -0.996085 -0.078648 -0.717071 0.696528 0.025654 0.244441 0.965946 0.084836 -0.030180 0.982302 0.184858 
-0.684234 -0.653162 -0.324350 0.976245 -0.216468 0.009391 0.033204 -0.989444 -0.141062 -0.719395 0.692939 0.048012 0.237008 0.963226 0.126584 -0.026852 0.962928 0.268418 
-0.674772 -0.627788 -0.388027 0.975087 -0.220493 0.024259 0.035002 -0.978117 -0.205093 -0.719895 0.690214 0.073182 0.235182 0.952315 0.194384 -0.032666 0.943002 0.331179 
-0.671779 -0.594497 -0.441912 0.970230 -0.238100 0.044291 0.035252 -0.962221 -0.269979 -0.713746 0.693586 0.097499 0.240107 0.929459 0.280096 -0.035898 0.923566 0.381755 
0.960797 -0.268589 0.068774 -0.667650 -0.571242 -0.477416 0.043235 -0.945365 -0.323134 -0.707479 0.699298 0.102258 0.249014 0.895591 0.368657 -0.046709 0.911033 0.409678 
0.947530 -0.294528 0.124254 -0.657102 -0.566578 -0.497200 0.073609 -0.939446 -0.334699 -0.706126 0.703136 0.083581 0.249873 0.886495 0.389473 -0.078126 0.913840 0.398488 
0.935019 -0.302044 0.185763 -0.637528 -0.570437 -0.517842 0.096995 -0.942605 -0.319513 -0.706209 0.706597 0.044606 0.235357 0.889625 0.391376 -0.101886 0.922365 0.372641 
0.921469 -0.305438 0.240007 -0.615885 -0.574609 -0.538990 0.111955 -0.946854 -0.301552 -0.704286 0.709909 0.003301 0.220995 0.894077 0.389599 -0.118037 0.929142 0.350373 
0.908601 -0.306860 0.283341 -0.596016 -0.579209 -0.556131 0.119242 -0.951709 -0.282899 -0.699643 0.713554 -0.036607 0.209682 0.898516 0.385619 -0.127416 0.934822 0.331472 
0.894493 -0.305146 0.326753 -0.575818 -0.587768 -0.568298 0.124807 -0.958061 -0.257960 -0.693361 0.716088 -0.080422 0.199002 0.905592 0.374567 -0.135267 0.942055 0.306978 
0.878601 -0.298889 0.372460 -0.555000 -0.602153 -0.573922 0.129994 -0.965914 -0.223858 -0.685528 0.716258 -0.130485 0.188353 0.915664 0.355081 -0.142624 0.951381 0.273006 
0.867175 -0.278903 0.412577 -0.535619 -0.623777 -0.569223 0.134086 -0.975093 -0.176675 -0.674288 0.713651 -0.189834 0.155234 0.921816 0.355187 -0.144376 0.964647 0.220482 
0.848946 -0.255362 0.462689 -0.507033 -0.644023 -0.572846 0.138211 -0.981267 -0.134215 -0.659918 0.707393 -0.253187 0.126050 0.933428 0.335891 -0.150262 0.972117 0.180028 
0.821454 -0.240316 0.517167 -0.465119 -0.659188 -0.590877 0.145226 -0.983753 -0.105547 -0.647875 0.696707 -0.307988 0.110135 0.944222 0.310347 -0.164657 0.973748 0.157174 
0.787946 -0.227952 0.571995 -0.424562 -0.672687 -0.606003 0.160423 -0.983873 -0.079104 -0.633583 0.686143 -0.357463 0.090149 0.950691 0.296748 -0.182722 0.974731 0.128502 
0.747607 -0.214591 0.628518 -0.382392 -0.687304 -0.617567 0.180858 -0.982253 -0.049691 -0.617290 0.673624 -0.406429 0.067880 0.956396 0.284075 -0.203158 0.974703 0.093176 
0.699193 -0.197443 0.687128 -0.333191 -0.703995 -0.627196 0.201669 -0.979327 -0.015741 -0.597147 0.657627 -0.459284 0.042619 0.962422 0.268194 -0.223570 0.973225 0.053387 
0.645916 -0.177704 0.742438 -0.265526 -0.715612 -0.646061 0.206771 -0.978376 0.005145 -0.563174 0.643436 -0.518484 0.018500 0.968549 0.248135 -0.240700 0.969823 0.038828 
0.594524 -0.172291 0.785403 -0.191290 -0.720883 -0.666135 0.193977 -0.980914 0.013479 -0.515845 0.634941 -0.575112 0.001838 0.970253 0.242085 -0.249380 0.967612 0.039200 
0.565222 -0.168777 0.807489 -0.175243 -0.739193 -0.650295 0.212641 -0.975869 0.049633 -0.510355 0.616181 -0.599882 -0.015567 0.969803 0.243393 -0.254884 0.966899 -0.011861 
0.513449 -0.169316 0.841251 -0.148619 -0.733238 -0.663531 0.213231 -0.974953 0.063235 -0.475758 0.624308 -0.619592 -0.030120 0.969767 0.242166 -0.250510 0.967635 -0.030457 
0.462786 -0.176743 0.868672 -0.113849 -0.725879 -0.678334 0.204637 -0.976536 0.067087 -0.435375 0.633175 -0.639952 -0.040563 0.968337 0.246328 -0.243909 0.969132 -0.035948 
0.408406 -0.187986 0.893233 -0.074192 -0.717790 -0.692295 0.197496 -0.977924 0.068266 -0.393815 0.641822 -0.658008 -0.052982 0.965650 0.254387 -0.238589 0.970310 -0.039657 
0.350452 -0.202496 0.914428 -0.030176 -0.706590 -0.706979 0.192210 -0.979188 0.065158 -0.351063 0.652690 -0.671379 -0.068048 0.961744 0.265365 -0.235145 0.971166 -0.039274 
0.289571 -0.220292 0.931461 -0.305804 0.666078 -0.680311 0.017419 -0.692500 -0.721208 0.186787 -0.980706 0.057674 -0.084232 0.956794 0.278299 -0.232423 0.972004 -0.034465 
0.224419 -0.240857 0.944258 -0.099626 0.951275 0.291805 0.065761 -0.675611 -0.734320 0.180959 -0.982335 0.047673 -0.258416 0.682415 -0.683762 -0.228530 0.973150 -0.027439 
0.163513 -0.247747 0.954927 -0.115457 0.949627 0.291337 0.112397 -0.669055 -0.734664 0.176176 -0.983073 0.050300 -0.213988 0.688734 -0.692715 -0.225935 0.973590 -0.032808 
0.181316 -0.954491 -0.236794 0.099143 -0.248879 0.963447 -0.131580 0.949794 0.283864 -0.167033 0.764063 -0.623143 -0.166511 0.690265 -0.704137 -0.159218 0.672699 0.722583 
-0.199150 0.668503 0.716550 0.126218 -0.690173 0.712552 0.198471 -0.979659 -0.029621 -0.144679 0.950679 0.274368 -0.040363 0.253884 -0.966392 -0.130696 0.705283 -0.696774 -0.166144 0.966107 0.197569 
-0.227131 0.671297 0.705530 -0.005151 0.244354 -0.969673 0.108789 -0.684730 0.720631 0.203514 -0.978969 -0.014187 -0.169257 0.952460 -0.253322 -0.156923 0.957041 0.243820 
-0.229426 0.677033 0.699278 -0.181953 0.947605 -0.262559 0.122256 -0.674775 0.727827 0.213110 -0.977020 -0.004064 -0.014571 0.233113 -0.972340 -0.162470 0.958552 0.234053 
-0.160555 0.955785 0.246366 -0.159461 0.740611 -0.652738 0.217420 -0.957010 -0.191993 0.058802 -0.216162 0.974585 -0.206618 0.686392 0.697263 -0.164320 0.676866 -0.717531 
0.211310 -0.959514 -0.186226 0.133079 -0.192866 0.972159 -0.151224 0.959941 0.235892 -0.217798 0.642841 -0.734384 -0.257846 0.961374 -0.096312 
0.218185 -0.159930 0.962714 -0.135706 0.966836 0.216362 0.108769 -0.723309 -0.681904 0.218245 -0.968166 0.122576 -0.275333 0.618875 -0.735653 -0.269747 0.957569 -0.101484 
0.266514 -0.141676 0.953361 -0.121421 0.971506 0.203552 0.069432 -0.743839 -0.664743 0.226132 -0.963947 0.140250 -0.317261 0.596727 -0.737063 -0.271373 0.955095 -0.118955 
0.299068 -0.142540 0.943526 -0.346304 0.601057 -0.720280 0.035201 -0.741982 -0.669495 0.226153 -0.965081 0.132187 -0.101272 0.973576 0.204680 -0.267986 0.957215 -0.109195 
0.387878 -0.127432 0.912859 -0.397815 0.587999 -0.704273 -0.038390 -0.760889 -0.647746 0.208340 -0.969042 0.132486 -0.049515 0.981599 0.184423 -0.256225 0.961146 -0.102697 
0.482853 -0.132342 0.865643 -0.145174 -0.773044 -0.617517 0.191160 -0.972083 0.136062 -0.451209 0.589099 -0.670353 -0.001901 0.983800 0.179261 -0.228779 0.967666 -0.106216 
0.566016 -0.166647 0.807375 -0.220365 -0.741364 -0.633892 0.153087 -0.986634 0.055832 -0.450370 0.636647 -0.625977 0.040326 0.978255 0.203447 -0.211790 0.977310 -0.003167 
0.606014 -0.216145 0.765525 -0.276050 -0.703191 -0.655224 0.123996 -0.992266 0.005824 -0.458983 0.679405 -0.572489 0.079921 0.967169 0.241242 -0.184006 0.981486 0.053178 
0.598742 -0.257053 0.758572 -0.313104 -0.680590 -0.662392 0.124635 -0.992193 0.004452 -0.495713 0.696990 -0.518144 0.112836 0.957075 0.266974 -0.156035 0.987237 0.031879 
0.598099 -0.281149 0.750489 -0.336703 -0.670844 -0.660757 0.116354 -0.993206 0.001773 -0.498779 0.707547 -0.500597 0.135373 0.950350 0.280194 -0.139645 0.989835 0.026933 
0.589690 -0.307958 0.746611 -0.357901 -0.658335 -0.662195 0.106517 -0.994295 -0.005560 -0.486831 0.722259 -0.491262 0.154948 0.941806 0.298316 -0.123381 0.991970 0.027783 
0.587387 -0.336001 0.736261 -0.365742 -0.639143 -0.676557 0.089240 -0.995513 -0.031451 -0.475325 0.739280 -0.477003 0.172330 0.931510 0.320300 -0.109505 0.992424 0.055708 
0.577578 -0.370916 0.727203 -0.387286 -0.614170 -0.687608 0.082070 -0.995270 -0.051983 -0.472312 0.759482 -0.447335 0.196048 0.917724 0.345468 -0.093638 0.993242 0.068572 
0.566853 -0.403912 0.718006 -0.412205 -0.586943 -0.696839 0.069871 -0.995039 -0.070819 -0.462803 0.781279 -0.418829 0.219542 0.903381 0.368380 -0.072767 0.994115 0.080255 
0.560381 -0.432089 0.706592 -0.430545 -0.561823 -0.706389 0.049045 -0.994603 -0.091426 -0.446968 0.800845 -0.398581 0.240086 0.889911 0.387835 -0.050118 0.993780 0.099449 
0.554696 -0.456030 0.695952 -0.444652 -0.538402 -0.715826 0.026517 -0.993437 -0.111262 -0.430505 0.818019 -0.381458 0.258836 0.877665 0.403370 -0.028068 0.992382 0.119957 
0.549580 -0.476040 0.686548 -0.455710 -0.518414 -0.723585 0.005806 -0.991781 -0.127814 -0.415991 0.831900 -0.367278 0.275803 0.866855 0.415326 -0.008556 0.990436 0.137705 
0.540422 -0.492015 0.682544 -0.466097 -0.500520 -0.729543 -0.003784 -0.990557 -0.137051 -0.407863 0.842984 -0.350749 0.288798 0.857888 0.424999 0.004915 0.989579 0.143905 
0.534597 -0.499726 0.681528 -0.471253 -0.493068 -0.731304 -0.003988 -0.990159 -0.139888 -0.408587 0.846807 -0.340549 0.296720 0.853495 0.428372 0.008681 0.989600 0.143587 
0.531973 -0.502029 0.681889 -0.469695 -0.491944 -0.733061 -0.004678 -0.990000 -0.140986 -0.407977 0.847309 -0.340032 0.299280 0.852182 0.429206 0.008856 0.989408 0.144889 
0.529145 -0.502292 0.683892 -0.467844 -0.491539 -0.734515 -0.007959 -0.990081 -0.140275 -0.404016 0.848039 -0.342930 0.299822 0.852084 0.429022 0.011251 0.989374 0.144958 
0.524684 -0.502940 0.686846 -0.466257 -0.491008 -0.735878 -0.011553 -0.990249 -0.138828 -0.398982 0.849014 -0.346395 0.300859 0.851774 0.428911 0.014473 0.989495 0.143839 
0.520132 -0.495881 0.695388 -0.471444 -0.493014 -0.731216 -0.009950 -0.992131 -0.124807 -0.399064 0.848453 -0.347671 0.299196 0.856137 0.421321 0.018887 0.991914 0.125495 
-0.475873 -0.510329 -0.716316 0.517986 -0.479866 0.708109 0.016879 -0.994945 -0.098990 -0.418185 0.837272 -0.352275 0.293914 0.865540 0.405531 0.002787 0.995925 0.090139 
-0.457372 -0.534795 -0.710496 0.521226 -0.457538 0.720405 0.039406 -0.995977 -0.080483 -0.437043 0.819947 -0.369702 0.276566 0.877913 0.390870 -0.020258 0.997215 0.071777 
-0.436249 -0.556911 -0.706779 0.526066 -0.435698 0.730357 0.047281 -0.996708 -0.065859 -0.440948 0.805261 -0.396383 0.257340 0.889283 0.378090 -0.034574 0.997440 0.062593 
-0.430081 -0.569881 -0.700190 0.525328 -0.422730 0.738465 0.051253 -0.997388 -0.050890 -0.440990 0.797193 -0.412323 0.249434 0.895777 0.367922 -0.038879 0.998094 0.047921 
-0.427190 -0.580027 -0.693597 0.518286 -0.418961 0.745555 0.046443 -0.998253 -0.036516 -0.438529 0.791204 -0.426249 0.255388 0.897652 0.359164 -0.034387 0.998860 0.033123 
-0.436262 -0.581841 -0.686394 0.506514 -0.416506 0.754961 0.027859 -0.999415 -0.019856 -0.420703 0.793290 -0.440113 0.270041 0.898403 0.346336 -0.014930 0.999761 0.015979 
-0.447128 -0.584744 -0.676868 0.492706 -0.407435 0.768919 0.006857 -0.999974 0.002408 -0.403328 0.793925 -0.454983 0.285893 0.901233 0.325643 0.008932 0.999930 -0.007741 
-0.443645 -0.582673 -0.680934 0.483639 -0.407043 0.774861 -0.007101 -0.999971 0.002635 -0.389198 0.796267 -0.463125 0.298216 0.900064 0.317729 0.017340 0.999844 -0.003384 
-0.456801 -0.571470 -0.681729 0.469080 -0.418324 0.777798 -0.009162 -0.999954 0.002697 -0.378690 0.805132 -0.456461 0.308225 0.893799 0.325762 0.027507 0.999574 -0.009749 
-0.463222 -0.560434 -0.686541 0.454489 -0.423603 0.783581 -0.004596 -0.999986 0.002686 -0.371111 0.813136 -0.448426 0.311926 0.890513 0.331193 0.030314 0.999428 -0.014998 
-0.455165 -0.566845 -0.686667 0.460046 -0.416870 0.783950 0.009616 -0.999950 0.002659 -0.388016 0.807444 -0.444385 0.305317 0.894316 0.327078 0.015870 0.999762 -0.014979 
-0.433089 -0.581852 -0.688391 0.475410 -0.400044 0.783549 0.023843 -0.999712 0.002656 -0.406574 0.794643 -0.450822 0.284499 0.903851 0.319553 -0.005874 0.999943 -0.008970 
-0.403618 -0.595583 -0.694531 0.489828 -0.379655 0.784812 0.031502 -0.999500 0.002672 -0.417739 0.782040 -0.462502 0.256223 0.914494 0.313129 -0.024176 0.999708 -0.000078 
-0.383325 -0.604378 -0.698419 0.498432 -0.366389 0.785700 0.040813 -0.999163 0.002735 -0.426091 0.773204 -0.469683 0.236208 0.920861 0.310194 -0.039956 0.999189 0.004996 
-0.380238 -0.605891 -0.698795 0.498436 -0.365995 0.785881 0.050910 -0.998700 0.002704 -0.435126 0.770540 -0.465762 0.229544 0.921236 0.314061 -0.046847 0.998899 0.002415 
-0.385944 -0.600050 -0.700705 0.491711 -0.373282 0.786689 0.053315 -0.998574 0.002657 -0.435337 0.774950 -0.458186 0.230950 0.918173 0.321903 -0.043074 0.999069 -0.002271 
-0.382676 -0.601970 -0.700850 0.489686 -0.375541 0.786878 0.046103 -0.998933 0.002735 -0.429715 0.774218 -0.464684 0.238434 0.916983 0.319830 -0.040522 0.999178 0.000579 
-0.376768 -0.602917 -0.703233 0.485310 -0.373899 0.790363 0.033559 -0.999432 0.002912 -0.422809 0.774024 -0.471295 0.248457 0.917108 0.311740 -0.033935 0.999412 0.004804 
-0.372994 -0.603387 -0.704840 0.482314 -0.372181 0.793003 0.025607 -0.999667 0.003214 -0.418574 0.773951 -0.475180 0.254450 0.917357 0.306125 -0.029458 0.999541 0.007131 
-0.376697 -0.599749 -0.705975 0.481215 -0.372893 0.793337 0.024436 -0.999697 0.002969 -0.419409 0.776623 -0.470056 0.253927 0.917087 0.307362 -0.025260 0.999665 0.005661 
-0.386584 -0.591843 -0.707301 0.478868 -0.377070 0.792782 0.025855 -0.999662 0.002826 -0.420606 0.782585 -0.458967 0.254923 0.915336 0.311727 -0.020231 0.999794 0.001555 
-0.400155 -0.584826 -0.705588 0.476265 -0.385266 0.790406 0.030884 -0.999519 0.002684 -0.423744 0.787897 -0.446832 0.258971 0.911754 0.318808 -0.017205 0.999842 -0.004516 
-0.411199 -0.580232 -0.703026 0.474856 -0.392403 0.787739 0.035130 -0.999379 0.002594 -0.424576 0.791681 -0.439291 0.263027 0.908553 0.324574 -0.016079 0.999831 -0.008925 
-0.418611 -0.577007 -0.701304 0.472602 -0.397539 0.786518 0.036998 -0.999312 0.002547 -0.424262 0.794398 -0.434665 0.266674 0.906131 0.328348 -0.014194 0.999827 -0.012023 
-0.425859 -0.571821 -0.701189 0.468692 -0.402648 0.786259 0.042234 -0.999105 0.002257 -0.429970 0.797384 -0.423444 0.270847 0.903600 0.331886 -0.013367 0.999772 -0.016636 
-0.428102 -0.569214 -0.701943 0.467207 -0.403007 0.786958 0.050085 -0.998743 0.002100 -0.438134 0.797865 -0.414065 0.272939 0.903260 0.331098 -0.017867 0.999654 -0.019287 
-0.424556 -0.570990 -0.702654 0.471372 -0.402006 0.784984 0.062454 -0.998048 -0.000423 -0.446928 0.794973 -0.410210 0.264318 0.904358 0.335071 -0.029158 0.999416 -0.017834 
-0.416772 -0.574284 -0.704626 0.476693 -0.400166 0.782707 0.077705 -0.996966 -0.004551 -0.457483 0.790276 -0.407643 0.252547 0.905859 0.340059 -0.044670 0.998907 -0.013745 
-0.408621 -0.577472 -0.706792 0.480635 -0.398241 0.781277 0.092234 -0.995701 -0.008570 -0.467470 0.785492 -0.405554 0.238737 0.907215 0.346362 -0.058315 0.998244 -0.010432 
-0.403282 -0.581377 -0.706657 0.480187 -0.393556 0.783923 0.103215 -0.994641 -0.006073 -0.476568 0.780644 -0.404323 0.234019 0.909383 0.343886 -0.068046 0.997584 -0.014017 
-0.397080 -0.588461 -0.704302 0.481001 -0.378599 0.790760 0.115502 -0.993304 0.002503 -0.485414 0.773775 -0.406996 0.225075 0.916004 0.332082 -0.079271 0.996586 -0.023080 
-0.377472 -0.593121 -0.711142 0.487743 -0.361300 0.794714 0.119335 -0.992851 0.002363 -0.486614 0.768115 -0.416180 0.207388 0.923458 0.322825 -0.091537 0.995684 -0.015288 
-0.361885 -0.598262 -0.714928 0.493606 -0.352081 0.795230 0.129422 -0.991587 0.002239 -0.496026 0.760528 -0.418994 0.190130 0.927192 0.322746 -0.104816 0.994414 -0.012434 
-0.357348 -0.601122 -0.714811 0.497345 -0.350770 0.793478 0.146547 -0.989201 0.002140 -0.509638 0.754553 -0.413424 0.179238 0.927518 0.328000 -0.119093 0.992769 -0.015069 
-0.359677 -0.598870 -0.715533 0.494281 -0.355516 0.793281 0.158350 -0.987382 0.001010 -0.518131 0.753823 -0.404093 0.173115 0.925385 0.337185 -0.123840 0.992109 -0.019585 
-0.362717 -0.594224 -0.717868 0.489341 -0.361962 0.793429 0.157919 -0.987451 -0.001133 -0.514918 0.757846 -0.400660 0.173212 0.922694 0.344431 -0.120188 0.992554 -0.019780 
-0.363127 -0.594148 -0.717724 0.488999 -0.361493 0.793853 0.152616 -0.988285 -0.000371 -0.509389 0.759516 -0.404546 0.174548 0.922950 0.343069 -0.116415 0.993015 -0.019181 
-0.364479 -0.594414 -0.716817 0.489458 -0.363177 0.792801 0.152151 -0.988357 0.000033 -0.507932 0.759981 -0.405504 0.175326 0.922240 0.344578 -0.115999 0.993053 -0.019736 
-0.363235 -0.592662 -0.718896 0.491570 -0.365978 0.790202 0.152875 -0.988233 -0.004888 -0.509357 0.760378 -0.402965 0.176967 0.921042 0.346935 -0.118563 0.992853 -0.013625 
-0.361295 -0.590093 -0.721981 0.494615 -0.372287 0.785339 0.155860 -0.987706 -0.012062 -0.512486 0.760611 -0.398533 0.174217 0.918058 0.356115 -0.122033 0.992506 -0.006369 
-0.360528 -0.586964 -0.724909 0.494648 -0.378034 0.782568 0.157201 -0.987423 -0.016840 -0.511789 0.762409 -0.395985 0.171221 0.915265 0.364654 -0.122810 0.992428 -0.002075 
-0.357233 -0.583134 -0.729616 0.491029 -0.381666 0.783084 0.158465 -0.987135 -0.021310 -0.510951 0.764210 -0.393588 0.169157 0.913540 0.369905 -0.123640 0.992324 0.002325 
-0.356657 -0.581220 -0.731422 0.490799 -0.383590 0.782289 0.158190 -0.987116 -0.024052 -0.510924 0.765155 -0.391784 0.169435 0.912652 0.371966 -0.123658 0.992311 0.005320 
-0.356534 -0.581357 -0.731374 0.489997 -0.383566 0.782803 0.157739 -0.987203 -0.023426 -0.510248 0.765263 -0.392453 0.169593 0.912694 0.371789 -0.123094 0.992384 0.004641 
-0.358799 -0.583376 -0.728653 0.494409 -0.383280 0.780164 0.163111 -0.986353 -0.022428 -0.514307 0.763333 -0.390909 0.167566 0.912582 0.372983 -0.127657 0.991815 0.002576 
-0.360391 -0.590018 -0.722493 0.502639 -0.373243 0.779771 0.181334 -0.983276 -0.016899 -0.532870 0.754308 -0.383496 0.161738 0.916698 0.365384 -0.142677 0.989750 -0.006158 
-0.354932 -0.603156 -0.714301 0.500867 -0.351407 0.790978 0.203740 -0.979023 0.001858 -0.552170 0.739963 -0.384139 0.149412 0.925839 0.347127 -0.158962 0.986835 -0.029793 
-0.320618 -0.611194 -0.723634 0.505558 -0.325600 0.798997 0.205850 -0.978582 0.001943 -0.548566 0.730333 -0.407049 0.126862 0.935098 0.330904 -0.176582 0.984152 -0.016211 
-0.292876 -0.618059 -0.729539 0.512218 -0.310872 0.800619 0.212023 -0.977263 0.001935 -0.553051 0.719326 -0.420362 0.105239 0.939029 0.327338 -0.192648 0.981233 -0.008251 
-0.287740 -0.619381 -0.730461 0.509978 -0.313770 0.800919 0.223626 -0.974673 0.001853 -0.564513 0.713287 -0.415386 0.099377 0.937329 0.333973 -0.200201 0.979686 -0.011648 
-0.297333 -0.613799 -0.731330 0.503848 -0.324325 0.800594 0.219173 -0.975684 0.001766 -0.558717 0.720614 -0.410549 0.107857 0.934019 0.340551 -0.191788 0.981325 -0.014753 
-0.302601 -0.613606 -0.729329 0.497456 -0.331881 0.801494 0.204065 -0.978939 0.005917 -0.541639 0.727821 -0.420599 0.118935 0.932086 0.342157 -0.178171 0.983836 -0.017930 
-0.303585 -0.605091 -0.736003 0.479006 -0.341589 0.808623 0.196072 -0.980572 0.005758 -0.526528 0.737925 -0.422180 0.122682 0.928881 0.349471 -0.166014 0.985920 -0.020004 
-0.308641 -0.589017 -0.746860 0.474449 -0.356276 0.804963 0.191798 -0.981388 -0.009600 -0.524237 0.748585 -0.405951 0.130046 0.923134 0.361817 -0.160209 0.987068 -0.005503 
-0.309915 -0.585750 -0.748899 0.486392 -0.363630 0.794478 0.196957 -0.980194 -0.020667 -0.529985 0.748626 -0.398341 0.125639 0.918902 0.373944 -0.167198 0.985904 0.006216 
-0.308001 -0.586325 -0.749239 0.502570 -0.361819 0.785182 0.216940 -0.975715 -0.030284 -0.549017 0.741131 -0.386400 0.111427 0.917394 0.382064 -0.186602 0.982325 0.014765 
-0.304250 -0.588356 -0.749179 0.525933 -0.354276 0.773229 0.243248 -0.969017 -0.042849 -0.575885 0.728735 -0.370542 0.092649 0.916905 0.388204 -0.213584 0.976551 0.027032 
-0.297648 -0.595996 -0.745784 0.535391 -0.335163 0.775256 0.275821 -0.960395 -0.039562 -0.607042 0.709837 -0.357255 0.075957 0.922865 0.377558 -0.242238 0.970008 0.020122 
-0.291042 -0.621112 -0.727678 0.530735 -0.305089 0.790722 0.311062 -0.950374 -0.005493 -0.630226 0.684933 -0.365626 0.052858 0.933345 0.355068 -0.266449 0.963564 -0.023449 
-0.259022 -0.633418 -0.729170 0.531087 -0.277091 0.800729 0.323846 -0.946108 0.001711 -0.631945 0.669619 -0.390199 0.029745 0.941365 0.336077 -0.289904 0.956822 -0.021176 
-0.240910 -0.637900 -0.731469 0.532696 -0.269892 0.802118 0.345929 -0.938259 0.001668 -0.649513 0.653421 -0.388811 0.011384 0.940730 0.338966 -0.311375 0.950034 -0.021913 
-0.224328 -0.638251 -0.736419 0.533686 -0.266038 0.802747 0.354338 -0.935116 0.001558 -0.657534 0.644205 -0.390703 -0.004127 0.938994 0.343908 -0.321202 0.946789 -0.020503 
-0.228230 -0.639494 -0.734137 0.537016 -0.269893 0.799232 0.356589 -0.934260 0.001512 -0.657314 0.644796 -0.390096 -0.004956 0.936816 0.349789 -0.322031 0.946473 -0.022008 
-0.235910 -0.639208 -0.731956 0.539382 -0.274009 0.796232 0.356741 -0.934202 0.001473 -0.656465 0.647614 -0.386845 -0.004688 0.934819 0.355094 -0.319304 0.947336 -0.024482 
-0.239753 -0.637538 -0.732164 0.541615 -0.279860 0.792674 0.357307 -0.933986 -0.001366 -0.657170 0.649204 -0.382965 -0.002900 0.932363 0.361513 -0.318690 0.947582 -0.022903 
-0.238694 -0.633068 -0.736376 0.544764 -0.284453 0.788872 0.359574 -0.933070 -0.009341 -0.660183 0.649569 -0.377117 -0.003409 0.929774 0.368114 -0.321930 0.946655 -0.014322 
-0.236699 -0.629409 -0.740147 0.548202 -0.286443 0.785764 0.365210 -0.930777 -0.016643 -0.665334 0.647972 -0.370759 -0.006446 0.927689 0.373298 -0.328132 0.944608 -0.006756 
-0.234768 -0.627258 -0.742584 0.551849 -0.287882 0.782679 0.372873 -0.927611 -0.022439 -0.671657 0.644848 -0.364757 -0.010581 0.925495 0.378613 -0.335566 0.942016 -0.001432 
-0.232982 -0.624932 -0.745104 0.555920 -0.288914 0.779411 0.378790 -0.925045 -0.028450 -0.677166 0.642209 -0.359184 -0.014703 0.923368 0.383634 -0.341610 0.939831 0.004475 
-0.231394 -0.623598 -0.746714 0.556339 -0.290937 0.778359 0.380347 -0.924334 -0.030708 -0.679772 0.640821 -0.356734 -0.016166 0.921912 0.387061 -0.342706 0.939421 0.006360 
-0.232884 -0.628004 -0.742547 0.550331 -0.290378 0.782826 0.373377 -0.927442 -0.020977 -0.671998 0.643741 -0.366084 -0.013552 0.923693 0.382893 -0.334478 0.942395 -0.004039 
-0.237187 -0.637356 -0.733158 0.539092 -0.285089 0.792531 0.363523 -0.931585 -0.000755 -0.661146 0.646399 -0.380860 -0.007426 0.929145 0.369641 -0.321608 0.946511 -0.026184 
-0.237480 -0.637549 -0.732895 0.530980 -0.283174 0.798669 0.352746 -0.935716 0.002266 -0.652583 0.651020 -0.387697 0.001187 0.932910 0.360106 -0.312337 0.949578 -0.027320 
-0.240932 -0.635921 -0.733182 0.528571 -0.286121 0.799217 0.346021 -0.938224 0.002213 -0.648515 0.655000 -0.387818 0.009441 0.933634 0.358103 -0.306363 0.951542 -0.026649 
-0.244536 -0.635184 -0.732628 0.528523 -0.288417 0.798423 0.344561 -0.938761 0.002135 -0.648210 0.656548 -0.385705 0.013238 0.933416 0.358551 -0.304223 0.952211 -0.027260 
-0.248716 -0.634385 -0.731913 0.531033 -0.293377 0.794943 0.347072 -0.937836 0.001962 -0.650861 0.656723 -0.380913 0.014589 0.931211 0.364188 -0.304892 0.951944 -0.029043 
-0.253439 -0.633873 -0.730735 0.534580 -0.297861 0.790887 0.355639 -0.934623 -0.000584 -0.656862 0.655085 -0.373358 0.013141 0.928456 0.371210 -0.310284 0.950182 -0.029622 
-0.254084 -0.630261 -0.733629 0.538118 -0.302042 0.786892 0.363655 -0.931499 -0.008084 -0.663618 0.653383 -0.364281 0.011053 0.925614 0.378306 -0.317263 0.948050 -0.023363 
-0.254448 -0.625865 -0.737258 0.541861 -0.306554 0.782567 0.370235 -0.928789 -0.016637 -0.669496 0.652316 -0.355330 0.008740 0.922441 0.386039 -0.323209 0.946198 -0.015635 
-0.256432 -0.622220 -0.739651 0.546430 -0.312879 0.776866 0.376540 -0.926087 -0.024081 -0.674814 0.651508 -0.346646 0.007474 0.918395 0.395593 -0.328426 0.944482 -0.009550 
-0.258296 -0.618674 -0.741974 0.552756 -0.317542 0.770472 0.384966 -0.922361 -0.032425 -0.681971 0.649379 -0.336485 0.003491 0.914105 0.405462 -0.335508 0.942033 -0.002839 
-0.257997 -0.613512 -0.746352 0.559252 -0.321197 0.764244 0.392564 -0.918702 -0.043369 -0.689301 0.647058 -0.325851 -0.000816 0.910028 0.414546 -0.343154 0.939248 0.007721 
-0.257638 -0.608014 -0.750961 0.566238 -0.324456 0.757696 0.398814 -0.915388 -0.054881 -0.695751 0.645180 -0.315711 -0.005011 0.905917 0.423426 -0.350020 0.936542 0.019364 
-0.257638 -0.602185 -0.755642 0.573087 -0.328404 0.750814 0.403136 -0.912710 -0.066647 -0.701072 0.644063 -0.306074 -0.007693 0.901690 0.432314 -0.355349 0.934198 0.031632 
-0.258499 -0.597442 -0.759105 0.577149 -0.334893 0.744812 0.405092 -0.911148 -0.075568 -0.704303 0.643997 -0.298705 -0.006206 0.897625 0.440716 -0.357816 0.932905 0.040693 
-0.262568 -0.595492 -0.759241 0.577576 -0.339090 0.742580 0.403532 -0.911705 -0.077177 -0.703008 0.646737 -0.295821 -0.005642 0.895224 0.445581 -0.354633 0.934108 0.040970 
-0.267905 -0.596025 -0.756955 0.576281 -0.341345 0.742552 0.401533 -0.912837 -0.074168 -0.700444 0.649686 -0.295443 -0.005912 0.894030 0.447968 -0.349711 0.936180 0.035627 
-0.271028 -0.597289 -0.754844 0.574378 -0.341458 0.743973 0.399466 -0.914040 -0.070416 -0.698070 0.651606 -0.296830 -0.005079 0.894595 0.446850 -0.346051 0.937715 0.030637 
-0.271434 -0.598796 -0.753503 0.572797 -0.340428 0.745663 0.398960 -0.914492 -0.067342 -0.697388 0.651571 -0.298504 -0.004704 0.895630 0.444775 -0.344910 0.938245 0.027087 
-0.270040 -0.602004 -0.751445 0.570618 -0.341701 0.746750 0.398201 -0.915152 -0.062704 -0.697588 0.649791 -0.301898 -0.005835 0.894924 0.446181 -0.342343 0.939335 0.021218 
-0.273152 -0.605693 -0.747345 0.561495 -0.344280 0.752459 0.381725 -0.922847 -0.051378 -0.682445 0.658776 -0.316674 0.005044 0.898353 0.439244 -0.326606 0.945093 0.011272 
-0.278858 -0.610504 -0.741299 0.544654 -0.349267 0.762472 0.353919 -0.934664 -0.033829 -0.657626 0.672714 -0.339094 0.028201 0.904424 0.425702 -0.300787 0.953684 -0.003642 
-0.286838 -0.612316 -0.736745 0.519721 -0.356047 0.776609 0.331058 -0.943537 -0.011742 -0.629886 0.688434 -0.359586 0.041763 0.907075 0.418893 -0.273107 0.961585 -0.027695 
-0.282684 -0.608016 -0.741894 0.496527 -0.361837 0.789009 0.321049 -0.947059 -0.002647 -0.613454 0.697516 -0.370332 0.044284 0.907085 0.418612 -0.259586 0.964996 -0.037397 
-0.274734 -0.606519 -0.746094 0.489375 -0.364514 0.792238 0.321140 -0.947029 -0.002389 -0.610954 0.697567 -0.374346 0.042052 0.905975 0.421238 -0.260061 0.964899 -0.036581 
-0.276971 -0.610750 -0.741803 0.505667 -0.361224 0.783466 0.331102 -0.943570 -0.006796 -0.622498 0.690449 -0.368478 0.037795 0.905060 0.423601 -0.271661 0.961849 -0.032369 
-0.278772 -0.616363 -0.736467 0.527809 -0.352051 0.772967 0.348451 -0.937231 -0.013392 -0.641549 0.678562 -0.357727 0.028501 0.905234 0.423957 -0.290623 0.956471 -0.026497 
-0.277591 -0.626661 -0.728175 0.545732 -0.330923 0.769848 0.370593 -0.928737 -0.010400 -0.665437 0.660489 -0.347777 0.015703 0.911147 0.411783 -0.312953 0.949249 -0.031419 
-0.256189 -0.636755 -0.727262 0.541627 -0.299955 0.785282 0.379468 -0.925204 0.000836 -0.668020 0.648275 -0.365361 -0.003928 0.922594 0.385752 -0.327268 0.944188 -0.037489 
-0.234587 -0.642016 -0.729921 0.548699 -0.281827 0.787085 0.382504 -0.923953 0.000984 -0.666309 0.640361 -0.382061 -0.016711 0.927192 0.374213 -0.342333 0.939163 -0.027942 
-0.228548 -0.642561 -0.731356 0.555072 -0.276615 0.784461 0.400659 -0.916227 0.000802 -0.685146 0.627417 -0.370031 -0.028014 0.925810 0.376950 -0.358340 0.933100 -0.030292 
-0.219205 -0.643779 -0.733142 0.562548 -0.272666 0.780508 0.427531 -0.904001 0.000485 -0.714269 0.605513 -0.350962 -0.044698 0.921805 0.385069 -0.379867 0.924363 -0.035421 
-0.208827 -0.646717 -0.733586 0.568803 -0.265767 0.778351 0.440351 -0.897825 0.000410 -0.722504 0.595162 -0.351810 -0.064507 0.917925 0.391475 -0.391948 0.919284 -0.035967 
-0.211781 -0.648270 -0.731365 0.572016 -0.267054 0.775551 0.447874 -0.894097 0.000403 -0.725217 0.593523 -0.348986 -0.072395 0.914021 0.399154 -0.395695 0.917542 -0.039283 
-0.219152 -0.644125 -0.732855 0.568602 -0.269679 0.777152 0.449532 -0.893264 0.000408 -0.725218 0.597884 -0.341458 -0.076311 0.911910 0.403233 -0.392201 0.918859 -0.043324 
-0.227040 -0.642224 -0.732121 0.567563 -0.269809 0.777866 0.451806 -0.892116 0.000497 -0.725825 0.600869 -0.334865 -0.075445 0.912337 0.402429 -0.391695 0.918939 -0.046117 
-0.232942 -0.643213 -0.729393 0.568211 -0.272323 0.776516 0.456439 -0.889754 0.000541 -0.729318 0.599853 -0.329047 -0.072666 0.911888 0.403955 -0.393613 0.917965 -0.049078 
-0.238081 -0.643410 -0.727558 0.567382 -0.275603 0.775965 0.460281 -0.887773 0.000552 -0.731893 0.599573 -0.323797 -0.070866 0.910956 0.406371 -0.394355 0.917481 -0.052080 
-0.241844 -0.643634 -0.726118 0.565811 -0.278167 0.776197 0.465431 -0.885084 0.000516 -0.735600 0.598020 -0.318220 -0.068555 0.910700 0.407339 -0.396804 0.916266 -0.054791 
-0.243972 -0.640757 -0.727948 0.562829 -0.275974 0.779141 0.469456 -0.882956 0.000520 -0.737399 0.598639 -0.312848 -0.072927 0.910872 0.406194 -0.398516 0.915397 -0.056860 
-0.245506 -0.636158 -0.731457 0.560217 -0.275535 0.781177 0.475977 -0.879458 0.000402 -0.740225 0.598997 -0.305399 -0.076625 0.910287 0.406825 -0.403253 0.913204 -0.058702 
