-0.995076 -0.099114 0.000030 -0.094779 0.995498 -0.001231 0.100866 -0.994899 0.001230 0.997039 0.076900 -0.000002 
-0.995066 -0.099208 0.000906 -0.094872 0.995489 0.001140 0.100959 -0.994890 -0.001145 0.997031 0.076994 -0.000932 
-0.995064 -0.099235 -0.000860 -0.094902 0.995485 0.001710 0.100988 -0.994886 -0.001705 0.997029 0.077021 0.000822 
-0.995055 -0.099304 -0.002145 -0.094975 0.995476 0.002723 0.101062 -0.994876 -0.002710 0.997022 0.077090 0.002084 
-0.995055 -0.099304 -0.001920 -0.094974 0.995477 0.002462 0.101061 -0.994877 -0.002450 0.997022 0.077091 0.001865 
-0.995056 -0.099305 -0.001703 -0.094975 0.995477 0.002225 0.101061 -0.994878 -0.002214 0.997023 0.077091 0.001653 
-0.995051 -0.099362 -0.001253 -0.095031 0.995471 0.002700 0.101118 -0.994871 -0.002693 0.997019 0.077149 0.001193 
-0.995033 -0.099541 0.000672 -0.095206 0.995457 0.000905 0.101292 -0.994856 -0.000909 0.997005 0.077328 -0.000692 
-0.995031 -0.099558 0.001373 -0.095223 0.995455 0.001085 0.101309 -0.994854 -0.001093 0.997003 0.077345 -0.001397 
-0.994995 -0.099805 0.004933 -0.095476 0.995431 -0.000760 0.101562 -0.994829 0.000730 0.996973 0.077593 -0.004916 
-0.994940 -0.100208 0.007278 -0.095840 0.995385 0.004809 0.101927 -0.994780 -0.004854 0.996926 0.077997 -0.007384 
-0.994945 -0.100205 0.006604 -0.095844 0.995387 0.004338 0.101930 -0.994782 -0.004378 0.996931 0.077994 -0.006699 
-0.994942 -0.100200 0.007110 -0.095839 0.995389 0.003907 0.101926 -0.994784 -0.003950 0.996928 0.077988 -0.007196 
-0.994881 -0.100661 0.008867 -0.096294 0.995344 0.004109 0.102379 -0.994737 -0.004164 0.996878 0.078450 -0.008957 
-0.994888 -0.100658 0.008093 -0.096297 0.995346 0.003728 0.102382 -0.994738 -0.003778 0.996885 0.078447 -0.008175 
-0.994893 -0.100656 0.007472 -0.096299 0.995347 0.003384 0.102384 -0.994739 -0.003430 0.996890 0.078445 -0.007547 
-0.994896 -0.100653 0.007138 -0.096299 0.995348 0.003084 0.102385 -0.994740 -0.003127 0.996893 0.078443 -0.007206 
-0.994891 -0.100652 0.007878 -0.096298 0.995349 0.002817 0.102384 -0.994741 -0.002865 0.996887 0.078441 -0.007940 
-0.994872 -0.100645 0.010050 -0.096300 0.995351 0.001592 0.102385 -0.994743 -0.001653 0.996868 0.078433 -0.010084 
-0.994881 -0.100431 0.011180 -0.096088 0.995372 0.001352 0.102174 -0.994766 -0.001420 0.996873 0.078220 -0.011208 
-0.994865 -0.100430 0.012539 -0.096088 0.995372 0.001263 0.102174 -0.994766 -0.001340 0.996857 0.078219 -0.012565 
-0.994851 -0.100429 0.013639 -0.096088 0.995372 0.001183 0.102173 -0.994766 -0.001267 0.996843 0.078218 -0.013663 
-0.994839 -0.100428 0.014487 -0.096087 0.995372 0.001102 0.102173 -0.994766 -0.001191 0.996831 0.078216 -0.014510 
-0.994830 -0.100426 0.015088 -0.096087 0.995372 0.001023 0.102173 -0.994766 -0.001115 0.996822 0.078215 -0.015109 
-0.994825 -0.100425 0.015444 -0.096087 0.995372 0.000951 0.102173 -0.994766 -0.001045 0.996817 0.078213 -0.015463 
-0.994823 -0.100424 0.015556 -0.096088 0.995372 0.000884 0.102173 -0.994766 -0.000979 0.996815 0.078212 -0.015573 
-0.994825 -0.100423 0.015425 -0.096088 0.995373 0.000822 0.102173 -0.994766 -0.000916 0.996817 0.078212 -0.015441 
-0.994831 -0.100423 0.015051 -0.096089 0.995373 0.000763 0.102173 -0.994766 -0.000855 0.996823 0.078211 -0.015066 
-0.994840 -0.100423 0.014432 -0.096089 0.995372 0.000708 0.102174 -0.994766 -0.000796 0.996832 0.078212 -0.014446 
-0.994852 -0.100423 0.013564 -0.096090 0.995372 0.000655 0.102175 -0.994766 -0.000738 0.996844 0.078212 -0.013577 
-0.994867 -0.100424 0.012443 -0.096090 0.995373 0.000604 0.102175 -0.994766 -0.000680 0.996859 0.078212 -0.012454 
-0.994883 -0.100425 0.011061 -0.096090 0.995372 0.000555 0.102176 -0.994766 -0.000623 0.996875 0.078213 -0.011072 
-0.994900 -0.100426 0.009411 -0.096091 0.995372 0.000506 0.102176 -0.994766 -0.000564 0.996892 0.078214 -0.009421 
-0.994914 -0.100426 0.007835 -0.096091 0.995372 0.000447 0.102177 -0.994766 -0.000495 0.996906 0.078214 -0.007844 
-0.994921 -0.100427 0.006847 -0.096092 0.995372 0.000369 0.102178 -0.994766 -0.000411 0.996913 0.078215 -0.006854 
-0.994937 -0.100376 0.005018 -0.096042 0.995377 0.000215 0.102128 -0.994771 -0.000246 0.996928 0.078164 -0.005022 
-0.994943 -0.100376 0.003630 -0.096042 0.995377 0.000038 0.102129 -0.994771 -0.000061 0.996934 0.078164 -0.003630 
-0.995003 -0.099795 0.003093 -0.095465 0.995432 -0.001195 0.101551 -0.994830 0.001176 0.996981 0.077582 -0.003066 
-0.995004 -0.099796 0.002773 -0.095465 0.995432 -0.001016 0.101551 -0.994830 0.000999 0.996982 0.077583 -0.002750 
-0.995005 -0.099796 0.002475 -0.095464 0.995433 -0.000859 0.101550 -0.994830 0.000844 0.996983 0.077583 -0.002456 
-0.995012 -0.099743 0.001870 -0.095411 0.995437 -0.001245 0.101496 -0.994835 0.001233 0.996988 0.077529 -0.001842 
-0.995012 -0.099743 0.001683 -0.095410 0.995437 -0.001080 0.101496 -0.994835 0.001070 0.996989 0.077530 -0.001659 
-0.995012 -0.099743 0.001510 -0.095410 0.995438 -0.000937 0.101496 -0.994835 0.000927 0.996989 0.077530 -0.001489 
-0.995012 -0.099744 0.001349 -0.095410 0.995438 -0.000811 0.101496 -0.994836 0.000803 0.996989 0.077531 -0.001331 
-0.995012 -0.099744 0.001198 -0.095410 0.995438 -0.000703 0.101496 -0.994836 0.000696 0.996989 0.077531 -0.001182 
-0.995013 -0.099744 0.001056 -0.095410 0.995438 -0.000610 0.101496 -0.994836 0.000603 0.996989 0.077530 -0.001042 
-0.995014 -0.099735 0.000852 -0.095401 0.995439 -0.000579 0.101487 -0.994837 0.000574 0.996990 0.077522 -0.000839 
-0.994961 -0.100176 -0.004174 -0.095830 0.995393 -0.003054 0.101915 -0.994788 0.003080 0.996947 0.077964 0.004241 
-0.994963 -0.100175 -0.003783 -0.095831 0.995394 -0.002749 0.101917 -0.994789 0.002772 0.996949 0.077963 0.003844 
-0.994964 -0.100174 -0.003449 -0.095832 0.995394 -0.002495 0.101918 -0.994790 0.002516 0.996950 0.077962 0.003504 
-0.994965 -0.100174 -0.003163 -0.095832 0.995395 -0.002283 0.101919 -0.994790 0.002302 0.996951 0.077961 0.003213 
-0.994966 -0.100173 -0.002930 -0.095831 0.995394 -0.002659 0.101918 -0.994789 0.002677 0.996952 0.077961 0.002989 
-0.994966 -0.100174 -0.002766 -0.095827 0.995389 -0.004322 0.101914 -0.994784 0.004339 0.996952 0.077962 0.002862 
-0.994966 -0.100147 -0.003592 -0.095783 0.995374 -0.007505 0.101869 -0.994769 0.007527 0.996951 0.077935 0.003759 
-0.994943 -0.100210 -0.006775 -0.095787 0.995327 -0.012240 0.101874 -0.994722 0.012282 0.996929 0.077999 0.007047 
-0.994943 -0.100234 -0.006517 -0.095782 0.995266 -0.016446 0.101868 -0.994661 0.016486 0.996928 0.078025 0.006882 
-0.994941 -0.100254 -0.006480 -0.095765 0.995186 -0.020829 0.101851 -0.994581 0.020869 0.996926 0.078046 0.006944 
-0.994939 -0.100269 -0.006589 -0.095740 0.995086 -0.025254 0.101826 -0.994481 0.025294 0.996923 0.078064 0.007151 
-0.994933 -0.100276 -0.007250 -0.095685 0.994968 -0.029714 0.101771 -0.994363 0.029759 0.996916 0.078073 0.007911 
-0.994908 -0.100415 -0.008655 -0.095731 0.994819 -0.034202 0.101816 -0.994213 0.034255 0.996892 0.078216 0.009416 
-0.994853 -0.100795 -0.010432 -0.095988 0.994627 -0.038774 0.102073 -0.994018 0.038838 0.996842 0.078600 0.011295 
-0.994788 -0.101235 -0.012138 -0.096287 0.994401 -0.043537 0.102372 -0.993790 0.043611 0.996785 0.079045 0.013107 
-0.994719 -0.101718 -0.013697 -0.096612 0.994138 -0.048543 0.102696 -0.993523 0.048627 0.996723 0.079534 0.014777 
-0.994643 -0.102257 -0.015116 -0.096978 0.993832 -0.053781 0.103062 -0.993215 0.053874 0.996655 0.080079 0.016313 
-0.994560 -0.102867 -0.016405 -0.097399 0.993481 -0.059233 0.103483 -0.992860 0.059334 0.996581 0.080697 0.017723 
-0.994468 -0.103561 -0.017567 -0.097891 0.993079 -0.064900 0.103974 -0.992453 0.065008 0.996500 0.081400 0.019012 
-0.994367 -0.104348 -0.018609 -0.098459 0.992619 -0.070803 0.104542 -0.991989 0.070917 0.996412 0.082196 0.020185 
-0.994256 -0.105229 -0.019532 -0.099107 0.992095 -0.076979 0.105189 -0.991459 0.077099 0.996316 0.083089 0.021246 
-0.994136 -0.106204 -0.020342 -0.099833 0.991496 -0.083477 0.105914 -0.990855 0.083602 0.996212 0.084078 0.022200 
-0.994007 -0.107273 -0.021039 -0.100635 0.990813 -0.090349 0.106715 -0.990164 0.090478 0.996100 0.085162 0.023050 
-0.993868 -0.108439 -0.021624 -0.101513 0.990030 -0.097646 0.107593 -0.989375 0.097779 0.995981 0.086345 0.023798 
-0.993719 -0.109705 -0.022097 -0.102473 0.989134 -0.105419 0.108551 -0.988471 0.105555 0.995853 0.087632 0.024444 
-0.993552 -0.111125 -0.022475 -0.103567 0.988124 -0.113507 0.109644 -0.987453 0.113645 0.995711 0.089073 0.025003 
-0.993373 -0.112664 -0.022757 -0.104758 0.986979 -0.122059 0.110835 -0.986298 0.122199 0.995558 0.090638 0.025476 
-0.993180 -0.114314 -0.022942 -0.106036 0.985675 -0.131150 0.112111 -0.984984 0.131291 0.995394 0.092317 0.025863 
-0.107408 0.984190 -0.140831 0.995217 0.094121 0.026160 -0.992972 -0.116086 -0.023023 0.113482 -0.983488 0.140973 
-0.108874 0.982493 -0.151174 0.995027 0.096054 0.026362 -0.992750 -0.117981 -0.022994 0.114946 -0.981779 0.151316 
-0.110415 0.980542 -0.162312 0.994824 0.098103 0.026466 -0.992512 -0.119987 -0.022850 0.116487 -0.979816 0.162453 
-0.112024 0.978292 -0.174342 0.994609 0.100266 0.026466 -0.992261 -0.122100 -0.022581 0.118094 -0.977553 0.174482 
-0.113708 0.975695 -0.187324 0.994378 0.102553 0.026352 -0.991993 -0.124329 -0.022178 0.119776 -0.974942 0.187461 
-0.115487 0.972699 -0.201294 0.994131 0.104987 0.026111 -0.991706 -0.126697 -0.021626 0.121554 -0.971932 0.201428 
-0.117376 0.969234 -0.216353 0.993863 0.107587 0.025727 -0.991396 -0.129220 -0.020906 0.123441 -0.968451 0.216482 
-0.119380 0.965190 -0.232717 0.993569 0.110381 0.025230 -0.991057 -0.131925 -0.020043 0.125443 -0.964390 0.232842 
-0.121534 0.960494 -0.250361 0.993234 0.113455 0.024791 -0.990674 -0.134894 -0.019211 0.127594 -0.959677 0.250480 
-0.123820 0.955035 -0.269399 0.992858 0.116797 0.024332 -0.990247 -0.138115 -0.018327 0.129877 -0.954198 0.269514 
-0.126256 0.948718 -0.289818 -0.989773 -0.141598 -0.017313 0.992438 0.120421 0.023773 0.132311 -0.947859 0.289926 
-0.128924 0.941363 -0.311793 -0.989240 -0.145422 -0.016047 0.991965 0.124408 0.022997 0.134976 -0.940481 0.311893 
-0.131790 0.932860 -0.335266 -0.988645 -0.149567 -0.014543 0.991434 0.128742 0.022018 0.137838 -0.931953 0.335358 
-0.134797 0.922979 -0.360471 0.990851 0.133358 0.020716 -0.987995 -0.153963 -0.012679 0.140842 -0.922045 0.360551 
-0.138043 0.911555 -0.387313 0.990195 0.138378 0.019093 -0.987267 -0.158729 -0.010457 0.144082 -0.910591 0.387380 
-0.141456 0.898278 -0.416037 0.989473 0.143716 0.017005 -0.986468 -0.163771 -0.007728 0.147491 -0.897284 0.416087 
-0.985578 -0.169160 -0.004525 -0.145077 0.882953 -0.446483 0.151107 -0.881925 0.446515 0.988664 0.149445 0.014481 
-0.984598 -0.174833 -0.000740 -0.148828 0.865084 -0.479041 0.154851 -0.864021 0.479049 0.987767 0.155515 0.011423 
-0.983757 -0.179507 0.000452 -0.150089 0.845506 -0.512439 0.156107 -0.844415 0.512440 0.986954 0.160626 0.010975 
-0.983210 -0.182475 0.000580 -0.148661 0.823140 -0.548033 0.154675 -0.822030 0.548034 0.986377 0.164091 0.011641 
-0.982604 -0.185710 0.001107 -0.146738 0.796355 -0.586759 0.152749 -0.795226 0.586757 0.985727 0.167924 0.011978 
-0.982019 -0.188777 0.001255 -0.143569 0.765749 -0.626910 0.149577 -0.764601 0.626907 0.985072 0.171673 0.012725 
-0.980563 -0.196198 0.001409 -0.142707 0.730627 -0.667696 0.148705 -0.729433 0.667693 0.983597 0.179875 0.013480 
-0.979229 -0.202732 0.003264 -0.140581 0.689068 -0.710931 0.146572 -0.687833 0.710916 0.982215 0.187335 0.012590 
-0.978414 -0.206554 0.006433 -0.136254 0.643029 -0.753623 0.142240 -0.641771 0.753590 0.981304 0.192183 0.010373 
-0.978133 -0.207667 0.011434 -0.130699 0.592823 -0.794656 0.136682 -0.591558 0.794593 0.980899 0.194416 0.006288 
-0.978172 -0.207026 0.017879 -0.124016 0.534811 -0.835821 0.129999 -0.533549 0.835719 0.980789 0.195068 0.000762 
-0.978202 -0.206145 0.025004 -0.116941 0.469914 -0.874932 0.122925 -0.468657 0.874786 0.980661 0.195635 -0.005490 
-0.978307 -0.204630 0.032275 -0.109445 0.401079 -0.909482 0.115430 -0.399831 0.909291 0.980599 0.195655 -0.011989 
-0.978489 -0.202483 0.039497 -0.101642 0.329597 -0.938635 0.107627 -0.328361 0.938400 0.980607 0.195102 -0.018560 
-0.978460 -0.200957 0.047245 -0.094207 0.254062 -0.962589 0.100192 -0.252835 0.962308 0.980413 0.195261 -0.025772 
-0.979815 -0.196119 0.038725 -0.070755 0.182048 -0.980741 0.076749 -0.180850 0.980512 0.981244 0.192030 -0.016849 
-0.978485 -0.201322 0.045136 0.979641 0.199443 -0.022945 
-0.972093 -0.225562 0.064477 0.973596 0.224330 -0.042261 
-0.971928 -0.232883 0.033489 0.972735 0.231646 -0.011237 
-0.970925 -0.238077 0.024999 0.971625 0.236510 -0.002765 
-0.971985 -0.233959 0.022544 0.972789 0.231691 -0.000373 
0.972127 0.232992 0.026133 -0.971714 -0.236124 -0.004058 
0.964324 0.255402 0.069638 -0.964740 -0.258864 -0.047612 
0.952653 0.280839 0.116540 -0.954004 -0.284484 -0.094581 
0.942911 0.294829 0.154903 0.090515 0.165607 -0.982029 -0.084736 -0.163783 0.982851 -0.945073 -0.298567 -0.133024 
0.936268 0.301056 0.181020 0.115359 0.170082 -0.978654 -0.109617 -0.168218 0.979636 -0.938983 -0.304895 -0.159220 
0.624110 -0.771683 -0.122442 0.847949 -0.505547 0.159391 -0.638571 -0.594076 0.489183 -0.895755 0.444360 -0.012900 0.130883 0.162861 -0.977929 0.931357 0.307941 0.194282 
0.521477 -0.790857 0.320322 0.857862 -0.500755 0.115398 -0.851914 -0.461455 0.247594 -0.898872 0.437940 0.015426 0.125676 0.156696 -0.979618 0.932831 0.307848 0.187235 
0.322963 -0.670275 0.668151 0.863555 -0.501582 0.051847 -0.940084 -0.308701 0.144726 -0.898272 0.435781 0.056592 0.117881 0.151713 -0.981370 0.933247 0.311708 0.178573 
0.199608 -0.728491 0.655330 0.849087 -0.526723 0.040171 -0.979862 -0.145006 0.137273 -0.882278 0.466659 0.061766 0.106754 0.151301 -0.982706 0.929063 0.328654 0.169789 
0.924846 0.346760 0.156261 0.090288 -0.780460 0.618652 0.833708 -0.551023 0.036127 0.090844 0.149630 -0.984560 -0.987298 0.011398 0.158468 -0.866196 0.495676 0.063324 
0.924840 0.355127 0.136223 0.037422 -0.797841 0.601706 0.824728 -0.564226 0.038389 -0.984310 0.074471 0.159960 -0.856810 0.511845 0.062384 
0.931470 0.348608 0.104098 0.037881 -0.809644 0.585697 0.822841 -0.565728 0.053717 -0.990103 0.048855 0.131564 -0.853950 0.517608 0.053402 
0.939286 0.337440 0.062263 0.078999 -0.811892 0.578439 0.827205 -0.557427 0.070762 -0.994652 -0.025470 0.100091 -0.856563 0.514072 0.045058 
0.944796 0.327538 0.008856 0.131628 -0.806419 0.576509 0.833393 -0.545884 0.086412 -0.991272 -0.111381 0.070524 -0.860350 0.508176 0.039424 
0.175231 -0.803749 0.568578 0.840284 -0.538736 -0.060713 -0.982782 -0.177172 0.052440 -0.858057 0.501110 -0.112365 0.945243 0.320906 -0.059458 
0.203949 -0.806664 0.554705 0.840607 -0.539034 -0.053125 -0.975577 -0.214677 0.046505 -0.862999 0.492681 -0.111796 0.938270 0.317280 -0.137780 0.175153 -0.014642 0.984432 
0.223938 -0.814596 0.535056 0.839704 -0.540722 -0.050169 -0.971706 -0.228919 0.058166 -0.867772 0.486042 -0.103613 0.923019 0.313260 -0.223394 0.252815 0.021676 0.967272 
0.242695 -0.816747 0.523473 0.840550 -0.538476 -0.059330 -0.968236 -0.237392 0.078506 -0.873168 0.479394 -0.088082 0.908939 0.311043 -0.277636 0.301632 0.045952 0.952316 
0.263285 -0.812444 0.520207 0.842714 -0.531655 -0.084711 -0.963848 -0.244421 0.106090 -0.880204 0.470848 -0.059521 0.891811 0.319727 -0.320076 0.343759 0.054883 0.937453 
0.287880 -0.806604 0.516251 0.842613 -0.527280 -0.109448 -0.957601 -0.248767 0.145312 -0.885720 0.463232 -0.030269 0.872331 0.320115 -0.369547 0.388054 0.077845 0.918343 
0.314891 -0.796975 0.515437 0.839473 -0.525902 -0.136792 -0.948855 -0.251293 0.191117 -0.888595 0.458692 0.000914 0.852147 0.316709 -0.416583 0.429941 0.099497 0.897358 
0.341589 -0.784740 0.517205 0.832663 -0.527006 -0.170110 -0.937776 -0.248042 0.243005 -0.888151 0.458112 0.036359 0.834019 0.310962 -0.455757 0.466771 0.111332 0.877343 
0.366532 -0.769164 0.523488 0.822379 -0.529274 -0.208713 -0.924129 -0.235734 0.300690 -0.884821 0.459759 0.075589 0.818096 0.306675 -0.486487 0.496368 0.118537 0.859981 
0.384891 -0.766063 0.514788 0.809299 -0.533583 -0.245610 -0.906035 -0.207275 0.368969 -0.878249 0.464391 0.114101 0.803747 0.303769 -0.511581 0.520378 0.124969 0.844743 
0.385596 -0.776588 0.498223 0.796305 -0.540256 -0.272069 -0.889419 -0.169209 0.424620 -0.869894 0.471909 0.143479 0.791377 0.302368 -0.531315 0.539460 0.129597 0.831978 
0.379670 -0.791599 0.478771 0.785675 -0.546411 -0.290085 -0.875208 -0.139652 0.463151 -0.862375 0.478941 0.164087 0.782747 0.302037 -0.544133 0.551605 0.133460 0.823359 
0.377098 -0.808089 0.452536 0.778486 -0.549713 -0.302943 -0.862594 -0.128517 0.489301 -0.857193 0.483070 0.178506 0.778238 0.302593 -0.550257 0.557142 0.136235 0.819166 
0.380451 -0.825726 0.416453 0.774581 -0.549837 -0.312576 -0.850915 -0.136172 0.507347 -0.854450 0.484089 0.188609 0.777577 0.303757 -0.550550 0.557392 0.136640 0.818928 
0.387578 -0.843149 0.372669 0.772963 -0.547794 -0.320078 -0.839723 -0.156126 0.520086 -0.853371 0.483296 0.195405 0.781765 0.303262 -0.544862 0.552275 0.133997 0.822823 
0.395444 -0.859101 0.324915 0.773251 -0.544570 -0.324849 -0.830689 -0.183582 0.525598 -0.853645 0.481422 0.198804 0.789080 0.302834 -0.534457 0.542612 0.130137 0.829841 
0.400020 -0.874222 0.275173 0.774680 -0.541060 -0.327302 -0.823051 -0.210570 0.527491 -0.854567 0.479467 0.199563 0.798735 0.302912 -0.519871 0.528849 0.125519 0.839383 
0.400674 -0.888014 0.225592 0.776824 -0.537440 -0.328182 -0.816301 -0.234184 0.528025 -0.855827 0.477578 0.198693 0.809323 0.303572 -0.502832 0.512784 0.120201 0.850061 
0.399155 -0.899099 0.179713 0.779463 -0.533713 -0.328006 -0.810874 -0.254671 0.526902 -0.857321 0.475765 0.196594 0.820434 0.304286 -0.484044 0.495355 0.113497 0.861245 
0.396468 -0.907894 0.136170 0.782995 -0.529422 -0.326544 -0.806441 -0.273537 0.524243 -0.859454 0.473236 0.193357 0.830880 0.306321 -0.464549 0.476936 0.107768 0.872306 
0.394339 -0.914246 0.093009 0.787194 -0.524164 -0.324928 -0.801503 -0.292656 0.521484 -0.862128 0.469856 0.189660 0.841769 0.309199 -0.442517 0.456001 0.101748 0.884144 
0.394536 -0.917387 0.052378 0.792014 -0.518293 -0.322624 -0.797500 -0.313548 0.515443 -0.865286 0.465761 0.185326 0.851539 0.311821 -0.421484 0.436438 0.094709 0.894736 
0.396332 -0.918019 0.012771 0.797172 -0.512182 -0.319666 -0.794390 -0.335916 0.506069 -0.868751 0.461104 0.180707 0.859453 0.314304 -0.403178 0.419668 0.087852 0.903416 
0.401745 -0.915434 -0.024105 0.802360 -0.505710 -0.316981 -0.789439 -0.359556 0.497500 -0.872503 0.455416 0.177016 0.865017 0.314942 -0.390586 0.407646 0.084377 0.909233 
0.410219 -0.911279 -0.035939 0.807811 -0.500233 -0.311782 -0.788438 -0.374175 0.488220 -0.876380 0.450425 0.170516 0.869854 0.314432 -0.380114 0.397564 0.081541 0.913944 
0.415121 -0.909124 -0.034184 0.812948 -0.497463 -0.302731 -0.793887 -0.380344 0.474428 -0.879635 0.447543 0.161082 0.871753 0.315647 -0.374718 0.392933 0.078678 0.916195 
0.417962 -0.908072 -0.026697 0.817222 -0.496709 -0.292281 -0.802896 -0.382981 0.456819 -0.882049 0.446402 0.150715 0.872385 0.317296 -0.371844 0.391022 0.075692 0.917264 
0.420443 -0.907147 -0.017657 0.820048 -0.497243 -0.283319 -0.811992 -0.384885 0.438786 -0.883494 0.446408 0.141978 0.872317 0.318811 -0.370706 0.390680 0.073459 0.917591 
0.422022 -0.906528 -0.010184 0.821121 -0.497725 -0.279339 -0.817335 -0.385309 0.428370 -0.883975 0.446775 0.137773 0.872737 0.319908 -0.368767 0.389342 0.071606 0.918306 
0.421293 -0.906890 -0.007961 0.820696 -0.497927 -0.280227 -0.817301 -0.383445 0.430104 -0.883671 0.447165 0.138454 0.872919 0.320204 -0.368078 0.388876 0.070905 0.918558 
0.419701 -0.907638 -0.006588 0.819270 -0.498360 -0.283609 -0.815490 -0.380252 0.436331 -0.882814 0.447870 0.141608 0.872868 0.320243 -0.368165 0.388931 0.071020 0.918525 
0.417828 -0.908511 -0.005168 0.817102 -0.498958 -0.288764 -0.812490 -0.376203 0.445345 -0.881532 0.448839 0.146439 0.872739 0.320327 -0.368399 0.389081 0.071319 0.918439 
0.415105 -0.909765 -0.003889 0.814312 -0.499815 -0.295093 -0.808375 -0.370799 0.457207 -0.879840 0.450152 0.152461 0.872515 0.320203 -0.369037 0.389608 0.071721 0.918184 
0.411777 -0.911282 -0.002224 0.811308 -0.500804 -0.301621 -0.803661 -0.364295 0.470551 -0.878006 0.451507 0.158893 0.871706 0.320028 -0.371095 0.391490 0.072524 0.917320 
0.408897 -0.912580 -0.000214 0.808417 -0.501907 -0.307492 -0.799317 -0.358259 0.482434 -0.876253 0.452737 0.164951 0.870135 0.319725 -0.375021 0.395136 0.073892 0.915646 
0.407179 -0.913348 0.000544 0.805800 -0.502990 -0.312552 -0.795375 -0.354293 0.491787 -0.874714 0.453658 0.170500 0.867809 0.319167 -0.380841 0.400540 0.075900 0.913130 
0.406873 -0.913485 0.000061 0.803386 -0.503922 -0.317230 -0.791593 -0.352543 0.499093 -0.873366 0.454208 0.175862 0.864873 0.318224 -0.388236 0.407409 0.078399 0.909874 
0.406813 -0.913511 -0.001163 0.800886 -0.504779 -0.322150 -0.787271 -0.351237 0.506791 -0.871986 0.454602 0.181599 0.861478 0.316978 -0.396712 0.415281 0.081236 0.906059 
0.406865 -0.913483 -0.003124 0.798554 -0.505620 -0.326588 -0.783035 -0.350520 0.513801 -0.870707 0.454836 0.187067 0.857526 0.315553 -0.406295 0.424176 0.084448 0.901634 
0.406944 -0.913437 -0.005413 0.796228 -0.506512 -0.330857 -0.778868 -0.350071 0.520399 -0.869420 0.455018 0.192528 0.853058 0.313934 -0.416817 0.433936 0.087982 0.896637 
0.407040 -0.913375 -0.007994 0.793745 -0.507423 -0.335397 -0.774381 -0.349712 0.527291 -0.868022 0.455210 0.198296 0.848368 0.312113 -0.427619 0.443928 0.091662 0.891362 
0.407411 -0.913184 -0.010573 0.791021 -0.508165 -0.340668 -0.769484 -0.349491 0.534556 -0.866469 0.455372 0.204616 0.843929 0.310496 -0.437466 0.453059 0.094958 0.886409 
0.406752 -0.913426 -0.014372 0.788108 -0.508684 -0.346593 -0.763750 -0.348649 0.543258 -0.864737 0.455646 0.211226 0.840834 0.309112 -0.444351 0.459280 0.097701 0.882902 
0.404602 -0.914275 -0.019964 0.785469 -0.509152 -0.351856 -0.757425 -0.347259 0.552919 -0.863095 0.455965 0.217171 0.838441 0.307706 -0.449815 0.463954 0.100606 0.880128 
0.402541 -0.915072 -0.024568 0.783604 -0.509525 -0.355457 -0.752521 -0.346085 0.560302 -0.861911 0.456215 0.221306 0.836797 0.306711 -0.453540 0.466989 0.103033 0.878240 
0.401686 -0.915387 -0.026748 0.782749 -0.509755 -0.357006 -0.750374 -0.345740 0.563385 -0.861373 0.456331 0.223157 0.835889 0.306228 -0.455536 0.468595 0.104408 0.877222 
0.401610 -0.915416 -0.026899 0.782647 -0.509798 -0.357169 -0.750137 -0.345661 0.563749 -0.861309 0.456360 0.223345 0.835817 0.306187 -0.455697 0.468699 0.104594 0.877144 
0.401854 -0.915328 -0.026233 0.782854 -0.509698 -0.356857 -0.750380 -0.345587 0.563470 -0.861445 0.456364 0.222808 0.836570 0.306399 -0.454169 0.467234 0.104217 0.877970 
0.401975 -0.915312 -0.024910 0.783265 -0.509551 -0.356164 -0.751001 -0.345138 0.562918 -0.861695 0.456429 0.221706 0.838015 0.306809 -0.451220 0.464414 0.103470 0.879553 
0.402013 -0.915338 -0.023267 0.783978 -0.509330 -0.354911 -0.752126 -0.344611 0.561738 -0.862122 0.456494 0.219907 0.840034 0.307397 -0.447045 0.460434 0.102379 0.881770 
0.401915 -0.915423 -0.021563 0.785090 -0.509062 -0.352832 -0.753961 -0.344203 0.559524 -0.862782 0.456523 0.217240 0.842389 0.308169 -0.442056 0.455665 0.101121 0.884389 
0.401565 -0.915599 -0.020563 0.786609 -0.508891 -0.349679 -0.756655 -0.344334 0.555794 -0.863660 0.456515 0.213741 0.844236 0.309116 -0.437849 0.451733 0.099849 0.886548 
0.402118 -0.915377 -0.019639 0.788258 -0.508751 -0.346153 -0.759923 -0.345642 0.550498 -0.864653 0.456293 0.210171 0.844909 0.310076 -0.435869 0.450061 0.098814 0.887514 
0.403699 -0.914717 -0.017876 0.789573 -0.508512 -0.343497 -0.762796 -0.347313 0.545450 -0.865497 0.455984 0.207349 0.845539 0.310631 -0.434248 0.448712 0.097862 0.888302 
0.404942 -0.914183 -0.017062 0.790263 -0.508259 -0.342283 -0.764137 -0.348603 0.542744 -0.865970 0.455677 0.206045 0.845768 0.310794 -0.433686 0.448287 0.097403 0.888567 
0.405109 -0.914107 -0.017200 0.790385 -0.508161 -0.342145 -0.763964 -0.348789 0.542868 -0.866063 0.455538 0.205961 0.845596 0.310743 -0.434058 0.448648 0.097482 0.888376 
0.405133 -0.914088 -0.017632 0.790348 -0.508156 -0.342239 -0.763570 -0.348902 0.543349 -0.866056 0.455440 0.206208 0.845106 0.310557 -0.435144 0.449660 0.097828 0.887826 
0.405113 -0.914086 -0.018157 0.790223 -0.508142 -0.342548 -0.763078 -0.348992 0.543982 -0.865990 0.455365 0.206647 0.844648 0.310329 -0.436195 0.450669 0.098070 0.887288 
0.404842 -0.914206 -0.018178 0.790082 -0.508134 -0.342886 -0.762631 -0.348554 0.544890 -0.865893 0.455397 0.206984 0.844611 0.310260 -0.436316 0.450815 0.098001 0.887221 
0.404617 -0.914309 -0.018009 0.789996 -0.508150 -0.343060 -0.762347 -0.348116 0.545566 -0.865832 0.455437 0.207153 0.844612 0.310258 -0.436314 0.450812 0.098002 0.887223 
0.404530 -0.914349 -0.017940 0.789970 -0.508136 -0.343140 -0.762140 -0.347899 0.545993 -0.865815 0.455435 0.207229 0.844616 0.310257 -0.436308 0.450806 0.098002 0.887226 
0.404529 -0.914349 -0.017938 0.789981 -0.508104 -0.343162 -0.761979 -0.347831 0.546262 -0.865824 0.455407 0.207249 0.844617 0.310256 -0.436307 0.450804 0.098003 0.887227 
0.404529 -0.914349 -0.017936 0.789992 -0.508072 -0.343185 -0.761815 -0.347773 0.546527 -0.865834 0.455379 0.207270 0.844617 0.310254 -0.436308 0.450805 0.098004 0.887226 
0.404530 -0.914349 -0.017935 0.790001 -0.508040 -0.343212 -0.761654 -0.347706 0.546794 -0.865843 0.455352 0.207295 0.844616 0.310251 -0.436312 0.450808 0.098006 0.887224 
0.404532 -0.914348 -0.017934 0.790011 -0.508008 -0.343236 -0.761497 -0.347637 0.547056 -0.865852 0.455324 0.207317 0.844616 0.310248 -0.436314 0.450810 0.098007 0.887223 
0.404534 -0.914347 -0.017932 0.790019 -0.507977 -0.343264 -0.761339 -0.347570 0.547318 -0.865860 0.455297 0.207343 0.844615 0.310245 -0.436317 0.450813 0.098008 0.887222 
0.404528 -0.914350 -0.017926 0.790026 -0.507947 -0.343290 -0.761179 -0.347502 0.547584 -0.865867 0.455272 0.207367 0.844616 0.310244 -0.436317 0.450812 0.098008 0.887222 
0.404524 -0.914352 -0.017921 0.790033 -0.507918 -0.343318 -0.761026 -0.347429 0.547844 -0.865874 0.455248 0.207393 0.844616 0.310241 -0.436318 0.450813 0.098008 0.887222 
0.404506 -0.914360 -0.017906 0.790034 -0.507892 -0.343354 -0.760868 -0.347336 0.548122 -0.865876 0.455228 0.207427 0.844617 0.310239 -0.436318 0.450813 0.098008 0.887221 
0.404470 -0.914376 -0.017878 0.790027 -0.507871 -0.343402 -0.760702 -0.347218 0.548427 -0.865873 0.455214 0.207471 0.844618 0.310237 -0.436318 0.450814 0.098008 0.887221 
0.404421 -0.914399 -0.017840 0.790013 -0.507853 -0.343460 -0.760532 -0.347073 0.548754 -0.865865 0.455204 0.207527 0.844618 0.310234 -0.436320 0.450815 0.098009 0.887220 
0.404361 -0.914426 -0.017795 0.789995 -0.507838 -0.343524 -0.760357 -0.346921 0.549093 -0.865853 0.455198 0.207588 0.844618 0.310232 -0.436321 0.450816 0.098008 0.887220 
0.404303 -0.914453 -0.017749 0.789977 -0.507824 -0.343587 -0.760188 -0.346766 0.549425 -0.865841 0.455193 0.207649 0.844618 0.310231 -0.436322 0.450816 0.098008 0.887220 
0.404249 -0.914478 -0.017706 0.789960 -0.507808 -0.343647 -0.760023 -0.346614 0.549749 -0.865831 0.455187 0.207706 0.844620 0.310229 -0.436321 0.450816 0.098008 0.887220 
