0.018533 0.999828 0.000000 0.999738 -0.022886 0.000000 -0.999859 0.016771 0.000000 -0.040824 -0.999166 -0.000000 
0.018532 0.999828 0.000000 0.999738 -0.022886 0.000000 -0.999859 0.016771 0.000000 -0.040823 -0.999166 -0.000000 
0.018532 0.999828 0.000000 0.999738 -0.022886 0.000000 -0.999859 0.016771 0.000000 -0.040823 -0.999166 -0.000000 
0.018517 0.999829 0.000000 0.999738 -0.022880 0.000000 -0.999859 0.016765 0.000000 -0.040809 -0.999167 -0.000000 
0.018404 0.999831 0.000000 0.999741 -0.022758 0.000000 -0.999861 0.016643 0.000000 -0.040695 -0.999172 -0.000000 
0.018404 0.999831 0.000000 0.999741 -0.022759 0.000000 -0.999861 0.016644 0.000000 -0.040696 -0.999172 -0.000000 
0.018458 0.999830 0.000000 0.999740 -0.022812 0.000000 -0.999861 0.016697 0.000000 -0.040749 -0.999169 -0.000000 
0.018582 0.999827 0.000000 0.999737 -0.022928 0.000000 -0.999859 0.016813 0.000000 -0.040874 -0.999164 -0.000000 
0.018539 0.999828 0.000000 0.999738 -0.022904 0.000000 -0.999859 0.016789 0.000000 -0.040831 -0.999166 -0.000000 
0.018382 0.999831 0.000000 0.999742 -0.022722 0.000000 -0.999862 0.016607 0.000000 -0.040674 -0.999172 -0.000000 
0.018363 0.999831 0.000000 0.999742 -0.022706 0.000000 -0.999862 0.016591 0.000000 -0.040655 -0.999173 -0.000000 
0.018363 0.999831 0.000000 0.999742 -0.022705 0.000000 -0.999862 0.016591 0.000000 -0.040656 -0.999173 -0.000000 
0.018364 0.999831 0.000000 0.999742 -0.022703 0.000000 -0.999862 0.016589 0.000000 -0.040659 -0.999173 -0.000000 
0.018364 0.999831 0.000000 0.999742 -0.022700 0.000000 -0.999862 0.016587 0.000000 -0.040661 -0.999173 -0.000000 
0.018361 0.999831 0.000000 0.999742 -0.022697 0.000000 -0.999862 0.016585 0.000000 -0.040663 -0.999173 -0.000000 
0.018358 0.999831 0.000000 0.999742 -0.022695 0.000000 -0.999862 0.016584 0.000000 -0.040664 -0.999173 -0.000000 
0.018354 0.999832 0.000000 0.999742 -0.022693 0.000000 -0.999862 0.016583 0.000000 -0.040664 -0.999173 -0.000000 
0.018348 0.999832 0.000000 0.999743 -0.022691 0.000000 -0.999862 0.016583 0.000000 -0.040664 -0.999173 -0.000000 
0.018342 0.999832 0.000000 0.999743 -0.022689 0.000000 -0.999862 0.016583 0.000000 -0.040664 -0.999173 -0.000000 
0.018335 0.999832 0.000000 0.999743 -0.022688 0.000000 -0.999862 0.016584 0.000000 -0.040664 -0.999173 -0.000000 
0.018329 0.999832 0.000000 0.999743 -0.022688 0.000000 -0.999862 0.016585 0.000000 -0.040664 -0.999173 -0.000000 
0.018322 0.999832 0.000000 0.999743 -0.022687 0.000000 -0.999862 0.016587 0.000000 -0.040665 -0.999173 -0.000000 
0.018317 0.999832 0.000000 0.999743 -0.022688 0.000000 -0.999862 0.016589 0.000000 -0.040668 -0.999173 -0.000000 
0.018307 0.999832 0.000000 0.999743 -0.022689 0.000000 -0.999862 0.016593 0.000000 -0.040668 -0.999173 -0.000000 
0.018293 0.999833 0.000000 0.999742 -0.022698 0.000000 -0.999862 0.016605 0.000000 -0.040662 -0.999173 -0.000000 
0.018343 0.999832 0.000000 0.999739 -0.022831 0.000000 -0.999860 0.016740 0.000000 -0.040722 -0.999171 -0.000000 
0.018487 0.999829 0.000000 0.999733 -0.023124 0.000000 -0.999855 0.017036 0.000000 -0.040877 -0.999164 -0.000000 
0.018691 0.999825 0.000000 0.999723 -0.023528 0.000000 -0.999848 0.017443 0.000000 -0.041091 -0.999155 -0.000000 
0.018962 0.999820 0.000000 0.999712 -0.024003 0.000000 -0.999839 0.017921 0.000000 -0.041374 -0.999144 -0.000000 
0.019288 0.999814 0.000000 0.999699 -0.024527 0.000000 -0.999830 0.018449 0.000000 -0.041714 -0.999130 -0.000000 
0.019672 0.999806 0.000000 0.999685 -0.025101 0.000000 -0.999819 0.019027 0.000000 -0.042111 -0.999113 -0.000000 
0.020120 0.999798 0.000000 0.999669 -0.025732 0.000000 -0.999807 0.019662 0.000000 -0.042575 -0.999093 -0.000000 
0.020648 0.999787 0.000000 0.999651 -0.026430 0.000000 -0.999793 0.020365 0.000000 -0.043120 -0.999070 -0.000000 
0.021266 0.999774 0.000000 0.999630 -0.027205 0.000000 -0.999776 0.021145 0.000000 -0.043756 -0.999042 -0.000000 
0.021979 0.999758 0.000000 0.999606 -0.028059 0.000000 -0.999758 0.022006 0.000000 -0.044491 -0.999010 -0.000000 
0.022798 0.999740 0.000000 0.999579 -0.028998 0.000000 -0.999737 0.022951 0.000000 -0.045333 -0.998972 -0.000000 
0.023730 0.999718 0.000000 0.999549 -0.030029 0.000000 -0.999712 0.023989 0.000000 -0.046291 -0.998928 -0.000000 
0.024793 0.999693 0.000000 0.999514 -0.031165 0.000000 -0.999684 0.025134 0.000000 -0.047383 -0.998877 -0.000000 
0.026008 0.999662 0.000000 0.999474 -0.032425 0.000000 -0.999651 0.026403 0.000000 -0.048631 -0.998817 -0.000000 
0.027390 0.999625 0.000000 0.999428 -0.033815 0.000000 -0.999613 0.027803 0.000000 -0.050050 -0.998747 -0.000000 
0.028948 0.999581 0.000000 0.999375 -0.035337 0.000000 -0.999570 0.029337 0.000000 -0.051649 -0.998665 -0.000000 
0.030699 0.999529 0.000000 0.999315 -0.036994 0.000000 -0.999519 0.031006 0.000000 -0.053446 -0.998571 -0.000000 
0.032732 0.999464 0.000000 0.999244 -0.038864 0.000000 -0.999459 0.032891 0.000000 -0.055531 -0.998457 -0.000000 
0.035024 0.999386 0.000000 0.999163 -0.040916 0.000000 -0.999389 0.034959 0.000000 -0.057883 -0.998323 -0.000000 
0.045546 0.998962 0.000000 0.998748 -0.050030 0.000000 -0.999028 0.044077 0.000000 -0.068398 -0.997658 -0.000000 
0.045602 0.998960 0.000000 0.998745 -0.050085 0.000000 -0.999025 0.044142 0.000000 -0.068491 -0.997652 -0.000000 
0.046131 0.998935 0.000000 0.998718 -0.050614 0.000000 -0.999001 0.044686 0.000000 -0.069075 -0.997611 -0.000000 
0.046116 0.998936 0.000000 0.998718 -0.050616 0.000000 -0.999000 0.044710 0.000000 -0.069146 -0.997607 -0.000000 
0.046095 0.998937 0.000000 0.998718 -0.050618 0.000000 -0.998999 0.044741 0.000000 -0.069239 -0.997600 -0.000000 
0.046070 0.998938 0.000000 0.998718 -0.050620 0.000000 -0.998997 0.044778 0.000000 -0.069352 -0.997592 -0.000000 
0.046444 0.998921 0.000000 0.998697 -0.051027 0.000000 -0.998977 0.045225 0.000000 -0.069882 -0.997555 -0.000000 
0.046412 0.998922 0.000000 0.998697 -0.051029 0.000000 -0.998975 0.045266 0.000000 -0.070012 -0.997546 -0.000000 
0.046292 0.998928 0.000000 0.998701 -0.050946 0.000000 -0.998977 0.045226 0.000000 -0.070070 -0.997542 -0.000000 
0.046122 0.998936 0.000000 0.998708 -0.050815 0.000000 -0.998980 0.045146 0.000000 -0.070114 -0.997539 -0.000000 
0.045270 0.998975 0.000000 0.998748 -0.050015 0.000000 -0.999013 0.044410 0.000000 -0.069539 -0.997579 -0.000000 
0.037037 0.999314 0.000000 0.999114 -0.042092 0.000000 -0.999331 0.036582 0.000000 -0.061742 -0.998092 -0.000000 
0.043026 0.999074 0.000000 0.998845 -0.048051 0.000000 -0.999091 0.042631 0.000000 -0.068128 -0.997677 -0.000000 
0.044199 0.999023 0.000000 0.998782 -0.049337 0.000000 -0.999031 0.044023 0.000000 -0.069798 -0.997561 -0.000000 
0.045998 0.998942 0.000000 0.998684 -0.051279 0.000000 -0.998938 0.046084 0.000000 -0.072172 -0.997392 -0.000000 
0.042418 0.999100 0.000000 0.998854 -0.047854 0.000000 -0.999084 0.042790 0.000000 -0.069286 -0.997597 -0.000000 
-0.998514 0.054503 0.000000 0.764318 -0.644839 0.000000 0.636899 0.770948 0.000000 -0.143012 0.989721 0.000000 -0.073044 -0.997329 -0.000000 0.110919 -0.993829 0.000000 
-0.997420 0.071791 0.000000 0.772683 -0.634792 0.000000 0.628973 0.777427 0.000000 -0.121953 0.992536 0.000000 -0.065125 -0.997877 -0.000000 0.068357 -0.997661 0.000000 
-0.996410 0.084656 0.000000 0.779830 -0.625992 0.000000 0.624427 0.781083 0.000000 -0.093783 0.995593 0.000000 -0.060576 -0.998164 -0.000000 0.016784 -0.999859 0.000000 
-0.994687 0.102950 0.000000 0.771256 -0.636525 0.000000 0.636216 0.771511 0.000000 -0.066824 0.997765 0.000000 -0.061133 -0.998130 -0.000000 -0.025736 -0.999669 -0.000000 
-0.993108 0.117204 0.000000 0.768648 -0.639672 0.000000 0.645793 0.763513 0.000000 -0.050718 0.998713 0.000000 -0.063489 -0.997983 -0.000000 -0.053752 -0.998554 -0.000000 
-0.992573 0.121647 0.000000 -0.071808 -0.997418 -0.000000 0.781615 -0.623761 0.000000 0.641195 0.767378 0.000000 -0.042543 0.999095 0.000000 
-0.992601 0.121419 0.000000 -0.078286 -0.996931 -0.000000 0.801295 -0.598269 0.000000 0.632183 0.774820 0.000000 -0.044323 0.999017 0.000000 
-0.992453 0.122626 0.000000 -0.068836 -0.997628 -0.000000 0.811459 -0.584409 0.000000 0.633351 0.773865 0.000000 -0.058711 0.998275 0.000000 
-0.992090 0.125530 0.000000 -0.056795 -0.998386 -0.000000 0.818318 -0.574766 0.000000 0.640792 0.767715 0.000000 -0.076036 0.997105 0.000000 
-0.991678 0.128741 0.000000 -0.042828 -0.999082 -0.000000 0.826430 -0.563039 0.000000 0.652247 0.758006 0.000000 -0.097101 0.995275 0.000000 
-0.991158 0.132686 0.000000 -0.028542 -0.999593 -0.000000 0.835198 -0.549950 0.000000 0.667217 0.744863 0.000000 -0.119453 0.992840 0.000000 
-0.990340 0.138662 0.000000 -0.015260 -0.999884 -0.000000 0.845343 -0.534223 0.000000 0.684739 0.728788 0.000000 -0.155864 0.987779 0.000000 -0.138540 0.990357 0.000000 
-0.989253 0.146216 0.000000 0.001521 -0.999999 0.000000 0.856639 -0.515916 0.000000 0.706846 0.707368 0.000000 -0.232908 0.972499 0.000000 -0.156073 0.987746 0.000000 
-0.987982 0.154568 0.000000 0.025280 -0.999680 0.000000 0.869810 -0.493388 0.000000 0.733615 0.679565 0.000000 -0.361651 0.932314 0.000000 -0.179688 0.983724 0.000000 
0.062578 -0.998040 0.000000 -0.986500 0.163762 0.000000 0.767303 0.641285 0.000000 0.883061 -0.469259 0.000000 -0.214288 0.976771 0.000000 -0.579562 0.814928 0.000000 
0.105213 -0.994450 0.000000 -0.262773 0.964858 0.000000 0.821530 0.570166 0.000000 0.899567 -0.436784 0.000000 -0.984476 0.175517 0.000000 
0.164903 -0.986310 0.000000 -0.311188 0.950349 0.000000 0.853731 0.520715 0.000000 0.909740 -0.415178 0.000000 -0.984026 0.178023 0.000000 
0.234109 -0.972210 0.000000 -0.389472 0.921039 0.000000 0.860346 0.509711 0.000000 0.925247 -0.379366 0.000000 -0.975536 0.219838 0.000000 
0.451524 -0.892259 0.000000 -0.582214 0.813036 0.000000 0.900958 0.433907 0.000000 0.915849 -0.401524 0.000000 -0.972212 0.234103 0.000000 
0.924138 0.382060 0.000000 -0.738307 0.674465 0.000000 -0.975530 0.219867 0.000000 0.911463 -0.411383 0.000000 -0.193217 -0.981156 -0.000000 0.722714 -0.691147 0.000000 
0.947354 0.320189 0.000000 -0.003368 -0.999994 -0.000000 0.931186 -0.364544 0.000000 -0.868343 0.495964 0.000000 -0.981653 0.190676 0.000000 
0.101079 -0.994878 0.000000 0.965656 0.259824 0.000000 0.975874 -0.218335 0.000000 -0.917508 0.397717 0.000000 -0.993772 0.111433 0.000000 
0.124269 -0.992249 0.000000 0.987780 -0.155852 0.000000 -0.925436 0.378905 0.000000 -0.999701 -0.024462 -0.000000 0.977624 0.210360 0.000000 0.988362 0.152121 0.000000 
0.939829 0.341645 0.000000 0.113792 -0.993505 0.000000 0.988493 -0.151267 0.000000 -0.933890 0.357561 0.000000 -0.991201 -0.132362 -0.000000 
0.113767 -0.993507 0.000000 -0.959207 -0.282704 -0.000000 0.889208 0.457503 0.000000 0.991225 -0.132182 0.000000 -0.938952 0.344047 0.000000 -0.992437 -0.122752 -0.000000 
0.096726 -0.995311 0.000000 -0.922039 -0.387098 -0.000000 0.860654 0.509191 0.000000 0.996716 -0.080971 0.000000 -0.939260 0.343205 0.000000 -0.997046 -0.076809 -0.000000 
0.794013 0.607900 0.000000 0.999356 -0.035895 0.000000 -0.944333 0.328990 0.000000 -0.997605 -0.069168 -0.000000 0.053715 -0.998556 0.000000 -0.856181 -0.516676 -0.000000 
0.606720 0.794916 0.000000 0.998174 -0.060410 0.000000 -0.952782 0.303657 0.000000 -0.996509 -0.083484 -0.000000 0.002510 -0.999997 0.000000 -0.667279 -0.744808 -0.000000 
0.267823 0.963468 0.000000 0.989546 -0.144216 0.000000 -0.962020 0.272980 0.000000 -0.994360 -0.106054 -0.000000 0.019073 -0.999818 0.000000 -0.173175 -0.984891 -0.000000 
-0.004392 0.999990 0.000000 0.203378 -0.979100 0.000000 0.983489 -0.180967 0.000000 -0.996163 -0.087519 -0.000000 -0.964062 0.265677 0.000000 
-0.180545 0.983567 0.000000 0.381067 -0.924547 0.000000 0.984432 -0.175763 0.000000 -0.999340 -0.036328 -0.000000 -0.961866 0.273521 0.000000 
-0.303436 0.952852 0.000000 0.490819 -0.871261 0.000000 0.987987 -0.154535 0.000000 -0.999918 0.012837 0.000000 -0.960781 0.277309 0.000000 
-0.419527 0.907743 0.000000 0.600465 -0.799651 0.000000 0.987382 -0.158359 0.000000 -0.999865 0.016421 0.000000 -0.961170 0.275957 0.000000 
-0.520583 0.853811 0.000000 0.686622 -0.727015 0.000000 0.986157 -0.165817 0.000000 -0.999989 -0.004606 -0.000000 -0.961224 0.275768 0.000000 
-0.638836 0.769343 0.000000 0.962808 -0.270188 0.000000 0.789714 -0.613475 0.000000 -0.999962 -0.008709 -0.000000 -0.959925 0.280257 0.000000 
-0.778720 0.627371 0.000000 -0.999708 0.024169 0.000000 -0.958608 0.284730 0.000000 0.918703 -0.394949 0.000000 0.899768 -0.436369 0.000000 
-0.827733 0.561122 0.000000 -0.973757 0.227592 0.000000 0.975108 -0.221731 0.000000 -0.996914 0.078499 0.000000 -0.991733 0.128322 0.000000 0.956495 -0.291750 0.000000 0.956880 -0.290485 0.000000 
-0.740836 0.671686 0.000000 0.998057 0.062315 0.000000 -0.971064 -0.238819 -0.000000 -0.998762 -0.049751 -0.000000 0.957005 -0.290072 0.000000 0.988933 -0.148363 0.000000 
-0.850639 0.525751 0.000000 0.891845 0.452342 0.000000 -0.840500 -0.541812 -0.000000 -0.987398 -0.158254 -0.000000 0.961564 -0.274580 0.000000 0.981861 -0.189604 0.000000 
0.566171 0.824288 0.000000 -0.961515 0.274751 0.000000 0.949104 -0.314963 0.000000 0.977968 -0.208754 0.000000 -0.520470 -0.853880 -0.000000 -0.982102 -0.188352 -0.000000 
0.000197 1.000000 0.000000 0.978204 -0.207646 0.000000 -0.992517 -0.122106 -0.000000 -0.995933 -0.090099 -0.000000 0.706728 -0.707486 0.000000 0.903884 -0.427778 0.000000 
-0.538900 0.842370 0.000000 -0.896715 -0.442609 -0.000000 -0.999931 -0.011783 -0.000000 0.974736 -0.223360 0.000000 0.967264 -0.253771 0.000000 
0.992992 -0.118179 0.000000 -0.675156 -0.737675 -0.000000 -0.999751 0.022328 0.000000 -0.559604 0.828760 0.000000 -0.856775 0.515691 0.000000 
0.999245 -0.038855 0.000000 -0.434594 -0.900626 -0.000000 -0.999759 -0.021938 -0.000000 -0.352943 0.935645 0.000000 -0.938518 0.345231 0.000000 
0.996456 0.084117 0.000000 -0.126435 -0.991975 -0.000000 -0.994515 -0.104590 -0.000000 -0.988515 0.151124 0.000000 -0.287318 0.957835 0.000000 -0.939388 0.342855 0.000000 
0.977743 0.209808 0.000000 0.159794 -0.987150 0.000000 -0.191155 0.981560 0.000000 -0.941385 0.337333 0.000000 -0.973371 -0.229236 -0.000000 -0.999736 -0.022970 -0.000000 
0.465204 -0.885204 0.000000 -0.942793 0.333378 0.000000 -0.043057 0.999073 0.000000 0.938005 0.346623 0.000000 -0.906489 -0.422229 -0.000000 -0.980172 -0.198151 -0.000000 
0.631581 -0.775310 0.000000 -0.941989 0.335645 0.000000 -0.039959 0.999201 0.000000 0.897999 0.439998 0.000000 -0.852644 -0.522492 -0.000000 -0.940993 -0.338425 -0.000000 
0.693772 -0.720194 0.000000 -0.948720 0.316119 0.000000 0.161303 0.986905 0.000000 0.858730 0.512428 0.000000 -0.843285 -0.537466 -0.000000 -0.901274 -0.433249 -0.000000 
0.703445 -0.710749 0.000000 -0.959104 0.283055 0.000000 0.329580 0.944128 0.000000 -0.851001 -0.525164 -0.000000 -0.872629 -0.488385 -0.000000 0.839056 0.544044 0.000000 0.823744 0.566963 0.000000 
0.694907 -0.719100 0.000000 0.845452 0.534051 0.000000 -0.965699 0.259666 0.000000 0.433013 0.901388 0.000000 0.800105 0.599860 0.000000 -0.856915 -0.515458 -0.000000 -0.860672 -0.509159 -0.000000 
0.689097 -0.724669 0.000000 0.845816 0.533475 0.000000 -0.968480 0.249091 0.000000 0.529189 0.848504 0.000000 0.791815 0.610761 0.000000 -0.857223 -0.514945 -0.000000 -0.860314 -0.509764 -0.000000 
0.698743 -0.715373 0.000000 0.839317 0.543643 0.000000 -0.971365 0.237593 0.000000 0.622102 0.782936 0.000000 0.781249 0.624219 0.000000 -0.850959 -0.525232 -0.000000 -0.855417 -0.517940 -0.000000 
0.720212 -0.693754 0.000000 0.831648 0.555303 0.000000 -0.976512 0.215463 0.000000 -0.835346 -0.549724 -0.000000 0.672253 0.740321 0.000000 0.754616 0.656167 0.000000 
0.718751 0.695268 0.000000 0.747352 -0.664429 0.000000 0.822607 0.568611 0.000000 -0.982175 0.187971 0.000000 -0.807934 -0.589274 -0.000000 
0.686453 0.727174 0.000000 0.772658 -0.634822 0.000000 0.814855 0.579665 0.000000 -0.987214 0.159401 0.000000 -0.775433 -0.631430 -0.000000 -0.842759 -0.538291 -0.000000 
0.653238 0.757153 0.000000 -0.738048 -0.674749 -0.000000 0.793700 -0.608309 0.000000 0.809741 0.586788 0.000000 -0.991663 0.128857 0.000000 -0.923742 -0.383014 -0.000000 
0.617360 0.786681 0.000000 -0.695649 -0.718382 -0.000000 0.813966 -0.580912 0.000000 0.806004 0.591910 0.000000 -0.995339 0.096439 0.000000 -0.979507 -0.201411 -0.000000 
0.577746 0.816217 0.000000 -0.646909 -0.762567 -0.000000 0.835210 -0.549931 0.000000 0.802831 0.596207 0.000000 -0.998085 0.061856 0.000000 -0.999373 -0.035409 -0.000000 
0.535221 0.844712 0.000000 -0.592996 -0.805205 -0.000000 0.857310 -0.514801 0.000000 0.799661 0.600452 0.000000 -0.995676 0.092895 0.000000 -0.999693 0.024761 0.000000 
0.492308 0.870421 0.000000 -0.536897 -0.843648 -0.000000 0.880070 -0.474844 0.000000 0.794892 0.606750 0.000000 -0.981946 0.189161 0.000000 -0.999923 -0.012431 -0.000000 
0.453402 0.891306 0.000000 -0.484898 -0.874571 -0.000000 0.898301 -0.439380 0.000000 0.788668 0.614820 0.000000 -0.973521 0.228598 0.000000 -0.999076 -0.042977 -0.000000 
0.415026 0.909810 0.000000 -0.433542 -0.901134 -0.000000 0.908810 -0.417211 0.000000 0.785145 0.619312 0.000000 -0.973454 0.228883 0.000000 -0.997237 -0.074282 -0.000000 
0.915531 -0.402248 0.000000 -0.378334 -0.925669 -0.000000 0.374634 0.927173 0.000000 0.781418 0.624008 0.000000 -0.975730 0.218976 0.000000 -0.994210 -0.107459 -0.000000 
0.920320 -0.391167 0.000000 -0.317363 -0.948304 -0.000000 0.330798 0.943702 0.000000 0.776371 0.630276 0.000000 -0.979639 0.200767 0.000000 -0.989889 -0.141842 -0.000000 
0.923065 -0.384645 0.000000 -0.249045 -0.968492 -0.000000 0.282600 0.959238 0.000000 0.770168 0.637841 0.000000 -0.984608 0.174775 0.000000 -0.984254 -0.176759 -0.000000 
0.924210 -0.381884 0.000000 -0.174603 -0.984639 -0.000000 0.230181 0.973148 0.000000 0.761836 0.647770 0.000000 -0.989828 0.142272 0.000000 -0.977856 -0.209279 -0.000000 
0.919507 -0.393073 0.000000 -0.111028 -0.993817 -0.000000 0.183276 0.983061 0.000000 0.751142 0.660141 0.000000 -0.996040 0.088910 0.000000 -0.973385 -0.229176 -0.000000 
0.911777 -0.410685 0.000000 -0.053898 -0.998546 -0.000000 0.141362 0.989958 0.000000 0.739337 0.673336 0.000000 -0.998802 0.048926 0.000000 -0.966947 -0.254978 -0.000000 
0.101384 0.994847 0.000000 0.726910 0.686733 0.000000 -0.999698 0.024559 0.000000 -0.958176 -0.286180 -0.000000 0.902198 -0.431321 0.000000 0.000386 -1.000000 0.000000 
0.061770 0.998090 0.000000 0.713662 0.700490 0.000000 -0.999982 0.006001 0.000000 -0.947705 -0.319147 -0.000000 0.894018 -0.448030 0.000000 0.053124 -0.998588 0.000000 
-0.999942 -0.010793 -0.000000 -0.934957 -0.354762 -0.000000 0.700045 0.714098 0.000000 0.022049 0.999757 0.000000 0.890096 -0.455774 0.000000 0.104027 -0.994575 0.000000 
-0.999684 -0.025153 -0.000000 -0.919867 -0.392232 -0.000000 0.685823 0.727768 0.000000 -0.016604 0.999862 0.000000 0.889289 -0.457345 0.000000 0.152017 -0.988378 0.000000 
-0.999223 -0.039414 -0.000000 -0.903809 -0.427936 -0.000000 0.671911 0.740632 0.000000 -0.052280 0.998632 0.000000 0.888826 -0.458244 0.000000 0.195196 -0.980764 0.000000 
-0.998604 -0.052821 -0.000000 -0.886031 -0.463626 -0.000000 0.658039 0.752984 0.000000 -0.085151 0.996368 0.000000 0.888884 -0.458132 0.000000 0.234010 -0.972234 0.000000 
-0.997884 -0.065013 -0.000000 -0.866519 -0.499144 -0.000000 0.644116 0.764928 0.000000 -0.115673 0.993287 0.000000 0.891452 -0.453115 0.000000 0.269003 -0.963139 0.000000 
-0.997093 -0.076200 -0.000000 0.630067 0.776541 0.000000 -0.144311 0.989532 0.000000 -0.845074 -0.534649 -0.000000 0.897463 -0.441090 0.000000 0.300872 -0.953664 0.000000 
-0.996258 -0.086434 -0.000000 0.615931 0.787800 0.000000 -0.171270 0.985224 0.000000 -0.821637 -0.570010 -0.000000 0.907604 -0.419826 0.000000 0.330028 -0.943971 0.000000 
-0.995430 -0.095493 -0.000000 0.601757 0.798679 0.000000 -0.196466 0.980511 0.000000 -0.796541 -0.604584 -0.000000 0.356658 -0.934235 0.000000 
-0.994759 -0.102245 -0.000000 0.586905 0.809656 0.000000 -0.219925 0.975517 0.000000 -0.771243 -0.636540 -0.000000 0.381394 -0.924413 0.000000 
-0.993661 -0.112419 -0.000000 0.572418 0.819962 0.000000 -0.242579 0.970132 0.000000 -0.748129 -0.663554 -0.000000 0.405395 -0.914141 0.000000 
-0.991534 -0.129845 -0.000000 0.558783 0.829314 0.000000 -0.264953 0.964261 0.000000 -0.731328 -0.682026 -0.000000 0.430811 -0.902442 0.000000 
-0.988293 -0.152569 -0.000000 0.547265 0.836959 0.000000 -0.285468 0.958388 0.000000 -0.723846 -0.689961 -0.000000 0.453210 -0.891404 0.000000 
-0.985033 -0.172366 -0.000000 0.537246 0.843426 0.000000 -0.301530 0.953457 0.000000 -0.715145 -0.698976 -0.000000 0.470300 -0.882506 0.000000 
-0.982430 -0.186631 -0.000000 0.528011 0.849238 0.000000 -0.314628 0.949215 0.000000 -0.706772 -0.707441 -0.000000 0.484822 -0.874613 0.000000 
-0.979944 -0.199271 -0.000000 0.519691 0.854355 0.000000 -0.326765 0.945106 0.000000 -0.698681 -0.715433 -0.000000 0.498488 -0.866897 0.000000 
-0.977565 -0.210636 -0.000000 0.511918 0.859034 0.000000 -0.338805 0.940857 0.000000 -0.690321 -0.723503 -0.000000 0.511991 -0.858991 0.000000 
-0.975301 -0.220878 -0.000000 0.504411 0.863464 0.000000 -0.350724 0.936479 0.000000 -0.681291 -0.732013 -0.000000 0.525152 -0.851008 0.000000 
-0.973209 -0.229921 -0.000000 0.497156 0.867661 0.000000 -0.362435 0.932009 0.000000 -0.670808 -0.741631 -0.000000 0.536272 -0.844045 0.000000 
-0.971346 -0.237671 -0.000000 0.490519 0.871431 0.000000 -0.659277 -0.751900 -0.000000 0.545706 -0.837977 0.000000 -0.374508 0.927224 0.000000 
-0.969746 -0.244117 -0.000000 -0.387922 0.921692 0.000000 -0.648540 -0.761181 -0.000000 0.553979 -0.832530 0.000000 0.485007 0.874510 0.000000 
-0.968313 -0.249739 -0.000000 -0.400507 0.916294 0.000000 -0.638644 -0.769502 -0.000000 0.561360 -0.827572 0.000000 0.480496 0.876997 0.000000 
-0.967174 -0.254114 -0.000000 -0.412162 0.911110 0.000000 -0.630298 -0.776353 -0.000000 0.567764 -0.823191 0.000000 0.476835 0.878993 0.000000 
-0.965972 -0.258648 -0.000000 -0.423159 0.906055 0.000000 -0.623996 -0.781427 -0.000000 0.573501 -0.819205 0.000000 0.474327 0.880349 0.000000 
-0.964924 -0.262528 -0.000000 -0.434034 0.900897 0.000000 -0.617756 -0.786370 -0.000000 0.578836 -0.815444 0.000000 0.472418 0.881375 0.000000 
-0.964072 -0.265642 -0.000000 -0.444839 0.895611 0.000000 -0.611492 -0.791250 -0.000000 0.583742 -0.811939 0.000000 0.471163 0.882046 0.000000 
-0.963427 -0.267971 -0.000000 -0.455715 0.890126 0.000000 -0.604993 -0.796230 -0.000000 0.588266 -0.808667 0.000000 0.470554 0.882371 0.000000 
-0.962928 -0.269760 -0.000000 -0.467084 0.884213 0.000000 -0.597739 -0.801691 -0.000000 0.592697 -0.805425 0.000000 0.470313 0.882499 0.000000 
-0.962463 -0.271412 -0.000000 -0.479730 0.877416 0.000000 -0.587947 -0.808900 -0.000000 0.597594 -0.801799 0.000000 0.469675 0.882839 0.000000 0.390934 0.920419 0.000000 
-0.962248 -0.272174 -0.000000 -0.493035 0.870010 0.000000 -0.575809 -0.817584 -0.000000 0.602500 -0.798119 0.000000 0.469148 0.883120 0.000000 0.444554 0.895752 0.000000 
-0.962062 -0.272830 -0.000000 -0.506932 0.861986 0.000000 -0.562434 -0.826842 -0.000000 0.607422 -0.794380 0.000000 0.490464 0.871462 0.000000 0.468797 0.883306 0.000000 
-0.961903 -0.273391 -0.000000 -0.522035 0.852924 0.000000 -0.545812 -0.837907 -0.000000 0.612733 -0.790290 0.000000 0.531077 0.847324 0.000000 0.468087 0.883682 0.000000 
-0.961789 -0.273793 -0.000000 -0.538596 0.842564 0.000000 -0.524240 -0.851571 -0.000000 0.618571 -0.785729 0.000000 0.566958 0.823746 0.000000 0.466882 0.884320 0.000000 
-0.961761 -0.273890 -0.000000 -0.556635 0.830757 0.000000 -0.495588 -0.868558 -0.000000 0.624930 -0.780681 0.000000 0.598834 0.800873 0.000000 0.464988 0.885317 0.000000 
-0.961827 -0.273659 -0.000000 -0.576234 0.817285 0.000000 -0.457187 -0.889371 -0.000000 0.631863 -0.775080 0.000000 0.626383 0.779516 0.000000 0.462247 0.886751 0.000000 
-0.961935 -0.273280 -0.000000 -0.597605 0.801790 0.000000 -0.403646 -0.914915 -0.000000 0.639524 -0.768771 0.000000 0.650172 0.759787 0.000000 0.458421 0.888735 0.000000 
-0.962305 -0.271971 -0.000000 -0.619210 0.785225 0.000000 -0.330241 -0.943897 -0.000000 0.646733 -0.762717 0.000000 0.670470 0.741936 0.000000 0.455492 0.890240 0.000000 
-0.964062 -0.265676 -0.000000 -0.637079 0.770798 0.000000 -0.240197 -0.970724 -0.000000 0.650331 -0.759651 0.000000 0.687700 0.725995 0.000000 0.456942 0.889497 0.000000 
-0.967063 -0.254537 -0.000000 -0.652219 0.758031 0.000000 -0.135169 -0.990823 -0.000000 0.651218 -0.758891 0.000000 0.701652 0.712520 0.000000 0.461556 0.887111 0.000000 
-0.970958 -0.239249 -0.000000 -0.665362 0.746521 0.000000 0.650467 -0.759534 0.000000 0.711729 0.702454 0.000000 0.467502 0.883992 0.000000 
-0.974447 -0.224618 -0.000000 -0.678095 0.734975 0.000000 0.649616 -0.760262 0.000000 0.716562 0.697523 0.000000 0.475138 0.879911 0.000000 
-0.977567 -0.210626 -0.000000 -0.692400 0.721514 0.000000 0.650311 -0.759668 0.000000 0.717617 0.696438 0.000000 0.482182 0.876071 0.000000 
0.656062 -0.754707 0.000000 -0.979995 -0.199022 -0.000000 -0.709748 0.704455 0.000000 0.716801 0.697278 0.000000 0.487301 0.873234 0.000000 
0.666989 -0.745067 0.000000 0.720870 0.693070 0.000000 -0.982065 -0.188544 -0.000000 0.486325 0.873778 0.000000 -0.722949 0.690901 0.000000 
0.722369 0.691508 0.000000 0.674164 -0.738581 0.000000 0.483730 0.875218 0.000000 -0.731009 0.682367 0.000000 -0.983170 -0.182692 -0.000000 
0.720331 0.693631 0.000000 0.679772 -0.733424 0.000000 0.481714 0.876328 0.000000 -0.737628 0.675207 0.000000 -0.983094 -0.183102 -0.000000 
0.713776 0.700375 0.000000 0.685324 -0.728238 0.000000 0.479765 0.877397 0.000000 -0.743592 0.668633 0.000000 -0.982397 -0.186806 -0.000000 
0.704115 0.710086 0.000000 0.690427 -0.723402 0.000000 0.478295 0.878199 0.000000 -0.748397 0.663251 0.000000 -0.981148 -0.193259 -0.000000 
0.691867 0.722025 0.000000 0.694035 -0.719941 0.000000 0.477758 0.878491 0.000000 -0.751417 0.659827 0.000000 -0.979367 -0.202090 -0.000000 
0.695155 -0.718860 0.000000 -0.751814 0.659375 0.000000 0.677395 0.735620 0.000000 0.479105 0.877758 0.000000 -0.977173 -0.212444 -0.000000 
0.693443 -0.720511 0.000000 -0.749342 0.662183 0.000000 0.660123 0.751158 0.000000 0.481140 0.876644 0.000000 -0.974741 -0.223338 -0.000000 
0.689019 -0.724743 0.000000 -0.743951 0.668234 0.000000 0.639260 0.768990 0.000000 0.483373 0.875414 0.000000 -0.972018 -0.234908 -0.000000 
-0.968849 -0.247653 -0.000000 -0.733675 0.679500 0.000000 0.684561 -0.728955 0.000000 0.618366 0.785890 0.000000 0.482860 0.875697 0.000000 
-0.965448 -0.260597 -0.000000 -0.726318 0.687359 0.000000 0.685150 -0.728402 0.000000 0.601107 0.799168 0.000000 0.479867 0.877341 0.000000 
-0.963279 -0.268502 -0.000000 -0.717759 0.696292 0.000000 0.684323 -0.729179 0.000000 0.590773 0.806838 0.000000 0.476914 0.878950 0.000000 
-0.962167 -0.272461 -0.000000 -0.707406 0.706807 0.000000 0.681395 -0.731916 0.000000 0.585630 0.810578 0.000000 0.475192 0.879882 0.000000 
-0.961575 -0.274542 -0.000000 -0.697056 0.717017 0.000000 0.677632 -0.735402 0.000000 0.584296 0.811541 0.000000 0.474048 0.880499 0.000000 
-0.961135 -0.276078 -0.000000 -0.688298 0.725428 0.000000 0.674383 -0.738382 0.000000 0.585341 0.810787 0.000000 0.473119 0.880999 0.000000 
-0.960851 -0.277067 -0.000000 -0.681505 0.731814 0.000000 0.671900 -0.740642 0.000000 0.586395 0.810025 0.000000 0.472042 0.881576 0.000000 
-0.960726 -0.277500 -0.000000 -0.676818 0.736151 0.000000 0.670193 -0.742187 0.000000 0.588421 0.808555 0.000000 0.470693 0.882297 0.000000 
-0.960782 -0.277306 -0.000000 -0.673775 0.738937 0.000000 0.668944 -0.743313 0.000000 0.592100 0.805864 0.000000 0.469513 0.882925 0.000000 
-0.961064 -0.276327 -0.000000 -0.671782 0.740749 0.000000 0.667783 -0.744356 0.000000 0.596704 0.802461 0.000000 0.468978 0.883210 0.000000 
-0.961549 -0.274634 -0.000000 -0.670675 0.741751 0.000000 0.666656 -0.745366 0.000000 0.601726 0.798703 0.000000 0.469166 0.883110 0.000000 
-0.962185 -0.272395 -0.000000 -0.670411 0.741990 0.000000 0.665607 -0.746303 0.000000 0.606771 0.794877 0.000000 0.470013 0.882659 0.000000 
-0.962957 -0.269656 -0.000000 -0.670826 0.741615 0.000000 0.664599 -0.747200 0.000000 0.611676 0.791109 0.000000 0.471432 0.881903 0.000000 
-0.963807 -0.266602 -0.000000 -0.672013 0.740540 0.000000 0.663790 -0.747919 0.000000 0.615897 0.787827 0.000000 0.473313 0.880894 0.000000 
-0.964615 -0.263664 -0.000000 -0.674249 0.738504 0.000000 0.663477 -0.748197 0.000000 0.618723 0.785609 0.000000 0.475526 0.879702 0.000000 
-0.965288 -0.261187 -0.000000 -0.677602 0.735428 0.000000 0.663837 -0.747877 0.000000 0.619602 0.784916 0.000000 0.477935 0.878395 0.000000 
-0.965791 -0.259320 -0.000000 -0.681868 0.731476 0.000000 0.664797 -0.747024 0.000000 0.618182 0.786035 0.000000 0.480589 0.876946 0.000000 
-0.966097 -0.258179 -0.000000 -0.687157 0.726509 0.000000 0.666479 -0.745524 0.000000 0.614017 0.789292 0.000000 0.483504 0.875342 0.000000 
