-0.004894 0.000091 0.999988 -0.000007 -0.000302 1.000000 -0.000005 -0.000272 1.000000 -0.004883 0.000200 0.999988 
-0.003642 0.000068 0.999993 -0.000001 -0.000041 1.000000 -0.000000 -0.000019 1.000000 -0.003638 0.000149 0.999993 
-0.003207 0.000059 0.999995 -0.000000 -0.000012 1.000000 0.000000 0.000008 1.000000 -0.003205 0.000131 0.999995 
-0.005324 0.000099 0.999986 0.000037 0.001608 0.999999 0.000028 0.001641 0.999999 -0.005355 0.000219 0.999986 
-0.003535 0.000065 0.999994 -0.000002 -0.000067 1.000000 -0.000001 -0.000045 1.000000 -0.003531 0.000144 0.999994 
-0.002361 0.000043 0.999997 -0.000000 -0.000004 1.000000 0.000000 0.000011 1.000000 -0.002359 0.000096 0.999997 
-0.000086 0.000002 1.000000 0.000003 0.000132 1.000000 0.000002 0.000132 1.000000 -0.000089 0.000004 1.000000 
0.006048 -0.000112 0.999982 0.000033 0.001430 0.999999 0.000023 0.001394 0.999999 0.006011 -0.000246 0.999982 
0.010640 -0.000197 0.999943 -0.000023 -0.000996 1.000000 -0.000018 -0.001061 0.999999 0.010654 -0.000435 0.999943 
0.009933 -0.000183 0.999951 0.000034 0.001489 0.999999 0.000024 0.001429 0.999999 0.009891 -0.000403 0.999951 
0.009475 -0.000174 0.999955 0.000027 0.001199 0.999999 0.000019 0.001142 0.999999 0.009440 -0.000384 0.999955 
0.011792 -0.000217 0.999930 0.000024 0.001059 0.999999 0.000016 0.000987 1.000000 0.011759 -0.000478 0.999931 
0.017628 -0.000324 0.999845 0.000021 0.000924 1.000000 0.000014 0.000816 1.000000 0.017593 -0.000716 0.999845 
0.024075 -0.000442 0.999710 0.000018 0.000796 1.000000 0.000011 0.000649 1.000000 0.024038 -0.000978 0.999711 
0.030334 -0.000557 0.999540 0.000015 0.000675 1.000000 0.000008 0.000490 1.000000 0.030294 -0.001233 0.999540 
0.036326 -0.000667 0.999340 0.000013 0.000559 1.000000 0.000006 0.000337 1.000000 0.036284 -0.001477 0.999340 
0.042020 -0.000771 0.999116 0.000010 0.000449 1.000000 0.000003 0.000192 1.000000 0.041976 -0.001708 0.999117 
0.047518 -0.000872 0.998870 0.000008 0.000345 1.000000 0.000001 0.000054 1.000000 0.047471 -0.001932 0.998871 
0.052880 -0.000970 0.998600 0.000006 0.000246 1.000000 -0.000001 -0.000078 1.000000 0.052832 -0.002150 0.998601 
0.058129 -0.001066 0.998308 0.000003 0.000152 1.000000 -0.000003 -0.000203 1.000000 0.058079 -0.002364 0.998309 
0.063280 -0.001160 0.997995 0.000001 0.000063 1.000000 -0.000005 -0.000324 1.000000 0.063228 -0.002573 0.997996 
0.068367 -0.001253 0.997659 -0.000000 -0.000013 1.000000 -0.000007 -0.000432 1.000000 0.068312 -0.002780 0.997660 
0.073418 -0.001345 0.997300 -0.000001 -0.000065 1.000000 -0.000009 -0.000514 1.000000 0.073360 -0.002986 0.997301 
0.078454 -0.001437 0.996917 -0.000004 -0.000176 1.000000 -0.000011 -0.000655 1.000000 0.078394 -0.003191 0.996917 
0.083498 -0.001528 0.996507 -0.000010 -0.000427 1.000000 -0.000016 -0.000937 1.000000 0.083440 -0.003396 0.996507 
0.088567 -0.001625 0.996069 -0.000030 -0.001312 0.999999 -0.000031 -0.001853 0.999998 0.088525 -0.003608 0.996067 
0.093708 -0.001733 0.995598 -0.000065 -0.002800 0.999996 -0.000057 -0.003374 0.999994 0.093694 -0.003833 0.995594 
0.098939 -0.001850 0.995092 -0.000109 -0.004644 0.999989 -0.000092 -0.005250 0.999986 0.098961 -0.004070 0.995083 
0.104269 -0.001977 0.994547 -0.000152 -0.006321 0.999980 -0.000125 -0.006960 0.999976 0.104323 -0.004320 0.994534 
0.109761 -0.002117 0.993956 -0.000191 -0.007770 0.999970 -0.000156 -0.008442 0.999964 0.109842 -0.004586 0.993938 
0.115452 -0.002272 0.993310 -0.000226 -0.008999 0.999959 -0.000185 -0.009706 0.999953 0.115555 -0.004870 0.993289 
0.121379 -0.002443 0.992603 -0.000258 -0.010015 0.999950 -0.000212 -0.010758 0.999942 0.121499 -0.005178 0.992578 
0.127574 -0.002635 0.991826 -0.000286 -0.010821 0.999941 -0.000236 -0.011603 0.999933 0.127704 -0.005512 0.991797 
0.134067 -0.002852 0.990968 -0.000311 -0.011420 0.999935 -0.000259 -0.012242 0.999925 0.134203 -0.005878 0.990936 
0.140895 -0.003097 0.990020 -0.000332 -0.011813 0.999930 -0.000279 -0.012677 0.999920 0.141031 -0.006281 0.989985 
0.148093 -0.003377 0.988968 -0.000348 -0.012002 0.999928 -0.000296 -0.012910 0.999917 0.148225 -0.006726 0.988931 
0.155703 -0.003696 0.987797 -0.000360 -0.011992 0.999928 -0.000311 -0.012946 0.999916 0.155823 -0.007221 0.987759 
0.163762 -0.004061 0.986491 -0.000368 -0.011795 0.999930 -0.000322 -0.012798 0.999918 0.163867 -0.007773 0.986452 
0.172309 -0.004483 0.985033 -0.000370 -0.011410 0.999935 -0.000329 -0.012466 0.999922 0.172392 -0.008394 0.984993 
0.181389 -0.004970 0.983399 -0.000366 -0.010829 0.999941 -0.000332 -0.011940 0.999929 0.181443 -0.009093 0.983359 
0.191052 -0.005533 0.981564 -0.000355 -0.010032 0.999950 -0.000329 -0.011203 0.999937 0.191072 -0.009882 0.981526 
0.201353 -0.006184 0.979499 -0.000333 -0.008999 0.999959 -0.000317 -0.010232 0.999948 0.201330 -0.010776 0.979464 
0.212329 -0.006954 0.977174 -0.000300 -0.007718 0.999970 -0.000297 -0.009019 0.999959 0.212255 -0.011805 0.977143 
0.224055 -0.007852 0.974545 -0.000254 -0.006196 0.999981 -0.000265 -0.007568 0.999971 0.223920 -0.012983 0.974521 
0.224948 -0.010256 0.974317 -0.000004 -0.000080 1.000000 -0.000064 -0.001456 0.999999 0.224622 -0.015400 0.974324 
0.231779 -0.010581 0.972711 -0.000002 -0.000044 1.000000 -0.000065 -0.001462 0.999999 0.231441 -0.015889 0.972719 
0.241511 -0.011153 0.970334 0.000000 0.000000 1.000000 -0.000066 -0.001477 0.999999 0.241155 -0.016698 0.970343 
0.255663 -0.011803 0.966694 -0.000000 -0.000000 1.000000 -0.000070 -0.001564 0.999999 0.255284 -0.017694 0.966704 
0.272911 -0.012593 0.961957 -0.000000 -0.000001 1.000000 -0.000075 -0.001670 0.999999 0.272504 -0.018913 0.961969 
0.292195 -0.013476 0.956264 -0.000000 -0.000002 1.000000 -0.000080 -0.001789 0.999998 0.291757 -0.020283 0.956277 
0.312371 -0.014523 0.949849 -0.000001 -0.000012 1.000000 -0.000087 -0.001923 0.999998 0.311897 -0.021849 0.949865 
0.331504 -0.015402 0.943328 -0.000001 -0.000018 1.000000 -0.000093 -0.002045 0.999998 0.330997 -0.023231 0.943346 
0.350941 -0.016263 0.936256 -0.000001 -0.000021 1.000000 -0.000098 -0.002167 0.999998 0.350401 -0.024613 0.936276 
0.372358 -0.017192 0.927930 -0.000001 -0.000012 1.000000 -0.000103 -0.002289 0.999997 0.371781 -0.026131 0.927952 
0.397610 -0.018018 0.917378 -0.000000 -0.000006 1.000000 -0.000108 -0.002438 0.999997 0.396994 -0.027674 0.917404 
0.432315 -0.016023 0.901580 -0.000020 -0.000476 1.000000 -0.000114 -0.003120 0.999995 0.431732 -0.026707 0.901606 
0.461325 -0.019867 0.887009 -0.000011 -0.000231 1.000000 -0.000130 -0.003052 0.999995 0.460615 -0.031454 0.887042 
0.493078 -0.021815 0.869712 -0.000012 -0.000239 1.000000 -0.000143 -0.003254 0.999995 0.492287 -0.034445 0.869751 
0.525412 -0.024193 0.850504 -0.000014 -0.000270 1.000000 -0.000161 -0.003483 0.999994 0.524524 -0.037955 0.850549 
0.559195 -0.023741 0.828696 -0.000013 -0.000275 1.000000 -0.000158 -0.003695 0.999993 0.558275 -0.038774 0.828749 
-0.000836 -0.015318 0.999882 -0.048310 -0.057261 0.997190 0.087344 -0.072157 0.993561 0.120617 0.017429 0.992546 0.594917 -0.043572 0.802605 0.001693 0.000189 0.999999 
-0.003388 -0.047070 0.998886 -0.023270 -0.028325 0.999328 0.119871 -0.096981 0.988041 0.163166 0.020048 0.986395 0.619407 -0.040425 0.784029 0.011980 0.000821 0.999928 
-0.005544 -0.065258 0.997853 -0.000655 -0.000815 0.999999 0.152707 -0.122080 0.980702 0.222974 0.021004 0.974598 0.646447 -0.039231 0.761949 0.054361 0.000913 0.998521 
-0.008319 -0.080380 0.996730 0.003643 0.004414 0.999984 0.184926 -0.152497 0.970849 0.276728 0.018533 0.960770 0.676776 -0.041451 0.735021 0.114428 -0.002946 0.993427 
-0.010143 -0.085946 0.996248 0.021354 0.025659 0.999443 0.215492 -0.182267 0.959344 0.341647 0.017350 0.939668 0.711685 -0.045276 0.701038 0.182479 -0.009823 0.983161 
-0.011920 -0.097257 0.995188 0.439414 -0.031635 0.897727 0.044072 0.055225 0.997501 0.249699 -0.208640 0.945579 0.414476 0.017649 0.909889 
-0.013282 -0.108583 0.993999 0.489286 -0.038422 0.871277 0.067100 0.089871 0.993691 0.286516 -0.233771 0.929117 0.481415 0.021359 0.876232 
-0.014151 -0.114529 0.993319 0.533940 -0.036842 0.844719 0.081468 0.113119 0.990236 0.318762 -0.260883 0.911225 0.529565 0.031145 0.847697 
-0.014787 -0.116863 0.993038 0.576717 -0.032807 0.816285 0.093636 0.133314 0.986641 0.351782 -0.293623 0.888839 0.569152 0.043401 0.821086 
-0.015293 -0.117797 0.992920 0.619101 -0.026539 0.784863 0.107019 0.157082 0.981770 0.385446 -0.331667 0.861062 0.607228 0.059242 0.792316 
-0.016053 -0.119917 0.992654 0.663465 -0.018944 0.747968 0.119224 0.181063 0.976218 0.416538 -0.373118 0.829023 0.646761 0.077815 0.758713 
-0.017375 -0.124094 0.992118 0.711392 -0.010857 0.702712 0.129430 0.204807 0.970207 0.443919 -0.417088 0.793078 0.908457 0.143348 0.392628 0.513298 0.071805 0.855201 
-0.018964 -0.128306 0.991553 0.762192 0.001160 0.647350 0.138300 0.229636 0.963400 0.465292 -0.464949 0.753211 0.919037 0.220105 0.326994 0.573193 0.090569 0.814400 
-0.020775 -0.132791 0.990926 0.812109 0.020537 0.583144 0.144892 0.255435 0.955908 0.479112 -0.517219 0.709180 0.900794 0.349424 0.257822 0.635937 0.116161 0.762949 
0.858067 0.053802 0.510711 -0.022623 -0.136280 0.990412 0.481049 -0.575580 0.661286 0.148864 0.280136 0.948348 0.693810 0.152211 0.703889 0.799829 0.568823 0.191607 
0.893051 0.094485 0.439923 0.723603 0.197069 0.661485 0.455737 -0.656654 0.600923 0.151827 0.312692 0.937642 -0.020991 -0.117741 0.992822 
0.898587 0.150236 0.412274 0.713260 0.233554 0.660842 0.431315 -0.707157 0.560264 0.147947 0.324182 0.934354 -0.021979 -0.121490 0.992349 
0.899681 0.216644 0.378998 0.714096 0.301964 0.631573 0.437437 -0.738353 0.513306 0.129334 0.315436 0.940092 -0.026642 -0.118224 0.992629 
0.838035 0.424084 0.343292 0.631729 0.452380 0.629500 0.363535 -0.754838 0.545951 0.157504 0.359256 0.919852 -0.014747 -0.061242 0.998014 
0.311841 -0.754290 0.577755 0.540058 0.591177 0.599039 -0.002877 -0.012766 0.999914 0.180233 0.399326 0.898919 -0.963873 0.189813 0.186871 0.658972 0.689070 0.301561 
0.258017 -0.763401 0.592154 -0.953526 0.003212 0.301293 0.309424 0.790389 0.528718 0.403853 0.707073 0.580475 0.007691 0.039596 0.999186 
-0.915231 -0.092987 0.392052 0.205442 -0.763541 0.612208 0.188217 0.841256 0.506816 0.204514 0.471802 0.857658 0.069856 0.622983 0.779110 
-0.872491 -0.109270 0.476256 0.018977 0.120276 0.992559 0.204126 0.498557 0.842480 -0.015192 0.620865 0.783771 0.165625 -0.769725 0.616516 -0.148845 0.967077 0.206416 
-0.298897 0.822235 0.484346 -0.834035 -0.095527 0.543378 0.021140 0.138145 0.990186 0.196512 0.513258 0.835433 -0.079307 0.593896 0.800624 
-0.784894 -0.089878 0.613077 -0.233350 0.791752 0.564514 -0.381938 0.742340 0.550504 0.020703 0.155254 0.987658 0.194246 0.530123 0.825372 0.098742 -0.798321 0.594082 
-0.740377 -0.071951 0.668330 -0.310476 0.739530 0.597243 -0.416951 0.704746 0.574008 0.010156 0.125014 0.992103 0.196116 0.536718 0.820654 0.061882 -0.803290 0.592365 
-0.511039 0.667497 0.541560 0.002135 0.059432 0.998230 0.182976 0.525214 0.831066 0.056683 -0.817537 0.573080 -0.686158 -0.036910 0.726515 -0.432191 0.716182 0.547991 
-0.694081 0.529758 0.487450 0.002298 0.037969 0.999276 0.163504 0.513024 0.842658 0.069554 -0.830240 0.553050 -0.638918 -0.001603 0.769273 -0.673030 0.602972 0.428317 
-0.853173 0.237163 0.464595 0.023129 0.158698 0.987056 0.142347 0.501653 0.853277 0.089652 -0.840571 0.534231 -0.629538 -0.012009 0.776877 -0.932855 0.164025 0.320745 
-0.879306 -0.003862 0.476241 -0.876646 -0.182096 0.445347 0.059041 0.320867 0.945282 0.072031 -0.819873 0.567996 0.148337 0.538272 0.829614 
-0.853943 -0.156751 0.496196 -0.812096 -0.334719 0.477978 0.086426 0.484062 0.870755 0.028352 -0.779925 0.625231 0.169744 0.596924 0.784136 
-0.811419 -0.258396 0.524242 -0.744034 -0.419147 0.520317 0.095531 0.610756 0.786035 -0.009506 -0.740448 0.672047 0.186398 0.645805 0.740400 
-0.752012 -0.347554 0.560076 -0.662668 -0.497603 0.559698 0.115871 0.722468 0.681626 -0.011881 -0.723407 0.690319 0.190651 0.664044 0.722978 
-0.697024 -0.424987 0.577533 -0.589876 -0.557103 0.584536 0.131676 0.783114 0.607778 0.003237 -0.702718 0.711461 0.195786 0.682437 0.704235 
-0.628614 -0.521979 0.576527 0.219388 0.781783 0.583682 -0.494501 -0.636561 0.591826 0.005963 -0.684668 0.728831 0.203613 0.697407 0.687142 
-0.517502 -0.642345 0.565318 -0.016104 -0.666092 0.745696 0.212450 0.715259 0.665785 0.322049 0.749128 0.578871 -0.348469 -0.718523 0.601909 
0.443831 0.654712 0.611855 -0.128669 -0.550515 0.824850 -0.129304 -0.568642 0.812358 -0.050911 -0.646555 0.761167 -0.114028 -0.881261 0.458669 0.224438 0.735813 0.638911 -0.239547 -0.789088 0.565647 
0.496455 0.547565 0.673577 0.033324 -0.533732 0.844997 0.154458 -0.628044 0.762695 0.025778 -0.517493 0.855299 0.229826 0.758242 0.610122 -0.106491 -0.709830 0.696276 
0.361945 0.585609 0.725298 0.196205 -0.386842 0.901031 0.135456 -0.210130 0.968244 0.095233 -0.594194 0.798664 0.223879 0.784014 0.578965 -0.109768 -0.568430 0.815376 
0.423020 -0.290556 0.858272 0.180858 0.632928 0.752789 0.266504 0.803081 0.532951 -0.111084 -0.520405 0.846664 0.118811 -0.072419 0.990272 0.131129 -0.683728 0.717859 
0.739716 -0.000146 0.672919 -0.095988 -0.452191 0.886741 0.095195 -0.773773 0.626270 -0.054702 0.604657 0.794605 0.445124 0.444647 0.777273 0.377432 0.797503 0.470674 
0.656312 0.419871 0.626867 -0.241049 0.488359 0.838690 0.009594 -0.814194 0.580513 -0.084783 -0.369989 0.925159 0.201848 0.769356 0.606093 
0.067403 0.566347 0.821406 -0.341563 0.312615 0.886345 -0.017573 -0.786847 0.616898 0.768702 0.519052 0.373742 0.249954 0.415276 0.874682 
0.020724 0.532970 0.845880 -0.353847 0.170748 0.919586 0.016094 -0.733430 0.679574 0.883243 0.333177 0.329962 0.139923 0.380383 0.914183 
-0.042804 0.507058 0.860848 -0.264682 0.033736 0.963746 0.067753 -0.644244 0.761813 0.080207 0.524645 0.847534 0.914541 0.274332 0.297250 -0.068999 -0.189050 0.979540 
-0.107071 0.498971 0.859979 -0.115405 -0.018681 0.993143 0.943118 0.183668 0.277119 -0.055349 -0.154460 0.986448 0.124305 -0.527816 0.840213 -0.011751 0.511442 0.859237 
0.078133 0.041062 0.996097 -0.038396 -0.108584 0.993346 0.966846 0.041668 0.251937 -0.178086 0.481922 0.857926 0.184619 -0.396361 0.899341 -0.099725 0.493297 0.864125 
0.196388 0.159981 0.967387 -0.039152 -0.109880 0.993173 0.965921 0.038628 0.255938 -0.229563 0.468519 0.853107 0.230054 -0.375420 0.897850 -0.179941 0.500328 0.846932 
0.252368 0.243110 0.936594 -0.018587 -0.055782 0.998270 0.956561 -0.156343 0.246066 -0.278181 0.466178 0.839818 0.246136 -0.386187 0.888975 -0.243003 0.505510 0.827894 
0.286454 0.283511 0.915186 -0.001982 -0.006717 0.999975 0.919326 -0.320922 0.227702 0.234742 -0.380387 0.894540 -0.285345 0.509845 0.811564 0.248034 -0.382533 0.890027 -0.380267 0.552492 0.741721 
0.304926 0.294668 0.905644 0.231703 -0.366807 0.900981 0.004963 0.018456 0.999817 0.883316 -0.424332 0.199239 -0.405088 0.540314 0.737539 0.218795 -0.363733 0.905443 -0.302036 0.510555 0.805052 
0.306858 0.291795 0.905922 0.225587 -0.357665 0.906193 0.009616 0.037389 0.999255 0.833747 -0.519985 0.185691 -0.412373 0.534616 0.737655 0.212921 -0.354448 0.910511 -0.301327 0.508541 0.806590 
0.302772 0.295734 0.906019 0.231147 -0.356863 0.905108 0.014542 0.059451 0.998125 0.769125 -0.611128 0.187000 -0.420354 0.526100 0.739271 0.218396 -0.353835 0.909453 -0.302728 0.499978 0.811405 
0.307098 0.318810 0.896689 0.239423 -0.358571 0.902277 0.016003 0.072527 0.997238 -0.250322 0.380382 0.890308 0.727746 -0.660834 0.183532 -0.439906 0.505908 0.741983 
-0.317550 0.328275 0.889605 0.313719 0.352872 0.881511 0.247991 -0.358767 0.899882 0.016969 0.088668 0.995917 -0.267731 0.367078 0.890828 
-0.326590 0.308302 0.893470 0.318484 0.387635 0.865047 0.255460 -0.359109 0.897653 0.017328 0.107319 0.994074 -0.405929 0.498504 0.765973 0.529822 -0.829500 0.176688 
-0.333212 0.287481 0.897956 -0.430991 0.471422 0.769421 0.323127 0.421606 0.847253 0.259652 -0.358309 0.896770 0.017008 0.130889 0.991251 0.376818 -0.908797 0.179156 
-0.338177 0.265390 0.902887 -0.455398 0.440987 0.773397 0.327614 0.459048 0.825799 0.261577 -0.356189 0.897055 0.015412 0.159064 0.987148 0.197672 -0.961324 0.191789 
-0.341800 0.241938 0.908096 -0.478898 0.406264 0.778207 0.330117 0.501366 0.799785 0.262265 -0.353157 0.898052 0.011831 0.190903 0.981538 0.034574 -0.975823 0.215809 
-0.343331 0.217539 0.913674 -0.499563 0.367905 0.784272 0.328473 0.547014 0.769987 0.262266 -0.349276 0.899568 -0.090124 -0.965976 0.242422 0.006094 0.246040 0.969241 
-0.341660 0.193242 0.919742 -0.515236 0.327896 0.791843 0.320643 0.594276 0.737580 0.262065 -0.343326 0.901914 -0.181736 -0.943401 0.277428 -0.003436 0.276344 0.961053 
-0.343916 0.174948 0.922559 -0.530077 0.293897 0.795388 0.311356 0.636558 0.705586 0.258943 -0.332162 0.906982 -0.217167 -0.924839 0.312267 -0.013146 0.305608 0.952067 
-0.351444 0.160318 0.922380 -0.547225 0.263274 0.794501 0.308378 0.671739 0.673550 0.250043 -0.316997 0.914873 -0.214117 -0.910655 0.353358 -0.025483 0.342107 0.939315 
0.309729 0.704955 0.638049 -0.565338 0.231062 0.791836 -0.361022 0.145875 0.921077 0.236727 -0.296442 0.925247 -0.200807 -0.894772 0.398823 -0.041342 0.382499 0.923031 
0.313556 0.737719 0.597874 -0.583358 0.195229 0.788403 -0.372186 0.130463 0.918943 0.220233 -0.271282 0.936965 -0.179584 -0.876276 0.447090 -0.060948 0.425344 0.902977 
0.320983 0.770289 0.551022 -0.600662 0.154459 0.784441 -0.385194 0.113481 0.915832 0.199921 -0.241397 0.949610 -0.151482 -0.853386 0.498784 -0.084665 0.471440 0.877825 
0.331170 0.801476 0.497958 -0.616412 0.109307 0.779800 -0.400023 0.094618 0.911608 0.176834 -0.207973 0.962017 -0.119003 -0.827934 0.548054 -0.110382 0.515759 0.849593 
0.349356 0.817241 0.458331 -0.633632 0.070789 0.770389 -0.421536 0.078589 0.903400 0.155963 -0.177463 0.971691 -0.072221 -0.809081 0.583242 -0.129901 0.551731 0.823844 
0.371447 0.824664 0.426563 -0.643898 0.034755 0.764321 -0.436827 0.062377 0.897380 0.136976 -0.150402 0.979090 -0.038455 -0.785041 0.618249 -0.153873 0.583528 0.797382 
-0.444746 0.045324 0.894509 0.118794 -0.125744 0.984925 -0.018659 -0.759531 0.650203 -0.181614 0.608074 0.772827 0.395784 0.827865 0.397485 -0.647312 -0.000250 0.762225 
-0.447464 0.027693 0.893873 0.102472 -0.104399 0.989242 -0.004410 -0.734848 0.678218 -0.210941 0.626389 0.750427 0.416563 0.831227 0.368154 -0.644982 -0.034313 0.763427 
0.007675 -0.711021 0.703129 -0.242519 0.639146 0.729847 0.089334 -0.087576 0.992144 -0.445159 0.009818 0.895398 0.428959 0.837728 0.337943 -0.636824 -0.066608 0.768127 
0.017318 -0.688295 0.725224 -0.275655 0.646469 0.711402 0.078509 -0.073984 0.994164 -0.438612 -0.007284 0.898647 0.435183 0.846195 0.307523 -0.624160 -0.095999 0.775376 
0.026314 -0.667125 0.744481 -0.307790 0.650058 0.694759 0.069114 -0.062701 0.995636 -0.430916 -0.022559 0.902110 0.440025 0.853487 0.279173 -0.610171 -0.121439 0.782907 
0.034231 -0.647152 0.761592 -0.339967 0.649709 0.679927 0.061131 -0.053423 0.996699 -0.421863 -0.036053 0.905943 0.443186 0.859884 0.253350 -0.595163 -0.143252 0.790733 
0.040968 -0.628819 0.776471 -0.371710 0.645291 0.667406 0.054987 -0.046303 0.997413 -0.411098 -0.047874 0.910333 0.441055 0.867724 0.229186 -0.578981 -0.161708 0.799144 
0.046763 -0.611911 0.789543 0.050639 -0.041087 0.997872 -0.398682 -0.058143 0.915244 -0.403037 0.637046 0.657065 0.431614 0.878182 0.206169 -0.561722 -0.177218 0.808122 
0.051730 -0.596247 0.801133 0.047989 -0.037519 0.998143 -0.384742 -0.066883 0.920598 -0.433758 0.625237 0.648793 0.412657 0.892106 0.184016 -0.543544 -0.190032 0.817586 
0.055803 -0.581701 0.811486 0.046749 -0.035222 0.998285 -0.369610 -0.074059 0.926231 -0.463311 0.610414 0.642447 -0.524769 -0.200338 0.827334 
0.058452 -0.568689 0.820473 0.045837 -0.033227 0.998396 -0.353929 -0.079791 0.931862 -0.490071 0.593779 0.638167 -0.505955 -0.208747 0.836920 
0.062910 -0.556055 0.828761 0.042621 -0.029754 0.998648 -0.342411 -0.085619 0.935641 -0.513813 0.579303 0.632775 -0.490610 -0.217572 0.843780 
0.070774 -0.540455 0.838391 0.030758 -0.020725 0.999312 -0.341305 -0.093781 0.935263 -0.534951 0.573621 0.620312 -0.482848 -0.230504 0.844823 
0.081944 -0.530809 0.843521 0.019115 -0.012499 0.999739 -0.346189 -0.103117 0.932481 -0.547214 0.574089 0.609080 -0.480960 -0.244531 0.841951 
0.091175 -0.521047 0.848644 0.010894 -0.006939 0.999917 -0.350282 -0.110777 0.930070 -0.559764 0.572714 0.598884 -0.479272 -0.255411 0.839680 
0.097252 -0.511935 0.853501 0.002430 -0.001511 0.999996 -0.353385 -0.117133 0.928116 -0.571078 0.570538 0.590217 -0.477600 -0.264747 0.837739 
0.102220 -0.502680 0.858408 -0.006487 0.003946 0.999971 -0.356224 -0.123163 0.926248 -0.582018 0.568389 0.581540 -0.475823 -0.273610 0.835901 
0.106295 -0.493317 0.863330 -0.015344 0.009144 0.999840 -0.357889 -0.128877 0.924828 -0.592949 0.565754 0.573004 -0.472932 -0.281886 0.834791 
0.109559 -0.483766 0.868313 -0.023461 0.013705 0.999631 -0.358118 -0.134120 0.923993 -0.604168 0.562304 0.564619 -0.468652 -0.289203 0.834702 
0.111926 -0.473758 0.873514 -0.031097 0.017818 0.999358 -0.356974 -0.138818 0.923742 -0.616249 0.557399 0.556366 -0.285899 -0.181648 0.940886 
0.113397 -0.463445 0.878840 -0.038536 0.021692 0.999022 -0.628822 0.551361 0.548256 -0.281824 -0.183529 0.941750 -0.556709 -0.224856 0.799697 
0.114062 -0.453108 0.884128 -0.553089 -0.232784 0.799940 -0.640693 0.545882 0.539931 -0.278016 -0.184996 0.942594 -0.046247 0.025649 0.998601 
0.114084 -0.442337 0.889563 -0.549992 -0.240398 0.799823 -0.652127 0.541229 0.530850 -0.274783 -0.186391 0.943267 -0.054729 0.029985 0.998051 
0.113363 -0.431467 0.894978 -0.547509 -0.247679 0.799305 -0.662573 0.537924 0.521186 -0.272215 -0.187750 0.943742 -0.064120 0.034784 0.997336 
0.112547 -0.420327 0.900366 -0.546280 -0.255132 0.797801 -0.672000 0.536615 0.510353 -0.271065 -0.189765 0.943670 -0.074560 0.040173 0.996407 
0.111139 -0.408493 0.905970 -0.545067 -0.262602 0.796205 -0.681607 0.535456 0.498697 -0.270023 -0.191674 0.943583 -0.085740 0.045957 0.995257 
0.109067 -0.395828 0.911825 -0.543789 -0.270093 0.794571 -0.691482 0.534389 0.486088 -0.269033 -0.193421 0.943509 -0.097724 0.052201 0.993844 
0.106285 -0.382124 0.917979 -0.542377 -0.277679 0.792920 -0.701812 0.533253 0.472336 -0.268050 -0.194993 0.943466 -0.110655 0.059011 0.992105 
0.102843 -0.367105 0.924477 -0.540659 -0.285602 0.791277 -0.712988 0.531602 0.457217 -0.266966 -0.196455 0.943469 -0.124720 0.066467 0.989963 
0.098694 -0.349983 0.931542 -0.538161 -0.294241 0.789813 -0.726277 0.527893 0.440284 -0.265322 -0.197749 0.943663 -0.140155 0.074563 0.987318 0.904852 -0.384322 0.183141 
0.093778 -0.331543 0.938768 -0.534704 -0.303017 0.788843 -0.741066 0.521919 0.422401 -0.263039 -0.198568 0.944130 -0.156595 0.083190 0.984153 0.877467 -0.435479 0.201022 
0.088412 -0.311763 0.946038 -0.530972 -0.312264 0.787756 -0.756759 0.514762 0.402909 -0.260944 -0.199530 0.944508 0.851098 -0.479003 0.214914 -0.193535 0.102715 0.975702 
0.082416 -0.289975 0.953479 -0.526435 -0.322207 0.786797 -0.774535 0.504532 0.381502 -0.258577 -0.200482 0.944958 0.823164 -0.515935 0.237090 -0.212728 0.112682 0.970592 
0.075675 -0.265835 0.961044 -0.520745 -0.332879 0.786140 -0.795118 0.489487 0.358037 -0.255711 -0.201311 0.945561 0.795024 -0.547190 0.261762 -0.233723 0.123396 0.964441 
0.068092 -0.239103 0.968604 -0.513663 -0.344172 0.785936 -0.819144 0.467393 0.332486 -0.252213 -0.201894 0.946376 0.766693 -0.573277 0.289023 -0.256632 0.134789 0.957064 
0.059617 -0.209536 0.975982 -0.505138 -0.356152 0.786124 -0.847083 0.435449 0.304687 -0.248195 -0.202334 0.947344 0.738757 -0.593631 0.319126 -0.281758 0.146875 0.948177 
0.050202 -0.176710 0.982982 -0.494829 -0.368815 0.786841 -0.879749 0.388131 0.274584 -0.243562 -0.202613 0.948486 0.711082 -0.608493 0.352276 -0.309366 0.159575 0.937459 
0.039927 -0.141272 0.989165 -0.483417 -0.381211 0.788027 -0.915621 0.320348 0.242931 -0.239003 -0.202658 0.949635 0.683859 -0.617987 0.387851 -0.338806 0.173350 0.924749 
0.029156 -0.105801 0.993960 -0.473719 -0.391538 0.788852 -0.948760 0.234762 0.211522 -0.236381 -0.202363 0.950354 0.657394 -0.622717 0.424331 -0.368486 0.189294 0.910157 
0.018935 -0.071940 0.997229 -0.466166 -0.401095 0.788551 -0.974600 0.132955 0.180217 -0.236429 -0.202884 0.950231 0.632011 -0.622371 0.461754 -0.398712 0.207446 0.893305 
0.010175 -0.041296 0.999095 -0.460720 -0.410633 0.786840 -0.239042 -0.204717 0.949184 0.608906 -0.616946 0.498609 -0.428576 0.226654 0.874615 
0.002481 -0.010762 0.999939 -0.457240 -0.421854 0.782924 -0.244506 -0.208921 0.946873 0.590047 -0.606153 0.533313 -0.456917 0.246728 0.854607 
-0.004056 0.018823 0.999815 -0.453502 -0.435202 0.777776 -0.251330 -0.215150 0.943686 0.573462 -0.590902 0.567429 -0.485239 0.267072 0.832596 
-0.355097 -0.308683 0.882395 -0.009889 0.048694 0.998765 -0.447427 -0.450789 0.772398 0.557052 -0.572649 0.601471 -0.514012 0.286840 0.808403 
-0.359887 -0.322173 0.875606 0.537821 -0.559394 0.630735 -0.014672 0.076420 0.996968 -0.539241 0.300130 0.786855 -0.369356 -0.386489 0.845105 
0.525614 -0.549072 0.649808 -0.357355 -0.326187 0.875157 -0.556391 0.307516 0.771921 -0.364553 -0.390540 0.845328 -0.018107 0.097446 0.995076 
0.520085 -0.540105 0.661663 -0.351938 -0.326193 0.877347 -0.567640 0.312029 0.761855 -0.356838 -0.389827 0.848941 -0.020082 0.107820 0.993968 
0.521538 -0.531517 0.667449 -0.350252 -0.329612 0.876744 -0.574180 0.313965 0.756137 -0.353376 -0.392992 0.848931 -0.021025 0.110570 0.993646 
0.528874 -0.524427 0.667285 -0.352251 -0.336195 0.873437 -0.575725 0.313558 0.755130 -0.354354 -0.399845 0.845315 -0.021050 0.106867 0.994051 
0.541379 -0.518767 0.661657 -0.355790 -0.342987 0.869352 -0.572452 0.311322 0.758536 -0.357530 -0.407159 0.840473 -0.021221 0.102841 0.994471 
-0.360567 -0.348677 0.865110 -0.362668 -0.413512 0.835153 0.558605 -0.514391 0.650663 -0.564107 0.307905 0.766144 -0.018865 0.086772 0.996050 
-0.367061 -0.353271 0.860504 -0.370238 -0.418971 0.829088 0.580863 -0.510466 0.634053 -0.550786 0.302295 0.777979 -0.013248 0.057821 0.998239 
-0.375222 -0.356727 0.855543 -0.380314 -0.423406 0.822246 0.608344 -0.505715 0.611695 -0.532508 0.294032 0.793713 -0.006873 0.028440 0.999572 
-0.000157 0.000614 1.000000 -0.465211 -0.502302 0.728884 -0.291890 -0.274113 0.916331 0.636893 -0.501131 0.585862 -0.511669 0.282135 0.811538 
0.003995 -0.014800 0.999882 -0.472621 -0.499409 0.726099 -0.292800 -0.275413 0.915651 0.658964 -0.495650 0.565772 -0.496013 0.271298 0.824845 
0.008895 -0.031911 0.999451 -0.477491 -0.492212 0.727825 -0.290643 -0.272764 0.917129 0.674690 -0.494013 0.548402 -0.482159 0.261617 0.836110 
0.013803 -0.048742 0.998716 -0.482814 -0.483223 0.730333 -0.288794 -0.268860 0.918865 0.686727 -0.496150 0.531264 -0.467846 0.252666 0.846924 
0.017980 -0.062974 0.997853 -0.487967 -0.474383 0.732700 -0.287565 -0.264975 0.920378 0.695555 -0.500789 0.515183 -0.454088 0.244475 0.856759 
0.021414 -0.074552 0.996987 -0.491461 -0.466306 0.735544 -0.285950 -0.261166 0.921968 0.701446 -0.506403 0.501527 -0.442268 0.237509 0.864863 
0.024008 -0.083257 0.996239 -0.493804 -0.459857 0.738030 -0.284310 -0.257922 0.923387 0.705777 -0.510927 0.490747 -0.432988 0.231845 0.871073 
0.025590 -0.088594 0.995739 -0.494741 -0.454865 0.740492 -0.282321 -0.254935 0.924826 0.707942 -0.515200 0.483101 -0.426451 0.227506 0.875432 
0.026332 -0.091233 0.995481 -0.494579 -0.450966 0.742982 -0.280170 -0.252139 0.926246 0.707735 -0.520001 0.478237 -0.422211 0.224519 0.878253 
0.026406 -0.091842 0.995423 -0.493992 -0.447998 0.745164 -0.278300 -0.249671 0.927477 0.705848 -0.524863 0.475707 -0.419820 0.222921 0.879805 
0.025918 -0.090746 0.995537 -0.493224 -0.445962 0.746892 -0.276883 -0.247645 0.928444 0.702710 -0.529407 0.475318 -0.419127 0.222668 0.880200 
0.024970 -0.088203 0.995789 -0.492379 -0.444880 0.748094 -0.275993 -0.246150 0.929106 0.698672 -0.533332 0.476880 -0.420004 0.223651 0.879532 
0.023699 -0.084630 0.996131 -0.491620 -0.444693 0.748704 -0.275729 -0.245248 0.929423 0.693974 -0.536572 0.480095 -0.422215 0.225700 0.877949 
0.022234 -0.080379 0.996516 -0.490962 -0.445530 0.748639 -0.276150 -0.245088 0.929340 0.689013 -0.538647 0.484893 -0.425753 0.228761 0.875444 
0.020645 -0.075530 0.996930 -0.490302 -0.447642 0.747811 -0.277268 -0.245872 0.928800 0.684281 -0.538919 0.491250 -0.430672 0.232801 0.871966 
0.019019 -0.070288 0.997345 -0.489626 -0.451127 0.746158 -0.279078 -0.247718 0.927767 0.680258 -0.536986 0.498893 -0.436794 0.237660 0.867599 
0.017409 -0.064836 0.997744 -0.489242 -0.456062 0.743404 -0.281836 -0.250814 0.926100 0.677351 -0.532707 0.507365 -0.443725 0.243173 0.862540 
0.015848 -0.059303 0.998114 -0.489146 -0.462651 0.739385 -0.285620 -0.255336 0.923702 0.675786 -0.525717 0.516658 -0.451463 0.249370 0.856736 
