0.533351 0.402792 0.004907 0.467217 0.195863 0.004193 0.402404 0.442068 0.004654 0.335952 0.238447 0.003948 
0.533402 0.402843 0.005062 0.467281 0.195911 0.004152 0.402453 0.442111 0.004732 0.336014 0.238487 0.003831 
0.533386 0.402812 0.004870 0.467250 0.195884 0.004267 0.402439 0.442089 0.004624 0.335985 0.238469 0.004028 
0.533388 0.402813 0.004876 0.467251 0.195885 0.004332 0.402441 0.442090 0.004655 0.335986 0.238470 0.004116 
0.533191 0.402882 0.004767 0.467055 0.195953 0.004271 0.402244 0.442158 0.004839 0.335790 0.238537 0.004351 
0.533423 0.402787 0.004726 0.467276 0.195862 0.004421 0.402478 0.442071 0.004461 0.336013 0.238454 0.004158 
0.533371 0.402824 0.004762 0.467275 0.195883 0.004478 0.402417 0.442076 0.004521 0.336001 0.238442 0.004239 
0.533372 0.402825 0.004784 0.467276 0.195883 0.004524 0.402418 0.442076 0.004564 0.336002 0.238442 0.004306 
0.533499 0.402861 0.005055 0.467484 0.195893 0.004501 0.402530 0.442061 0.004417 0.336196 0.238402 0.003865 
0.533526 0.402885 0.005157 0.467536 0.195910 0.004519 0.402553 0.442070 0.004456 0.336243 0.238403 0.003820 
0.534268 0.401336 0.005151 0.464194 0.195707 0.005176 0.404100 0.443103 0.003912 0.333771 0.240787 0.003925 
0.534828 0.400696 0.005251 0.463737 0.195416 0.005579 0.404870 0.443103 0.003658 0.333541 0.241138 0.003965 
0.536934 0.398724 0.006902 0.462951 0.194474 0.005527 0.407607 0.442976 0.004469 0.333432 0.242044 0.003090 
0.539501 0.395967 0.009437 0.462405 0.192904 0.005557 0.410874 0.442222 0.007116 0.333637 0.242479 0.003269 
0.542018 0.392854 0.013635 0.461823 0.191119 0.005552 0.414135 0.441136 0.011481 0.333851 0.242721 0.003492 
0.543232 0.390856 0.016382 0.461516 0.189857 0.005644 0.415736 0.440151 0.014272 0.333955 0.242472 0.003666 
0.542922 0.391161 0.017351 0.461730 0.190003 0.005645 0.415301 0.440137 0.015364 0.334036 0.242299 0.003804 
0.542173 0.392482 0.017079 0.462448 0.190730 0.005508 0.414209 0.440540 0.014752 0.334388 0.242107 0.003323 
0.540898 0.394497 0.014644 0.462992 0.191914 0.005452 0.412483 0.441346 0.012540 0.334449 0.242083 0.003458 
0.540037 0.395872 0.012464 0.463324 0.192749 0.005388 0.411329 0.441922 0.010590 0.334470 0.242119 0.003595 
0.537223 0.399622 0.011905 0.464203 0.195118 0.005594 0.407700 0.443323 0.009956 0.334473 0.242135 0.003716 
0.530442 0.407596 0.015892 0.465761 0.200425 0.006394 0.399290 0.446091 0.013250 0.334268 0.242224 0.003861 
0.475194 -0.261432 0.004335 0.389098 0.448518 0.019653 0.521810 0.416031 0.024341 0.277884 -0.344306 0.013187 0.333827 0.242168 0.004079 0.224950 -0.217006 0.019234 
0.475349 -0.263373 0.004493 0.381320 0.452971 0.028758 0.514542 0.423015 0.035405 0.279115 -0.348443 0.016011 0.330684 0.246148 0.005556 0.224829 -0.221734 0.022475 
0.482280 -0.268723 0.004688 0.369000 0.458745 0.034532 0.502200 0.428449 0.039982 0.286979 -0.356194 0.013866 0.317874 0.252445 0.007995 0.231010 -0.230140 0.018559 
0.500178 -0.268734 0.004717 0.347547 0.457733 0.031142 0.481164 0.429056 0.034870 0.308714 -0.364744 0.005849 0.298549 0.250740 0.006032 0.247092 -0.241289 0.008184 
0.509193 -0.268751 0.004919 0.325016 0.455726 0.026175 0.459440 0.430934 0.028474 0.322022 -0.372887 0.005406 0.281653 0.247055 0.004872 0.255141 -0.252177 0.005679 
0.512154 -0.267574 0.005742 0.318858 0.456944 0.022996 0.453740 0.434888 0.026194 0.327260 -0.375688 0.007594 0.279756 0.247135 0.004871 0.257806 -0.256441 0.006850 
0.516595 -0.264589 0.006940 0.320450 0.457046 0.018969 0.455189 0.434091 0.021885 0.331587 -0.372522 0.007373 0.279780 0.247225 0.004870 0.262261 -0.253215 0.005400 
0.518978 -0.260716 0.008056 0.323027 0.456877 0.014673 0.457499 0.432379 0.017341 0.333288 -0.367471 0.007882 0.279806 0.247321 0.004867 0.264735 -0.247738 0.004967 
0.519125 -0.256533 0.009982 0.325528 0.456587 0.010723 0.459707 0.430552 0.013583 0.332494 -0.361629 0.008836 0.279816 0.247413 0.004865 0.265037 -0.241301 0.004969 
0.518872 -0.252137 0.012755 0.328276 0.456048 0.007090 0.462089 0.428254 0.010470 0.331364 -0.355625 0.009817 0.279739 0.247441 0.004863 0.264995 -0.234729 0.004962 
0.518575 -0.246897 0.015625 0.330341 0.455622 0.004972 0.463846 0.426437 0.008782 0.330270 -0.348844 0.010586 0.279575 0.247534 0.004964 0.264953 -0.227411 0.004966 
0.519523 -0.239667 0.017888 0.330317 0.455628 0.004963 0.463802 0.426448 0.009463 0.331287 -0.341643 0.011095 0.279550 0.247540 0.004960 0.265981 -0.220206 0.005417 
0.521198 -0.235746 0.022049 0.330296 0.455634 0.004956 0.463759 0.426458 0.010072 0.333097 -0.337883 0.014068 0.279528 0.247546 0.004956 0.267738 -0.216509 0.007707 
0.521341 -0.236424 0.027989 0.330279 0.455638 0.004952 0.463723 0.426467 0.010570 0.333238 -0.338563 0.020081 0.279510 0.247551 0.004952 0.267948 -0.217224 0.012471 
0.519543 -0.240049 0.034698 0.330265 0.455642 0.004948 0.463692 0.426473 0.010961 0.331215 -0.341846 0.027777 0.279495 0.247555 0.004949 0.266208 -0.220454 0.018724 
0.517049 -0.244939 0.041539 0.330254 0.455644 0.004945 0.463668 0.426479 0.011268 0.328428 -0.346273 0.035954 0.279484 0.247557 0.004946 0.263766 -0.224817 0.025403 
0.514576 -0.249412 0.047602 0.330246 0.455646 0.004942 0.463648 0.426483 0.011511 0.325755 -0.350445 0.043526 0.279475 0.247560 0.004943 0.261303 -0.228998 0.031676 
0.513119 -0.252325 0.052334 0.330239 0.455648 0.004938 0.463632 0.426487 0.011710 0.324265 -0.353341 0.049520 0.279467 0.247562 0.004941 0.259822 -0.231989 0.036681 
0.513087 -0.253316 0.055580 0.330233 0.455650 0.004935 0.463617 0.426491 0.011875 0.324385 -0.354632 0.053504 0.279461 0.247563 0.004939 0.259749 -0.233456 0.039997 
0.513799 -0.253093 0.057661 0.330228 0.455651 0.004930 0.463606 0.426495 0.012005 0.325335 -0.354859 0.056027 0.279457 0.247565 0.004939 0.260409 -0.233886 0.042094 
0.514650 -0.252729 0.059107 0.330225 0.455652 0.004925 0.463598 0.426497 0.012087 0.326350 -0.354801 0.057628 0.279454 0.247566 0.004940 0.261237 -0.233964 0.043390 
0.515286 -0.252393 0.059955 0.330222 0.455653 0.004921 0.463593 0.426500 0.012138 0.327056 -0.354593 0.058433 0.279453 0.247566 0.004940 0.261873 -0.233815 0.044010 
0.515418 -0.252201 0.060195 0.330221 0.455654 0.004917 0.463590 0.426501 0.012169 0.327187 -0.354399 0.058605 0.279452 0.247567 0.004941 0.262012 -0.233623 0.044131 
0.515168 -0.252006 0.059801 0.330221 0.455654 0.004915 0.463590 0.426501 0.012167 0.326843 -0.354027 0.058040 0.279452 0.247567 0.004939 0.261786 -0.233178 0.043648 
0.515073 -0.251563 0.058797 0.330222 0.455654 0.004914 0.463593 0.426500 0.012127 0.326665 -0.353427 0.056764 0.279453 0.247567 0.004938 0.261713 -0.232497 0.042581 
0.515263 -0.251020 0.057291 0.330225 0.455653 0.004913 0.463600 0.426499 0.012048 0.326833 -0.352835 0.054953 0.279456 0.247566 0.004936 0.261910 -0.231853 0.041079 
0.515543 -0.250474 0.055299 0.330229 0.455652 0.004913 0.463611 0.426496 0.011923 0.327100 -0.352258 0.052620 0.279460 0.247565 0.004934 0.262193 -0.231222 0.039149 
0.515913 -0.249909 0.052835 0.330235 0.455651 0.004913 0.463626 0.426492 0.011747 0.327467 -0.351678 0.049789 0.279466 0.247564 0.004932 0.262560 -0.230588 0.036818 
0.516502 -0.249217 0.049899 0.330244 0.455649 0.004914 0.463645 0.426487 0.011518 0.328096 -0.351045 0.046470 0.279474 0.247562 0.004929 0.263134 -0.229922 0.034102 
0.517405 -0.248273 0.046467 0.330254 0.455646 0.004915 0.463668 0.426481 0.011235 0.329099 -0.350272 0.042643 0.279484 0.247559 0.004926 0.264004 -0.229149 0.030985 
0.518491 -0.247033 0.042521 0.330265 0.455643 0.004917 0.463694 0.426475 0.010906 0.330308 -0.349241 0.038256 0.279495 0.247557 0.004923 0.265050 -0.228129 0.027421 
0.519692 -0.245552 0.038115 0.330278 0.455640 0.004919 0.463722 0.426468 0.010534 0.331642 -0.347985 0.033379 0.279508 0.247553 0.004919 0.266207 -0.226890 0.023471 
0.520963 -0.243938 0.033332 0.330293 0.455637 0.004918 0.463754 0.426460 0.010108 0.333053 -0.346606 0.028125 0.279523 0.247550 0.004918 0.267427 -0.225535 0.019229 
0.522264 -0.242265 0.028236 0.330310 0.455632 0.004917 0.463788 0.426452 0.009620 0.334497 -0.345169 0.022581 0.279540 0.247546 0.004917 0.268675 -0.224129 0.014772 
0.523581 -0.240518 0.022854 0.330330 0.455628 0.004918 0.463824 0.426443 0.009072 0.335955 -0.343656 0.016786 0.279560 0.247541 0.004916 0.269934 -0.222656 0.010135 
0.524898 -0.238685 0.017203 0.330351 0.455622 0.004920 0.463862 0.426433 0.008462 0.337411 -0.342053 0.010766 0.279581 0.247536 0.004915 0.271190 -0.221102 0.005344 
0.525157 -0.239407 0.012971 0.329985 0.455711 0.004926 0.463563 0.426762 0.007861 0.337379 -0.342364 0.008822 0.279593 0.247533 0.004914 0.271338 -0.221254 0.004951 
0.525291 -0.239467 0.010216 0.328835 0.455974 0.005283 0.462581 0.427758 0.007683 0.337542 -0.342525 0.007575 0.279598 0.247520 0.004913 0.271392 -0.221442 0.004935 
0.525425 -0.239510 0.008099 0.327647 0.456202 0.006015 0.461555 0.428728 0.007928 0.338033 -0.343240 0.006793 0.279578 0.247477 0.004912 0.271428 -0.222392 0.004924 
0.525560 -0.239277 0.006002 0.326523 0.456436 0.006578 0.460583 0.429683 0.007916 0.338519 -0.343649 0.005957 0.279580 0.247459 0.004911 0.271488 -0.223027 0.004923 
0.525979 -0.239089 0.005290 0.326148 0.456511 0.006869 0.460265 0.430015 0.007515 0.339288 -0.344087 0.005246 0.279603 0.247447 0.004911 0.271852 -0.223686 0.004929 
0.526506 -0.238883 0.004999 0.325965 0.456528 0.006798 0.460107 0.430155 0.007161 0.340336 -0.344800 0.005003 0.279606 0.247423 0.004915 0.272306 -0.224734 0.004997 
0.526854 -0.238784 0.005003 0.325906 0.456536 0.006364 0.460055 0.430195 0.006547 0.341089 -0.345409 0.005333 0.279595 0.247416 0.004946 0.272603 -0.225602 0.005326 
0.526958 -0.238769 0.005022 0.325951 0.456549 0.005591 0.460094 0.430177 0.005630 0.341287 -0.345550 0.006306 0.279589 0.247437 0.004972 0.272698 -0.225802 0.006294 
0.527068 -0.238731 0.005056 0.325870 0.456669 0.005152 0.460017 0.430318 0.004959 0.341494 -0.345656 0.007772 0.279540 0.247549 0.004783 0.272809 -0.225963 0.007756 
0.527228 -0.238664 0.005086 0.325758 0.456868 0.005362 0.459912 0.430556 0.004958 0.341831 -0.345850 0.009167 0.279486 0.247737 0.004490 0.272970 -0.226258 0.009155 
0.527309 -0.238630 0.005113 0.325738 0.456918 0.005403 0.459888 0.430588 0.004879 0.342084 -0.346042 0.010757 0.279437 0.247793 0.004491 0.273066 -0.226541 0.010770 
0.527361 -0.238590 0.005124 0.325740 0.456929 0.005361 0.459892 0.430604 0.004876 0.342334 -0.346245 0.012420 0.279448 0.247802 0.004539 0.273147 -0.226842 0.012522 
0.526815 -0.238571 0.005102 0.325736 0.456972 0.005353 0.459890 0.430662 0.004870 0.341945 -0.346367 0.014081 0.279467 0.247839 0.004580 0.272654 -0.227025 0.014403 
0.525999 -0.238561 0.005060 0.325746 0.456982 0.005391 0.459901 0.430677 0.004856 0.341238 -0.346409 0.015532 0.279486 0.247847 0.004697 0.271905 -0.227092 0.016123 
0.525601 -0.238564 0.005011 0.325768 0.456990 0.005619 0.459923 0.430693 0.004842 0.340967 -0.346498 0.016780 0.279519 0.247852 0.004998 0.271575 -0.227217 0.017648 
0.525567 -0.238664 0.004997 0.325788 0.456987 0.006076 0.459940 0.430692 0.004823 0.341061 -0.346687 0.017900 0.279538 0.247850 0.005548 0.271606 -0.227444 0.018991 
0.525591 -0.238912 0.004997 0.325816 0.456982 0.006681 0.459962 0.430689 0.004810 0.341184 -0.346975 0.018920 0.279566 0.247845 0.006233 0.271700 -0.227751 0.020240 
0.525614 -0.239305 0.004996 0.325848 0.456976 0.007309 0.459983 0.430686 0.004812 0.341294 -0.347395 0.019842 0.279598 0.247839 0.006922 0.271792 -0.228185 0.021381 
0.525635 -0.239826 0.004995 0.325880 0.456970 0.007909 0.460004 0.430683 0.004815 0.341379 -0.347905 0.020694 0.279630 0.247833 0.007574 0.271883 -0.228694 0.022427 
0.525654 -0.240356 0.004993 0.325914 0.456964 0.008477 0.460024 0.430680 0.004819 0.341460 -0.348419 0.021502 0.279663 0.247827 0.008190 0.271974 -0.229205 0.023423 
0.525673 -0.240869 0.004992 0.325948 0.456958 0.009016 0.460043 0.430677 0.004822 0.341540 -0.348917 0.022269 0.279697 0.247820 0.008773 0.272065 -0.229699 0.024373 
0.525691 -0.241355 0.004991 0.325982 0.456952 0.009528 0.460061 0.430674 0.004824 0.341620 -0.349388 0.022998 0.279731 0.247814 0.009325 0.272154 -0.230168 0.025279 
0.525708 -0.241811 0.004990 0.326016 0.456946 0.010014 0.460078 0.430671 0.004826 0.341698 -0.349831 0.023691 0.279766 0.247808 0.009848 0.272243 -0.230609 0.026143 
0.525725 -0.242241 0.004989 0.326050 0.456939 0.010477 0.460094 0.430668 0.004827 0.341776 -0.350249 0.024351 0.279800 0.247801 0.010345 0.272330 -0.231025 0.026969 
0.525740 -0.242651 0.004988 0.326084 0.456933 0.010923 0.460109 0.430666 0.004828 0.341851 -0.350644 0.024985 0.279834 0.247795 0.010823 0.272417 -0.231417 0.027765 
0.525755 -0.243049 0.004996 0.326119 0.456927 0.011356 0.460124 0.430663 0.004829 0.341922 -0.351022 0.025609 0.279869 0.247789 0.011285 0.272504 -0.231789 0.028546 
0.525770 -0.243425 0.005019 0.326153 0.456920 0.011769 0.460139 0.430661 0.004830 0.341991 -0.351376 0.026228 0.279904 0.247782 0.011725 0.272590 -0.232136 0.029316 
0.525784 -0.243739 0.005042 0.326187 0.456914 0.012163 0.460152 0.430658 0.004831 0.342062 -0.351672 0.026823 0.279938 0.247776 0.012143 0.272675 -0.232428 0.030055 
0.525797 -0.243992 0.005063 0.326220 0.456908 0.012540 0.460165 0.430656 0.004832 0.342133 -0.351910 0.027396 0.279972 0.247769 0.012542 0.272759 -0.232663 0.030770 
0.525811 -0.244206 0.005085 0.326253 0.456901 0.012902 0.460178 0.430654 0.004832 0.342204 -0.352110 0.027955 0.280006 0.247763 0.012925 0.272842 -0.232859 0.031462 
0.525824 -0.244395 0.005106 0.326286 0.456895 0.013252 0.460190 0.430652 0.004832 0.342275 -0.352285 0.028500 0.280039 0.247756 0.013295 0.272925 -0.233032 0.032137 
0.525837 -0.244611 0.005127 0.326319 0.456889 0.013597 0.460202 0.430650 0.004831 0.342348 -0.352489 0.029042 0.280073 0.247750 0.013657 0.273008 -0.233233 0.032801 
0.525850 -0.244872 0.005148 0.326353 0.456882 0.013938 0.460214 0.430648 0.004831 0.342421 -0.352736 0.029581 0.280108 0.247743 0.014015 0.273093 -0.233478 0.033459 
0.525863 -0.245108 0.005168 0.326387 0.456875 0.014278 0.460225 0.430646 0.004832 0.342496 -0.352960 0.030112 0.280143 0.247736 0.014369 0.273178 -0.233699 0.034114 
0.525876 -0.245318 0.005189 0.326423 0.456868 0.014627 0.460237 0.430643 0.004841 0.342571 -0.353159 0.030637 0.280178 0.247728 0.014721 0.273265 -0.233896 0.034768 
0.525889 -0.245538 0.005209 0.326459 0.456860 0.014977 0.460249 0.430641 0.004848 0.342649 -0.353369 0.031162 0.280215 0.247720 0.015074 0.273354 -0.234104 0.035426 
0.525902 -0.245770 0.005229 0.326497 0.456851 0.015330 0.460261 0.430638 0.004855 0.342730 -0.353590 0.031693 0.280254 0.247712 0.015431 0.273446 -0.234324 0.036090 
0.525916 -0.246012 0.005250 0.326536 0.456843 0.015690 0.460274 0.430636 0.004861 0.342812 -0.353820 0.032232 0.280294 0.247703 0.015794 0.273541 -0.234551 0.036764 
0.525930 -0.246206 0.005270 0.326577 0.456834 0.016054 0.460286 0.430633 0.004867 0.342903 -0.354023 0.032739 0.280335 0.247694 0.016162 0.273634 -0.234759 0.037420 
0.526037 -0.249863 0.005240 0.334655 0.458262 0.028684 0.468591 0.431132 0.024793 0.344599 -0.360474 0.032132 0.287078 0.249422 0.028164 0.273530 -0.242276 0.036862 
0.526154 -0.265290 0.005439 0.351591 0.479048 0.056453 0.485047 0.449938 0.062111 0.346124 -0.377311 0.035740 0.301377 0.271073 0.046319 0.273776 -0.259829 0.038499 
0.526476 -0.278365 0.005612 0.371029 0.504201 0.080152 0.502895 0.468132 0.080644 0.349717 -0.394869 0.038188 0.309585 0.299045 0.076454 0.274036 -0.279473 0.038637 
0.527870 -0.280672 0.005577 0.404982 0.538526 0.080072 0.534312 0.494248 0.078340 0.355229 -0.403880 0.035450 0.330805 0.337627 0.083958 0.275286 -0.291393 0.035641 
0.528614 -0.282336 0.005715 0.436588 0.564022 0.062181 0.563991 0.514445 0.061458 0.356339 -0.405966 0.035961 0.354356 0.366719 0.075851 0.276014 -0.293754 0.035387 
0.528061 -0.282884 0.006188 0.462922 0.577507 0.024290 0.589491 0.525918 0.027220 0.355601 -0.404934 0.041387 0.377398 0.382773 0.049634 0.275963 -0.292235 0.040493 
0.528705 -0.283410 0.006420 0.473018 0.580907 0.004433 0.599559 0.529204 0.006473 0.357555 -0.405262 0.048103 0.387718 0.387018 0.036192 0.277568 -0.292811 0.047157 
0.533358 -0.289038 0.011996 0.473379 0.583467 0.004908 0.600694 0.533857 0.009341 0.365238 -0.411731 0.062591 0.390922 0.389434 0.042722 0.283495 -0.300590 0.059458 
0.541312 -0.304887 0.032117 0.473674 0.584933 0.005257 0.601524 0.537007 0.012140 0.375244 -0.427593 0.089058 0.393264 0.391613 0.050415 0.292045 -0.317700 0.082309 
0.548676 -0.327358 0.061103 0.474383 0.585716 0.005729 0.603057 0.540686 0.015993 0.384775 -0.449832 0.124460 0.397238 0.392699 0.057410 0.299964 -0.341508 0.113639 
0.555118 -0.352568 0.093332 0.474543 0.585796 0.005872 0.604134 0.543919 0.017798 0.393311 -0.474399 0.162998 0.401475 0.390910 0.056450 0.306990 -0.367739 0.148286 
0.561104 -0.378341 0.125933 0.474695 0.585565 0.005672 0.605179 0.546836 0.018476 0.401291 -0.499269 0.201524 0.406158 0.387616 0.050357 0.313569 -0.394312 0.183282 
0.567196 -0.403579 0.156927 0.474859 0.585261 0.005334 0.606146 0.549518 0.018604 0.409326 -0.523586 0.237880 0.411077 0.383913 0.040952 0.320248 -0.420372 0.216527 
0.573756 -0.427932 0.185161 0.474938 0.584898 0.004986 0.606932 0.551987 0.018565 0.417736 -0.547037 0.270891 0.416108 0.380384 0.029290 0.327355 -0.445586 0.246746 
0.580880 -0.450985 0.209666 0.474852 0.584602 0.004979 0.607446 0.554367 0.018931 0.426429 -0.569148 0.299444 0.421117 0.377583 0.016540 0.334900 -0.469396 0.272691 
0.588205 -0.470829 0.227376 0.474792 0.584427 0.004961 0.607738 0.556010 0.019370 0.433174 -0.586142 0.319820 0.424504 0.376273 0.009545 0.341813 -0.487315 0.289317 
0.594809 -0.480071 0.226504 0.474773 0.584348 0.004956 0.608006 0.557340 0.019431 0.440014 -0.595127 0.319660 0.427036 0.375548 0.006088 0.348404 -0.496790 0.288333 
0.602664 -0.479282 0.209514 0.474791 0.584319 0.004950 0.608173 0.557719 0.018784 0.449199 -0.597565 0.300813 0.427828 0.375340 0.004997 0.356556 -0.499590 0.271450 
0.610586 -0.472996 0.184209 0.474823 0.584312 0.004945 0.608294 0.557693 0.017863 0.459018 -0.596260 0.272019 0.427861 0.375333 0.004991 0.364961 -0.498669 0.246072 
0.617163 -0.466297 0.157780 0.474854 0.584305 0.004941 0.608403 0.557669 0.016981 0.467321 -0.594220 0.241810 0.427893 0.375326 0.004984 0.372055 -0.496914 0.219445 
0.621791 -0.462022 0.133524 0.474883 0.584299 0.004940 0.608503 0.557647 0.016131 0.473007 -0.593271 0.214236 0.427924 0.375319 0.004976 0.377063 -0.495973 0.194951 
0.624923 -0.458743 0.109859 0.474479 0.584524 0.005088 0.608213 0.558049 0.015281 0.476621 -0.592469 0.187331 0.427835 0.375474 0.004950 0.380438 -0.494865 0.171013 
0.628007 -0.453798 0.084769 0.474172 0.584593 0.005374 0.608023 0.558307 0.014471 0.479974 -0.589879 0.158566 0.427870 0.375467 0.004941 0.383713 -0.491862 0.145507 
0.632032 -0.445704 0.057602 0.474277 0.584519 0.007071 0.608195 0.558117 0.014733 0.484419 -0.584692 0.126671 0.427913 0.375417 0.004934 0.387956 -0.486436 0.117481 
0.636195 -0.435016 0.029361 0.474389 0.584378 0.009924 0.608365 0.557847 0.015937 0.489080 -0.577069 0.093047 0.427958 0.375340 0.004926 0.392391 -0.478721 0.088245 
0.639753 -0.424032 0.006630 0.474559 0.584275 0.013208 0.608571 0.557557 0.017297 0.492866 -0.569598 0.062419 0.427909 0.375390 0.004921 0.395767 -0.471542 0.061684 
0.639235 -0.425355 0.005805 0.475961 0.583641 0.018095 0.609822 0.555968 0.020395 0.490322 -0.571538 0.054108 0.427862 0.375337 0.004919 0.393794 -0.472916 0.053912 
0.638867 -0.426242 0.005397 0.477645 0.579236 0.023321 0.611314 0.550684 0.026022 0.488675 -0.571896 0.051277 0.428406 0.371622 0.004616 0.392774 -0.472664 0.051230 
0.638779 -0.426477 0.005338 0.479471 0.563394 0.019836 0.612950 0.533894 0.021606 0.487227 -0.570912 0.050595 0.428534 0.355898 0.004713 0.392287 -0.470761 0.051144 
0.638358 -0.426468 0.004660 0.481193 0.542623 0.013616 0.614474 0.512212 0.014761 0.485247 -0.569275 0.049834 0.428647 0.335165 0.004785 0.391656 -0.467884 0.051991 
0.638375 -0.426549 0.004683 0.482721 0.517994 0.006606 0.615810 0.486748 0.007593 0.485329 -0.569917 0.048279 0.428777 0.310715 0.004803 0.391851 -0.468487 0.052483 
0.638467 -0.426677 0.004698 0.483235 0.500096 0.004829 0.616302 0.468770 0.006066 0.486702 -0.571864 0.046721 0.429140 0.292853 0.006068 0.392509 -0.471209 0.053064 
0.638550 -0.426861 0.004711 0.483326 0.489759 0.004911 0.616328 0.458158 0.006220 0.487945 -0.573663 0.045271 0.428791 0.282649 0.007936 0.393058 -0.473774 0.053194 
0.638577 -0.427366 0.004734 0.483347 0.486026 0.004949 0.616222 0.453877 0.005788 0.488511 -0.575098 0.043893 0.427969 0.279148 0.008490 0.393194 -0.475668 0.052399 
0.638630 -0.427844 0.004778 0.483354 0.486480 0.004951 0.616187 0.454158 0.005459 0.489103 -0.576276 0.043341 0.427714 0.279663 0.007892 0.393377 -0.477251 0.051975 
0.638690 -0.427993 0.004874 0.483351 0.488706 0.004950 0.616205 0.456465 0.005292 0.489756 -0.576883 0.043962 0.427842 0.281841 0.006854 0.393703 -0.478178 0.052625 
0.638748 -0.428066 0.005010 0.483345 0.492201 0.004948 0.616280 0.460291 0.005165 0.490291 -0.577054 0.045515 0.428353 0.285191 0.005627 0.394077 -0.478499 0.054106 
0.638799 -0.428035 0.005179 0.483260 0.495686 0.004990 0.616245 0.463988 0.004980 0.490870 -0.576977 0.047738 0.428598 0.288587 0.004967 0.394541 -0.478526 0.056231 
0.638888 -0.428591 0.005372 0.483091 0.496270 0.004309 0.616133 0.464814 0.004740 0.491617 -0.577314 0.050876 0.428805 0.289074 0.004836 0.395263 -0.478902 0.059531 
0.638976 -0.428703 0.005518 0.482979 0.496495 0.004363 0.616058 0.465197 0.004772 0.492324 -0.577331 0.053275 0.428939 0.289234 0.004835 0.395928 -0.478988 0.062236 
0.639032 -0.428816 0.005625 0.482881 0.496691 0.004421 0.615998 0.465555 0.004785 0.492660 -0.577245 0.054837 0.429093 0.289364 0.004852 0.396327 -0.478857 0.064004 
0.639054 -0.428872 0.005692 0.482846 0.496771 0.004474 0.615982 0.465710 0.004800 0.492760 -0.577215 0.055396 0.429177 0.289413 0.004865 0.396471 -0.478796 0.064675 
0.639056 -0.428870 0.005745 0.482827 0.496772 0.004524 0.615967 0.465734 0.004809 0.492759 -0.577148 0.055630 0.429193 0.289405 0.004882 0.396516 -0.478691 0.064987 
0.639057 -0.428958 0.005777 0.482776 0.496834 0.004570 0.615939 0.465892 0.004817 0.492553 -0.577038 0.055641 0.429292 0.289428 0.004899 0.396445 -0.478450 0.065004 
0.639036 -0.428957 0.005800 0.482769 0.496841 0.004609 0.615943 0.465947 0.004829 0.492244 -0.576862 0.055338 0.429360 0.289416 0.004911 0.396277 -0.478135 0.064683 
0.639036 -0.429130 0.005808 0.482748 0.496991 0.004644 0.615928 0.466123 0.004840 0.491905 -0.576786 0.055086 0.429379 0.289555 0.004925 0.396103 -0.477889 0.064321 
0.639061 -0.429554 0.005809 0.482710 0.497173 0.004673 0.615899 0.466347 0.004862 0.491674 -0.576993 0.054966 0.429405 0.289721 0.004917 0.395997 -0.477962 0.064069 
0.639064 -0.429733 0.005834 0.482710 0.497198 0.004670 0.615900 0.466375 0.004862 0.491583 -0.577147 0.054785 0.429410 0.289745 0.004918 0.395922 -0.478093 0.063808 
0.639061 -0.429735 0.005860 0.482710 0.497198 0.004697 0.615901 0.466375 0.004874 0.491554 -0.577153 0.054720 0.429411 0.289745 0.004923 0.395891 -0.478098 0.063713 
0.639076 -0.429989 0.005887 0.482705 0.497233 0.004608 0.615899 0.466425 0.004841 0.491472 -0.577286 0.054819 0.429428 0.289774 0.004918 0.395858 -0.478174 0.063686 
0.639080 -0.430171 0.005915 0.482711 0.497287 0.004629 0.615910 0.466501 0.004930 0.491401 -0.577384 0.054872 0.429471 0.289819 0.004825 0.395819 -0.478231 0.063635 
0.639083 -0.430338 0.005940 0.482724 0.497362 0.004642 0.615931 0.466613 0.005073 0.491332 -0.577477 0.054908 0.429540 0.289879 0.004641 0.395778 -0.478288 0.063573 
0.639087 -0.430542 0.005961 0.482638 0.497410 0.004276 0.615863 0.466740 0.004909 0.491223 -0.577546 0.054989 0.429575 0.289897 0.004651 0.395728 -0.478289 0.063530 
0.639103 -0.430668 0.005968 0.482633 0.497459 0.004340 0.615858 0.466790 0.004916 0.491187 -0.577621 0.054995 0.429573 0.289944 0.004682 0.395711 -0.478340 0.063462 
0.639101 -0.430823 0.005989 0.482649 0.497402 0.003984 0.615884 0.466780 0.004785 0.491098 -0.577687 0.055019 0.429659 0.289870 0.004617 0.395659 -0.478361 0.063380 
0.639120 -0.430978 0.005991 0.482639 0.497457 0.004076 0.615874 0.466837 0.004804 0.491063 -0.577789 0.055014 0.429653 0.289924 0.004651 0.395643 -0.478439 0.063299 
0.639117 -0.431110 0.006007 0.482654 0.497535 0.004188 0.615893 0.466929 0.004934 0.490988 -0.577868 0.054973 0.429691 0.289996 0.004514 0.395589 -0.478490 0.063166 
0.639099 -0.431508 0.006031 0.482651 0.497614 0.004163 0.615891 0.467013 0.004907 0.490846 -0.578097 0.055127 0.429695 0.290073 0.004544 0.395523 -0.478636 0.063192 
0.639094 -0.431753 0.006046 0.482677 0.497729 0.004212 0.615922 0.467153 0.005083 0.490735 -0.578242 0.055120 0.429762 0.290177 0.004334 0.395458 -0.478729 0.063074 
0.639089 -0.431877 0.006054 0.482672 0.497682 0.004051 0.615918 0.467112 0.004903 0.490652 -0.578325 0.055017 0.429765 0.290128 0.004412 0.395393 -0.478786 0.062884 
0.639083 -0.432112 0.006065 0.482674 0.497755 0.004106 0.615922 0.467192 0.004953 0.490547 -0.578466 0.055005 0.429778 0.290198 0.004383 0.395330 -0.478879 0.062765 
0.639078 -0.432446 0.006081 0.482692 0.497813 0.003976 0.615944 0.467273 0.004970 0.490425 -0.578664 0.055075 0.429830 0.290248 0.004303 0.395270 -0.479009 0.062714 
0.639073 -0.432674 0.006090 0.482712 0.497851 0.003868 0.615969 0.467333 0.004978 0.490328 -0.578814 0.055036 0.429885 0.290277 0.004225 0.395209 -0.479117 0.062580 
0.639070 -0.433132 0.006099 0.482740 0.497820 0.003577 0.616000 0.467321 0.004830 0.490222 -0.579131 0.055152 0.429940 0.290240 0.004205 0.395165 -0.479366 0.062583 
0.639067 -0.433248 0.006101 0.482829 0.497923 0.003705 0.616089 0.467427 0.005024 0.490184 -0.579271 0.054980 0.430034 0.290341 0.004030 0.395111 -0.479516 0.062338 
0.639063 -0.433464 0.006111 0.482842 0.497920 0.003612 0.616103 0.467431 0.004950 0.490076 -0.579380 0.054990 0.430057 0.290336 0.004099 0.395051 -0.479572 0.062236 
0.639057 -0.433673 0.006116 0.482859 0.497983 0.003668 0.616124 0.467512 0.005037 0.489991 -0.579527 0.054937 0.430102 0.290391 0.004040 0.394995 -0.479685 0.062101 
0.639067 -0.433777 0.006111 0.482856 0.498009 0.003790 0.616122 0.467535 0.005034 0.489921 -0.579565 0.054887 0.430097 0.290418 0.004128 0.394958 -0.479686 0.061979 
0.639062 -0.434277 0.006131 0.483139 0.497971 0.003134 0.616410 0.467562 0.005117 0.489752 -0.579822 0.055129 0.430471 0.290358 0.003746 0.394905 -0.479823 0.062081 
0.639071 -0.434691 0.006125 0.482938 0.498163 0.003044 0.616224 0.467820 0.005054 0.489816 -0.580316 0.055056 0.430375 0.290523 0.003618 0.394903 -0.480374 0.061917 
0.639070 -0.434876 0.006134 0.482988 0.498157 0.003031 0.616276 0.467819 0.005015 0.489734 -0.580420 0.055060 0.430431 0.290515 0.003699 0.394856 -0.480438 0.061824 
0.639076 -0.435060 0.006133 0.482924 0.498226 0.003052 0.616215 0.467899 0.004934 0.489669 -0.580533 0.055048 0.430384 0.290581 0.003816 0.394823 -0.480516 0.061734 
0.639073 -0.435246 0.006141 0.483026 0.498387 0.003250 0.616313 0.468044 0.005123 0.489576 -0.580631 0.055045 0.430464 0.290745 0.003669 0.394775 -0.480566 0.061660 
0.639073 -0.435768 0.006145 0.483132 0.498317 0.002948 0.616411 0.467936 0.004869 0.489443 -0.580964 0.055203 0.430505 0.290694 0.003813 0.394732 -0.480807 0.061702 
0.639074 -0.436068 0.006146 0.483176 0.498413 0.003003 0.616455 0.468040 0.005005 0.489389 -0.581234 0.055127 0.430563 0.290786 0.003665 0.394690 -0.481061 0.061553 
0.639068 -0.436156 0.006146 0.483193 0.498352 0.002888 0.616477 0.468002 0.004893 0.489341 -0.581329 0.054976 0.430614 0.290717 0.003761 0.394641 -0.481153 0.061357 
0.639060 -0.436349 0.006151 0.483341 0.498554 0.003132 0.616624 0.468204 0.005219 0.489275 -0.581472 0.054954 0.430769 0.290915 0.003450 0.394597 -0.481271 0.061265 
0.639056 -0.436434 0.006155 0.483406 0.498445 0.002864 0.616689 0.468101 0.005028 0.489187 -0.581480 0.054930 0.430837 0.290806 0.003556 0.394551 -0.481236 0.061181 
0.639057 -0.436625 0.006160 0.483422 0.498480 0.002838 0.616706 0.468143 0.005032 0.489096 -0.581563 0.054971 0.430863 0.290839 0.003558 0.394513 -0.481264 0.061147 
0.639055 -0.436710 0.006162 0.483551 0.498675 0.003095 0.616823 0.468282 0.005272 0.489057 -0.581632 0.054904 0.430911 0.291053 0.003403 0.394481 -0.481323 0.061035 
0.639051 -0.436792 0.006163 0.483558 0.498675 0.003204 0.616832 0.468283 0.005238 0.489001 -0.581685 0.054832 0.430920 0.291053 0.003538 0.394442 -0.481357 0.060917 
0.639058 -0.436871 0.006158 0.483557 0.498688 0.003369 0.616832 0.468290 0.005235 0.488945 -0.581704 0.054813 0.430912 0.291068 0.003670 0.394420 -0.481342 0.060860 
0.639066 -0.436949 0.006154 0.483552 0.498702 0.003517 0.616828 0.468299 0.005271 0.488904 -0.581730 0.054811 0.430901 0.291083 0.003789 0.394408 -0.481339 0.060832 
0.639065 -0.437102 0.006159 0.483794 0.498631 0.003120 0.617063 0.468235 0.005367 0.488865 -0.581839 0.054831 0.431148 0.291011 0.003447 0.394391 -0.481426 0.060820 
0.639063 -0.437103 0.006161 0.483767 0.498621 0.003294 0.617045 0.468245 0.005352 0.488846 -0.581835 0.054795 0.431154 0.290993 0.003598 0.394379 -0.481415 0.060783 
0.639063 -0.437104 0.006163 0.483770 0.498620 0.003450 0.617049 0.468243 0.005390 0.488833 -0.581834 0.054767 0.431157 0.290992 0.003725 0.394371 -0.481409 0.060762 
0.639062 -0.437106 0.006165 0.483802 0.498704 0.003645 0.617073 0.468284 0.005474 0.488829 -0.581838 0.054746 0.431125 0.291091 0.003830 0.394369 -0.481413 0.060750 
0.639062 -0.437106 0.006168 0.483803 0.498703 0.003768 0.617074 0.468283 0.005570 0.488829 -0.581842 0.054739 0.431126 0.291091 0.003935 0.394370 -0.481416 0.060757 
0.639063 -0.437108 0.006171 0.483804 0.498703 0.003879 0.617075 0.468283 0.005662 0.488834 -0.581847 0.054745 0.431126 0.291091 0.004032 0.394377 -0.481421 0.060782 
0.639064 -0.437109 0.006173 0.483804 0.498703 0.003979 0.617076 0.468283 0.005740 0.488843 -0.581852 0.054758 0.431127 0.291091 0.004120 0.394386 -0.481427 0.060817 
0.639066 -0.437109 0.006176 0.483805 0.498703 0.004070 0.617077 0.468282 0.005805 0.488854 -0.581857 0.054779 0.431128 0.291090 0.004200 0.394397 -0.481433 0.060862 
0.639067 -0.437110 0.006180 0.483806 0.498703 0.004153 0.617078 0.468282 0.005858 0.488867 -0.581861 0.054809 0.431129 0.291090 0.004273 0.394411 -0.481438 0.060916 
0.639074 -0.437152 0.006180 0.483798 0.498713 0.004227 0.617070 0.468290 0.005888 0.488879 -0.581886 0.054873 0.431117 0.291102 0.004338 0.394431 -0.481456 0.060995 
0.639076 -0.437153 0.006184 0.483799 0.498713 0.004294 0.617072 0.468289 0.005916 0.488897 -0.581891 0.054914 0.431118 0.291101 0.004397 0.394450 -0.481463 0.061065 
0.639078 -0.437153 0.006187 0.483830 0.498748 0.004384 0.617097 0.468292 0.005927 0.488913 -0.581891 0.054963 0.431100 0.291149 0.004445 0.394467 -0.481462 0.061141 
0.639081 -0.437153 0.006191 0.483849 0.498768 0.004454 0.617112 0.468295 0.005934 0.488933 -0.581892 0.055020 0.431092 0.291176 0.004490 0.394489 -0.481463 0.061228 
0.639083 -0.437154 0.006195 0.483851 0.498768 0.004500 0.617114 0.468295 0.005931 0.488955 -0.581892 0.055085 0.431094 0.291176 0.004535 0.394512 -0.481465 0.061325 
0.639086 -0.437154 0.006199 0.483852 0.498768 0.004541 0.617116 0.468294 0.005919 0.488981 -0.581893 0.055157 0.431095 0.291176 0.004576 0.394539 -0.481467 0.061433 
0.639094 -0.437189 0.006201 0.483847 0.498778 0.004578 0.617112 0.468303 0.005894 0.489007 -0.581915 0.055255 0.431089 0.291186 0.004613 0.394571 -0.481485 0.061557 
0.639097 -0.437190 0.006206 0.483849 0.498785 0.004619 0.617114 0.468310 0.005870 0.489037 -0.581915 0.055339 0.431090 0.291193 0.004644 0.394602 -0.481487 0.061681 
0.639100 -0.437190 0.006210 0.483851 0.498795 0.004658 0.617116 0.468319 0.005840 0.489068 -0.581915 0.055432 0.431092 0.291203 0.004671 0.394635 -0.481487 0.061815 
0.639104 -0.437190 0.006215 0.483857 0.498801 0.004690 0.617122 0.468321 0.005794 0.489098 -0.581911 0.055528 0.431091 0.291212 0.004698 0.394668 -0.481484 0.061953 
0.639107 -0.437190 0.006220 0.483860 0.498801 0.004713 0.617125 0.468321 0.005743 0.489130 -0.581908 0.055628 0.431094 0.291212 0.004723 0.394703 -0.481481 0.062098 
