0.304426 0.952530 0.003288 0.951197 -0.308579 0.001777 -0.957842 0.287291 -0.001850 -0.310246 -0.950650 -0.003299 
0.304367 0.952546 0.004191 0.951214 -0.308524 0.002327 -0.957857 0.287236 -0.002420 -0.310187 -0.950666 -0.004206 
0.304437 0.952529 0.002773 0.951194 -0.308587 0.001738 -0.957839 0.287300 -0.001800 -0.310257 -0.950649 -0.002784 
0.304437 0.952529 0.002504 0.951195 -0.308587 0.001562 -0.957840 0.287299 -0.001617 -0.310257 -0.950649 -0.002513 
0.304436 0.952530 0.002280 0.951198 -0.308582 -0.000577 -0.957842 0.287294 0.000526 -0.310257 -0.950650 -0.002277 
0.304489 0.952515 0.001404 0.951178 -0.308637 0.001907 -0.957824 0.287349 -0.001938 -0.310309 -0.950635 -0.001416 
0.304254 0.952590 0.001306 0.951254 -0.308402 0.001734 -0.957895 0.287113 -0.001763 -0.310075 -0.950711 -0.001316 
0.304254 0.952590 0.001194 0.951255 -0.308402 0.001580 -0.957895 0.287113 -0.001606 -0.310075 -0.950711 -0.001204 
0.303877 0.952708 0.002550 0.951365 -0.308033 0.004607 -0.957997 0.286741 -0.004663 -0.309699 -0.950831 -0.002578 
0.303764 0.952743 0.002936 0.951398 -0.307922 0.005065 -0.958028 0.286630 -0.005130 -0.309586 -0.950867 -0.002967 
0.322564 0.946548 -0.000117 0.945095 -0.326669 0.009064 -0.952145 0.305513 -0.009060 -0.328347 -0.944557 0.000061 
0.327244 0.944939 -0.001507 0.943447 -0.331318 0.011692 -0.950601 0.310196 -0.011657 -0.333017 -0.942920 0.001436 
0.340560 0.940202 0.006328 0.938543 -0.344710 0.017657 -0.945995 0.323692 -0.017795 -0.346303 -0.938101 -0.006436 
0.354890 0.934738 0.017860 0.933097 -0.359243 0.016581 -0.940869 0.338344 -0.016977 -0.360599 -0.932548 -0.017961 
0.369152 0.928624 0.037205 0.927337 -0.373929 0.014929 -0.935429 0.353164 -0.015756 -0.374827 -0.926344 -0.037297 
0.376154 0.925238 0.049429 0.924354 -0.381268 0.014331 -0.932602 0.360578 -0.015431 -0.381811 -0.922913 -0.049517 
0.373739 0.925967 0.053887 0.925318 -0.378957 0.013336 -0.933512 0.358251 -0.014536 -0.379402 -0.923657 -0.053969 
0.366988 0.928699 0.053263 0.927977 -0.372301 0.015838 -0.936020 0.351535 -0.017024 -0.372667 -0.926430 -0.053360 
0.358618 0.932525 0.042315 0.931467 -0.363538 0.014451 -0.939323 0.342687 -0.015392 -0.364318 -0.930309 -0.042403 
0.353124 0.935009 0.032575 0.933727 -0.357750 0.012987 -0.941460 0.336846 -0.013711 -0.358837 -0.932829 -0.032654 
0.336125 0.941369 0.029050 0.940071 -0.340707 0.013613 -0.947424 0.319664 -0.014259 -0.341877 -0.939293 -0.029133 
0.297738 0.953646 0.043723 0.952847 -0.302897 0.018352 -0.959342 0.281585 -0.019324 -0.303568 -0.951801 -0.043836 
0.921188 0.386917 -0.041331 -0.970750 0.237633 -0.034288 0.068618 0.997208 0.029448 0.383578 -0.922469 -0.043815 -0.258048 -0.963392 -0.072711 -0.230598 -0.972520 0.032097 
0.916168 0.397170 -0.053774 -0.974487 0.219116 -0.048620 0.056950 0.997366 0.044917 0.393373 -0.918185 -0.046838 -0.236402 -0.965598 -0.108326 -0.220530 -0.974743 0.035248 
0.911806 0.408378 -0.042852 -0.974321 0.221608 -0.039866 0.028525 0.998315 0.050539 0.405576 -0.913429 -0.034002 -0.238694 -0.963159 -0.123894 -0.177110 -0.983955 0.021539 
0.893893 0.448248 -0.005284 -0.977371 0.209767 -0.027266 -0.027213 0.998698 0.043156 0.446536 -0.894606 -0.016922 -0.228758 -0.966398 -0.117234 -0.104014 -0.994566 0.004350 
0.873853 0.486185 -0.002274 -0.983275 0.181348 -0.016819 -0.070888 0.996919 0.033562 0.484641 -0.874711 -0.001983 -0.202448 -0.974229 -0.099459 -0.053032 -0.998592 0.001615 
0.863219 0.504755 -0.008643 -0.986622 0.161339 -0.023398 -0.082834 0.996141 0.029002 0.503285 -0.864103 0.005391 -0.182561 -0.979546 -0.084618 -0.043545 -0.999044 0.003925 
0.863754 0.503910 -0.002022 -0.985572 0.167907 -0.021330 -0.087532 0.995934 0.021304 0.502363 -0.864539 0.014297 -0.189877 -0.979599 -0.065829 -0.034987 -0.999387 0.001059 
0.866939 0.498414 0.000816 -0.983620 0.179193 -0.019522 -0.088348 0.996000 0.013343 0.496761 -0.867630 0.021124 -0.201786 -0.978359 -0.045780 -0.030430 -0.999537 0.000201 
0.871332 0.490665 0.005348 -0.981476 0.190437 -0.020922 -0.086156 0.996268 0.005221 0.488814 -0.871938 0.028025 -0.213418 -0.976578 -0.027348 -0.030227 -0.999543 0.000213 
0.875428 0.483154 0.013715 -0.978804 0.203303 -0.024722 -0.083167 0.996530 -0.003347 0.480935 -0.876050 0.035182 -0.226609 -0.973930 -0.010398 -0.030565 -0.999533 0.000205 
0.879148 0.475967 0.023527 -0.976550 0.213478 -0.027863 -0.081010 0.996662 -0.010130 0.473310 -0.879954 0.040728 -0.237012 -0.971507 -0.000041 -0.030773 -0.999526 0.000004 
0.878821 0.476097 0.031715 -0.976400 0.213445 -0.032917 -0.083353 0.996440 -0.012604 0.473234 -0.879975 0.041149 -0.237016 -0.971506 -0.000012 -0.028997 -0.999579 0.000976 
0.878193 0.476852 0.037260 -0.976245 0.213412 -0.037418 -0.086401 0.996098 -0.018016 0.473615 -0.879525 0.046092 -0.237021 -0.971505 0.000000 -0.025397 -0.999660 0.005927 
0.878203 0.476861 0.036923 -0.976104 0.213381 -0.041095 -0.086564 0.995903 -0.026170 0.473118 -0.879272 0.055141 -0.237025 -0.971504 0.000002 -0.024866 -0.999560 0.016171 
0.879249 0.475264 0.032315 -0.975984 0.213357 -0.043981 -0.083448 0.995881 -0.035467 0.471069 -0.879654 0.065600 -0.237029 -0.971503 0.000003 -0.028368 -0.999165 0.029409 
0.880622 0.473102 0.026076 -0.975884 0.213336 -0.046250 -0.079175 0.995849 -0.044899 0.468565 -0.880114 0.076456 -0.237033 -0.971502 0.000004 -0.033225 -0.998512 0.043243 
0.881555 0.471698 0.019027 -0.975800 0.213319 -0.048055 -0.075030 0.995763 -0.053170 0.467044 -0.880054 0.085874 -0.237036 -0.971501 0.000006 -0.038044 -0.997708 0.055967 
0.881708 0.471613 0.013139 -0.975729 0.213303 -0.049535 -0.072580 0.995581 -0.059581 0.466975 -0.879362 0.093041 -0.237038 -0.971500 0.000011 -0.040842 -0.996984 0.065987 
0.881000 0.473017 0.009690 -0.975669 0.213288 -0.050769 -0.072430 0.995319 -0.063988 0.468379 -0.878090 0.097878 -0.237038 -0.971500 0.000022 -0.040839 -0.996523 0.072628 
0.879887 0.475121 0.007625 -0.975621 0.213274 -0.051751 -0.073493 0.995053 -0.066849 0.470478 -0.876616 0.100966 -0.237037 -0.971501 0.000042 -0.039415 -0.996261 0.076884 
0.879123 0.476544 0.006906 -0.975590 0.213261 -0.052381 -0.074773 0.994820 -0.068868 0.471837 -0.875628 0.103176 -0.237034 -0.971501 0.000066 -0.037686 -0.996119 0.079540 
0.878798 0.477141 0.007105 -0.975570 0.213252 -0.052787 -0.075737 0.994664 -0.070058 0.472338 -0.875199 0.104511 -0.237031 -0.971502 0.000090 -0.036375 -0.996063 0.080843 
0.878800 0.477133 0.007425 -0.975558 0.213247 -0.053041 -0.075952 0.994624 -0.070382 0.472281 -0.875186 0.104884 -0.237029 -0.971503 0.000110 -0.036099 -0.996050 0.081122 
0.879238 0.476312 0.008224 -0.975558 0.213245 -0.053042 -0.075613 0.994689 -0.069832 0.471427 -0.875717 0.104287 -0.237028 -0.971503 0.000112 -0.036602 -0.996106 0.080204 
0.879625 0.475573 0.009491 -0.975572 0.213249 -0.052762 -0.075526 0.994790 -0.068469 0.470667 -0.876304 0.102778 -0.237028 -0.971503 0.000111 -0.036815 -0.996264 0.078119 
0.879730 0.475348 0.010913 -0.975601 0.213256 -0.052189 -0.075864 0.994902 -0.066437 0.470451 -0.876680 0.100542 -0.237028 -0.971503 0.000107 -0.036469 -0.996507 0.075125 
0.879789 0.475200 0.012507 -0.975647 0.213269 -0.051278 -0.076332 0.995042 -0.063756 0.470341 -0.877069 0.097615 -0.237028 -0.971503 0.000099 -0.035949 -0.996812 0.071234 
0.879801 0.475129 0.014225 -0.975710 0.213286 -0.049991 -0.076931 0.995202 -0.060453 0.470346 -0.877463 0.093989 -0.237029 -0.971503 0.000088 -0.035257 -0.997163 0.066497 
0.879620 0.475408 0.016005 -0.975790 0.213307 -0.048307 -0.077863 0.995360 -0.056537 0.470742 -0.877707 0.089626 -0.237030 -0.971502 0.000071 -0.034138 -0.997557 0.060948 
0.879153 0.476205 0.017857 -0.975885 0.213333 -0.046226 -0.079282 0.995496 -0.051981 0.471701 -0.877702 0.084478 -0.237031 -0.971502 0.000051 -0.032406 -0.997985 0.054554 
0.878579 0.477181 0.019914 -0.975991 0.213360 -0.043809 -0.081005 0.995617 -0.046735 0.472878 -0.877623 0.078515 -0.237031 -0.971502 0.000027 -0.030319 -0.998424 0.047222 
0.877954 0.478234 0.022113 -0.976103 0.213389 -0.041074 -0.082929 0.995717 -0.040867 0.474172 -0.877500 0.071799 -0.237032 -0.971502 -0.000000 -0.028004 -0.998844 0.039058 
0.877299 0.479328 0.024313 -0.976223 0.213418 -0.037965 -0.084976 0.995786 -0.034496 0.475548 -0.877325 0.064458 -0.237032 -0.971502 -0.000001 -0.025548 -0.999216 0.030228 
0.876636 0.480429 0.026400 -0.976348 0.213448 -0.034402 -0.087080 0.995816 -0.027721 0.476968 -0.877097 0.056589 -0.237032 -0.971502 -0.000001 -0.023024 -0.999517 0.020884 
0.875975 0.481523 0.028331 -0.976475 0.213479 -0.030388 -0.089219 0.995799 -0.020577 0.478413 -0.876811 0.048196 -0.237031 -0.971502 -0.000009 -0.020466 -0.999729 0.011096 
0.875326 0.482598 0.030054 -0.976597 0.213509 -0.025910 -0.091374 0.995731 -0.013085 0.479864 -0.876462 0.039290 -0.237031 -0.971502 -0.000026 -0.017903 -0.999839 0.000915 
0.876683 0.480678 0.019368 -0.977086 0.211760 -0.021466 -0.092064 0.995724 -0.007638 0.478556 -0.877609 0.028056 -0.235266 -0.971931 -0.000056 -0.017607 -0.999845 0.000078 
0.876551 0.481152 0.012328 -0.978313 0.206389 -0.017550 -0.093573 0.995605 -0.003780 0.479349 -0.877416 0.019129 -0.229877 -0.973218 -0.001728 -0.017495 -0.999847 0.000047 
0.874887 0.484290 0.006096 -0.979499 0.200960 -0.013993 -0.095146 0.995463 -0.000255 0.482641 -0.875714 0.013548 -0.224420 -0.974479 -0.005150 -0.017343 -0.999850 0.000025 
0.873243 0.487286 0.000209 -0.980616 0.195696 -0.009786 -0.096675 0.995312 0.002848 0.485732 -0.874076 0.007490 -0.219164 -0.975657 -0.007782 -0.017196 -0.999852 0.000026 
0.871607 0.490206 0.000201 -0.981028 0.193807 -0.004731 -0.097741 0.995206 0.003311 0.488669 -0.872466 0.002298 -0.217306 -0.976061 -0.009140 -0.016449 -0.999865 0.000039 
0.869179 0.494498 -0.000019 -0.981212 0.192916 -0.002655 -0.098759 0.995106 0.003217 0.492967 -0.870048 0.000039 -0.216438 -0.976257 -0.008795 -0.015459 -0.999880 0.000175 
0.867290 0.497801 -0.001541 -0.981262 0.192672 -0.001338 -0.099358 0.995049 0.002297 0.496274 -0.868166 0.000053 -0.216213 -0.976324 -0.006620 -0.014781 -0.999890 0.000803 
0.866849 0.498534 -0.005995 -0.981218 0.192902 -0.000284 -0.099459 0.995041 0.000905 0.497016 -0.867741 0.000085 -0.216452 -0.976289 -0.002890 -0.014558 -0.999890 0.002793 
0.866393 0.499202 -0.012681 -0.981247 0.192748 0.001407 -0.099718 0.995016 -0.000143 0.497717 -0.867339 0.000111 -0.216303 -0.976325 -0.001722 -0.014212 -0.999879 0.006279 
0.865570 0.500425 -0.019054 -0.981299 0.192467 0.002955 -0.100085 0.994979 -0.000191 0.498991 -0.866607 0.000085 -0.216032 -0.976378 -0.004070 -0.013744 -0.999857 0.009842 
0.864769 0.501478 -0.026351 -0.981271 0.192595 0.003837 -0.100239 0.994963 -0.000348 0.500126 -0.865953 -0.000094 -0.216165 -0.976348 -0.004260 -0.013429 -0.999822 0.013236 
0.863840 0.502614 -0.034060 -0.981279 0.192561 0.003545 -0.100313 0.994956 -0.000369 0.501360 -0.865239 -0.000744 -0.216127 -0.976358 -0.003835 -0.013272 -0.999771 0.016815 
0.863110 0.503273 -0.041924 -0.981301 0.192449 0.003537 -0.099507 0.995037 -0.000345 0.502106 -0.864803 -0.002327 -0.216017 -0.976383 -0.003612 -0.014342 -0.999683 0.020679 
0.862602 0.503515 -0.048891 -0.981307 0.192408 0.003910 -0.098288 0.995158 -0.000303 0.502409 -0.864620 -0.004280 -0.215975 -0.976394 -0.003240 -0.015954 -0.999584 0.024047 
0.862004 0.503915 -0.054946 -0.981310 0.192350 0.005682 -0.097665 0.995219 -0.000252 0.502845 -0.864354 -0.006288 -0.215924 -0.976406 -0.002897 -0.016714 -0.999506 0.026614 
0.861407 0.504331 -0.060241 -0.981285 0.192340 0.009170 -0.097577 0.995228 -0.000260 0.503297 -0.864077 -0.007905 -0.215926 -0.976407 -0.002467 -0.016680 -0.999461 0.028269 
0.860951 0.504518 -0.065004 -0.981236 0.192324 0.013686 -0.097546 0.995231 -0.000277 0.503503 -0.863941 -0.009565 -0.215927 -0.976407 -0.002092 -0.016530 -0.999430 0.029434 
0.860540 0.504646 -0.069313 -0.981165 0.192305 0.018266 -0.097491 0.995236 -0.000273 0.503638 -0.863843 -0.011154 -0.215928 -0.976408 -0.001808 -0.016388 -0.999405 0.030358 
0.860239 0.504595 -0.073298 -0.981078 0.192285 0.022629 -0.097416 0.995244 -0.000266 0.503596 -0.863848 -0.012554 -0.215930 -0.976408 -0.001562 -0.016247 -0.999383 0.031149 
0.859953 0.504520 -0.077075 -0.980978 0.192263 0.026762 -0.097340 0.995251 -0.000259 0.503522 -0.863870 -0.013922 -0.215931 -0.976408 -0.001339 -0.016108 -0.999361 0.031912 
0.859668 0.504445 -0.080662 -0.980868 0.192240 0.030681 -0.097267 0.995258 -0.000253 0.503445 -0.863893 -0.015248 -0.215931 -0.976408 -0.001135 -0.015973 -0.999339 0.032648 
0.859381 0.504377 -0.084069 -0.980749 0.192217 0.034404 -0.097198 0.995265 -0.000247 0.503370 -0.863913 -0.016529 -0.215931 -0.976408 -0.000948 -0.015841 -0.999318 0.033356 
0.859094 0.504316 -0.087310 -0.980624 0.192191 0.037946 -0.097133 0.995271 -0.000242 0.503299 -0.863929 -0.017771 -0.215930 -0.976409 -0.000775 -0.015713 -0.999297 0.034037 
0.858806 0.504262 -0.090399 -0.980492 0.192165 0.041323 -0.097073 0.995277 -0.000239 0.503231 -0.863944 -0.018971 -0.215929 -0.976409 -0.000615 -0.015589 -0.999276 0.034693 
0.858529 0.504194 -0.093363 -0.980355 0.192138 0.044581 -0.097015 0.995283 -0.000235 0.503145 -0.863967 -0.020145 -0.215927 -0.976409 -0.000467 -0.015466 -0.999256 0.035327 
0.858270 0.504095 -0.096238 -0.980212 0.192109 0.047739 -0.096958 0.995288 -0.000246 0.503027 -0.864009 -0.021283 -0.215926 -0.976410 -0.000332 -0.015346 -0.999235 0.035966 
0.858012 0.503994 -0.099019 -0.980066 0.192080 0.050755 -0.096905 0.995294 -0.000279 0.502906 -0.864051 -0.022378 -0.215924 -0.976410 -0.000208 -0.015228 -0.999213 0.036627 
0.857749 0.503911 -0.101689 -0.979918 0.192051 0.053633 -0.096861 0.995298 -0.000311 0.502802 -0.864084 -0.023425 -0.215922 -0.976411 -0.000095 -0.015114 -0.999191 0.037271 
0.857481 0.503841 -0.104267 -0.979770 0.192021 0.056387 -0.096826 0.995301 -0.000342 0.502710 -0.864110 -0.024445 -0.215919 -0.976411 0.000010 -0.015002 -0.999169 0.037908 
0.857212 0.503773 -0.106774 -0.979619 0.191991 0.059034 -0.096797 0.995304 -0.000373 0.502621 -0.864133 -0.025417 -0.215917 -0.976412 0.000107 -0.014893 -0.999146 0.038536 
0.856939 0.503713 -0.109224 -0.979468 0.191962 0.061595 -0.096772 0.995306 -0.000404 0.502539 -0.864153 -0.026350 -0.215914 -0.976412 0.000197 -0.014784 -0.999124 0.039156 
0.856662 0.503651 -0.111654 -0.979312 0.191930 0.064114 -0.096743 0.995309 -0.000435 0.502460 -0.864171 -0.027238 -0.215911 -0.976413 0.000281 -0.014675 -0.999101 0.039766 
0.856380 0.503587 -0.114074 -0.979152 0.191897 0.066614 -0.096709 0.995313 -0.000467 0.502381 -0.864190 -0.028102 -0.215908 -0.976414 0.000360 -0.014564 -0.999079 0.040369 
0.856092 0.503531 -0.116457 -0.978986 0.191863 0.069098 -0.096677 0.995316 -0.000495 0.502301 -0.864206 -0.028998 -0.215905 -0.976414 0.000425 -0.014453 -0.999056 0.040974 
0.855799 0.503480 -0.118811 -0.978815 0.191824 0.071584 -0.096649 0.995318 -0.000512 0.502221 -0.864221 -0.029937 -0.215902 -0.976415 0.000438 -0.014341 -0.999032 0.041584 
0.855496 0.503433 -0.121167 -0.978637 0.191784 0.074088 -0.096620 0.995321 -0.000531 0.502141 -0.864234 -0.030897 -0.215899 -0.976416 0.000455 -0.014226 -0.999008 0.042196 
0.855185 0.503383 -0.123549 -0.978450 0.191742 0.076624 -0.096590 0.995324 -0.000551 0.502056 -0.864248 -0.031866 -0.215896 -0.976416 0.000470 -0.014109 -0.998983 0.042814 
0.854865 0.503327 -0.125970 -0.978253 0.191698 0.079207 -0.096558 0.995327 -0.000572 0.501962 -0.864266 -0.032843 -0.215893 -0.976417 0.000487 -0.013988 -0.998958 0.043438 
0.854501 0.503369 -0.128248 -0.978046 0.191652 0.081827 -0.096533 0.995330 -0.000591 0.501950 -0.864231 -0.033918 -0.215890 -0.976417 0.000502 -0.013874 -0.998935 0.044016 
0.847086 0.516412 -0.125551 -0.979699 0.198445 0.028465 -0.084024 0.996053 0.028599 0.514995 -0.856507 -0.034281 -0.222125 -0.975015 -0.002427 -0.027539 -0.999464 0.017680 
0.840512 0.522997 -0.141468 -0.976190 0.212933 -0.041386 -0.057201 0.995243 0.078860 0.524263 -0.851322 -0.019993 -0.234437 -0.970979 -0.047315 -0.051914 -0.998543 -0.014708 
0.825238 0.543924 -0.152085 -0.964563 0.263829 -0.003597 -0.031415 0.994496 0.099958 0.548414 -0.836201 -0.003258 -0.286862 -0.957816 -0.017266 -0.061203 -0.996000 -0.065106 
0.806018 0.575225 -0.139470 -0.946013 0.323881 0.012671 0.008275 0.995586 0.093483 0.579294 -0.815117 -0.001384 -0.346308 -0.937945 0.018140 -0.087665 -0.993224 -0.076292 
0.804307 0.577192 -0.141211 -0.931911 0.362647 0.005289 0.044248 0.996585 0.069720 0.582066 -0.813131 0.004163 -0.383919 -0.921158 0.063825 -0.117573 -0.991206 -0.060727 
0.805171 0.569819 -0.164335 -0.925821 0.377354 -0.021433 0.075709 0.996793 0.025921 0.577085 -0.816659 0.006478 -0.399288 -0.909158 0.118326 -0.148590 -0.988808 -0.013391 
0.799054 0.568894 -0.194608 -0.925606 0.378193 -0.014921 0.086862 0.996220 0.000065 0.579614 -0.814862 0.006855 -0.398246 -0.905215 0.148273 -0.159919 -0.987002 0.015919 
0.784906 0.572823 -0.236212 -0.931271 0.362881 -0.032427 0.081555 0.996664 -0.003216 0.592343 -0.805366 0.022702 -0.384973 -0.905886 0.176541 -0.153788 -0.987813 0.023959 
0.775330 0.572879 -0.265845 -0.935184 0.350565 -0.050344 0.071317 0.997173 -0.023661 0.602889 -0.796325 0.048904 -0.375413 -0.902561 0.210828 -0.141130 -0.988992 0.044471 
0.765211 0.571799 -0.295801 -0.941208 0.329381 -0.075077 0.062441 0.996704 -0.051796 0.614567 -0.784957 0.078418 -0.360169 -0.901144 0.241285 -0.130964 -0.988493 0.075703 
0.755436 0.568795 -0.325251 -0.947924 0.306319 -0.087234 0.054402 0.994994 -0.083834 0.625510 -0.772898 0.106607 -0.341135 -0.909873 0.236133 -0.122706 -0.985250 0.119268 
0.746122 0.564580 -0.352918 -0.954451 0.283286 -0.093660 0.047268 0.992212 -0.115242 0.635671 -0.760557 0.132193 -0.319979 -0.924170 0.208621 -0.115950 -0.979207 0.166461 
0.737052 0.560278 -0.377947 -0.960325 0.261446 -0.097065 0.040410 0.988824 -0.143508 0.645497 -0.747926 0.154729 -0.297784 -0.940038 0.166292 -0.109667 -0.971099 0.211990 
0.728415 0.556068 -0.400250 -0.965496 0.240730 -0.099327 0.033358 0.985306 -0.167511 0.654933 -0.735154 0.174962 -0.274662 -0.954822 0.113470 -0.103355 -0.961868 0.253234 
0.721090 0.551670 -0.419152 -0.969884 0.221155 -0.102052 0.025952 0.982144 -0.186332 0.663259 -0.722844 0.193866 -0.250872 -0.966514 0.053972 -0.096977 -0.952672 0.288116 
0.723801 0.538366 -0.431595 -0.972464 0.207859 -0.105396 0.018640 0.979923 -0.198503 0.662035 -0.716137 0.221036 -0.234781 -0.971813 0.021404 -0.090716 -0.947401 0.306924 
0.722698 0.537169 -0.434922 -0.974557 0.197554 -0.105881 0.012474 0.980579 -0.195729 0.663836 -0.712592 0.227011 -0.222872 -0.974833 0.005287 -0.085448 -0.947959 0.306712 
0.716487 0.552231 -0.426247 -0.975655 0.194570 -0.101190 0.005225 0.983490 -0.180889 0.671327 -0.709963 0.212776 -0.219255 -0.975668 0.000218 -0.077692 -0.953731 0.290451 
0.707630 0.575491 -0.409963 -0.976299 0.194711 -0.094491 -0.002196 0.987223 -0.159331 0.681569 -0.707186 0.188021 -0.219251 -0.975668 0.000218 -0.069211 -0.961688 0.265268 
0.699572 0.597237 -0.392310 -0.976874 0.194840 -0.088066 -0.008475 0.990643 -0.136218 0.690330 -0.705111 0.162060 -0.219248 -0.975669 0.000202 -0.062045 -0.969207 0.238303 
0.694634 0.612771 -0.376823 -0.977390 0.194954 -0.081858 -0.012945 0.993355 -0.114363 0.695242 -0.705060 0.139747 -0.219241 -0.975671 0.000164 -0.056941 -0.975460 0.212688 
0.692380 0.624330 -0.361695 -0.978231 0.193663 -0.074561 -0.016361 0.995569 -0.092604 0.696983 -0.707272 0.118240 -0.217768 -0.976000 -0.000645 -0.053417 -0.980877 0.187155 
0.691126 0.635325 -0.344538 -0.979083 0.192273 -0.066541 -0.019693 0.997403 -0.069277 0.697546 -0.710263 0.094635 -0.216173 -0.976353 -0.002025 -0.050193 -0.985876 0.159779 
0.689165 0.648899 -0.322461 -0.979572 0.193126 -0.056048 -0.023718 0.998808 -0.042655 0.699008 -0.712006 0.066590 -0.216460 -0.976241 -0.009975 -0.045923 -0.990535 0.129351 
0.686840 0.663207 -0.297332 -0.980001 0.194070 -0.043982 -0.028016 0.999516 -0.013514 0.700642 -0.712664 0.034795 -0.216771 -0.975944 -0.023332 -0.041412 -0.994421 0.097012 
0.685776 0.679610 -0.260464 -0.980260 0.195436 -0.029915 -0.031749 0.999437 0.010862 0.703620 -0.710556 0.005319 -0.217796 -0.975227 -0.038691 -0.037840 -0.997047 0.066825 
0.695232 0.682492 -0.225515 -0.979154 0.202421 -0.016821 -0.029955 0.999441 0.014859 0.699481 -0.714649 0.001420 -0.224564 -0.972516 -0.061516 -0.040064 -0.997535 0.057615 
0.701208 0.680019 -0.214200 -0.977748 0.208850 -0.019757 -0.028186 0.999380 0.021099 0.694935 -0.719072 0.000341 -0.229886 -0.969292 -0.087326 -0.042102 -0.997594 0.055077 
0.707559 0.674326 -0.211294 -0.976355 0.215787 -0.012946 -0.026882 0.999495 0.016931 0.687968 -0.725730 -0.003979 -0.237811 -0.968742 -0.070607 -0.043737 -0.997471 0.056026 
0.714837 0.666729 -0.210903 -0.974909 0.222446 -0.008370 -0.025435 0.999619 0.010756 0.678194 -0.734717 -0.015636 -0.245323 -0.968564 -0.041229 -0.045935 -0.997223 0.058620 
0.714528 0.669345 -0.203535 -0.973504 0.228556 -0.007221 -0.024699 0.999690 0.003185 0.677380 -0.735002 -0.030467 -0.251852 -0.967729 -0.008416 -0.047248 -0.997018 0.061009 
0.708548 0.677840 -0.196195 -0.973351 0.229142 -0.009053 -0.024745 0.999693 0.001528 0.682559 -0.729383 -0.045964 -0.252553 -0.967566 0.005788 -0.047798 -0.996973 0.061321 
0.703134 0.685378 -0.189365 -0.972871 0.231150 -0.009573 -0.025101 0.999683 0.001705 0.687584 -0.723831 -0.057415 -0.254610 -0.966941 0.014120 -0.047103 -0.997107 0.059660 
0.700616 0.689720 -0.182820 -0.971938 0.235158 -0.006138 -0.025359 0.999678 0.001195 0.690703 -0.720506 -0.061642 -0.258546 -0.965857 0.016534 -0.045945 -0.997258 0.058013 
0.698105 0.692990 -0.180042 -0.971641 0.236431 -0.003716 -0.025437 0.999676 0.000771 0.693663 -0.717578 -0.062562 -0.259769 -0.965573 0.013730 -0.045241 -0.997286 0.058083 
0.695334 0.695131 -0.182492 -0.971790 0.235833 -0.002504 -0.025414 0.999677 0.000473 0.696040 -0.715254 -0.062771 -0.259159 -0.965794 0.008890 -0.044792 -0.997190 0.060054 
0.693106 0.695588 -0.189107 -0.972377 0.233411 -0.001584 -0.025284 0.999680 0.000174 0.697200 -0.714169 -0.062250 -0.256743 -0.966475 0.003170 -0.044747 -0.996992 0.063288 
0.690640 0.695367 -0.198698 -0.972749 0.231862 0.000074 -0.025276 0.999680 -0.000223 0.698039 -0.713411 -0.061537 -0.255199 -0.966888 -0.000110 -0.044255 -0.996797 0.066613 
0.687568 0.694347 -0.212445 -0.973163 0.230093 -0.003148 -0.025462 0.999676 -0.000708 0.698220 -0.713130 -0.062720 -0.253449 -0.967346 0.002458 -0.043524 -0.996528 0.070973 
0.684677 0.693905 -0.222963 -0.973437 0.228937 -0.002989 -0.025629 0.999671 -0.000835 0.698523 -0.712636 -0.064934 -0.252299 -0.967647 0.002202 -0.042812 -0.996306 0.074444 
0.683374 0.692973 -0.229757 -0.973715 0.227752 -0.002661 -0.025746 0.999668 -0.000939 0.698058 -0.712953 -0.066422 -0.251120 -0.967954 0.002008 -0.042488 -0.996148 0.076702 
0.683005 0.692571 -0.232056 -0.973846 0.227198 -0.002389 -0.025782 0.999667 -0.000996 0.697748 -0.713181 -0.067235 -0.250568 -0.968097 0.001827 -0.042408 -0.996086 0.077551 
0.683025 0.692269 -0.232896 -0.973885 0.227033 -0.002079 -0.025801 0.999667 -0.001047 0.697411 -0.713456 -0.067809 -0.250401 -0.968141 0.001672 -0.042376 -0.996057 0.077943 
0.683989 0.691348 -0.232800 -0.974049 0.226330 -0.001807 -0.025826 0.999666 -0.001072 0.696430 -0.714410 -0.067848 -0.249703 -0.968321 0.001533 -0.042606 -0.996045 0.077965 
0.685333 0.690529 -0.231278 -0.974131 0.225978 -0.001605 -0.025796 0.999667 -0.001085 0.695414 -0.715412 -0.067719 -0.249353 -0.968412 0.001408 -0.042933 -0.996062 0.077568 
0.686912 0.689363 -0.230067 -0.974175 0.225790 -0.001430 -0.025803 0.999666 -0.001081 0.694222 -0.716643 -0.066924 -0.249164 -0.968460 0.001311 -0.043190 -0.996088 0.077092 
0.688112 0.688355 -0.229499 -0.974245 0.225487 -0.001385 -0.025844 0.999665 -0.001057 0.693309 -0.717615 -0.065964 -0.248863 -0.968538 0.001141 -0.043349 -0.996107 0.076753 
0.688552 0.688234 -0.228539 -0.974251 0.225464 -0.001405 -0.025841 0.999665 -0.001084 0.693191 -0.717782 -0.065384 -0.248840 -0.968544 0.001157 -0.043444 -0.996130 0.076399 
0.688674 0.688254 -0.228113 -0.974251 0.225463 -0.001294 -0.025837 0.999666 -0.001100 0.693205 -0.717788 -0.065172 -0.248840 -0.968544 0.001055 -0.043485 -0.996139 0.076270 
0.689124 0.687690 -0.228452 -0.974275 0.225356 -0.001702 -0.025848 0.999665 -0.001166 0.692856 -0.718207 -0.064257 -0.248734 -0.968571 0.001445 -0.043545 -0.996139 0.076231 
0.689477 0.687298 -0.228567 -0.974313 0.225188 -0.002205 -0.025831 0.999666 -0.001098 0.692622 -0.718499 -0.063503 -0.248566 -0.968614 0.000916 -0.043645 -0.996131 0.076275 
0.689808 0.686949 -0.228616 -0.974372 0.224920 -0.003151 -0.025803 0.999667 -0.000966 0.692418 -0.718759 -0.062790 -0.248300 -0.968683 -0.000004 -0.043780 -0.996114 0.076418 
0.690341 0.686321 -0.228897 -0.974499 0.224346 -0.004634 -0.025875 0.999665 -0.001172 0.691989 -0.719250 -0.061893 -0.247739 -0.968825 0.001754 -0.043889 -0.996115 0.076349 
0.690579 0.686082 -0.228895 -0.974504 0.224332 -0.004216 -0.025891 0.999664 -0.001171 0.691855 -0.719425 -0.061353 -0.247723 -0.968830 0.001599 -0.043904 -0.996125 0.076211 
0.690986 0.685667 -0.228908 -0.974573 0.223993 -0.005860 -0.025856 0.999665 -0.001341 0.691587 -0.719748 -0.060592 -0.247397 -0.968910 0.002955 -0.044086 -0.996118 0.076195 
0.691239 0.685423 -0.228877 -0.974581 0.223974 -0.005323 -0.025882 0.999664 -0.001321 0.691446 -0.719929 -0.060034 -0.247374 -0.968916 0.002683 -0.044092 -0.996130 0.076033 
0.691574 0.685173 -0.228612 -0.974603 0.223873 -0.005456 -0.025852 0.999665 -0.001194 0.691295 -0.720130 -0.059366 -0.247270 -0.968946 0.001524 -0.044204 -0.996126 0.076025 
0.692154 0.684386 -0.229216 -0.974611 0.223838 -0.005436 -0.025821 0.999666 -0.001250 0.690745 -0.720732 -0.058443 -0.247235 -0.968954 0.001777 -0.044282 -0.996124 0.075998 
0.692650 0.683917 -0.229115 -0.974648 0.223652 -0.006373 -0.025770 0.999667 -0.001070 0.690414 -0.721114 -0.057640 -0.247047 -0.969003 0.000571 -0.044441 -0.996110 0.076097 
0.693012 0.683725 -0.228592 -0.974660 0.223606 -0.006235 -0.025765 0.999667 -0.001280 0.690280 -0.721293 -0.057011 -0.247006 -0.969012 0.001687 -0.044530 -0.996132 0.075751 
0.693477 0.683290 -0.228484 -0.974671 0.223559 -0.006192 -0.025747 0.999668 -0.001237 0.689977 -0.721644 -0.056231 -0.246957 -0.969025 0.001295 -0.044618 -0.996138 0.075617 
0.694020 0.682652 -0.228741 -0.974701 0.223395 -0.007267 -0.025704 0.999669 -0.001234 0.689529 -0.722139 -0.055353 -0.246800 -0.969065 0.001527 -0.044752 -0.996131 0.075637 
0.694449 0.682291 -0.228517 -0.974733 0.223227 -0.008121 -0.025663 0.999670 -0.001235 0.689268 -0.722441 -0.054671 -0.246636 -0.969107 0.001666 -0.044895 -0.996131 0.075553 
0.694934 0.681630 -0.229015 -0.974756 0.223086 -0.009169 -0.025612 0.999671 -0.001409 0.688816 -0.722934 -0.053846 -0.246510 -0.969136 0.002935 -0.045010 -0.996125 0.075560 
0.695094 0.681738 -0.228206 -0.974754 0.223072 -0.009646 -0.025504 0.999674 -0.001195 0.688933 -0.722861 -0.053320 -0.246486 -0.969145 0.001516 -0.045187 -0.996126 0.075446 
0.695579 0.681243 -0.228205 -0.974765 0.223018 -0.009787 -0.025477 0.999675 -0.001288 0.688587 -0.723250 -0.052505 -0.246440 -0.969155 0.002273 -0.045292 -0.996138 0.075220 
0.695951 0.680955 -0.227931 -0.974793 0.222888 -0.010012 -0.025440 0.999676 -0.001197 0.688373 -0.723496 -0.051913 -0.246307 -0.969190 0.001735 -0.045413 -0.996141 0.075106 
0.696321 0.680648 -0.227720 -0.974797 0.222908 -0.009103 -0.025449 0.999675 -0.001194 0.688134 -0.723761 -0.051393 -0.246321 -0.969187 0.001578 -0.045453 -0.996160 0.074832 
0.697089 0.679512 -0.228759 -0.974839 0.222437 -0.014503 -0.025109 0.999684 -0.001125 0.687298 -0.724627 -0.050373 -0.245895 -0.969292 0.002856 -0.045998 -0.996088 0.075446 
0.696831 0.679883 -0.228443 -0.974948 0.221948 -0.014704 -0.025307 0.999679 -0.001186 0.687777 -0.724217 -0.049719 -0.245407 -0.969417 0.002678 -0.045834 -0.996105 0.075330 
0.697207 0.679503 -0.228423 -0.974959 0.221910 -0.014511 -0.025243 0.999681 -0.001239 0.687524 -0.724505 -0.049017 -0.245375 -0.969423 0.003115 -0.045966 -0.996116 0.075102 
0.697543 0.679177 -0.228369 -0.974988 0.221831 -0.013768 -0.025310 0.999679 -0.001328 0.687292 -0.724763 -0.048453 -0.245297 -0.969441 0.003571 -0.045939 -0.996138 0.074821 
0.697960 0.678763 -0.228324 -0.974962 0.221951 -0.013700 -0.025188 0.999682 -0.001126 0.686963 -0.725110 -0.047932 -0.245395 -0.969421 0.001956 -0.046092 -0.996126 0.074893 
0.698581 0.677884 -0.229039 -0.974892 0.222234 -0.014051 -0.025069 0.999685 -0.001412 0.686314 -0.725779 -0.047094 -0.245706 -0.969336 0.004037 -0.046188 -0.996132 0.074745 
0.698835 0.677743 -0.228677 -0.974898 0.222170 -0.014643 -0.025010 0.999686 -0.001262 0.686227 -0.725895 -0.046569 -0.245633 -0.969358 0.003090 -0.046297 -0.996130 0.074710 
0.699036 0.677772 -0.227977 -0.974936 0.222002 -0.014666 -0.024978 0.999687 -0.001385 0.686231 -0.725912 -0.046240 -0.245480 -0.969393 0.004072 -0.046425 -0.996152 0.074333 
0.699302 0.677541 -0.227849 -0.974927 0.222001 -0.015267 -0.024795 0.999692 -0.001030 0.686076 -0.726091 -0.045731 -0.245447 -0.969409 0.001485 -0.046662 -0.996123 0.074582 
0.699694 0.677180 -0.227718 -0.974928 0.221956 -0.015824 -0.024720 0.999694 -0.001246 0.685774 -0.726404 -0.045291 -0.245430 -0.969409 0.003231 -0.046818 -0.996133 0.074350 
0.700125 0.676678 -0.227884 -0.974936 0.221905 -0.016049 -0.024696 0.999694 -0.001247 0.685384 -0.726806 -0.044756 -0.245383 -0.969420 0.003361 -0.046897 -0.996133 0.074299 
0.700300 0.676604 -0.227566 -0.974845 0.222315 -0.015930 -0.024558 0.999698 -0.000982 0.685330 -0.726876 -0.044429 -0.245760 -0.969330 0.001438 -0.046984 -0.996126 0.074329 
0.700545 0.676465 -0.227226 -0.974863 0.222309 -0.014879 -0.024542 0.999698 -0.001021 0.685207 -0.727012 -0.044093 -0.245751 -0.969332 0.001559 -0.047045 -0.996148 0.074000 
0.700837 0.676186 -0.227158 -0.974871 0.222352 -0.013653 -0.024547 0.999698 -0.001019 0.684963 -0.727259 -0.043820 -0.245787 -0.969323 0.001408 -0.047062 -0.996165 0.073757 
0.701068 0.675943 -0.227167 -0.974875 0.222385 -0.012826 -0.024559 0.999698 -0.000975 0.684750 -0.727471 -0.043630 -0.245814 -0.969316 0.001268 -0.047064 -0.996179 0.073568 
0.701243 0.675738 -0.227236 -0.974831 0.222338 -0.016432 -0.024295 0.999704 -0.000875 0.684593 -0.727632 -0.043396 -0.245789 -0.969322 0.001524 -0.047402 -0.996132 0.073988 
0.701325 0.675712 -0.227060 -0.974886 0.222194 -0.015051 -0.024314 0.999704 -0.000894 0.684544 -0.727679 -0.043391 -0.245637 -0.969361 0.001418 -0.047428 -0.996148 0.073750 
0.701380 0.675702 -0.226919 -0.974898 0.222201 -0.014192 -0.024307 0.999704 -0.000853 0.684506 -0.727712 -0.043440 -0.245637 -0.969361 0.001282 -0.047442 -0.996162 0.073560 
0.701400 0.675717 -0.226814 -0.974839 0.222509 -0.013381 -0.024280 0.999705 -0.000762 0.684493 -0.727720 -0.043507 -0.245935 -0.969286 0.000865 -0.047399 -0.996176 0.073401 
0.701402 0.675730 -0.226768 -0.974841 0.222512 -0.013182 -0.024279 0.999705 -0.000660 0.684481 -0.727725 -0.043607 -0.245936 -0.969286 0.000783 -0.047398 -0.996185 0.073274 
0.701379 0.675750 -0.226780 -0.974842 0.222514 -0.013042 -0.024279 0.999705 -0.000562 0.684474 -0.727723 -0.043749 -0.245936 -0.969286 0.000715 -0.047391 -0.996192 0.073182 
0.701344 0.675770 -0.226829 -0.974844 0.222515 -0.012880 -0.024279 0.999705 -0.000478 0.684471 -0.727717 -0.043908 -0.245936 -0.969286 0.000658 -0.047379 -0.996198 0.073113 
0.701298 0.675790 -0.226913 -0.974846 0.222516 -0.012690 -0.024279 0.999705 -0.000410 0.684468 -0.727710 -0.044077 -0.245936 -0.969286 0.000607 -0.047365 -0.996202 0.073067 
0.701243 0.675805 -0.227037 -0.974849 0.222518 -0.012472 -0.024279 0.999705 -0.000356 0.684464 -0.727702 -0.044258 -0.245936 -0.969286 0.000561 -0.047349 -0.996204 0.073044 
0.701224 0.675725 -0.227333 -0.974849 0.222537 -0.012147 -0.024295 0.999705 -0.000323 0.684399 -0.727757 -0.044362 -0.245953 -0.969282 0.000519 -0.047306 -0.996205 0.073058 
0.701147 0.675747 -0.227508 -0.974852 0.222538 -0.011861 -0.024295 0.999705 -0.000296 0.684402 -0.727741 -0.044575 -0.245953 -0.969282 0.000481 -0.047284 -0.996205 0.073072 
0.701082 0.675742 -0.227720 -0.974805 0.222773 -0.011288 -0.024270 0.999705 -0.000287 0.684386 -0.727744 -0.044768 -0.246182 -0.969224 0.000281 -0.047235 -0.996205 0.073104 
0.701000 0.675743 -0.227969 -0.974780 0.222903 -0.010829 -0.024255 0.999706 -0.000283 0.684377 -0.727739 -0.044984 -0.246309 -0.969191 0.000167 -0.047194 -0.996203 0.073155 
0.700907 0.675744 -0.228253 -0.974784 0.222903 -0.010469 -0.024256 0.999706 -0.000292 0.684368 -0.727733 -0.045221 -0.246308 -0.969191 0.000165 -0.047166 -0.996200 0.073222 
0.700800 0.675746 -0.228573 -0.974788 0.222903 -0.010083 -0.024257 0.999706 -0.000309 0.684362 -0.727723 -0.045473 -0.246308 -0.969192 0.000163 -0.047134 -0.996195 0.073307 
0.700715 0.675684 -0.229019 -0.974791 0.222913 -0.009626 -0.024269 0.999705 -0.000339 0.684316 -0.727754 -0.045672 -0.246317 -0.969189 0.000162 -0.047081 -0.996189 0.073417 
0.700592 0.675685 -0.229393 -0.974795 0.222915 -0.009156 -0.024270 0.999705 -0.000370 0.684309 -0.727742 -0.045956 -0.246316 -0.969189 0.000118 -0.047043 -0.996182 0.073536 
0.700460 0.675681 -0.229805 -0.974799 0.222918 -0.008643 -0.024271 0.999705 -0.000409 0.684299 -0.727733 -0.046253 -0.246317 -0.969189 0.000058 -0.047001 -0.996174 0.073672 
0.700338 0.675665 -0.230227 -0.974796 0.222954 -0.008076 -0.024268 0.999705 -0.000465 0.684276 -0.727735 -0.046559 -0.246352 -0.969181 0.000035 -0.046957 -0.996166 0.073814 
0.700204 0.675651 -0.230674 -0.974800 0.222953 -0.007534 -0.024269 0.999705 -0.000526 0.684256 -0.727733 -0.046887 -0.246350 -0.969181 0.000049 -0.046915 -0.996156 0.073968 
