-0.009340 0.000407 0.999956 0.000078 0.001633 0.999999 0.000047 0.001842 0.999998 -0.009347 0.000465 0.999956 
-0.008607 0.000375 0.999963 0.000060 0.001256 0.999999 0.000037 0.001449 0.999999 -0.008613 0.000428 0.999963 
-0.007780 0.000339 0.999970 0.000053 0.001114 0.999999 0.000033 0.001289 0.999999 -0.007785 0.000387 0.999970 
-0.007175 0.000313 0.999974 0.000037 0.000781 1.000000 0.000024 0.000942 1.000000 -0.007178 0.000357 0.999974 
-0.005118 0.000223 0.999987 -0.000003 -0.000059 1.000000 0.000001 0.000056 1.000000 -0.005117 0.000254 0.999987 
-0.004212 0.000183 0.999991 0.000007 0.000146 1.000000 0.000006 0.000240 1.000000 -0.004212 0.000209 0.999991 
-0.003054 0.000133 0.999995 -0.000016 -0.000323 1.000000 -0.000007 -0.000255 1.000000 -0.003051 0.000152 0.999995 
-0.001077 0.000047 0.999999 -0.000060 -0.001255 0.999999 -0.000032 -0.001232 0.999999 -0.001069 0.000053 0.999999 
-0.000960 0.000042 1.000000 -0.000054 -0.001129 0.999999 -0.000028 -0.001108 0.999999 -0.000952 0.000047 1.000000 
0.000981 -0.000043 1.000000 -0.000144 -0.003011 0.999995 -0.000077 -0.003035 0.999995 0.000999 -0.000050 0.999999 
0.003447 -0.000150 0.999994 -0.000076 -0.001582 0.999999 -0.000042 -0.001660 0.999999 0.003456 -0.000171 0.999994 
0.003131 -0.000136 0.999995 -0.000068 -0.001428 0.999999 -0.000038 -0.001499 0.999999 0.003139 -0.000156 0.999995 
0.005087 -0.000221 0.999987 0.000040 0.000839 1.000000 0.000018 0.000726 1.000000 0.005080 -0.000252 0.999987 
0.005209 -0.000226 0.999986 0.000080 0.001670 0.999999 0.000040 0.001555 0.999999 0.005197 -0.000258 0.999986 
0.005855 -0.000255 0.999983 -0.000003 -0.000053 1.000000 -0.000005 -0.000184 1.000000 0.005853 -0.000290 0.999983 
0.007367 -0.000317 0.999973 0.000080 0.001692 0.999999 0.000038 0.001529 0.999999 0.007355 -0.000361 0.999973 
0.011262 -0.000485 0.999936 0.000083 0.001758 0.999998 0.000038 0.001508 0.999999 0.011248 -0.000553 0.999937 
0.014025 -0.000603 0.999901 0.000318 0.006735 0.999977 0.000160 0.006426 0.999979 0.013980 -0.000686 0.999902 
0.015333 -0.000659 0.999882 0.000288 0.006091 0.999981 0.000143 0.005753 0.999983 0.015292 -0.000751 0.999883 
0.022200 -0.000956 0.999753 0.000173 0.003660 0.999993 0.000079 0.003167 0.999995 0.022172 -0.001091 0.999754 
0.025882 -0.001115 0.999664 0.000161 0.003395 0.999994 0.000071 0.002820 0.999996 0.025854 -0.001272 0.999665 
0.029465 -0.001269 0.999565 0.000149 0.003146 0.999995 0.000062 0.002490 0.999997 0.029438 -0.001448 0.999566 
0.033377 -0.001434 0.999442 0.000113 0.002401 0.999997 0.000041 0.001657 0.999999 0.033353 -0.001637 0.999442 
0.036333 -0.001560 0.999339 0.000104 0.002195 0.999998 0.000035 0.001386 0.999999 0.036310 -0.001782 0.999339 
0.038962 -0.001673 0.999239 0.000094 0.001995 0.999998 0.000028 0.001126 0.999999 0.038939 -0.001911 0.999240 
0.042627 -0.001829 0.999089 0.000115 0.002433 0.999997 0.000037 0.001483 0.999999 0.042601 -0.002089 0.999090 
0.044907 -0.001927 0.998989 0.000110 0.002324 0.999997 0.000033 0.001323 0.999999 0.044880 -0.002201 0.998990 
0.047863 -0.002046 0.998852 0.000179 0.003819 0.999993 0.000068 0.002753 0.999996 0.047827 -0.002338 0.998853 
0.050340 -0.002153 0.998730 0.000184 0.003918 0.999992 0.000069 0.002797 0.999996 0.050302 -0.002460 0.998731 
0.054067 -0.002320 0.998535 0.000070 0.001489 0.999999 0.000007 0.000283 1.000000 0.054043 -0.002650 0.998535 
0.054296 -0.002329 0.998522 0.000061 0.001297 0.999999 0.000002 0.000086 1.000000 0.054274 -0.002661 0.998523 
0.055885 -0.002392 0.998434 0.000094 0.001996 0.999998 0.000019 0.000751 1.000000 0.055857 -0.002734 0.998435 
0.056804 -0.002426 0.998382 0.000155 0.003309 0.999995 0.000050 0.002044 0.999998 0.056769 -0.002773 0.998384 
0.057017 -0.002434 0.998370 0.000141 0.002996 0.999996 0.000042 0.001726 0.999999 0.056983 -0.002783 0.998371 
0.057252 -0.002443 0.998357 0.000128 0.002720 0.999996 0.000036 0.001444 0.999999 0.057220 -0.002793 0.998358 
0.057590 -0.002454 0.998337 0.000103 0.002191 0.999998 0.000022 0.000907 1.000000 0.057561 -0.002806 0.998338 
0.058827 -0.002507 0.998265 -0.000018 -0.000378 1.000000 -0.000042 -0.001691 0.999999 0.058813 -0.002867 0.998265 
0.058912 -0.002506 0.998260 0.000032 0.000678 1.000000 -0.000016 -0.000636 1.000000 0.058892 -0.002867 0.998260 
0.058182 -0.002475 0.998303 0.000028 0.000590 1.000000 -0.000017 -0.000708 1.000000 0.058163 -0.002831 0.998303 
0.057373 -0.002440 0.998350 0.000025 0.000523 1.000000 -0.000019 -0.000756 1.000000 0.057354 -0.002792 0.998350 
0.056346 -0.002396 0.998408 0.000021 0.000454 1.000000 -0.000020 -0.000802 1.000000 0.056328 -0.002741 0.998409 
0.055095 -0.002343 0.998478 0.000019 0.000400 1.000000 -0.000020 -0.000829 1.000000 0.055078 -0.002680 0.998478 
0.053614 -0.002280 0.998559 0.000017 0.000365 1.000000 -0.000020 -0.000831 1.000000 0.053597 -0.002608 0.998559 
0.051894 -0.002207 0.998650 0.000016 0.000342 1.000000 -0.000020 -0.000816 1.000000 0.051877 -0.002524 0.998650 
0.049922 -0.002123 0.998751 0.000015 0.000312 1.000000 -0.000020 -0.000802 1.000000 0.049907 -0.002428 0.998751 
0.047689 -0.002028 0.998860 0.000013 0.000267 1.000000 -0.000020 -0.000797 1.000000 0.047675 -0.002320 0.998860 
0.045182 -0.001921 0.998977 0.000011 0.000230 1.000000 -0.000019 -0.000778 1.000000 0.045169 -0.002197 0.998977 
0.042386 -0.001802 0.999100 0.000010 0.000205 1.000000 -0.000018 -0.000741 1.000000 0.042374 -0.002061 0.999100 
0.039286 -0.001670 0.999227 0.000009 0.000185 1.000000 -0.000017 -0.000691 1.000000 0.039274 -0.001911 0.999227 
0.035864 -0.001525 0.999356 0.000008 0.000172 1.000000 -0.000015 -0.000628 1.000000 0.035854 -0.001744 0.999356 
0.032103 -0.001365 0.999484 0.000008 0.000165 1.000000 -0.000014 -0.000551 1.000000 0.032093 -0.001561 0.999484 
0.027980 -0.001189 0.999608 0.000008 0.000164 1.000000 -0.000011 -0.000461 1.000000 0.027972 -0.001361 0.999608 
0.023475 -0.000998 0.999724 0.000008 0.000167 1.000000 -0.000009 -0.000356 1.000000 0.023467 -0.001141 0.999724 
0.018562 -0.000789 0.999827 0.000008 0.000177 1.000000 -0.000006 -0.000237 1.000000 0.018556 -0.000903 0.999827 
0.013214 -0.000562 0.999913 0.000009 0.000193 1.000000 -0.000003 -0.000102 1.000000 0.013209 -0.000642 0.999913 
0.007401 -0.000315 0.999973 0.000010 0.000218 1.000000 0.000001 0.000053 1.000000 0.007398 -0.000360 0.999973 
0.001090 -0.000046 0.999999 0.000011 0.000228 1.000000 0.000005 0.000204 1.000000 0.001089 -0.000053 0.999999 
0.000991 -0.000042 1.000000 0.000009 0.000194 1.000000 0.000004 0.000172 1.000000 0.000990 -0.000048 1.000000 
0.004411 -0.000188 0.999990 -0.000084 -0.001787 0.999998 -0.000046 -0.001886 0.999998 0.004421 -0.000215 0.999990 
0.003301 -0.000140 0.999995 -0.000075 -0.001591 0.999999 -0.000041 -0.001666 0.999999 0.003310 -0.000161 0.999995 
0.002950 -0.000126 0.999996 -0.000067 -0.001421 0.999999 -0.000037 -0.001488 0.999999 0.002958 -0.000144 0.999996 
0.001802 -0.000077 0.999998 -0.000072 -0.001526 0.999999 -0.000039 -0.001567 0.999999 0.001811 -0.000088 0.999998 
0.001627 -0.000069 0.999999 -0.000065 -0.001380 0.999999 -0.000035 -0.001417 0.999999 0.001635 -0.000080 0.999999 
0.001725 -0.000074 0.999999 -0.000055 -0.001162 0.999999 -0.000030 -0.001201 0.999999 0.001732 -0.000085 0.999998 
-0.004104 0.000179 0.999992 0.000168 0.003501 0.999994 0.000092 0.003595 0.999994 -0.004124 0.000205 0.999991 
-0.003667 0.000160 0.999993 0.000149 0.003106 0.999995 0.000082 0.003190 0.999995 -0.003685 0.000183 0.999993 
-0.002924 0.000128 0.999996 0.000141 0.002939 0.999996 0.000077 0.003006 0.999995 -0.002941 0.000146 0.999996 
-0.007000 0.000308 0.999975 -0.000011 -0.000228 1.000000 -0.000002 -0.000072 1.000000 -0.006997 0.000350 0.999975 
-0.006170 0.000271 0.999981 -0.000056 -0.001169 0.999999 -0.000027 -0.001032 0.999999 -0.006161 0.000308 0.999981 
-0.007139 0.000313 0.999974 0.000017 0.000346 1.000000 0.000013 0.000505 1.000000 -0.007139 0.000357 0.999974 
-0.006456 0.000283 0.999979 0.000014 0.000297 1.000000 0.000011 0.000441 1.000000 -0.006456 0.000323 0.999979 
-0.005852 0.000257 0.999983 0.000013 0.000261 1.000000 0.000010 0.000392 1.000000 -0.005852 0.000293 0.999983 
-0.005920 0.000260 0.999982 0.000011 0.000222 1.000000 0.000009 0.000355 1.000000 -0.005919 0.000296 0.999982 
-0.011937 0.000521 0.999929 -0.000075 -0.001555 0.999999 -0.000033 -0.001290 0.999999 -0.011924 0.000594 0.999929 
-0.014428 0.000630 0.999896 -0.000071 -0.001484 0.999999 -0.000030 -0.001163 0.999999 -0.014414 0.000718 0.999896 
-0.019800 0.000865 0.999804 -0.000065 -0.001349 0.999999 -0.000023 -0.000908 1.000000 -0.019786 0.000986 0.999804 
-0.027079 0.001183 0.999633 -0.000057 -0.001194 0.999999 -0.000015 -0.000591 1.000000 -0.027065 0.001349 0.999633 
-0.034625 0.001513 0.999399 -0.000050 -0.001048 0.999999 -0.000007 -0.000276 1.000000 -0.034609 0.001725 0.999399 
-0.042313 0.001849 0.999103 -0.000044 -0.000919 1.000000 0.000001 0.000024 1.000000 -0.042295 0.002108 0.999103 
-0.050173 0.002192 0.998738 -0.000039 -0.000812 1.000000 0.000008 0.000307 1.000000 -0.050154 0.002499 0.998738 
-0.058078 0.002538 0.998309 -0.000035 -0.000726 1.000000 0.000015 0.000570 1.000000 -0.058057 0.002893 0.998309 
-0.066009 0.002884 0.997815 -0.000032 -0.000659 1.000000 0.000021 0.000813 1.000000 -0.065987 0.003288 0.997815 
-0.074008 0.003232 0.997252 -0.000029 -0.000609 1.000000 0.000027 0.001042 0.999999 -0.073984 0.003686 0.997253 
-0.082143 0.003587 0.996614 -0.000027 -0.000569 1.000000 0.000033 0.001263 0.999999 -0.082117 0.004091 0.996614 
-0.090498 0.003952 0.995889 -0.000025 -0.000530 1.000000 0.000038 0.001489 0.999999 -0.090470 0.004508 0.995889 
-0.099184 0.004332 0.995060 -0.000024 -0.000506 1.000000 0.000044 0.001707 0.999999 -0.099153 0.004941 0.995060 
-0.108244 0.004728 0.994113 -0.000024 -0.000504 1.000000 0.000049 0.001911 0.999998 -0.108211 0.005394 0.994113 
-0.117728 0.005143 0.993033 -0.000025 -0.000530 1.000000 0.000054 0.002097 0.999998 -0.117692 0.005868 0.993033 
-0.131288 0.005776 0.991327 -0.000093 -0.001932 0.999998 0.000026 0.000996 1.000000 -0.131239 0.006585 0.991329 
-0.144264 0.006403 0.989518 -0.000148 -0.003055 0.999995 0.000004 0.000162 1.000000 -0.144204 0.007294 0.989521 
-0.160426 0.007212 0.987021 -0.000273 -0.005624 0.999984 -0.000054 -0.002048 0.999998 -0.160345 0.008204 0.987027 
-0.175747 0.008043 0.984402 -0.000240 -0.004869 0.999988 -0.000026 -0.000951 1.000000 -0.175666 0.009134 0.984408 
-0.187173 0.008553 0.982290 -0.000217 -0.004398 0.999990 -0.000006 -0.000224 1.000000 -0.187091 0.009717 0.982295 
-0.200502 0.009150 0.979651 -0.000196 -0.003987 0.999992 0.000013 0.000484 1.000000 -0.200418 0.010400 0.979655 
-0.216037 0.009925 0.976335 -0.000107 -0.002142 0.999998 0.000075 0.002677 0.999996 -0.215959 0.011278 0.976337 
-0.232309 0.010700 0.972583 -0.000161 -0.003234 0.999995 0.000055 0.001948 0.999998 -0.232219 0.012160 0.972588 
-0.249402 0.011535 0.968331 -0.000095 -0.001891 0.999998 0.000105 0.003673 0.999993 -0.249315 0.013109 0.968334 
-0.267838 0.012440 0.963384 -0.000030 -0.000588 1.000000 0.000158 0.005388 0.999985 -0.267752 0.014140 0.963384 
-0.288847 0.013549 0.957279 -0.000057 -0.001110 0.999999 0.000159 0.005334 0.999986 -0.288750 0.015394 0.957281 
-0.308145 0.014446 0.951230 -0.000051 -0.001007 0.999999 0.000175 0.005868 0.999983 -0.308042 0.016427 0.951231 
-0.331072 0.015637 0.943476 -0.000014 -0.000266 1.000000 0.000219 0.007122 0.999975 -0.330964 0.017782 0.943476 
-0.355321 0.016731 0.934595 -0.000003 -0.000056 1.000000 0.000243 0.007872 0.999969 -0.355206 0.019056 0.934594 
-0.381034 0.018144 0.924383 -0.000029 -0.000547 1.000000 0.000250 0.007954 0.999968 -0.380905 0.020665 0.924383 
-0.406288 0.019256 0.913542 -0.000034 -0.000660 1.000000 0.000264 0.008405 0.999965 -0.406149 0.021976 0.913543 
-0.433024 0.020518 0.901149 -0.000035 -0.000667 1.000000 0.000286 0.008995 0.999960 -0.432874 0.023456 0.901149 
-0.461519 0.021862 0.886861 -0.000035 -0.000680 1.000000 0.000309 0.009617 0.999954 -0.461357 0.025044 0.886861 
-0.493642 0.023547 0.869347 -0.000097 -0.001869 0.999998 0.000295 0.009145 0.999958 -0.493456 0.027019 0.869351 
-0.528242 0.025386 0.848714 -0.000065 -0.001232 0.999999 0.000353 0.010553 0.999944 -0.528042 0.029192 0.848717 
-0.562053 0.027007 0.826660 -0.000069 -0.001313 0.999999 0.000381 0.011227 0.999937 -0.561834 0.031165 0.826663 
-0.598587 0.028787 0.800540 -0.000065 -0.001228 0.999999 0.000421 0.012127 0.999926 -0.598347 0.033359 0.800542 
-0.637308 0.030763 0.769995 -0.000072 -0.001363 0.999999 0.000458 0.012855 0.999917 -0.637040 0.035824 0.769998 
-0.677906 0.033101 0.734403 -0.000084 -0.001570 0.999999 0.000500 0.013554 0.999908 -0.677602 0.038745 0.734408 
-0.719734 0.035685 0.693332 -0.000098 -0.001816 0.999998 0.000548 0.014240 0.999898 -0.719386 0.042032 0.693337 
-0.762192 0.038143 0.646226 -0.000113 -0.002079 0.999998 0.000595 0.014924 0.999888 -0.761790 0.045355 0.646234 
-0.804350 0.040162 0.592797 -0.000121 -0.002226 0.999998 0.000645 0.015717 0.999876 -0.803885 0.048458 0.592807 
-0.844977 0.041169 0.533216 -0.000098 -0.001816 0.999998 0.000717 0.017032 0.999855 -0.844445 0.050858 0.533223 
-0.883084 0.041058 0.467416 -0.000060 -0.001109 0.999999 0.000804 0.018586 0.999827 -0.882471 0.052610 0.467415 
-0.919629 0.045391 0.390156 -0.000127 -0.002315 0.999997 0.000843 0.018195 0.999834 -0.918798 0.059800 0.390172 
-0.949328 0.076894 0.304735 -0.000722 -0.015722 0.999876 0.000215 0.005499 0.999985 -0.947508 0.095893 0.305012 
-0.967485 0.052262 0.247472 -0.000247 -0.013664 0.999907 0.000100 0.007941 0.999968 -0.965825 0.076105 0.247769 
-0.977978 0.041428 0.204554 0.000252 -0.016482 0.999864 -0.000106 0.005346 0.999986 -0.976218 0.070526 0.204999 
0.001964 -0.049607 0.998767 0.001189 -0.027609 0.999618 
0.037516 -0.021156 0.999072 -0.115374 0.075031 0.990484 0.004078 -0.086522 0.996242 0.226821 -0.610559 0.758795 -0.428219 0.613548 0.663466 
0.026907 -0.015492 0.999518 -0.125114 0.084176 0.988565 0.005390 -0.126554 0.991945 0.123514 -0.695916 0.707422 -0.388162 0.547370 0.741429 
0.013717 -0.007980 0.999874 -0.137762 0.094075 0.985988 0.005196 -0.154825 0.987928 -0.058251 -0.738010 0.672271 -0.336941 0.452662 0.825571 
0.013452 -0.007921 0.999878 -0.139864 0.096940 0.985414 0.003998 -0.175566 0.984460 -0.345787 0.920657 0.181169 -0.275638 -0.714293 0.643280 -0.242717 0.355068 0.902782 
-0.573474 -0.458257 0.679065 0.014094 -0.008227 0.999867 -0.079112 0.149004 0.985667 -0.139853 0.096382 0.985470 0.005114 -0.201039 0.979570 -0.362336 0.908245 0.209294 
-0.572448 -0.105421 0.813136 0.026161 -0.015088 0.999544 0.074131 -0.206877 0.975554 -0.123642 0.085934 0.988599 0.009327 -0.236888 0.971492 -0.277751 0.930210 0.239924 
-0.534516 0.062295 0.842860 0.052682 -0.029572 0.998173 0.065474 -0.393068 0.917175 -0.111440 0.079016 0.990625 0.014237 -0.246568 0.969021 -0.140129 0.959692 0.243629 
-0.043414 -0.505695 0.861619 -0.116939 0.080376 0.989881 -0.458517 0.215321 0.862206 0.077521 -0.038315 0.996254 0.016223 0.971742 0.235489 0.016506 -0.210377 0.977481 
0.038052 -0.015419 0.999157 -0.137848 0.082033 0.987050 0.171869 0.965589 0.195189 0.015463 -0.163918 0.986353 -0.219273 -0.515827 0.828156 -0.318183 0.282263 0.905034 
-0.219774 0.284723 0.933077 -0.219515 0.103462 0.970108 -0.331575 -0.422381 0.843595 -0.010816 0.003349 0.999936 0.012315 -0.109291 0.993933 
0.007864 -0.055598 0.998422 -0.216540 0.301565 0.928531 -0.346373 -0.426646 0.835463 -0.056174 0.015731 0.998297 -0.274911 0.118258 0.954169 
0.006156 -0.041262 0.999129 -0.221397 0.313604 0.923383 -0.349877 -0.444452 0.824651 -0.077853 0.021262 0.996738 -0.296116 0.125986 0.946807 
0.008462 -0.055732 0.998410 0.835570 0.509601 0.205255 -0.378655 -0.457585 0.804510 -0.096887 0.026468 0.994943 -0.198171 0.290703 0.936066 -0.311125 0.135039 0.940726 
0.013391 -0.084750 0.996312 0.779867 0.581374 0.231973 -0.418761 -0.460436 0.782712 -0.109648 0.030074 0.993515 -0.161666 0.242447 0.956600 -0.319352 0.142111 0.936920 
0.019196 -0.117765 0.992856 0.707854 0.659448 0.253122 -0.445857 -0.455857 0.770328 -0.118166 0.032699 0.992455 -0.136098 0.205897 0.969063 -0.321253 0.146868 0.935535 
0.024343 -0.150832 0.988260 0.639279 0.718529 0.273932 -0.462847 -0.447686 0.765082 -0.124356 0.035082 0.991617 -0.118244 0.179535 0.976619 -0.319188 0.150579 0.935652 
0.029175 -0.188293 0.981679 0.567878 0.767152 0.298317 -0.464225 -0.440476 0.768424 -0.129788 0.037699 0.990825 -0.112851 0.170692 0.978841 -0.313123 0.153555 0.937216 
0.033429 -0.230747 0.972439 0.500791 0.800538 0.329161 -0.458687 -0.437199 0.773604 -0.136009 0.041170 0.989852 -0.114415 0.171685 0.978485 -0.304969 0.157039 0.939326 
0.037015 -0.278869 0.959616 0.436797 0.821677 0.366135 -0.454742 -0.439044 0.774887 -0.142307 0.045283 0.988786 -0.117427 0.174975 0.977545 -0.294942 0.160664 0.941911 
0.379469 0.831703 0.405307 0.039203 -0.328721 0.943613 -0.115900 0.173166 0.978050 -0.284517 0.162860 0.944736 -0.455459 -0.436236 0.776051 -0.147780 0.049082 0.987802 
0.334634 0.831405 0.443606 0.040288 -0.375490 0.925950 -0.114944 0.172489 0.978282 -0.275173 0.162895 0.947494 -0.453662 -0.429630 0.780774 -0.153043 0.052067 0.986847 
-0.116285 0.176848 0.977345 -0.268347 0.161730 0.949649 -0.452402 -0.424749 0.784169 -0.159860 0.054521 0.985633 0.296792 0.824590 0.481628 0.043251 -0.419419 0.906762 
-0.105137 0.160221 0.981466 -0.263676 0.161927 0.950923 -0.464360 -0.423205 0.777989 -0.165615 0.057077 0.984537 0.273598 0.812910 0.514122 0.047143 -0.454571 0.889462 
0.266970 0.802934 0.532939 0.054984 -0.470780 0.880536 -0.093171 0.139758 0.985793 -0.265516 0.163501 0.950141 -0.476563 -0.426731 0.768627 -0.172623 0.059193 0.983208 
0.266932 0.801053 0.535781 0.063610 -0.468963 0.880924 -0.078233 0.116863 0.990062 -0.271776 0.165848 0.947962 -0.491021 -0.422982 0.761567 -0.177943 0.060131 0.982202 
0.274248 0.803700 0.528066 0.064735 -0.458697 0.886232 -0.052020 0.077623 0.995625 -0.274667 0.166395 0.947033 -0.507721 -0.402530 0.761702 -0.175006 0.059022 0.982797 
0.283633 0.806284 0.519093 0.065099 -0.447016 0.892154 -0.016173 0.023517 0.999593 -0.268853 0.162344 0.949401 -0.530491 -0.384517 0.755464 -0.160325 0.054445 0.985562 
0.271719 0.803746 0.529303 0.070238 -0.457265 0.886553 0.008112 -0.011144 0.999905 -0.252745 0.151398 0.955614 -0.546108 -0.387274 0.742823 -0.141367 0.047405 0.988822 
0.242334 0.800072 0.548780 0.085401 -0.475572 0.875522 0.019705 -0.025629 0.999477 -0.245439 0.142241 0.958920 -0.550445 -0.397591 0.734120 -0.136194 0.043073 0.989745 
0.200341 0.794564 0.573176 0.104679 -0.500304 0.859499 0.019383 -0.024135 0.999521 -0.243949 0.134009 0.960484 -0.542012 -0.410255 0.733426 -0.140704 0.040396 0.989227 
0.149626 0.786548 0.599128 0.127003 -0.527677 0.839897 0.005503 -0.006532 0.999964 -0.246721 0.126154 0.960840 -0.519560 -0.430827 0.737866 -0.152741 0.038351 0.987522 
-0.021242 0.024213 0.999481 -0.256804 0.120911 0.958870 -0.485262 -0.450815 0.749191 -0.174141 0.037014 0.984025 0.100751 0.776141 0.622458 0.150985 -0.551028 0.820714 
-0.046557 0.052648 0.997527 -0.272270 0.121884 0.954470 -0.462788 -0.462484 0.756265 -0.196307 0.037353 0.979831 0.076586 0.773518 0.629130 0.163662 -0.556562 0.814526 
-0.049311 0.055711 0.997229 -0.271609 0.123612 0.954436 -0.466107 -0.470965 0.748956 -0.198080 0.038764 0.979419 0.082984 0.768880 0.633985 0.163253 -0.560849 0.811663 
0.100210 0.769238 0.631055 0.158833 -0.556011 0.815858 -0.029479 0.033047 0.999019 -0.271489 0.126227 0.954128 -0.477865 -0.461327 0.747544 -0.195242 0.040129 0.979934 
0.113911 0.778110 0.617713 0.152448 -0.541412 0.826821 -0.014047 0.015435 0.999782 -0.265761 0.124545 0.955960 -0.488953 -0.462258 0.739759 -0.181488 0.038362 0.982645 
0.124086 0.786126 0.605482 0.148833 -0.527240 0.836580 -0.015751 0.016859 0.999734 -0.257194 0.120132 0.958864 -0.491327 -0.479512 0.727095 -0.165753 0.035074 0.985543 
0.119612 0.783075 0.610317 0.153141 -0.531005 0.833416 -0.019987 0.020858 0.999583 -0.250012 0.115536 0.961325 -0.490997 -0.497869 0.714877 -0.158660 0.032729 0.986791 
0.103624 0.780487 0.616524 0.162370 -0.536074 0.828408 -0.026854 0.027327 0.999266 -0.256475 0.114111 0.959791 -0.476606 -0.504297 0.720091 -0.168335 0.032064 0.985208 
0.082806 0.778162 0.622580 0.172922 -0.541316 0.822846 -0.031483 0.031368 0.999012 -0.271366 0.114735 0.955613 -0.457798 -0.498712 0.736008 -0.187806 0.032034 0.981684 
0.065204 0.776108 0.627220 0.181849 -0.545124 0.818395 -0.035171 0.034663 0.998780 -0.277385 0.113160 0.954071 -0.454835 -0.505998 0.732865 -0.195934 0.030641 0.980138 
0.056368 0.776089 0.628099 0.186759 -0.544983 0.817383 -0.037085 0.036517 0.998645 -0.278373 0.111102 0.954025 -0.457074 -0.512340 0.727042 -0.196560 0.029074 0.980061 
0.055224 0.772174 0.633007 0.189370 -0.549285 0.813895 -0.038589 0.038050 0.998530 -0.277885 0.110827 0.954200 -0.457623 -0.514687 0.725037 -0.197948 0.029073 0.979781 
0.061181 0.761223 0.645598 0.190711 -0.561812 0.804982 -0.043170 0.042183 0.998177 -0.274684 0.112384 0.954944 -0.452793 -0.520208 0.724129 -0.200653 0.030983 0.979172 
0.061937 0.754822 0.652999 0.191996 -0.569542 0.799224 -0.044287 0.043143 0.998087 -0.272560 0.112976 0.955483 -0.451402 -0.521750 0.723888 -0.201855 0.031941 0.978894 
0.059670 0.751929 0.656538 0.193488 -0.573334 0.796147 -0.042612 0.041415 0.998233 -0.271446 0.112877 0.955812 -0.452193 -0.521508 0.723568 -0.202117 0.032162 0.978833 
0.057653 0.749280 0.659739 0.194669 -0.576873 0.793298 -0.040265 0.039074 0.998425 -0.270410 0.112786 0.956116 -0.454018 -0.521208 0.722641 -0.202238 0.032355 0.978802 
0.057556 0.746917 0.662421 0.196726 -0.578702 0.791457 -0.027105 0.026181 0.999290 -0.270306 0.113021 0.956118 -0.462607 -0.514965 0.721669 -0.202140 0.032582 0.978815 
0.058444 0.750287 0.658524 0.197226 -0.573459 0.795140 -0.003968 0.003789 0.999985 -0.269006 0.112272 0.956572 -0.476362 -0.504222 0.720305 -0.196890 0.031924 0.979906 
0.060127 0.752768 0.655534 0.197519 -0.569211 0.798114 0.002683 -0.002531 0.999993 -0.262502 0.109500 0.958698 -0.483350 -0.508836 0.712362 -0.187011 0.030380 0.981888 
0.059880 0.751982 0.656458 0.198729 -0.569533 0.797583 0.000440 -0.000412 1.000000 -0.253978 0.106180 0.961364 -0.486615 -0.519416 0.702433 -0.177229 0.028864 0.983746 
0.057350 0.748112 0.661090 0.200597 -0.574480 0.793557 0.001473 -0.001377 0.999998 -0.245838 0.103328 0.963788 -0.492060 -0.524283 0.694985 -0.169488 0.027826 0.985139 
0.054030 0.741988 0.668232 0.202824 -0.582428 0.787173 -0.000015 0.000014 1.000000 -0.239118 0.101175 0.965705 -0.495054 -0.530651 0.687991 -0.164903 0.027316 0.985931 
0.049356 0.734506 0.676805 0.205182 -0.592376 0.779097 -0.013586 0.012702 0.999827 -0.239298 0.101519 0.965624 -0.484975 -0.539579 0.688225 -0.170359 0.028156 0.984980 
0.044723 0.727235 0.684930 0.207277 -0.601947 0.771165 -0.017644 0.016572 0.999707 -0.247299 0.104763 0.963259 -0.476054 -0.532634 0.699767 -0.184219 0.030222 0.982420 
0.042482 0.723466 0.689051 0.208173 -0.606878 0.767048 -0.010992 0.010358 0.999886 -0.258090 0.109034 0.959948 -0.473156 -0.517311 0.713101 -0.198603 0.032413 0.979544 
0.041998 0.721917 0.690704 0.208148 -0.608996 0.765374 -0.006354 0.005995 0.999962 -0.260942 0.110487 0.959011 -0.474821 -0.511922 0.715878 -0.202534 0.033245 0.978711 
0.041685 0.714073 0.698829 0.209772 -0.617764 0.757868 -0.011761 0.011070 0.999870 -0.257103 0.109981 0.960105 -0.472352 -0.518086 0.713071 -0.202423 0.033817 0.978714 
0.042624 0.697232 0.715578 0.212278 -0.635978 0.741937 -0.020941 0.019644 0.999588 -0.252017 0.110478 0.961396 -0.466314 -0.526278 0.711043 -0.205628 0.035885 0.977972 
0.041285 0.681729 0.730439 0.214396 -0.652749 0.726604 -0.029790 0.027737 0.999171 -0.245605 0.110357 0.963068 -0.460371 -0.536723 0.707097 -0.206695 0.037728 0.977678 
0.037721 0.671372 0.740160 0.217949 -0.663128 0.716072 -0.028958 0.027007 0.999216 -0.242417 0.109708 0.963949 -0.461761 -0.536297 0.706514 -0.207751 0.038339 0.977430 
0.034234 0.663333 0.747541 0.220697 -0.671191 0.707669 -0.019659 0.018507 0.999635 -0.240408 0.108930 0.964540 -0.470277 -0.527356 0.707626 -0.208142 0.038457 0.977342 
0.031198 0.655439 0.754603 0.222935 -0.679067 0.699406 -0.009852 0.009332 0.999908 -0.236560 0.107457 0.965656 -0.478912 -0.519540 0.707617 -0.206243 0.038289 0.977751 
0.028146 0.647009 0.761963 0.224947 -0.687432 0.690533 -0.000795 0.000754 0.999999 -0.229001 0.104624 0.967787 -0.487954 -0.515877 0.704111 -0.200328 0.037629 0.979006 
0.024900 0.637504 0.770044 0.227027 -0.696665 0.680527 0.009062 -0.008574 0.999922 -0.217495 0.100200 0.970905 -0.499531 -0.514606 0.696885 -0.190146 0.036323 0.981084 
0.021218 0.626081 0.779469 0.229333 -0.707474 0.668496 0.019814 -0.018708 0.999629 -0.202680 0.094289 0.974695 -0.513927 -0.513797 0.686944 -0.176739 0.034410 0.983656 
0.017070 0.612877 0.789994 0.232676 -0.719162 0.654727 0.028230 -0.026681 0.999245 -0.187311 0.087852 0.978364 -0.527493 -0.512883 0.677276 -0.163502 0.032300 0.986014 
0.013151 0.601216 0.798979 0.236420 -0.728791 0.642627 0.033543 -0.031895 0.998928 -0.174367 0.082132 0.981249 -0.539364 -0.511652 0.668803 -0.152574 0.030316 0.987827 
0.037152 -0.035557 0.998677 -0.164882 0.077457 0.983267 -0.548549 -0.510074 0.662510 -0.142682 0.028148 0.989368 0.008739 0.597251 0.802007 0.236701 -0.733146 0.637549 
0.039182 -0.037632 0.998523 -0.159841 0.075028 0.984287 -0.553577 -0.508992 0.659150 -0.137534 0.027061 0.990127 0.006924 0.594801 0.803844 0.236618 -0.735723 0.634605 
0.039227 -0.037679 0.998520 -0.159321 0.074785 0.984390 -0.554002 -0.509163 0.658661 -0.136935 0.026941 0.990214 0.006880 0.594741 0.803888 0.236592 -0.735797 0.634529 
0.039215 -0.037646 0.998521 -0.161298 0.075670 0.984001 -0.552820 -0.508653 0.660047 -0.138814 0.027288 0.989942 0.007367 0.595791 0.803106 0.236848 -0.734651 0.635760 
0.033773 -0.032519 0.998900 -0.164044 0.077078 0.983437 -0.548453 -0.511988 0.661111 -0.142508 0.028112 0.989394 0.008085 0.596155 0.802829 0.235321 -0.734915 0.636021 
0.010950 -0.010717 0.999883 -0.174111 0.082616 0.981254 -0.528742 -0.522163 0.669162 -0.156894 0.031507 0.987113 0.009629 0.596740 0.802377 0.229382 -0.736894 0.635902 
-0.014911 0.014943 0.999777 -0.193527 0.093067 0.976671 -0.502081 -0.523805 0.688144 -0.183841 0.037768 0.982230 0.015515 0.594230 0.804146 0.221723 -0.741357 0.633426 
-0.019369 0.019706 0.999618 -0.210810 0.104106 0.971968 -0.496550 -0.516567 0.697564 -0.205754 0.044479 0.977592 0.023978 0.592969 0.804868 0.211169 -0.745262 0.632449 
-0.016133 0.016448 0.999735 -0.209226 0.105768 0.972131 -0.498897 -0.512994 0.698527 -0.205222 0.046444 0.977613 0.031420 0.589664 0.807037 0.204177 -0.749343 0.629918 
-0.010235 0.010343 0.999894 -0.208905 0.105964 0.972178 -0.502287 -0.512125 0.696732 -0.204819 0.046676 0.977686 0.034156 0.587589 0.808438 0.203880 -0.750557 0.628568 
