0.976611 0.215013 0.000000 0.213294 -0.976988 0.000000 -0.241385 0.970430 0.000000 0.824626 0.565679 0.000000 -0.975956 -0.217967 0.000000 -0.825034 -0.565083 0.000000 
-0.975772 -0.218791 0.000000 -0.242205 0.970225 0.000000 0.219664 -0.975576 0.000000 -0.821386 -0.570373 0.000000 0.975187 0.221381 0.000000 0.821935 0.569581 0.000000 
-0.975850 -0.218443 0.000000 -0.241860 0.970311 0.000000 0.227444 -0.973791 0.000000 -0.813759 -0.581203 0.000000 0.973389 0.229158 0.000000 0.815730 0.578432 0.000000 
-0.975764 -0.218825 0.000000 -0.242244 0.970215 0.000000 0.234726 -0.972062 0.000000 -0.800697 -0.599069 0.000000 0.971647 0.236437 0.000000 0.803864 0.594813 0.000000 
-0.975522 -0.219900 0.000000 -0.243797 0.969826 0.000000 0.237985 -0.971269 0.000000 -0.781095 -0.624412 0.000000 0.970849 0.239694 0.000000 0.784525 0.620097 0.000000 
-0.976094 -0.217351 0.000000 -0.242866 0.970060 0.000000 0.230675 -0.973031 0.000000 -0.748915 -0.662667 0.000000 0.972625 0.232379 0.000000 0.751233 0.660037 0.000000 
0.972982 0.230881 0.000000 0.229174 -0.973386 0.000000 -0.263627 0.964625 0.000000 0.727048 0.686587 0.000000 -0.972046 -0.234789 0.000000 -0.728198 -0.685366 0.000000 
0.968308 0.249758 0.000000 0.248046 -0.968748 0.000000 -0.284408 0.958703 0.000000 0.732208 0.681081 0.000000 -0.966468 -0.256789 0.000000 -0.733923 -0.679232 0.000000 
0.965354 0.260946 0.000000 0.259234 -0.965815 0.000000 -0.289755 0.957101 0.000000 0.744008 0.668171 0.000000 -0.963866 -0.266388 0.000000 -0.745417 -0.666598 0.000000 
0.961545 0.274647 0.000000 0.272713 -0.962095 0.000000 -0.303848 0.952721 0.000000 0.748850 0.662740 0.000000 -0.959775 -0.280771 0.000000 -0.750378 -0.661009 0.000000 
0.957018 0.290028 0.000000 0.287445 -0.957797 0.000000 -0.317643 0.948210 0.000000 0.749873 0.661582 0.000000 -0.955596 -0.294679 0.000000 -0.751017 -0.660283 0.000000 
0.954154 0.299316 0.000000 0.296094 -0.955159 0.000000 -0.324136 0.946010 0.000000 0.754155 0.656696 0.000000 -0.953551 -0.301233 0.000000 -0.754649 -0.656129 0.000000 
0.953957 0.299943 0.000000 0.296329 -0.955086 0.000000 -0.324177 0.945996 0.000000 0.758527 0.651642 0.000000 -0.953535 -0.301281 0.000000 -0.758802 -0.651321 0.000000 
-0.953332 -0.301923 0.000000 -0.324810 0.945779 0.000000 0.298768 -0.954326 0.000000 -0.761259 -0.648448 0.000000 0.953059 0.302784 0.000000 0.761472 0.648198 0.000000 
-0.948190 -0.317705 0.000000 -0.340455 0.940261 0.000000 0.320132 -0.947373 0.000000 -0.760191 -0.649700 0.000000 0.945667 0.325138 0.000000 0.761875 0.647724 0.000000 
-0.938235 -0.346000 0.000000 -0.368496 0.929629 0.000000 0.348659 -0.937250 0.000000 -0.755822 -0.654777 0.000000 0.934786 0.355212 0.000000 0.758221 0.651998 0.000000 
-0.929197 -0.369584 0.000000 -0.391854 0.920027 0.000000 0.370189 -0.928956 0.000000 -0.750411 -0.660971 0.000000 0.925829 0.377944 0.000000 0.752933 0.658097 0.000000 
-0.922668 -0.385596 0.000000 -0.407705 0.913114 0.000000 0.383936 -0.923360 0.000000 -0.746164 -0.665762 0.000000 0.919752 0.392501 0.000000 0.748558 0.663069 0.000000 
-0.919966 -0.391998 0.000000 -0.414045 0.910256 0.000000 0.389169 -0.921166 0.000000 -0.744512 -0.667609 0.000000 0.917340 0.398104 0.000000 0.746808 0.665039 0.000000 
-0.919952 -0.392030 0.000000 -0.414077 0.910242 0.000000 0.387553 -0.921848 0.000000 -0.744860 -0.667221 0.000000 0.918029 0.396513 0.000000 0.746805 0.665043 0.000000 
0.954310 0.298817 0.000000 0.298661 -0.954359 0.000000 -0.381839 0.924229 0.000000 0.718778 0.695239 0.000000 -0.933161 -0.359458 0.000000 -0.730518 -0.682894 0.000000 
0.971804 0.235792 0.000000 0.243082 -0.970006 0.000000 -0.357525 0.933904 0.000000 0.687006 0.726652 0.000000 -0.942240 -0.334937 0.000000 -0.702851 -0.711337 0.000000 
0.976886 0.213760 0.000000 0.224591 -0.974453 0.000000 -0.324147 0.946007 0.000000 0.650171 0.759788 0.000000 -0.953535 -0.301282 0.000000 -0.660732 -0.750622 0.000000 
0.980281 0.197611 0.000000 -0.955977 -0.293442 0.000000 -0.316365 0.948637 0.000000 0.619631 0.784893 0.000000 0.207166 -0.978306 0.000000 -0.629839 -0.776726 0.000000 
0.981976 0.189005 0.000000 -0.955883 -0.293747 0.000000 -0.316678 0.948533 0.000000 0.600436 0.799673 0.000000 0.190022 -0.981780 0.000000 -0.610986 -0.791642 0.000000 
0.985472 0.169841 0.000000 -0.955814 -0.293973 0.000000 -0.316929 0.948449 0.000000 0.593410 0.804900 0.000000 0.168187 -0.985755 0.000000 -0.605126 -0.796130 0.000000 
0.990514 0.137411 0.000000 -0.956552 -0.291562 0.000000 -0.314682 0.949197 0.000000 0.592665 0.805449 0.000000 0.135221 -0.990815 0.000000 -0.606105 -0.795385 0.000000 
0.994585 0.103931 0.000000 -0.958389 -0.285467 0.000000 -0.309207 0.950995 0.000000 0.597466 0.801894 0.000000 0.101210 -0.994865 0.000000 -0.612404 -0.790545 0.000000 
0.998172 0.060440 0.000000 -0.958666 -0.284535 0.000000 -0.308592 0.951194 0.000000 0.607061 0.794655 0.000000 0.056962 -0.998376 0.000000 -0.624737 -0.780835 0.000000 
0.998929 0.046261 0.000000 -0.959392 -0.282076 0.000000 -0.307808 0.951449 0.000000 0.608182 0.793797 0.000000 0.044336 -0.999017 0.000000 -0.626841 -0.779147 0.000000 
0.999286 0.037779 0.000000 -0.956695 -0.291093 0.000000 -0.322737 0.946489 0.000000 0.611474 0.791264 0.000000 0.036002 -0.999352 0.000000 -0.631449 -0.775418 0.000000 
0.999600 0.028273 0.000000 -0.957369 -0.288869 0.000000 -0.326740 0.945114 0.000000 0.615861 0.787855 0.000000 0.026476 -0.999649 0.000000 -0.635918 -0.771757 0.000000 
0.999863 0.016562 0.000000 -0.961701 -0.274100 0.000000 -0.315096 0.949060 0.000000 0.618385 0.785875 0.000000 0.014747 -0.999891 0.000000 -0.637190 -0.770707 0.000000 
0.999925 0.012252 0.000000 -0.965006 -0.262228 0.000000 -0.301939 0.953327 0.000000 0.616902 0.787040 0.000000 0.010457 -0.999945 0.000000 -0.634447 -0.772966 0.000000 
0.999927 0.012077 0.000000 -0.966293 -0.257444 0.000000 -0.292926 0.956135 0.000000 0.610584 0.791951 0.000000 0.010277 -0.999947 0.000000 -0.627338 -0.778747 0.000000 
0.999902 0.013969 0.000000 -0.967433 -0.253128 0.000000 -0.283484 0.958977 0.000000 0.601553 0.798833 0.000000 0.012168 -0.999926 0.000000 -0.617419 -0.786635 0.000000 
0.999784 0.020793 0.000000 -0.967962 -0.251096 0.000000 -0.277237 0.960801 0.000000 0.593032 0.805179 0.000000 0.018994 -0.999820 0.000000 -0.608126 -0.793840 0.000000 
0.999571 0.029292 0.000000 -0.968064 -0.250704 0.000000 -0.273981 0.961735 0.000000 0.585355 0.810777 0.000000 0.027504 -0.999622 0.000000 -0.599758 -0.800181 0.000000 
0.999185 0.040370 0.000000 -0.966962 -0.254921 0.000000 -0.276092 0.961131 0.000000 0.576764 0.816911 0.000000 0.038592 -0.999255 0.000000 -0.590718 -0.806878 0.000000 
0.998394 0.056649 0.000000 -0.964686 -0.263401 0.000000 -0.285120 0.958492 0.000000 0.568685 0.822555 0.000000 0.054891 -0.998492 0.000000 -0.581915 -0.813250 0.000000 
0.996942 0.078149 0.000000 -0.961079 -0.276275 0.000000 -0.299348 0.954144 0.000000 0.566363 0.824156 0.000000 0.076392 -0.997078 0.000000 -0.579415 -0.815033 0.000000 
0.996718 0.080947 0.000000 -0.960848 -0.277075 0.000000 -0.300150 0.953892 0.000000 0.566407 0.824125 0.000000 0.079207 -0.996858 0.000000 -0.579293 -0.815120 0.000000 
0.996885 0.078875 0.000000 -0.960635 -0.277814 0.000000 -0.300772 0.953696 0.000000 0.569377 0.822077 0.000000 0.077031 -0.997029 0.000000 -0.582637 -0.812733 0.000000 
0.997179 0.075055 0.000000 -0.960191 -0.279346 0.000000 -0.301940 0.953327 0.000000 0.571434 0.820648 0.000000 0.073137 -0.997322 0.000000 -0.585281 -0.810831 0.000000 
0.997241 0.074233 0.000000 -0.960167 -0.279428 0.000000 -0.302084 0.953281 0.000000 0.572786 0.819705 0.000000 0.072317 -0.997382 0.000000 -0.586772 -0.809752 0.000000 
0.997294 0.073516 0.000000 -0.960069 -0.279763 0.000000 -0.302464 0.953161 0.000000 0.573001 0.819554 0.000000 0.071659 -0.997429 0.000000 -0.587074 -0.809533 0.000000 
0.997411 0.071914 0.000000 -0.960054 -0.279816 0.000000 -0.302554 0.953132 0.000000 0.572885 0.819636 0.000000 0.070122 -0.997538 0.000000 -0.587034 -0.809563 0.000000 
0.997585 0.069461 0.000000 -0.960021 -0.279927 0.000000 -0.302695 0.953087 0.000000 0.573043 0.819525 0.000000 0.067703 -0.997706 0.000000 -0.587355 -0.809329 0.000000 
0.997728 0.067370 0.000000 -0.959998 -0.280005 0.000000 -0.302797 0.953055 0.000000 0.573260 0.819373 0.000000 0.065613 -0.997845 0.000000 -0.587718 -0.809066 0.000000 
0.997884 0.065013 0.000000 -0.960040 -0.279862 0.000000 -0.302703 0.953085 0.000000 0.573524 0.819189 0.000000 0.063255 -0.997997 0.000000 -0.588105 -0.808784 0.000000 
0.998177 0.060359 0.000000 -0.960035 -0.279879 0.000000 -0.302756 0.953068 0.000000 0.573604 0.819132 0.000000 0.058602 -0.998281 0.000000 -0.588365 -0.808595 0.000000 
0.998415 0.056281 0.000000 -0.960049 -0.279833 0.000000 -0.302743 0.953072 0.000000 0.573395 0.819279 0.000000 0.054522 -0.998513 0.000000 -0.588276 -0.808660 0.000000 
0.998611 0.052698 0.000000 -0.960043 -0.279854 0.000000 -0.302760 0.953067 0.000000 0.573282 0.819358 0.000000 0.050942 -0.998702 0.000000 -0.588264 -0.808669 0.000000 
0.998674 0.051483 0.000000 -0.960017 -0.279942 0.000000 -0.302867 0.953033 0.000000 0.573395 0.819279 0.000000 0.049727 -0.998763 0.000000 -0.588391 -0.808576 0.000000 
0.998640 0.052130 0.000000 -0.959966 -0.280117 0.000000 -0.303059 0.952972 0.000000 0.573248 0.819382 0.000000 0.050368 -0.998731 0.000000 -0.588183 -0.808728 0.000000 
0.998638 0.052175 0.000000 -0.960001 -0.279996 0.000000 -0.303137 0.952947 0.000000 0.573263 0.819372 0.000000 0.050413 -0.998728 0.000000 -0.588136 -0.808762 0.000000 
0.998634 0.052244 0.000000 -0.959972 -0.280095 0.000000 -0.303215 0.952922 0.000000 0.573255 0.819377 0.000000 0.050482 -0.998725 0.000000 -0.588090 -0.808795 0.000000 
0.998640 0.052140 0.000000 -0.959937 -0.280215 0.000000 -0.303317 0.952890 0.000000 0.573245 0.819384 0.000000 0.050378 -0.998730 0.000000 -0.588048 -0.808826 0.000000 
0.998659 0.051763 0.000000 -0.959936 -0.280218 0.000000 -0.303306 0.952893 0.000000 0.573232 0.819393 0.000000 0.050000 -0.998749 0.000000 -0.588004 -0.808858 0.000000 
0.998678 0.051408 0.000000 -0.959935 -0.280222 0.000000 -0.303298 0.952896 0.000000 0.573221 0.819401 0.000000 0.049645 -0.998767 0.000000 -0.587968 -0.808884 0.000000 
0.998707 0.050835 0.000000 -0.959934 -0.280226 0.000000 -0.303294 0.952897 0.000000 0.573205 0.819412 0.000000 0.049070 -0.998795 0.000000 -0.587943 -0.808903 0.000000 
0.998752 0.049948 0.000000 -0.959933 -0.280231 0.000000 -0.303290 0.952898 0.000000 0.573185 0.819426 0.000000 0.048177 -0.998839 0.000000 -0.587923 -0.808917 0.000000 
0.998780 0.049374 0.000000 -0.959914 -0.280296 0.000000 -0.303350 0.952879 0.000000 0.573186 0.819425 0.000000 0.047582 -0.998867 0.000000 -0.587923 -0.808917 0.000000 
0.998796 0.049048 0.000000 -0.959913 -0.280299 0.000000 -0.303347 0.952880 0.000000 0.573190 0.819422 0.000000 0.047221 -0.998884 0.000000 -0.587911 -0.808926 0.000000 
0.998803 0.048908 0.000000 -0.959912 -0.280302 0.000000 -0.303346 0.952881 0.000000 0.573203 0.819413 0.000000 0.047036 -0.998893 0.000000 -0.587902 -0.808932 0.000000 
0.998808 0.048801 0.000000 -0.959911 -0.280304 0.000000 -0.303345 0.952881 0.000000 0.573217 0.819404 0.000000 0.046882 -0.998900 0.000000 -0.587895 -0.808937 0.000000 
0.998813 0.048706 0.000000 -0.959910 -0.280307 0.000000 -0.303345 0.952881 0.000000 0.573231 0.819394 0.000000 0.046740 -0.998907 0.000000 -0.587889 -0.808942 0.000000 
0.998819 0.048592 0.000000 -0.959880 -0.280412 0.000000 -0.303446 0.952849 0.000000 0.573257 0.819375 0.000000 0.046580 -0.998915 0.000000 -0.587909 -0.808927 0.000000 
0.998823 0.048503 0.000000 -0.959879 -0.280415 0.000000 -0.303447 0.952848 0.000000 0.573271 0.819366 0.000000 0.046443 -0.998921 0.000000 -0.587904 -0.808931 0.000000 
0.998826 0.048440 0.000000 -0.959878 -0.280417 0.000000 -0.303447 0.952848 0.000000 0.573284 0.819357 0.000000 0.046336 -0.998926 0.000000 -0.587900 -0.808934 0.000000 
0.998829 0.048383 0.000000 -0.959877 -0.280421 0.000000 -0.303449 0.952848 0.000000 0.573297 0.819348 0.000000 0.046236 -0.998931 0.000000 -0.587897 -0.808936 0.000000 
0.998831 0.048331 0.000000 -0.959876 -0.280424 0.000000 -0.303451 0.952847 0.000000 0.573309 0.819339 0.000000 0.046142 -0.998935 0.000000 -0.587894 -0.808938 0.000000 
0.998833 0.048295 0.000000 -0.959875 -0.280427 0.000000 -0.303453 0.952847 0.000000 0.573322 0.819330 0.000000 0.046067 -0.998938 0.000000 -0.587892 -0.808940 0.000000 
0.998834 0.048269 0.000000 -0.959875 -0.280429 0.000000 -0.303454 0.952846 0.000000 0.573334 0.819322 0.000000 0.046005 -0.998941 0.000000 -0.587890 -0.808941 0.000000 
0.998836 0.048243 0.000000 -0.959874 -0.280432 0.000000 -0.303456 0.952846 0.000000 0.573345 0.819314 0.000000 0.045945 -0.998944 0.000000 -0.587889 -0.808942 0.000000 
0.998837 0.048216 0.000000 -0.959873 -0.280434 0.000000 -0.303457 0.952845 0.000000 0.573355 0.819307 0.000000 0.045889 -0.998947 0.000000 -0.587888 -0.808942 0.000000 
0.998839 0.048183 0.000000 -0.959873 -0.280436 0.000000 -0.303459 0.952845 0.000000 0.573363 0.819301 0.000000 0.045830 -0.998949 0.000000 -0.587887 -0.808943 0.000000 
0.998840 0.048144 0.000000 -0.959872 -0.280438 0.000000 -0.303460 0.952844 0.000000 0.573371 0.819296 0.000000 0.045767 -0.998952 0.000000 -0.587887 -0.808943 0.000000 
