0.100765 0.519073 0.004772 0.074660 0.393691 0.004704 -0.008888 0.592461 0.004001 -0.026374 0.467109 0.003989 
0.100875 0.518814 0.004789 0.074432 0.393597 0.004727 -0.009119 0.592359 0.004093 -0.026265 0.466848 0.004085 
0.101243 0.517911 0.004775 0.073889 0.393366 0.004760 -0.009679 0.592106 0.004138 -0.025902 0.465938 0.004180 
0.101009 0.518454 0.004665 0.072732 0.393016 0.004482 -0.010785 0.591751 0.004366 -0.026139 0.466497 0.004224 
0.100696 0.518866 0.004459 0.069674 0.391875 0.004235 -0.013717 0.590588 0.004656 -0.026467 0.466949 0.004429 
0.101347 0.517283 0.004504 0.068529 0.391410 0.004303 -0.014886 0.590083 0.004685 -0.025823 0.465356 0.004476 
0.102273 0.515083 0.004534 0.067189 0.390805 0.004408 -0.016276 0.589420 0.004572 -0.024902 0.463132 0.004451 
0.102249 0.515847 0.004744 0.068340 0.391304 0.003967 -0.015122 0.589943 0.004742 -0.024923 0.463904 0.004039 
0.103198 0.513569 0.004747 0.065068 0.389928 0.004050 -0.018417 0.588470 0.004697 -0.023979 0.461598 0.004091 
0.104471 0.510486 0.004716 0.060959 0.388186 0.004170 -0.022561 0.586606 0.004568 -0.022712 0.458476 0.004139 
0.105913 0.507040 0.004768 0.056818 0.386435 0.004278 -0.026779 0.584712 0.004462 -0.021270 0.454969 0.004155 
0.107724 0.503687 0.005207 0.057897 0.386818 0.004029 -0.025915 0.585020 0.004132 -0.019439 0.451531 0.003500 
0.110007 0.498471 0.005483 0.055025 0.385455 0.004259 -0.028883 0.583534 0.003734 -0.017170 0.446271 0.003410 
0.111066 0.495856 0.006012 0.052336 0.384357 0.004448 -0.031604 0.582353 0.003972 -0.016114 0.443636 0.003557 
0.112003 0.493497 0.006802 0.051343 0.383951 0.004726 -0.032639 0.581903 0.004289 -0.015176 0.441270 0.003686 
0.112798 0.491456 0.007671 0.050991 0.383806 0.005027 -0.033031 0.581732 0.004625 -0.014375 0.439230 0.003800 
0.113389 0.489897 0.008567 0.050900 0.383767 0.005333 -0.033154 0.581677 0.004988 -0.013772 0.437676 0.003912 
0.113506 0.489607 0.009473 0.051445 0.383989 0.005525 -0.032627 0.581906 0.005471 -0.013628 0.437404 0.003935 
0.113578 0.489280 0.010372 0.051252 0.383905 0.005825 -0.032828 0.581814 0.005945 -0.013529 0.437090 0.004091 
0.113512 0.489256 0.011276 0.051212 0.383888 0.006130 -0.032888 0.581788 0.006392 -0.013557 0.437072 0.004229 
0.113450 0.489228 0.012140 0.051182 0.383873 0.006430 -0.032919 0.581773 0.006722 -0.013581 0.437061 0.004321 
0.113352 0.489274 0.012980 0.051168 0.383868 0.006728 -0.032933 0.581769 0.006967 -0.013636 0.437125 0.004378 
0.113130 0.489602 0.013830 0.051174 0.383872 0.007027 -0.032919 0.581777 0.007211 -0.013807 0.437473 0.004429 
0.112778 0.490227 0.014697 0.051192 0.383880 0.007327 -0.032887 0.581793 0.007460 -0.014100 0.438121 0.004475 
0.112300 0.491138 0.015582 0.051210 0.383889 0.007631 -0.032848 0.581812 0.007714 -0.014512 0.439059 0.004519 
0.111695 0.492334 0.016490 0.051221 0.383894 0.007939 -0.032810 0.581831 0.007974 -0.015042 0.440285 0.004559 
0.110966 0.493803 0.017425 0.051222 0.383895 0.008252 -0.032775 0.581849 0.008241 -0.015685 0.441787 0.004595 
0.110120 0.495529 0.018393 0.051215 0.383894 0.008572 -0.032743 0.581865 0.008517 -0.016437 0.443552 0.004628 
0.109160 0.497496 0.019401 0.051204 0.383890 0.008902 -0.032709 0.581882 0.008804 -0.017289 0.445562 0.004658 
0.108092 0.499685 0.020456 0.051192 0.383886 0.009246 -0.032670 0.581901 0.009106 -0.018236 0.447799 0.004686 
0.106922 0.502080 0.021566 0.051180 0.383882 0.009605 -0.032626 0.581923 0.009426 -0.019272 0.450248 0.004710 
0.105653 0.504661 0.022736 0.051168 0.383878 0.009982 -0.032578 0.581947 0.009764 -0.020388 0.452890 0.004732 
0.104290 0.507410 0.023974 0.051154 0.383873 0.010380 -0.032529 0.581972 0.010123 -0.021579 0.455709 0.004751 
0.102838 0.510309 0.025286 0.051133 0.383866 0.010800 -0.032482 0.581995 0.010506 -0.022836 0.458685 0.004769 
0.101302 0.513334 0.026679 0.051104 0.383855 0.011246 -0.032440 0.582018 0.010915 -0.024153 0.461799 0.004784 
0.099687 0.516462 0.028163 0.051065 0.383840 0.011720 -0.032404 0.582037 0.011352 -0.025520 0.465026 0.004797 
0.097998 0.519667 0.029746 0.051017 0.383822 0.012226 -0.032375 0.582054 0.011821 -0.026928 0.468344 0.004808 
0.096240 0.522921 0.031437 0.050959 0.383800 0.012767 -0.032355 0.582068 0.012326 -0.028367 0.471727 0.004818 
0.094417 0.526196 0.033247 0.050890 0.383773 0.013347 -0.032344 0.582078 0.012869 -0.029826 0.475149 0.004826 
0.092534 0.529461 0.035184 0.050808 0.383741 0.013969 -0.032345 0.582084 0.013456 -0.031294 0.478581 0.004832 
0.090593 0.532687 0.037261 0.050710 0.383702 0.014639 -0.032361 0.582084 0.014089 -0.032763 0.481998 0.004837 
0.088595 0.535843 0.039487 0.050592 0.383656 0.015360 -0.032398 0.582075 0.014773 -0.034220 0.485371 0.004840 
0.086531 0.538964 0.041923 0.050868 0.383746 0.016246 -0.032095 0.582191 0.015620 -0.035634 0.488720 0.004825 
0.084400 0.541921 0.044487 0.050680 0.383671 0.017082 -0.032203 0.582153 0.016432 -0.037054 0.491965 0.004833 
0.082207 0.544702 0.047242 0.050508 0.383602 0.018004 -0.032298 0.582122 0.017327 -0.038430 0.495079 0.004841 
0.081197 0.545339 0.050319 0.052936 0.384307 0.019964 -0.029537 0.583031 0.018758 -0.038401 0.496265 0.004499 
0.078795 0.547818 0.053504 0.052660 0.384193 0.021102 -0.029731 0.582958 0.019912 -0.039710 0.499194 0.004533 
0.076307 0.550003 0.056912 0.052369 0.384074 0.022348 -0.029943 0.582879 0.021169 -0.040937 0.501896 0.004564 
0.073703 0.551834 0.060597 0.052289 0.384040 0.023846 -0.029952 0.582892 0.022669 -0.042070 0.504331 0.004593 
0.072416 0.550806 0.064700 0.055485 0.384939 0.027251 -0.026464 0.584005 0.025372 -0.041419 0.504111 0.004220 
0.069459 0.552122 0.068823 0.054865 0.384682 0.028903 -0.027002 0.583790 0.027079 -0.042436 0.506228 0.004278 
0.066495 0.552521 0.073213 0.054050 0.384343 0.030759 -0.027667 0.583520 0.028882 -0.043177 0.507560 0.004360 
0.063857 0.550593 0.077813 0.052342 0.383481 0.032662 -0.028532 0.583006 0.030687 -0.043445 0.507062 0.004451 
0.060925 0.547718 0.082704 0.050891 0.382625 0.035057 -0.028820 0.582646 0.033183 -0.043641 0.506024 0.004475 
0.057772 0.544101 0.088038 0.050159 0.382145 0.038477 -0.028397 0.582681 0.036680 -0.043478 0.504438 0.004550 
0.055029 0.537583 0.093663 0.049791 0.381563 0.043200 -0.027055 0.582848 0.041251 -0.042325 0.500387 0.004553 
0.051835 0.529263 0.099275 0.047576 0.380250 0.047450 -0.027232 0.582362 0.045368 -0.041216 0.494781 0.004598 
0.049478 0.517502 0.105527 0.048049 0.379391 0.055440 -0.023915 0.582696 0.053128 -0.038154 0.486442 0.004624 
0.048006 0.502637 0.111554 0.047357 0.377247 0.062829 -0.021087 0.581889 0.060142 -0.033568 0.475254 0.004596 
0.044281 0.494231 0.117731 0.045132 0.375307 0.067520 -0.021221 0.580692 0.065692 -0.030658 0.470407 0.005173 
0.040037 0.485966 0.123388 -0.022272 0.579492 0.070279 0.042559 0.373588 0.071633 -0.027377 0.465438 0.005508 
0.032174 0.480115 0.128478 0.038155 0.372318 0.076075 -0.026426 0.578345 0.074908 -0.026770 0.462477 0.005670 
0.018388 0.479620 0.132388 -0.035475 0.577008 0.079215 0.031130 0.371564 0.081370 -0.030932 0.463827 0.005178 
-0.006457 0.487067 0.136181 0.018210 0.370348 0.089546 -0.052670 0.574505 0.087498 -0.045295 0.473677 0.005196 
-0.039747 0.492730 0.138791 -0.003409 0.366261 0.096505 -0.078584 0.569002 0.094289 -0.068139 0.482000 0.004992 
-0.069801 0.491878 0.140987 -0.088346 0.485170 0.005278 
-0.082693 0.482694 0.141328 -0.093746 0.478011 0.004692 
-0.085970 0.470275 0.141629 -0.093776 0.467251 0.004663 
-0.087815 0.464337 0.142287 -0.093348 0.461505 0.005171 
-0.089575 0.466797 0.143302 -0.093721 0.462899 0.006171 
-0.090484 0.469902 0.144222 -0.093996 0.464672 0.007128 
-0.090247 0.471670 0.144574 -0.094149 0.465657 0.007529 
-0.088578 0.471848 0.143505 -0.094707 0.466745 0.006512 
-0.085892 0.469243 0.141592 -0.095052 0.466194 0.004705 
-0.083949 0.469872 0.141481 -0.095019 0.466126 0.004753 
-0.082941 0.477274 0.142983 -0.095171 0.469964 0.006521 
-0.081505 0.487491 0.144170 -0.095484 0.476048 0.008197 
-0.075626 0.487628 0.144372 -0.092031 0.474268 0.008833 
-0.069709 0.486173 0.144784 -0.104125 0.560967 0.090954 -0.087326 0.471514 0.009514 
-0.065027 0.487789 0.145804 -0.027822 0.359136 0.107016 -0.099957 0.562105 0.089467 -0.082416 0.471163 0.010727 
-0.061644 0.491675 0.146772 -0.023078 0.361136 0.109221 -0.096391 0.563349 0.088391 -0.078351 0.472930 0.011897 
-0.060586 0.495929 0.147103 -0.019767 0.362995 0.112267 -0.094718 0.564432 0.089548 -0.076876 0.475852 0.012386 
-0.744127 0.289566 0.243119 -0.744667 -0.017704 0.110156 -0.601812 0.111283 0.133480 -0.698304 0.047742 0.100650 -0.060154 0.497144 0.146873 -0.018343 0.363533 0.112413 
-0.743885 0.282650 0.248935 -0.743261 -0.017876 0.114137 -0.603201 0.109363 0.135974 -0.698309 0.047142 0.105158 -0.058730 0.495845 0.145918 -0.017347 0.362270 0.107967 
-0.743349 0.278286 0.249620 -0.742340 -0.017771 0.116221 -0.603777 0.107990 0.137558 -0.698608 0.047013 0.106634 -0.057596 0.495008 0.144605 -0.016354 0.360610 0.102352 
-0.742644 0.275664 0.247904 -0.743759 -0.015799 0.117613 -0.604304 0.108800 0.138851 -0.700902 0.047933 0.106948 -0.057324 0.494862 0.143551 -0.015331 0.359449 0.099508 
-0.742729 0.274649 0.244658 -0.747185 -0.011742 0.118598 -0.605134 0.111454 0.140476 -0.704938 0.050219 0.106702 -0.057466 0.495444 0.142967 -0.014329 0.358891 0.098457 
-0.057648 0.495578 0.142529 -0.742647 0.273480 0.242735 -0.606069 0.113528 0.140777 -0.707948 0.051646 0.106564 -0.013735 0.358402 0.097804 -0.749658 -0.009065 0.119201 
-0.057809 0.495192 0.142276 -0.743019 0.273050 0.240914 -0.607001 0.114531 0.141235 -0.710118 0.052477 0.106332 -0.751419 -0.007578 0.119642 
-0.057982 0.494911 0.142227 -0.743430 0.273183 0.239783 -0.607511 0.115132 0.141492 -0.752532 -0.006774 0.119785 -0.092110 0.559085 0.089875 -0.727910 0.039417 0.135147 
-0.058005 0.494779 0.142328 -0.743674 0.273332 0.240008 -0.607667 0.115380 0.141265 -0.711587 0.052958 0.106130 -0.752842 -0.006701 0.119760 
-0.745353 0.273613 0.239685 -0.754096 -0.005405 0.122102 -0.608691 0.116692 0.142756 -0.713002 0.053567 0.108045 -0.059063 0.496593 0.142958 
-0.749315 0.273059 0.237945 -0.757441 -0.001860 0.127369 -0.612256 0.120635 0.144524 -0.717377 0.055332 0.112149 -0.060899 0.498449 0.144014 
-0.754952 0.272306 0.233160 -0.761528 0.002221 0.133147 -0.617932 0.124897 0.145891 -0.723258 0.057632 0.115997 -0.063605 0.499914 0.145043 
-0.761923 0.269851 0.233301 -0.766554 0.006088 0.149138 -0.625325 0.130296 0.151084 -0.731577 0.058772 0.128128 -0.065724 0.498298 0.145980 
-0.768547 0.264283 0.240674 -0.769291 0.007241 0.163767 -0.633429 0.133949 0.152852 -0.737759 0.058661 0.141484 -0.066389 0.493962 0.146449 
-0.772295 0.265615 0.239092 -0.773671 0.010486 0.162359 -0.636669 0.136000 0.152221 -0.741944 0.061275 0.139992 -0.066323 0.490673 0.146770 
-0.772026 0.268336 0.236168 -0.773885 0.010382 0.158397 -0.635362 0.135172 0.151576 -0.741140 0.061647 0.135880 -0.066693 0.490539 0.146682 
-0.768789 0.269771 0.235558 -0.768904 0.006575 0.156148 -0.631470 0.132027 0.150870 -0.735420 0.059539 0.133716 -0.067751 0.495433 0.146005 
-0.764083 0.270215 0.236023 -0.761221 0.001337 0.154825 -0.626680 0.127821 0.150074 -0.727360 0.056572 0.132661 -0.069234 0.502870 0.145032 
-0.757710 0.269744 0.237550 -0.751040 -0.005554 0.154500 -0.620760 0.122353 0.149164 -0.717205 0.052412 0.132554 -0.071315 0.513644 0.143584 
-0.751121 0.269499 0.238115 -0.741563 -0.011954 0.153126 -0.614887 0.117278 0.147593 -0.707653 0.048396 0.131629 -0.072253 0.522431 0.142699 
-0.746712 0.271567 0.234293 -0.737129 -0.014817 0.147560 -0.610934 0.114612 0.144833 -0.702226 0.046901 0.126752 -0.072727 0.529262 0.142470 
-0.745880 0.275258 0.228348 -0.737971 -0.013533 0.140180 -0.609735 0.114978 0.141764 -0.701632 0.048384 0.120211 -0.069875 0.530627 0.142881 
-0.745931 0.279379 0.224050 -0.738813 -0.012965 0.134032 -0.608585 0.115026 0.139424 -0.700916 0.049321 0.114914 -0.066759 0.530822 0.143423 
-0.747003 0.283053 0.222952 -0.739685 -0.013770 0.130678 -0.607771 0.114616 0.137915 -0.700405 0.048987 0.112280 -0.062747 0.527857 0.144225 
-0.750021 0.288187 0.221602 -0.742813 -0.013654 0.126594 -0.607692 0.114987 0.137214 -0.701537 0.049272 0.109121 -0.060240 0.524777 0.145453 
-0.755105 0.293723 0.220466 -0.748252 -0.012313 0.122687 -0.608979 0.116630 0.136791 -0.704955 0.050242 0.106244 -0.057637 0.517687 0.147642 
-0.760343 0.298836 0.220252 -0.753525 -0.010944 0.119739 -0.610653 0.118754 0.136062 -0.708530 0.051192 0.104370 -0.055586 0.508692 0.150570 -0.007159 0.372156 0.154464 
-0.764570 0.303161 0.221083 -0.757513 -0.009790 0.118802 -0.612258 0.120823 0.135818 -0.711280 0.052003 0.104387 -0.054974 0.503188 0.153094 -0.010914 0.374437 0.159108 
-0.767845 0.306968 0.221245 -0.761449 -0.007445 0.117922 -0.614003 0.123767 0.135326 -0.714298 0.053706 0.104337 -0.055257 0.500180 0.155215 -0.013971 0.376738 0.163612 
-0.769375 0.309382 0.220902 -0.763088 -0.006476 0.116775 -0.615158 0.125330 0.134026 -0.715437 0.054604 0.103972 -0.055967 0.499630 0.156474 -0.015844 0.378558 0.167222 
-0.769083 0.310546 0.220211 -0.761930 -0.007556 0.115439 -0.615398 0.124844 0.132400 -0.714120 0.054286 0.103321 -0.057057 0.501145 0.156860 -0.016775 0.379977 0.169851 
-0.768172 0.310814 0.219602 -0.760665 -0.008265 0.114549 -0.615324 0.123953 0.131818 -0.712925 0.054189 0.102585 -0.057336 0.501944 0.156567 -0.016659 0.379829 0.169739 
-0.766773 0.309323 0.220774 -0.759017 -0.009775 0.116779 -0.615177 0.122576 0.132486 -0.711813 0.053140 0.104212 -0.057176 0.501906 0.155838 -0.016022 0.378514 0.167971 
-0.765987 0.307765 0.220009 -0.759241 -0.009137 0.117415 -0.615665 0.122670 0.132718 -0.712602 0.053468 0.104225 -0.057042 0.502033 0.155021 -0.015174 0.377142 0.166069 
-0.764990 0.306101 0.219078 -0.759316 -0.008360 0.118020 -0.615955 0.122886 0.132956 -0.713267 0.053870 0.104190 -0.057046 0.502740 0.154111 -0.014151 0.375862 0.164118 
-0.764656 0.304467 0.218102 -0.759999 -0.006897 0.118536 -0.616737 0.123590 0.133184 -0.714565 0.054782 0.104165 -0.057160 0.503708 0.153275 -0.013177 0.374819 0.162511 
-0.765104 0.303199 0.217218 -0.761381 -0.004854 0.118842 -0.617951 0.124786 0.133427 -0.716462 0.056127 0.104156 -0.057316 0.504470 0.152767 -0.012549 0.374287 0.161800 
-0.765443 0.302488 0.216733 -0.762321 -0.003620 0.119051 -0.618708 0.125525 0.133589 -0.717697 0.056926 0.104158 -0.057398 0.504899 0.152460 -0.012170 0.373938 0.161330 
-0.765556 0.302327 0.216662 -0.762640 -0.003353 0.119149 -0.618896 0.125680 0.133690 -0.718078 0.057074 0.104171 -0.057360 0.504829 0.152390 -0.012088 0.373787 0.161170 
-0.765702 0.302464 0.216689 -0.762754 -0.003358 0.119108 -0.618932 0.125686 0.133720 -0.718146 0.057073 0.104152 -0.057350 0.504760 0.152445 -0.012153 0.373853 0.161309 
-0.765941 0.302682 0.216832 -0.762886 -0.003419 0.119056 -0.618979 0.125684 0.133722 -0.718194 0.057036 0.104173 -0.057351 0.504677 0.152551 -0.012283 0.374009 0.161597 
-0.766209 0.302940 0.216993 -0.763024 -0.003492 0.118992 -0.619027 0.125681 0.133715 -0.718238 0.056995 0.104192 -0.057326 0.504491 0.152689 -0.012454 0.374175 0.161902 
-0.766443 0.303176 0.217146 -0.763139 -0.003563 0.118945 -0.619062 0.125678 0.133699 -0.718270 0.056957 0.104208 -0.057273 0.504246 0.152812 -0.012611 0.374278 0.162078 
-0.766612 0.303349 0.217266 -0.763222 -0.003617 0.118911 -0.619086 0.125678 0.133678 -0.718292 0.056928 0.104219 -0.057229 0.504049 0.152905 -0.012729 0.374347 0.162196 
-0.766697 0.303433 0.217338 -0.763264 -0.003648 0.118894 -0.619097 0.125679 0.133661 -0.718303 0.056910 0.104229 -0.057204 0.503937 0.152955 -0.012791 0.374380 0.162255 
-0.766702 0.303436 0.217365 -0.763265 -0.003657 0.118893 -0.619097 0.125681 0.133647 -0.718301 0.056903 0.104236 -0.057199 0.503918 0.152964 -0.012800 0.374382 0.162262 
-0.766697 0.303429 0.217384 -0.763262 -0.003661 0.118893 -0.619095 0.125683 0.133634 -0.718298 0.056899 0.104240 -0.057199 0.503916 0.152966 -0.012800 0.374382 0.162264 
-0.766691 0.303421 0.217405 -0.763259 -0.003666 0.118893 -0.619093 0.125685 0.133621 -0.718294 0.056894 0.104245 -0.057198 0.503912 0.152968 -0.012801 0.374380 0.162265 
-0.766686 0.303413 0.217424 -0.763256 -0.003671 0.118894 -0.619091 0.125687 0.133609 -0.718291 0.056890 0.104251 -0.057197 0.503909 0.152969 -0.012801 0.374379 0.162265 
-0.766680 0.303408 0.217438 -0.763256 -0.003673 0.118886 -0.619089 0.125692 0.133592 -0.718289 0.056888 0.104248 -0.057196 0.503906 0.152971 -0.012801 0.374377 0.162265 
-0.766885 0.303483 0.217186 -0.763519 -0.003386 0.118901 -0.619249 0.125845 0.133750 -0.718571 0.057095 0.104195 -0.057197 0.503901 0.152970 -0.012803 0.374372 0.162263 
-0.766823 0.303434 0.217334 -0.763485 -0.003423 0.118841 -0.619221 0.125871 0.133593 -0.718526 0.057065 0.104192 -0.057197 0.503901 0.152972 -0.012804 0.374373 0.162266 
-0.766800 0.303420 0.217384 -0.763474 -0.003434 0.118809 -0.619209 0.125883 0.133532 -0.718510 0.057056 0.104182 -0.057198 0.503902 0.152973 -0.012804 0.374374 0.162268 
-0.766885 0.303419 0.217359 -0.763618 -0.003279 0.118771 -0.619292 0.126009 0.133491 -0.718658 0.057165 0.104151 -0.057198 0.503895 0.152973 -0.012807 0.374370 0.162266 
-0.766866 0.303407 0.217402 -0.763612 -0.003286 0.118746 -0.619284 0.126021 0.133439 -0.718647 0.057158 0.104144 -0.057198 0.503895 0.152974 -0.012808 0.374370 0.162269 
-0.766857 0.303405 0.217415 -0.763614 -0.003284 0.118727 -0.619280 0.126030 0.133414 -0.718646 0.057159 0.104134 -0.057199 0.503895 0.152975 -0.012808 0.374370 0.162271 
-0.766851 0.303412 0.217410 -0.763622 -0.003276 0.118698 -0.619277 0.126041 0.133390 -0.718649 0.057166 0.104111 -0.057199 0.503895 0.152976 -0.012809 0.374370 0.162273 
-0.766855 0.303421 0.217401 -0.763673 -0.003246 0.118698 -0.619285 0.126072 0.133361 -0.718704 0.057175 0.104103 -0.057160 0.503890 0.152856 -0.012789 0.374235 0.161525 
-0.766855 0.303438 0.217374 -0.763688 -0.003231 0.118663 -0.619283 0.126082 0.133353 -0.718713 0.057188 0.104070 -0.057161 0.503889 0.152867 -0.012790 0.374234 0.161536 
-0.766854 0.303457 0.217345 -0.763704 -0.003214 0.118618 -0.619280 0.126094 0.133337 -0.718722 0.057202 0.104029 -0.057162 0.503889 0.152877 -0.012791 0.374234 0.161546 
-0.766860 0.303460 0.217348 -0.763759 -0.003182 0.118620 -0.619290 0.126128 0.133309 -0.718779 0.057212 0.104026 -0.057126 0.503878 0.152772 -0.012775 0.374109 0.160870 
-0.766938 0.303476 0.217291 -0.763910 -0.003044 0.118613 -0.619359 0.126233 0.133299 -0.718937 0.057298 0.104002 -0.057095 0.503864 0.152675 -0.012764 0.373993 0.160265 
-0.766925 0.303474 0.217316 -0.763916 -0.003044 0.118577 -0.619352 0.126241 0.133267 -0.718936 0.057297 0.103981 -0.057094 0.503850 0.152702 -0.012768 0.373987 0.160286 
-0.766920 0.303479 0.217318 -0.763926 -0.003037 0.118544 -0.619350 0.126249 0.133250 -0.718941 0.057303 0.103957 -0.057095 0.503847 0.152727 -0.012770 0.373983 0.160308 
-0.766991 0.303481 0.217290 -0.764086 -0.002900 0.118540 -0.619420 0.126361 0.133226 -0.719108 0.057385 0.103939 -0.057059 0.503806 0.152638 -0.012760 0.373858 0.159731 
-0.766981 0.303476 0.217305 -0.764104 -0.002893 0.118511 -0.619419 0.126372 0.133203 -0.719122 0.057388 0.103916 -0.057052 0.503779 0.152665 -0.012761 0.373838 0.159733 
-0.766978 0.303481 0.217299 -0.764122 -0.002882 0.118484 -0.619419 0.126379 0.133198 -0.719136 0.057395 0.103893 -0.057049 0.503764 0.152690 -0.012762 0.373825 0.159741 
-0.767405 0.303600 0.216831 -0.764717 -0.002263 0.118480 -0.619762 0.126728 0.133470 -0.719767 0.057834 0.103758 -0.057025 0.503672 0.152703 -0.012768 0.373767 0.159691 
-0.767286 0.303499 0.217084 -0.764709 -0.002307 0.118363 -0.619720 0.126786 0.133203 -0.719743 0.057786 0.103726 -0.057000 0.503588 0.152718 -0.012765 0.373719 0.159661 
-0.767251 0.303466 0.217143 -0.764737 -0.002294 0.118309 -0.619717 0.126818 0.133125 -0.719766 0.057788 0.103697 -0.056992 0.503557 0.152731 -0.012760 0.373693 0.159656 
-0.767242 0.303461 0.217141 -0.764768 -0.002271 0.118277 -0.619722 0.126838 0.133105 -0.719794 0.057802 0.103669 -0.056988 0.503540 0.152744 -0.012758 0.373677 0.159661 
-0.767241 0.303465 0.217128 -0.764795 -0.002250 0.118254 -0.619728 0.126853 0.133102 -0.719820 0.057816 0.103646 -0.056987 0.503528 0.152757 -0.012757 0.373667 0.159668 
-0.767244 0.303472 0.217107 -0.764823 -0.002227 0.118235 -0.619736 0.126866 0.133105 -0.719846 0.057831 0.103624 -0.056984 0.503515 0.152769 -0.012757 0.373655 0.159668 
-0.767705 0.303637 0.216469 -0.765382 -0.001681 0.118557 -0.620076 0.127073 0.133715 -0.720484 0.058190 0.103684 -0.056920 0.503511 0.152449 -0.012730 0.373381 0.158120 
-0.767702 0.303419 0.216865 -0.765677 -0.001411 0.118356 -0.620196 0.127439 0.133219 -0.720776 0.058344 0.103617 -0.056870 0.503380 0.152455 -0.012700 0.373255 0.157989 
-0.767952 0.303391 0.216700 -0.766138 -0.000956 0.118393 -0.620450 0.127741 0.133332 -0.721276 0.058642 0.103579 -0.056842 0.503266 0.152463 -0.012685 0.373165 0.157959 
-0.767812 0.303291 0.216896 -0.766154 -0.000986 0.118256 -0.620410 0.127779 0.133111 -0.721277 0.058604 0.103508 -0.056827 0.503175 0.152471 -0.012674 0.373100 0.157994 
-0.767724 0.303264 0.216948 -0.766164 -0.001011 0.118176 -0.620370 0.127782 0.133033 -0.721274 0.058576 0.103447 -0.056827 0.503119 0.152487 -0.012673 0.373066 0.158081 
-0.767727 0.303281 0.216907 -0.766230 -0.000954 0.118154 -0.620388 0.127812 0.133062 -0.721338 0.058615 0.103411 -0.056825 0.503087 0.152506 -0.012673 0.373042 0.158107 
-0.767697 0.303303 0.216886 -0.766242 -0.000951 0.118093 -0.620370 0.127815 0.133041 -0.721339 0.058618 0.103357 -0.056826 0.503073 0.152529 -0.012675 0.373032 0.158135 
-0.767682 0.303335 0.216841 -0.766258 -0.000940 0.118046 -0.620358 0.127816 0.133048 -0.721345 0.058628 0.103308 -0.056827 0.503064 0.152551 -0.012678 0.373025 0.158155 
-0.767714 0.303370 0.216763 -0.766324 -0.000872 0.118050 -0.620387 0.127839 0.133123 -0.721414 0.058679 0.103285 -0.056823 0.503044 0.152566 -0.012678 0.373006 0.158158 
-0.767726 0.303382 0.216715 -0.766390 -0.000809 0.118054 -0.620411 0.127862 0.133180 -0.721484 0.058723 0.103262 -0.056809 0.503003 0.152571 -0.012668 0.372965 0.158126 
-0.767683 0.303378 0.216708 -0.766398 -0.000811 0.118014 -0.620390 0.127854 0.133174 -0.721489 0.058720 0.103219 -0.056791 0.502965 0.152574 -0.012654 0.372925 0.158086 
-0.767972 0.303402 0.216479 -0.766815 -0.000357 0.118078 -0.620652 0.128122 0.133362 -0.721947 0.059037 0.103200 -0.056776 0.502924 0.152571 -0.012642 0.372877 0.158040 
-0.767875 0.303358 0.216582 -0.766798 -0.000388 0.117996 -0.620608 0.128130 0.133240 -0.721920 0.059008 0.103152 -0.056755 0.502880 0.152568 -0.012623 0.372829 0.157986 
-0.767833 0.303358 0.216583 -0.766801 -0.000390 0.117950 -0.620586 0.128127 0.133217 -0.721917 0.059007 0.103108 -0.056739 0.502847 0.152568 -0.012611 0.372793 0.157941 
-0.767816 0.303380 0.216561 -0.766805 -0.000384 0.117912 -0.620573 0.128124 0.133216 -0.721915 0.059015 0.103069 -0.056730 0.502832 0.152575 -0.012606 0.372775 0.157919 
-0.767809 0.303410 0.216525 -0.766811 -0.000374 0.117876 -0.620563 0.128123 0.133222 -0.721914 0.059027 0.103030 -0.056726 0.502826 0.152584 -0.012606 0.372766 0.157908 
-0.768299 0.303486 0.216163 -0.767486 0.000383 0.118063 -0.620989 0.128575 0.133592 -0.722655 0.059559 0.103066 -0.056708 0.502777 0.152572 -0.012597 0.372711 0.157842 
-0.768190 0.303421 0.216362 -0.767473 0.000372 0.117940 -0.620946 0.128624 0.133375 -0.722628 0.059549 0.103011 -0.056669 0.502717 0.152558 -0.012571 0.372640 0.157711 
-0.768136 0.303402 0.216429 -0.767489 0.000392 0.117899 -0.620929 0.128644 0.133325 -0.722641 0.059564 0.102978 -0.056632 0.502653 0.152543 -0.012547 0.372569 0.157587 
-0.768097 0.303414 0.216420 -0.767489 0.000393 0.117851 -0.620904 0.128636 0.133314 -0.722635 0.059568 0.102926 -0.056605 0.502611 0.152535 -0.012530 0.372521 0.157500 
-0.768083 0.303443 0.216387 -0.767494 0.000402 0.117813 -0.620891 0.128633 0.133318 -0.722633 0.059580 0.102884 -0.056596 0.502597 0.152537 -0.012525 0.372504 0.157469 
-0.768076 0.303477 0.216344 -0.767501 0.000414 0.117774 -0.620881 0.128632 0.133324 -0.722632 0.059594 0.102840 -0.056591 0.502591 0.152540 -0.012524 0.372495 0.157452 
-0.768071 0.303508 0.216304 -0.767507 0.000425 0.117742 -0.620872 0.128630 0.133335 -0.722633 0.059608 0.102804 -0.056587 0.502585 0.152544 -0.012523 0.372487 0.157438 
-0.768067 0.303535 0.216270 -0.767513 0.000435 0.117716 -0.620865 0.128628 0.133344 -0.722632 0.059619 0.102773 -0.056583 0.502580 0.152547 -0.012523 0.372480 0.157425 
-0.768479 0.303632 0.215912 -0.768072 0.001050 0.117868 -0.621200 0.128997 0.133639 -0.723245 0.060042 0.102791 -0.056544 0.502575 0.152417 -0.012511 0.372346 0.156686 
-0.768350 0.303576 0.216134 -0.768004 0.000997 0.117739 -0.621129 0.129013 0.133415 -0.723157 0.060010 0.102738 -0.056499 0.502519 0.152410 -0.012482 0.372271 0.156527 
-0.768658 0.303629 0.215918 -0.768453 0.001537 0.117817 -0.621399 0.129344 0.133614 -0.723647 0.060399 0.102724 -0.056463 0.502472 0.152394 -0.012456 0.372192 0.156377 
-0.768758 0.303684 0.215782 -0.768656 0.001810 0.117890 -0.621503 0.129481 0.133801 -0.723872 0.060603 0.102719 -0.056422 0.502416 0.152374 -0.012424 0.372106 0.156220 
-0.768572 0.303595 0.216042 -0.768545 0.001757 0.117712 -0.621412 0.129502 0.133513 -0.723743 0.060576 0.102644 -0.056382 0.502396 0.152351 -0.012378 0.372029 0.156045 
-0.768472 0.303567 0.216081 -0.768480 0.001764 0.117603 -0.621368 0.129508 0.133414 -0.723674 0.060596 0.102576 -0.056378 0.502434 0.152341 -0.012345 0.372005 0.155986 
-0.768434 0.303588 0.216043 -0.768471 0.001777 0.117531 -0.621346 0.129510 0.133391 -0.723658 0.060613 0.102513 -0.056380 0.502447 0.152344 -0.012337 0.371999 0.155984 
-0.768426 0.303638 0.215961 -0.768476 0.001792 0.117484 -0.621337 0.129488 0.133437 -0.723655 0.060636 0.102452 -0.056377 0.502437 0.152346 -0.012336 0.371985 0.155976 
-0.768604 0.303678 0.215844 -0.768755 0.002123 0.117522 -0.621501 0.129695 0.133545 -0.723955 0.060874 0.102440 -0.056357 0.502403 0.152336 -0.012324 0.371936 0.155891 
-0.768533 0.303671 0.215884 -0.768717 0.002120 0.117439 -0.621462 0.129696 0.133472 -0.723909 0.060883 0.102382 -0.056337 0.502395 0.152326 -0.012301 0.371897 0.155802 
-0.768501 0.303693 0.215845 -0.768703 0.002136 0.117378 -0.621443 0.129697 0.133458 -0.723889 0.060903 0.102327 -0.056339 0.502414 0.152326 -0.012292 0.371893 0.155791 
-0.768490 0.303731 0.215794 -0.768701 0.002153 0.117323 -0.621432 0.129702 0.133451 -0.723878 0.060923 0.102279 -0.056348 0.502438 0.152335 -0.012294 0.371905 0.155813 
-0.768543 0.303808 0.215649 -0.768743 0.002218 0.117337 -0.621464 0.129685 0.133605 -0.723923 0.060985 0.102252 -0.056356 0.502450 0.152338 -0.012300 0.371908 0.155826 
-0.768513 0.303822 0.215671 -0.768711 0.002220 0.117283 -0.621441 0.129686 0.133564 -0.723883 0.060999 0.102218 -0.056346 0.502460 0.152337 -0.012290 0.371895 0.155773 
-0.768854 0.303915 0.215379 -0.769212 0.002800 0.117411 -0.621722 0.130046 0.133806 -0.724429 0.061401 0.102230 -0.056294 0.502462 0.152194 -0.012266 0.371732 0.154914 
-0.768713 0.303855 0.215601 -0.769132 0.002753 0.117263 -0.621650 0.130071 0.133559 -0.724329 0.061375 0.102171 -0.056266 0.502442 0.152190 -0.012240 0.371680 0.154798 
-0.768655 0.303860 0.215623 -0.769094 0.002758 0.117176 -0.621619 0.130080 0.133486 -0.724280 0.061390 0.102117 -0.056267 0.502469 0.152197 -0.012228 0.371673 0.154778 
-0.768635 0.303899 0.215590 -0.769081 0.002769 0.117107 -0.621601 0.130083 0.133466 -0.724256 0.061409 0.102062 -0.056273 0.502491 0.152211 -0.012229 0.371680 0.154789 
-0.768634 0.303945 0.215545 -0.769086 0.002783 0.117058 -0.621591 0.130088 0.133465 -0.724250 0.061427 0.102017 -0.056278 0.502501 0.152226 -0.012235 0.371687 0.154804 
-0.768637 0.303990 0.215496 -0.769092 0.002798 0.117014 -0.621583 0.130091 0.133472 -0.724245 0.061446 0.101975 -0.056283 0.502513 0.152241 -0.012242 0.371697 0.154822 
-0.768998 0.304239 0.214784 -0.769406 0.003152 0.117237 -0.621794 0.130121 0.134143 -0.724607 0.061710 0.101965 -0.056283 0.502592 0.152122 -0.012249 0.371635 0.154187 
