0.046154 -0.448845 0.004762 -0.089145 -0.476014 0.004501 0.087955 -0.658914 0.003593 -0.045446 -0.688811 0.003318 
0.046110 -0.448861 0.004671 -0.089185 -0.476048 0.004524 0.087937 -0.658926 0.003711 -0.045460 -0.688841 0.003552 
0.046415 -0.448624 0.005268 -0.088909 -0.475660 0.004606 0.088015 -0.658727 0.003267 -0.045414 -0.688493 0.002582 
0.046449 -0.448720 0.005055 -0.088866 -0.475806 0.004428 0.088125 -0.658811 0.003493 -0.045293 -0.688627 0.002850 
0.046450 -0.448716 0.005047 -0.088864 -0.475802 0.004479 0.088127 -0.658808 0.003632 -0.045292 -0.688624 0.003049 
0.047089 -0.448579 0.005454 -0.088239 -0.475561 0.003900 0.088618 -0.658698 0.003683 -0.044816 -0.688411 0.002120 
0.047092 -0.448567 0.005397 -0.088234 -0.475566 0.003999 0.088644 -0.658682 0.003801 -0.044787 -0.688412 0.002394 
0.047097 -0.448561 0.005350 -0.088230 -0.475562 0.004089 0.088648 -0.658678 0.003910 -0.044784 -0.688409 0.002640 
0.047101 -0.448556 0.005312 -0.088227 -0.475558 0.004170 0.088652 -0.658674 0.004010 -0.044782 -0.688406 0.002861 
0.047104 -0.448552 0.005283 -0.088224 -0.475554 0.004245 0.088655 -0.658670 0.004102 -0.044779 -0.688404 0.003058 
0.047203 -0.448456 0.005514 -0.088131 -0.475425 0.004335 0.088705 -0.658583 0.004038 -0.044736 -0.688283 0.002850 
0.047253 -0.448402 0.005672 -0.088084 -0.475352 0.004433 0.088728 -0.658533 0.004022 -0.044716 -0.688214 0.002772 
0.047255 -0.448493 0.005535 -0.088080 -0.475456 0.004371 0.088746 -0.658622 0.004136 -0.044696 -0.688316 0.002964 
0.047299 -0.448454 0.005680 -0.088038 -0.475406 0.004397 0.088776 -0.658585 0.004129 -0.044668 -0.688268 0.002836 
0.047374 -0.448517 0.005635 -0.087981 -0.475378 0.004364 0.088707 -0.658678 0.004309 -0.044756 -0.688271 0.003032 
0.047508 -0.448470 0.005691 -0.087846 -0.475327 0.004264 0.088836 -0.658633 0.004504 -0.044626 -0.688222 0.003074 
0.047641 -0.448527 0.006058 -0.087728 -0.475306 0.004550 0.088850 -0.658712 0.004762 -0.044629 -0.688225 0.003250 
0.047825 -0.448565 0.006377 -0.087547 -0.475319 0.004776 0.088998 -0.658757 0.005002 -0.044485 -0.688245 0.003397 
0.048320 -0.448785 0.007126 -0.087107 -0.475255 0.005374 0.089058 -0.659058 0.005308 -0.044484 -0.688266 0.003547 
0.051602 -0.450155 0.011002 -0.084160 -0.474744 0.008202 0.089485 -0.660921 0.006518 -0.044431 -0.688274 0.003681 
0.056222 -0.452591 0.016636 -0.080092 -0.473759 0.012817 0.088930 -0.664086 0.007819 -0.045605 -0.688060 0.003911 
0.058534 -0.453734 0.018197 -0.077976 -0.473625 0.014514 0.089281 -0.665453 0.007831 -0.045477 -0.688165 0.004036 
0.056895 -0.452938 0.017291 -0.079476 -0.473814 0.013960 0.089133 -0.664465 0.007555 -0.045467 -0.688150 0.004117 
0.053111 -0.451157 0.014964 -0.082909 -0.474254 0.011933 0.088740 -0.662225 0.007301 -0.045463 -0.688104 0.004191 
0.052131 -0.450697 0.014152 -0.083794 -0.474375 0.011363 0.088639 -0.661636 0.007117 -0.045458 -0.688089 0.004255 
0.052319 -0.450730 0.013480 -0.083623 -0.474300 0.010593 0.088651 -0.661725 0.007261 -0.045464 -0.688072 0.004313 
0.054775 -0.451798 0.014226 -0.081404 -0.473948 0.011262 0.088917 -0.663140 0.007398 -0.045464 -0.688085 0.004364 
0.055293 -0.452015 0.014205 -0.080935 -0.473871 0.011333 0.088976 -0.663429 0.007350 -0.045461 -0.688085 0.004409 
0.056035 -0.452412 0.015485 -0.080259 -0.473815 0.012347 0.089045 -0.663899 0.007670 -0.045467 -0.688107 0.004450 
0.055925 -0.452457 0.016857 -0.080357 -0.473896 0.013442 0.089026 -0.663890 0.007997 -0.045473 -0.688131 0.004489 
0.058757 -0.454152 0.024257 -0.077750 -0.473568 0.018525 0.089042 -0.665758 0.010712 -0.045719 -0.687999 0.004843 
-0.078003 -0.470200 0.029704 -0.048909 -0.684659 0.010883 0.058753 -0.452807 0.035985 0.086140 -0.664423 0.017368 
-0.167187 -0.912979 0.005305 0.054905 -0.451428 0.046376 -0.081988 -0.468056 0.041118 -0.053902 -0.989503 0.004941 0.081009 -0.663057 0.026142 0.063413 -0.809007 0.034129 
-0.168274 -0.914207 0.005212 0.056844 -0.445004 0.051800 -0.079803 -0.463365 0.045923 -0.055180 -0.991015 0.004992 0.085732 -0.656234 0.031174 0.062873 -0.810321 0.029630 
0.063541 -0.430489 0.054462 -0.172905 -0.918470 0.005371 -0.072853 -0.450173 0.047179 -0.059984 -0.995533 0.004996 0.094802 -0.641096 0.031118 0.058846 -0.814581 0.023148 
0.070664 -0.416043 0.053455 -0.173194 -0.922412 0.005242 -0.065687 -0.435642 0.045188 0.102092 -0.626287 0.027233 -0.060351 -0.999588 0.005072 0.058840 -0.818438 0.018177 
0.077059 -0.405487 0.049025 -0.172966 -0.922936 0.004950 -0.059226 -0.425309 0.040221 0.108966 -0.615589 0.022255 -0.060357 -1.000455 0.004905 0.059513 -0.819453 0.012869 
0.082955 -0.396801 0.042975 -0.172895 -0.922834 0.004923 -0.053272 -0.416895 0.033891 0.115317 -0.606890 0.016647 -0.060446 -1.000584 0.004907 0.059868 -0.819721 0.007481 
0.084573 -0.392324 0.035055 -0.172709 -0.922608 0.004151 -0.051610 -0.413288 0.027388 0.117840 -0.602733 0.012715 -0.060370 -1.000515 0.004638 0.060204 -0.819808 0.005328 
0.085561 -0.392036 0.029916 -0.172709 -0.922602 0.004332 -0.050738 -0.412687 0.023568 0.117999 -0.602941 0.011360 -0.060370 -1.000508 0.004968 0.060202 -0.819799 0.005483 
0.086618 -0.391981 0.025564 -0.171841 -0.921946 0.005269 -0.049794 -0.412215 0.020449 0.118158 -0.603272 0.010099 -0.059494 -0.999837 0.006120 0.061062 -0.819117 0.005700 
0.086290 -0.391443 0.021671 -0.168686 -0.919101 0.006095 -0.050110 -0.412018 0.017704 0.118172 -0.602864 0.008928 -0.056087 -0.996624 0.007303 0.063883 -0.815517 0.006062 
0.084697 -0.390451 0.018135 -0.163878 -0.913660 0.006175 -0.051569 -0.412061 0.015227 0.118048 -0.601780 0.007848 -0.050654 -0.990268 0.007386 0.067844 -0.808196 0.006077 
0.083094 -0.389517 0.014505 -0.158627 -0.907159 0.006106 -0.053027 -0.412137 0.012680 0.117912 -0.600717 0.006744 -0.044830 -0.982912 0.007388 0.072294 -0.799951 0.006161 
0.081820 -0.388792 0.010640 -0.154047 -0.900591 0.006402 -0.054178 -0.412208 0.009993 0.117806 -0.599877 0.005563 -0.039892 -0.975798 0.007897 0.076361 -0.792286 0.006383 
0.081050 -0.388459 0.006997 -0.151234 -0.894341 0.007552 -0.054868 -0.412341 0.006988 0.117744 -0.599474 0.005032 -0.036943 -0.969336 0.009343 0.078979 -0.785624 0.006961 
0.081028 -0.388385 0.004890 -0.151822 -0.888904 0.010343 -0.054890 -0.412270 0.004903 0.117729 -0.599408 0.004965 -0.037726 -0.964195 0.012107 0.078675 -0.780817 0.008001 
0.080947 -0.388162 0.004957 -0.153768 -0.886800 0.015239 -0.054979 -0.411994 0.005170 0.117565 -0.599198 0.004214 -0.039878 -0.962406 0.016843 0.077014 -0.779420 0.010052 
0.080946 -0.388160 0.004944 -0.154140 -0.889283 0.021955 -0.054980 -0.411992 0.005138 0.117564 -0.599197 0.004287 -0.040061 -0.964601 0.023737 0.076337 -0.781468 0.013367 
0.080915 -0.388175 0.004773 -0.153028 -0.894315 0.029244 -0.055011 -0.412012 0.005100 0.117540 -0.599211 0.004328 -0.038604 -0.969094 0.031499 0.076901 -0.785654 0.017286 
0.080895 -0.388161 0.004582 -0.150857 -0.900659 0.036762 -0.055032 -0.411980 0.005291 0.117491 -0.599202 0.004199 -0.035991 -0.974735 0.039665 0.078366 -0.790923 0.021516 
0.080905 -0.388158 0.004604 -0.147898 -0.907125 0.043997 -0.055020 -0.411977 0.005614 -0.032565 -0.980440 0.047624 0.117501 -0.599200 0.004267 0.080571 -0.796275 0.025777 
0.080926 -0.388154 0.004629 -0.144696 -0.912818 0.050962 -0.054993 -0.411971 0.006259 -0.028941 -0.985424 0.055309 0.117521 -0.599195 0.004331 0.083076 -0.801010 0.030061 
0.080954 -0.388148 0.004650 -0.141757 -0.917170 0.057532 -0.054954 -0.411964 0.007086 -0.025615 -0.989120 0.062449 0.117548 -0.599190 0.004390 0.085355 -0.804518 0.034139 
-0.139378 -0.919927 0.063490 0.080983 -0.388142 0.004666 -0.054907 -0.411955 0.007965 -0.022921 -0.991337 0.068785 0.117577 -0.599183 0.004444 0.087167 -0.806638 0.037789 
-0.137513 -0.921416 0.068825 0.081012 -0.388136 0.004678 -0.054856 -0.411945 0.008817 -0.020803 -0.992396 0.074341 0.117605 -0.599178 0.004495 0.088551 -0.807675 0.040970 
-0.135745 -0.922468 0.073781 0.081040 -0.388129 0.004687 -0.054797 -0.411955 0.009645 -0.018804 -0.993055 0.079441 0.117669 -0.599165 0.004568 0.089859 -0.808333 0.043891 
0.083211 -0.386218 0.011903 -0.134424 -0.923270 0.075794 -0.052310 -0.412102 0.014715 -0.016985 -0.993040 0.081271 0.123069 -0.596654 0.014264 0.090209 -0.807960 0.043209 
0.082477 -0.385289 0.015120 -0.134924 -0.922108 0.070384 -0.051338 -0.418968 0.016933 0.134460 -0.592850 0.024810 -0.017029 -0.991146 0.075328 0.088740 -0.805679 0.035218 
0.078664 -0.383062 0.013405 -0.137220 -0.920970 0.058921 -0.051674 -0.428349 0.015669 0.148660 -0.584859 0.029405 -0.019098 -0.989652 0.063372 0.085839 -0.804141 0.021329 
0.175371 -0.571270 0.032533 -0.140710 -0.920834 0.042909 -0.022363 -0.989240 0.045021 0.081761 -0.802493 0.006579 0.068934 -0.387465 0.004879 -0.050548 -0.456436 0.008212 
0.182475 -0.566467 0.040794 -0.133009 -0.932388 0.033383 -0.011265 -0.994584 0.033310 0.083225 -0.801025 0.005022 0.075316 -0.384444 0.005269 -0.043848 -0.453833 0.010650 
0.194572 -0.549297 0.052202 -0.129030 -0.939135 0.026333 -0.005421 -0.997535 0.026234 0.083380 -0.800416 0.004962 0.077806 -0.375939 0.005399 -0.037406 -0.451330 0.014697 
0.188224 -0.535369 0.060405 -0.123905 -0.947082 0.023111 0.001643 -1.001172 0.021770 0.083594 -0.800685 0.004952 0.093348 -0.351190 0.006052 -0.030251 -0.410670 0.021203 
0.180806 -0.494262 0.047767 -0.127333 -0.962635 0.025396 -0.002387 -1.018062 0.027861 0.082067 -0.818992 0.007067 0.062413 -0.318247 0.018108 -0.049777 -0.386995 0.059718 
0.201799 -0.430673 0.021775 -0.133537 -0.984885 0.030276 -0.006687 -1.035854 0.029352 0.070013 -0.834069 0.004987 0.077305 -0.257091 0.006024 -0.031098 -0.331304 0.048275 
0.242435 -0.338487 0.004613 -0.003946 -1.065735 0.038299 -0.132881 -1.020366 0.040975 0.137620 -0.151738 0.008646 0.018465 -0.219260 0.025583 
0.246306 -0.307490 0.004686 -0.003497 -1.091696 0.049214 -0.133528 -1.049603 0.052338 0.150588 -0.116692 0.022346 0.028065 -0.179373 0.032514 
0.246070 -0.307028 0.005168 -0.017987 -1.122941 0.076643 -0.147912 -1.080553 0.080179 0.146909 -0.119051 0.031810 0.025346 -0.184172 0.036871 
0.245919 -0.307280 0.005573 -0.034396 -1.151902 0.114559 -0.163446 -1.106811 0.116261 0.144018 -0.122025 0.039842 0.023417 -0.189065 0.042121 
0.246020 -0.307470 0.005941 -0.167659 -1.121873 0.144364 -0.039469 -1.169249 0.147895 0.028511 -0.980228 0.065169 0.144774 -0.123502 0.048160 0.024225 -0.190637 0.050378 
0.246120 -0.307591 0.006172 -0.162491 -1.127376 0.160340 -0.034630 -1.175080 0.168456 0.035977 -0.989743 0.079809 0.145472 -0.124625 0.053830 0.025064 -0.191972 0.057006 
0.246130 -0.307631 0.006234 -0.151628 -1.126477 0.166339 -0.023526 -1.172975 0.177190 0.046911 -0.988678 0.086266 0.144687 -0.125672 0.056013 0.024905 -0.194037 0.060763 
0.246031 -0.307628 0.006185 -0.137720 -1.121515 0.166959 -0.008855 -1.165648 0.178615 0.058695 -0.980428 0.087378 0.142143 -0.126996 0.055752 0.023543 -0.197258 0.062177 
0.245879 -0.307574 0.006030 -0.122517 -1.113883 0.165972 0.007329 -1.155052 0.177586 0.070609 -0.968182 0.086653 0.138813 -0.128178 0.053268 0.021652 -0.200609 0.061690 
0.245866 -0.307430 0.005783 -0.108904 -1.104763 0.164914 0.021344 -1.143904 0.178821 0.083298 -0.956006 0.089101 0.138106 -0.127430 0.048974 0.021416 -0.200252 0.060124 
0.245927 -0.307230 0.005559 -0.101639 -1.097670 0.169337 0.028673 -1.135482 0.186030 0.090600 -0.947646 0.096162 0.137721 -0.126319 0.043510 0.021166 -0.199049 0.056520 
0.245830 -0.307088 0.005248 -0.102256 -1.093657 0.181103 0.027916 -1.130698 0.200418 0.090562 -0.944288 0.108111 0.136742 -0.125478 0.036800 0.020165 -0.198110 0.050155 
0.245548 -0.306622 0.004634 -0.108423 -1.091128 0.197322 0.021418 -1.127760 0.219439 0.085585 -0.943862 0.123220 0.135578 -0.124571 0.029969 0.018872 -0.197119 0.042643 
0.245417 -0.306493 0.004656 -0.117877 -1.088104 0.213831 0.011490 -1.124505 0.238908 0.077734 -0.943602 0.138512 0.134845 -0.123893 0.022230 0.017825 -0.196139 0.033665 
0.245266 -0.306350 0.004677 -0.128451 -1.083047 0.227131 0.000346 -1.119213 0.255294 0.068909 -0.941053 0.151602 0.134529 -0.123221 0.013557 0.017088 -0.195004 0.023505 
0.245037 -0.306038 0.004697 -0.138588 -1.075653 0.236087 -0.010448 -1.111429 0.267552 0.060497 -0.935410 0.161826 0.134797 -0.122394 0.004778 0.016806 -0.193511 0.012823 
0.244093 -0.306523 0.005513 -0.148951 -1.068225 0.242841 -0.021947 -1.103909 0.278709 0.052827 -0.930046 0.172060 0.134739 -0.122352 0.004786 0.016322 -0.192922 0.011231 
0.243567 -0.306719 0.008509 -0.159728 -1.063299 0.251455 -0.034138 -1.098709 0.292234 0.044959 -0.927757 0.184008 0.134637 -0.122333 0.004797 0.015965 -0.192638 0.009050 
0.243119 -0.306772 0.012244 -0.171105 -1.059364 0.259939 -0.047283 -1.094413 0.306083 0.036762 -0.926870 0.196268 0.134518 -0.122305 0.004808 0.015699 -0.192467 0.006577 
0.242289 -0.307260 0.016061 -0.182996 -1.055438 0.266465 -0.061386 -1.090098 0.318424 0.028300 -0.926185 0.207597 0.134505 -0.122491 0.005086 0.015425 -0.192233 0.005150 
0.241454 -0.308021 0.020197 0.020508 -0.924861 0.217788 0.134602 -0.122939 0.005867 0.015244 -0.192198 0.004966 -0.194490 -1.050832 0.269985 -0.075762 -1.085106 0.328455 
0.241506 -0.307109 0.022224 0.012888 -0.923217 0.226757 0.134427 -0.122265 0.006596 0.015207 -0.191748 0.004962 -0.205791 -1.046138 0.270206 -0.090695 -1.080018 0.335741 
0.242027 -0.305230 0.026221 0.003953 -0.922884 0.232568 0.133665 -0.121261 0.009169 0.015110 -0.191766 0.004954 -0.217399 -1.043197 0.269251 -0.105472 -1.076538 0.340319 
0.242643 -0.302310 0.032582 -0.000512 -0.923020 0.238753 0.132367 -0.119725 0.013095 0.014961 -0.191790 0.004948 -0.223376 -1.042610 0.267863 -0.114827 -1.074379 0.344660 
0.243313 -0.298382 0.040115 -0.000520 -0.923065 0.245351 0.130553 -0.117707 0.017323 0.014792 -0.191804 0.004942 -0.223737 -1.043739 0.266069 -0.118911 -1.072974 0.348814 
0.243723 -0.293316 0.049768 0.002425 -0.921729 0.250919 0.128090 -0.115173 0.021987 0.014590 -0.191797 0.004938 -0.219760 -1.045517 0.262232 -0.118954 -1.071681 0.350795 
0.242828 -0.289160 0.060943 0.005389 -0.918155 0.258609 0.125573 -0.113140 0.027092 0.014359 -0.191782 0.004936 -0.214615 -1.046276 0.259480 -0.118555 -1.068868 0.354094 
0.240628 -0.285600 0.073596 0.001769 -0.912782 0.270512 0.123089 -0.111444 0.031982 0.014138 -0.191725 0.004986 -0.216334 -1.043729 0.260430 -0.126295 -1.062822 0.361515 
0.237588 -0.281158 0.087679 -0.009447 -0.907279 0.286993 0.120179 -0.109368 0.036872 0.013975 -0.191612 0.005240 -0.226355 -1.038890 0.265846 -0.143659 -1.054533 0.373580 
0.232626 -0.277740 0.102891 -0.027067 -0.899507 0.305341 0.117447 -0.107844 0.041680 0.013787 -0.191454 0.005516 -0.242606 -1.031009 0.272661 -0.168308 -1.043075 0.386784 
0.224456 -0.281866 0.115541 -0.055613 -0.890660 0.309877 0.117218 -0.110011 0.045945 0.013305 -0.191437 0.005743 -0.271858 -1.019298 0.271047 -0.202055 -1.030805 0.388029 
0.214346 -0.289773 0.126289 -0.096567 -0.884602 0.304693 0.118350 -0.114260 0.049752 0.012680 -0.191454 0.005946 -0.316367 -1.005230 0.260480 -0.249139 -1.020479 0.378538 
0.204613 -0.294749 0.136879 -0.140580 -0.880940 0.303670 0.118579 -0.117306 0.053273 0.012123 -0.191412 0.006162 -0.364069 -0.991897 0.253086 -0.300710 -1.010452 0.372799 
0.193117 -0.301518 0.146679 -0.179604 -0.876647 0.300601 0.118593 -0.121381 0.057940 0.011495 -0.191423 0.006286 -0.405069 -0.980639 0.244308 -0.344912 -1.001914 0.365215 
0.118032 -0.125333 0.062868 0.181303 -0.307820 0.155460 -0.438695 -0.971280 0.230532 -0.381601 -0.995177 0.352430 -0.212648 -0.872213 0.293030 -0.723964 0.235934 0.122656 -0.723321 0.227810 0.107509 
0.116918 -0.129167 0.067984 0.168670 -0.313523 0.163966 -0.465997 -0.962139 0.209636 -0.412304 -0.988763 0.332510 -0.240842 -0.866222 0.279798 -0.733783 0.274674 0.126493 -0.734045 0.266197 0.111530 
0.115014 -0.133773 0.074121 0.154173 -0.320384 0.171695 -0.493812 -0.950982 0.183017 -0.443823 -0.980861 0.306703 -0.269747 -0.859018 0.261472 -0.741258 0.302626 0.123629 -0.741792 0.294276 0.108601 
0.113337 -0.138542 0.079350 0.140563 -0.327265 0.176922 -0.525046 -0.936787 0.150147 -0.479453 -0.970834 0.274454 -0.301300 -0.852191 0.237320 -0.744345 0.318143 0.117249 -0.744547 0.310224 0.101982 
0.111099 -0.143175 0.084555 0.126816 -0.333680 0.181191 -0.553105 -0.921658 0.111257 -0.512133 -0.960463 0.235778 -0.330295 -0.844975 0.207657 -0.747510 0.331616 0.109561 -0.747274 0.324209 0.094040 
0.107127 -0.147396 0.089672 0.112093 -0.339797 0.183666 -0.576433 -0.906677 0.069079 -0.540468 -0.950108 0.193619 -0.355658 -0.837403 0.175272 -0.750954 0.346361 0.102450 -0.750393 0.339442 0.086713 
0.100783 -0.149693 0.094666 0.097057 -0.344526 0.183569 -0.754517 0.360412 0.095518 -0.596949 -0.892201 0.024334 -0.566531 -0.940163 0.148689 -0.379122 -0.830573 0.140829 
0.092538 -0.151145 0.099498 0.081442 -0.348803 0.181265 -0.757853 0.374053 0.090915 -0.604590 -0.889341 0.004852 -0.581631 -0.934708 0.131756 -0.393723 -0.825696 0.132531 
0.086551 -0.154221 0.101990 0.071060 -0.353254 0.179602 -0.760076 0.384924 0.089256 -0.604633 -0.892206 0.004849 -0.582062 -0.935444 0.132563 -0.395910 -0.823459 0.133404 
0.081690 -0.154113 0.101931 0.066871 -0.353363 0.179117 -0.761730 0.387803 0.088284 -0.604429 -0.894700 0.004851 -0.581240 -0.937982 0.132439 -0.396316 -0.823982 0.133325 
0.077567 -0.151647 0.100754 0.065793 -0.350504 0.179462 -0.763182 0.391505 0.088344 -0.603346 -0.896582 0.004857 -0.578943 -0.940976 0.131836 -0.395076 -0.825279 0.132753 
0.073041 -0.146765 0.099342 0.065193 -0.345314 0.179307 -0.764186 0.393707 0.088132 -0.602938 -0.897212 0.005175 -0.577456 -0.942691 0.131556 -0.393957 -0.826410 0.132185 
0.070888 -0.141750 0.098534 0.065906 -0.340269 0.178803 -0.764841 0.393037 0.087126 -0.602819 -0.897345 0.006264 -0.576167 -0.943450 0.132177 -0.392733 -0.827064 0.131733 
0.070420 -0.137685 0.098152 0.067317 -0.336258 0.178380 -0.765245 0.391676 0.086095 -0.602894 -0.897184 0.007015 -0.575589 -0.943627 0.132663 -0.392045 -0.827420 0.131488 
0.070447 -0.135448 0.097936 0.068324 -0.334014 0.178216 -0.765357 0.390659 0.085482 -0.603021 -0.896950 0.007585 -0.575296 -0.943600 0.133063 -0.391601 -0.827639 0.131340 
0.070505 -0.135067 0.097746 0.068701 -0.333559 0.178218 -0.765226 0.390470 0.085553 -0.603192 -0.896655 0.007954 -0.575246 -0.943450 0.133330 -0.391363 -0.827793 0.131258 
0.070572 -0.134965 0.097568 0.069046 -0.333448 0.178067 -0.764891 0.390545 0.085975 -0.603345 -0.896383 0.008383 -0.575182 -0.943232 0.133690 -0.391131 -0.827851 0.131208 
0.070673 -0.134905 0.097452 0.069468 -0.333435 0.177839 -0.764306 0.390545 0.086638 -0.603598 -0.895976 0.008479 -0.575514 -0.942847 0.133795 -0.391207 -0.827878 0.131239 
0.070801 -0.134979 0.097350 0.069824 -0.333614 0.177479 -0.763654 0.390777 0.087478 -0.603908 -0.895486 0.008438 -0.576062 -0.942316 0.133823 -0.391447 -0.827840 0.131329 
0.070983 -0.135129 0.097215 0.070231 -0.333914 0.176975 -0.762920 0.391004 0.088392 -0.604270 -0.894914 0.008313 -0.576772 -0.941661 0.133805 -0.391802 -0.827757 0.131459 
0.071218 -0.135297 0.097034 0.070780 -0.334262 0.176344 -0.762175 0.391410 0.089376 -0.604669 -0.894287 0.008067 -0.577625 -0.940937 0.133695 -0.392267 -0.827660 0.131615 
0.071509 -0.135444 0.096881 0.071402 -0.334591 0.175737 -0.761402 0.391757 0.090335 -0.605111 -0.893581 0.007742 -0.578581 -0.940152 0.133508 -0.392808 -0.827549 0.131778 
0.071780 -0.135591 0.096727 0.071947 -0.334896 0.175181 -0.605560 -0.892854 0.007413 -0.579547 -0.939348 0.133315 -0.393351 -0.827443 0.131937 -0.760634 0.392014 0.091181 -0.760031 0.385892 0.075119 
0.072068 -0.135660 0.096660 0.072499 -0.335093 0.174788 -0.606019 -0.892124 0.007107 -0.580502 -0.938553 0.133135 -0.393868 -0.827377 0.132075 -0.759916 0.392268 0.092023 -0.759439 0.386086 0.075980 
0.072440 -0.135708 0.096523 0.073113 -0.335230 0.174423 -0.606507 -0.891363 0.006842 -0.581426 -0.937767 0.132967 -0.394350 -0.827332 0.132171 -0.759211 0.392070 0.092718 -0.758828 0.385825 0.076697 
0.072901 -0.135938 0.096440 0.073525 -0.335600 0.173979 -0.607010 -0.890506 0.006594 -0.582447 -0.936795 0.132863 -0.394878 -0.827199 0.132332 -0.757928 0.389394 0.092580 -0.757468 0.383178 0.076549 
0.073342 -0.136009 0.096293 0.074109 -0.335730 0.173678 -0.607264 -0.890014 0.006564 -0.582822 -0.936368 0.132833 -0.395023 -0.827165 0.132347 -0.757304 0.388074 0.092648 -0.756825 0.381885 0.076607 
0.073444 -0.135987 0.096188 0.074386 -0.335723 0.173533 -0.607327 -0.889903 0.006616 -0.582861 -0.936310 0.132860 -0.394997 -0.827221 0.132331 -0.757046 0.387618 0.092706 -0.756569 0.381448 0.076657 
0.073547 -0.135950 0.096199 0.074509 -0.335668 0.173591 -0.607358 -0.889860 0.006583 -0.582902 -0.936306 0.132815 -0.395022 -0.827245 0.132322 -0.756994 0.387510 0.092721 -0.756514 0.381332 0.076676 
0.073529 -0.135934 0.096217 0.074448 -0.335631 0.173666 -0.607347 -0.889879 0.006495 -0.582953 -0.936323 0.132740 -0.395087 -0.827235 0.132350 -0.757073 0.387637 0.092695 -0.756589 0.381434 0.076659 
0.073472 -0.135933 0.096277 0.074275 -0.335604 0.173791 -0.607310 -0.889948 0.006398 -0.582979 -0.936367 0.132664 -0.395154 -0.827208 0.132379 -0.757221 0.387850 0.092643 -0.756728 0.381610 0.076623 
0.073455 -0.135901 0.096395 0.074111 -0.335540 0.173995 -0.607261 -0.890038 0.006311 -0.582983 -0.936423 0.132599 -0.395212 -0.827172 0.132409 -0.757331 0.387862 0.092499 -0.756817 0.381573 0.076499 
0.073420 -0.135923 0.096439 0.073977 -0.335554 0.174059 -0.607218 -0.890114 0.006267 -0.582953 -0.936491 0.132561 -0.395228 -0.827162 0.132421 -0.757430 0.387827 0.092360 -0.756892 0.381534 0.076362 
0.073453 -0.135907 0.096432 0.074008 -0.335516 0.174108 -0.607201 -0.890159 0.006281 -0.582889 -0.936571 0.132553 -0.395193 -0.827192 0.132396 -0.757510 0.387877 0.092325 -0.756965 0.381582 0.076327 
0.073489 -0.135872 0.096451 0.074059 -0.335469 0.174157 -0.607191 -0.890176 0.006303 -0.582854 -0.936602 0.132566 -0.395167 -0.827206 0.132392 -0.757536 0.387911 0.092336 -0.756992 0.381613 0.076340 
0.073498 -0.135857 0.096442 0.074092 -0.335449 0.174162 -0.607193 -0.890173 0.006320 -0.582843 -0.936608 0.132576 -0.395154 -0.827216 0.132390 -0.757531 0.387954 0.092372 -0.756991 0.381653 0.076377 
0.073512 -0.135831 0.096424 0.074150 -0.335413 0.174169 -0.607197 -0.890165 0.006346 -0.582826 -0.936615 0.132593 -0.395133 -0.827231 0.132385 -0.757521 0.388024 0.092421 -0.756989 0.381718 0.076428 
0.073524 -0.135806 0.096407 0.074204 -0.335380 0.174175 -0.607200 -0.890158 0.006371 -0.582810 -0.936621 0.132609 -0.395112 -0.827245 0.132380 -0.757512 0.388089 0.092467 -0.756987 0.381779 0.076475 
0.073532 -0.135794 0.096399 0.074233 -0.335362 0.174178 -0.607202 -0.890153 0.006386 -0.582801 -0.936624 0.132619 -0.395101 -0.827252 0.132379 -0.757507 0.388123 0.092496 -0.756986 0.381811 0.076505 
0.073533 -0.135793 0.096399 0.074237 -0.335361 0.174179 -0.607203 -0.890153 0.006391 -0.582800 -0.936625 0.132624 -0.395099 -0.827253 0.132381 -0.757506 0.388125 0.092507 -0.756985 0.381813 0.076516 
0.073534 -0.135793 0.096401 0.074238 -0.335362 0.174180 -0.607203 -0.890152 0.006396 -0.582799 -0.936625 0.132628 -0.395098 -0.827253 0.132384 -0.757506 0.388125 0.092516 -0.756985 0.381812 0.076525 
0.073561 -0.135805 0.096403 0.074255 -0.335372 0.174187 -0.607222 -0.890140 0.006396 -0.582808 -0.936626 0.132622 -0.395105 -0.827258 0.132371 -0.757509 0.388111 0.092524 -0.756987 0.381798 0.076532 
0.073563 -0.135803 0.096403 0.074261 -0.335370 0.174188 -0.607224 -0.890140 0.006402 -0.582807 -0.936626 0.132626 -0.395104 -0.827259 0.132373 -0.757512 0.388099 0.092532 -0.756990 0.381787 0.076541 
0.073590 -0.135815 0.096405 0.074277 -0.335379 0.174195 -0.607245 -0.890127 0.006403 -0.582817 -0.936627 0.132621 -0.395111 -0.827264 0.132360 -0.757515 0.388086 0.092538 -0.756993 0.381774 0.076547 
0.073591 -0.135815 0.096405 0.074279 -0.335379 0.174196 -0.607245 -0.890127 0.006408 -0.582816 -0.936626 0.132626 -0.395110 -0.827264 0.132364 -0.757514 0.388086 0.092544 -0.756993 0.381773 0.076553 
0.073591 -0.135815 0.096406 0.074281 -0.335379 0.174197 -0.607245 -0.890126 0.006413 -0.582815 -0.936626 0.132630 -0.395109 -0.827264 0.132367 -0.757514 0.388085 0.092550 -0.756992 0.381773 0.076559 
0.073592 -0.135815 0.096406 0.074282 -0.335379 0.174197 -0.607245 -0.890126 0.006417 -0.582815 -0.936626 0.132634 -0.395109 -0.827263 0.132369 -0.757513 0.388085 0.092555 -0.756992 0.381773 0.076564 
0.073600 -0.135797 0.096450 0.074291 -0.335360 0.174242 -0.607246 -0.890126 0.006421 -0.582814 -0.936626 0.132638 -0.395108 -0.827264 0.132372 -0.757517 0.388070 0.092559 -0.756995 0.381758 0.076568 
0.073624 -0.135797 0.096433 0.074311 -0.335360 0.174229 -0.607246 -0.890124 0.006427 -0.582812 -0.936625 0.132643 -0.395106 -0.827264 0.132373 -0.757515 0.388072 0.092566 -0.756994 0.381760 0.076575 
0.073625 -0.135797 0.096434 0.074312 -0.335359 0.174230 -0.607247 -0.890124 0.006429 -0.582812 -0.936625 0.132645 -0.395105 -0.827264 0.132375 -0.757514 0.388072 0.092570 -0.756994 0.381759 0.076579 
0.073654 -0.135814 0.096436 0.074320 -0.335371 0.174245 -0.607255 -0.890109 0.006436 -0.582813 -0.936619 0.132647 -0.395106 -0.827259 0.132373 -0.757517 0.388059 0.092574 -0.756996 0.381746 0.076583 
0.073655 -0.135814 0.096437 0.074321 -0.335371 0.174246 -0.607255 -0.890109 0.006438 -0.582813 -0.936619 0.132649 -0.395106 -0.827259 0.132375 -0.757517 0.388058 0.092578 -0.756996 0.381746 0.076586 
0.073685 -0.135833 0.096439 0.074326 -0.335385 0.174261 -0.607274 -0.890097 0.006437 -0.582823 -0.936618 0.132642 -0.395113 -0.827263 0.132363 -0.757520 0.388042 0.092580 -0.756998 0.381730 0.076589 
0.073685 -0.135833 0.096440 0.074327 -0.335385 0.174262 -0.607274 -0.890096 0.006440 -0.582823 -0.936618 0.132645 -0.395113 -0.827262 0.132365 -0.757519 0.388042 0.092583 -0.756998 0.381729 0.076591 
0.073686 -0.135833 0.096440 0.074328 -0.335384 0.174263 -0.607275 -0.890096 0.006442 -0.582823 -0.936618 0.132647 -0.395113 -0.827262 0.132366 -0.757519 0.388042 0.092585 -0.756998 0.381729 0.076594 
0.073686 -0.135833 0.096440 0.074329 -0.335384 0.174264 -0.607275 -0.890095 0.006445 -0.582822 -0.936617 0.132649 -0.395112 -0.827262 0.132368 -0.757519 0.388041 0.092587 -0.756997 0.381729 0.076596 
0.073687 -0.135832 0.096440 0.074330 -0.335384 0.174264 -0.607275 -0.890095 0.006447 -0.582822 -0.936617 0.132652 -0.395112 -0.827262 0.132369 -0.757518 0.388041 0.092590 -0.756997 0.381729 0.076598 
0.073688 -0.135832 0.096440 0.074331 -0.335383 0.174265 -0.607276 -0.890094 0.006449 -0.582822 -0.936617 0.132653 -0.395112 -0.827262 0.132371 -0.757518 0.388041 0.092591 -0.756997 0.381728 0.076600 
0.073726 -0.135862 0.096440 0.074339 -0.335411 0.174271 -0.607312 -0.890065 0.006430 -0.582857 -0.936611 0.132625 -0.395135 -0.827275 0.132350 -0.757494 0.387888 0.092564 -0.756966 0.381583 0.076570 
0.073749 -0.135844 0.096412 0.074414 -0.335389 0.174251 -0.607328 -0.890037 0.006441 -0.582864 -0.936604 0.132627 -0.395126 -0.827296 0.132343 -0.757460 0.387822 0.092575 -0.756934 0.381522 0.076579 
0.073760 -0.135833 0.096399 0.074453 -0.335377 0.174242 -0.607337 -0.890021 0.006456 -0.582865 -0.936594 0.132638 -0.395118 -0.827303 0.132341 -0.757436 0.387824 0.092602 -0.756914 0.381525 0.076605 
0.073764 -0.135830 0.096394 0.074470 -0.335375 0.174235 -0.607345 -0.890007 0.006462 -0.582876 -0.936579 0.132645 -0.395120 -0.827303 0.132344 -0.757417 0.387831 0.092625 -0.756899 0.381530 0.076628 
0.073800 -0.135854 0.096396 0.074476 -0.335392 0.174254 -0.607367 -0.889984 0.006463 -0.582895 -0.936565 0.132642 -0.395130 -0.827305 0.132337 -0.757388 0.387792 0.092640 -0.756871 0.381489 0.076645 
0.073804 -0.135850 0.096393 0.074491 -0.335388 0.174251 -0.607374 -0.889973 0.006469 -0.582904 -0.936553 0.132648 -0.395131 -0.827305 0.132339 -0.757362 0.387754 0.092653 -0.756845 0.381448 0.076659 
0.073806 -0.135849 0.096390 0.074500 -0.335387 0.174247 -0.607379 -0.889964 0.006473 -0.582910 -0.936544 0.132653 -0.395133 -0.827304 0.132341 -0.757351 0.387758 0.092666 -0.756837 0.381452 0.076672 
0.073808 -0.135848 0.096389 0.074507 -0.335386 0.174245 -0.607382 -0.889958 0.006476 -0.582914 -0.936538 0.132656 -0.395134 -0.827304 0.132343 -0.757344 0.387760 0.092676 -0.756831 0.381454 0.076682 
0.073809 -0.135847 0.096388 0.074511 -0.335386 0.174243 -0.607385 -0.889954 0.006479 -0.582917 -0.936534 0.132659 -0.395134 -0.827303 0.132345 -0.757339 0.387762 0.092682 -0.756827 0.381455 0.076688 
0.073847 -0.135875 0.096391 0.074505 -0.335405 0.174271 -0.607416 -0.889931 0.006475 -0.582938 -0.936528 0.132648 -0.395148 -0.827310 0.132327 -0.757322 0.387717 0.092683 -0.756809 0.381409 0.076690 
0.073851 -0.135872 0.096387 0.074516 -0.335400 0.174270 -0.607418 -0.889925 0.006483 -0.582938 -0.936525 0.132653 -0.395144 -0.827312 0.132328 -0.757317 0.387717 0.092689 -0.756805 0.381409 0.076696 
0.073890 -0.135897 0.096387 0.074516 -0.335414 0.174300 -0.607432 -0.889894 0.006491 -0.582937 -0.936513 0.132651 -0.395142 -0.827304 0.132322 -0.757299 0.387670 0.092691 -0.756786 0.381360 0.076698 
0.073899 -0.135888 0.096375 0.074542 -0.335400 0.174300 -0.607445 -0.889871 0.006507 -0.582942 -0.936499 0.132663 -0.395134 -0.827313 0.132318 -0.757288 0.387672 0.092704 -0.756776 0.381361 0.076711 
0.073907 -0.135879 0.096366 0.074569 -0.335389 0.174296 -0.607448 -0.889863 0.006520 -0.582938 -0.936498 0.132671 -0.395125 -0.827319 0.132316 -0.757276 0.387670 0.092715 -0.756767 0.381360 0.076723 
0.073929 -0.135877 0.096342 0.074625 -0.335390 0.174263 -0.607467 -0.889832 0.006515 -0.582960 -0.936484 0.132662 -0.395129 -0.827337 0.132311 -0.757115 0.387081 0.092528 -0.756579 0.380778 0.076533 
0.073957 -0.135865 0.096311 0.074707 -0.335380 0.174228 -0.607490 -0.889791 0.006536 -0.582972 -0.936463 0.132672 -0.395116 -0.827359 0.132302 -0.757043 0.386866 0.092527 -0.756504 0.380573 0.076529 
0.073976 -0.135847 0.096288 0.074769 -0.335358 0.174215 -0.607502 -0.889769 0.006554 -0.582970 -0.936457 0.132682 -0.395101 -0.827375 0.132294 -0.756946 0.386591 0.092445 -0.756397 0.380296 0.076448 
0.073981 -0.135843 0.096281 0.074786 -0.335353 0.174210 -0.607509 -0.889757 0.006562 -0.582974 -0.936449 0.132687 -0.395098 -0.827378 0.132292 -0.756923 0.386526 0.092453 -0.756374 0.380230 0.076456 
0.074001 -0.135830 0.096289 0.074808 -0.335335 0.174228 -0.607516 -0.889746 0.006566 -0.582980 -0.936441 0.132690 -0.395098 -0.827381 0.132291 -0.756860 0.386340 0.092420 -0.756304 0.380038 0.076425 
0.074009 -0.135826 0.096280 0.074831 -0.335332 0.174220 -0.607519 -0.889740 0.006570 -0.582978 -0.936442 0.132691 -0.395093 -0.827389 0.132288 -0.756933 0.386080 0.092451 -0.756371 0.379785 0.076454 
0.074058 -0.135807 0.096227 0.074965 -0.335313 0.174164 -0.607537 -0.889707 0.006591 -0.582967 -0.936455 0.132690 -0.395062 -0.827436 0.132266 -0.757175 0.385632 0.092479 -0.756610 0.379374 0.076468 
0.074070 -0.135796 0.096212 0.075009 -0.335301 0.174151 -0.607549 -0.889687 0.006607 -0.582972 -0.936441 0.132701 -0.395054 -0.827443 0.132263 -0.757145 0.385641 0.092523 -0.756586 0.379382 0.076512 
0.074075 -0.135793 0.096207 0.075030 -0.335300 0.174141 -0.607559 -0.889669 0.006612 -0.582985 -0.936423 0.132707 -0.395057 -0.827443 0.132264 -0.757122 0.385652 0.092561 -0.756567 0.379392 0.076550 
0.074108 -0.135777 0.096230 0.075054 -0.335280 0.174175 -0.607569 -0.889652 0.006619 -0.582996 -0.936406 0.132715 -0.395058 -0.827443 0.132265 -0.757089 0.385621 0.092589 -0.756536 0.379358 0.076579 
0.074112 -0.135775 0.096227 0.075068 -0.335279 0.174168 -0.607576 -0.889640 0.006623 -0.583005 -0.936394 0.132719 -0.395060 -0.827443 0.132266 -0.757073 0.385628 0.092616 -0.756524 0.379364 0.076606 
0.074143 -0.135759 0.096254 0.075082 -0.335259 0.174207 -0.607581 -0.889631 0.006627 -0.583010 -0.936386 0.132722 -0.395061 -0.827443 0.132267 -0.757051 0.385591 0.092631 -0.756501 0.379325 0.076623 
0.074145 -0.135759 0.096253 0.075089 -0.335259 0.174205 -0.607585 -0.889624 0.006629 -0.583015 -0.936379 0.132725 -0.395062 -0.827443 0.132267 -0.757042 0.385594 0.092648 -0.756494 0.379328 0.076639 
0.074146 -0.135759 0.096253 0.075093 -0.335259 0.174203 -0.607587 -0.889621 0.006630 -0.583017 -0.936376 0.132726 -0.395062 -0.827443 0.132268 -0.757038 0.385595 0.092658 -0.756491 0.379329 0.076649 
0.074147 -0.135759 0.096253 0.075095 -0.335259 0.174203 -0.607587 -0.889620 0.006631 -0.583017 -0.936376 0.132727 -0.395062 -0.827443 0.132268 -0.757037 0.385595 0.092664 -0.756490 0.379328 0.076655 
0.074148 -0.135759 0.096253 0.075096 -0.335260 0.174203 -0.607588 -0.889619 0.006632 -0.583017 -0.936375 0.132727 -0.395061 -0.827443 0.132268 -0.757037 0.385594 0.092669 -0.756490 0.379328 0.076660 
0.074149 -0.135759 0.096254 0.075097 -0.335260 0.174204 -0.607588 -0.889619 0.006633 -0.583016 -0.936375 0.132728 -0.395061 -0.827443 0.132268 -0.757036 0.385594 0.092674 -0.756490 0.379327 0.076665 
0.074149 -0.135759 0.096254 0.075098 -0.335260 0.174204 -0.607588 -0.889618 0.006634 -0.583016 -0.936375 0.132729 -0.395060 -0.827444 0.132268 -0.757036 0.385593 0.092678 -0.756490 0.379327 0.076669 
0.074150 -0.135760 0.096255 0.075093 -0.335259 0.174208 -0.607589 -0.889618 0.006635 -0.583016 -0.936375 0.132729 -0.395060 -0.827444 0.132268 -0.757036 0.385593 0.092682 -0.756489 0.379326 0.076673 
0.074166 -0.135750 0.096269 0.075088 -0.335243 0.174242 -0.607594 -0.889608 0.006639 -0.583022 -0.936367 0.132732 -0.395060 -0.827445 0.132268 -0.757020 0.385549 0.092685 -0.756472 0.379281 0.076677 
0.074167 -0.135751 0.096269 0.075085 -0.335242 0.174245 -0.607597 -0.889603 0.006640 -0.583025 -0.936362 0.132734 -0.395061 -0.827445 0.132268 -0.757015 0.385551 0.092694 -0.756468 0.379283 0.076686 
0.074168 -0.135752 0.096270 0.075078 -0.335241 0.174251 -0.607600 -0.889597 0.006642 -0.583028 -0.936357 0.132736 -0.395061 -0.827445 0.132268 -0.757010 0.385552 0.092702 -0.756464 0.379284 0.076694 
0.074174 -0.135745 0.096262 0.075072 -0.335223 0.174272 -0.607617 -0.889569 0.006636 -0.583054 -0.936336 0.132728 -0.395070 -0.827453 0.132267 -0.756907 0.385242 0.092566 -0.756347 0.378969 0.076560 
0.074180 -0.135740 0.096255 0.075073 -0.335211 0.174284 -0.607626 -0.889554 0.006636 -0.583064 -0.936328 0.132726 -0.395071 -0.827459 0.132264 -0.756832 0.384990 0.092480 -0.756261 0.378712 0.076477 
0.074185 -0.135739 0.096250 0.075074 -0.335206 0.174288 -0.607631 -0.889545 0.006636 -0.583069 -0.936324 0.132724 -0.395071 -0.827465 0.132262 -0.756771 0.384815 0.092403 -0.756192 0.378535 0.076401 
0.074193 -0.135733 0.096240 0.075078 -0.335191 0.174300 -0.607641 -0.889529 0.006634 -0.583080 -0.936316 0.132720 -0.395073 -0.827473 0.132259 -0.756666 0.384469 0.092282 -0.756071 0.378183 0.076283 
0.074215 -0.135710 0.096235 0.075112 -0.335157 0.174325 -0.607653 -0.889506 0.006645 -0.583085 -0.936305 0.132725 -0.395065 -0.827485 0.132253 -0.756600 0.384213 0.092258 -0.755997 0.377922 0.076261 
0.074244 -0.135709 0.096206 0.075181 -0.335161 0.174283 -0.607675 -0.889470 0.006630 -0.583115 -0.936294 0.132702 -0.395073 -0.827512 0.132245 -0.756504 0.383831 0.092193 -0.755885 0.377557 0.076190 
