0.000025 0.000008 1.000000 0.000803 -0.002497 0.999997 0.000859 -0.002479 0.999997 0.000041 0.000013 1.000000 
-0.001258 -0.000411 0.999999 0.000893 -0.002776 0.999996 0.000945 -0.002727 0.999996 -0.001243 -0.000398 0.999999 
-0.001140 -0.000372 0.999999 0.000806 -0.002504 0.999997 0.000852 -0.002460 0.999997 -0.001127 -0.000360 0.999999 
-0.002075 -0.000678 0.999998 0.000865 -0.002688 0.999996 0.000908 -0.002622 0.999996 -0.002063 -0.000660 0.999998 
-0.003334 -0.001088 0.999994 0.000823 -0.002560 0.999996 0.000854 -0.002466 0.999997 -0.003325 -0.001063 0.999994 
-0.001106 -0.000361 0.999999 0.001136 -0.003530 0.999993 0.001206 -0.003479 0.999993 -0.001086 -0.000348 0.999999 
-0.002986 -0.000976 0.999995 0.000437 -0.001358 0.999999 0.000444 -0.001282 0.999999 -0.002983 -0.000955 0.999995 
-0.002715 -0.000887 0.999996 0.000396 -0.001230 0.999999 0.000403 -0.001161 0.999999 -0.002713 -0.000868 0.999996 
-0.002470 -0.000807 0.999997 0.000358 -0.001112 0.999999 0.000364 -0.001048 0.999999 -0.002468 -0.000790 0.999997 
-0.005182 -0.001694 0.999985 0.001174 -0.003645 0.999993 0.001215 -0.003503 0.999993 -0.005170 -0.001655 0.999985 
-0.004706 -0.001538 0.999988 0.001060 -0.003290 0.999994 0.001096 -0.003161 0.999994 -0.004696 -0.001503 0.999988 
-0.008489 -0.002770 0.999960 0.000256 -0.000795 1.000000 0.000208 -0.000601 1.000000 -0.008501 -0.002717 0.999960 
-0.009663 -0.003153 0.999948 0.000321 -0.000998 0.999999 0.000269 -0.000777 1.000000 -0.009676 -0.003091 0.999948 
-0.008744 -0.002853 0.999958 0.000294 -0.000914 1.000000 0.000247 -0.000714 1.000000 -0.008756 -0.002797 0.999958 
-0.009326 -0.003043 0.999952 0.000452 -0.001407 0.999999 0.000412 -0.001189 0.999999 -0.009336 -0.002983 0.999952 
-0.008561 -0.002793 0.999959 0.000414 -0.001286 0.999999 0.000376 -0.001087 0.999999 -0.008570 -0.002738 0.999960 
-0.008614 -0.002811 0.999959 0.000384 -0.001195 0.999999 0.000344 -0.000995 0.999999 -0.008624 -0.002756 0.999959 
-0.009701 -0.003165 0.999948 0.000365 -0.001137 0.999999 0.000316 -0.000913 1.000000 -0.009713 -0.003104 0.999948 
-0.011909 -0.003886 0.999922 0.000348 -0.001084 0.999999 0.000281 -0.000811 1.000000 -0.011926 -0.003811 0.999922 
-0.014583 -0.004758 0.999882 0.000334 -0.001040 0.999999 0.000246 -0.000709 1.000000 -0.014606 -0.004667 0.999882 
-0.016919 -0.005520 0.999842 0.000322 -0.001002 0.999999 0.000215 -0.000620 1.000000 -0.016947 -0.005415 0.999842 
-0.018860 -0.006154 0.999803 0.000312 -0.000969 0.999999 0.000188 -0.000544 1.000000 -0.018892 -0.006036 0.999803 
-0.021833 -0.007123 0.999736 0.000636 -0.001979 0.999998 0.000513 -0.001480 0.999999 -0.021865 -0.006986 0.999737 
-0.022959 -0.007490 0.999708 0.000593 -0.001843 0.999998 0.000457 -0.001321 0.999999 -0.022993 -0.007346 0.999709 
-0.023775 -0.007757 0.999687 0.000554 -0.001723 0.999998 0.000410 -0.001183 0.999999 -0.023812 -0.007608 0.999688 
-0.024229 -0.007905 0.999675 0.000520 -0.001616 0.999999 0.000370 -0.001067 0.999999 -0.024267 -0.007753 0.999675 
-0.025884 -0.008444 0.999629 0.000810 -0.002520 0.999996 0.000667 -0.001927 0.999998 -0.025920 -0.008281 0.999630 
-0.025488 -0.008315 0.999641 0.000748 -0.002328 0.999997 0.000604 -0.001746 0.999998 -0.025524 -0.008154 0.999641 
-0.024865 -0.008112 0.999658 0.000694 -0.002158 0.999997 0.000551 -0.001590 0.999999 -0.024902 -0.007955 0.999658 
-0.023881 -0.007791 0.999684 0.000642 -0.001998 0.999998 0.000503 -0.001453 0.999999 -0.023916 -0.007641 0.999685 
-0.022529 -0.007350 0.999719 0.000594 -0.001848 0.999998 0.000462 -0.001335 0.999999 -0.022562 -0.007208 0.999719 
-0.020803 -0.006787 0.999761 0.000551 -0.001713 0.999998 0.000429 -0.001239 0.999999 -0.020834 -0.006656 0.999761 
-0.018695 -0.006099 0.999807 0.000511 -0.001590 0.999999 0.000403 -0.001164 0.999999 -0.018722 -0.005982 0.999807 
-0.016194 -0.005283 0.999855 0.000471 -0.001464 0.999999 0.000379 -0.001094 0.999999 -0.016217 -0.005181 0.999855 
-0.013290 -0.004336 0.999902 0.000430 -0.001336 0.999999 0.000357 -0.001031 0.999999 -0.013308 -0.004252 0.999902 
-0.009970 -0.003253 0.999945 0.000390 -0.001213 0.999999 0.000340 -0.000983 0.999999 -0.009982 -0.003189 0.999945 
-0.005983 -0.001953 0.999980 0.000396 -0.001231 0.999999 0.000377 -0.001089 0.999999 -0.005987 -0.001914 0.999980 
-0.002070 -0.000675 0.999998 0.000334 -0.001039 0.999999 0.000341 -0.000986 0.999999 -0.002067 -0.000661 0.999998 
-0.001880 -0.000613 0.999998 0.000301 -0.000937 1.000000 0.000308 -0.000889 1.000000 -0.001878 -0.000600 0.999998 
-0.001701 -0.000555 0.999998 0.000271 -0.000842 1.000000 0.000276 -0.000798 1.000000 -0.001699 -0.000543 0.999998 
-0.001536 -0.000501 0.999999 0.000242 -0.000754 1.000000 0.000247 -0.000714 1.000000 -0.001535 -0.000491 0.999999 
-0.001381 -0.000451 0.999999 0.000215 -0.000669 1.000000 0.000219 -0.000634 1.000000 -0.001380 -0.000441 0.999999 
-0.001240 -0.000405 0.999999 0.000189 -0.000587 1.000000 0.000192 -0.000555 1.000000 -0.001239 -0.000396 0.999999 
-0.003299 -0.001078 0.999994 0.001070 -0.003324 0.999994 0.001119 -0.003225 0.999994 -0.003285 -0.001051 0.999994 
-0.002969 -0.000970 0.999995 0.000962 -0.002986 0.999995 0.001005 -0.002898 0.999995 -0.002957 -0.000946 0.999995 
-0.002887 -0.000944 0.999995 0.000579 -0.001799 0.999998 0.000597 -0.001722 0.999998 -0.002881 -0.000922 0.999995 
-0.002304 -0.000753 0.999997 0.000583 -0.001811 0.999998 0.000606 -0.001746 0.999998 -0.002298 -0.000736 0.999997 
0.000327 0.000107 1.000000 0.000986 -0.003059 0.999995 0.001056 -0.003043 0.999995 0.000346 0.000111 1.000000 
0.000085 0.000028 1.000000 0.000403 -0.001252 0.999999 0.000432 -0.001244 0.999999 0.000093 0.000030 1.000000 
-0.002785 -0.000910 0.999996 0.000434 -0.001348 0.999999 0.000442 -0.001276 0.999999 -0.002782 -0.000890 0.999996 
-0.001655 -0.000542 0.999998 0.000453 -0.001404 0.999999 0.000471 -0.001357 0.999999 -0.001650 -0.000529 0.999998 
-0.000224 -0.000073 1.000000 0.000256 -0.000794 1.000000 0.000272 -0.000783 1.000000 -0.000219 -0.000070 1.000000 
0.000289 0.000095 1.000000 0.000430 -0.001334 0.999999 0.000462 -0.001331 0.999999 0.000298 0.000095 1.000000 
-0.001425 -0.000475 0.999999 0.001014 -0.003087 0.999995 0.001071 -0.003031 0.999995 -0.001409 -0.000460 0.999999 
-0.001301 -0.000436 0.999999 0.000931 -0.002817 0.999996 0.000983 -0.002767 0.999996 -0.001286 -0.000422 0.999999 
-0.004874 -0.001630 0.999987 -0.000255 0.000775 1.000000 -0.000311 0.000877 1.000000 -0.004889 -0.001602 0.999987 
-0.004403 -0.001472 0.999989 -0.000233 0.000708 1.000000 -0.000284 0.000800 1.000000 -0.004417 -0.001447 0.999989 
-0.000668 -0.000223 1.000000 -0.001079 0.003286 0.999994 -0.001157 0.003276 0.999994 -0.000690 -0.000225 1.000000 
0.002835 0.001045 0.999995 0.004136 -0.011374 0.999927 0.004412 -0.011340 0.999926 0.002911 0.001053 0.999995 
-0.000155 -0.000062 1.000000 0.007195 -0.018272 0.999807 0.007598 -0.018101 0.999807 -0.000044 -0.000017 1.000000 
-0.000076 -0.000033 1.000000 0.001406 -0.003279 0.999994 0.001477 -0.003244 0.999994 -0.000056 -0.000024 1.000000 
0.000079 0.000034 1.000000 -0.000031 0.000072 1.000000 -0.000032 0.000069 1.000000 0.000078 0.000033 1.000000 
-0.000150 -0.000064 1.000000 0.001745 -0.004139 0.999990 0.001835 -0.004095 0.999990 -0.000125 -0.000052 1.000000 
-0.000089 -0.000040 1.000000 -0.000251 0.000573 1.000000 -0.000265 0.000569 1.000000 -0.000093 -0.000041 1.000000 
-0.020960 -0.014065 0.999681 -0.151640 0.176082 0.972625 0.000058 -0.000119 1.000000 0.022420 0.018966 0.999569 -0.190826 -0.060924 0.979732 
-0.200471 0.244664 0.948657 0.000512 -0.001058 0.999999 -0.000118 -0.000055 1.000000 -0.017207 -0.006800 0.999829 0.013903 0.011212 0.999840 -0.203210 -0.026898 0.978766 
-0.190290 0.230113 0.954378 0.001523 -0.003155 0.999994 0.006904 0.003181 0.999971 -0.007314 -0.002493 0.999970 0.019378 0.015712 0.999689 -0.184621 -0.018866 0.982629 
-0.182836 0.220746 0.958041 0.002932 -0.006065 0.999977 0.031268 0.014437 0.999407 -0.004829 -0.001648 0.999987 0.035782 0.028709 0.998947 -0.169886 -0.017459 0.985309 
-0.168612 0.203774 0.964389 0.007515 -0.015614 0.999850 0.061490 0.028333 0.997705 0.003539 0.001213 0.999993 0.053278 0.042272 0.997685 -0.145003 -0.014749 0.989321 
-0.151165 0.182647 0.971488 0.008712 -0.018465 0.999792 0.091597 0.041443 0.994933 0.018733 0.007013 0.999800 0.069375 0.054725 0.996088 -0.108886 -0.012243 0.993979 
-0.131537 0.159065 0.978466 0.005757 -0.012572 0.999904 0.117339 0.051434 0.991759 0.040435 0.017539 0.999028 0.084800 0.066667 0.994165 -0.065382 -0.008737 0.997822 
0.102360 0.047568 0.993609 -0.109294 0.132708 0.985111 0.001893 -0.004270 0.999989 0.099793 0.078226 0.991928 -0.018302 -0.002914 0.999828 
0.124073 0.061524 0.990364 -0.085930 0.105125 0.990740 -0.001501 0.003496 0.999993 0.114313 0.089338 0.989420 0.029001 0.005369 0.999565 
0.144381 0.076424 0.986566 -0.059405 0.073684 0.995511 -0.004531 0.010928 0.999930 0.129068 0.100371 0.986543 0.078033 0.016477 0.996815 
0.163102 0.092661 0.982248 -0.030333 0.038414 0.998801 -0.007812 0.019586 0.999778 0.144283 0.111403 0.983246 0.129729 0.031319 0.991055 
0.000649 -0.000844 0.999999 -0.011328 0.029616 0.999497 0.179523 0.110289 0.977552 0.183334 0.051085 0.981722 0.159762 0.122411 0.979536 
0.006267 -0.007815 0.999950 0.024787 -0.105925 0.994065 0.192491 0.104498 0.975719 0.131056 0.026253 0.991027 0.160909 0.129132 0.978485 
0.015866 -0.019744 0.999679 0.023071 -0.081549 0.996402 0.208538 0.104302 0.972437 0.170469 0.032268 0.984835 0.164941 0.133555 0.977219 
0.019214 -0.025008 0.999503 0.017525 -0.062092 0.997917 0.216939 0.119438 0.968851 0.197438 0.050128 0.979033 0.178922 0.139050 0.973988 
0.014678 -0.020376 0.999685 0.018610 -0.050320 0.998560 0.191526 0.131342 0.972660 0.192430 0.139897 0.971288 0.095950 0.033455 0.994824 0.279104 0.128839 0.951578 
0.005554 -0.007980 0.999953 0.006575 -0.014343 0.999876 0.078934 0.034027 0.996299 0.232400 0.174561 0.956827 0.205914 0.136586 0.968991 0.149636 0.140825 0.978661 
0.006152 -0.008922 0.999941 -0.053780 0.100115 0.993521 0.105091 0.051425 0.993132 0.202267 0.191427 0.960439 0.217275 0.142877 0.965597 0.092400 0.110761 0.989542 
0.003219 -0.004560 0.999984 -0.082223 0.136182 0.987266 0.196079 0.102481 0.975218 0.158196 0.163605 0.973760 0.221938 0.148986 0.963611 0.083810 0.112347 0.990128 
0.066291 0.024754 0.997493 0.004351 -0.006036 0.999972 0.092228 0.110166 0.989625 0.001159 -0.002890 0.999995 0.231842 0.159195 0.959639 0.018759 0.025406 0.999501 
-0.095654 -0.034163 0.994828 0.000341 -0.000479 1.000000 0.051138 0.096871 0.993982 0.007068 -0.018265 0.999808 0.242298 0.163470 0.956331 -0.067592 -0.135842 0.988422 
-0.068688 -0.023734 0.997356 0.006800 -0.010165 0.999925 0.033865 0.071779 0.996845 0.006339 -0.016936 0.999836 0.276635 0.176682 0.944593 -0.075100 -0.161926 0.983941 
-0.033928 -0.011680 0.999356 0.012762 -0.019920 0.999720 0.022072 0.042758 0.998842 0.014881 -0.039877 0.999094 0.307429 0.189825 0.932445 -0.082478 -0.162902 0.983189 
0.052279 0.016826 0.998491 0.022336 -0.036073 0.999099 0.005827 0.008159 0.999950 0.027805 -0.080954 0.996330 0.339581 0.206594 0.917608 -0.081722 -0.122665 0.989078 
0.030646 -0.051605 0.998197 0.033276 -0.112382 0.993108 0.159709 0.046482 0.986069 0.012321 0.012526 0.999846 0.374959 0.223891 0.899599 -0.042547 -0.048767 0.997904 
0.036060 -0.064204 0.997285 0.029168 -0.116140 0.992804 0.246408 0.063637 0.967075 0.057721 0.050555 0.997052 0.413081 0.238924 0.878794 0.019083 0.019062 0.999636 
0.040150 -0.076415 0.996267 0.022312 -0.102808 0.994451 0.316450 0.072242 0.945854 0.110304 0.094433 0.989402 0.454158 0.252988 0.854247 0.073777 0.071185 0.994731 
0.044398 -0.090960 0.994864 0.017217 -0.089416 0.995846 0.373903 0.076507 0.924307 0.156128 0.136626 0.978242 0.495987 0.267236 0.826185 0.114577 0.111230 0.987168 
0.049108 -0.109237 0.992802 0.013740 -0.081148 0.996607 0.423956 0.077331 0.902376 0.195457 0.175567 0.964869 0.538128 0.283174 0.793871 0.145265 0.142169 0.979125 
0.053060 -0.130147 0.990074 0.010983 -0.074958 0.997126 0.470766 0.075611 0.879012 0.230856 0.214115 0.949137 0.582077 0.301807 0.755049 0.169526 0.167227 0.971234 
0.055277 -0.145485 0.987815 0.009869 -0.076934 0.996987 0.516695 0.076472 0.852748 0.262646 0.242830 0.933837 0.618752 0.324683 0.715351 0.196997 0.191980 0.961424 
0.056481 -0.159433 0.985592 0.008677 -0.079711 0.996780 0.565850 0.076847 0.820919 0.294151 0.269317 0.917030 0.652655 0.351731 0.671063 0.226616 0.217653 0.949353 
0.055505 -0.167122 0.984373 0.007640 -0.081003 0.996685 0.609455 0.077833 0.788991 0.321993 0.293395 0.900133 0.682163 0.377458 0.626242 0.253291 0.242074 0.936613 
0.052530 -0.164689 0.984946 0.006599 -0.082653 0.996557 0.650847 0.078442 0.755146 0.355913 0.308586 0.882100 0.707952 0.398681 0.582973 0.288899 0.269239 0.918721 
0.031568 -0.103996 0.994077 0.002898 -0.051257 0.998681 0.685263 0.049372 0.726620 0.395647 0.302590 0.867123 0.767222 0.342413 0.542332 0.340890 0.301021 0.890607 
0.017885 -0.067148 0.997583 -0.000010 -0.003746 0.999993 0.718345 -0.023948 0.695274 0.480200 0.280637 0.831054 0.824441 0.287638 0.487403 0.426922 0.304793 0.851375 
0.004127 -0.019042 0.999810 0.003623 0.061497 0.998101 0.744045 -0.125228 0.656289 0.571273 0.246726 0.782798 0.887601 0.178348 0.424683 0.524282 0.298061 0.797677 
-0.005239 0.035665 0.999350 0.016120 0.151108 0.988386 0.736938 -0.260829 0.623610 0.657484 0.222579 0.719843 0.940795 -0.025086 0.338046 0.599486 0.276521 0.751101 
0.674132 0.238858 0.698923 0.740517 0.176060 0.648566 0.689366 -0.399300 0.604428 0.035105 0.240154 0.970100 0.899498 -0.342551 0.271225 -0.008601 0.097153 0.995232 
0.633510 -0.502808 0.588090 0.799014 0.113559 0.590492 0.741318 0.198740 0.641054 0.049731 0.302905 0.951722 0.752106 -0.612089 0.244301 -0.009272 0.144317 0.989488 
0.594385 -0.556697 0.580340 0.829237 0.064894 0.555118 0.781332 0.164459 0.602058 0.058835 0.331298 0.941690 0.657785 -0.713324 0.241842 -0.007598 0.163340 0.986541 
-0.010603 0.001386 0.999943 0.566298 -0.586669 0.578901 0.062107 0.355219 0.932718 0.795904 0.169283 0.581275 0.009429 0.000058 0.999956 -0.069900 -0.128414 0.989254 0.961441 0.056617 0.269120 
0.023711 -0.003222 0.999714 0.534952 -0.620643 0.573261 0.068940 0.369367 0.926723 0.814730 0.135808 0.563712 0.045902 0.000115 0.998946 -0.187278 -0.140134 0.972260 0.840193 0.488534 0.235393 
0.063933 -0.008733 0.997916 0.533910 -0.645810 0.545774 0.072442 0.343465 0.936367 0.826720 0.104914 0.552745 0.603778 0.773788 0.191585 -0.152659 -0.052425 0.986888 0.866588 -0.011475 0.498892 -0.041414 -0.000216 0.999142 
0.080310 -0.011754 0.996701 0.559255 -0.625443 0.544109 0.070708 0.321877 0.944138 0.806979 0.109975 0.580251 0.085502 -0.000131 0.996338 0.406337 0.895687 0.180649 -0.099852 -0.016195 0.994870 
0.081991 -0.012107 0.996560 0.596281 -0.589496 0.544926 0.063927 0.297570 0.952557 0.771934 0.159205 0.615445 0.077205 0.000222 0.997015 -0.084824 -0.011768 0.996326 
0.082297 -0.011907 0.996537 0.056212 0.272679 0.960462 0.735647 0.206867 0.645003 0.630962 -0.554414 0.542689 0.069686 0.000731 0.997569 0.335894 0.925014 0.177553 -0.083005 -0.011400 0.996484 
0.083052 -0.011849 0.996475 0.048992 0.248335 0.967434 0.702827 0.246989 0.667106 0.661540 -0.522298 0.538117 0.064572 0.001143 0.997912 0.313148 0.931950 0.182778 -0.078059 -0.008908 0.996909 
0.084382 -0.011945 0.996362 0.042758 0.225844 0.973225 0.674071 0.278576 0.684123 0.687651 -0.493012 0.532986 0.061483 0.001493 0.998107 0.294033 0.937611 0.185552 -0.070181 -0.005566 0.997519 
0.087788 -0.012361 0.996063 0.037155 0.204243 0.978215 0.646340 0.303833 0.699950 0.711121 -0.463369 0.528769 0.060769 0.001831 0.998150 0.248758 0.949384 0.191805 -0.057862 -0.002614 0.998321 
0.033370 0.190638 0.981093 0.626868 0.324011 0.708557 0.726092 -0.442090 0.526638 0.000212 -0.000030 1.000000 0.221028 0.956294 0.191437 0.061591 0.002112 0.998099 -0.050855 -0.001893 0.998704 
0.032051 0.185672 0.982089 0.628596 0.331713 0.703444 0.731801 -0.439088 0.521219 0.000928 -0.000131 1.000000 0.063890 0.002261 0.997954 0.218128 0.957108 0.190695 -0.051322 -0.002254 0.998680 
0.003652 -0.000514 0.999993 0.649876 -0.314666 0.691843 0.032349 0.104318 0.994018 0.214099 0.958994 0.185718 0.617114 0.299879 0.727491 0.064185 0.002194 0.997936 -0.047856 -0.001761 0.998853 
0.004913 -0.000695 0.999988 -0.024488 -0.084359 0.996134 0.475295 -0.126662 0.870662 0.591839 0.355913 0.723223 0.222408 0.958930 0.176034 0.081142 0.002726 0.996699 
0.003379 -0.000481 0.999994 -0.003887 -0.020648 0.999779 0.470428 -0.096343 0.877163 0.559002 0.496306 0.664227 0.122012 0.006549 0.992507 
0.090285 -0.012953 0.995832 0.002536 0.027895 0.999608 0.467322 0.651118 0.598043 0.531297 -0.073253 0.844013 0.165596 0.012814 0.986110 
0.090039 -0.013036 0.995853 0.002379 0.061930 0.998078 0.397241 0.729463 0.556850 0.578374 -0.065375 0.813148 0.196909 0.017857 0.980259 
0.094721 -0.013324 0.995415 0.002741 0.088659 0.996058 0.394688 0.751893 0.528089 0.589500 -0.075206 0.804260 0.209501 0.019201 0.977620 
0.101150 -0.013518 0.994779 0.003736 0.094777 0.995492 0.425852 0.738854 0.522250 0.574859 -0.079322 0.814398 0.205591 0.018085 0.978471 
0.102426 -0.013481 0.994649 0.004026 0.089497 0.995979 0.438216 0.711805 0.548908 0.548703 -0.073907 0.832744 0.193227 0.016677 0.981012 
0.092811 -0.012561 0.995605 0.003188 0.068397 0.997653 0.434900 0.686384 0.582872 0.525806 -0.062284 0.848321 0.177307 0.015272 0.984037 
0.090066 -0.012215 0.995861 0.002071 0.042303 0.999103 0.428976 0.646315 0.631076 0.494656 -0.050119 0.867643 0.158346 0.013612 0.987290 
0.090289 -0.012179 0.995841 0.000999 0.022682 0.999742 0.403443 0.617553 0.675175 0.466435 -0.038949 0.883698 0.145150 0.012833 0.989326 
0.090580 -0.012234 0.995814 0.000538 0.013881 0.999904 0.388765 0.612887 0.687918 0.460929 -0.033755 0.886795 0.142721 0.012917 0.989679 
0.090595 -0.012247 0.995813 0.000615 0.015504 0.999880 0.395064 0.627087 0.671331 0.473765 -0.035765 0.879925 0.148503 0.013555 0.988819 
0.090633 -0.012258 0.995809 0.000991 0.022614 0.999744 0.409392 0.646446 0.643821 0.493464 -0.041757 0.868763 0.157230 0.014317 0.987458 
0.090625 -0.012256 0.995810 0.001396 0.029614 0.999560 0.419070 0.660288 0.623217 0.508053 -0.047227 0.860030 0.163817 0.014877 0.986379 
0.090622 -0.012257 0.995810 0.001491 0.031264 0.999510 0.420612 0.664114 0.618092 0.512103 -0.048544 0.857551 0.165620 0.015064 0.986075 
0.090621 -0.012257 0.995810 0.001344 0.028642 0.999589 0.417697 0.660582 0.623828 0.508798 -0.046924 0.859606 0.163840 0.014949 0.986374 
0.090619 -0.012257 0.995810 0.001112 0.024532 0.999698 0.412346 0.654852 0.633355 0.502824 -0.044128 0.863262 0.160958 0.014761 0.986851 
0.090619 -0.012257 0.995810 0.000953 0.021711 0.999764 0.408025 0.650496 0.640602 0.498058 -0.042036 0.866124 0.158826 0.014624 0.987198 
0.090619 -0.012257 0.995810 0.000916 0.021051 0.999778 0.406969 0.649391 0.642392 0.496780 -0.041528 0.866882 0.158291 0.014585 0.987285 
0.090618 -0.012257 0.995810 0.000928 0.021197 0.999775 0.407553 0.649734 0.641675 0.497110 -0.041735 0.866683 0.158446 0.014584 0.987260 
0.090618 -0.012257 0.995810 0.000945 0.021452 0.999769 0.408193 0.650207 0.640788 0.497554 -0.041983 0.866417 0.158665 0.014589 0.987225 
0.090617 -0.012257 0.995810 0.000956 0.021679 0.999765 0.408418 0.650510 0.640337 0.497821 -0.042100 0.866257 0.158809 0.014599 0.987201 
0.090616 -0.012257 0.995810 0.000958 0.021722 0.999764 0.408445 0.650550 0.640279 0.497856 -0.042117 0.866236 0.158829 0.014600 0.987198 
0.090616 -0.012257 0.995810 0.000958 0.021728 0.999763 0.408450 0.650551 0.640274 0.497857 -0.042119 0.866236 0.158829 0.014600 0.987198 
0.090616 -0.012257 0.995810 0.000958 0.021734 0.999763 0.408457 0.650554 0.640267 0.497859 -0.042123 0.866235 0.158830 0.014600 0.987198 
0.090615 -0.012257 0.995811 0.000959 0.021739 0.999763 0.408462 0.650556 0.640262 0.497860 -0.042125 0.866234 0.158831 0.014600 0.987198 
0.090615 -0.012257 0.995811 0.000959 0.021744 0.999763 0.408468 0.650558 0.640256 0.497862 -0.042128 0.866232 0.158832 0.014600 0.987198 
0.090615 -0.012257 0.995811 0.000959 0.021750 0.999763 0.408475 0.650560 0.640249 0.497864 -0.042131 0.866231 0.158833 0.014599 0.987198 
0.090615 -0.012257 0.995811 0.000959 0.021755 0.999763 0.408481 0.650563 0.640243 0.497866 -0.042134 0.866230 0.158834 0.014599 0.987197 
0.090615 -0.012257 0.995811 0.000960 0.021759 0.999763 0.408485 0.650564 0.640239 0.497867 -0.042135 0.866229 0.158834 0.014599 0.987197 
0.090614 -0.012257 0.995811 0.000960 0.021764 0.999763 0.408489 0.650567 0.640233 0.497868 -0.042138 0.866228 0.158836 0.014599 0.987197 
0.090614 -0.012257 0.995811 0.000960 0.021769 0.999763 0.408494 0.650569 0.640229 0.497870 -0.042140 0.866227 0.158837 0.014599 0.987197 
0.090614 -0.012257 0.995811 0.000960 0.021775 0.999762 0.408498 0.650574 0.640221 0.497874 -0.042143 0.866225 0.158839 0.014599 0.987197 
0.090614 -0.012257 0.995811 0.000961 0.021792 0.999762 0.408500 0.650589 0.640205 0.497886 -0.042147 0.866218 0.158846 0.014600 0.987195 
0.090614 -0.012257 0.995811 0.000962 0.021817 0.999762 0.408508 0.650615 0.640173 0.497908 -0.042155 0.866205 0.158859 0.014601 0.987193 
0.090614 -0.012257 0.995811 0.000963 0.021844 0.999761 0.408535 0.650649 0.640121 0.497938 -0.042169 0.866187 0.158875 0.014602 0.987191 
0.090614 -0.012257 0.995811 0.000965 0.021875 0.999760 0.408571 0.650691 0.640056 0.497976 -0.042187 0.866164 0.158895 0.014603 0.987188 
0.090613 -0.012257 0.995811 0.000967 0.021908 0.999760 0.408606 0.650734 0.639989 0.498014 -0.042205 0.866141 0.158915 0.014605 0.987184 
0.090613 -0.012257 0.995811 0.000968 0.021938 0.999759 0.408640 0.650774 0.639928 0.498050 -0.042222 0.866120 0.158934 0.014606 0.987181 
0.090613 -0.012257 0.995811 0.000969 0.021966 0.999758 0.408668 0.650809 0.639874 0.498080 -0.042236 0.866102 0.158951 0.014607 0.987178 
0.090613 -0.012257 0.995811 0.000971 0.021992 0.999758 0.408696 0.650840 0.639824 0.498108 -0.042250 0.866085 0.158966 0.014607 0.987176 
0.090612 -0.012257 0.995811 0.000972 0.022017 0.999757 0.408723 0.650873 0.639773 0.498137 -0.042264 0.866068 0.158982 0.014608 0.987173 
0.090612 -0.012257 0.995811 0.000973 0.022043 0.999757 0.408749 0.650905 0.639724 0.498166 -0.042277 0.866051 0.158997 0.014609 0.987171 
0.090612 -0.012257 0.995811 0.000975 0.022069 0.999756 0.408776 0.650940 0.639671 0.498196 -0.042292 0.866032 0.159014 0.014610 0.987168 
0.090611 -0.012257 0.995811 0.000976 0.022097 0.999755 0.408807 0.650976 0.639615 0.498227 -0.042307 0.866014 0.159031 0.014611 0.987166 
0.090611 -0.012257 0.995811 0.000977 0.022125 0.999755 0.408835 0.651013 0.639559 0.498260 -0.042322 0.865994 0.159048 0.014612 0.987163 
0.090611 -0.012257 0.995811 0.000979 0.022151 0.999754 0.408863 0.651047 0.639507 0.498289 -0.042336 0.865977 0.159064 0.014613 0.987160 
0.090610 -0.012257 0.995811 0.000980 0.022177 0.999754 0.408888 0.651080 0.639457 0.498318 -0.042350 0.865960 0.159078 0.014614 0.987158 
0.090610 -0.012257 0.995811 0.000981 0.022201 0.999753 0.408915 0.651110 0.639409 0.498344 -0.042363 0.865944 0.159093 0.014615 0.987155 
0.090610 -0.012257 0.995811 0.000982 0.022227 0.999752 0.408940 0.651144 0.639359 0.498372 -0.042376 0.865927 0.159108 0.014616 0.987153 
0.090607 -0.012256 0.995811 0.000983 0.022250 0.999752 0.408958 0.651177 0.639313 0.498394 -0.042387 0.865914 0.159119 0.014616 0.987151 
0.090607 -0.012256 0.995811 0.000984 0.022268 0.999752 0.408954 0.651206 0.639286 0.498400 -0.042387 0.865910 0.159131 0.014616 0.987149 
0.090606 -0.012256 0.995811 0.000984 0.022283 0.999751 0.408937 0.651231 0.639271 0.498396 -0.042381 0.865913 0.159140 0.014617 0.987148 
0.090604 -0.012256 0.995812 0.000984 0.022295 0.999751 0.408915 0.651253 0.639264 0.498386 -0.042373 0.865919 0.159145 0.014617 0.987147 
0.090632 -0.012258 0.995809 0.000984 0.022304 0.999751 0.408893 0.651277 0.639254 0.498378 -0.042365 0.865924 0.159183 0.014619 0.987141 
0.090622 -0.012256 0.995810 0.000984 0.022316 0.999750 0.408868 0.651306 0.639240 0.498371 -0.042357 0.865929 0.159183 0.014618 0.987141 
0.090618 -0.012256 0.995810 0.000985 0.022332 0.999750 0.408852 0.651340 0.639215 0.498373 -0.042353 0.865927 0.159192 0.014618 0.987139 
0.090606 -0.012254 0.995811 0.000985 0.022347 0.999750 0.408836 0.651378 0.639187 0.498376 -0.042350 0.865926 0.159194 0.014617 0.987139 
0.090602 -0.012254 0.995812 0.000985 0.022365 0.999749 0.408820 0.651414 0.639160 0.498378 -0.042347 0.865925 0.159204 0.014617 0.987137 
0.090595 -0.012252 0.995812 0.000986 0.022380 0.999749 0.408803 0.651449 0.639136 0.498379 -0.042343 0.865925 0.159209 0.014617 0.987137 
0.090590 -0.012251 0.995813 0.000986 0.022394 0.999749 0.408783 0.651482 0.639115 0.498376 -0.042338 0.865926 0.159215 0.014617 0.987136 
0.090575 -0.012248 0.995814 0.000986 0.022409 0.999748 0.408759 0.651518 0.639093 0.498374 -0.042332 0.865928 0.159212 0.014614 0.987136 
0.090565 -0.012247 0.995815 0.000986 0.022421 0.999748 0.408743 0.651555 0.639066 0.498376 -0.042329 0.865927 0.159215 0.014613 0.987136 
0.090563 -0.012247 0.995815 0.000987 0.022439 0.999748 0.408725 0.651590 0.639042 0.498378 -0.042325 0.865926 0.159225 0.014613 0.987134 
0.090556 -0.012246 0.995816 0.000987 0.022453 0.999747 0.408707 0.651623 0.639019 0.498378 -0.042320 0.865926 0.159231 0.014613 0.987133 
0.090545 -0.012243 0.995817 0.000987 0.022466 0.999747 0.408687 0.651657 0.638997 0.498377 -0.042315 0.865927 0.159228 0.014611 0.987134 
0.090573 -0.012244 0.995815 0.000987 0.022481 0.999747 0.408665 0.651689 0.638979 0.498375 -0.042310 0.865928 0.159265 0.014614 0.987128 
0.090556 -0.012240 0.995816 0.000987 0.022494 0.999746 0.408645 0.651720 0.638961 0.498373 -0.042305 0.865930 0.159253 0.014612 0.987130 
0.090548 -0.012238 0.995817 0.000988 0.022509 0.999746 0.408624 0.651750 0.638943 0.498369 -0.042299 0.865932 0.159251 0.014612 0.987130 
0.090540 -0.012237 0.995818 0.000988 0.022525 0.999746 0.408604 0.651785 0.638920 0.498368 -0.042295 0.865933 0.159253 0.014611 0.987130 
0.090530 -0.012235 0.995819 0.000988 0.022542 0.999745 0.408585 0.651821 0.638896 0.498367 -0.042292 0.865934 0.159254 0.014610 0.987129 
0.090522 -0.012233 0.995819 0.000989 0.022562 0.999745 0.408565 0.651855 0.638874 0.498365 -0.042288 0.865935 0.159253 0.014609 0.987130 
0.090509 -0.012230 0.995821 0.000989 0.022578 0.999745 0.408545 0.651890 0.638851 0.498364 -0.042284 0.865936 0.159248 0.014608 0.987131 
0.090498 -0.012227 0.995822 0.000990 0.022597 0.999744 0.408525 0.651923 0.638830 0.498361 -0.042280 0.865938 0.159242 0.014607 0.987132 
0.090493 -0.012225 0.995822 0.000990 0.022617 0.999744 0.408506 0.651959 0.638806 0.498360 -0.042277 0.865939 0.159245 0.014607 0.987131 
0.090487 -0.012223 0.995823 0.000991 0.022637 0.999743 0.408488 0.651995 0.638781 0.498359 -0.042274 0.865939 0.159247 0.014606 0.987131 
0.090475 -0.012220 0.995824 0.000991 0.022657 0.999743 0.408469 0.652031 0.638756 0.498358 -0.042271 0.865940 0.159242 0.014605 0.987131 
0.090469 -0.012218 0.995824 0.000992 0.022679 0.999742 0.408454 0.652069 0.638726 0.498360 -0.042270 0.865939 0.159245 0.014605 0.987131 
0.090458 -0.012215 0.995825 0.000992 0.022700 0.999742 0.408435 0.652106 0.638701 0.498360 -0.042267 0.865939 0.159241 0.014604 0.987132 
0.090447 -0.012213 0.995826 0.000993 0.022718 0.999741 0.408417 0.652144 0.638673 0.498359 -0.042265 0.865940 0.159241 0.014602 0.987132 
0.090438 -0.012210 0.995827 0.000993 0.022735 0.999741 0.408400 0.652180 0.638648 0.498362 -0.042263 0.865938 0.159236 0.014602 0.987133 
0.090429 -0.012207 0.995828 0.000993 0.022748 0.999741 0.408375 0.652230 0.638613 0.498366 -0.042260 0.865936 0.159235 0.014601 0.987133 
0.090421 -0.012204 0.995829 0.000994 0.022761 0.999740 0.408349 0.652281 0.638577 0.498369 -0.042258 0.865935 0.159236 0.014601 0.987133 
