2.552179 2.716529 0.004356 2.435015 2.786972 0.004296 2.540932 2.973141 0.004146 2.660759 2.904689 0.004204 
2.552179 2.716528 0.004416 2.435015 2.786971 0.004361 2.540932 2.973141 0.004226 2.660758 2.904688 0.004279 
2.552146 2.716505 0.004479 2.434975 2.786936 0.004519 2.540873 2.973116 0.004256 2.660706 2.904676 0.004212 
2.552146 2.716504 0.004522 2.434974 2.786935 0.004557 2.540873 2.973116 0.004323 2.660706 2.904675 0.004284 
2.552146 2.716504 0.004562 2.434974 2.786935 0.004593 2.540872 2.973116 0.004383 2.660705 2.904675 0.004349 
2.552150 2.716434 0.004785 2.434992 2.786888 0.004621 2.540927 2.973047 0.004195 2.660747 2.904584 0.004355 
2.552144 2.716470 0.004581 2.434961 2.786882 0.004613 2.540830 2.973080 0.004216 2.660674 2.904659 0.004177 
2.552275 2.716655 0.003848 2.435078 2.787044 0.003933 2.540911 2.973261 0.004591 2.660768 2.904864 0.004514 
2.552220 2.716737 0.003646 2.435013 2.787108 0.004069 2.540818 2.973341 0.004800 2.660686 2.904962 0.004383 
2.552230 2.716787 0.003585 2.435014 2.787143 0.004123 2.540795 2.973388 0.004955 2.660671 2.905025 0.004424 
2.552238 2.716785 0.003713 2.435023 2.787139 0.004526 2.540806 2.973385 0.005264 2.660681 2.905023 0.004454 
3.026831 2.582916 0.072313 2.892825 2.556200 0.076615 2.853660 2.767732 0.046382 2.989506 2.791707 0.042468 2.554465 2.715040 0.004022 2.436470 2.784056 0.005991 2.540132 2.971491 0.006071 2.660764 2.904498 0.004084 
3.010238 2.613125 0.005128 2.874504 2.596922 0.003206 2.852459 2.810903 0.033539 2.989805 2.824229 0.035049 2.555393 2.713501 0.004138 2.438322 2.784036 0.007122 2.544413 2.970107 0.007177 2.664147 2.901560 0.004164 
3.011638 2.609541 0.004786 2.875690 2.595198 0.003298 2.856660 2.810090 0.028858 2.994181 2.821525 0.029997 2.561198 2.712138 0.007361 2.442678 2.780244 0.009471 2.544847 2.968474 0.006555 2.665987 2.902411 0.004382 
3.011726 2.609670 0.003308 2.875701 2.596003 0.003140 2.857907 2.811897 0.019482 2.995489 2.822635 0.019421 2.569210 2.712887 0.009820 2.449624 2.779135 0.010411 2.548852 2.968920 0.006753 2.671026 2.904756 0.006104 
3.011844 2.609753 0.003447 2.875662 2.597742 0.003406 2.860464 2.814407 0.007733 2.998166 2.823465 0.007713 2.573684 2.714467 0.009888 2.453403 2.779447 0.009555 2.550641 2.970263 0.006112 2.673488 2.907393 0.006399 
3.013239 2.610405 0.004542 2.877095 2.597966 0.004558 2.861214 2.814625 0.004849 2.998888 2.824114 0.004829 2.576878 2.715345 0.008244 2.455714 2.778660 0.007780 2.550316 2.970806 0.004976 2.674018 2.909638 0.005404 
3.016683 2.612245 0.006219 2.880755 2.597639 0.006204 2.861426 2.814014 0.004853 2.998931 2.825694 0.004888 2.581676 2.715841 0.006437 2.459337 2.776854 0.005876 2.550293 2.970771 0.004972 2.675129 2.911952 0.005525 
3.019434 2.614011 0.008351 2.883707 2.597637 0.008248 2.861569 2.813721 0.004850 2.998910 2.827190 0.005002 2.584100 2.716138 0.005627 2.461173 2.775956 0.004925 2.550232 2.970754 0.004957 2.675634 2.913154 0.005667 
3.019713 2.614319 0.010224 2.884014 2.597727 0.009647 2.861549 2.813750 0.004862 2.998866 2.827441 0.005513 2.584088 2.716145 0.005962 2.461162 2.775961 0.004927 2.550220 2.970759 0.004947 2.675621 2.913161 0.005993 
3.019715 2.614432 0.012298 2.884023 2.597811 0.011258 2.861543 2.813791 0.004869 2.998855 2.827512 0.006009 2.584070 2.716154 0.006423 2.461148 2.775968 0.004929 2.550204 2.970767 0.004936 2.675602 2.913171 0.006445 
3.019639 2.614307 0.014348 2.883944 2.597748 0.012828 2.861608 2.813692 0.004899 2.998920 2.827351 0.006547 2.584087 2.716167 0.006941 2.461160 2.775957 0.004921 2.550184 2.970771 0.004921 2.675585 2.913200 0.006961 
3.019523 2.612470 0.017692 2.883806 2.596147 0.015669 2.861914 2.812052 0.005690 2.999243 2.825472 0.007874 2.584064 2.716179 0.007436 2.461145 2.775964 0.004917 2.550167 2.970779 0.004916 2.675561 2.913212 0.007460 
3.019087 2.609400 0.021785 2.883332 2.593442 0.019378 2.862099 2.809303 0.007244 2.999455 2.822355 0.009846 2.584039 2.716191 0.007945 2.461128 2.775971 0.004913 2.550150 2.970786 0.004913 2.675534 2.913224 0.007974 
3.018146 2.606340 0.025601 2.882344 2.590838 0.022899 2.861910 2.806659 0.008858 2.999303 2.819253 0.011784 2.584008 2.716205 0.008502 2.461110 2.775980 0.004912 2.550131 2.970795 0.004909 2.675504 2.913239 0.008535 
3.016799 2.603760 0.028826 2.880954 2.588674 0.025940 2.861249 2.804448 0.010221 2.998675 2.816622 0.013357 2.583973 2.716221 0.009097 2.461091 2.775989 0.004913 2.550112 2.970804 0.004906 2.675469 2.913255 0.009130 
3.015366 2.601859 0.031414 2.879487 2.587107 0.028415 2.860368 2.802825 0.011273 2.997821 2.814662 0.014544 2.583929 2.716237 0.009683 2.461065 2.776001 0.004917 2.550093 2.970813 0.004903 2.675430 2.913268 0.009715 
3.014156 2.600169 0.033800 2.878244 2.585751 0.030660 2.859713 2.801415 0.012237 2.997190 2.812916 0.015669 2.583523 2.716205 0.010226 2.460765 2.776139 0.004923 2.550075 2.970821 0.004899 2.675311 2.913103 0.010253 
3.012789 2.598290 0.035997 2.876838 2.584275 0.032726 2.859002 2.799893 0.013111 2.996509 2.810987 0.016692 2.582928 2.716152 0.010803 2.460320 2.776346 0.005003 2.550060 2.970831 0.004895 2.675150 2.912847 0.010750 
3.011349 2.596332 0.038109 2.875359 2.582728 0.034733 2.858228 2.798296 0.013979 2.995765 2.808976 0.017682 2.582280 2.716099 0.011486 2.459834 2.776577 0.005231 2.550047 2.970843 0.004891 2.674980 2.912569 0.011203 
3.009873 2.594402 0.040188 2.873844 2.581216 0.036728 2.857426 2.796732 0.014897 2.994991 2.806992 0.018699 2.581574 2.716049 0.012296 2.459303 2.776835 0.005623 2.550037 2.970857 0.004888 2.674801 2.912268 0.011615 
3.008438 2.592647 0.042169 2.872369 2.579890 0.038628 2.856678 2.795360 0.015821 2.994273 2.805187 0.019719 2.580797 2.715999 0.013196 2.458717 2.777126 0.006140 2.550030 2.970874 0.004885 2.674609 2.911937 0.011992 
3.007079 2.591132 0.044016 2.870973 2.578818 0.040389 2.856029 2.794248 0.016720 2.993651 2.803628 0.020716 2.579955 2.715949 0.014125 2.458081 2.777446 0.006716 2.550024 2.970891 0.004883 2.674404 2.911576 0.012337 
3.005756 2.589738 0.045758 2.869612 2.577872 0.042051 2.855420 2.793266 0.017597 2.993070 2.802193 0.021686 2.579081 2.715901 0.015046 2.457423 2.777783 0.007315 2.550020 2.970909 0.004881 2.674192 2.911201 0.012652 
3.004436 2.588354 0.047385 2.868255 2.576938 0.043614 2.854813 2.792293 0.018410 2.992489 2.800767 0.022574 2.578210 2.715857 0.015927 2.456767 2.778122 0.007898 2.550017 2.970925 0.004879 2.673981 2.910826 0.012942 
3.003649 2.586897 0.046705 2.867385 2.576688 0.042478 2.855969 2.792057 0.016409 2.993700 2.799313 0.021045 2.572098 2.720758 0.026741 2.450134 2.782397 0.022833 2.542225 2.975704 0.017422 2.666698 2.916244 0.021290 
3.007253 2.587598 0.039302 2.870942 2.578625 0.033955 2.861689 2.794104 0.007932 2.999438 2.800109 0.013699 2.555033 2.725065 0.044316 2.433313 2.787283 0.042585 2.526169 2.979935 0.030721 2.650407 2.919881 0.032299 
3.011040 2.588061 0.027887 2.874665 2.578556 0.026694 2.863719 2.794419 0.004850 3.001556 2.800957 0.006363 2.539505 2.730990 0.058144 2.417177 2.792005 0.056374 2.507988 2.985069 0.037475 2.632810 2.926236 0.038990 
3.021482 2.588368 0.025074 2.885194 2.577633 0.024753 2.872145 2.793558 0.004752 3.009924 2.801336 0.005359 2.518696 2.745549 0.079600 2.392719 2.798423 0.074692 2.470888 2.994737 0.039647 2.599213 2.944170 0.044099 
3.024874 2.590222 0.023870 2.888767 2.577391 0.023540 2.872384 2.793199 0.004775 3.010027 2.803096 0.005375 2.513230 2.774077 0.076010 2.386398 2.825073 0.074287 2.461259 3.024243 0.049686 2.590399 2.975613 0.051072 
3.033509 2.593323 0.026866 2.897857 2.576348 0.027343 2.874818 2.791236 0.005293 3.012096 2.805329 0.005124 2.488311 2.821000 0.082096 2.360979 2.868335 0.097448 2.425668 3.069176 0.060623 2.555168 3.024267 0.044593 
3.040606 2.595995 0.028073 2.905383 2.575881 0.028367 2.877413 2.790071 0.005255 3.014328 2.807343 0.005286 2.434013 2.882601 0.083234 2.318392 2.926644 0.141390 2.372959 3.130938 0.107273 2.490488 3.089403 0.048062 
3.049423 2.602543 0.033684 2.915253 2.576309 0.033454 2.877801 2.788415 0.005134 3.013787 2.811895 0.005766 2.430905 2.946610 0.070689 2.320738 2.983681 0.142654 2.375008 3.190433 0.129019 2.487025 3.155974 0.056159 
3.052251 2.606027 0.040515 2.918523 2.577635 0.039894 2.877960 2.788217 0.005202 3.013545 2.813898 0.006321 2.434164 2.997766 0.041689 2.322437 3.028485 0.114237 2.376709 3.235610 0.119829 2.490303 3.207570 0.046656 
3.047803 2.604275 0.050045 2.913658 2.578150 0.046513 2.877767 2.788413 0.005340 3.013707 2.811808 0.009489 2.434684 3.019377 0.015158 2.321501 3.049457 0.085688 2.374935 3.256747 0.093020 2.489986 3.229353 0.021909 
3.042226 2.604685 0.060409 2.908146 2.579172 0.052579 2.875012 2.788642 0.005480 3.010847 2.811432 0.014053 2.456699 3.022767 0.004846 2.328645 3.038841 0.049941 2.355880 3.250572 0.067434 2.485570 3.237385 0.022152 
3.032484 2.613088 0.067249 2.899418 2.581993 0.063181 2.857204 2.787267 0.005960 2.992143 2.815752 0.010878 2.477413 3.022387 0.005251 2.340922 3.026166 0.012004 2.342710 3.239296 0.033221 2.480554 3.238543 0.026707 
3.024642 2.622992 0.070938 2.892092 2.589721 0.067280 2.846728 2.793189 0.006151 2.981191 2.823896 0.010710 2.475641 3.023694 0.006733 2.338944 3.024476 0.005024 2.334743 3.237568 0.026286 2.472709 3.239841 0.028317 
3.021086 2.632540 0.077451 2.888705 2.598874 0.071819 2.843724 2.802027 0.009375 2.978010 2.833138 0.015945 2.475050 3.025083 0.008746 2.338392 3.024512 0.004973 2.331814 3.237735 0.024224 2.469706 3.241376 0.028311 
3.023280 2.640899 0.095477 2.891416 2.605651 0.087772 2.845512 2.807147 0.020796 2.979290 2.839878 0.029523 2.474855 3.026501 0.011204 2.338301 3.024562 0.004953 2.329334 3.237887 0.021967 2.467087 3.242911 0.028522 
3.028404 2.649048 0.121136 2.897299 2.611561 0.111336 2.849966 2.810495 0.037996 2.982998 2.845522 0.048929 2.474596 3.028137 0.013667 2.338210 3.024620 0.004939 2.326624 3.238017 0.019270 2.464169 3.244635 0.028289 
3.033623 2.657063 0.149701 2.903357 2.617327 0.137797 2.854961 2.813388 0.057725 2.987161 2.850727 0.070877 2.474279 3.028951 0.016328 2.338110 3.024706 0.004929 2.325408 3.238267 0.015321 2.462718 3.245623 0.026980 
3.034860 2.664390 0.178774 2.905261 2.623104 0.165010 2.857046 2.816308 0.078171 2.988570 2.855253 0.093297 2.473896 3.029891 0.019006 2.338008 3.024826 0.004921 2.324347 3.238524 0.009851 2.461361 3.246709 0.024143 
3.033379 2.672863 0.206347 2.904346 2.630353 0.191080 2.856805 2.820697 0.097793 2.987748 2.860919 0.114529 2.473862 3.031467 0.022614 2.338356 3.025120 0.005655 2.323263 3.238776 0.004741 2.459870 3.248255 0.021852 
3.034340 2.682532 0.234428 2.906104 2.638018 0.218188 2.858218 2.824591 0.117732 2.988361 2.866888 0.135552 2.475330 3.033300 0.028707 2.340363 3.025363 0.008440 2.323143 3.238829 0.004759 2.459174 3.249911 0.025170 
3.035691 2.693032 0.261867 2.908337 2.646484 0.244428 2.860498 2.829097 0.136922 2.989750 2.873504 0.156051 2.476501 3.034967 0.033894 2.342054 3.025621 0.010950 2.323044 3.238877 0.004774 2.458525 3.251379 0.027852 
3.037598 2.704965 0.286190 2.911174 2.656063 0.268432 2.862687 2.834003 0.153628 2.991009 2.880853 0.173183 2.478382 3.037141 0.038082 2.344447 3.025967 0.013054 2.322966 3.238918 0.004790 2.457894 3.253261 0.029942 
3.040815 2.719834 0.308893 2.915467 2.668234 0.291137 2.865974 2.840858 0.168887 2.993224 2.890507 0.188545 2.480763 3.039623 0.041240 2.347357 3.026371 0.014459 2.322900 3.238942 0.004802 2.457250 3.255377 0.031705 
3.045266 2.738514 0.332568 2.921209 2.683894 0.314779 2.870859 2.850395 0.184640 2.996818 2.903179 0.204443 2.483716 3.042797 0.044897 2.350951 3.026956 0.016391 2.322833 3.238978 0.004813 2.456484 3.258019 0.033430 
3.049941 2.760572 0.356310 2.927339 2.702752 0.338549 2.876378 2.862469 0.200392 3.000877 2.918580 0.220281 2.487175 3.046768 0.049331 2.355202 3.027793 0.019120 2.322764 3.239030 0.004823 2.455555 3.261225 0.035123 
3.054065 2.784467 0.379273 2.933044 2.723463 0.361323 2.882036 2.876274 0.215581 3.004940 2.935698 0.235767 2.490139 3.050787 0.054593 2.359052 3.028769 0.022637 2.322690 3.239099 0.004831 2.454529 3.264353 0.036842 
3.058479 2.808697 0.399669 2.938932 2.744490 0.383060 2.887019 2.889160 0.229537 3.008447 2.951933 0.248480 2.496288 3.057107 0.056792 2.366266 3.030311 0.024143 2.322661 3.239126 0.004838 2.453321 3.269183 0.037527 
3.072622 2.843798 0.415567 2.955850 2.774279 0.400689 2.900182 2.909785 0.240274 3.018861 2.978050 0.257567 2.503591 3.064253 0.056472 2.374852 3.032208 0.023467 2.322654 3.239105 0.004845 2.451894 3.274435 0.037903 
3.088683 2.885528 0.425434 2.975620 2.809848 0.412048 2.914960 2.936792 0.246521 3.029966 3.011399 0.262380 2.509104 3.070606 0.057846 2.381825 3.034130 0.023798 2.322616 3.239100 0.004850 2.450282 3.278877 0.038958 
3.101293 2.928131 0.434581 2.992006 2.846845 0.422794 2.927073 2.965368 0.252707 3.038327 3.045753 0.267017 2.515872 3.079088 0.059921 2.390627 3.036989 0.024830 2.322667 3.239123 0.004812 2.448152 3.284536 0.039956 
3.104885 2.967274 0.455674 2.998394 2.882004 0.446822 2.933600 2.987692 0.268425 3.042030 3.072282 0.279889 2.518930 3.084565 0.064285 2.395052 3.039015 0.028658 2.322621 3.239173 0.004823 2.446662 3.288043 0.040453 
3.105995 3.006217 0.482741 3.001265 2.918419 0.479146 2.937871 3.007790 0.291562 3.044503 3.095163 0.297849 2.525114 3.092439 0.062953 2.402360 3.042008 0.030120 2.322419 3.239104 0.004810 2.445218 3.292857 0.037599 
3.104581 3.053612 0.517214 3.001964 2.963295 0.518800 2.941556 3.034384 0.322609 3.046012 3.124559 0.323787 2.528880 3.099168 0.065981 2.407227 3.044907 0.035225 2.322446 3.239239 0.004814 2.444064 3.296821 0.035432 
3.096301 3.102545 0.555074 2.995838 3.009895 0.558693 2.941450 3.066710 0.356190 3.043646 3.159443 0.355405 2.529539 3.104535 0.074525 2.408634 3.047691 0.045534 2.322403 3.239480 0.004806 2.443244 3.299633 0.033493 
3.077467 3.137511 0.583092 2.977065 3.044805 0.586951 2.928684 3.094381 0.381050 3.030734 3.187274 0.380072 2.525760 3.111642 0.095523 2.405910 3.052493 0.066761 2.322204 3.239927 0.005609 2.442016 3.302344 0.033772 
3.062220 3.167940 0.595183 2.961536 3.075610 0.600451 2.915000 3.120293 0.393011 3.017308 3.212874 0.390631 2.522605 3.123529 0.116502 2.404776 3.060383 0.087892 2.322112 3.240395 0.006405 2.439900 3.306742 0.034123 
3.051250 3.205240 0.602209 2.951169 3.112473 0.610447 2.904104 3.150465 0.401796 3.005811 3.243583 0.396435 2.518312 3.136031 0.135177 2.402544 3.069192 0.106537 2.321888 3.240936 0.007157 2.437622 3.310892 0.034646 
3.039158 3.248182 0.611645 2.940117 3.154633 0.623026 2.893643 3.183965 0.412851 2.994291 3.277994 0.404339 2.512977 3.149099 0.151442 2.399345 3.078398 0.123535 2.320651 3.240576 0.007848 2.434257 3.314295 0.034364 
3.025531 3.292978 0.619515 2.927451 3.198913 0.634409 2.882295 3.218155 0.422786 2.981955 3.312849 0.410748 2.503589 3.164123 0.159921 2.390828 3.091027 0.134788 2.312755 3.245298 0.008365 2.425491 3.321321 0.031925 
3.012756 3.334892 0.620402 2.915307 3.240830 0.639003 2.870886 3.250509 0.426572 2.969897 3.345336 0.410803 2.492784 3.181741 0.164479 2.380461 3.106990 0.142444 2.302049 3.254805 0.008728 2.414337 3.332408 0.029056 
3.002300 3.377196 0.612844 2.905249 3.283960 0.636885 2.859970 3.282024 0.424424 2.958592 3.376181 0.403162 2.481834 3.198511 0.167384 2.369856 3.122028 0.150029 2.289749 3.262070 0.009144 2.401664 3.341309 0.024642 
2.994721 3.421708 0.597748 2.898335 3.329749 0.628457 2.850980 3.314558 0.416985 2.948961 3.407614 0.388977 2.471379 3.213295 0.171778 2.359755 3.135196 0.160358 2.278414 3.264400 0.010133 2.389954 3.345115 0.019505 
2.987700 3.468836 0.578763 2.892010 3.379035 0.617090 2.842708 3.348171 0.407780 2.940014 3.439270 0.372051 2.461617 3.227584 0.175247 2.350324 3.148333 0.170436 2.267505 3.265405 0.011336 2.378690 3.347109 0.013907 
2.981606 3.517153 0.558128 2.886495 3.430540 0.604411 2.835666 3.382592 0.398715 2.932408 3.470714 0.354902 2.455270 3.244348 0.184349 2.345421 3.162966 0.184007 2.264077 3.264819 0.014046 2.373824 3.348457 0.011949 
2.975238 3.567632 0.542293 2.880213 3.485165 0.595765 2.829817 3.419470 0.394922 2.926467 3.503658 0.343783 2.451798 3.262386 0.194420 2.342576 3.180367 0.200179 2.262640 3.265619 0.020680 2.371775 3.349661 0.012285 
2.974268 3.624814 0.528173 2.879457 3.548811 0.590816 2.827641 3.461985 0.398540 2.924095 3.539947 0.338021 2.447514 3.282419 0.206762 2.337614 3.201868 0.217863 2.258085 3.276208 0.033400 2.367911 3.358610 0.019541 
2.977475 3.681960 0.523105 2.884185 3.609654 0.592088 2.832723 3.507317 0.407501 2.927636 3.581766 0.340471 2.447164 3.306666 0.231291 2.336879 3.228520 0.251789 2.252091 3.290169 0.065005 2.362230 3.369961 0.041623 
2.981823 3.733009 0.513302 2.889096 3.666125 0.588255 2.836770 3.549668 0.412489 2.931127 3.618844 0.339308 2.452591 3.335590 0.254576 2.343148 3.259429 0.284765 2.253373 3.304167 0.095512 2.362590 3.381712 0.062309 
2.992090 3.783189 0.488758 2.900925 3.722973 0.570932 2.845010 3.592287 0.406650 2.937842 3.654932 0.326015 2.459313 3.367005 0.274853 2.350956 3.293764 0.314656 2.255724 3.321900 0.124876 2.363765 3.396258 0.081958 
3.009714 3.832386 0.448386 2.922596 3.778522 0.538934 2.860993 3.634699 0.388222 2.949819 3.691117 0.298942 2.470626 3.397042 0.290813 2.364362 3.327164 0.340963 2.260706 3.340534 0.154002 2.366512 3.411283 0.100678 
3.031894 3.875334 0.392322 2.950934 3.829185 0.492350 2.881578 3.672628 0.358658 2.964297 3.721437 0.259566 2.486305 3.424978 0.305739 2.383403 3.359605 0.367605 2.268867 3.357838 0.186619 2.371124 3.423821 0.121550 
3.053720 3.908898 0.325436 2.980214 3.872055 0.434657 2.902628 3.704038 0.320884 2.977938 3.743615 0.212229 2.505360 3.452705 0.319420 2.407047 3.393185 0.393460 2.281147 3.374945 0.221140 2.378606 3.434781 0.143903 
3.071542 3.931920 0.252667 3.005953 3.904841 0.369520 2.921025 3.727949 0.276297 2.988446 3.757794 0.159645 2.526255 3.479726 0.325965 2.433743 3.427300 0.411889 2.296393 3.392849 0.251185 2.387830 3.445290 0.162117 
3.085840 3.945241 0.177127 3.028772 3.926077 0.299870 2.936911 3.744242 0.224428 2.995827 3.766167 0.101577 2.547834 3.504318 0.319709 2.461916 3.458047 0.415453 2.313789 3.412149 0.267705 2.398414 3.458210 0.168907 
3.096165 3.953874 0.102012 3.049449 3.941060 0.229852 2.951454 3.756214 0.171345 3.000007 3.771771 0.043108 2.568588 3.522842 0.307274 2.489767 3.479677 0.410297 2.331178 3.430231 0.275085 2.408486 3.473105 0.169117 
3.101120 3.960353 0.066194 3.060873 3.953939 0.196688 2.961629 3.765754 0.152745 3.003669 3.774896 0.021622 2.583401 3.538662 0.318582 2.509040 3.503192 0.427680 2.344056 3.446697 0.303317 2.416768 3.481700 0.191372 
3.111824 3.960242 0.064580 3.070999 3.958558 0.195042 2.970049 3.770009 0.156932 3.012696 3.774381 0.025760 2.597360 3.553958 0.327495 2.525836 3.523459 0.439940 2.358022 3.460850 0.322483 2.427829 3.490745 0.207256 
3.124407 3.957660 0.063632 3.083738 3.957954 0.194154 2.979668 3.770709 0.158064 3.022201 3.773065 0.026803 2.607614 3.564048 0.328652 2.537462 3.535324 0.442420 2.367435 3.472997 0.328035 2.435826 3.501105 0.211516 
3.137182 3.954004 0.063550 3.096612 3.954930 0.194099 2.989103 3.769655 0.157919 3.031586 3.771345 0.026632 2.614787 3.570062 0.326998 2.544814 3.542077 0.441062 2.373169 3.482902 0.327422 2.441356 3.510308 0.210617 
3.150301 3.950365 0.064217 3.109546 3.951252 0.194709 2.998665 3.768235 0.157240 3.041382 3.769932 0.026028 2.620673 3.574881 0.324025 2.549832 3.546738 0.437512 2.377720 3.491527 0.322591 2.446776 3.519150 0.206349 
3.163091 3.949783 0.065901 3.121474 3.950418 0.196122 3.008354 3.769177 0.156762 3.051972 3.771103 0.025851 2.627143 3.581026 0.320223 2.554666 3.552129 0.432482 2.383708 3.499255 0.314772 2.454433 3.527673 0.199731 
3.171932 3.955737 0.068612 3.128998 3.957206 0.198398 3.016365 3.775651 0.159086 3.061305 3.776741 0.028613 2.632518 3.586849 0.316139 2.558937 3.557218 0.427484 2.388892 3.505899 0.307781 2.460745 3.535080 0.193634 
3.174092 3.963363 0.066895 3.131259 3.965545 0.196704 3.020025 3.782798 0.158966 3.064845 3.783184 0.028448 2.634644 3.591622 0.323368 2.559568 3.563666 0.434146 2.391340 3.509945 0.312938 2.464729 3.537401 0.199341 
3.173929 3.972637 0.066936 3.131250 3.973760 0.196809 3.021678 3.790175 0.158285 3.066318 3.791642 0.027713 2.637274 3.594794 0.324155 2.561984 3.566040 0.434584 2.394725 3.511047 0.312608 2.468344 3.539290 0.199353 
3.173028 3.984143 0.068308 3.130118 3.984026 0.198110 3.023092 3.799183 0.158457 3.067930 3.801920 0.027973 2.640147 3.596514 0.322150 2.564835 3.565978 0.432083 2.398497 3.510423 0.309107 2.472151 3.540457 0.196337 
3.170819 3.994587 0.069147 3.127803 3.993509 0.198910 3.023400 3.807304 0.158646 3.068307 3.811030 0.028210 2.642062 3.597822 0.321941 2.566593 3.565831 0.431353 2.401489 3.509015 0.307295 2.475318 3.540501 0.195037 
3.168641 4.004365 0.072033 3.125365 4.001468 0.201681 3.023455 3.814337 0.159373 3.068589 3.819913 0.029081 2.643214 3.597884 0.320980 2.567239 3.563859 0.429423 2.403821 3.506456 0.303417 2.478187 3.539987 0.192109 
3.166781 4.012864 0.079211 3.122684 4.007135 0.208488 3.023106 3.819718 0.162092 3.069035 3.828157 0.032234 2.643193 3.595956 0.318213 2.566337 3.559229 0.425144 2.404936 3.502533 0.296254 2.480219 3.538801 0.186431 
3.164876 4.018443 0.090404 3.119334 4.009670 0.219007 3.021901 3.822437 0.167585 3.069260 3.833947 0.038478 2.641700 3.591689 0.314147 2.563856 3.551955 0.419273 2.404369 3.497224 0.287189 2.480678 3.536556 0.179144 
3.162774 4.019636 0.103471 3.115597 4.007955 0.231251 3.019676 3.821447 0.174616 3.068665 3.835882 0.046414 2.637983 3.585659 0.311669 2.558682 3.543517 0.414747 2.401346 3.491204 0.279151 2.479157 3.533004 0.173122 
3.161011 4.016819 0.119579 3.111760 4.001856 0.246229 3.016785 3.816909 0.183237 3.067854 3.834636 0.056266 2.632778 3.577787 0.308146 2.551731 3.533093 0.408763 2.396704 3.484344 0.269235 2.476311 3.528772 0.165636 
3.159151 4.010907 0.138325 3.107443 3.992269 0.263500 3.013177 3.809642 0.193110 3.066716 3.831045 0.067733 2.626190 3.568147 0.303373 2.543109 3.520706 0.401029 2.390642 3.476722 0.257165 2.472339 3.523992 0.156492 
3.157095 4.002667 0.159515 3.102733 3.980299 0.282942 3.009108 3.800513 0.204808 3.065317 3.825642 0.081304 2.618360 3.557618 0.299467 2.532831 3.507374 0.393542 2.383486 3.469149 0.244839 2.467701 3.519332 0.147712 
3.153645 3.994095 0.184188 3.096034 3.968409 0.305477 3.003651 3.791472 0.219732 3.063123 3.819910 0.098495 2.609891 3.548202 0.297283 2.521853 3.495701 0.387742 2.376124 3.462359 0.234351 2.462923 3.514892 0.140808 
3.149193 3.985025 0.209625 3.088339 3.955579 0.328451 2.997674 3.781947 0.234506 3.060395 3.814136 0.115872 2.601456 3.538029 0.293902 2.511011 3.483170 0.380504 2.368999 3.455214 0.222615 2.458283 3.510205 0.132903 
3.144098 3.974506 0.234823 3.080057 3.941237 0.350934 2.991279 3.771353 0.248702 3.057191 3.807347 0.132926 2.593159 3.527444 0.289154 2.500468 3.470102 0.371677 2.362196 3.448058 0.209588 2.453802 3.505640 0.123933 
3.138354 3.962701 0.259658 3.071193 3.925573 0.372798 2.984502 3.759870 0.262249 3.053536 3.799702 0.149591 2.585033 3.516769 0.283543 2.490197 3.456962 0.361768 2.355818 3.441093 0.195731 2.449645 3.501253 0.114359 
3.131994 3.949887 0.283796 3.061893 3.908692 0.393699 2.977551 3.747692 0.274706 3.049518 3.791563 0.165435 2.577210 3.505842 0.276948 2.480358 3.443599 0.350673 2.349950 3.434243 0.181015 2.445868 3.496957 0.104135 
3.124997 3.936574 0.307227 3.052085 3.891421 0.413692 2.970370 3.735377 0.286543 3.045139 3.783174 0.180859 2.569668 3.495101 0.269721 2.470907 3.430421 0.338660 2.344680 3.427847 0.165635 2.442587 3.493119 0.093539 
3.117236 3.923218 0.330225 3.041633 3.874195 0.433039 2.962932 3.723289 0.298031 3.040375 3.774919 0.196144 2.562636 3.484924 0.262335 2.462127 3.417829 0.326256 2.340350 3.421927 0.150099 2.440086 3.489733 0.083024 
3.108225 3.909946 0.353407 3.030003 3.856891 0.452181 2.954951 3.711511 0.309262 3.034986 3.767134 0.211566 2.556064 3.474878 0.253833 2.454010 3.405373 0.312517 2.336733 3.416395 0.133625 2.438094 3.486734 0.071800 
3.099663 3.895337 0.374110 3.019312 3.837911 0.468639 2.947902 3.698826 0.317809 3.030035 3.758773 0.224510 2.550640 3.463911 0.242422 2.447384 3.391934 0.295782 2.333927 3.410968 0.115108 2.436556 3.483918 0.058634 
3.091871 3.877603 0.392469 3.009539 3.816056 0.482600 2.941251 3.684044 0.324160 3.025338 3.748050 0.235411 2.545929 3.452773 0.229240 2.441648 3.378511 0.277203 2.331615 3.406203 0.095534 2.435329 3.481585 0.044494 
3.088088 3.860792 0.406571 3.004678 3.796641 0.493848 2.937234 3.670351 0.330459 3.022399 3.736907 0.244660 2.541573 3.443946 0.221997 2.436283 3.367892 0.264654 2.329316 3.404702 0.082773 2.434092 3.482025 0.037087 
3.082997 3.847384 0.421749 2.998438 3.780773 0.506026 2.932903 3.659517 0.338110 3.019201 3.728484 0.255404 2.538906 3.437352 0.219651 2.433149 3.360219 0.259091 2.328557 3.401246 0.076732 2.433840 3.479719 0.034287 
3.077883 3.836581 0.435501 2.992308 3.767942 0.517082 2.928830 3.650859 0.345454 3.016124 3.721815 0.265523 2.536347 3.431698 0.217071 2.430145 3.353719 0.253544 2.327629 3.398921 0.070992 2.433391 3.478307 0.031541 
3.073154 3.827021 0.447499 2.986711 3.756652 0.526655 2.925126 3.643277 0.351877 3.013271 3.715926 0.274439 2.534006 3.426818 0.214372 2.427408 3.348135 0.248072 2.326762 3.397343 0.065516 2.432950 3.477498 0.028864 
3.068896 3.818181 0.457903 2.981713 3.746302 0.534860 2.921783 3.636348 0.357343 3.010651 3.710473 0.282164 2.531979 3.422645 0.211972 2.425071 3.343341 0.243137 2.326141 3.396102 0.060635 2.432668 3.476935 0.026544 
3.064959 3.810601 0.467045 2.977137 3.737454 0.542056 2.918736 3.630457 0.362238 3.008227 3.705820 0.289056 2.530217 3.419184 0.210036 2.423061 3.339372 0.238973 2.325677 3.395149 0.056537 2.432475 3.476539 0.024697 
3.061451 3.804408 0.474853 2.973080 3.730273 0.548231 2.916030 3.625669 0.366580 3.006057 3.701996 0.295072 2.528690 3.416438 0.208692 2.421332 3.336245 0.235770 2.325298 3.394436 0.053372 2.432319 3.476245 0.023409 
3.058557 3.799963 0.481150 2.969714 3.725200 0.553311 2.913766 3.622246 0.370379 3.004253 3.699184 0.300118 2.527530 3.414627 0.208146 2.420034 3.334172 0.233860 2.325064 3.393999 0.051434 2.432241 3.476096 0.022848 
3.056384 3.797799 0.485687 2.967180 3.722759 0.557113 2.912063 3.620600 0.373485 3.002902 3.697806 0.303977 2.526753 3.413908 0.208549 2.419174 3.333320 0.233489 2.324951 3.393852 0.050909 2.432222 3.476094 0.023102 
3.055014 3.798281 0.488244 2.965605 3.723306 0.559481 2.911013 3.620982 0.375787 3.002052 3.698126 0.306470 2.526244 3.414185 0.209933 2.418612 3.333602 0.234663 2.324872 3.393937 0.051769 2.432203 3.476171 0.024171 
3.054358 3.800980 0.489104 2.964859 3.726386 0.560626 2.910517 3.623067 0.377416 3.001644 3.699839 0.307805 2.525981 3.415349 0.212170 2.418320 3.334895 0.237192 2.324820 3.394235 0.053851 2.432184 3.476325 0.025951 
3.054330 3.805595 0.488530 2.964827 3.731679 0.560748 2.910496 3.626635 0.378518 3.001627 3.702748 0.308190 2.525970 3.417361 0.215209 2.418307 3.337146 0.240982 2.324812 3.394766 0.057089 2.432178 3.476589 0.028423 
3.054903 3.812035 0.486521 2.965479 3.739097 0.559823 2.910929 3.631634 0.379075 3.001983 3.706794 0.307631 2.526199 3.420223 0.219010 2.418560 3.340369 0.245975 2.324849 3.395553 0.061447 2.432187 3.476976 0.031567 
3.055997 3.820279 0.482996 2.966758 3.748527 0.557680 2.911855 3.638091 0.378842 3.002728 3.712095 0.305975 2.526808 3.423975 0.223345 2.419250 3.344627 0.252066 2.324946 3.396553 0.066895 2.432195 3.477419 0.035234 
3.058792 3.829634 0.475610 2.970019 3.759148 0.552035 2.914372 3.645401 0.375517 3.004784 3.718174 0.300860 2.528693 3.427650 0.225317 2.421377 3.348970 0.256664 2.325209 3.397416 0.071509 2.432186 3.477557 0.037196 
3.064695 3.839274 0.462012 2.976858 3.770506 0.541040 2.918963 3.653025 0.367719 3.008462 3.724117 0.290389 2.531372 3.432358 0.227092 2.424430 3.354434 0.261458 2.325976 3.398945 0.076517 2.432542 3.478267 0.039159 
3.072064 3.850116 0.444422 2.985474 3.783488 0.526596 2.924654 3.661714 0.357285 3.012937 3.730706 0.276723 2.534799 3.438238 0.228971 2.428400 3.361248 0.266939 2.327161 3.401008 0.082419 2.433140 3.479318 0.041429 
3.080150 3.862701 0.423813 2.995101 3.798530 0.509477 2.931145 3.671934 0.344927 3.017916 3.738514 0.260772 2.539003 3.445172 0.230803 2.433339 3.369397 0.273031 2.328685 3.403653 0.089314 2.433873 3.480656 0.044036 
3.089633 3.875625 0.398447 3.006658 3.813807 0.487797 2.939205 3.682546 0.328378 3.023932 3.746816 0.240430 2.544810 3.451834 0.228997 2.440274 3.377314 0.275997 2.330930 3.406560 0.094155 2.434911 3.482224 0.044085 
3.101762 3.886911 0.372185 3.021765 3.827143 0.465556 2.949612 3.692005 0.311525 3.031398 3.754260 0.219442 2.549651 3.458157 0.233497 2.445715 3.384984 0.283825 2.333598 3.410296 0.103085 2.436933 3.484544 0.049670 
3.109061 3.894629 0.356109 3.030638 3.837945 0.452682 2.955032 3.698716 0.304046 3.035278 3.757917 0.208652 2.552759 3.464797 0.242487 2.449340 3.393690 0.296690 2.334782 3.413247 0.116768 2.437561 3.485326 0.059452 
3.113265 3.903779 0.345083 3.035949 3.849838 0.444091 2.958556 3.706618 0.300243 3.037710 3.763105 0.202325 2.555752 3.471691 0.250569 2.453098 3.402497 0.308572 2.335894 3.416363 0.129830 2.437861 3.486428 0.068695 
3.116859 3.913653 0.334449 3.040669 3.862389 0.435725 2.961873 3.715230 0.296696 3.039910 3.769071 0.196419 2.558702 3.478213 0.256953 2.456825 3.410813 0.318338 2.336953 3.420107 0.141076 2.438097 3.488296 0.076547 
3.120903 3.922307 0.322543 3.046046 3.873476 0.425993 2.965657 3.722911 0.291599 3.042370 3.774344 0.189062 2.562248 3.484219 0.261842 2.461314 3.418367 0.326385 2.338641 3.423682 0.150883 2.438793 3.490250 0.083191 
3.125514 3.929090 0.309295 3.052176 3.882526 0.414856 2.969850 3.729108 0.284936 3.045058 3.778292 0.180205 2.566118 3.489904 0.266134 2.466162 3.425475 0.333569 2.340894 3.427045 0.159836 2.440022 3.492122 0.089248 
3.129694 3.935360 0.296691 3.057837 3.890950 0.404182 2.973766 3.734921 0.278560 3.047503 3.781967 0.171819 2.569957 3.495461 0.270269 2.470971 3.432374 0.340353 2.343356 3.430350 0.168341 2.441470 3.494022 0.095104 
3.133168 3.941456 0.285293 3.062688 3.899020 0.394479 2.977228 3.740593 0.272859 3.049595 3.785680 0.164350 2.573581 3.500710 0.274058 2.475530 3.438878 0.346533 2.345802 3.433527 0.176181 2.442942 3.495883 0.100553 
3.136207 3.947013 0.274685 3.067019 3.906397 0.385379 2.980366 3.745818 0.267483 3.051445 3.789099 0.157398 2.577030 3.505550 0.277305 2.479874 3.444847 0.351909 2.348242 3.436509 0.183145 2.444451 3.497682 0.105391 
3.138828 3.951974 0.264969 3.070832 3.913003 0.376985 2.983158 3.750533 0.262483 3.053048 3.792180 0.151016 2.580152 3.509923 0.280087 2.483809 3.450242 0.356548 2.350513 3.439277 0.189246 2.445877 3.499381 0.109638 
3.141093 3.956126 0.256257 3.074165 3.918625 0.369412 2.985592 3.754547 0.257936 3.054417 3.794732 0.145275 2.582920 3.513793 0.282440 2.487313 3.455051 0.360534 2.352538 3.441799 0.194588 2.447137 3.500922 0.113351 
3.143090 3.959498 0.248435 3.077130 3.923262 0.362566 2.987748 3.757859 0.253725 3.055607 3.796786 0.140042 2.585344 3.517033 0.284277 2.490384 3.459101 0.363753 2.354317 3.443988 0.199025 2.448245 3.502266 0.116409 
3.144765 3.962078 0.241796 3.079628 3.926899 0.356728 2.989545 3.760446 0.250087 3.056583 3.798321 0.135565 2.587396 3.519706 0.285716 2.492996 3.462477 0.366359 2.355813 3.445847 0.202707 2.449159 3.503394 0.118928 
3.146135 3.963934 0.236374 3.081663 3.929628 0.351944 2.990980 3.762366 0.247093 3.057354 3.799370 0.131901 2.589050 3.521884 0.286858 2.495117 3.465267 0.368473 2.356990 3.447414 0.205746 2.449851 3.504325 0.120999 
3.147236 3.965381 0.231949 3.083302 3.931810 0.348032 2.992130 3.763891 0.244664 3.057968 3.800164 0.128933 2.590386 3.523665 0.287766 2.496835 3.467557 0.370168 2.357936 3.448734 0.208209 2.450400 3.505117 0.122679 
3.148056 3.966462 0.228580 3.084535 3.933436 0.345046 2.992997 3.765035 0.242793 3.058423 3.800763 0.126660 2.591394 3.525019 0.288432 2.498135 3.469299 0.371426 2.358652 3.449755 0.210057 2.450812 3.505735 0.123937 
3.148600 3.967179 0.226308 3.085359 3.934523 0.343029 2.993577 3.765800 0.241529 3.058725 3.801160 0.125127 2.592070 3.525931 0.288869 2.499008 3.470475 0.372259 2.359129 3.450455 0.211291 2.451086 3.506163 0.124777 
3.148882 3.967550 0.225123 3.085786 3.935086 0.341976 2.993877 3.766196 0.240869 3.058880 3.801364 0.124328 2.592417 3.526405 0.289086 2.499456 3.471086 0.372681 2.359367 3.450837 0.211924 2.451218 3.506403 0.125207 
3.148897 3.967641 0.225083 3.085781 3.935282 0.341955 2.993884 3.766306 0.240980 3.058907 3.801370 0.124418 2.592458 3.526478 0.289113 2.499512 3.471180 0.372737 2.359383 3.450923 0.212015 2.451219 3.506468 0.125269 
3.148646 3.967540 0.225983 3.085405 3.935110 0.342768 2.993637 3.766180 0.241600 3.058785 3.801314 0.125129 2.592195 3.526201 0.288976 2.499184 3.470821 0.372473 2.359165 3.450759 0.211632 2.451068 3.506389 0.125011 
3.148259 3.967031 0.227603 3.084818 3.934340 0.344207 2.993224 3.765637 0.242504 3.058570 3.801031 0.126224 2.591699 3.525545 0.288648 2.498544 3.469979 0.371861 2.358796 3.450294 0.210738 2.450848 3.506118 0.124401 
3.147664 3.966247 0.230068 3.083919 3.933159 0.346393 2.992591 3.764805 0.243877 3.058240 3.800595 0.127889 2.590942 3.524551 0.288143 2.497569 3.468701 0.370921 2.358234 3.449593 0.209372 2.450511 3.505711 0.123467 
3.146844 3.965169 0.233413 3.082689 3.931541 0.349357 2.991724 3.763666 0.245737 3.057784 3.799994 0.130150 2.589912 3.523211 0.287449 2.496246 3.466977 0.369634 2.357475 3.448651 0.207509 2.450057 3.505168 0.122196 
3.145778 3.963765 0.237684 3.081098 3.929449 0.353135 2.990606 3.762195 0.248106 3.057188 3.799210 0.133038 2.588601 3.521498 0.286549 2.494562 3.464777 0.367970 2.356518 3.447450 0.205116 2.449487 3.504473 0.120563 
3.144437 3.962002 0.242927 3.079115 3.926841 0.357760 2.989214 3.760363 0.251005 3.056436 3.798220 0.136584 2.586995 3.519396 0.285423 2.492503 3.462082 0.365898 2.355362 3.445982 0.202157 2.448802 3.503622 0.118547 
3.142790 3.959833 0.249194 3.076701 3.923665 0.363272 2.987521 3.758137 0.254455 3.055507 3.796997 0.140825 2.585079 3.516883 0.284040 2.490050 3.458866 0.363371 2.354001 3.444242 0.198584 2.447998 3.502613 0.116115 
3.140867 3.957188 0.256347 3.073914 3.919827 0.369535 2.985573 3.755452 0.258312 3.054419 3.795500 0.145616 2.582917 3.513914 0.282291 2.487289 3.455072 0.360282 2.352487 3.442213 0.194328 2.447108 3.501442 0.113193 
3.138681 3.954012 0.264294 3.070779 3.915285 0.376452 2.983380 3.752279 0.262505 3.053171 3.793686 0.150886 2.580546 3.510504 0.280159 2.484269 3.450732 0.356630 2.350853 3.439911 0.189415 2.446149 3.500109 0.109797 
3.136151 3.950320 0.273143 3.067194 3.910077 0.384117 2.980879 3.748647 0.267140 3.051719 3.791563 0.156760 2.577911 3.506704 0.277698 2.480922 3.445912 0.352446 2.349075 3.437387 0.183859 2.445113 3.498647 0.105962 
3.133215 3.946044 0.282975 3.063089 3.904119 0.392586 2.978023 3.744505 0.272250 3.050026 3.789093 0.163294 2.574983 3.502487 0.274848 2.477214 3.440578 0.347638 2.347143 3.434650 0.177567 2.443993 3.497075 0.101626 
3.129876 3.941023 0.293757 3.058484 3.897223 0.401806 2.974827 3.739723 0.277753 3.048088 3.786174 0.170426 2.571800 3.497782 0.271511 2.473198 3.434659 0.342100 2.345087 3.431685 0.170471 2.442807 3.495379 0.096729 
3.126050 3.935244 0.305668 3.053271 3.889443 0.411948 2.971204 3.734330 0.283891 3.045843 3.782767 0.178406 2.568308 3.492699 0.267931 2.468806 3.428286 0.336050 2.342910 3.428572 0.162764 2.441570 3.493615 0.091493 
3.121605 3.928849 0.318701 3.047326 3.880893 0.422973 2.967114 3.728446 0.290610 3.043241 3.779022 0.187214 2.564517 3.487236 0.263959 2.464059 3.421466 0.329322 2.340638 3.425336 0.154308 2.440299 3.491801 0.085794 
3.116500 3.921491 0.332816 3.040603 3.871212 0.434804 2.962499 3.721803 0.297799 3.040230 3.774680 0.196774 2.560404 3.481326 0.259401 2.458940 3.414129 0.321686 2.338269 3.421983 0.144897 2.438986 3.489945 0.079465 
3.110813 3.912950 0.347722 3.033263 3.860033 0.447098 2.957535 3.714211 0.304990 3.036900 3.769701 0.206675 2.556258 3.474689 0.253648 2.453819 3.406025 0.312651 2.335882 3.418441 0.134285 2.437622 3.487952 0.072145 
3.105701 3.902013 0.361227 3.026674 3.846283 0.457865 2.952956 3.704760 0.310451 3.033784 3.763030 0.214976 2.552326 3.467191 0.246176 2.448998 3.396950 0.301669 2.333632 3.414750 0.122081 2.436307 3.485929 0.063469 
3.100493 3.888917 0.374535 3.019957 3.830329 0.468190 2.948160 3.693716 0.315299 3.030485 3.754801 0.222912 2.548264 3.459417 0.237941 2.444046 3.387653 0.289693 2.331387 3.411175 0.109048 2.435000 3.483974 0.054197 
3.095528 3.874273 0.387196 3.013501 3.813063 0.477832 2.943409 3.681593 0.319730 3.027215 3.745251 0.230465 2.544503 3.451176 0.228184 2.439474 3.377898 0.276028 2.329202 3.408075 0.094900 2.433668 3.482500 0.043988 
3.092233 3.860584 0.399644 3.008708 3.798337 0.488180 2.939368 3.670455 0.326836 3.024676 3.735111 0.239737 2.541258 3.445488 0.223682 2.435496 3.371171 0.268194 2.327213 3.407230 0.086942 2.432447 3.482788 0.039392 
3.088107 3.850832 0.412193 3.003277 3.787463 0.498669 2.935453 3.662511 0.334411 3.022056 3.728258 0.249433 2.538981 3.441246 0.222879 2.432766 3.366419 0.265414 2.326151 3.405051 0.083703 2.431867 3.481160 0.038144 
3.084461 3.844342 0.421994 2.998713 3.780110 0.506914 2.932279 3.657181 0.340574 3.019791 3.723770 0.257198 2.536664 3.437804 0.222796 2.429990 3.362743 0.263741 2.324877 3.403385 0.081595 2.431077 3.479759 0.037635 
3.081564 3.839463 0.429490 2.995095 3.774732 0.513293 2.929670 3.653185 0.345545 3.017893 3.720258 0.263315 2.534522 3.435339 0.223167 2.427424 3.360171 0.262787 2.323663 3.402415 0.080230 2.430311 3.478920 0.037602 
3.079224 3.836150 0.435323 2.992170 3.771217 0.518360 2.927518 3.650468 0.349737 3.016322 3.717734 0.268294 2.532733 3.433772 0.224187 2.425287 3.358617 0.262878 2.322649 3.401780 0.079903 2.429665 3.478286 0.038206 
3.077430 3.834724 0.439488 2.989916 3.769908 0.522131 2.925833 3.649273 0.353210 3.015094 3.716420 0.272168 2.531293 3.433167 0.225892 2.423568 3.358164 0.264099 2.321802 3.401498 0.080678 2.429111 3.477853 0.039463 
3.076423 3.835060 0.441419 2.988636 3.770502 0.523976 2.924996 3.649448 0.355187 3.014525 3.716340 0.274231 2.530544 3.433032 0.227254 2.422659 3.358386 0.265707 2.321054 3.401201 0.082074 2.428528 3.477188 0.040608 
3.077458 3.836132 0.438818 2.989711 3.772281 0.521965 2.925551 3.650214 0.354105 3.015048 3.716406 0.272540 2.530364 3.433491 0.228111 2.422401 3.359372 0.267353 2.320376 3.401263 0.083740 2.427923 3.476705 0.041477 
3.080210 3.838481 0.432395 2.992784 3.775772 0.516740 2.927332 3.652054 0.350597 3.016524 3.717117 0.267797 2.530892 3.435056 0.229322 2.422973 3.361636 0.269977 2.320022 3.401763 0.086487 2.427511 3.476473 0.042799 
3.084264 3.842188 0.422391 2.997497 3.780674 0.508282 2.930363 3.655026 0.344272 3.018913 3.718910 0.259881 2.532638 3.437314 0.229396 2.425037 3.364684 0.272253 2.320155 3.402444 0.089355 2.427294 3.476323 0.043453 
3.090503 3.846951 0.406773 3.004925 3.786940 0.494892 2.935128 3.658906 0.333866 3.022514 3.721306 0.247184 2.535475 3.440276 0.228246 2.428435 3.368480 0.273827 2.320849 3.403618 0.091980 2.427384 3.476617 0.043343 
3.098443 3.853259 0.388060 3.014563 3.794881 0.478866 2.941461 3.664211 0.321465 3.027181 3.725000 0.232018 2.539268 3.444653 0.228453 2.432979 3.373672 0.276975 2.322450 3.405772 0.096335 2.428183 3.477905 0.044746 
3.105209 3.858324 0.374814 3.022941 3.801185 0.467856 2.947067 3.668449 0.313524 3.031200 3.728016 0.221777 2.540877 3.447739 0.233986 2.434587 3.378148 0.284476 2.323093 3.407327 0.103934 2.428814 3.478015 0.050359 
3.108177 3.861952 0.368535 3.026383 3.806730 0.463140 2.948868 3.671681 0.311658 3.032545 3.729345 0.218292 2.541780 3.451378 0.238897 2.435752 3.383057 0.291623 2.322684 3.409293 0.111609 2.428118 3.478655 0.055783 
3.110513 3.866341 0.363209 3.029248 3.812554 0.459088 2.950656 3.675466 0.310011 3.033813 3.731711 0.215325 2.542731 3.454508 0.243001 2.436975 3.387329 0.297704 2.322450 3.411010 0.118258 2.427588 3.479183 0.060444 
3.113129 3.870497 0.357217 3.032474 3.818169 0.454409 2.952672 3.679102 0.307829 3.035231 3.733902 0.211782 2.543969 3.457734 0.246798 2.438528 3.391558 0.303302 2.322638 3.412839 0.124432 2.427439 3.479964 0.064809 
3.115827 3.875037 0.350796 3.035876 3.824123 0.449312 2.954904 3.683071 0.305293 3.036769 3.736471 0.207873 2.545653 3.461187 0.250543 2.440612 3.395907 0.308807 2.323365 3.414670 0.130541 2.427742 3.480854 0.069149 
3.118394 3.880061 0.344334 3.039221 3.830399 0.444110 2.957265 3.687419 0.302570 3.038358 3.739582 0.203843 2.547866 3.464581 0.253669 2.443354 3.400002 0.313642 2.324626 3.416378 0.136123 2.428448 3.481820 0.073015 
3.120766 3.885044 0.338085 3.042418 3.836340 0.438978 2.959676 3.691685 0.299613 3.039947 3.742906 0.199728 2.550277 3.467614 0.256192 2.446310 3.403531 0.317625 2.326271 3.417777 0.140804 2.429524 3.482688 0.076233 
3.122636 3.890010 0.332731 3.045045 3.842045 0.434558 2.961810 3.695896 0.297058 3.041325 3.746391 0.196203 2.552499 3.470244 0.258247 2.449005 3.406478 0.320798 2.327978 3.418938 0.144518 2.430738 3.483503 0.078825 
3.123959 3.894348 0.328606 3.046978 3.846918 0.431145 2.963486 3.699556 0.295104 3.042387 3.749528 0.193510 2.554324 3.472334 0.259797 2.451202 3.408743 0.323137 2.329494 3.419821 0.147233 2.431869 3.484190 0.080749 
3.124707 3.897469 0.326023 3.048132 3.850343 0.429006 2.964568 3.702172 0.293891 3.043060 3.751848 0.191836 2.555596 3.473732 0.260818 2.452727 3.410207 0.324633 2.330628 3.420344 0.148943 2.432742 3.484633 0.081983 
3.124877 3.899031 0.325172 3.048466 3.851971 0.428305 2.964981 3.703458 0.293517 3.043307 3.753073 0.191305 2.556175 3.474306 0.261234 2.453411 3.410747 0.325184 2.331227 3.420479 0.149531 2.433234 3.484796 0.082435 
3.124463 3.898891 0.326148 3.047954 3.851652 0.429128 2.964688 3.703293 0.294035 3.043109 3.753087 0.191983 2.555982 3.473977 0.260969 2.453158 3.410281 0.324687 2.331204 3.420227 0.148886 2.433274 3.484686 0.082022 
3.123470 3.897535 0.328774 3.046649 3.849872 0.431325 2.963793 3.702073 0.295369 3.042524 3.752287 0.193761 2.555190 3.472900 0.260115 2.452174 3.408943 0.323258 2.330753 3.419616 0.147130 2.433025 3.484349 0.080843 
