-0.976344 0.216224 0.000000 -0.211972 -0.977276 -0.000000 0.217946 0.975961 0.000000 0.980923 -0.194399 0.000000 
-0.976342 0.216233 0.000000 -0.211981 -0.977274 -0.000000 0.217954 0.975959 0.000000 0.980921 -0.194408 0.000000 
-0.976184 0.216944 0.000000 -0.212684 -0.977121 -0.000000 0.218656 0.975802 0.000000 0.980779 -0.195122 0.000000 
-0.976184 0.216943 0.000000 -0.212684 -0.977121 -0.000000 0.218657 0.975802 0.000000 0.980779 -0.195121 0.000000 
-0.976207 0.216841 0.000000 -0.212584 -0.977143 -0.000000 0.218556 0.975824 0.000000 0.980800 -0.195018 0.000000 
-0.976179 0.216968 0.000000 -0.212711 -0.977115 -0.000000 0.218683 0.975796 0.000000 0.980774 -0.195145 0.000000 
-0.976127 0.217202 0.000000 -0.212945 -0.977064 -0.000000 0.218917 0.975743 0.000000 0.980727 -0.195381 0.000000 
-0.976064 0.217484 0.000000 -0.213226 -0.977003 -0.000000 0.219198 0.975680 0.000000 0.980671 -0.195664 0.000000 
-0.975982 0.217849 0.000000 -0.213595 -0.976922 -0.000000 0.219566 0.975598 0.000000 0.980598 -0.196032 0.000000 
-0.975876 0.218326 0.000000 -0.214076 -0.976817 -0.000000 0.220047 0.975489 0.000000 0.980502 -0.196511 0.000000 
-0.975682 0.219191 0.000000 -0.214944 -0.976626 -0.000000 0.220913 0.975293 0.000000 0.980327 -0.197380 0.000000 
-0.975462 0.220169 0.000000 -0.215925 -0.976410 -0.000000 0.221892 0.975071 0.000000 0.980129 -0.198362 0.000000 
-0.975132 0.221623 0.000000 -0.217375 -0.976088 -0.000000 0.223341 0.974740 0.000000 0.979832 -0.199823 0.000000 
-0.974513 0.224330 0.000000 -0.220059 -0.975486 -0.000000 0.226021 0.974122 0.000000 0.979273 -0.202543 0.000000 
-0.974279 0.225344 0.000000 -0.221093 -0.975253 -0.000000 0.227054 0.973882 0.000000 0.979062 -0.203562 0.000000 
-0.974011 0.226500 0.000000 -0.222252 -0.974989 -0.000000 0.228211 0.973612 0.000000 0.978820 -0.204724 0.000000 
-0.973709 0.227796 0.000000 -0.223549 -0.974693 -0.000000 0.229506 0.973307 0.000000 0.978547 -0.206026 0.000000 
-0.973341 0.229363 0.000000 -0.225119 -0.974331 -0.000000 0.231074 0.972936 0.000000 0.978214 -0.207601 0.000000 
-0.972720 0.231981 0.000000 -0.227755 -0.973719 -0.000000 0.233706 0.972307 0.000000 0.977651 -0.210232 0.000000 
-0.972319 0.233657 0.000000 -0.229430 -0.973325 -0.000000 0.235379 0.971904 0.000000 0.977288 -0.211916 0.000000 
-0.971544 0.236860 0.000000 -0.232637 -0.972564 -0.000000 0.238581 0.971122 0.000000 0.976584 -0.215136 0.000000 
-0.971467 0.237175 0.000000 -0.232954 -0.972488 -0.000000 0.238897 0.971045 0.000000 0.976514 -0.215452 0.000000 
-0.971468 0.237170 0.000000 -0.232956 -0.972487 -0.000000 0.238899 0.971044 0.000000 0.976516 -0.215446 0.000000 
-0.972000 0.234979 0.000000 -0.230765 -0.973009 -0.000000 0.236711 0.971580 0.000000 0.976999 -0.213244 0.000000 
-0.971686 0.236276 0.000000 -0.232059 -0.972702 -0.000000 0.238004 0.971264 0.000000 0.976713 -0.214548 0.000000 
-0.971686 0.236277 0.000000 -0.232057 -0.972702 -0.000000 0.238002 0.971265 0.000000 0.976713 -0.214550 0.000000 
-0.971710 0.236176 0.000000 -0.231953 -0.972727 -0.000000 0.237897 0.971290 0.000000 0.976735 -0.214448 0.000000 
-0.971710 0.236176 0.000000 -0.231950 -0.972728 -0.000000 0.237895 0.971291 0.000000 0.976735 -0.214448 0.000000 
-0.971710 0.236175 0.000000 -0.231948 -0.972728 -0.000000 0.237893 0.971291 0.000000 0.976735 -0.214448 0.000000 
-0.971710 0.236175 0.000000 -0.231947 -0.972728 -0.000000 0.237892 0.971292 0.000000 0.976735 -0.214448 0.000000 
-0.971711 0.236175 0.000000 -0.231946 -0.972729 -0.000000 0.237890 0.971292 0.000000 0.976736 -0.214447 0.000000 
-0.971711 0.236175 0.000000 -0.231946 -0.972729 -0.000000 0.237891 0.971292 0.000000 0.976736 -0.214447 0.000000 
-0.971711 0.236174 0.000000 -0.231947 -0.972728 -0.000000 0.237892 0.971292 0.000000 0.976736 -0.214446 0.000000 
-0.971711 0.236174 0.000000 -0.231948 -0.972728 -0.000000 0.237893 0.971291 0.000000 0.976736 -0.214445 0.000000 
-0.971713 0.236165 0.000000 -0.231940 -0.972730 -0.000000 0.237885 0.971293 0.000000 0.976738 -0.214436 0.000000 
-0.971689 0.236262 0.000000 -0.232038 -0.972707 -0.000000 0.237982 0.971270 0.000000 0.976717 -0.214532 0.000000 
-0.971804 0.235791 0.000000 -0.231567 -0.972819 -0.000000 0.237512 0.971385 0.000000 0.976821 -0.214059 0.000000 
-0.971703 0.236206 0.000000 -0.231983 -0.972720 -0.000000 0.237927 0.971283 0.000000 0.976729 -0.214475 0.000000 
-0.971874 0.235503 0.000000 -0.231280 -0.972887 -0.000000 0.237225 0.971455 0.000000 0.976884 -0.213768 0.000000 
-0.971577 0.236724 0.000000 -0.232510 -0.972594 -0.000000 0.238453 0.971154 0.000000 0.976615 -0.214995 0.000000 
-0.971955 0.235166 0.000000 -0.230958 -0.972964 -0.000000 0.236903 0.971533 0.000000 0.976959 -0.213428 0.000000 
-0.973282 0.229613 0.000000 -0.225433 -0.974259 -0.000000 0.231386 0.972862 0.000000 0.978161 -0.207847 0.000000 
-0.978877 0.204450 0.000000 -0.200326 -0.979729 -0.000000 0.206312 0.978486 0.000000 0.983194 -0.182562 0.000000 
-0.982398 0.186799 0.000000 -0.182940 -0.983124 -0.000000 0.188946 0.981987 0.000000 0.986321 -0.164833 0.000000 
0.179278 0.983798 0.000000 0.159925 -0.987129 0.000000 -0.987416 -0.158142 -0.000000 -0.745886 0.666074 0.000000 0.987976 -0.154607 0.000000 0.720416 -0.693542 0.000000 
0.173663 0.984805 0.000000 0.166512 -0.986039 0.000000 -0.986368 -0.164555 -0.000000 -0.745054 0.667005 0.000000 0.988914 -0.148489 0.000000 0.718355 -0.695677 0.000000 
0.161136 0.986932 0.000000 0.179842 -0.983696 0.000000 -0.984057 -0.177855 -0.000000 -0.746915 0.664920 0.000000 0.990697 -0.136090 0.000000 0.718667 -0.695354 0.000000 
0.144185 0.989551 0.000000 0.195081 -0.980787 0.000000 -0.981134 -0.193327 -0.000000 -0.749655 0.661829 0.000000 0.992819 -0.119629 0.000000 0.719881 -0.694097 0.000000 
0.127850 0.991794 0.000000 0.209303 -0.977851 0.000000 -0.978198 -0.207673 -0.000000 -0.754774 0.655984 0.000000 0.994601 -0.103769 0.000000 0.724332 -0.689452 0.000000 
0.116173 0.993229 0.000000 0.221138 -0.975243 0.000000 -0.975565 -0.219709 -0.000000 -0.761438 0.648238 0.000000 0.995738 -0.092229 0.000000 0.730975 -0.682405 0.000000 
0.114267 0.993450 0.000000 0.228745 -0.973486 0.000000 -0.973847 -0.227205 -0.000000 -0.770957 0.636888 0.000000 0.995912 -0.090332 0.000000 0.741410 -0.671053 0.000000 
0.114126 0.993466 0.000000 0.237158 -0.971471 0.000000 -0.971916 -0.235328 -0.000000 -0.781288 0.624171 0.000000 0.995925 -0.090190 0.000000 0.752702 -0.658361 0.000000 
0.113915 0.993491 0.000000 0.243281 -0.969956 0.000000 -0.970513 -0.241049 -0.000000 -0.789893 0.613245 0.000000 0.995944 -0.089980 0.000000 0.762260 -0.647271 0.000000 
0.113035 0.993591 0.000000 0.247308 -0.968937 0.000000 -0.969604 -0.244678 -0.000000 -0.796944 0.604053 0.000000 0.996020 -0.089134 0.000000 0.770315 -0.637664 0.000000 
0.111783 0.993733 0.000000 0.250669 -0.968073 0.000000 -0.968756 -0.248014 -0.000000 -0.801186 0.598415 0.000000 0.996134 -0.087849 0.000000 0.775116 -0.631819 0.000000 
0.111351 0.993781 0.000000 0.250296 -0.968169 0.000000 -0.968793 -0.247869 -0.000000 -0.801750 0.597660 0.000000 0.996174 -0.087395 0.000000 0.775898 -0.630859 0.000000 
0.110892 0.993832 0.000000 0.248979 -0.968509 0.000000 -0.969031 -0.246937 -0.000000 -0.800725 0.599032 0.000000 0.996215 -0.086921 0.000000 0.774856 -0.632138 0.000000 
0.110892 0.993833 0.000000 0.246641 -0.969107 0.000000 -0.969513 -0.245041 -0.000000 -0.798512 0.601979 0.000000 0.996215 -0.086925 0.000000 0.772461 -0.635062 0.000000 
0.110894 0.993832 0.000000 0.243828 -0.969819 0.000000 -0.970106 -0.242681 -0.000000 -0.795887 0.605445 0.000000 0.996215 -0.086926 0.000000 0.769603 -0.638523 0.000000 
0.110898 0.993832 0.000000 0.241440 -0.970416 0.000000 -0.970608 -0.240667 -0.000000 -0.793809 0.608167 0.000000 0.996215 -0.086928 0.000000 0.767338 -0.641243 0.000000 
0.111027 0.993817 0.000000 0.240196 -0.970724 0.000000 -0.970871 -0.239602 -0.000000 -0.792937 0.609304 0.000000 0.996204 -0.087054 0.000000 0.766371 -0.642398 0.000000 
0.111031 0.993817 0.000000 0.240220 -0.970718 0.000000 -0.970841 -0.239726 -0.000000 -0.792930 0.609312 0.000000 0.996203 -0.087057 0.000000 0.766306 -0.642476 0.000000 
0.111034 0.993817 0.000000 0.240322 -0.970693 0.000000 -0.970801 -0.239886 -0.000000 -0.793046 0.609162 0.000000 0.996203 -0.087059 0.000000 0.766387 -0.642379 0.000000 
0.111036 0.993816 0.000000 0.240499 -0.970649 0.000000 -0.970756 -0.240070 -0.000000 -0.793334 0.608787 0.000000 0.996203 -0.087061 0.000000 0.766672 -0.642039 0.000000 
0.111038 0.993816 0.000000 0.240759 -0.970585 0.000000 -0.970704 -0.240278 -0.000000 -0.793831 0.608139 0.000000 0.996203 -0.087064 0.000000 0.767205 -0.641401 0.000000 
0.111039 0.993816 0.000000 0.241095 -0.970501 0.000000 -0.970647 -0.240508 -0.000000 -0.794506 0.607257 0.000000 0.996203 -0.087066 0.000000 0.767949 -0.640511 0.000000 
0.111040 0.993816 0.000000 0.241498 -0.970401 0.000000 -0.970587 -0.240751 -0.000000 -0.795306 0.606208 0.000000 0.996202 -0.087069 0.000000 0.768840 -0.639441 0.000000 
0.111041 0.993816 0.000000 0.241954 -0.970288 0.000000 -0.970524 -0.241003 -0.000000 -0.796182 0.605057 0.000000 0.996202 -0.087072 0.000000 0.769816 -0.638266 0.000000 
0.111042 0.993816 0.000000 0.242452 -0.970163 0.000000 -0.970461 -0.241258 -0.000000 -0.797097 0.603851 0.000000 0.996202 -0.087075 0.000000 0.770836 -0.637034 0.000000 
0.111043 0.993816 0.000000 0.242988 -0.970029 0.000000 -0.970398 -0.241512 -0.000000 -0.798044 0.602600 0.000000 0.996201 -0.087078 0.000000 0.771889 -0.635757 0.000000 
0.111043 0.993816 0.000000 0.243557 -0.969886 0.000000 -0.970335 -0.241765 -0.000000 -0.799030 0.601291 0.000000 0.996201 -0.087082 0.000000 0.772988 -0.634420 0.000000 
0.111044 0.993816 0.000000 0.244163 -0.969734 0.000000 -0.970271 -0.242019 -0.000000 -0.800073 0.599903 0.000000 0.996201 -0.087084 0.000000 0.774154 -0.632998 0.000000 
0.111044 0.993815 0.000000 0.244795 -0.969575 0.000000 -0.970209 -0.242270 -0.000000 -0.801183 0.598420 0.000000 0.996201 -0.087086 0.000000 0.775399 -0.631471 0.000000 
0.111044 0.993815 0.000000 0.245445 -0.969411 0.000000 -0.970149 -0.242511 -0.000000 -0.802349 0.596855 0.000000 0.996201 -0.087089 0.000000 0.776715 -0.629852 0.000000 
0.111045 0.993815 0.000000 0.246098 -0.969245 0.000000 -0.970092 -0.242736 -0.000000 -0.803545 0.595244 0.000000 0.996200 -0.087092 0.000000 0.778070 -0.628178 0.000000 
0.111045 0.993815 0.000000 0.246733 -0.969084 0.000000 -0.970043 -0.242931 -0.000000 -0.804728 0.593643 0.000000 0.996200 -0.087096 0.000000 0.779415 -0.626509 0.000000 
0.110960 0.993825 0.000000 0.247385 -0.968917 0.000000 -0.969990 -0.243145 -0.000000 -0.805866 0.592098 0.000000 0.996206 -0.087022 0.000000 0.780706 -0.624898 0.000000 
0.110581 0.993867 0.000000 0.248135 -0.968725 0.000000 -0.969907 -0.243476 -0.000000 -0.806878 0.590718 0.000000 0.996237 -0.086674 0.000000 0.781839 -0.623480 0.000000 
0.109838 0.993949 0.000000 0.249009 -0.968501 0.000000 -0.969784 -0.243964 -0.000000 -0.807667 0.589639 0.000000 0.996297 -0.085981 0.000000 0.782689 -0.622413 0.000000 
0.108835 0.994060 0.000000 0.249963 -0.968255 0.000000 -0.969634 -0.244562 -0.000000 -0.808275 0.588806 0.000000 0.996378 -0.085034 0.000000 0.783311 -0.621630 0.000000 
0.107846 0.994168 0.000000 0.250891 -0.968015 0.000000 -0.969489 -0.245134 -0.000000 -0.808870 0.587988 0.000000 0.996458 -0.084087 0.000000 0.783924 -0.620857 0.000000 
0.106876 0.994272 0.000000 0.251793 -0.967781 0.000000 -0.969351 -0.245680 -0.000000 -0.809461 0.587173 0.000000 0.996537 -0.083145 0.000000 0.784539 -0.620080 0.000000 
0.105922 0.994374 0.000000 0.252672 -0.967552 0.000000 -0.969217 -0.246206 -0.000000 -0.810051 0.586359 0.000000 0.996616 -0.082199 0.000000 0.785157 -0.619297 0.000000 
0.104946 0.994478 0.000000 0.253078 -0.967446 0.000000 -0.969158 -0.246442 -0.000000 -0.810475 0.585774 0.000000 0.996697 -0.081208 0.000000 0.785679 -0.618634 0.000000 
0.102908 0.994691 0.000000 0.252434 -0.967614 0.000000 -0.969206 -0.246252 -0.000000 -0.810187 0.586171 0.000000 0.996862 -0.079153 0.000000 0.785617 -0.618713 0.000000 
0.098886 0.995099 0.000000 0.254730 -0.967012 0.000000 -0.968572 -0.248732 -0.000000 -0.810392 0.585888 0.000000 0.997171 -0.075162 0.000000 0.785734 -0.618565 0.000000 
0.094117 0.995561 0.000000 0.258163 -0.966101 0.000000 -0.967654 -0.252282 -0.000000 -0.810480 0.585766 0.000000 0.997519 -0.070397 0.000000 0.785558 -0.618788 0.000000 
0.089005 0.996031 0.000000 0.261628 -0.965169 0.000000 -0.966679 -0.255991 -0.000000 -0.810638 0.585547 0.000000 0.997868 -0.065260 0.000000 0.785493 -0.618871 0.000000 
0.084203 0.996449 0.000000 0.264666 -0.964340 0.000000 -0.965779 -0.259365 -0.000000 -0.811042 0.584988 0.000000 0.998170 -0.060467 0.000000 0.785793 -0.618490 0.000000 
0.079698 0.996819 0.000000 0.268045 -0.963406 0.000000 -0.964806 -0.262963 -0.000000 -0.811744 0.584014 0.000000 0.998433 -0.055961 0.000000 0.786382 -0.617740 0.000000 
0.075935 0.997113 0.000000 0.271348 -0.962481 0.000000 -0.963841 -0.266480 -0.000000 -0.812605 0.582815 0.000000 0.998638 -0.052180 0.000000 0.787156 -0.616754 0.000000 
0.072874 0.997341 0.000000 0.273955 -0.961742 0.000000 -0.963064 -0.269272 -0.000000 -0.813252 0.581911 0.000000 0.998794 -0.049097 0.000000 0.787720 -0.616033 0.000000 
0.071339 0.997452 0.000000 0.275299 -0.961359 0.000000 -0.962645 -0.270766 -0.000000 -0.813546 0.581501 0.000000 0.998869 -0.047538 0.000000 0.787966 -0.615719 0.000000 
0.071001 0.997476 0.000000 0.275543 -0.961289 0.000000 -0.962539 -0.271145 -0.000000 -0.813582 0.581450 0.000000 0.998887 -0.047174 0.000000 0.788004 -0.615670 0.000000 
0.070982 0.997478 0.000000 0.275598 -0.961273 0.000000 -0.962486 -0.271333 -0.000000 -0.813602 0.581423 0.000000 0.998889 -0.047132 0.000000 0.788038 -0.615626 0.000000 
0.071010 0.997476 0.000000 0.275757 -0.961227 0.000000 -0.962404 -0.271621 -0.000000 -0.813599 0.581426 0.000000 0.998888 -0.047141 0.000000 0.788028 -0.615640 0.000000 
0.071042 0.997473 0.000000 0.275966 -0.961167 0.000000 -0.962308 -0.271964 -0.000000 -0.813596 0.581430 0.000000 0.998888 -0.047153 0.000000 0.788012 -0.615661 0.000000 
0.071110 0.997468 0.000000 0.276116 -0.961124 0.000000 -0.962224 -0.272258 -0.000000 -0.813592 0.581436 0.000000 0.998886 -0.047198 0.000000 0.788004 -0.615670 0.000000 
0.071439 0.997445 0.000000 0.275971 -0.961166 0.000000 -0.962224 -0.272258 -0.000000 -0.813574 0.581461 0.000000 0.998871 -0.047503 0.000000 0.788014 -0.615657 0.000000 
0.071987 0.997406 0.000000 0.275582 -0.961278 0.000000 -0.962293 -0.272015 -0.000000 -0.813545 0.581503 0.000000 0.998846 -0.048027 0.000000 0.788042 -0.615622 0.000000 
0.072707 0.997353 0.000000 0.275040 -0.961433 0.000000 -0.962405 -0.271618 -0.000000 -0.813518 0.581540 0.000000 0.998812 -0.048728 0.000000 0.788099 -0.615548 0.000000 
0.073018 0.997331 0.000000 0.274413 -0.961612 0.000000 -0.962540 -0.271139 -0.000000 -0.813500 0.581565 0.000000 0.998797 -0.049028 0.000000 0.788195 -0.615426 0.000000 
0.073039 0.997329 0.000000 0.274194 -0.961674 0.000000 -0.962559 -0.271074 -0.000000 -0.813547 0.581500 0.000000 0.998797 -0.049043 0.000000 0.788322 -0.615263 0.000000 
0.073047 0.997329 0.000000 0.274233 -0.961663 0.000000 -0.962502 -0.271273 -0.000000 -0.813672 0.581325 0.000000 0.998797 -0.049045 0.000000 0.788517 -0.615013 0.000000 
0.073052 0.997328 0.000000 0.274229 -0.961665 0.000000 -0.962457 -0.271435 -0.000000 -0.813771 0.581186 0.000000 0.998797 -0.049046 0.000000 0.788692 -0.614789 0.000000 
0.073055 0.997328 0.000000 0.274193 -0.961675 0.000000 -0.962419 -0.271568 -0.000000 -0.813869 0.581048 0.000000 0.998797 -0.049045 0.000000 0.788874 -0.614554 0.000000 
0.073058 0.997328 0.000000 0.274140 -0.961690 0.000000 -0.962386 -0.271685 -0.000000 -0.813945 0.580942 0.000000 0.998797 -0.049044 0.000000 0.789036 -0.614347 0.000000 
0.073060 0.997328 0.000000 0.274070 -0.961710 0.000000 -0.962358 -0.271785 -0.000000 -0.813987 0.580883 0.000000 0.998797 -0.049044 0.000000 0.789158 -0.614190 0.000000 
0.073037 0.997329 0.000000 0.274276 -0.961651 0.000000 -0.962257 -0.272142 -0.000000 -0.813954 0.580929 0.000000 0.998798 -0.049020 0.000000 0.789143 -0.614210 0.000000 
0.072818 0.997345 0.000000 0.274548 -0.961573 0.000000 -0.962144 -0.272542 -0.000000 -0.813512 0.581548 0.000000 0.998808 -0.048802 0.000000 0.788587 -0.614923 0.000000 
0.072817 0.997345 0.000000 0.274614 -0.961554 0.000000 -0.962100 -0.272695 -0.000000 -0.813153 0.582050 0.000000 0.998809 -0.048801 0.000000 0.788141 -0.615494 0.000000 
0.072817 0.997345 0.000000 0.274772 -0.961509 0.000000 -0.962034 -0.272931 -0.000000 -0.812642 0.582764 0.000000 0.998809 -0.048800 0.000000 0.787472 -0.616350 0.000000 
0.072613 0.997360 0.000000 0.275244 -0.961374 0.000000 -0.961877 -0.273484 -0.000000 -0.812209 0.583367 0.000000 0.998819 -0.048594 0.000000 0.786876 -0.617111 0.000000 
0.072639 0.997358 0.000000 0.275382 -0.961335 0.000000 -0.961817 -0.273693 -0.000000 -0.811853 0.583863 0.000000 0.998817 -0.048617 0.000000 0.786413 -0.617701 0.000000 
0.072303 0.997383 0.000000 0.275558 -0.961285 0.000000 -0.961764 -0.273881 -0.000000 -0.811477 0.584385 0.000000 0.998833 -0.048287 0.000000 0.785924 -0.618323 0.000000 
0.072303 0.997383 0.000000 0.275718 -0.961239 0.000000 -0.961719 -0.274039 -0.000000 -0.811493 0.584362 0.000000 0.998834 -0.048286 0.000000 0.785939 -0.618304 0.000000 
0.072303 0.997383 0.000000 0.275833 -0.961205 0.000000 -0.961686 -0.274154 -0.000000 -0.811507 0.584343 0.000000 0.998834 -0.048285 0.000000 0.785955 -0.618284 0.000000 
0.072161 0.997393 0.000000 0.275921 -0.961180 0.000000 -0.961661 -0.274242 -0.000000 -0.811401 0.584490 0.000000 0.998841 -0.048138 0.000000 0.785830 -0.618442 0.000000 
0.072114 0.997396 0.000000 0.275972 -0.961166 0.000000 -0.961647 -0.274291 -0.000000 -0.811390 0.584506 0.000000 0.998843 -0.048092 0.000000 0.785819 -0.618456 0.000000 
0.072114 0.997396 0.000000 0.275976 -0.961164 0.000000 -0.961645 -0.274295 -0.000000 -0.811393 0.584501 0.000000 0.998843 -0.048093 0.000000 0.785832 -0.618440 0.000000 
0.071927 0.997410 0.000000 0.276004 -0.961156 0.000000 -0.961638 -0.274323 -0.000000 -0.811371 0.584531 0.000000 0.998852 -0.047906 0.000000 0.785806 -0.618474 0.000000 
0.071974 0.997407 0.000000 0.276031 -0.961149 0.000000 -0.961630 -0.274351 -0.000000 -0.811425 0.584457 0.000000 0.998850 -0.047945 0.000000 0.785880 -0.618379 0.000000 
0.071931 0.997410 0.000000 0.276080 -0.961135 0.000000 -0.961615 -0.274401 -0.000000 -0.811403 0.584488 0.000000 0.998852 -0.047897 0.000000 0.785850 -0.618417 0.000000 
0.071905 0.997411 0.000000 0.276114 -0.961125 0.000000 -0.961605 -0.274438 -0.000000 -0.811376 0.584525 0.000000 0.998853 -0.047874 0.000000 0.785811 -0.618467 0.000000 
0.071904 0.997412 0.000000 0.276156 -0.961113 0.000000 -0.961592 -0.274482 -0.000000 -0.811380 0.584518 0.000000 0.998853 -0.047875 0.000000 0.785810 -0.618469 0.000000 
0.071903 0.997412 0.000000 0.276189 -0.961103 0.000000 -0.961583 -0.274514 -0.000000 -0.811386 0.584511 0.000000 0.998853 -0.047876 0.000000 0.785809 -0.618469 0.000000 
0.071903 0.997412 0.000000 0.276253 -0.961085 0.000000 -0.961567 -0.274572 -0.000000 -0.811395 0.584498 0.000000 0.998853 -0.047877 0.000000 0.785808 -0.618470 0.000000 
0.071901 0.997412 0.000000 0.276315 -0.961067 0.000000 -0.961551 -0.274626 -0.000000 -0.811392 0.584502 0.000000 0.998853 -0.047877 0.000000 0.785792 -0.618491 0.000000 
0.071873 0.997414 0.000000 0.276530 -0.961005 0.000000 -0.961491 -0.274838 -0.000000 -0.811292 0.584641 0.000000 0.998855 -0.047838 0.000000 0.785639 -0.618685 0.000000 
0.071770 0.997421 0.000000 0.276587 -0.960989 0.000000 -0.961475 -0.274892 -0.000000 -0.811250 0.584700 0.000000 0.998860 -0.047738 0.000000 0.785571 -0.618771 0.000000 
0.071785 0.997420 0.000000 0.276681 -0.960962 0.000000 -0.961450 -0.274980 -0.000000 -0.811240 0.584713 0.000000 0.998859 -0.047755 0.000000 0.785540 -0.618810 0.000000 
0.071582 0.997435 0.000000 0.276861 -0.960910 0.000000 -0.961399 -0.275158 -0.000000 -0.811108 0.584897 0.000000 0.998869 -0.047539 0.000000 0.785352 -0.619049 0.000000 
0.071584 0.997435 0.000000 0.276952 -0.960884 0.000000 -0.961374 -0.275245 -0.000000 -0.811093 0.584918 0.000000 0.998869 -0.047544 0.000000 0.785314 -0.619098 0.000000 
0.071582 0.997435 0.000000 0.277048 -0.960856 0.000000 -0.961349 -0.275334 -0.000000 -0.811089 0.584923 0.000000 0.998869 -0.047546 0.000000 0.785289 -0.619129 0.000000 
0.071580 0.997435 0.000000 0.277128 -0.960833 0.000000 -0.961328 -0.275407 -0.000000 -0.811085 0.584928 0.000000 0.998869 -0.047547 0.000000 0.785268 -0.619156 0.000000 
0.071579 0.997435 0.000000 0.277195 -0.960814 0.000000 -0.961311 -0.275467 -0.000000 -0.811082 0.584932 0.000000 0.998869 -0.047549 0.000000 0.785249 -0.619181 0.000000 
0.071578 0.997435 0.000000 0.277255 -0.960796 0.000000 -0.961296 -0.275518 -0.000000 -0.811079 0.584937 0.000000 0.998869 -0.047550 0.000000 0.785231 -0.619203 0.000000 
0.071390 0.997448 0.000000 0.277308 -0.960781 0.000000 -0.961283 -0.275563 -0.000000 -0.811064 0.584957 0.000000 0.998878 -0.047350 0.000000 0.785212 -0.619228 0.000000 
0.071463 0.997443 0.000000 0.277362 -0.960765 0.000000 -0.961268 -0.275615 -0.000000 -0.811086 0.584927 0.000000 0.998875 -0.047429 0.000000 0.785226 -0.619210 0.000000 
0.071493 0.997441 0.000000 0.277429 -0.960746 0.000000 -0.961250 -0.275676 -0.000000 -0.811159 0.584825 0.000000 0.998873 -0.047460 0.000000 0.785310 -0.619102 0.000000 
0.070992 0.997477 0.000000 0.277612 -0.960693 0.000000 -0.961199 -0.275856 -0.000000 -0.810940 0.585129 0.000000 0.998897 -0.046960 0.000000 0.784988 -0.619511 0.000000 
0.070993 0.997477 0.000000 0.277688 -0.960671 0.000000 -0.961178 -0.275928 -0.000000 -0.810803 0.585319 0.000000 0.998897 -0.046963 0.000000 0.784798 -0.619752 0.000000 
0.071027 0.997474 0.000000 0.277757 -0.960651 0.000000 -0.961158 -0.275998 -0.000000 -0.810830 0.585282 0.000000 0.998895 -0.046998 0.000000 0.784818 -0.619726 0.000000 
0.071026 0.997474 0.000000 0.277836 -0.960628 0.000000 -0.961136 -0.276075 -0.000000 -0.810827 0.585287 0.000000 0.998895 -0.046999 0.000000 0.784799 -0.619751 0.000000 
0.071026 0.997474 0.000000 0.277912 -0.960606 0.000000 -0.961116 -0.276147 -0.000000 -0.810824 0.585290 0.000000 0.998895 -0.047000 0.000000 0.784780 -0.619774 0.000000 
0.071025 0.997475 0.000000 0.277931 -0.960601 0.000000 -0.961111 -0.276162 -0.000000 -0.810821 0.585294 0.000000 0.998895 -0.047001 0.000000 0.784771 -0.619786 0.000000 
0.071023 0.997475 0.000000 0.277859 -0.960622 0.000000 -0.961134 -0.276083 -0.000000 -0.810823 0.585291 0.000000 0.998895 -0.047000 0.000000 0.784781 -0.619773 0.000000 
0.070953 0.997480 0.000000 0.277815 -0.960635 0.000000 -0.961148 -0.276034 -0.000000 -0.810793 0.585334 0.000000 0.998898 -0.046931 0.000000 0.784746 -0.619818 0.000000 
0.070747 0.997494 0.000000 0.277714 -0.960664 0.000000 -0.961177 -0.275934 -0.000000 -0.810659 0.585518 0.000000 0.998908 -0.046717 0.000000 0.784602 -0.620000 0.000000 
0.070763 0.997493 0.000000 0.277726 -0.960660 0.000000 -0.961173 -0.275947 -0.000000 -0.810661 0.585516 0.000000 0.998907 -0.046735 0.000000 0.784599 -0.620003 0.000000 
0.070780 0.997492 0.000000 0.277787 -0.960643 0.000000 -0.961155 -0.276008 -0.000000 -0.810672 0.585501 0.000000 0.998906 -0.046755 0.000000 0.784600 -0.620002 0.000000 
0.070500 0.997512 0.000000 0.277781 -0.960644 0.000000 -0.961154 -0.276011 -0.000000 -0.810591 0.585612 0.000000 0.998920 -0.046457 0.000000 0.784519 -0.620105 0.000000 
0.070470 0.997514 0.000000 0.277862 -0.960621 0.000000 -0.961131 -0.276094 -0.000000 -0.810468 0.585783 0.000000 0.998921 -0.046433 0.000000 0.784344 -0.620326 0.000000 
0.070456 0.997515 0.000000 0.277947 -0.960596 0.000000 -0.961105 -0.276182 -0.000000 -0.810456 0.585800 0.000000 0.998922 -0.046424 0.000000 0.784311 -0.620368 0.000000 
0.070408 0.997518 0.000000 0.278018 -0.960576 0.000000 -0.961085 -0.276251 -0.000000 -0.810362 0.585930 0.000000 0.998924 -0.046380 0.000000 0.784175 -0.620540 0.000000 
0.070413 0.997518 0.000000 0.278074 -0.960560 0.000000 -0.961070 -0.276304 -0.000000 -0.810367 0.585923 0.000000 0.998924 -0.046388 0.000000 0.784169 -0.620547 0.000000 
0.070413 0.997518 0.000000 0.278019 -0.960576 0.000000 -0.961087 -0.276245 -0.000000 -0.810364 0.585927 0.000000 0.998923 -0.046388 0.000000 0.784172 -0.620544 0.000000 
0.070413 0.997518 0.000000 0.277903 -0.960609 0.000000 -0.961122 -0.276124 -0.000000 -0.810361 0.585930 0.000000 0.998923 -0.046389 0.000000 0.784183 -0.620529 0.000000 
0.070331 0.997524 0.000000 0.277804 -0.960638 0.000000 -0.961151 -0.276023 -0.000000 -0.810395 0.585884 0.000000 0.998928 -0.046297 0.000000 0.784250 -0.620445 0.000000 
0.070200 0.997533 0.000000 0.277817 -0.960634 0.000000 -0.961148 -0.276033 -0.000000 -0.810311 0.586000 0.000000 0.998934 -0.046169 0.000000 0.784139 -0.620585 0.000000 
0.070199 0.997533 0.000000 0.277871 -0.960618 0.000000 -0.961134 -0.276083 -0.000000 -0.810324 0.585982 0.000000 0.998934 -0.046170 0.000000 0.784144 -0.620579 0.000000 
0.070173 0.997535 0.000000 0.277951 -0.960595 0.000000 -0.961111 -0.276162 -0.000000 -0.810311 0.586000 0.000000 0.998935 -0.046148 0.000000 0.784110 -0.620622 0.000000 
0.070177 0.997535 0.000000 0.277989 -0.960584 0.000000 -0.961101 -0.276197 -0.000000 -0.810322 0.585984 0.000000 0.998934 -0.046154 0.000000 0.784115 -0.620615 0.000000 
0.070073 0.997542 0.000000 0.277996 -0.960582 0.000000 -0.961098 -0.276207 -0.000000 -0.810256 0.586076 0.000000 0.998939 -0.046042 0.000000 0.784038 -0.620712 0.000000 
0.070109 0.997539 0.000000 0.277975 -0.960588 0.000000 -0.961103 -0.276192 -0.000000 -0.810047 0.586364 0.000000 0.998938 -0.046084 0.000000 0.783775 -0.621045 0.000000 
0.070131 0.997538 0.000000 0.277977 -0.960588 0.000000 -0.961100 -0.276202 -0.000000 -0.809786 0.586725 0.000000 0.998936 -0.046117 0.000000 0.783444 -0.621462 0.000000 
0.070131 0.997538 0.000000 0.277966 -0.960591 0.000000 -0.961101 -0.276196 -0.000000 -0.809784 0.586728 0.000000 0.998936 -0.046116 0.000000 0.783442 -0.621465 0.000000 
0.069984 0.997548 0.000000 0.277939 -0.960599 0.000000 -0.961107 -0.276176 -0.000000 -0.809799 0.586707 0.000000 0.998944 -0.045951 0.000000 0.783480 -0.621417 0.000000 
0.070028 0.997545 0.000000 0.277900 -0.960610 0.000000 -0.961117 -0.276143 -0.000000 -0.809822 0.586676 0.000000 0.998942 -0.045996 0.000000 0.783513 -0.621375 0.000000 
0.070027 0.997545 0.000000 0.277859 -0.960622 0.000000 -0.961129 -0.276101 -0.000000 -0.809874 0.586605 0.000000 0.998942 -0.045997 0.000000 0.783580 -0.621291 0.000000 
0.070027 0.997545 0.000000 0.277919 -0.960605 0.000000 -0.961113 -0.276156 -0.000000 -0.809978 0.586460 0.000000 0.998942 -0.045999 0.000000 0.783694 -0.621147 0.000000 
0.070000 0.997547 0.000000 0.278008 -0.960579 0.000000 -0.961088 -0.276243 -0.000000 -0.809956 0.586490 0.000000 0.998943 -0.045975 0.000000 0.783643 -0.621212 0.000000 
0.070000 0.997547 0.000000 0.278076 -0.960559 0.000000 -0.961070 -0.276306 -0.000000 -0.810061 0.586345 0.000000 0.998943 -0.045976 0.000000 0.783760 -0.621064 0.000000 
0.069953 0.997550 0.000000 0.278147 -0.960538 0.000000 -0.961051 -0.276373 -0.000000 -0.810107 0.586283 0.000000 0.998945 -0.045931 0.000000 0.783801 -0.621012 0.000000 
0.069954 0.997550 0.000000 0.278177 -0.960530 0.000000 -0.961043 -0.276398 -0.000000 -0.810210 0.586140 0.000000 0.998945 -0.045932 0.000000 0.783925 -0.620855 0.000000 
0.069954 0.997550 0.000000 0.278195 -0.960525 0.000000 -0.961039 -0.276413 -0.000000 -0.810310 0.586001 0.000000 0.998945 -0.045932 0.000000 0.784047 -0.620701 0.000000 
0.069992 0.997548 0.000000 0.278203 -0.960522 0.000000 -0.961037 -0.276420 -0.000000 -0.810429 0.585837 0.000000 0.998943 -0.045970 0.000000 0.784195 -0.620515 0.000000 
0.069697 0.997568 0.000000 0.278321 -0.960488 0.000000 -0.961003 -0.276539 -0.000000 -0.810256 0.586076 0.000000 0.998956 -0.045680 0.000000 0.783960 -0.620811 0.000000 
0.069697 0.997568 0.000000 0.278381 -0.960471 0.000000 -0.960986 -0.276598 -0.000000 -0.810334 0.585968 0.000000 0.998956 -0.045679 0.000000 0.784049 -0.620699 0.000000 
0.069458 0.997585 0.000000 0.278425 -0.960458 0.000000 -0.960971 -0.276649 -0.000000 -0.810255 0.586077 0.000000 0.998968 -0.045427 0.000000 0.783957 -0.620815 0.000000 
0.069457 0.997585 0.000000 0.278479 -0.960442 0.000000 -0.960953 -0.276710 -0.000000 -0.810255 0.586078 0.000000 0.998968 -0.045429 0.000000 0.783949 -0.620825 0.000000 
0.069457 0.997585 0.000000 0.278537 -0.960425 0.000000 -0.960935 -0.276774 -0.000000 -0.810323 0.585984 0.000000 0.998968 -0.045429 0.000000 0.784023 -0.620731 0.000000 
0.069455 0.997585 0.000000 0.278602 -0.960407 0.000000 -0.960916 -0.276840 -0.000000 -0.810387 0.585895 0.000000 0.998968 -0.045429 0.000000 0.784087 -0.620651 0.000000 
0.069455 0.997585 0.000000 0.278657 -0.960391 0.000000 -0.960900 -0.276894 -0.000000 -0.810529 0.585698 0.000000 0.998968 -0.045430 0.000000 0.784255 -0.620439 0.000000 
0.069455 0.997585 0.000000 0.278731 -0.960369 0.000000 -0.960880 -0.276965 -0.000000 -0.810634 0.585553 0.000000 0.998968 -0.045430 0.000000 0.784370 -0.620294 0.000000 
0.069113 0.997609 0.000000 0.278842 -0.960337 0.000000 -0.960846 -0.277082 -0.000000 -0.810203 0.586150 0.000000 0.998982 -0.045100 0.000000 0.783811 -0.620999 0.000000 
0.069114 0.997609 0.000000 0.278920 -0.960314 0.000000 -0.960823 -0.277163 -0.000000 -0.810200 0.586153 0.000000 0.998983 -0.045099 0.000000 0.783796 -0.621019 0.000000 
0.069135 0.997607 0.000000 0.278908 -0.960318 0.000000 -0.960826 -0.277153 -0.000000 -0.810197 0.586158 0.000000 0.998982 -0.045116 0.000000 0.783795 -0.621020 0.000000 
0.069140 0.997607 0.000000 0.278873 -0.960328 0.000000 -0.960835 -0.277121 -0.000000 -0.810200 0.586154 0.000000 0.998982 -0.045120 0.000000 0.783805 -0.621007 0.000000 
0.068938 0.997621 0.000000 0.278896 -0.960321 0.000000 -0.960827 -0.277148 -0.000000 -0.810185 0.586174 0.000000 0.998991 -0.044905 0.000000 0.783793 -0.621022 0.000000 
0.068933 0.997621 0.000000 0.278943 -0.960308 0.000000 -0.960812 -0.277200 -0.000000 -0.810193 0.586164 0.000000 0.998991 -0.044902 0.000000 0.783795 -0.621020 0.000000 
0.068992 0.997617 0.000000 0.278994 -0.960293 0.000000 -0.960798 -0.277250 -0.000000 -0.810301 0.586014 0.000000 0.998989 -0.044961 0.000000 0.783919 -0.620863 0.000000 
0.068992 0.997617 0.000000 0.279009 -0.960289 0.000000 -0.960793 -0.277266 -0.000000 -0.810393 0.585886 0.000000 0.998989 -0.044962 0.000000 0.784031 -0.620722 0.000000 
0.068991 0.997617 0.000000 0.279074 -0.960270 0.000000 -0.960775 -0.277331 -0.000000 -0.810476 0.585772 0.000000 0.998989 -0.044963 0.000000 0.784117 -0.620613 0.000000 
0.068862 0.997626 0.000000 0.279155 -0.960246 0.000000 -0.960752 -0.277409 -0.000000 -0.810488 0.585755 0.000000 0.998995 -0.044825 0.000000 0.784121 -0.620607 0.000000 
0.068937 0.997621 0.000000 0.279194 -0.960235 0.000000 -0.960741 -0.277448 -0.000000 -0.810629 0.585560 0.000000 0.998991 -0.044903 0.000000 0.784288 -0.620397 0.000000 
0.068840 0.997628 0.000000 0.279276 -0.960211 0.000000 -0.960718 -0.277528 -0.000000 -0.810651 0.585529 0.000000 0.998996 -0.044808 0.000000 0.784295 -0.620388 0.000000 
0.068914 0.997623 0.000000 0.279304 -0.960203 0.000000 -0.960710 -0.277554 -0.000000 -0.810778 0.585354 0.000000 0.998992 -0.044884 0.000000 0.784444 -0.620199 0.000000 
0.068842 0.997628 0.000000 0.279404 -0.960174 0.000000 -0.960682 -0.277650 -0.000000 -0.810764 0.585373 0.000000 0.998995 -0.044813 0.000000 0.784401 -0.620255 0.000000 
0.068833 0.997628 0.000000 0.279496 -0.960147 0.000000 -0.960657 -0.277739 -0.000000 -0.810476 0.585772 0.000000 0.998996 -0.044809 0.000000 0.784009 -0.620750 0.000000 
