1.697233 0.243915 0.004614 1.761526 0.173260 0.004443 1.776472 0.388429 0.004987 1.834613 0.236322 0.004609 
1.697386 0.245681 0.004455 1.761493 0.173484 0.004183 1.776258 0.388668 0.004996 1.834762 0.238182 0.004428 
1.697210 0.243661 0.004534 1.760993 0.173371 0.004408 1.775634 0.388575 0.004595 1.834603 0.236270 0.004397 
1.697247 0.244321 0.004576 1.761211 0.173360 0.004460 1.775837 0.388560 0.004628 1.834636 0.236929 0.004450 
1.697226 0.244395 0.004644 1.760564 0.173353 0.004552 1.775205 0.388567 0.004501 1.834614 0.236996 0.004426 
1.697306 0.245805 0.004673 1.760541 0.173354 0.004591 1.775151 0.388571 0.004545 1.834685 0.238407 0.004477 
1.697416 0.247744 0.004698 1.760537 0.173354 0.004626 1.775104 0.388574 0.004585 1.834783 0.240346 0.004524 
1.697563 0.250334 0.004722 1.760577 0.173352 0.004657 1.775086 0.388575 0.004621 1.834914 0.242937 0.004566 
1.697754 0.253695 0.004743 1.760665 0.173348 0.004686 1.775099 0.388574 0.004653 1.835084 0.246299 0.004604 
1.697990 0.257623 0.004740 1.760719 0.173331 0.004716 1.775071 0.388563 0.004606 1.835297 0.250224 0.004607 
1.698293 0.262930 0.004759 1.760870 0.173323 0.004739 1.775103 0.388560 0.004639 1.835567 0.255532 0.004639 
1.698658 0.269346 0.004776 1.761038 0.173314 0.004762 1.775128 0.388558 0.004669 1.835893 0.261949 0.004667 
1.698999 0.275336 0.004792 1.761154 0.173308 0.004782 1.775110 0.388560 0.004695 1.836197 0.267940 0.004693 
1.699183 0.278165 0.004690 1.761348 0.173150 0.004986 1.775141 0.388409 0.004277 1.836366 0.270831 0.004614 
1.699543 0.281764 0.004482 1.763068 0.172970 0.005083 1.776719 0.388203 0.004039 1.836704 0.274459 0.004661 
1.699829 0.286845 0.004505 1.762975 0.172972 0.005070 1.776513 0.388216 0.004124 1.836960 0.279542 0.004663 
1.700088 0.291427 0.004531 1.762931 0.172972 0.005058 1.776366 0.388225 0.004203 1.837191 0.284126 0.004671 
1.700318 0.295497 0.004559 1.762873 0.172973 0.005049 1.776218 0.388234 0.004274 1.837396 0.288197 0.004682 
1.700518 0.299042 0.004587 1.762814 0.172974 0.005043 1.776080 0.388243 0.004339 1.837574 0.291744 0.004697 
1.700684 0.301979 0.004624 1.762768 0.172976 0.005058 1.775968 0.388251 0.004398 1.837722 0.294683 0.004722 
1.700787 0.303800 0.004723 1.762730 0.172980 0.005221 1.775889 0.388259 0.004452 1.837814 0.296505 0.004810 
1.700825 0.304472 0.004888 1.762705 0.172989 0.005546 1.775849 0.388268 0.004504 1.837848 0.297178 0.004966 
1.700827 0.304491 0.005070 1.762697 0.172998 0.005917 1.775840 0.388276 0.004552 1.837850 0.297197 0.005142 
1.700827 0.304497 0.005203 1.762697 0.173005 0.006172 1.775840 0.388281 0.004594 1.837850 0.297203 0.005267 
1.700828 0.304499 0.005286 1.762697 0.173008 0.006311 1.775840 0.388283 0.004631 1.837851 0.297205 0.005341 
1.700828 0.304499 0.005318 1.762698 0.173008 0.006335 1.775840 0.388283 0.004664 1.837851 0.297205 0.005366 
1.700828 0.304496 0.005301 1.762698 0.173004 0.006244 1.775840 0.388280 0.004692 1.837851 0.297202 0.005343 
1.700828 0.304490 0.005234 1.762698 0.172997 0.006038 1.775840 0.388275 0.004716 1.837851 0.297196 0.005272 
1.700828 0.304482 0.005118 1.762696 0.172988 0.005718 1.775839 0.388268 0.004737 1.837851 0.297188 0.005152 
1.700828 0.304471 0.004953 1.762696 0.172976 0.005282 1.775838 0.388258 0.004754 1.837850 0.297177 0.004983 
1.700763 0.303328 0.004854 1.762679 0.172970 0.005006 1.775847 0.388250 0.004770 1.837793 0.296034 0.004879 
1.700615 0.300689 0.004868 1.762665 0.172970 0.005001 1.775891 0.388247 0.004788 1.837661 0.293395 0.004888 
1.700446 0.297681 0.004880 1.762661 0.172970 0.004996 1.775954 0.388241 0.004804 1.837510 0.290385 0.004896 
1.700256 0.294306 0.004892 1.762664 0.172969 0.004992 1.776032 0.388235 0.004819 1.837341 0.287009 0.004904 
1.699760 0.288132 0.004951 1.759856 0.173014 0.005135 1.773416 0.388323 0.004393 1.836881 0.280815 0.004542 
1.699589 0.284477 0.004963 1.759964 0.173046 0.005100 1.773729 0.388339 0.004454 1.836729 0.277080 0.004583 
1.699350 0.280316 0.004972 1.760122 0.173036 0.005083 1.773980 0.388319 0.004502 1.836515 0.272916 0.004629 
1.699092 0.275811 0.004979 1.760199 0.173030 0.005068 1.774157 0.388304 0.004546 1.836284 0.268409 0.004671 
1.698815 0.270983 0.004983 1.760226 0.173028 0.005052 1.774291 0.388293 0.004585 1.836037 0.263580 0.004708 
1.698523 0.265074 0.004905 1.760658 0.172979 0.005063 1.774776 0.388232 0.004458 1.835784 0.257716 0.004723 
1.698308 0.259857 0.004867 1.761329 0.172948 0.005049 1.775562 0.388178 0.004515 1.835601 0.252494 0.004818 
1.697882 0.252782 0.004813 1.760055 0.172955 0.005020 1.774398 0.388204 0.004151 1.835219 0.245454 0.004607 
1.697543 0.246845 0.004820 1.759659 0.172970 0.005006 1.774128 0.388218 0.004099 1.834917 0.239523 0.004594 
1.697263 0.241641 0.004804 1.759476 0.173018 0.004924 1.774049 0.388264 0.004187 1.834669 0.234326 0.004592 
1.697026 0.237260 0.004697 1.759018 0.173160 0.004675 1.773683 0.388411 0.004339 1.834460 0.229953 0.004455 
1.696748 0.234375 0.004610 1.756992 0.173591 0.004253 1.771714 0.388880 0.004698 1.834202 0.227091 0.004100 
1.696365 0.227356 0.004618 1.757161 0.173558 0.004349 1.772030 0.388833 0.004625 1.833863 0.220073 0.004180 
1.696090 0.221480 0.004508 1.757396 0.173627 0.004264 1.772365 0.388891 0.004647 1.833626 0.214215 0.004155 
1.695791 0.215836 0.004430 1.757636 0.173657 0.004208 1.772728 0.388906 0.004751 1.833361 0.208571 0.004166 
1.695597 0.211351 0.004092 1.757919 0.173902 0.003859 1.773269 0.389126 0.004824 1.833191 0.203986 0.003920 
1.695377 0.207541 0.003567 1.758230 0.174330 0.003317 1.773894 0.389520 0.004840 1.832990 0.200031 0.003482 
1.694983 0.200747 0.003652 1.758043 0.174342 0.003471 1.773859 0.389526 0.004856 1.832638 0.193236 0.003580 
1.694782 0.195672 0.003477 1.759302 0.174385 0.003415 1.775279 0.389529 0.005062 1.832467 0.188120 0.003630 
1.694482 0.190500 0.003605 1.759030 0.174396 0.003564 1.775122 0.389535 0.005437 1.832198 0.182949 0.003747 
1.694317 0.187648 0.003758 1.758852 0.174389 0.003704 1.775008 0.389520 0.006360 1.832050 0.180096 0.003897 
1.694249 0.188434 0.003781 1.757420 0.174569 0.003544 1.773565 0.389702 0.007862 1.831979 0.180890 0.003719 
1.694216 0.187865 0.003981 1.757426 0.174541 0.003698 1.773583 0.389642 0.009384 1.831949 0.180321 0.003931 
1.694215 0.187854 0.004190 1.757431 0.174509 0.003841 1.773586 0.389565 0.011048 1.831948 0.180309 0.004148 
1.694220 0.187937 0.004396 1.757434 0.174476 0.003973 1.773583 0.389474 0.012753 1.831952 0.180392 0.004360 
1.694233 0.188165 0.004601 1.757453 0.174441 0.004093 1.773593 0.389365 0.014516 1.831963 0.180620 0.004574 
1.694250 0.188462 0.004808 1.757468 0.174403 0.004205 1.773595 0.389239 0.016332 1.831978 0.180917 0.004791 
1.694267 0.188757 0.005015 1.757484 0.174364 0.004308 1.773596 0.389094 0.018190 1.831993 0.181211 0.005008 
1.694281 0.189003 0.005222 1.757491 0.174324 0.004406 1.773590 0.388931 0.020088 1.832006 0.181457 0.005222 
1.694291 0.189188 0.005424 1.757497 0.174282 0.004496 1.773582 0.388746 0.022032 1.832015 0.181642 0.005432 
1.694301 0.189317 0.005620 1.757498 0.174251 0.004578 1.773571 0.388551 0.024032 1.832023 0.181770 0.005635 
1.694303 0.189353 0.005817 1.757484 0.174207 0.004659 1.773547 0.388318 0.026096 1.832025 0.181805 0.005833 
1.694303 0.189342 0.006014 1.757475 0.174161 0.004738 1.773526 0.388056 0.028243 1.832024 0.181793 0.006028 
1.694267 0.190448 0.006309 1.756154 0.174271 0.004676 1.772205 0.387912 0.030616 1.831982 0.182908 0.006120 
1.694274 0.190460 0.006534 1.756207 0.174234 0.004761 1.772219 0.387585 0.033003 1.831989 0.182934 0.006359 
1.694566 0.192864 0.006755 1.758331 0.174258 0.004618 1.774369 0.387146 0.035846 1.832260 0.185217 0.006890 
1.694567 0.192871 0.007088 1.758262 0.174203 0.004748 1.774278 0.386700 0.038551 1.832261 0.185223 0.007209 
1.694573 0.192970 0.007457 1.758228 0.174140 0.004883 1.774215 0.386184 0.041439 1.832266 0.185322 0.007567 
1.694584 0.193134 0.007864 1.758221 0.174070 0.005023 1.774175 0.385588 0.044520 1.832275 0.185486 0.007963 
1.694597 0.193342 0.008315 1.758219 0.173992 0.005172 1.774134 0.384903 0.047806 1.832286 0.185693 0.008400 
1.694613 0.193588 0.008810 1.758241 0.173905 0.005327 1.774110 0.384115 0.051308 1.832299 0.185940 0.008884 
1.694630 0.193864 0.009351 1.758274 0.173810 0.005489 1.774089 0.383210 0.055041 1.832314 0.186215 0.009417 
1.694647 0.194146 0.009939 1.758310 0.173704 0.005658 1.774064 0.382171 0.059014 1.832328 0.186497 0.009998 
1.694676 0.194464 0.010570 1.758281 0.173621 0.005818 1.773924 0.381015 0.063235 1.832355 0.186844 0.010620 
1.694689 0.194684 0.011249 1.758330 0.173493 0.006004 1.773894 0.379653 0.067722 1.832366 0.187063 0.011296 
1.694709 0.194998 0.012025 1.758383 0.173352 0.006201 1.773854 0.378083 0.072524 1.832382 0.187377 0.012070 
1.694747 0.195627 0.013001 1.758437 0.173194 0.006410 1.773793 0.376252 0.077712 1.832413 0.188005 0.013045 
1.694804 0.196582 0.014223 1.758499 0.173016 0.006635 1.773713 0.374116 0.083308 1.832462 0.188960 0.014266 
1.694875 0.197768 0.015697 1.758573 0.172816 0.006873 1.773621 0.371636 0.089306 1.832522 0.190145 0.015742 
1.695360 0.196026 0.015752 1.759187 0.173977 0.007627 1.778768 0.370213 0.095121 1.832852 0.185684 0.014720 
1.694630 0.183976 0.010295 1.761659 0.174931 0.008108 1.785507 0.369275 0.098593 1.832002 0.171157 0.008454 
1.693295 0.171060 0.003645 1.789020 0.367191 0.101962 1.765169 0.174626 0.007932 1.830750 0.158119 0.002281 
1.692277 0.161237 -0.001845 1.790805 0.364536 0.106756 1.766828 0.174418 0.007981 1.829787 0.148117 -0.002976 
1.692081 0.158144 -0.004527 1.767170 0.173992 0.007908 1.788320 0.360644 0.113664 1.829733 0.146361 -0.004650 
1.798440 0.357834 0.123804 1.682301 0.161211 -0.002427 1.818980 0.141693 -0.008478 1.762481 0.177639 0.011201 
1.795391 0.365831 0.142828 1.666612 0.178866 0.006160 1.802454 0.156168 -0.005511 1.750889 0.194519 0.019990 
1.779519 0.377069 0.167309 1.646792 0.198664 0.017962 1.782363 0.177104 0.001681 1.732281 0.215475 0.032886 
1.764113 0.387079 0.189121 1.626201 0.217146 0.026306 1.761565 0.197593 0.006033 1.715019 0.236022 0.043644 
1.747301 0.388236 0.200853 1.619146 0.239307 0.032283 1.755050 0.224155 0.012449 1.703502 0.249268 0.042192 
1.615956 0.231502 0.002227 1.760395 0.372813 0.178771 1.721518 0.239767 0.014500 1.752391 0.216345 -0.013662 
1.611741 0.220722 -0.020627 1.797090 0.361244 0.179704 1.756927 0.235679 0.010958 1.748047 0.201620 -0.034649 
1.615495 0.221600 -0.015829 1.763634 0.350596 0.194460 1.730112 0.237717 0.014838 1.752545 0.208993 -0.029453 
1.643025 0.237479 0.009524 1.776237 0.329434 0.207956 1.740244 0.236684 0.017267 1.779552 0.223320 -0.005931 
1.664245 0.240660 0.027159 1.807777 0.303473 0.215661 1.760928 0.230045 0.019053 1.799207 0.221672 0.005200 
1.612019 -0.626232 0.034444 1.811367 0.275218 0.222059 1.779028 -0.567937 -0.039787 1.719627 -0.630644 0.030427 1.669758 0.229598 0.034135 1.524279 -0.626751 0.022700 
1.721809 -0.637977 0.005970 1.518646 -0.648493 -0.002276 1.779943 -0.595842 -0.055762 1.609104 -0.631814 0.005486 1.806942 0.248451 0.230716 1.673100 0.195574 0.000657 
1.607043 -0.656450 0.014319 1.786927 0.233190 0.254364 1.532527 -0.598597 -0.023338 1.722193 -0.661149 0.025007 1.779348 -0.705826 0.014459 1.821759 0.157452 0.001328 
1.613837 -0.674647 0.017796 1.790467 -0.715765 0.035159 1.545047 -0.614131 -0.025379 1.724158 -0.668528 0.038527 1.746759 0.220807 0.281736 1.812345 0.144539 0.028225 
1.631168 -0.687662 0.021538 1.811529 -0.717931 0.064262 1.569136 -0.621626 -0.026470 1.731707 -0.672022 0.054246 1.699208 0.209699 0.313235 1.795914 0.138036 0.066917 
1.652108 -0.701450 0.032450 1.830823 -0.718400 0.099419 1.599007 -0.626578 -0.021677 1.742737 -0.680281 0.077575 1.655503 0.199026 0.341005 1.785509 0.134702 0.114384 
1.668860 -0.713611 0.050010 1.838178 -0.726369 0.141157 1.625373 -0.634881 -0.010833 1.751056 -0.691796 0.107094 1.627888 0.189375 0.356530 1.787961 0.126550 0.153440 
1.677236 -0.722294 0.067137 1.832435 -0.740332 0.179443 1.641841 -0.645510 0.000904 1.752222 -0.702612 0.133736 1.618026 0.180874 0.363630 1.798840 0.112897 0.177454 
1.674011 -0.727140 0.076941 1.815781 -0.754758 0.201167 1.643184 -0.654150 0.007424 1.744750 -0.711501 0.149758 1.616787 0.172837 0.371008 1.808510 0.098613 0.193564 
1.667098 -0.730562 0.081426 1.797902 -0.765220 0.211529 1.639610 -0.658998 0.009527 1.734627 -0.719596 0.159211 1.612121 0.165840 0.379426 1.809512 0.089103 0.210732 
1.662150 -0.733672 0.083905 1.783596 -0.771326 0.219465 1.638788 -0.661394 0.009991 1.725367 -0.727409 0.166425 1.599644 0.160326 0.383717 1.801697 0.083928 0.227733 
1.659373 -0.740459 0.087378 1.769330 -0.776720 0.227650 1.641411 -0.665148 0.010602 1.716173 -0.735522 0.174697 1.585810 0.156451 0.382332 1.787509 0.083759 0.244397 
1.654365 -0.750916 0.092504 1.752599 -0.782117 0.239181 1.643064 -0.675756 0.012235 1.704390 -0.740803 0.183467 1.569305 0.157548 0.357412 1.778488 0.080503 0.238035 
1.648047 -0.759136 0.101286 1.734865 -0.783606 0.260664 1.645387 -0.690093 0.018028 1.691013 -0.743482 0.195524 1.548665 0.162352 0.306296 1.771389 0.076346 0.213204 
1.645577 -0.767267 0.116762 1.717115 -0.779523 0.288859 1.653538 -0.703400 0.030977 1.678711 -0.744622 0.213160 1.531660 0.166263 0.246598 1.765117 0.073530 0.186366 
1.663637 -0.732448 0.172462 1.643141 -0.772722 0.134725 1.694410 -0.772531 0.315302 1.524381 0.167707 0.186427 1.763498 0.070212 0.161000 
1.492836 -0.855420 0.169124 1.637056 -0.778336 0.157238 1.762674 0.071855 0.132662 1.526219 0.170297 0.128559 0.855511 -1.533993 0.114447 1.134798 -0.645826 0.041788 1.669233 -0.787684 0.165326 1.685919 -0.540334 0.338858 
1.485818 -0.852005 0.187670 1.666512 -0.782042 0.182602 1.748616 0.085207 0.141433 0.837845 -1.537684 0.066301 1.141206 -0.647980 0.010790 1.627373 -0.726822 0.281462 1.650890 -0.733686 0.062561 
1.730526 0.095643 0.159600 1.478124 -0.847987 0.205854 1.606393 -0.716628 0.304077 0.869160 -1.561791 0.059131 1.151116 -0.645897 0.074195 1.649845 -0.733718 0.089752 1.648431 -0.765058 0.281460 
1.740554 0.084184 0.173321 1.631198 -0.792840 0.148812 1.471777 -0.843462 0.215986 1.590341 -0.709681 0.315534 0.903119 -1.585264 0.069938 1.158710 -0.655983 0.074041 
1.470829 -0.833981 0.118855 1.746816 0.074637 0.185105 1.700414 0.091113 0.134684 1.618494 -0.791336 0.162324 0.931330 -1.599667 0.080727 1.163648 -0.662214 0.073708 
1.465494 -0.830895 0.126786 1.739950 0.076029 0.191678 1.693239 0.091712 0.132247 1.609821 -0.788312 0.173499 0.943185 -1.604790 0.088104 1.162150 -0.663752 0.073417 
1.459508 -0.829460 0.129727 1.732349 0.078881 0.193205 1.686776 0.093647 0.131014 1.602577 -0.786025 0.176922 0.941711 -1.603865 0.095075 1.158156 -0.663751 0.073197 
1.454571 -0.829589 0.129131 1.731657 0.077303 0.192552 1.685525 0.092696 0.130368 1.595317 -0.786731 0.175331 0.939684 -1.602724 0.101953 1.157223 -0.664945 0.073053 
1.451219 -0.830869 0.126179 1.733183 0.074592 0.189775 1.686185 0.090912 0.129170 1.589588 -0.788722 0.170696 0.941165 -1.602714 0.107087 1.157432 -0.666817 0.073017 
1.449265 -0.832330 0.121773 1.585829 -0.790834 0.164267 1.158059 -0.668586 0.073056 0.943945 -1.603201 0.110362 1.735601 0.071834 0.185857 1.687451 0.089146 0.127202 
1.448622 -0.833623 0.117026 1.584088 -0.792875 0.157694 1.159034 -0.670076 0.073139 0.946806 -1.603930 0.111528 1.738159 0.069344 0.181335 1.689209 0.087188 0.124085 
1.449282 -0.834884 0.112468 1.584478 -0.794778 0.151639 1.160140 -0.671335 0.073230 0.949125 -1.604757 0.110409 1.740891 0.067094 0.176831 1.691139 0.085227 0.120263 
1.586875 -0.796619 0.145013 1.161478 -0.672355 0.073346 0.950791 -1.605659 0.107090 1.448799 -0.841270 0.213874 1.556440 -0.709056 0.307715 1.744172 0.064962 0.171830 
1.590495 -0.798388 0.136648 1.163416 -0.672996 0.073505 0.952464 -1.606739 0.101933 1.454235 -0.843409 0.207520 1.564257 -0.711942 0.300202 1.748094 0.063201 0.164926 
1.752975 0.061631 0.156237 1.166017 -0.673162 0.073679 0.955076 -1.608125 0.095714 1.461000 -0.845315 0.199456 1.573770 -0.714881 0.290730 1.594808 -0.799845 0.126129 
1.468719 -0.847121 0.189562 1.584647 -0.717825 0.279062 1.758380 0.060144 0.145658 0.958231 -1.609562 0.088085 1.163997 -0.683141 0.005841 1.601631 -0.790729 0.194245 1.607079 -0.726423 0.062329 
1.476680 -0.848483 0.179542 1.611245 -0.791602 0.178967 1.765247 0.058417 0.141158 0.963575 -1.607839 0.077428 1.164315 -0.681264 0.007202 1.596337 -0.720401 0.267751 1.610324 -0.726870 0.050409 
1.482898 -0.849462 0.172599 1.618458 -0.792885 0.171225 1.770614 0.056781 0.139219 0.968160 -1.602065 0.064529 1.163785 -0.678845 0.010048 1.606299 -0.722496 0.259954 1.614152 -0.726232 0.042754 
1.487306 -0.850378 0.164262 1.624246 -0.795171 0.161885 1.776315 0.054497 0.136301 1.518935 0.171723 0.109499 0.964285 -1.591941 0.046506 1.159827 -0.673896 0.014066 1.616237 -0.725391 0.250725 1.616248 -0.726070 0.033973 
1.490791 -0.851547 0.155966 1.637882 -0.770183 0.331745 1.613553 -0.783692 0.151260 1.781390 0.052777 0.132711 1.523743 0.169779 0.118229 0.947238 -1.577220 0.032370 1.153738 -0.667008 0.019837 
1.494198 -0.853715 0.148910 1.654068 -0.775475 0.320658 1.619747 -0.787658 0.141800 1.785225 0.051898 0.128838 1.529379 0.167354 0.127717 0.924219 -1.562601 0.027287 1.147361 -0.660238 0.028633 
1.498265 -0.856884 0.144722 1.670911 -0.780086 0.311514 1.625447 -0.792661 0.134516 1.786466 0.052750 0.125421 1.535420 0.164401 0.136927 0.906153 -1.551363 0.031507 1.142882 -0.655331 0.040113 
1.502980 -0.860652 0.142213 1.687683 -0.783803 0.304078 1.631315 -0.797846 0.128603 1.785527 0.054958 0.123068 1.540984 0.161065 0.144418 0.893115 -1.543444 0.040013 1.140168 -0.652012 0.052539 
1.507913 -0.864058 0.141344 1.702626 -0.786557 0.298170 1.636360 -0.802570 0.124771 1.784957 0.057024 0.121262 1.546051 0.158389 0.150030 0.887573 -1.538945 0.050393 1.139656 -0.650221 0.064323 
1.512202 -0.866488 0.140893 1.714782 -0.788410 0.293726 1.640812 -0.805729 0.121608 1.784193 0.058967 0.120242 1.550203 0.156053 0.153934 0.884044 -1.535371 0.060151 1.140024 -0.648875 0.074713 
1.515909 -0.867916 0.140501 1.723624 -0.790038 0.289414 1.644583 -0.807452 0.118877 1.786245 0.059416 0.119123 1.554667 0.154753 0.157103 0.883229 -1.533190 0.069305 1.141600 -0.648159 0.083544 
1.518830 -0.868580 0.140155 1.729384 -0.791405 0.285346 1.647183 -0.807928 0.116295 1.789368 0.058947 0.117790 1.558928 0.154174 0.160491 0.884832 -1.533364 0.078614 1.143838 -0.648330 0.091391 
1.520994 -0.868920 0.140077 1.732778 -0.792350 0.282245 1.648663 -0.807717 0.114185 1.791792 0.058238 0.116406 1.561590 0.153872 0.163055 0.888460 -1.535954 0.087368 1.146118 -0.649473 0.098061 
1.522525 -0.869012 0.140336 1.734059 -0.793020 0.280303 1.649460 -0.807108 0.112886 1.793571 0.057542 0.115379 1.563142 0.153805 0.164764 0.893420 -1.539828 0.094475 1.148363 -0.651233 0.102973 
1.523586 -0.868948 0.140907 1.733820 -0.793307 0.279603 1.649861 -0.806299 0.112445 1.794770 0.056982 0.114776 1.563579 0.153962 0.165326 0.899347 -1.544314 0.099493 1.150442 -0.653281 0.105941 
1.524149 -0.868706 0.141520 1.732477 -0.793256 0.279860 1.649809 -0.805351 0.112552 1.795535 0.056515 0.114499 1.563287 0.154286 0.165114 0.905480 -1.548755 0.102259 1.152215 -0.655243 0.107099 
1.524106 -0.868306 0.141960 1.730311 -0.792976 0.280726 1.649260 -0.804385 0.112979 1.795917 0.056138 0.114492 1.562559 0.154720 0.164400 0.910549 -1.552374 0.102745 1.153414 -0.656755 0.106560 
1.523365 -0.867845 0.142249 1.727522 -0.792505 0.282167 1.648287 -0.803585 0.113776 1.795715 0.055959 0.114844 1.561393 0.155196 0.163201 0.913370 -1.554567 0.100957 1.153716 -0.657578 0.104323 
1.521892 -0.867418 0.142513 1.724188 -0.791810 0.284341 1.646978 -0.803081 0.115111 1.794705 0.056100 0.115665 1.559666 0.155670 0.161379 0.913341 -1.555102 0.096887 1.152943 -0.657638 0.100312 
1.519719 -0.866924 0.142868 1.719928 -0.790828 0.287419 1.645249 -0.802682 0.117100 1.792963 0.056502 0.116919 1.557280 0.156217 0.158781 0.911538 -1.554620 0.090619 1.151404 -0.657225 0.094483 
1.516856 -0.866272 0.143306 1.714397 -0.789555 0.291305 1.642987 -0.802159 0.119650 1.790704 0.057017 0.118553 1.554274 0.156905 0.155458 0.908861 -1.553761 0.082557 1.149432 -0.656605 0.087012 
1.513301 -0.865465 0.143874 1.707503 -0.787970 0.296031 1.640143 -0.801501 0.122826 1.787866 0.057670 0.120617 1.550668 0.157724 0.151411 0.905567 -1.552657 0.072688 1.147156 -0.655845 0.077900 
1.509039 -0.864509 0.144459 1.699131 -0.786048 0.301452 1.636652 -0.800694 0.126527 1.784416 0.058463 0.122990 1.546492 0.158673 0.146474 0.901815 -1.551449 0.060896 1.144710 -0.655010 0.067015 
1.504051 -0.863309 0.145229 1.689081 -0.783768 0.307558 1.632368 -0.799812 0.131151 1.780777 0.059182 0.125492 1.541929 0.159915 0.140738 0.898012 -1.549894 0.046732 1.142257 -0.654071 0.054130 
1.498517 -0.861435 0.147153 1.677832 -0.780703 0.315311 1.627525 -0.798461 0.137583 1.776233 0.060505 0.128260 1.537025 0.161354 0.133976 0.894204 -1.546878 0.031582 1.139926 -0.652677 0.040349 
1.492665 -0.859311 0.150072 1.665786 -0.777016 0.323873 1.622234 -0.796720 0.144992 1.771825 0.061820 0.130870 1.532262 0.163028 0.126724 0.890824 -1.544247 0.018354 1.138084 -0.651435 0.027092 
1.486601 -0.857524 0.156846 1.653279 -0.772525 0.333641 1.617145 -0.793659 0.153306 1.767613 0.063279 0.133283 1.527854 0.164884 0.119426 0.887230 -1.545317 0.024200 1.136954 -0.652593 0.022563 
1.480806 -0.855109 0.162942 1.640699 -0.797700 0.166116 1.765442 0.063703 0.135221 1.524087 0.167081 0.112248 0.884992 -1.547691 0.030187 1.136464 -0.653688 0.018506 1.612075 -0.789735 0.160658 1.663453 -0.536678 0.331940 
1.475442 -0.851590 0.168338 1.633147 -0.794539 0.173197 1.765712 0.063279 0.136862 1.520993 0.170016 0.105335 0.882945 -1.548627 0.034577 1.136212 -0.653797 0.014600 1.616445 -0.730034 0.256799 1.618601 -0.730323 0.040651 
1.470534 -0.847857 0.172895 1.625422 -0.791442 0.179360 1.766699 0.062448 0.138431 0.881474 -1.549841 0.038506 1.136369 -0.653660 0.011216 1.609197 -0.724724 0.262614 1.616820 -0.726560 0.046139 
1.465934 -0.844394 0.177013 1.618473 -0.788398 0.184686 1.766692 0.062322 0.140161 0.880152 -1.550908 0.042250 1.136529 -0.653531 0.007988 1.602348 -0.719773 0.267718 1.615147 -0.723250 0.051185 
1.461689 -0.841324 0.180891 1.595976 -0.715262 0.272429 1.765425 0.063117 0.141834 0.878954 -1.551735 0.045804 1.136624 -0.653385 0.005170 1.612517 -0.785548 0.189388 1.613869 -0.720620 0.056053 
1.458846 -0.838732 0.181703 1.591564 -0.712545 0.273758 1.761912 0.066617 0.142013 0.878656 -1.552218 0.049286 1.136477 -0.652349 0.005226 1.607038 -0.783834 0.189151 1.611330 -0.718056 0.056952 
1.457857 -0.837477 0.181348 1.589844 -0.711832 0.273711 1.760487 0.068462 0.141875 0.878094 -1.552002 0.051730 1.136401 -0.651546 0.005256 1.605512 -0.782679 0.187444 1.609374 -0.716935 0.056283 
1.457938 -0.837931 0.181850 1.589784 -0.712463 0.274408 1.759517 0.069263 0.141864 0.878279 -1.552203 0.052623 1.136216 -0.651600 0.005270 1.606947 -0.782440 0.188299 1.609704 -0.717469 0.056882 
1.458793 -0.839096 0.182150 1.590843 -0.713764 0.274692 1.757718 0.070564 0.141841 0.878705 -1.552660 0.052500 1.135880 -0.651875 0.005290 1.610133 -0.782528 0.189166 1.610977 -0.718788 0.057271 
1.460102 -0.840563 0.181985 1.613616 -0.783051 0.189329 1.755853 0.071716 0.141815 0.879042 -1.553048 0.051324 1.135601 -0.652379 0.005303 1.592646 -0.715255 0.274255 1.612618 -0.720437 0.057119 
1.461931 -0.841530 0.180964 1.616503 -0.783671 0.187916 1.756035 0.071811 0.141566 0.879522 -1.553374 0.049349 1.135619 -0.652462 0.005832 1.595176 -0.716333 0.272839 1.613969 -0.721493 0.055869 
1.464056 -0.842115 0.178708 1.618401 -0.784523 0.184766 1.757693 0.071107 0.140978 0.880222 -1.553747 0.047230 1.135857 -0.652139 0.007072 1.598181 -0.717380 0.269983 1.614532 -0.721738 0.052998 
1.466526 -0.842696 0.175762 1.620269 -0.785544 0.180525 1.759825 0.070157 0.140221 0.881067 -1.554170 0.044668 1.136182 -0.651722 0.008606 1.601720 -0.718524 0.266319 1.614984 -0.721831 0.049306 
1.469425 -0.843411 0.172291 1.622550 -0.786713 0.175625 1.762307 0.069055 0.139272 0.882145 -1.554688 0.041635 1.136587 -0.651257 0.010438 1.605872 -0.719916 0.262071 1.615559 -0.721922 0.045026 
1.472779 -0.844407 0.168341 1.625528 -0.788063 0.170168 1.764985 0.067893 0.138090 0.883605 -1.555282 0.038224 1.137049 -0.650784 0.012625 1.610650 -0.721763 0.257278 1.616281 -0.722217 0.040229 
1.476272 -0.845502 0.163742 1.629043 -0.789527 0.164060 1.767822 0.066684 0.136685 1.520656 0.176122 0.108753 0.885565 -1.553843 0.033732 1.137302 -0.650020 0.015029 1.615955 -0.723968 0.251866 1.617058 -0.722634 0.034896 
1.480054 -0.846758 0.159609 1.633204 -0.790980 0.158257 1.770468 0.065730 0.135148 1.523078 0.175068 0.113503 0.889584 -1.551488 0.029836 1.137967 -0.649512 0.017555 1.610147 -0.779697 0.156693 1.658625 -0.527216 0.328684 
1.483690 -0.848571 0.156403 1.642312 -0.765518 0.332137 1.613400 -0.782353 0.152550 1.771838 0.065532 0.133749 1.525411 0.173731 0.118004 0.892653 -1.549566 0.028031 1.138361 -0.649270 0.020719 
1.487038 -0.850733 0.153798 1.650622 -0.768345 0.327468 1.616716 -0.785241 0.148689 1.772070 0.065948 0.132560 1.527703 0.172105 0.122481 0.892613 -1.547820 0.028329 1.138155 -0.648981 0.024966 
1.490258 -0.852990 0.151351 1.658831 -0.771247 0.322532 1.619968 -0.788051 0.144632 1.771830 0.066594 0.131505 1.530142 0.170325 0.127106 0.891424 -1.546615 0.030451 1.137871 -0.648838 0.030180 
1.493463 -0.854970 0.148791 1.666859 -0.774077 0.317113 1.623018 -0.790522 0.140303 1.772514 0.066751 0.130307 1.532909 0.168746 0.131773 0.890797 -1.545610 0.033413 1.137903 -0.648731 0.035848 
1.496306 -0.856617 0.147037 1.674066 -0.776347 0.312811 1.625446 -0.792622 0.136765 1.773101 0.067002 0.129184 1.535763 0.167304 0.136003 0.890754 -1.545072 0.037630 1.138201 -0.648617 0.041726 
1.498642 -0.858003 0.145919 1.680293 -0.777952 0.309754 1.627713 -0.794296 0.134065 1.773478 0.067257 0.128338 1.537983 0.165990 0.138926 0.889646 -1.544143 0.041746 1.138282 -0.648332 0.046923 
1.500741 -0.859165 0.145084 1.685633 -0.779098 0.307037 1.629935 -0.795626 0.131959 1.774331 0.067256 0.127563 1.539824 0.165149 0.141428 0.888934 -1.543369 0.045415 1.138423 -0.648109 0.051283 
1.502447 -0.859919 0.144265 1.689600 -0.780109 0.304476 1.631676 -0.796418 0.130020 1.775397 0.067037 0.126829 1.541400 0.164547 0.143546 0.888853 -1.543044 0.048699 1.138784 -0.648109 0.055031 
1.503802 -0.860340 0.143531 1.692443 -0.780977 0.302166 1.632890 -0.796779 0.128220 1.776582 0.066680 0.126122 1.542766 0.164136 0.145332 0.889356 -1.543270 0.051973 1.139332 -0.648307 0.058378 
1.504821 -0.860723 0.143278 1.694371 -0.781604 0.300645 1.633582 -0.797086 0.127077 1.777532 0.066363 0.125578 1.543895 0.163848 0.146671 0.890797 -1.544316 0.055382 1.140029 -0.648768 0.061156 
1.505134 -0.861085 0.143603 1.694794 -0.781741 0.300481 1.633608 -0.797296 0.126891 1.777773 0.066248 0.125446 1.544147 0.163747 0.146797 0.892301 -1.546085 0.058131 1.140499 -0.649398 0.062465 
1.504624 -0.861102 0.144068 1.693711 -0.781399 0.301422 1.633176 -0.797219 0.127565 1.777216 0.066416 0.125770 1.543535 0.163879 0.146025 0.892236 -1.546703 0.058044 1.140321 -0.649565 0.061582 
1.503729 -0.860691 0.144426 1.691765 -0.780887 0.302825 1.632454 -0.796822 0.128635 1.776566 0.066598 0.126175 1.542626 0.164160 0.144796 0.891613 -1.546217 0.055606 1.139934 -0.649363 0.059389 
1.502649 -0.860221 0.144867 1.689272 -0.780294 0.304515 1.631484 -0.796336 0.129942 1.775816 0.066745 0.126697 1.541596 0.164507 0.143489 0.891485 -1.546036 0.052722 1.139625 -0.649300 0.056697 
1.501289 -0.859760 0.145557 1.686277 -0.779504 0.306651 1.630239 -0.795855 0.131623 1.774696 0.067056 0.127372 1.540302 0.164927 0.141810 0.891234 -1.546052 0.049815 1.139202 -0.649251 0.053560 
1.499620 -0.859252 0.146443 1.682732 -0.778459 0.309352 1.628721 -0.795376 0.133756 1.773241 0.067489 0.128206 1.538699 0.165413 0.139647 0.890725 -1.545922 0.046137 1.138629 -0.649097 0.049621 
1.497610 -0.858648 0.147481 1.678480 -0.777182 0.312545 1.626875 -0.794821 0.136298 1.771482 0.068017 0.129182 1.536808 0.165981 0.137014 0.890127 -1.545743 0.041679 1.137983 -0.648904 0.044871 
1.495236 -0.857935 0.148660 1.673440 -0.775670 0.316208 1.624666 -0.794157 0.139243 1.769404 0.068640 0.130293 1.534637 0.166633 0.133893 0.889502 -1.545556 0.036445 1.137309 -0.648702 0.039292 
1.492465 -0.856718 0.150201 1.667582 -0.773816 0.320546 1.622226 -0.793105 0.142966 1.767404 0.069233 0.131421 1.532265 0.167470 0.130244 0.887797 -1.544033 0.029957 1.136460 -0.648064 0.032994 
1.489605 -0.855127 0.152135 1.661353 -0.771621 0.325229 1.619902 -0.791428 0.146866 1.765594 0.069791 0.132480 1.529866 0.168407 0.126326 0.885533 -1.542350 0.024830 1.135685 -0.647368 0.027426 
1.486784 -0.853705 0.154488 1.654960 -0.769463 0.329566 1.617390 -0.789621 0.150566 1.764399 0.069965 0.133448 1.527744 0.169446 0.122764 0.884899 -1.542412 0.023337 1.135355 -0.647439 0.023509 
1.483950 -0.852428 0.157379 1.648530 -0.767251 0.333710 1.614790 -0.787603 0.154026 1.763259 0.070192 0.134350 1.525802 0.170527 0.119290 0.884434 -1.544284 0.026240 1.135186 -0.648045 0.021541 
1.481086 -0.851153 0.160181 1.612155 -0.785632 0.157379 1.762119 0.070420 0.135241 1.523950 0.171568 0.115825 0.883477 -1.545691 0.029171 1.135012 -0.648601 0.019596 1.641312 -0.793415 0.160899 1.664805 -0.533770 0.329349 
1.478253 -0.849805 0.162966 1.637554 -0.792192 0.164587 1.761890 0.070126 0.136031 1.522265 0.172709 0.112262 0.882108 -1.546315 0.031795 1.134812 -0.649009 0.017602 1.609614 -0.783692 0.160794 1.659081 -0.530888 0.332235 
1.475884 -0.847996 0.165310 1.633669 -0.790902 0.167893 1.762669 0.069415 0.136659 1.520904 0.173911 0.108931 0.880790 -1.546337 0.033160 1.134774 -0.648965 0.015823 1.617435 -0.727189 0.253528 1.618116 -0.726240 0.037063 
1.474088 -0.846195 0.166566 1.630035 -0.789739 0.169560 1.764211 0.068390 0.137079 1.520078 0.175116 0.106539 0.880220 -1.546633 0.033881 1.134923 -0.648749 0.014522 1.614885 -0.724736 0.255255 1.617302 -0.724223 0.038608 
1.472779 -0.844674 0.167192 1.627137 -0.788784 0.170392 1.766265 0.067102 0.137298 1.519742 0.176204 0.105053 0.880132 -1.546806 0.034393 1.135111 -0.648402 0.013684 1.613011 -0.722850 0.256196 1.616489 -0.722450 0.039390 
