0.785288 0.434253 0.004689 0.927900 0.270377 0.004441 0.889781 0.524392 0.004384 1.029400 0.361960 0.004143 
0.785307 0.434017 0.004386 0.927901 0.270126 0.004901 0.889811 0.524142 0.003831 1.029412 0.361696 0.004344 
0.785419 0.434148 0.004364 0.927981 0.270228 0.004672 0.889940 0.524254 0.004136 1.029510 0.361780 0.004442 
0.785560 0.434182 0.003994 0.928052 0.270201 0.004548 0.890120 0.524244 0.004158 1.029620 0.361710 0.004703 
0.785583 0.434353 0.003991 0.927972 0.270283 0.004208 0.890199 0.524349 0.004387 1.029597 0.361727 0.004597 
0.785560 0.434355 0.003992 0.927942 0.270279 0.004250 0.890181 0.524347 0.004249 1.029571 0.361719 0.004500 
0.785486 0.434361 0.004117 0.927854 0.270272 0.004218 0.890114 0.524343 0.004267 1.029491 0.361703 0.004365 
0.785532 0.434347 0.004099 0.927914 0.270270 0.004354 0.890153 0.524339 0.004230 1.029543 0.361710 0.004480 
0.785193 0.434337 0.004657 0.927598 0.270282 0.004050 0.889800 0.524344 0.004244 1.029213 0.361737 0.003650 
0.785195 0.434305 0.004642 0.927605 0.270254 0.004195 0.889798 0.524315 0.004223 1.029217 0.361712 0.003786 
0.784970 0.434386 0.005075 0.927376 0.270337 0.003732 0.889572 0.524397 0.004437 1.028987 0.361795 0.003119 
0.784966 0.434387 0.005065 0.927373 0.270337 0.003848 0.889569 0.524398 0.004488 1.028984 0.361796 0.003293 
0.784918 0.434622 0.005255 0.927273 0.270534 0.003242 0.889547 0.524602 0.004922 1.028912 0.361964 0.002941 
0.784597 0.434606 0.005735 0.926922 0.270504 0.002937 0.889232 0.524576 0.004751 1.028566 0.361923 0.002002 
0.784588 0.434610 0.005660 0.926916 0.270506 0.003129 0.889225 0.524579 0.004769 1.028562 0.361924 0.002282 
0.784560 0.434595 0.005661 0.926896 0.270496 0.003258 0.889192 0.524569 0.004780 1.028538 0.361919 0.002419 
0.784502 0.434570 0.005930 0.926852 0.270487 0.003327 0.889124 0.524555 0.004982 1.028484 0.361920 0.002425 
0.784302 0.434645 0.006583 0.926633 0.270567 0.002854 0.888922 0.524630 0.005412 1.028263 0.362000 0.001747 
0.784192 0.434675 0.006959 0.926525 0.270611 0.002703 0.888805 0.524668 0.005723 1.028147 0.362052 0.001539 
0.784192 0.434667 0.007340 0.926524 0.270607 0.002926 0.888805 0.524660 0.006207 1.028147 0.362048 0.001865 
0.784201 0.434652 0.007989 0.926527 0.270599 0.003134 0.888814 0.524646 0.006939 1.028150 0.362041 0.002162 
0.784215 0.434631 0.008764 0.926533 0.270589 0.003328 0.888828 0.524627 0.007781 1.028156 0.362033 0.002431 
0.784227 0.434613 0.009422 0.926538 0.270581 0.003504 0.888840 0.524610 0.008500 1.028160 0.362025 0.002674 
0.784237 0.434598 0.009947 0.926541 0.270574 0.003663 0.888849 0.524595 0.009080 1.028163 0.362019 0.002893 
0.784242 0.434586 0.010337 0.926543 0.270569 0.003806 0.888855 0.524584 0.009522 1.028165 0.362014 0.003090 
0.784251 0.434575 0.010596 0.926549 0.270561 0.003935 0.888864 0.524573 0.009828 1.028172 0.362006 0.003267 
0.784237 0.434575 0.010773 0.926509 0.270541 0.004023 0.888864 0.524557 0.010000 1.028146 0.361971 0.003353 
0.784207 0.434568 0.010816 0.926486 0.270541 0.004081 0.888829 0.524555 0.010025 1.028118 0.361976 0.003392 
0.784194 0.434576 0.010641 0.926481 0.270544 0.004176 0.888817 0.524562 0.009905 1.028114 0.361978 0.003538 
0.784177 0.434588 0.010321 0.926474 0.270550 0.004259 0.888801 0.524574 0.009640 1.028108 0.361983 0.003670 
0.784157 0.434605 0.009858 0.926465 0.270557 0.004331 0.888781 0.524590 0.009231 1.028099 0.361990 0.003788 
0.784133 0.434625 0.009258 0.926454 0.270567 0.004394 0.888759 0.524609 0.008684 1.028089 0.361999 0.003893 
0.784108 0.434647 0.008525 0.926442 0.270579 0.004449 0.888735 0.524630 0.008001 1.028078 0.362011 0.003987 
0.784078 0.434639 0.007675 0.926405 0.270545 0.004536 0.888716 0.524610 0.007150 1.028052 0.361965 0.004060 
0.784069 0.434661 0.006671 0.926388 0.270543 0.004590 0.888717 0.524620 0.006201 1.028045 0.361951 0.004154 
0.784043 0.434685 0.005527 0.926369 0.270562 0.004622 0.888692 0.524642 0.005113 1.028028 0.361969 0.004224 
0.784038 0.434688 0.005347 0.926365 0.270565 0.004653 0.888688 0.524645 0.004973 1.028024 0.361971 0.004292 
0.784036 0.434688 0.005310 0.926363 0.270565 0.004683 0.888686 0.524646 0.004970 1.028022 0.361972 0.004355 
0.784034 0.434689 0.005276 0.926361 0.270565 0.004710 0.888684 0.524646 0.004968 1.028020 0.361972 0.004412 
0.784033 0.434689 0.005244 0.926360 0.270566 0.004734 0.888683 0.524646 0.004965 1.028019 0.361972 0.004465 
0.784031 0.434689 0.005213 0.926358 0.270566 0.004756 0.888681 0.524647 0.004961 1.028018 0.361972 0.004513 
0.784029 0.434690 0.005183 0.926357 0.270566 0.004776 0.888680 0.524647 0.004956 1.028016 0.361973 0.004557 
0.784028 0.434690 0.005153 0.926355 0.270566 0.004794 0.888678 0.524647 0.004951 1.028015 0.361973 0.004598 
0.784027 0.434690 0.005124 0.926354 0.270567 0.004809 0.888677 0.524647 0.004944 1.028014 0.361973 0.004636 
0.783865 0.434540 0.005197 0.926192 0.270415 0.004947 0.888516 0.524496 0.004748 1.027851 0.361821 0.004505 
0.783790 0.434385 0.005305 0.926198 0.270331 0.004674 0.888392 0.524393 0.004292 1.027808 0.361787 0.003679 
0.783716 0.434120 0.005073 0.926124 0.270067 0.005203 0.888317 0.524124 0.003633 1.027734 0.361518 0.003774 
0.783605 0.434011 0.005056 0.926063 0.270001 0.005280 0.888177 0.524044 0.003389 1.027643 0.361480 0.003626 
0.783648 0.434089 0.004861 0.925859 0.269865 0.005314 0.888359 0.523965 0.003429 1.027580 0.361192 0.003889 
0.784303 0.433959 0.003450 0.926435 0.269679 0.005474 0.889059 0.523791 0.002905 1.028203 0.360964 0.004906 
0.784259 0.433847 0.003540 0.926469 0.269633 0.005518 0.888974 0.523727 0.002862 1.028194 0.360964 0.004819 
0.784175 0.433737 0.003790 0.926525 0.269641 0.005411 0.888814 0.523705 0.003028 1.028173 0.361058 0.004633 
0.784291 0.433511 0.003624 0.926922 0.269663 0.005559 0.888774 0.523659 0.002912 1.028412 0.361255 0.004826 
0.783714 0.431737 0.003769 0.926048 0.267627 0.005262 0.888358 0.521701 0.003821 1.027702 0.359040 0.005292 
0.778805 0.417208 0.003975 0.922142 0.253983 0.006383 0.882894 0.507814 0.003917 1.023232 0.346019 0.006292 
0.778601 0.411371 0.004026 0.923604 0.249611 0.005077 0.881759 0.503035 0.003861 1.023749 0.342674 0.004898 
0.779224 0.411295 0.005792 0.924707 0.249961 0.005893 0.882104 0.503256 0.004071 1.024568 0.343313 0.004186 
0.777553 0.413516 0.006586 0.918875 0.248585 0.011023 0.882752 0.502799 0.004179 1.021092 0.339335 0.008576 
0.777719 0.413587 0.007856 0.919089 0.248876 0.016727 0.882887 0.502867 0.004289 1.021275 0.339620 0.013069 
0.777020 0.414305 0.006673 0.917085 0.248666 0.018476 0.882846 0.502849 0.004496 1.019941 0.338694 0.016154 
0.777640 0.413699 0.005955 0.918684 0.248990 0.019051 0.882893 0.502943 0.004788 1.020958 0.339699 0.017711 
0.777967 0.412864 0.005502 0.920083 0.249254 0.020614 0.882571 0.502873 0.004903 1.021700 0.340704 0.019809 
0.777195 0.413682 0.005331 0.917459 0.248761 0.023244 0.882724 0.502607 0.005016 1.020017 0.339156 0.022681 
0.778885 0.411753 0.005512 0.922335 0.249799 0.025183 0.882618 0.502764 0.004983 1.023070 0.342219 0.024383 
0.415897 0.369727 0.037681 1.028050 0.348296 0.023505 0.932206 0.250808 0.023839 0.879498 0.501505 0.005145 0.420151 0.583029 0.018653 0.557729 0.579144 0.008592 
0.435757 0.417603 0.015723 1.026685 0.350930 0.023964 0.935474 0.249112 0.025847 0.871080 0.496893 0.004998 0.445388 0.631499 0.009942 0.583105 0.624896 0.004057 
0.442987 0.445673 0.010007 1.026822 0.355605 0.025943 0.939755 0.250271 0.029697 0.443957 0.659861 0.009716 0.865477 0.494912 0.004994 0.581866 0.658987 0.004787 
0.446038 0.446550 0.008358 1.027216 0.359078 0.029521 0.942050 0.252276 0.034982 0.443699 0.660728 0.008259 0.863489 0.494977 0.004964 0.581652 0.661989 0.004882 
0.451807 0.442976 0.007043 1.027802 0.363153 0.032072 0.944929 0.254669 0.039359 0.443705 0.657014 0.006877 0.861240 0.495064 0.004965 0.581601 0.661989 0.004884 
0.458008 0.439386 0.006125 1.031439 0.368352 0.033620 0.951641 0.257739 0.042933 0.443857 0.653109 0.005977 0.861192 0.495128 0.004960 0.581567 0.661983 0.004888 
0.463382 0.435737 0.005705 1.035335 0.373838 0.033925 0.958861 0.261120 0.045598 0.442734 0.648930 0.005592 0.861240 0.495204 0.004960 0.580113 0.661990 0.004877 
0.470741 0.432082 0.005582 1.039329 0.379664 0.033559 0.966426 0.264942 0.048186 0.443220 0.644498 0.005470 0.861309 0.495286 0.004959 0.580106 0.661987 0.004881 
0.478326 0.428641 0.006323 1.043223 0.385708 0.032978 0.974049 0.269146 0.050818 0.443874 0.640042 0.005765 0.861384 0.495377 0.004960 0.580114 0.661996 0.004886 
0.484216 0.426203 0.007860 1.046223 0.390608 0.032808 0.979999 0.272827 0.053591 0.444480 0.636670 0.006248 0.580125 0.662021 0.004891 
0.487587 0.424905 0.009927 1.048122 0.393802 0.033091 0.983667 0.275516 0.056408 0.444890 0.634775 0.006886 0.580160 0.662017 0.004875 
0.487518 0.424812 0.009526 1.047023 0.409448 0.031958 0.980383 0.290450 0.041366 0.444407 0.634602 0.006817 0.862688 0.518524 0.031021 0.579622 0.662115 0.004870 
0.482918 0.426103 0.005941 1.060722 0.433220 0.045602 1.000832 0.310551 0.053045 0.442772 0.636498 0.005833 0.870694 0.531973 0.049454 0.578368 0.662124 0.004891 
0.481054 0.426975 0.005154 1.082911 0.460149 0.066863 1.037758 0.331502 0.076919 0.442810 0.637723 0.005119 0.578635 0.662125 0.004945 
0.479138 0.428349 0.005032 1.079260 0.374282 0.098782 1.104403 0.508164 0.087243 0.443993 0.639637 0.005028 0.580162 0.662040 0.004963 
0.479364 0.428186 0.005396 1.081761 0.396769 0.093260 1.102130 0.531473 0.081871 0.443812 0.639406 0.005413 0.579937 0.662072 0.004922 
0.474104 0.428990 0.008302 1.076878 0.429816 0.091232 1.075409 0.560259 0.050339 0.445476 0.641251 0.006448 0.582263 0.659442 0.004930 
0.459396 0.426654 0.011778 1.068887 0.683502 0.060314 0.444588 0.640275 0.006836 0.595958 0.432780 0.009965 1.092313 0.548851 0.063467 
0.445418 0.429739 0.006377 0.438705 0.643821 0.005131 1.068424 0.783985 0.066405 0.582125 0.430733 0.006102 1.105448 0.654259 0.044264 
0.446183 0.427917 0.006501 1.081243 0.782035 0.020986 0.436042 0.641867 0.006808 0.582843 0.431104 0.004563 1.124828 0.652463 0.019841 
0.442642 0.426134 0.015347 1.082350 0.775736 0.003467 0.431763 0.640001 0.010856 0.579181 0.429662 0.009489 1.126711 0.646428 0.004718 
0.423548 0.419645 0.039712 1.083201 0.775608 0.003368 0.413401 0.632952 0.023138 0.559744 0.421918 0.028086 1.127765 0.646406 0.006666 
0.404357 0.410923 0.068734 1.083164 0.775722 0.003508 0.394616 0.622894 0.039558 0.540114 0.411621 0.052628 1.127681 0.646667 0.010775 
0.387918 0.407877 0.095389 1.083119 0.775866 0.003642 0.378355 0.618054 0.055243 0.523185 0.406899 0.075596 1.127532 0.647139 0.015757 
0.374220 0.413837 0.116505 1.083128 0.775914 0.003717 0.365448 0.622361 0.068354 0.509012 0.410902 0.093869 1.127375 0.647722 0.021003 
0.363177 0.425142 0.133295 1.083076 0.776077 0.003828 0.355699 0.632057 0.078448 0.497566 0.420080 0.108721 1.127192 0.648671 0.026441 
0.355104 0.437469 0.147560 1.083185 0.776167 0.003981 0.349236 0.642419 0.085602 0.489236 0.430192 0.122153 1.127074 0.649817 0.032250 
0.349694 0.448230 0.160378 1.083178 0.776348 0.004070 0.345231 0.650476 0.089992 0.483728 0.438913 0.135118 1.126596 0.651254 0.038074 
0.346487 0.458399 0.171670 1.083147 0.776548 0.004148 0.343224 0.657217 0.092054 0.480568 0.447333 0.147388 1.125966 0.652998 0.044044 0.919119 0.586687 0.047336 
0.344587 0.469377 0.181136 1.083113 0.776769 0.004220 0.342568 0.664154 0.092054 0.478823 0.456800 0.158503 1.125194 0.655185 0.050440 0.918095 0.589769 0.055386 
0.344465 0.481252 0.185040 1.083052 0.775766 0.004297 0.346195 0.670847 0.085398 0.479097 0.466518 0.166415 1.123613 0.656259 0.056857 0.915987 0.592562 0.062117 
0.344052 0.494836 0.183937 1.084058 0.774240 0.004399 0.349814 0.678849 0.074466 0.479044 0.478418 0.169880 1.122642 0.657286 0.063753 0.914396 0.595614 0.068627 
0.342855 0.512595 0.177577 1.089122 0.766645 0.005529 0.355769 0.690147 0.058472 0.477904 0.493109 0.169088 1.123393 0.652634 0.072736 0.913677 0.596031 0.075724 
0.344006 0.532304 0.166084 1.097081 0.762235 0.008551 0.363284 0.704332 0.039940 0.478967 0.510738 0.162885 1.127330 0.651606 0.082956 0.916666 0.598558 0.082565 
0.342544 0.551592 0.154298 1.103189 0.760570 0.007673 0.367823 0.717862 0.021659 0.477156 0.527750 0.155377 1.130150 0.653371 0.088118 0.918683 0.603660 0.086123 
0.341476 0.566620 0.150484 1.104248 0.750294 0.008201 0.372579 0.725219 0.009925 0.475521 0.540194 0.155340 1.127341 0.647744 0.095609 0.914725 0.603210 0.093435 
0.339256 0.577078 0.161463 1.101363 0.738966 0.009991 0.372451 0.725318 0.010464 0.473034 0.549905 0.168862 1.123250 0.643480 0.105349 0.910172 0.601165 0.106295 
0.335003 0.592397 0.173418 1.100350 0.736948 0.016402 0.373289 0.726516 0.010864 0.468125 0.563682 0.185414 1.117687 0.646400 0.117348 0.903524 0.609979 0.116181 
0.330543 0.616348 0.182269 1.103168 0.742496 0.028845 0.374657 0.737371 0.011140 0.462819 0.586240 0.199192 1.115702 0.656367 0.134270 0.900867 0.624594 0.128801 
0.323590 0.643429 0.188384 1.107974 0.746350 0.046478 0.374267 0.752676 0.011256 0.454669 0.611132 0.209945 1.116122 0.665784 0.156626 0.901025 0.637014 0.146654 
0.317278 0.670438 0.192920 1.109757 0.746974 0.065435 0.374438 0.768472 0.011261 0.447008 0.636192 0.219137 1.114217 0.673146 0.180411 0.898920 0.647201 0.167467 
0.314383 0.695274 0.196684 1.107651 0.745793 0.082894 0.376381 0.782797 0.011282 0.443014 0.660240 0.226959 1.109486 0.679822 0.202620 0.893886 0.656978 0.188884 
0.314876 0.720887 0.198984 1.103272 0.747560 0.103853 0.382763 0.798324 0.011174 0.442226 0.685957 0.234366 1.101954 0.689129 0.227440 0.886108 0.670125 0.211840 
0.309265 0.749398 0.198955 0.386399 0.816546 0.010755 0.434355 0.714172 0.241398 0.876300 0.687803 0.241928 1.099304 0.754457 0.138758 1.091738 0.703166 0.265256 
0.292307 0.777606 0.196863 0.382177 0.833245 0.010569 0.413632 0.741228 0.248309 0.864029 0.702670 0.279468 1.093440 0.760507 0.185430 1.078071 0.716496 0.313947 
0.278219 0.801080 0.195250 0.379862 0.846010 0.012144 0.395467 0.764274 0.255151 0.843553 0.716172 0.318588 1.078944 0.763720 0.234043 1.055732 0.727512 0.363812 
0.265565 0.819440 0.196549 0.378070 0.851687 0.017160 0.378495 0.783896 0.264912 0.817757 0.729900 0.354897 1.058658 0.766346 0.281032 1.027428 0.738245 0.411128 
0.254192 0.834139 0.197509 0.377035 0.853270 0.023092 0.362472 0.801220 0.274201 0.791293 0.745295 0.387903 1.036872 0.772035 0.326312 0.997571 0.752010 0.455711 
0.243657 0.846655 0.195280 0.376592 0.853320 0.027466 0.346804 0.817155 0.280015 0.766437 0.762458 0.418800 1.015675 0.781985 0.370669 0.968434 0.769943 0.498392 
0.331695 0.831660 0.281300 0.742156 0.780737 0.447826 0.234272 0.857226 0.188862 0.377134 0.852427 0.029346 0.994095 0.794997 0.414049 0.939026 0.790877 0.539110 
0.226659 0.865417 0.178837 0.317683 0.844415 0.278654 0.716817 0.799918 0.474108 0.970534 0.810307 0.455737 0.783051 0.796459 0.353091 
0.944132 0.827307 0.495060 0.763721 0.808667 0.381121 0.220405 0.871256 0.166046 0.873355 0.838416 0.611494 0.304355 0.855408 0.272775 0.469560 0.829839 0.134040 
0.914309 0.845718 0.531403 0.741950 0.821584 0.406552 0.215152 0.875006 0.151100 0.835836 0.863984 0.641848 0.386019 0.841007 0.026496 0.465475 0.830230 0.138811 
0.210662 0.877074 0.134281 0.795118 0.890555 0.667610 0.389529 0.834958 0.024233 0.460769 0.830174 0.142327 0.880985 0.865509 0.564221 0.717611 0.835271 0.429046 
0.620425 1.428472 0.233573 0.392650 0.828457 0.021440 0.604652 1.431862 0.228247 0.206765 0.877876 0.115686 0.844230 0.886672 0.593043 0.455146 0.829959 0.144469 0.690688 0.849819 0.448320 
0.610812 1.423134 0.234139 0.595117 1.426332 0.228473 0.202276 0.880919 0.093532 0.391820 0.831309 0.006989 0.449223 0.832770 0.132475 0.818238 0.896674 0.607093 0.670318 0.857140 0.457311 
0.602722 1.423228 0.233399 0.389019 0.831580 0.006032 0.587109 1.426196 0.227393 0.196919 0.882994 0.085603 0.797657 0.897348 0.608493 0.442388 0.835115 0.133245 0.654438 0.858683 0.453991 
0.597518 1.421426 0.233298 0.387341 0.829773 0.006153 0.581936 1.424172 0.227108 0.193654 0.882377 0.080959 0.779097 0.897037 0.610534 0.438029 0.835021 0.134399 0.640821 0.859100 0.451417 
0.593790 1.419261 0.233489 0.387239 0.828399 0.006239 0.578200 1.421791 0.227227 0.192357 0.881724 0.077339 0.766356 0.899666 0.614317 0.631819 0.861272 0.452134 
0.591776 1.418624 0.233601 0.387132 0.827784 0.006301 0.576140 1.420941 0.227372 0.191232 0.881826 0.073979 0.759366 0.905369 0.619960 0.627228 0.865017 0.456287 
0.590812 1.417666 0.233959 0.387048 0.827615 0.006338 0.575107 1.419779 0.227831 0.190398 0.882225 0.071332 0.755692 0.911027 0.625237 0.624981 0.868574 0.460951 
0.590830 1.415142 0.234907 0.387271 0.827520 0.006354 0.575033 1.417063 0.228953 0.190162 0.882384 0.069723 0.753994 0.914635 0.628591 0.624049 0.870767 0.464068 
0.591958 1.411852 0.236166 0.387791 0.827290 0.006360 0.576051 1.413588 0.230454 0.190529 0.882089 0.069309 0.753798 0.915482 0.629403 0.624101 0.871217 0.464791 
0.594155 1.408125 0.237600 0.387833 0.827183 0.006363 0.578122 1.409686 0.232199 0.190757 0.881900 0.069963 0.755786 0.914539 0.628425 0.625631 0.870484 0.464119 
0.597493 1.403994 0.239143 0.387896 0.827157 0.006346 0.581321 1.405385 0.234124 0.191299 0.881629 0.071614 0.760458 0.912202 0.625973 0.629084 0.868757 0.462476 
0.601718 1.399164 0.241469 0.387995 0.827101 0.006313 0.585403 1.400393 0.236889 0.192202 0.881162 0.074285 0.768039 0.908385 0.621895 0.434710 0.834236 0.135969 0.634701 0.865927 0.459734 
0.612484 1.390683 0.247546 0.388122 0.827023 0.006263 0.595917 1.391756 0.243933 0.193480 0.880496 0.077907 0.778289 0.903190 0.616148 0.436971 0.833073 0.135186 0.642295 0.862078 0.455858 
0.620980 1.383572 0.251315 0.388610 0.826967 0.006188 0.604289 1.384550 0.248295 0.195341 0.879952 0.081803 0.789250 0.896815 0.610327 0.439740 0.831650 0.134282 0.650675 0.857325 0.451849 
0.626134 1.379168 0.252475 0.390976 0.826166 0.006109 0.609407 1.380165 0.249669 0.198241 0.878634 0.083429 0.795692 0.891094 0.608042 0.442961 0.829816 0.133891 0.655893 0.852938 0.450315 
0.628548 1.376844 0.252705 0.394329 0.823995 0.006076 0.611816 1.377874 0.249943 0.201548 0.875828 0.083707 0.798714 0.887929 0.608076 0.446413 0.827385 0.133825 0.658763 0.850042 0.450418 
0.629628 1.375359 0.252851 0.397845 0.820581 0.006089 0.612894 1.376423 0.250108 0.204602 0.871841 0.082948 0.798962 0.886784 0.609674 0.449464 0.824385 0.134015 0.659524 0.848274 0.451713 
0.629811 1.374820 0.252921 0.400944 0.815621 0.006161 0.613079 1.375926 0.250185 0.206921 0.866692 0.081156 0.796715 0.887590 0.612449 0.451560 0.820548 0.134449 0.658557 0.847473 0.453765 
0.629680 1.375034 0.252836 0.403276 0.809941 0.006329 0.612951 1.376166 0.250096 0.208469 0.861078 0.079216 0.792645 0.889654 0.615758 0.452917 0.816793 0.134909 0.656339 0.847397 0.456031 
0.629377 1.374696 0.252735 0.403319 0.809036 0.006294 0.612649 1.375805 0.249980 0.208328 0.860217 0.078659 0.790459 0.888050 0.615452 0.452633 0.815957 0.134996 0.654723 0.846127 0.455152 
0.629773 1.374406 0.252956 0.403327 0.809029 0.006288 0.613039 1.375513 0.250230 0.208419 0.860179 0.078900 0.790720 0.887095 0.614670 0.452776 0.815835 0.134945 0.654857 0.845534 0.454383 
0.629853 1.374320 0.252971 0.403343 0.809014 0.006284 0.613120 1.375432 0.250247 0.208460 0.860155 0.078967 0.791364 0.887298 0.614731 0.452823 0.815750 0.134933 0.655412 0.845606 0.454554 
0.629855 1.374298 0.252975 0.403343 0.809018 0.006286 0.613121 1.375410 0.250252 0.208456 0.860163 0.078958 0.791519 0.887460 0.614834 0.452816 0.815754 0.134937 0.655549 0.845699 0.454691 
0.629856 1.374281 0.252980 0.403342 0.809021 0.006288 0.613123 1.375394 0.250256 0.208454 0.860169 0.078952 0.791527 0.887470 0.614845 0.452811 0.815757 0.134940 0.655555 0.845706 0.454704 
0.629858 1.374270 0.252984 0.403342 0.809027 0.006289 0.613124 1.375383 0.250260 0.208450 0.860179 0.078941 0.791537 0.887488 0.614863 0.452803 0.815763 0.134945 0.655562 0.845719 0.454726 
0.629859 1.374261 0.252987 0.403341 0.809032 0.006291 0.613126 1.375373 0.250264 0.208446 0.860187 0.078932 0.791546 0.887503 0.614879 0.452796 0.815768 0.134949 0.655569 0.845729 0.454745 
0.629860 1.374248 0.252990 0.403341 0.809034 0.006292 0.613127 1.375361 0.250267 0.208445 0.860191 0.078929 0.791551 0.887509 0.614886 0.452793 0.815770 0.134951 0.655573 0.845734 0.454753 
0.629861 1.374236 0.252993 0.403341 0.809035 0.006293 0.613128 1.375349 0.250270 0.208443 0.860194 0.078926 0.791556 0.887515 0.614893 0.452790 0.815771 0.134953 0.655577 0.845738 0.454762 
0.629862 1.374225 0.252996 0.403341 0.809037 0.006294 0.613128 1.375338 0.250273 0.208442 0.860197 0.078923 0.791561 0.887521 0.614899 0.452787 0.815773 0.134955 0.655580 0.845742 0.454770 
0.629862 1.374213 0.252998 0.403340 0.809038 0.006295 0.613129 1.375326 0.250275 0.208441 0.860199 0.078921 0.791566 0.887526 0.614905 0.452785 0.815773 0.134957 0.655584 0.845746 0.454777 
0.629863 1.374201 0.253000 0.403340 0.809038 0.006296 0.613129 1.375314 0.250277 0.208440 0.860200 0.078919 0.791583 0.887543 0.614917 0.452784 0.815774 0.134958 0.655599 0.845755 0.454792 
0.629863 1.374189 0.253002 0.403340 0.809038 0.006297 0.613130 1.375302 0.250279 0.208440 0.860201 0.078918 0.791619 0.887579 0.614939 0.452782 0.815774 0.134959 0.655631 0.845775 0.454823 
0.629863 1.374177 0.253004 0.403340 0.809038 0.006297 0.613130 1.375291 0.250281 0.208439 0.860202 0.078917 0.791662 0.887622 0.614967 0.452781 0.815774 0.134961 0.655669 0.845799 0.454859 
0.629864 1.374166 0.253005 0.403340 0.809038 0.006298 0.613130 1.375279 0.250283 0.208439 0.860203 0.078915 0.791701 0.887661 0.614991 0.452780 0.815774 0.134962 0.655703 0.845821 0.454892 
0.629864 1.374154 0.253007 0.403340 0.809038 0.006298 0.613130 1.375268 0.250284 0.208438 0.860204 0.078914 0.791732 0.887691 0.615011 0.452778 0.815774 0.134963 0.655730 0.845838 0.454918 
0.629864 1.374143 0.253008 0.403340 0.809039 0.006299 0.613130 1.375256 0.250285 0.208437 0.860205 0.078912 0.791759 0.887719 0.615028 0.452777 0.815774 0.134964 0.655754 0.845853 0.454941 
0.629864 1.374132 0.253009 0.403340 0.809039 0.006299 0.613130 1.375245 0.250287 0.208437 0.860206 0.078911 0.791787 0.887747 0.615046 0.452776 0.815775 0.134965 0.655779 0.845869 0.454966 
0.629864 1.374121 0.253010 0.403340 0.809039 0.006300 0.613130 1.375235 0.250288 0.208436 0.860207 0.078910 0.791819 0.887779 0.615066 0.452775 0.815775 0.134966 0.655807 0.845887 0.454993 
0.629864 1.374110 0.253011 0.403340 0.809039 0.006300 0.613130 1.375224 0.250289 0.208436 0.860208 0.078908 0.791852 0.887812 0.615087 0.452773 0.815775 0.134966 0.655836 0.845905 0.455021 
0.629864 1.374102 0.253012 0.403340 0.809046 0.006296 0.613130 1.375215 0.250290 0.208435 0.860215 0.078900 0.791881 0.887846 0.615111 0.452769 0.815773 0.134964 0.655862 0.845925 0.455052 
0.629863 1.374091 0.253013 0.403340 0.809046 0.006297 0.613130 1.375205 0.250291 0.208434 0.860216 0.078899 0.791918 0.887883 0.615134 0.452768 0.815773 0.134966 0.655894 0.845946 0.455083 
0.629863 1.374082 0.253014 0.403340 0.809049 0.006296 0.613130 1.375196 0.250291 0.208433 0.860220 0.078895 0.791947 0.887915 0.615156 0.452765 0.815773 0.134966 0.655920 0.845965 0.455111 
0.629857 1.373996 0.253017 0.403339 0.809061 0.006295 0.613124 1.375111 0.250295 0.208429 0.860231 0.078887 0.792017 0.887992 0.615205 0.452756 0.815771 0.134969 0.655982 0.846012 0.455174 
0.629853 1.373876 0.253022 0.403339 0.809062 0.006296 0.613119 1.374993 0.250301 0.208428 0.860233 0.078883 0.792063 0.888046 0.615242 0.452753 0.815769 0.134971 0.656022 0.846043 0.455223 
0.629847 1.373763 0.253026 0.403339 0.809062 0.006296 0.613114 1.374881 0.250305 0.208428 0.860234 0.078882 0.792070 0.888053 0.615248 0.452752 0.815769 0.134972 0.656028 0.846047 0.455230 
0.629844 1.373699 0.253029 0.403339 0.809062 0.006297 0.613111 1.374817 0.250308 0.208427 0.860235 0.078880 0.792073 0.888056 0.615252 0.452751 0.815769 0.134973 0.656031 0.846049 0.455235 
0.629843 1.373660 0.253031 0.403339 0.809062 0.006297 0.613109 1.374779 0.250310 0.208426 0.860236 0.078879 0.792088 0.888071 0.615262 0.452749 0.815769 0.134974 0.656043 0.846057 0.455248 
0.629842 1.373636 0.253033 0.403339 0.809063 0.006297 0.613109 1.374754 0.250312 0.208426 0.860237 0.078877 0.792120 0.888104 0.615283 0.452748 0.815770 0.134974 0.656072 0.846076 0.455276 
0.629842 1.373618 0.253034 0.403339 0.809063 0.006298 0.613108 1.374737 0.250314 0.208425 0.860238 0.078876 0.792161 0.888145 0.615308 0.452747 0.815770 0.134975 0.656108 0.846099 0.455310 
0.629841 1.373605 0.253036 0.403338 0.809063 0.006298 0.613108 1.374724 0.250315 0.208425 0.860239 0.078874 0.792197 0.888182 0.615332 0.452745 0.815770 0.134976 0.656140 0.846119 0.455341 
0.629841 1.373596 0.253037 0.403339 0.809069 0.006295 0.613108 1.374715 0.250316 0.208423 0.860246 0.078867 0.792229 0.888219 0.615357 0.452741 0.815769 0.134975 0.656168 0.846141 0.455374 
0.629841 1.373586 0.253038 0.403338 0.809069 0.006296 0.613108 1.374706 0.250317 0.208423 0.860246 0.078866 0.792258 0.888248 0.615375 0.452740 0.815769 0.134976 0.656193 0.846157 0.455399 
0.629841 1.373577 0.253039 0.403338 0.809069 0.006296 0.613108 1.374697 0.250318 0.208422 0.860247 0.078865 0.792281 0.888272 0.615391 0.452739 0.815769 0.134977 0.656214 0.846170 0.455419 
0.629839 1.373576 0.253039 0.403338 0.809079 0.006295 0.613106 1.374695 0.250318 0.208420 0.860256 0.078860 0.792355 0.888341 0.615430 0.452734 0.815766 0.134978 0.656282 0.846213 0.455470 
0.629839 1.373568 0.253040 0.403338 0.809079 0.006296 0.613106 1.374687 0.250319 0.208420 0.860257 0.078859 0.792385 0.888373 0.615449 0.452733 0.815767 0.134979 0.656309 0.846230 0.455496 
0.629839 1.373560 0.253040 0.403338 0.809079 0.006296 0.613105 1.374679 0.250320 0.208419 0.860258 0.078858 0.792389 0.888377 0.615453 0.452732 0.815767 0.134980 0.656312 0.846232 0.455501 
0.629839 1.373552 0.253041 0.403338 0.809079 0.006296 0.613105 1.374671 0.250320 0.208419 0.860258 0.078857 0.792397 0.888385 0.615459 0.452731 0.815767 0.134981 0.656319 0.846237 0.455509 
0.629838 1.373544 0.253041 0.403338 0.809079 0.006297 0.613105 1.374663 0.250321 0.208418 0.860259 0.078856 0.792423 0.888412 0.615476 0.452730 0.815767 0.134981 0.656342 0.846252 0.455531 
0.629838 1.373536 0.253042 0.403338 0.809079 0.006297 0.613105 1.374656 0.250321 0.208418 0.860259 0.078855 0.792461 0.888450 0.615499 0.452729 0.815766 0.134982 0.656376 0.846273 0.455563 
0.629838 1.373533 0.253042 0.403337 0.809090 0.006295 0.613105 1.374653 0.250321 0.208416 0.860272 0.078850 0.792511 0.888511 0.615544 0.452722 0.815757 0.134984 0.656420 0.846309 0.455619 
0.629838 1.373526 0.253042 0.403337 0.809090 0.006295 0.613104 1.374645 0.250322 0.208416 0.860272 0.078849 0.792568 0.888569 0.615578 0.452721 0.815757 0.134984 0.656470 0.846341 0.455666 
0.629837 1.373518 0.253043 0.403337 0.809090 0.006296 0.613104 1.374638 0.250322 0.208416 0.860273 0.078849 0.792577 0.888578 0.615584 0.452721 0.815757 0.134984 0.656478 0.846346 0.455674 
0.629837 1.373512 0.253043 0.403337 0.809092 0.006295 0.613104 1.374631 0.250323 0.208415 0.860275 0.078847 0.792586 0.888588 0.615592 0.452719 0.815756 0.134984 0.656486 0.846352 0.455684 
0.629837 1.373504 0.253043 0.403337 0.809092 0.006295 0.613103 1.374624 0.250323 0.208415 0.860275 0.078846 0.792604 0.888607 0.615604 0.452719 0.815755 0.134985 0.656503 0.846363 0.455699 
0.629836 1.373497 0.253044 0.403337 0.809092 0.006295 0.613103 1.374617 0.250323 0.208415 0.860275 0.078846 0.792628 0.888632 0.615620 0.452718 0.815754 0.134985 0.656526 0.846376 0.455718 
0.629836 1.373489 0.253044 0.403337 0.809092 0.006295 0.613103 1.374609 0.250323 0.208415 0.860276 0.078846 0.792658 0.888663 0.615639 0.452718 0.815753 0.134985 0.656556 0.846393 0.455742 
0.629836 1.373482 0.253044 0.403337 0.809092 0.006295 0.613102 1.374602 0.250323 0.208415 0.860276 0.078846 0.792689 0.888696 0.615660 0.452717 0.815753 0.134986 0.656586 0.846410 0.455767 
0.629835 1.373475 0.253044 0.403336 0.809092 0.006295 0.613102 1.374595 0.250324 0.208415 0.860276 0.078845 0.792718 0.888727 0.615679 0.452717 0.815752 0.134986 0.656615 0.846426 0.455791 
0.629835 1.373468 0.253044 0.403336 0.809092 0.006296 0.613101 1.374588 0.250324 0.208415 0.860276 0.078845 0.792745 0.888755 0.615697 0.452717 0.815751 0.134986 0.656642 0.846441 0.455812 
0.629834 1.373461 0.253044 0.403336 0.809092 0.006296 0.613101 1.374582 0.250324 0.208415 0.860276 0.078845 0.792770 0.888781 0.615714 0.452716 0.815750 0.134986 0.656667 0.846455 0.455832 
0.629834 1.373455 0.253044 0.403336 0.809092 0.006296 0.613101 1.374575 0.250324 0.208415 0.860277 0.078845 0.792796 0.888809 0.615731 0.452716 0.815749 0.134987 0.656694 0.846469 0.455853 
0.629834 1.373451 0.253044 0.403337 0.809100 0.006291 0.613100 1.374571 0.250324 0.208414 0.860284 0.078838 0.792829 0.888848 0.615759 0.452712 0.815746 0.134984 0.656726 0.846492 0.455885 
0.629831 1.373444 0.253045 0.403337 0.809100 0.006291 0.613097 1.374564 0.250324 0.208414 0.860284 0.078838 0.792861 0.888882 0.615779 0.452712 0.815745 0.134985 0.656757 0.846509 0.455911 
0.629813 1.373438 0.253044 0.403337 0.809100 0.006292 0.613080 1.374559 0.250322 0.208414 0.860284 0.078839 0.792884 0.888906 0.615794 0.452712 0.815744 0.134985 0.656780 0.846522 0.455929 
0.629787 1.373435 0.253044 0.403337 0.809107 0.006287 0.613054 1.374556 0.250319 0.208414 0.860292 0.078832 0.792904 0.888932 0.615814 0.452708 0.815740 0.134982 0.656801 0.846537 0.455951 
0.629758 1.373431 0.253043 0.403337 0.809108 0.006288 0.613026 1.374552 0.250317 0.208413 0.860292 0.078832 0.792942 0.888972 0.615839 0.452708 0.815740 0.134983 0.656837 0.846558 0.455982 
0.629728 1.373426 0.253043 0.403337 0.809108 0.006288 0.612996 1.374548 0.250314 0.208413 0.860293 0.078832 0.792969 0.889000 0.615857 0.452707 0.815739 0.134984 0.656864 0.846573 0.456003 
0.629698 1.373422 0.253042 0.403337 0.809108 0.006289 0.612967 1.374544 0.250311 0.208413 0.860293 0.078833 0.792989 0.889022 0.615870 0.452707 0.815738 0.134985 0.656884 0.846584 0.456019 
0.629668 1.373417 0.253042 0.403337 0.809108 0.006289 0.612937 1.374539 0.250308 0.208413 0.860293 0.078834 0.793010 0.889044 0.615885 0.452707 0.815737 0.134985 0.656906 0.846596 0.456036 
0.629639 1.373412 0.253041 0.403337 0.809108 0.006290 0.612908 1.374535 0.250305 0.208413 0.860293 0.078834 0.793036 0.889072 0.615902 0.452707 0.815736 0.134986 0.656931 0.846611 0.456057 
0.629610 1.373415 0.253040 0.403336 0.809122 0.006288 0.612880 1.374539 0.250302 0.208410 0.860310 0.078825 0.793096 0.889152 0.615962 0.452697 0.815728 0.134989 0.656990 0.846658 0.456128 
0.629581 1.373411 0.253040 0.403336 0.809122 0.006288 0.612851 1.374535 0.250299 0.208410 0.860310 0.078825 0.793142 0.889199 0.615991 0.452696 0.815727 0.134989 0.657033 0.846684 0.456165 
