0.265730 0.964048 0.000000 -0.965195 0.261533 0.000000 0.963577 -0.267431 0.000000 -0.244166 -0.969734 -0.000000 
0.265955 0.963985 0.000000 -0.965135 0.261753 0.000000 0.963516 -0.267652 0.000000 -0.244392 -0.969676 -0.000000 
0.265933 0.963992 0.000000 -0.965141 0.261732 0.000000 0.963522 -0.267630 0.000000 -0.244370 -0.969682 -0.000000 
0.266518 0.963830 0.000000 -0.964981 0.262319 0.000000 0.963359 -0.268216 0.000000 -0.244959 -0.969533 -0.000000 
0.266564 0.963817 0.000000 -0.964969 0.262363 0.000000 0.963347 -0.268260 0.000000 -0.245005 -0.969522 -0.000000 
0.266564 0.963817 0.000000 -0.964969 0.262363 0.000000 0.963346 -0.268260 0.000000 -0.245005 -0.969522 -0.000000 
0.266586 0.963811 0.000000 -0.964963 0.262386 0.000000 0.963340 -0.268283 0.000000 -0.245028 -0.969516 -0.000000 
0.266454 0.963848 0.000000 -0.964997 0.262260 0.000000 0.963375 -0.268158 0.000000 -0.244894 -0.969550 -0.000000 
0.266968 0.963705 0.000000 -0.964858 0.262772 0.000000 0.963233 -0.268668 0.000000 -0.245412 -0.969419 -0.000000 
0.267146 0.963656 0.000000 -0.964812 0.262941 0.000000 0.963186 -0.268837 0.000000 -0.245590 -0.969374 -0.000000 
0.267131 0.963660 0.000000 -0.964816 0.262927 0.000000 0.963190 -0.268822 0.000000 -0.245576 -0.969377 -0.000000 
0.267131 0.963660 0.000000 -0.964816 0.262927 0.000000 0.963190 -0.268823 0.000000 -0.245575 -0.969378 -0.000000 
0.267130 0.963660 0.000000 -0.964816 0.262926 0.000000 0.963190 -0.268822 0.000000 -0.245574 -0.969378 -0.000000 
0.258681 0.965963 0.000000 -0.967084 0.254456 0.000000 0.965510 -0.260366 0.000000 -0.237076 -0.971491 -0.000000 
0.253432 0.967353 0.000000 -0.968465 0.249149 0.000000 0.966923 -0.255068 0.000000 -0.231797 -0.972764 -0.000000 
0.252792 0.967521 0.000000 -0.968634 0.248490 0.000000 0.967097 -0.254409 0.000000 -0.231152 -0.972918 -0.000000 
0.252466 0.967606 0.000000 -0.968703 0.248224 0.000000 0.967167 -0.254143 0.000000 -0.230822 -0.972996 -0.000000 
0.252466 0.967606 0.000000 -0.968702 0.248228 0.000000 0.967166 -0.254147 0.000000 -0.230822 -0.972996 -0.000000 
0.252464 0.967606 0.000000 -0.968701 0.248229 0.000000 0.967165 -0.254148 0.000000 -0.230820 -0.972996 -0.000000 
0.252462 0.967607 0.000000 -0.968701 0.248230 0.000000 0.967165 -0.254149 0.000000 -0.230818 -0.972997 -0.000000 
0.252461 0.967607 0.000000 -0.968701 0.248229 0.000000 0.967165 -0.254148 0.000000 -0.230817 -0.972997 -0.000000 
0.252461 0.967607 0.000000 -0.968701 0.248230 0.000000 0.967165 -0.254149 0.000000 -0.230816 -0.972997 -0.000000 
0.252462 0.967607 0.000000 -0.968700 0.248233 0.000000 0.967165 -0.254151 0.000000 -0.230817 -0.972997 -0.000000 
0.252465 0.967606 0.000000 -0.968699 0.248237 0.000000 0.967163 -0.254155 0.000000 -0.230819 -0.972997 -0.000000 
0.252470 0.967605 0.000000 -0.968698 0.248241 0.000000 0.967163 -0.254159 0.000000 -0.230821 -0.972996 -0.000000 
0.252640 0.967560 0.000000 -0.968654 0.248413 0.000000 0.967118 -0.254329 0.000000 -0.230989 -0.972956 -0.000000 
0.252643 0.967560 0.000000 -0.968654 0.248415 0.000000 0.967117 -0.254330 0.000000 -0.230987 -0.972957 -0.000000 
0.252643 0.967559 0.000000 -0.968653 0.248416 0.000000 0.967117 -0.254330 0.000000 -0.230982 -0.972958 -0.000000 
0.252643 0.967560 0.000000 -0.968653 0.248417 0.000000 0.967118 -0.254329 0.000000 -0.230976 -0.972959 -0.000000 
0.252416 0.967619 0.000000 -0.968712 0.248188 0.000000 0.967178 -0.254098 0.000000 -0.230739 -0.973016 -0.000000 
0.252068 0.967710 0.000000 -0.968802 0.247837 0.000000 0.967272 -0.253743 0.000000 -0.230371 -0.973103 -0.000000 
0.247240 0.968954 0.000000 -0.970025 0.243005 0.000000 0.968525 -0.248915 0.000000 -0.225505 -0.974242 -0.000000 
0.246118 0.969240 0.000000 -0.970306 0.241881 0.000000 0.968813 -0.247791 0.000000 -0.224368 -0.974504 -0.000000 
0.246114 0.969241 0.000000 -0.970306 0.241882 0.000000 0.968813 -0.247792 0.000000 -0.224369 -0.974504 -0.000000 
0.246115 0.969241 0.000000 -0.970305 0.241884 0.000000 0.968812 -0.247795 0.000000 -0.224371 -0.974504 -0.000000 
0.259103 0.965850 0.000000 -0.966810 0.255495 0.000000 0.965234 -0.261386 0.000000 -0.237437 -0.971403 -0.000000 
0.282650 0.959223 0.000000 -0.959926 0.280254 0.000000 0.958203 -0.286090 0.000000 -0.261082 -0.965317 -0.000000 
0.955070 -0.296381 0.000000 -0.984389 0.176005 0.000000 0.151783 0.988414 0.000000 0.641727 0.766934 0.000000 -0.272550 -0.962142 -0.000000 -0.676976 -0.736005 -0.000000 
0.956182 -0.292774 0.000000 -0.984535 0.175190 0.000000 0.150966 0.988539 0.000000 0.631941 0.775017 0.000000 -0.270099 -0.962833 -0.000000 -0.668568 -0.743651 -0.000000 
0.955197 -0.295972 0.000000 -0.982926 0.184000 0.000000 0.160104 0.987100 0.000000 0.637193 0.770705 0.000000 -0.273921 -0.961752 -0.000000 -0.673547 -0.739144 -0.000000 
0.953971 -0.299900 0.000000 -0.981310 0.192435 0.000000 0.168746 0.985660 0.000000 0.641068 0.767484 0.000000 -0.277008 -0.960868 -0.000000 -0.677926 -0.735130 -0.000000 
0.954152 -0.299324 0.000000 -0.981414 0.191903 0.000000 0.168235 0.985747 0.000000 0.643978 0.765044 0.000000 -0.276247 -0.961087 -0.000000 -0.680507 -0.732742 -0.000000 
0.954151 -0.299327 0.000000 -0.981361 0.192175 0.000000 0.168507 0.985700 0.000000 0.652236 0.758016 0.000000 -0.276262 -0.961082 -0.000000 -0.687576 -0.726113 -0.000000 
0.954149 -0.299331 0.000000 -0.980967 0.194172 0.000000 0.170514 0.985355 0.000000 0.661457 0.749983 0.000000 -0.276273 -0.961079 -0.000000 -0.695704 -0.718328 -0.000000 
0.954148 -0.299335 0.000000 -0.980527 0.196386 0.000000 0.172737 0.984968 0.000000 0.670477 0.741931 0.000000 -0.276284 -0.961076 -0.000000 -0.703654 -0.710543 -0.000000 
0.954009 -0.299779 0.000000 -0.980142 0.198299 0.000000 0.174659 0.984629 0.000000 0.678064 0.735003 0.000000 -0.276790 -0.960930 -0.000000 -0.710283 -0.703916 -0.000000 
0.954004 -0.299793 0.000000 -0.980395 0.197045 0.000000 0.173387 0.984854 0.000000 0.683645 0.729815 0.000000 -0.276777 -0.960934 -0.000000 -0.714799 -0.699330 -0.000000 
0.954001 -0.299804 0.000000 -0.980905 0.194488 0.000000 0.170788 0.985308 0.000000 0.686804 0.726843 0.000000 -0.276765 -0.960938 -0.000000 -0.717130 -0.696940 -0.000000 
0.954001 -0.299804 0.000000 -0.981321 0.192378 0.000000 0.168630 0.985679 0.000000 0.685889 0.727706 0.000000 -0.276764 -0.960938 -0.000000 -0.716156 -0.697941 -0.000000 
0.953949 -0.299969 0.000000 -0.981751 0.190173 0.000000 0.166395 0.986059 0.000000 0.681264 0.732037 0.000000 -0.276929 -0.960890 -0.000000 -0.712054 -0.702124 -0.000000 
0.954051 -0.299644 0.000000 -0.982116 0.188279 0.000000 0.164527 0.986373 0.000000 0.675630 0.737241 0.000000 -0.276604 -0.960984 -0.000000 -0.707128 -0.707085 -0.000000 
0.954002 -0.299799 0.000000 -0.982369 0.186955 0.000000 0.163298 0.986577 0.000000 0.669595 0.742726 0.000000 -0.276759 -0.960939 -0.000000 -0.701958 -0.712219 -0.000000 
0.954115 -0.299441 0.000000 -0.982577 0.185856 0.000000 0.162353 0.986733 0.000000 0.664756 0.747061 0.000000 -0.276403 -0.961042 -0.000000 -0.697871 -0.716224 -0.000000 
0.954225 -0.299088 0.000000 -0.982675 0.185339 0.000000 0.161967 0.986796 0.000000 0.662040 0.749469 0.000000 -0.276044 -0.961145 -0.000000 -0.695647 -0.718384 -0.000000 
0.954288 -0.298890 0.000000 -0.982619 0.185632 0.000000 0.162469 0.986714 0.000000 0.660236 0.751058 0.000000 -0.275839 -0.961204 -0.000000 -0.694377 -0.719611 -0.000000 
0.954287 -0.298892 0.000000 -0.982676 0.185332 0.000000 0.162430 0.986720 0.000000 0.658867 0.752259 0.000000 -0.275839 -0.961204 -0.000000 -0.693436 -0.720518 -0.000000 
0.954286 -0.298895 0.000000 -0.982779 0.184783 0.000000 0.162213 0.986756 0.000000 0.657350 0.753586 0.000000 -0.275838 -0.961204 -0.000000 -0.692381 -0.721532 -0.000000 
0.954285 -0.298897 0.000000 -0.982953 0.183857 0.000000 0.161678 0.986844 0.000000 0.655455 0.755234 0.000000 -0.275837 -0.961204 -0.000000 -0.690995 -0.722860 -0.000000 
0.954285 -0.298898 0.000000 -0.983156 0.182768 0.000000 0.161007 0.986953 0.000000 0.653503 0.756924 0.000000 -0.275835 -0.961205 -0.000000 -0.689545 -0.724243 -0.000000 
0.954285 -0.298898 0.000000 -0.983359 0.181672 0.000000 0.160319 0.987065 0.000000 0.651843 0.758354 0.000000 -0.275832 -0.961206 -0.000000 -0.688320 -0.725407 -0.000000 
0.954285 -0.298898 0.000000 -0.983571 0.180523 0.000000 0.159550 0.987190 0.000000 0.650567 0.759449 0.000000 -0.275827 -0.961207 -0.000000 -0.687382 -0.726296 -0.000000 
0.954285 -0.298898 0.000000 -0.983764 0.179466 0.000000 0.158852 0.987302 0.000000 0.649586 0.760288 0.000000 -0.275821 -0.961209 -0.000000 -0.686683 -0.726957 -0.000000 
0.954285 -0.298897 0.000000 -0.983932 0.178545 0.000000 0.158279 0.987394 0.000000 0.648750 0.761002 0.000000 -0.275815 -0.961211 -0.000000 -0.686115 -0.727493 -0.000000 
0.954286 -0.298897 0.000000 -0.984087 0.177690 0.000000 0.157756 0.987478 0.000000 0.647995 0.761645 0.000000 -0.275809 -0.961213 -0.000000 -0.685618 -0.727962 -0.000000 
0.954461 -0.298335 0.000000 -0.984248 0.176795 0.000000 0.156140 0.987735 0.000000 0.637991 0.770044 0.000000 -0.275520 -0.961295 -0.000000 -0.676159 -0.736756 -0.000000 
0.967994 -0.250972 0.000000 -0.983221 0.182420 0.000000 0.160612 0.987018 0.000000 0.634554 0.772878 0.000000 -0.228171 -0.973621 -0.000000 -0.674260 -0.738494 -0.000000 
0.978015 -0.208533 0.000000 -0.982776 0.184803 0.000000 0.158236 0.987401 0.000000 0.648089 0.761565 0.000000 -0.186310 -0.982491 -0.000000 -0.681925 -0.731423 -0.000000 
0.982753 -0.184924 0.000000 -0.980005 0.198973 0.000000 0.168594 0.985686 0.000000 0.653886 0.756593 0.000000 -0.165786 -0.986162 -0.000000 -0.684170 -0.729323 -0.000000 
0.986151 -0.165850 0.000000 -0.975261 0.221056 0.000000 0.195403 0.980723 0.000000 0.648598 0.761131 0.000000 -0.151541 -0.988451 -0.000000 -0.677594 -0.735437 -0.000000 
0.977710 -0.209960 0.000000 -0.973008 0.230773 0.000000 0.207457 0.978244 0.000000 0.617710 0.786406 0.000000 -0.194521 -0.980898 -0.000000 -0.649915 -0.760007 -0.000000 
0.962325 -0.271901 0.000000 -0.977887 0.209134 0.000000 0.185013 0.982736 0.000000 0.577900 0.816108 0.000000 -0.202177 -0.979349 -0.000000 -0.611901 -0.790934 -0.000000 
0.943893 -0.330253 0.000000 -0.978814 0.204749 0.000000 0.180197 0.983631 0.000000 0.568431 0.822731 0.000000 -0.178595 -0.983923 -0.000000 -0.601680 -0.798737 -0.000000 
0.937162 -0.348895 0.000000 -0.976285 0.216490 0.000000 0.192617 0.981274 0.000000 0.550731 0.834683 0.000000 -0.138656 -0.990341 -0.000000 -0.588679 -0.808367 -0.000000 
0.943894 -0.330249 0.000000 -0.969709 0.244263 0.000000 0.221599 0.975138 0.000000 0.524917 0.851153 0.000000 -0.139221 -0.990261 -0.000000 -0.571576 -0.820549 -0.000000 
0.942195 -0.335065 0.000000 -0.960437 0.278496 0.000000 0.259760 0.965673 0.000000 0.507266 0.861790 0.000000 -0.158404 -0.987374 -0.000000 -0.563515 -0.826106 -0.000000 
0.950188 -0.311676 0.000000 -0.951815 0.306673 0.000000 0.292879 0.956149 0.000000 0.499463 0.866335 0.000000 -0.237510 -0.971385 -0.000000 -0.558963 -0.829193 -0.000000 
0.929198 -0.369582 0.000000 -0.953351 0.301865 0.000000 0.278642 0.960395 0.000000 0.519154 0.854681 0.000000 -0.343062 -0.939313 -0.000000 -0.566585 -0.824003 -0.000000 
0.934305 -0.356474 0.000000 -0.954944 0.296785 0.000000 0.270717 0.962659 0.000000 0.514293 0.857615 0.000000 -0.331477 -0.943463 -0.000000 -0.563021 -0.826443 -0.000000 
0.936667 -0.350221 0.000000 -0.950115 0.311900 0.000000 0.279520 0.960140 0.000000 0.523187 0.852218 0.000000 -0.325763 -0.945451 -0.000000 -0.573567 -0.819159 -0.000000 
0.936602 -0.350396 0.000000 -0.942868 0.333167 0.000000 0.290451 0.956890 0.000000 0.534982 0.844863 0.000000 -0.326558 -0.945177 -0.000000 -0.586646 -0.809844 -0.000000 
0.935159 -0.354228 0.000000 -0.935792 0.352553 0.000000 0.297380 0.954759 0.000000 0.544201 0.838955 0.000000 -0.332543 -0.943088 -0.000000 -0.596781 -0.802404 -0.000000 
0.933130 -0.359540 0.000000 -0.929915 0.367774 0.000000 0.300209 0.953873 0.000000 0.550868 0.834592 0.000000 -0.343705 -0.939078 -0.000000 -0.603861 -0.797090 -0.000000 
0.930496 -0.366302 0.000000 -0.925949 0.377649 0.000000 0.296512 0.955029 0.000000 0.555214 0.831707 0.000000 -0.355928 -0.934513 -0.000000 -0.607922 -0.793997 -0.000000 
0.926895 -0.375321 0.000000 -0.923038 0.384708 0.000000 0.288982 0.957335 0.000000 0.558337 0.829614 0.000000 -0.368573 -0.929599 -0.000000 -0.610409 -0.792086 -0.000000 
0.922125 -0.386892 0.000000 -0.919533 0.393014 0.000000 0.282208 0.959353 0.000000 0.562356 0.826895 0.000000 -0.381558 -0.924345 -0.000000 -0.613998 -0.789308 -0.000000 
0.916149 -0.400837 0.000000 -0.913945 0.405837 0.000000 0.278857 0.960333 0.000000 0.569306 0.822126 0.000000 -0.394916 -0.918717 -0.000000 -0.621068 -0.783757 -0.000000 
0.908772 -0.417293 0.000000 -0.905653 0.424019 0.000000 0.280337 0.959902 0.000000 0.580126 0.814527 0.000000 -0.409044 -0.912515 -0.000000 -0.632815 -0.774303 -0.000000 
0.899286 -0.437361 0.000000 -0.895376 0.445310 0.000000 0.284277 0.958742 0.000000 0.594321 0.804228 0.000000 -0.425179 -0.905109 -0.000000 -0.648421 -0.761282 -0.000000 
0.887897 -0.460043 0.000000 -0.883230 0.468940 0.000000 0.290401 0.956905 0.000000 0.611736 0.791062 0.000000 -0.442792 -0.896624 -0.000000 -0.667834 -0.744310 -0.000000 
0.875522 -0.483178 0.000000 -0.869599 0.493759 0.000000 0.296053 0.955171 0.000000 0.632114 0.774875 0.000000 -0.460438 -0.887692 -0.000000 -0.690798 -0.723048 -0.000000 
0.861512 -0.507737 0.000000 -0.854917 0.518765 0.000000 0.320008 0.947415 0.000000 0.654168 0.756349 0.000000 -0.482743 -0.875762 -0.000000 -0.715773 -0.698333 -0.000000 
0.850249 -0.526381 0.000000 -0.839889 0.542758 0.000000 0.348850 0.937179 0.000000 0.675784 0.737100 0.000000 -0.500453 -0.865764 -0.000000 -0.739188 -0.673499 -0.000000 
0.838206 -0.545355 0.000000 -0.830190 0.557481 0.000000 0.396201 0.918164 0.000000 0.698225 0.715879 0.000000 -0.519075 -0.854729 -0.000000 -0.765064 -0.643954 -0.000000 
0.831264 -0.555878 0.000000 -0.823636 0.567119 0.000000 0.470414 0.882446 0.000000 0.732160 0.681133 0.000000 -0.532498 -0.846431 -0.000000 -0.804037 -0.594579 -0.000000 
0.826026 -0.563632 0.000000 -0.819425 0.573186 0.000000 0.574194 0.818720 0.000000 0.771474 0.636261 0.000000 -0.546842 -0.837236 -0.000000 -0.847797 -0.530322 -0.000000 
0.807509 -0.589855 0.000000 -0.810808 0.585312 0.000000 0.670252 0.742134 0.000000 0.803534 0.595258 0.000000 -0.577441 -0.816433 -0.000000 -0.881272 -0.472609 -0.000000 
0.786951 -0.617016 0.000000 -0.790165 0.612894 0.000000 0.725221 0.688517 0.000000 0.837709 0.546116 0.000000 -0.610342 -0.792138 -0.000000 -0.908356 -0.418197 -0.000000 
0.765203 -0.643789 0.000000 -0.762281 0.647246 0.000000 0.786020 0.618201 0.000000 0.871749 0.489952 0.000000 -0.641035 -0.767511 -0.000000 -0.934866 -0.355000 -0.000000 
0.741079 -0.671418 0.000000 -0.731647 0.681683 0.000000 0.820860 0.571130 0.000000 0.896874 0.442287 0.000000 -0.670501 -0.741909 -0.000000 -0.952582 -0.304282 -0.000000 
0.719845 -0.694134 0.000000 -0.709832 0.704371 0.000000 0.853309 0.521405 0.000000 0.915351 0.402658 0.000000 -0.695563 -0.718465 -0.000000 -0.965937 -0.258777 -0.000000 
-0.691630 0.722252 0.000000 -0.973573 -0.228378 -0.000000 0.798950 0.601397 0.000000 0.694118 -0.719861 0.000000 -0.516964 -0.856007 -0.000000 -0.704840 -0.709366 -0.000000 
-0.693510 0.720447 0.000000 -0.972831 -0.231518 -0.000000 0.799207 0.601056 0.000000 0.711553 -0.702632 0.000000 -0.520638 -0.853778 -0.000000 -0.704079 -0.710122 -0.000000 
-0.702315 0.711867 0.000000 -0.968322 -0.249704 -0.000000 0.797081 0.603873 0.000000 0.711599 -0.702586 0.000000 -0.529380 -0.848385 -0.000000 -0.702091 -0.712087 -0.000000 
-0.707638 0.706576 0.000000 -0.963799 -0.266628 -0.000000 0.793944 0.607991 0.000000 0.711598 -0.702586 0.000000 -0.533630 -0.845718 -0.000000 -0.698759 -0.715357 -0.000000 
-0.711605 0.702580 0.000000 -0.959601 -0.281366 -0.000000 0.789649 0.613559 0.000000 0.716290 -0.697803 0.000000 -0.532929 -0.846160 -0.000000 -0.693156 -0.720788 -0.000000 
-0.717376 0.696686 0.000000 -0.953946 -0.299978 -0.000000 0.783926 0.620854 0.000000 0.722612 -0.691254 0.000000 -0.531311 -0.847177 -0.000000 -0.685978 -0.727622 -0.000000 
-0.724816 0.688942 0.000000 -0.946472 -0.322787 -0.000000 0.776649 0.629934 0.000000 0.730268 -0.683160 0.000000 -0.529222 -0.848484 -0.000000 -0.676800 -0.736167 -0.000000 
-0.733175 0.680040 0.000000 -0.937148 -0.348931 -0.000000 0.739307 -0.673368 0.000000 -0.526653 -0.850080 -0.000000 -0.665735 -0.746188 -0.000000 0.759306 0.650734 0.000000 0.768692 0.639619 0.000000 
-0.742146 0.670238 0.000000 -0.925697 -0.378265 -0.000000 0.748921 -0.662659 0.000000 -0.524383 -0.851483 -0.000000 -0.653450 -0.756970 -0.000000 0.728133 0.685436 0.000000 0.760653 0.649159 0.000000 
-0.751636 0.659578 0.000000 -0.911735 -0.410779 -0.000000 0.758117 -0.652119 0.000000 -0.523263 -0.852171 -0.000000 -0.640047 -0.768336 -0.000000 0.691548 0.722331 0.000000 0.752102 0.659046 0.000000 
-0.761651 0.647988 0.000000 -0.894732 -0.446603 -0.000000 0.766867 -0.641806 0.000000 -0.523524 -0.852011 -0.000000 -0.625492 -0.780230 -0.000000 0.649044 0.760751 0.000000 0.743058 0.669227 0.000000 
-0.772317 0.635237 0.000000 -0.874004 -0.485919 -0.000000 0.775670 -0.631138 0.000000 -0.525024 -0.851087 -0.000000 -0.609728 -0.792611 -0.000000 0.600314 0.799764 0.000000 0.733325 0.679878 0.000000 
-0.784165 0.620552 0.000000 -0.850048 -0.526705 -0.000000 0.782996 -0.622027 0.000000 -0.528334 -0.849037 -0.000000 -0.595665 -0.803233 -0.000000 0.535332 0.844642 0.000000 0.724187 0.689604 0.000000 
-0.792400 0.610002 0.000000 -0.828549 -0.559916 -0.000000 0.789855 -0.613294 0.000000 -0.533264 -0.845949 -0.000000 -0.583464 -0.812139 -0.000000 0.473401 0.880847 0.000000 0.717687 0.696366 0.000000 
-0.795716 0.605670 0.000000 -0.813015 -0.582242 -0.000000 0.793752 -0.608242 0.000000 -0.540060 -0.841627 -0.000000 -0.572182 -0.820127 -0.000000 0.433123 0.901335 0.000000 0.714430 0.699707 0.000000 
-0.796405 0.604763 0.000000 -0.800559 -0.599254 -0.000000 0.790161 -0.612899 0.000000 -0.564930 -0.825139 -0.000000 0.402424 0.915454 0.000000 0.714231 0.699910 0.000000 -0.538262 -0.842778 -0.000000 -0.550945 -0.834542 -0.000000 
-0.795643 0.605766 0.000000 -0.789385 -0.613899 -0.000000 0.785024 -0.619465 0.000000 -0.532586 -0.846376 -0.000000 -0.562272 -0.826952 -0.000000 0.374003 0.927427 0.000000 0.714975 0.699150 0.000000 
-0.794081 0.607812 0.000000 -0.778676 -0.627427 -0.000000 0.780353 -0.625340 0.000000 -0.527430 -0.849598 -0.000000 -0.571812 -0.820385 -0.000000 0.346359 0.938102 0.000000 0.716076 0.698022 0.000000 
-0.791138 0.611638 0.000000 -0.768940 -0.639321 -0.000000 0.773372 -0.633953 0.000000 -0.523485 -0.852035 -0.000000 -0.582974 -0.812491 -0.000000 0.320734 0.947169 0.000000 0.721021 0.692913 0.000000 0.715201 0.698919 0.000000 
-0.786935 0.617036 0.000000 -0.759794 -0.650164 -0.000000 -0.520615 -0.853791 -0.000000 -0.595270 -0.803526 -0.000000 0.296111 0.955154 0.000000 0.708091 0.706121 0.000000 0.763697 -0.645574 0.000000 0.731964 0.681344 0.000000 
-0.781909 0.623392 0.000000 -0.750584 -0.660774 -0.000000 -0.517861 -0.855465 -0.000000 -0.607913 -0.794004 -0.000000 0.271618 0.962405 0.000000 0.701111 0.713052 0.000000 0.752163 -0.658977 0.000000 0.743035 0.669253 0.000000 
-0.776808 0.629738 0.000000 -0.739490 -0.673167 -0.000000 -0.513367 -0.858169 -0.000000 -0.622293 -0.782785 -0.000000 0.242384 0.970180 0.000000 0.692078 0.721823 0.000000 0.739766 -0.672864 0.000000 0.756389 0.654123 0.000000 
-0.774746 0.632273 0.000000 -0.722742 -0.691118 -0.000000 -0.509692 -0.860357 -0.000000 -0.634805 -0.772673 -0.000000 0.205326 0.978694 0.000000 0.678308 0.734778 0.000000 0.728053 -0.685521 0.000000 0.767957 0.640502 0.000000 
-0.775002 0.631959 0.000000 0.167392 0.985890 0.000000 0.660448 0.750872 0.000000 0.728076 -0.685497 0.000000 0.773820 0.633405 0.000000 -0.701313 -0.712853 -0.000000 -0.500193 -0.865914 -0.000000 -0.641350 -0.767248 -0.000000 
-0.776328 0.630329 0.000000 0.126236 0.992000 0.000000 0.638911 0.769281 0.000000 0.739028 -0.673675 0.000000 0.774479 0.632600 0.000000 -0.675373 -0.737476 -0.000000 -0.484333 -0.874884 -0.000000 -0.642317 -0.766439 -0.000000 
-0.778304 0.627888 0.000000 0.082100 0.996624 0.000000 0.613295 0.789854 0.000000 0.751122 -0.660163 0.000000 0.774179 0.632966 0.000000 -0.465918 -0.884828 -0.000000 -0.644577 -0.764540 -0.000000 -0.642303 -0.766451 -0.000000 
-0.779298 0.626654 0.000000 0.033922 0.999424 0.000000 0.584235 0.811584 0.000000 0.763973 -0.645248 0.000000 0.772355 0.635192 0.000000 -0.445520 -0.895272 -0.000000 -0.629376 -0.777101 -0.000000 
-0.779837 0.625983 0.000000 -0.016727 0.999860 0.000000 0.549675 0.835379 0.000000 0.779948 -0.625844 0.000000 0.770741 0.637149 0.000000 -0.418742 -0.908105 -0.000000 -0.613986 -0.789317 -0.000000 
-0.782485 0.622670 0.000000 -0.074947 0.997188 0.000000 0.792523 -0.609842 0.000000 0.771597 0.636112 0.000000 -0.390124 -0.920762 -0.000000 -0.597537 -0.801841 -0.000000 0.508992 0.860771 0.000000 0.506693 0.862126 0.000000 
-0.788859 0.614575 0.000000 -0.132612 0.991168 0.000000 0.787558 -0.616240 0.000000 0.783055 0.621953 0.000000 -0.373961 -0.927445 -0.000000 -0.588294 -0.808647 -0.000000 0.498359 0.866971 0.000000 0.452083 0.891976 0.000000 
-0.793595 0.608446 0.000000 -0.177707 0.984083 0.000000 0.772826 -0.634619 0.000000 0.795818 0.605535 0.000000 -0.372836 -0.927897 -0.000000 -0.582269 -0.812996 -0.000000 0.479690 0.877438 0.000000 0.404883 0.914369 0.000000 
0.798624 0.601830 0.000000 -0.802124 0.597158 0.000000 -0.218808 0.975768 0.000000 -0.567918 -0.823085 -0.000000 0.456719 0.889611 0.000000 0.355990 0.934490 0.000000 0.775926 -0.630824 0.000000 -0.366047 -0.930596 -0.000000 
-0.816627 0.577166 0.000000 -0.259906 0.965634 0.000000 0.806987 -0.590569 0.000000 0.786524 0.617559 0.000000 -0.341542 -0.939867 -0.000000 -0.539781 -0.841805 -0.000000 0.429343 0.903142 0.000000 0.301016 0.953619 0.000000 
-0.836449 0.548045 0.000000 -0.301447 0.953483 0.000000 0.856649 -0.515900 0.000000 0.762538 0.646943 0.000000 -0.299283 -0.954164 -0.000000 -0.499798 -0.866142 -0.000000 0.397436 0.917630 0.000000 0.240266 0.970707 0.000000 
-0.860127 0.510079 0.000000 -0.344102 0.938932 0.000000 0.905750 -0.423813 0.000000 0.732431 0.680841 0.000000 -0.246907 -0.969039 -0.000000 -0.452241 -0.891896 -0.000000 0.361201 0.932488 0.000000 0.174729 0.984616 0.000000 
-0.885665 0.464325 0.000000 -0.387546 0.921850 0.000000 0.943311 -0.331911 0.000000 0.700221 0.713926 0.000000 -0.193526 -0.981095 -0.000000 -0.400682 -0.916217 -0.000000 0.322065 0.946718 0.000000 0.106153 0.994350 0.000000 
-0.344734 -0.938701 -0.000000 -0.138413 -0.990375 -0.000000 0.970462 -0.241253 0.000000 0.665112 0.746744 0.000000 -0.912080 0.410013 0.000000 -0.431325 0.902197 0.000000 0.280983 0.959713 0.000000 0.034773 0.999395 0.000000 
0.447058 -0.894505 0.000000 -0.939510 0.342522 0.000000 -0.475888 0.879506 0.000000 0.988340 -0.152263 0.000000 0.625727 0.780042 0.000000 -0.747960 -0.663744 -0.000000 -0.787524 -0.616284 -0.000000 0.236975 0.971516 0.000000 -0.038974 0.999240 0.000000 
0.488417 -0.872610 0.000000 -0.969738 0.244148 0.000000 -0.523543 0.851999 0.000000 0.998269 -0.058821 0.000000 0.581418 0.813605 0.000000 -0.700188 -0.713959 -0.000000 -0.745899 -0.666059 -0.000000 0.194491 0.980904 0.000000 -0.113154 0.993577 0.000000 
0.521425 -0.853297 0.000000 -0.989624 0.143682 0.000000 -0.564884 0.825171 0.000000 0.999747 0.022505 0.000000 0.542006 0.840375 0.000000 -0.667766 -0.744371 -0.000000 -0.711753 -0.702430 -0.000000 0.156199 0.987726 0.000000 -0.177297 0.984157 0.000000 
0.542118 -0.840303 0.000000 -0.997712 0.067615 0.000000 -0.597840 0.801615 0.000000 0.997505 0.070596 0.000000 0.514678 0.857384 0.000000 -0.642403 -0.766367 -0.000000 -0.678982 -0.734155 -0.000000 0.116327 0.993211 0.000000 -0.230083 0.973171 0.000000 
0.553159 -0.833076 0.000000 -0.999995 0.003155 0.000000 -0.629737 0.776809 0.000000 0.995665 0.093010 0.000000 0.495496 0.868610 0.000000 -0.622757 -0.782415 -0.000000 -0.645000 -0.764183 -0.000000 0.081083 0.996707 0.000000 -0.278174 0.960531 0.000000 
0.560779 -0.827966 0.000000 -0.998062 -0.062222 -0.000000 -0.659565 0.751648 0.000000 0.994412 0.105566 0.000000 0.480666 0.876904 0.000000 -0.607465 -0.794346 -0.000000 -0.610986 -0.791641 -0.000000 0.052073 0.998643 0.000000 -0.321131 0.947035 0.000000 
0.567629 -0.823284 0.000000 -0.990544 -0.137195 -0.000000 -0.579222 -0.815170 -0.000000 -0.682325 0.731049 0.000000 0.993301 0.115554 0.000000 0.468548 0.883438 0.000000 0.028036 0.999607 0.000000 -0.355788 0.934567 0.000000 
0.572816 -0.819684 0.000000 -0.973770 -0.227534 -0.000000 -0.550102 -0.835098 -0.000000 -0.698817 0.715301 0.000000 0.992493 0.122297 0.000000 0.459880 0.887981 0.000000 0.006942 0.999976 0.000000 -0.383968 0.923346 0.000000 
0.575294 -0.817947 0.000000 -0.943727 -0.330725 -0.000000 -0.523058 -0.852297 -0.000000 -0.712890 0.701276 0.000000 0.991783 0.127931 0.000000 0.452434 0.891798 0.000000 -0.012743 0.999919 0.000000 -0.409251 0.912422 0.000000 
0.578241 -0.815866 0.000000 -0.896001 -0.444052 -0.000000 -0.496846 -0.867839 -0.000000 -0.726807 0.686841 0.000000 0.990830 0.135113 0.000000 0.444288 0.895884 0.000000 -0.031819 0.999494 0.000000 -0.434160 0.900836 0.000000 
0.582993 -0.812477 0.000000 -0.831000 -0.556273 -0.000000 -0.470093 -0.882617 -0.000000 -0.742275 0.670095 0.000000 0.989272 0.146084 0.000000 0.432773 0.901503 0.000000 -0.050260 0.998736 0.000000 -0.459642 0.888104 0.000000 
0.589995 -0.807407 0.000000 -0.758787 -0.651338 -0.000000 -0.442380 -0.896828 -0.000000 -0.758612 0.651542 0.000000 0.987628 0.156817 0.000000 0.416000 0.909365 0.000000 -0.067711 0.997705 0.000000 -0.484396 0.874849 0.000000 
0.596971 -0.802263 0.000000 -0.696193 -0.717855 -0.000000 -0.413849 -0.910346 -0.000000 -0.774073 0.633096 0.000000 0.986219 0.165442 0.000000 0.396696 0.917950 0.000000 -0.083847 0.996479 0.000000 -0.507067 0.861907 0.000000 
0.602243 -0.798313 0.000000 -0.639703 -0.768622 -0.000000 -0.385579 -0.922675 -0.000000 -0.788980 0.614419 0.000000 0.984489 0.175446 0.000000 0.381529 0.924357 0.000000 -0.098622 0.995125 0.000000 -0.528295 0.849061 0.000000 
0.607196 -0.794552 0.000000 -0.803013 0.595961 0.000000 0.981813 0.189851 0.000000 0.370294 0.928914 0.000000 -0.579712 -0.814821 -0.000000 -0.360114 -0.932908 -0.000000 -0.111334 0.993783 0.000000 -0.547536 0.836782 0.000000 
0.612444 -0.790514 0.000000 -0.814391 0.580317 0.000000 0.978441 0.206525 0.000000 0.359670 0.933080 0.000000 -0.511220 -0.859450 -0.000000 -0.339241 -0.940700 -0.000000 -0.120908 0.992664 0.000000 -0.563424 0.826168 0.000000 
0.617869 -0.786281 0.000000 -0.823695 0.567033 0.000000 0.974913 0.222585 0.000000 0.349281 0.937018 0.000000 -0.439492 -0.898247 -0.000000 -0.322600 -0.946535 -0.000000 -0.128910 0.991656 0.000000 -0.576483 0.817109 0.000000 
0.623124 -0.782123 0.000000 -0.831919 0.554898 0.000000 0.971568 0.236762 0.000000 0.339873 0.940471 0.000000 -0.370796 -0.928714 -0.000000 -0.308839 -0.951114 -0.000000 -0.136039 0.990703 0.000000 -0.587798 0.809008 0.000000 
0.628247 -0.778014 0.000000 -0.839332 0.543620 0.000000 0.968474 0.249113 0.000000 0.331531 0.943444 0.000000 -0.312204 -0.950015 -0.000000 -0.296837 -0.954928 -0.000000 -0.142679 0.989769 0.000000 -0.597689 0.801728 0.000000 
-0.284374 -0.958713 -0.000000 0.633183 -0.774002 0.000000 -0.846367 0.532601 0.000000 0.965751 0.259470 0.000000 0.324537 0.945873 0.000000 -0.148735 0.988877 0.000000 -0.606678 0.794948 0.000000 
-0.272707 -0.962097 -0.000000 0.637931 -0.770094 0.000000 -0.852932 0.522023 0.000000 0.963456 0.267867 0.000000 0.318974 0.947764 0.000000 -0.154289 0.988026 0.000000 -0.614694 0.788766 0.000000 
-0.262960 -0.964807 -0.000000 0.642546 -0.766247 0.000000 -0.858945 0.512068 0.000000 0.961604 0.274442 0.000000 0.314860 0.949138 0.000000 -0.159469 0.987203 0.000000 -0.621679 0.783272 0.000000 
-0.255083 -0.966919 -0.000000 0.647029 -0.762465 0.000000 -0.864421 0.502769 0.000000 0.960149 0.279489 0.000000 0.312243 0.950002 0.000000 -0.164107 0.986443 0.000000 -0.627688 0.778465 0.000000 
-0.249106 -0.968476 -0.000000 0.651593 -0.758569 0.000000 -0.869220 0.494426 0.000000 0.958880 0.283812 0.000000 -0.167699 0.985838 0.000000 -0.632559 0.774512 0.000000 0.302279 0.953219 0.000000 0.312571 0.949895 0.000000 
-0.246224 -0.969213 -0.000000 0.654409 -0.756141 0.000000 -0.868589 0.495533 0.000000 0.958090 0.286467 0.000000 -0.169798 0.985479 0.000000 -0.631156 0.775656 0.000000 0.290527 0.956867 0.000000 0.319002 0.947754 0.000000 
-0.246901 -0.969041 -0.000000 0.654104 -0.756404 0.000000 -0.867586 0.497287 0.000000 0.959400 0.282050 0.000000 -0.164432 0.986388 0.000000 -0.627665 0.778483 0.000000 0.292217 0.956352 0.000000 0.330101 0.943945 0.000000 
-0.248116 -0.968730 -0.000000 0.652595 -0.757707 0.000000 -0.869185 0.494488 0.000000 0.962007 0.273023 0.000000 -0.154938 0.987924 0.000000 -0.625597 0.780147 0.000000 0.304253 0.952591 0.000000 0.342471 0.939529 0.000000 
-0.249785 -0.968301 -0.000000 0.650764 -0.759280 0.000000 -0.870921 0.491423 0.000000 0.964649 0.263540 0.000000 -0.149365 0.988782 0.000000 -0.623976 0.781443 0.000000 0.317288 0.948329 0.000000 0.351560 0.936165 0.000000 
-0.253389 -0.967364 -0.000000 0.650454 -0.759546 0.000000 -0.870234 0.492639 0.000000 0.966453 0.256843 0.000000 -0.150048 0.988679 0.000000 -0.621739 0.783225 0.000000 0.328734 0.944423 0.000000 0.355184 0.934796 0.000000 
-0.257508 -0.966276 -0.000000 0.652110 -0.758124 0.000000 -0.869221 0.494424 0.000000 0.967375 0.253350 0.000000 -0.155123 0.987895 0.000000 -0.619998 0.784603 0.000000 0.340306 0.940315 0.000000 0.354467 0.935069 0.000000 
-0.261686 -0.965153 -0.000000 0.654722 -0.755870 0.000000 -0.867938 0.496672 0.000000 0.967692 0.252134 0.000000 0.350801 0.936450 0.000000 -0.163530 0.986538 0.000000 -0.618462 0.785814 0.000000 
-0.266230 -0.963909 -0.000000 0.658292 -0.752763 0.000000 -0.866275 0.499568 0.000000 0.967612 0.252444 0.000000 0.348119 0.937450 0.000000 -0.173399 0.984852 0.000000 -0.616863 0.787070 0.000000 
-0.270073 -0.962840 -0.000000 0.662236 -0.749295 0.000000 -0.865649 0.500651 0.000000 0.967377 0.253342 0.000000 0.345961 0.938249 0.000000 -0.182364 0.983231 0.000000 -0.616218 0.787576 0.000000 
0.666453 -0.745547 0.000000 -0.865870 0.500269 0.000000 0.967050 0.254587 0.000000 0.344581 0.938756 0.000000 -0.277797 -0.960640 -0.000000 -0.272977 -0.962021 -0.000000 -0.189165 0.981945 0.000000 -0.616155 0.787625 0.000000 
0.671106 -0.741362 0.000000 -0.865944 0.500141 0.000000 0.966613 0.256239 0.000000 0.343504 0.939151 0.000000 -0.289846 -0.957073 -0.000000 -0.275776 -0.961222 -0.000000 -0.195655 0.980673 0.000000 -0.615835 0.787875 0.000000 
0.676164 -0.736751 0.000000 -0.865481 0.500943 0.000000 0.966108 0.258139 0.000000 0.342749 0.939427 0.000000 -0.304078 -0.952647 -0.000000 -0.279103 -0.960261 -0.000000 -0.202325 0.979318 0.000000 -0.614697 0.788764 0.000000 
0.681507 -0.731811 0.000000 -0.864802 0.502113 0.000000 0.965625 0.259939 0.000000 0.342591 0.939485 0.000000 -0.320675 -0.947189 -0.000000 -0.282548 -0.959253 -0.000000 -0.208808 0.977957 0.000000 -0.613111 0.789997 0.000000 
0.687257 -0.726414 0.000000 -0.864252 0.503060 0.000000 0.965116 0.261822 0.000000 0.342618 0.939475 0.000000 -0.339064 -0.940763 -0.000000 -0.285634 -0.958339 -0.000000 -0.215112 0.976589 0.000000 -0.611558 0.791200 0.000000 
0.693538 -0.720420 0.000000 -0.863614 0.504153 0.000000 0.964490 0.264120 0.000000 0.342386 0.939560 0.000000 -0.357349 -0.933971 -0.000000 -0.288750 -0.957404 -0.000000 -0.222392 0.974957 0.000000 -0.609712 0.792623 0.000000 
0.700291 -0.713857 0.000000 -0.862771 0.505594 0.000000 0.963786 0.266678 0.000000 0.341982 0.939707 0.000000 -0.376704 -0.926334 -0.000000 -0.291792 -0.956482 -0.000000 -0.230492 0.973074 0.000000 -0.607587 0.794253 0.000000 
0.707472 -0.706741 0.000000 -0.861930 0.507027 0.000000 0.963036 0.269372 0.000000 0.341385 0.939924 0.000000 -0.396683 -0.917956 -0.000000 -0.294600 -0.955621 -0.000000 -0.239210 0.970968 0.000000 -0.605436 0.795894 0.000000 
0.714739 -0.699391 0.000000 -0.416244 -0.909253 -0.000000 -0.297506 -0.954720 -0.000000 -0.860996 0.508611 0.000000 0.962342 0.271840 0.000000 0.340721 0.940164 0.000000 -0.247949 0.968773 0.000000 -0.603123 0.797648 0.000000 
0.722024 -0.691868 0.000000 -0.432351 -0.901706 -0.000000 -0.300940 -0.953643 -0.000000 -0.859844 0.510557 0.000000 0.961186 0.275901 0.000000 0.338790 0.940862 0.000000 -0.250991 0.967989 0.000000 -0.600426 0.799681 0.000000 
0.730438 -0.682979 0.000000 -0.435465 -0.900206 -0.000000 -0.309719 -0.950828 -0.000000 -0.856290 0.516495 0.000000 0.958593 0.284778 0.000000 0.340088 0.940393 0.000000 -0.250375 0.968149 0.000000 -0.596365 0.802713 0.000000 
0.737083 -0.675803 0.000000 -0.441203 -0.897407 -0.000000 -0.320362 -0.947295 -0.000000 -0.850443 0.526067 0.000000 0.956208 0.292687 0.000000 0.342636 0.939468 0.000000 -0.244273 0.969707 0.000000 -0.588475 0.808516 0.000000 
0.739814 -0.672812 0.000000 -0.449290 -0.893386 -0.000000 -0.330085 -0.943951 -0.000000 -0.843317 0.537416 0.000000 0.955997 0.293378 0.000000 0.346617 0.938007 0.000000 -0.236715 0.971579 0.000000 -0.579530 0.814951 0.000000 
0.740435 -0.672128 0.000000 -0.457435 -0.889243 -0.000000 -0.337442 -0.941346 -0.000000 -0.838420 0.545025 0.000000 0.957286 0.289144 0.000000 0.353680 0.935367 0.000000 -0.226635 0.973980 0.000000 -0.572167 0.820137 0.000000 
0.738467 -0.674289 0.000000 -0.465302 -0.885152 -0.000000 -0.344323 -0.938851 -0.000000 -0.833568 0.552417 0.000000 0.959225 0.282644 0.000000 0.362147 0.932121 0.000000 -0.216156 0.976359 0.000000 -0.564684 0.825307 0.000000 
0.735642 -0.677371 0.000000 -0.473812 -0.880626 -0.000000 -0.351892 -0.936040 -0.000000 -0.827943 0.560813 0.000000 0.961709 0.274074 0.000000 0.371867 0.928286 0.000000 -0.205187 0.978723 0.000000 -0.556195 0.831052 0.000000 
0.732958 -0.680274 0.000000 -0.483244 -0.875486 -0.000000 -0.359433 -0.933171 -0.000000 -0.822877 0.568219 0.000000 0.964577 0.263800 0.000000 0.382741 0.923856 0.000000 -0.193465 0.981107 0.000000 -0.547693 0.836679 0.000000 
0.729554 -0.683924 0.000000 -0.492677 -0.870212 -0.000000 -0.365489 -0.930815 -0.000000 -0.818047 0.575151 0.000000 0.967469 0.252989 0.000000 0.394034 0.919096 0.000000 -0.181928 0.983312 0.000000 -0.540087 0.841609 0.000000 
0.726320 -0.687357 0.000000 -0.501813 -0.864976 -0.000000 -0.370810 -0.928709 -0.000000 -0.813415 0.581684 0.000000 0.970041 0.242942 0.000000 0.404416 0.914575 0.000000 -0.171526 0.985180 0.000000 -0.532885 0.846188 0.000000 
0.723847 -0.689960 0.000000 -0.509890 -0.860239 -0.000000 -0.375625 -0.926772 -0.000000 -0.809238 0.587481 0.000000 0.972064 0.234717 0.000000 0.413356 0.910570 0.000000 -0.162959 0.986633 0.000000 -0.526543 0.850148 0.000000 
0.722917 -0.690935 0.000000 -0.516258 -0.856433 -0.000000 -0.380612 -0.924735 -0.000000 -0.806005 0.591909 0.000000 0.973543 0.228505 0.000000 0.420476 0.907304 0.000000 -0.156348 0.987702 0.000000 -0.521627 0.853174 0.000000 
0.723691 -0.690124 0.000000 -0.520407 -0.853919 -0.000000 -0.385376 -0.922760 -0.000000 -0.804061 0.594547 0.000000 0.974505 0.224364 0.000000 0.425534 0.904942 0.000000 -0.151973 0.988385 0.000000 -0.518526 0.855062 0.000000 
0.726575 -0.687088 0.000000 -0.522365 -0.852722 -0.000000 -0.390141 -0.920755 -0.000000 -0.803340 0.595520 0.000000 0.974969 0.222343 0.000000 0.427948 0.903803 0.000000 -0.150360 0.988631 0.000000 -0.517322 0.855791 0.000000 
0.732201 -0.681088 0.000000 -0.521995 -0.852948 -0.000000 -0.395251 -0.918573 -0.000000 -0.803231 0.595667 0.000000 0.974947 0.222437 0.000000 0.428451 0.903565 0.000000 -0.150053 0.988678 0.000000 -0.517124 0.855911 0.000000 
0.740113 -0.672482 0.000000 -0.520472 -0.853879 -0.000000 -0.400099 -0.916472 -0.000000 -0.803290 0.595588 0.000000 0.974593 0.223981 0.000000 0.428532 0.903526 0.000000 -0.149888 0.988703 0.000000 -0.517264 0.855826 0.000000 
0.750638 -0.660714 0.000000 -0.517587 -0.855631 -0.000000 -0.404142 -0.914696 -0.000000 -0.803548 0.595241 0.000000 0.973824 0.227305 0.000000 0.428376 0.903600 0.000000 -0.149018 0.988834 0.000000 -0.517724 0.855548 0.000000 
0.760269 -0.649608 0.000000 -0.514160 -0.857695 -0.000000 -0.404926 -0.914350 -0.000000 -0.803672 0.595073 0.000000 0.972456 0.233085 0.000000 0.427798 0.903874 0.000000 -0.148424 0.988924 0.000000 -0.517990 0.855387 0.000000 
0.768704 -0.639605 0.000000 -0.510007 -0.860170 -0.000000 -0.403241 -0.915094 -0.000000 -0.803688 0.595052 0.000000 0.970592 0.240731 0.000000 0.426453 0.904510 0.000000 -0.147463 0.989068 0.000000 -0.518092 0.855325 0.000000 
0.776962 -0.629548 0.000000 -0.505059 -0.863085 -0.000000 -0.401113 -0.916028 -0.000000 -0.803550 0.595237 0.000000 0.968404 0.249388 0.000000 0.424742 0.905315 0.000000 -0.145981 0.989287 0.000000 -0.518151 0.855289 0.000000 
0.785661 -0.618658 0.000000 -0.499418 -0.866361 -0.000000 -0.399350 -0.916798 -0.000000 -0.803260 0.595628 0.000000 0.966065 0.258300 0.000000 0.423349 0.905967 0.000000 -0.143516 0.989648 0.000000 -0.518156 0.855286 0.000000 
