-0.000545 -0.003628 0.999993 0.000254 -0.000039 1.000000 0.000232 -0.000034 1.000000 -0.000625 -0.003609 0.999993 
-0.000433 -0.002887 0.999996 0.001347 -0.000208 0.999999 0.001331 -0.000197 0.999999 -0.000492 -0.002846 0.999996 
-0.000388 -0.002585 0.999997 0.001217 -0.000188 0.999999 0.001203 -0.000178 0.999999 -0.000441 -0.002548 0.999997 
-0.000010 -0.000070 1.000000 0.003634 -0.000562 0.999993 0.003637 -0.000540 0.999993 0.000002 0.000011 1.000000 
0.000527 0.003500 0.999994 0.001903 -0.000295 0.999998 0.001927 -0.000287 0.999998 0.000612 0.003529 0.999994 
0.000432 0.002857 0.999996 -0.001464 0.000228 0.999999 -0.001448 0.000216 0.999999 0.000490 0.002814 0.999996 
0.000620 0.004101 0.999991 0.000290 -0.000045 1.000000 0.000315 -0.000047 1.000000 0.000713 0.004092 0.999991 
0.000610 0.004033 0.999992 0.000589 -0.000092 1.000000 0.000614 -0.000092 1.000000 0.000702 0.004031 0.999992 
0.000792 0.005238 0.999986 0.001053 -0.000164 0.999999 0.001086 -0.000162 0.999999 0.000913 0.005242 0.999986 
0.000721 0.004767 0.999988 0.001387 -0.000216 0.999999 0.001417 -0.000212 0.999999 0.000832 0.004780 0.999988 
0.001273 0.008402 0.999964 -0.001025 0.000160 0.999999 -0.000975 0.000146 1.000000 0.001456 0.008347 0.999964 
0.001397 0.009207 0.999957 0.000866 -0.000135 1.000000 0.000923 -0.000138 1.000000 0.001605 0.009191 0.999956 
0.001494 0.009839 0.999950 0.000707 -0.000111 1.000000 0.000768 -0.000115 1.000000 0.001715 0.009817 0.999950 
0.001689 0.011128 0.999937 -0.000183 0.000029 1.000000 -0.000115 0.000017 1.000000 0.001935 0.011082 0.999937 
0.002163 0.014254 0.999896 -0.000181 0.000028 1.000000 -0.000094 0.000014 1.000000 0.002479 0.014196 0.999896 
0.002735 0.018026 0.999834 -0.000183 0.000029 1.000000 -0.000073 0.000011 1.000000 0.003135 0.017953 0.999834 
0.003359 0.022136 0.999749 -0.000192 0.000030 1.000000 -0.000057 0.000009 1.000000 0.003851 0.022048 0.999749 
0.003990 0.026294 0.999646 -0.000207 0.000032 1.000000 -0.000047 0.000007 1.000000 0.004574 0.026190 0.999647 
0.004612 0.030390 0.999527 -0.000227 0.000035 1.000000 -0.000041 0.000006 1.000000 0.005287 0.030270 0.999528 
0.005229 0.034458 0.999392 -0.000249 0.000039 1.000000 -0.000039 0.000006 1.000000 0.005995 0.034322 0.999393 
0.005831 0.038426 0.999244 -0.000275 0.000043 1.000000 -0.000040 0.000006 1.000000 0.006685 0.038275 0.999245 
0.006416 0.042281 0.999085 -0.000302 0.000047 1.000000 -0.000044 0.000007 1.000000 0.007356 0.042114 0.999086 
0.006987 0.046043 0.998915 -0.000331 0.000052 1.000000 -0.000050 0.000007 1.000000 0.008011 0.045862 0.998916 
0.007547 0.049723 0.998735 -0.000691 0.000108 1.000000 -0.000387 0.000058 1.000000 0.008651 0.049519 0.998736 
0.008103 0.053329 0.998544 -0.001742 0.000272 0.999998 -0.001418 0.000213 0.999999 0.009283 0.053088 0.998547 
0.008663 0.056888 0.998343 -0.003390 0.000531 0.999994 -0.003045 0.000458 0.999995 0.009917 0.056597 0.998348 
0.009235 0.060422 0.998130 -0.005610 0.000881 0.999984 -0.005246 0.000791 0.999986 0.010559 0.060067 0.998138 
0.009815 0.063957 0.997904 -0.007848 0.001235 0.999968 -0.007464 0.001128 0.999972 0.011210 0.063538 0.997916 
0.010407 0.067517 0.997664 -0.009929 0.001568 0.999949 -0.009525 0.001445 0.999954 0.011873 0.067037 0.997680 
0.011014 0.071125 0.997407 -0.011867 0.001880 0.999928 -0.011443 0.001742 0.999933 0.012553 0.070586 0.997427 
0.011639 0.074801 0.997131 -0.013674 0.002174 0.999904 -0.013230 0.002021 0.999910 0.013253 0.074207 0.997155 
0.012286 0.078568 0.996833 -0.015369 0.002453 0.999879 -0.014903 0.002285 0.999886 0.013977 0.077920 0.996862 
0.012959 0.082449 0.996511 -0.016988 0.002721 0.999852 -0.016500 0.002540 0.999861 0.014730 0.081748 0.996544 
0.013661 0.086466 0.996161 -0.018559 0.002984 0.999823 -0.018048 0.002789 0.999833 0.015516 0.085713 0.996199 
0.014397 0.090644 0.995779 -0.020086 0.003242 0.999793 -0.019551 0.003033 0.999804 0.016339 0.089839 0.995822 
0.015170 0.095011 0.995361 -0.021550 0.003491 0.999762 -0.020990 0.003269 0.999774 0.017204 0.094154 0.995409 
0.015987 0.099595 0.994900 -0.022947 0.003731 0.999730 -0.022360 0.003496 0.999744 0.018118 0.098687 0.994954 
0.016849 0.104420 0.994391 -0.024297 0.003965 0.999697 -0.023682 0.003716 0.999713 0.019083 0.103460 0.994451 
0.017762 0.109512 0.993827 -0.025604 0.004192 0.999663 -0.024959 0.003930 0.999681 0.020105 0.108501 0.993893 
0.018729 0.114903 0.993200 -0.026865 0.004412 0.999629 -0.026188 0.004137 0.999648 0.021189 0.113839 0.993273 
0.019753 0.120632 0.992501 -0.028077 0.004623 0.999595 -0.027367 0.004336 0.999616 0.022337 0.119516 0.992581 
0.020838 0.126740 0.991717 -0.029239 0.004824 0.999561 -0.028492 0.004523 0.999584 0.023555 0.125571 0.991805 
0.021989 0.133261 0.990837 -0.030362 0.005016 0.999526 -0.029577 0.004702 0.999551 0.024850 0.132039 0.990933 
0.023215 0.140227 0.989847 -0.031462 0.005203 0.999491 -0.030634 0.004875 0.999519 0.026230 0.138949 0.989952 
0.024522 0.147674 0.988732 -0.032548 0.005385 0.999456 -0.031676 0.005044 0.999485 0.027703 0.146339 0.988847 
0.025915 0.155643 0.987473 -0.033627 0.005563 0.999419 -0.032707 0.005208 0.999451 0.029275 0.154248 0.987598 
0.027402 0.164183 0.986049 -0.034699 0.005737 0.999381 -0.033728 0.005367 0.999417 0.030953 0.162727 0.986186 
0.028988 0.173352 0.984433 -0.035768 0.005906 0.999343 -0.034741 0.005521 0.999381 0.032748 0.171832 0.984582 
0.030686 0.183214 0.982594 -0.036840 0.006071 0.999303 -0.035754 0.005671 0.999345 0.034671 0.181626 0.982756 
0.032492 0.193824 0.980498 -0.037915 0.006229 0.999262 -0.036765 0.005814 0.999307 0.036722 0.192165 0.980675 
0.034405 0.205241 0.978107 -0.039102 0.006395 0.999215 -0.037882 0.005963 0.999264 0.038898 0.203505 0.978301 
0.036431 0.217523 0.975375 -0.040423 0.006571 0.999161 -0.039129 0.006121 0.999215 0.041212 0.215704 0.975589 
0.038580 0.230728 0.972253 -0.041889 0.006758 0.999099 -0.040515 0.006289 0.999159 0.043672 0.228819 0.972489 
0.038902 0.239217 0.970186 -0.037244 0.005868 0.999289 -0.035813 0.005425 0.999344 0.044225 0.237398 0.970405 
0.038994 0.252265 0.966872 -0.027669 0.004195 0.999608 -0.026149 0.003807 0.999651 0.044683 0.250647 0.967047 
0.041230 0.268944 0.962273 -0.013600 0.002094 0.999905 -0.011966 0.001770 0.999927 0.047389 0.267574 0.962371 
0.044026 0.293326 0.954998 -0.005831 0.000892 0.999983 -0.004042 0.000594 0.999992 0.050833 0.292045 0.955053 
0.043696 0.308439 0.950240 -0.000499 0.000073 1.000000 0.001388 -0.000195 0.999999 0.050913 0.307271 0.950259 
0.049037 0.309502 0.949633 0.000196 -0.000032 1.000000 0.002090 -0.000329 0.999998 0.056283 0.308223 0.949648 
0.053771 0.314248 0.947817 0.000141 -0.000025 1.000000 0.002064 -0.000351 0.999998 0.061141 0.312852 0.947832 
0.059220 0.345873 0.936411 0.000081 -0.000014 1.000000 0.002197 -0.000374 0.999998 0.067430 0.344314 0.936430 
0.062473 0.383110 0.921588 0.000032 -0.000005 1.000000 0.002375 -0.000385 0.999997 0.071714 0.381429 0.921612 
0.061865 0.418041 0.906319 -0.000004 0.000001 1.000000 0.002553 -0.000376 0.999997 0.072121 0.416329 0.906349 
-0.003564 0.000537 0.999994 0.033768 0.010459 0.999375 -0.008713 0.081551 0.996631 0.081515 0.451970 0.888301 -0.001312 0.003900 0.999992 0.000541 -0.004901 0.999988 
-0.026703 0.005260 0.999630 0.003669 0.001069 0.999993 -0.011131 0.102590 0.994661 0.111790 0.463503 0.879015 -0.001410 0.004440 0.999989 -0.001630 0.013249 0.999911 
-0.069901 0.016600 0.997416 0.030311 0.007355 0.999513 -0.010842 0.093039 0.995603 0.140077 0.453661 0.880097 -0.001906 0.007099 0.999973 -0.004858 0.032021 0.999475 
-0.110851 0.028202 0.993437 0.057707 0.011717 0.998265 -0.011020 0.087595 0.996095 0.157536 0.447133 0.880486 -0.004149 0.018083 0.999828 -0.009420 0.052843 0.998558 
-0.124951 0.032848 0.991619 0.068448 0.012896 0.997571 -0.012355 0.102113 0.994696 0.169902 0.454992 0.874137 -0.008564 0.039560 0.999181 -0.012979 0.073361 0.997221 
-0.127948 0.034078 0.991195 0.069960 0.012627 0.997470 -0.013625 0.125627 0.991984 0.179437 0.468214 0.865204 -0.013253 0.062999 0.997926 -0.015404 0.094925 0.995365 
-0.126664 0.033728 0.991372 0.059981 0.010655 0.998143 -0.014414 0.155536 0.987725 0.186729 0.483054 0.855448 -0.018081 0.086767 0.996065 -0.016641 0.117643 0.992917 
-0.124283 0.032634 0.991710 0.040169 0.007157 0.999167 -0.014408 0.190310 0.981618 0.192489 0.499474 0.844673 -0.023177 0.111338 0.993512 -0.016741 0.141724 0.989765 
-0.121786 0.031140 0.992068 0.013031 0.002375 0.999912 -0.013307 0.228659 0.973416 0.197123 0.517471 0.832686 -0.028415 0.135690 0.990344 -0.015677 0.167526 0.985743 
-0.121790 0.030918 0.992074 0.001047 0.000193 0.999999 -0.010183 0.261066 0.965267 0.204271 0.532439 0.821451 -0.033366 0.158931 0.986726 -0.013206 0.194236 0.980866 
-0.123212 0.031712 0.991874 0.001138 0.000210 0.999999 -0.005733 0.285991 0.958215 0.213504 0.543442 0.811842 -0.038687 0.184293 0.982110 -0.009457 0.216743 0.976183 
-0.139343 0.034865 0.989630 -0.015561 -0.004236 0.999870 -0.004179 0.268079 0.963388 0.223503 0.553350 0.802403 -0.013592 0.045697 0.998863 -0.004810 0.219050 0.975702 
-0.152219 0.034587 0.987741 -0.026736 -0.002700 0.999639 -0.002846 0.246053 0.969252 0.225250 0.568815 0.791020 -0.002913 0.023355 0.999723 -0.010631 0.213288 0.976932 
-0.171583 0.035225 0.984540 -0.063710 -0.004316 0.997959 -0.000073 0.229614 0.973282 0.229900 0.580740 0.780952 -0.002542 0.028188 0.999599 -0.007913 0.183465 0.982994 
-0.184625 0.035644 0.982162 -0.101757 -0.005552 0.994794 0.002630 0.214181 0.976790 0.237059 0.590717 0.771270 -0.002300 0.030367 0.999536 -0.004496 0.150144 0.988654 
-0.200635 0.040393 0.978833 -0.077085 -0.002407 0.997022 0.001784 0.189879 0.981806 0.255905 0.591253 0.764809 -0.001530 0.028765 0.999585 -0.005378 0.133361 0.991053 
-0.224459 0.047892 0.973306 -0.108834 0.003747 0.994053 0.011053 0.200523 0.979627 -0.005077 0.174392 0.984663 0.274528 0.580238 0.766784 -0.007132 0.101936 0.994765 
-0.012261 0.001396 0.999924 -0.265362 0.060349 0.962258 0.308677 0.566736 0.763890 -0.013044 0.094054 0.995482 0.030452 0.263768 0.964105 -0.011409 0.097346 0.995185 
0.112833 -0.010644 0.993557 -0.332274 0.071640 0.940458 0.371822 0.561575 0.739177 -0.013635 0.082510 0.996497 -0.006183 -0.061997 0.998057 -0.013961 0.095500 0.995331 
0.139240 -0.014765 0.990149 -0.346997 0.084625 0.934041 0.415705 0.548338 0.725613 -0.012519 0.078259 0.996854 -0.007776 -0.068163 0.997644 -0.011763 0.083359 0.996450 
0.197730 -0.024228 0.979957 -0.399613 0.111444 0.909884 0.460292 0.497912 0.734993 -0.013303 0.090332 0.995823 -0.012414 -0.089076 0.995947 -0.008628 0.067852 0.997658 
0.223555 -0.037557 0.973967 -0.464154 0.138397 0.874876 0.478179 0.441208 0.759395 -0.014040 0.107898 0.994063 -0.017243 -0.091441 0.995661 -0.006303 0.056147 0.998403 
0.224856 -0.045589 0.973325 -0.517678 0.170608 0.838393 0.478626 0.385742 0.788746 -0.015149 0.130328 0.991355 -0.013325 -0.061578 0.998013 -0.005117 0.050657 0.998703 
0.200966 -0.041908 0.978701 -0.547262 0.200849 0.812505 0.464599 0.346465 0.814929 -0.017188 0.156039 0.987601 -0.000236 -0.001142 0.999999 -0.005175 0.053838 0.998536 
0.181170 -0.037938 0.982720 -0.554786 0.222922 0.801572 0.453258 0.324721 0.830129 -0.016000 0.166501 0.985912 0.004991 0.024637 0.999684 -0.004516 0.054843 0.998485 
0.157146 -0.034519 0.986972 -0.555125 0.236757 0.797360 0.449433 0.312561 0.836848 -0.012936 0.174068 0.984649 0.012217 0.058867 0.998191 -0.003368 0.056413 0.998402 
0.125811 -0.029990 0.991601 -0.557234 0.244268 0.793614 0.455939 0.304402 0.836337 -0.008111 0.186630 0.982397 0.020697 0.092648 0.995484 -0.001912 0.069118 0.997607 
0.080995 -0.021527 0.996482 -0.567777 0.258716 0.781470 0.466246 0.286208 0.837078 -0.001104 0.209360 0.977838 0.029700 0.117426 0.992637 0.000926 0.097967 0.995189 
0.026005 -0.007515 0.999634 -0.589864 0.277444 0.758343 0.474676 0.259104 0.841159 0.008293 0.241453 0.970377 0.038121 0.134747 0.990146 0.006527 0.139586 0.990188 
-0.008372 0.002596 0.999962 -0.619607 0.295322 0.727236 0.477923 0.228662 0.848118 0.019817 0.277723 0.960457 0.046871 0.151343 0.987369 0.014353 0.176772 0.984147 
-0.037557 0.012597 0.999215 -0.656551 0.317679 0.684121 0.467913 0.192799 0.862488 0.032261 0.314469 0.948719 0.058614 0.171612 0.983419 0.021956 0.206800 0.978137 
-0.074295 0.026678 0.996879 -0.698809 0.330979 0.634129 0.452311 0.159628 0.877459 0.046505 0.351599 0.934995 0.070509 0.187803 0.979673 0.030641 0.240257 0.970226 
-0.115787 0.043903 0.992303 -0.742876 0.333851 0.580240 0.431916 0.129715 0.892537 0.063484 0.386350 0.920165 0.082909 0.202507 0.975765 0.041145 0.273696 0.960936 
-0.162144 0.064340 0.984667 -0.784855 0.334149 0.521869 0.401699 0.102174 0.910054 0.083348 0.414984 0.906003 0.095709 0.215000 0.971913 0.053162 0.301994 0.951826 
-0.212774 0.087919 0.973138 0.362529 0.077870 0.928713 0.106286 0.434617 0.894322 -0.820167 0.338243 0.461431 0.108965 0.224956 0.968257 0.067022 0.322666 0.944137 
-0.267669 0.114690 0.956661 0.315325 0.056992 0.947271 0.131805 0.445615 0.885469 -0.849183 0.347136 0.397977 0.121947 0.231174 0.965239 0.082674 0.336695 0.937978 
-0.327693 0.144569 0.933658 0.263149 0.039801 0.963934 0.159270 0.449961 0.878731 -0.874912 0.353006 0.331535 0.133210 0.232443 0.963445 0.100652 0.347662 0.932202 
-0.392849 0.177244 0.902360 0.188303 0.448876 0.873529 0.142041 0.228731 0.963071 0.121355 0.356952 0.926207 -0.902367 0.343177 0.260700 0.206659 0.026008 0.978067 
0.144959 0.364492 0.919855 0.218228 0.442774 0.869671 -0.462333 0.211113 0.861208 0.148189 0.221318 0.963877 -0.937873 0.293124 0.185670 0.146323 0.015329 0.989118 
0.171796 0.369281 0.913301 0.248261 0.431215 0.867422 -0.535923 0.244530 0.808079 0.151607 0.210955 0.965667 0.083217 0.007325 0.996505 
0.201184 0.368651 0.907536 0.276485 0.413004 0.867746 -0.615025 0.273716 0.739475 0.153885 0.199975 0.967641 0.040583 0.003062 0.999171 
0.136039 0.185180 0.973243 -0.024973 -0.001690 0.999687 -0.696567 0.291394 0.655655 0.152739 0.187266 0.970362 0.362271 0.534392 0.763665 
-0.755243 0.326379 0.568406 0.121366 0.147534 0.981582 -0.058615 -0.002185 0.998278 0.127530 0.151127 0.980253 0.400208 0.476411 0.782858 
0.375607 0.370115 0.849667 -0.806449 0.371463 0.460059 -0.084829 -0.000689 0.996395 0.119031 0.132417 0.984021 0.076191 0.079562 0.993914 
0.360678 0.324219 0.874525 -0.791377 0.446827 0.417216 -0.114570 0.002456 0.993412 0.096838 0.100716 0.990191 0.034824 0.033782 0.998822 
0.337811 0.307813 0.889458 -0.705988 0.540379 0.457790 -0.159558 0.007655 0.987159 0.061761 0.063283 0.996083 0.033308 0.032652 0.998912 
0.316348 0.286391 0.904381 -0.621762 0.605677 0.496555 0.969065 -0.159276 0.188531 -0.189028 0.015296 0.981852 0.026786 0.026552 0.999288 0.024528 0.023606 0.999420 
0.281133 0.239417 0.929324 -0.538953 0.682690 0.493421 -0.247908 0.030980 0.968288 0.971831 0.020777 0.234763 -0.022708 -0.020530 0.999531 -0.015503 -0.014578 0.999774 
0.225882 0.181289 0.957137 -0.413255 0.764765 0.494323 -0.303491 0.051002 0.951468 0.941384 0.144950 0.304606 -0.088344 -0.075704 0.993209 -0.076915 -0.068658 0.994671 
0.166583 0.123840 0.978220 -0.264807 0.827845 0.494519 -0.345375 0.074617 0.935494 0.910794 0.193759 0.364571 -0.159125 -0.127097 0.979043 -0.142722 -0.121300 0.982302 
0.138277 0.096398 0.985691 -0.127974 0.854492 0.503454 -0.379018 0.091142 0.920890 0.914047 0.100428 0.392980 -0.179590 -0.138526 0.973939 -0.200980 -0.163961 0.965776 
0.137132 0.093247 0.986154 -0.091799 0.858483 0.504559 -0.403619 0.096607 0.909812 0.909170 0.051961 0.413172 -0.177699 -0.136789 0.974531 -0.212177 -0.165412 0.963130 
0.131745 0.089269 0.987256 -0.073631 0.860158 0.504684 -0.187209 -0.146086 0.971397 -0.434596 0.103502 0.894658 0.895566 0.033463 0.443668 
0.109684 0.073683 0.991232 -0.021554 0.863071 0.504623 -0.203776 -0.161071 0.965677 -0.470166 0.115322 0.875011 0.876551 0.018669 0.480947 
-0.209307 0.095068 0.973218 -0.040191 0.032913 0.998650 -0.227572 -0.181811 0.956638 0.078975 0.867126 0.491787 -0.109834 -0.305445 0.945854 -0.035732 0.126261 0.991353 0.856968 -0.014259 0.515172 -0.505297 0.126096 0.853683 
-0.204528 0.093422 0.974392 -0.052877 0.042789 0.997684 0.143652 0.858930 0.491532 -0.092083 -0.239401 0.966544 -0.035231 0.124578 0.991584 0.851536 -0.029235 0.523481 -0.517978 0.120033 0.846930 -0.227847 -0.188631 0.955251 -0.283963 -0.242499 0.927663 
-0.196876 0.093471 0.975963 -0.056490 0.045317 0.997374 0.123542 0.860468 0.494299 -0.071090 -0.167213 0.983354 -0.035379 0.123627 0.991698 0.852114 -0.016604 0.523093 -0.520817 0.108065 0.846801 -0.221705 -0.192631 0.955897 -0.279913 -0.253442 0.925967 
-0.193803 0.092472 0.976673 -0.049973 0.040358 0.997935 -0.219887 -0.199419 0.954925 0.069589 0.869802 0.488470 -0.057864 -0.131985 0.989561 -0.036185 0.123233 0.991718 0.856687 0.014438 0.515634 -0.515701 0.092408 0.851771 
-0.083053 0.037727 0.995831 -0.040262 0.032055 0.998675 -0.202423 -0.186507 0.961374 0.008155 0.874275 0.485362 -0.035638 -0.080165 0.996144 -0.039517 0.122305 0.991706 0.866427 0.038050 0.497851 -0.500433 0.076655 0.862375 
-0.021211 0.008812 0.999736 -0.029323 0.022982 0.999306 -0.183976 -0.166284 0.968763 -0.037151 0.865831 0.498956 -0.026759 -0.064704 0.997546 -0.041633 0.123577 0.991461 0.879459 0.033144 0.474820 -0.478215 0.074059 0.875115 
0.001153 -0.000430 0.999999 -0.024727 0.018882 0.999516 -0.176409 -0.154046 0.972188 -0.048121 0.862440 0.503867 -0.020481 -0.054905 0.998281 -0.043121 0.126262 0.991059 0.891525 0.014280 0.452746 -0.456104 0.077548 0.886541 
0.007748 -0.002716 0.999966 -0.024522 0.018515 0.999528 -0.176206 -0.150816 0.972731 -0.043203 0.861754 0.505483 -0.024373 -0.069399 0.997291 -0.043190 0.127205 0.990936 0.892754 -0.004850 0.450518 -0.453150 0.084026 0.887465 
0.011445 -0.004033 0.999926 -0.024579 0.018563 0.999526 -0.176368 -0.150277 0.972785 -0.042764 0.861952 0.505182 -0.023898 -0.067635 0.997424 -0.043128 0.127330 0.990922 0.893088 -0.007471 0.449820 -0.452264 0.085112 0.887814 
0.017158 -0.006163 0.999834 -0.024997 0.018885 0.999509 -0.176345 -0.150135 0.972811 -0.044850 0.861778 0.505300 -0.019645 -0.054508 0.998320 -0.043148 0.127331 0.990921 0.893563 -0.009735 0.448832 -0.451422 0.085083 0.888245 
0.024232 -0.008812 0.999668 -0.025595 0.019322 0.999486 -0.176362 -0.149975 0.972833 -0.045298 0.861541 0.505664 -0.014103 -0.038652 0.999153 -0.043201 0.127366 0.990915 0.893863 -0.013323 0.448142 -0.450904 0.085284 0.888489 
0.028169 -0.010276 0.999550 -0.026197 0.019724 0.999462 -0.176455 -0.149840 0.972837 -0.046407 0.861278 0.506011 -0.008393 -0.022957 0.999701 -0.043380 0.127603 0.990876 0.894471 -0.016104 0.446836 -0.449726 0.085371 0.889077 
0.028329 -0.010306 0.999546 -0.026597 0.019976 0.999447 -0.176552 -0.149755 0.972832 -0.047389 0.861110 0.506205 -0.004674 -0.012832 0.999907 -0.043534 0.127879 0.990834 0.894990 -0.016728 0.445772 -0.448701 0.085290 0.889603 
0.027175 -0.009825 0.999582 -0.026753 0.020056 0.999441 -0.176683 -0.149754 0.972809 -0.048362 0.861134 0.506072 -0.003166 -0.008750 0.999957 -0.043668 0.128103 0.990799 0.895489 -0.015905 0.444800 -0.447692 0.085143 0.890125 
0.026782 -0.009658 0.999595 -0.026764 0.020054 0.999441 -0.176718 -0.149763 0.972801 -0.048656 0.861179 0.505968 -0.003023 -0.008377 0.999960 -0.043705 0.128152 0.990791 0.895600 -0.015659 0.444585 -0.447466 0.085104 0.890242 
0.026641 -0.009611 0.999599 -0.026777 0.020063 0.999440 -0.176725 -0.149769 0.972799 -0.048631 0.861186 0.505958 -0.002928 -0.008111 0.999963 -0.043707 0.128155 0.990791 0.895592 -0.015671 0.444599 -0.447481 0.085106 0.890234 
0.026496 -0.009563 0.999603 -0.026793 0.020073 0.999439 -0.176730 -0.149775 0.972797 -0.048607 0.861192 0.505951 -0.002841 -0.007866 0.999965 -0.043710 0.128161 0.990790 0.895585 -0.015684 0.444614 -0.447497 0.085107 0.890227 
0.026465 -0.009552 0.999604 -0.026798 0.020077 0.999439 -0.176735 -0.149781 0.972795 -0.048585 0.861197 0.505944 -0.002829 -0.007831 0.999965 -0.043710 0.128162 0.990790 0.895579 -0.015694 0.444626 -0.447510 0.085109 0.890220 
0.026357 -0.009515 0.999607 -0.026810 0.020085 0.999439 -0.176740 -0.149785 0.972794 -0.048567 0.861201 0.505938 -0.002787 -0.007714 0.999966 -0.043713 0.128169 0.990788 0.895573 -0.015703 0.444638 -0.447522 0.085111 0.890214 
0.026239 -0.009474 0.999611 -0.026817 0.020090 0.999438 -0.176752 -0.149791 0.972791 -0.048552 0.861221 0.505906 -0.002738 -0.007577 0.999968 -0.043715 0.128173 0.990788 0.895574 -0.015661 0.444637 -0.447507 0.085144 0.890218 
0.026125 -0.009433 0.999614 -0.026827 0.020097 0.999438 -0.176755 -0.149795 0.972789 -0.048538 0.861226 0.505900 -0.002715 -0.007514 0.999968 -0.043718 0.128182 0.990787 0.895569 -0.015668 0.444646 -0.447516 0.085145 0.890213 
0.026061 -0.009412 0.999616 -0.026831 0.020099 0.999438 -0.176759 -0.149799 0.972788 -0.048524 0.861230 0.505894 -0.002690 -0.007443 0.999969 -0.043718 0.128182 0.990787 0.895566 -0.015674 0.444653 -0.447523 0.085146 0.890209 
0.025892 -0.009353 0.999621 -0.026841 0.020106 0.999437 -0.176762 -0.149802 0.972787 -0.048514 0.861234 0.505888 -0.002621 -0.007252 0.999970 -0.043721 0.128189 0.990786 0.895563 -0.015679 0.444659 -0.447530 0.085146 0.890206 
0.025771 -0.009311 0.999625 -0.026849 0.020111 0.999437 -0.176765 -0.149805 0.972786 -0.048507 0.861238 0.505881 -0.002587 -0.007157 0.999971 -0.043724 0.128196 0.990785 0.895561 -0.015681 0.444663 -0.447534 0.085146 0.890204 
0.025722 -0.009292 0.999626 -0.026850 0.020111 0.999437 -0.176768 -0.149808 0.972785 -0.048503 0.861243 0.505874 -0.002601 -0.007195 0.999971 -0.043725 0.128197 0.990784 0.895559 -0.015683 0.444666 -0.447538 0.085145 0.890202 
0.025546 -0.009230 0.999631 -0.026857 0.020115 0.999437 -0.176770 -0.149811 0.972784 -0.048497 0.861248 0.505866 -0.002562 -0.007088 0.999972 -0.043728 0.128204 0.990783 0.895558 -0.015685 0.444668 -0.447540 0.085143 0.890201 
0.025323 -0.009148 0.999637 -0.026862 0.020118 0.999437 -0.176785 -0.149816 0.972781 -0.048536 0.861272 0.505822 -0.002536 -0.007015 0.999972 -0.043733 0.128216 0.990782 0.895567 -0.015524 0.444655 -0.447485 0.085236 0.890220 
0.025205 -0.009105 0.999641 -0.026862 0.020117 0.999437 -0.176786 -0.149817 0.972780 -0.048542 0.861277 0.505812 -0.002532 -0.007004 0.999972 -0.043734 0.128218 0.990781 0.895567 -0.015525 0.444656 -0.447486 0.085235 0.890220 
0.025037 -0.009044 0.999646 -0.026866 0.020120 0.999437 -0.176787 -0.149819 0.972780 -0.048548 0.861281 0.505804 -0.002516 -0.006960 0.999973 -0.043737 0.128226 0.990780 0.895567 -0.015524 0.444656 -0.447487 0.085234 0.890219 
0.024985 -0.009023 0.999647 -0.026864 0.020117 0.999437 -0.176788 -0.149820 0.972780 -0.048552 0.861285 0.505796 -0.002544 -0.007040 0.999972 -0.043739 0.128228 0.990780 0.895567 -0.015524 0.444656 -0.447488 0.085233 0.890219 
0.024893 -0.008986 0.999650 -0.026860 0.020114 0.999437 -0.176789 -0.149821 0.972779 -0.048558 0.861289 0.505789 -0.002591 -0.007173 0.999971 -0.043741 0.128232 0.990779 0.895567 -0.015524 0.444656 -0.447488 0.085233 0.890219 
0.024733 -0.008924 0.999654 -0.026858 0.020110 0.999437 -0.176789 -0.149823 0.972779 -0.048560 0.861293 0.505783 -0.002633 -0.007293 0.999970 -0.043746 0.128239 0.990778 0.895566 -0.015522 0.444657 -0.447489 0.085232 0.890218 
0.024538 -0.008848 0.999660 -0.026857 0.020108 0.999437 -0.176790 -0.149824 0.972779 -0.048566 0.861297 0.505776 -0.002661 -0.007374 0.999969 -0.043752 0.128248 0.990777 0.895566 -0.015519 0.444657 -0.447489 0.085232 0.890219 
0.024341 -0.008773 0.999665 -0.026858 0.020106 0.999437 -0.176790 -0.149825 0.972778 -0.048572 0.861301 0.505769 -0.002675 -0.007417 0.999969 -0.043758 0.128257 0.990775 0.895566 -0.015515 0.444657 -0.447489 0.085231 0.890219 
0.024153 -0.008703 0.999670 -0.026860 0.020106 0.999437 -0.176791 -0.149826 0.972778 -0.048578 0.861304 0.505762 -0.002678 -0.007427 0.999969 -0.043764 0.128266 0.990774 0.895567 -0.015511 0.444657 -0.447488 0.085230 0.890219 
0.023946 -0.008626 0.999676 -0.026864 0.020107 0.999437 -0.176791 -0.149827 0.972778 -0.048586 0.861308 0.505754 -0.002660 -0.007381 0.999969 -0.043770 0.128276 0.990772 0.895567 -0.015507 0.444656 -0.447487 0.085229 0.890220 
0.023775 -0.008561 0.999681 -0.026866 0.020106 0.999437 -0.176792 -0.149827 0.972778 -0.048591 0.861312 0.505748 -0.002661 -0.007384 0.999969 -0.043775 0.128284 0.990771 0.895568 -0.015503 0.444655 -0.447486 0.085228 0.890220 
0.023561 -0.008482 0.999686 -0.026870 0.020108 0.999437 -0.176792 -0.149828 0.972778 -0.048599 0.861315 0.505741 -0.002643 -0.007337 0.999970 -0.043781 0.128294 0.990769 0.895568 -0.015499 0.444654 -0.447485 0.085227 0.890221 
0.023276 -0.008378 0.999694 -0.026877 0.020111 0.999436 -0.176792 -0.149829 0.972777 -0.048608 0.861319 0.505735 -0.002618 -0.007269 0.999970 -0.043787 0.128308 0.990767 0.895569 -0.015494 0.444653 -0.447484 0.085227 0.890221 
0.023126 -0.008321 0.999698 -0.026877 0.020109 0.999436 -0.176792 -0.149830 0.972777 -0.048614 0.861322 0.505728 -0.002630 -0.007306 0.999970 -0.043792 0.128314 0.990766 0.895570 -0.015490 0.444652 -0.447483 0.085225 0.890222 
0.022842 -0.008216 0.999705 -0.026883 0.020112 0.999436 -0.176793 -0.149830 0.972777 -0.048622 0.861325 0.505722 -0.002605 -0.007238 0.999970 -0.043798 0.128328 0.990764 0.895570 -0.015485 0.444650 -0.447481 0.085225 0.890223 
0.022553 -0.008110 0.999713 -0.026890 0.020115 0.999436 -0.176793 -0.149831 0.972777 -0.048629 0.861328 0.505716 -0.002574 -0.007154 0.999971 -0.043804 0.128342 0.990762 0.895571 -0.015479 0.444649 -0.447480 0.085224 0.890224 
0.022267 -0.008005 0.999720 -0.026896 0.020118 0.999436 -0.176793 -0.149831 0.972777 -0.048636 0.861331 0.505711 -0.002548 -0.007084 0.999972 -0.043810 0.128356 0.990760 0.895572 -0.015476 0.444648 -0.447479 0.085223 0.890225 
0.021981 -0.007899 0.999727 -0.026905 0.020121 0.999435 -0.176793 -0.149832 0.972777 -0.048642 0.861334 0.505706 -0.002484 -0.006909 0.999973 -0.043819 0.128369 0.990758 0.895572 -0.015471 0.444647 -0.447478 0.085222 0.890225 
0.021781 -0.007822 0.999732 -0.026906 0.020119 0.999435 -0.176793 -0.149832 0.972777 -0.048649 0.861336 0.505701 -0.002490 -0.006930 0.999973 -0.043825 0.128378 0.990756 0.895573 -0.015467 0.444645 -0.447476 0.085222 0.890226 
0.021544 -0.007734 0.999738 -0.026911 0.020121 0.999435 -0.176793 -0.149833 0.972777 -0.048657 0.861339 0.505695 -0.002460 -0.006849 0.999974 -0.043833 0.128390 0.990755 0.895574 -0.015462 0.444644 -0.447475 0.085221 0.890227 
0.021315 -0.007648 0.999744 -0.026916 0.020122 0.999435 -0.176794 -0.149833 0.972776 -0.048664 0.861342 0.505689 -0.002435 -0.006783 0.999974 -0.043839 0.128401 0.990753 0.895575 -0.015456 0.444642 -0.447473 0.085220 0.890228 
0.021135 -0.007581 0.999748 -0.026920 0.020122 0.999435 -0.176794 -0.149834 0.972776 -0.048674 0.861345 0.505684 -0.002416 -0.006733 0.999974 -0.043845 0.128409 0.990752 0.895576 -0.015451 0.444640 -0.447471 0.085219 0.890229 
0.020914 -0.007498 0.999753 -0.026925 0.020124 0.999435 -0.176794 -0.149834 0.972776 -0.048683 0.861347 0.505679 -0.002387 -0.006655 0.999975 -0.043852 0.128420 0.990750 0.895577 -0.015445 0.444639 -0.447469 0.085219 0.890230 
0.020468 -0.007337 0.999764 -0.026937 0.020130 0.999434 -0.176794 -0.149835 0.972776 -0.048690 0.861350 0.505673 -0.002334 -0.006509 0.999976 -0.043859 0.128442 0.990747 0.895578 -0.015440 0.444636 -0.447467 0.085217 0.890231 
0.020159 -0.007223 0.999771 -0.026943 0.020133 0.999434 -0.176793 -0.149835 0.972776 -0.048699 0.861352 0.505668 -0.002306 -0.006432 0.999977 -0.043865 0.128457 0.990745 0.895579 -0.015435 0.444635 -0.447465 0.085217 0.890232 
0.019873 -0.007118 0.999777 -0.026949 0.020135 0.999434 -0.176793 -0.149835 0.972776 -0.048707 0.861355 0.505663 -0.002284 -0.006374 0.999977 -0.043871 0.128470 0.990743 0.895580 -0.015431 0.444633 -0.447463 0.085216 0.890233 
0.019556 -0.007001 0.999784 -0.026955 0.020138 0.999434 -0.176793 -0.149835 0.972776 -0.048726 0.861356 0.505659 -0.002253 -0.006292 0.999978 -0.043878 0.128487 0.990740 0.895584 -0.015429 0.444624 -0.447454 0.085215 0.890238 
0.019335 -0.006918 0.999789 -0.026958 0.020137 0.999434 -0.176793 -0.149835 0.972776 -0.048752 0.861357 0.505655 -0.002238 -0.006251 0.999978 -0.043885 0.128498 0.990738 0.895590 -0.015425 0.444613 -0.447443 0.085214 0.890244 
0.019024 -0.006803 0.999796 -0.026963 0.020139 0.999434 -0.176793 -0.149835 0.972776 -0.048781 0.861359 0.505650 -0.002212 -0.006182 0.999978 -0.043892 0.128514 0.990736 0.895597 -0.015422 0.444599 -0.447429 0.085211 0.890251 
0.018775 -0.006711 0.999801 -0.026967 0.020140 0.999433 -0.176793 -0.149835 0.972776 -0.048820 0.861359 0.505645 -0.002182 -0.006103 0.999979 -0.043899 0.128528 0.990734 0.895608 -0.015417 0.444577 -0.447407 0.085208 0.890262 
0.018388 -0.006569 0.999809 -0.026974 0.020142 0.999433 -0.176796 -0.149835 0.972776 -0.048883 0.861361 0.505636 -0.002125 -0.005947 0.999980 -0.043909 0.128547 0.990731 0.895627 -0.015382 0.444539 -0.447361 0.085221 0.890284 
0.017962 -0.006411 0.999818 -0.026981 0.020142 0.999433 -0.176802 -0.149836 0.972774 -0.049004 0.861361 0.505625 -0.002056 -0.005758 0.999981 -0.043924 0.128574 0.990727 0.895670 -0.015328 0.444456 -0.447268 0.085232 0.890330 
0.017703 -0.006313 0.999823 -0.026984 0.020141 0.999433 -0.176802 -0.149836 0.972774 -0.049027 0.861360 0.505624 -0.002048 -0.005740 0.999981 -0.043933 0.128589 0.990724 0.895677 -0.015327 0.444441 -0.447253 0.085230 0.890337 
0.017452 -0.006221 0.999828 -0.026989 0.020143 0.999433 -0.176802 -0.149836 0.972775 -0.049045 0.861360 0.505621 -0.002022 -0.005671 0.999982 -0.043938 0.128602 0.990722 0.895681 -0.015326 0.444433 -0.447245 0.085229 0.890341 
0.017182 -0.006123 0.999834 -0.026993 0.020145 0.999433 -0.176802 -0.149835 0.972775 -0.049068 0.861361 0.505618 -0.002006 -0.005626 0.999982 -0.043942 0.128615 0.990721 0.895686 -0.015324 0.444423 -0.447235 0.085227 0.890347 
0.017147 -0.006110 0.999834 -0.026990 0.020143 0.999433 -0.176801 -0.149835 0.972775 -0.049085 0.861363 0.505613 -0.002013 -0.005646 0.999982 -0.043942 0.128615 0.990721 0.895689 -0.015321 0.444416 -0.447229 0.085226 0.890350 
0.017110 -0.006096 0.999835 -0.026987 0.020140 0.999433 -0.176801 -0.149835 0.972775 -0.049096 0.861365 0.505609 -0.002039 -0.005721 0.999982 -0.043942 0.128615 0.990721 0.895691 -0.015315 0.444412 -0.447225 0.085225 0.890352 
0.016603 -0.005913 0.999845 -0.026993 0.020142 0.999433 -0.176805 -0.149836 0.972774 -0.049184 0.861365 0.505600 -0.001985 -0.005571 0.999983 -0.043950 0.128640 0.990717 0.895719 -0.015267 0.444358 -0.447161 0.085238 0.890383 
0.015802 -0.005620 0.999859 -0.027003 0.020144 0.999432 -0.176825 -0.149835 0.972770 -0.049419 0.861373 0.505564 -0.001873 -0.005263 0.999984 -0.043969 0.128684 0.990710 0.895784 -0.014988 0.444236 -0.446987 0.085325 0.890462 
0.015330 -0.005446 0.999868 -0.027010 0.020145 0.999432 -0.176826 -0.149835 0.972770 -0.049472 0.861369 0.505565 -0.001846 -0.005195 0.999985 -0.043982 0.128713 0.990706 0.895804 -0.014982 0.444196 -0.446947 0.085318 0.890482 
0.014846 -0.005270 0.999876 -0.027017 0.020147 0.999432 -0.176830 -0.149834 0.972770 -0.049510 0.861373 0.505555 -0.001806 -0.005087 0.999985 -0.043989 0.128734 0.990703 0.895812 -0.014921 0.444182 -0.446922 0.085340 0.890493 
0.014376 -0.005100 0.999884 -0.027021 0.020147 0.999432 -0.176837 -0.149833 0.972769 -0.049619 0.861374 0.505542 -0.001752 -0.004937 0.999986 -0.043998 0.128758 0.990699 0.895845 -0.014819 0.444119 -0.446843 0.085360 0.890531 
0.013920 -0.004936 0.999891 -0.027024 0.020148 0.999432 -0.176842 -0.149831 0.972768 -0.049687 0.861377 0.505530 -0.001721 -0.004853 0.999987 -0.044001 0.128777 0.990697 0.895860 -0.014736 0.444091 -0.446801 0.085381 0.890550 
0.013440 -0.004762 0.999898 -0.027025 0.020146 0.999432 -0.176851 -0.149829 0.972767 -0.049814 0.861381 0.505510 -0.001688 -0.004762 0.999987 -0.044008 0.128801 0.990693 0.895893 -0.014606 0.444031 -0.446723 0.085401 0.890587 
0.013282 -0.004705 0.999901 -0.027024 0.020146 0.999432 -0.176849 -0.149827 0.972767 -0.049821 0.861382 0.505509 -0.001696 -0.004786 0.999987 -0.044008 0.128808 0.990693 0.895894 -0.014608 0.444028 -0.446721 0.085400 0.890588 
0.013203 -0.004677 0.999902 -0.027025 0.020146 0.999432 -0.176848 -0.149826 0.972768 -0.049825 0.861383 0.505507 -0.001696 -0.004786 0.999987 -0.044008 0.128812 0.990692 0.895894 -0.014609 0.444027 -0.446720 0.085400 0.890589 
0.012549 -0.004443 0.999911 -0.027025 0.020146 0.999432 -0.176853 -0.149823 0.972767 -0.049922 0.861386 0.505491 -0.001685 -0.004759 0.999987 -0.044009 0.128838 0.990689 0.895915 -0.014515 0.443988 -0.446671 0.085406 0.890613 
0.011892 -0.004208 0.999920 -0.027024 0.020145 0.999432 -0.176852 -0.149820 0.972768 -0.049959 0.861385 0.505489 -0.001701 -0.004805 0.999987 -0.044008 0.128863 0.990685 0.895923 -0.014516 0.443972 -0.446658 0.085395 0.890620 
0.011350 -0.004015 0.999928 -0.027024 0.020146 0.999432 -0.176850 -0.149818 0.972768 -0.049982 0.861385 0.505488 -0.001705 -0.004818 0.999987 -0.044005 0.128882 0.990683 0.895928 -0.014517 0.443962 -0.446650 0.085389 0.890625 
0.010846 -0.003836 0.999934 -0.027025 0.020147 0.999432 -0.176849 -0.149815 0.972769 -0.050018 0.861384 0.505486 -0.001698 -0.004801 0.999987 -0.044004 0.128901 0.990681 0.895936 -0.014519 0.443946 -0.446637 0.085379 0.890632 
0.010251 -0.003623 0.999941 -0.027027 0.020146 0.999432 -0.176861 -0.149813 0.972767 -0.050152 0.861390 0.505462 -0.001663 -0.004705 0.999988 -0.044007 0.128926 0.990677 0.895969 -0.014357 0.443885 -0.446559 0.085390 0.890670 
0.009784 -0.003456 0.999946 -0.027030 0.020146 0.999432 -0.176860 -0.149809 0.972768 -0.050244 0.861387 0.505459 -0.001636 -0.004631 0.999988 -0.044014 0.128951 0.990674 0.895990 -0.014356 0.443842 -0.446525 0.085361 0.890690 
0.009261 -0.003268 0.999952 -0.027031 0.020144 0.999432 -0.176872 -0.149806 0.972766 -0.050401 0.861393 0.505432 -0.001597 -0.004524 0.999988 -0.044022 0.128978 0.990670 0.896029 -0.014168 0.443769 -0.446434 0.085365 0.890735 
0.008903 -0.003140 0.999955 -0.027032 0.020144 0.999432 -0.176870 -0.149804 0.972767 -0.050415 0.861393 0.505431 -0.001597 -0.004527 0.999988 -0.044025 0.128993 0.990668 0.896032 -0.014169 0.443763 -0.446430 0.085361 0.890738 
0.008524 -0.003006 0.999959 -0.027032 0.020143 0.999432 -0.176881 -0.149803 0.972765 -0.050513 0.861400 0.505409 -0.001579 -0.004477 0.999989 -0.044028 0.129011 0.990665 0.896060 -0.014012 0.443712 -0.446363 0.085371 0.890771 
0.007813 -0.002752 0.999966 -0.027036 0.020143 0.999432 -0.176897 -0.149798 0.972763 -0.050720 0.861411 0.505370 -0.001513 -0.004294 0.999990 -0.044037 0.129047 0.990660 0.896110 -0.013731 0.443620 -0.446252 0.085362 0.890827 
0.007548 -0.002657 0.999968 -0.027035 0.020141 0.999432 -0.176895 -0.149795 0.972764 -0.050747 0.861411 0.505366 -0.001521 -0.004320 0.999990 -0.044039 0.129059 0.990659 0.896114 -0.013732 0.443612 -0.446248 0.085348 0.890830 
