0.267277 0.963620 0.000000 -0.955246 -0.295812 -0.000000 -0.491501 0.870877 0.000000 0.969771 -0.244016 0.000000 0.272743 -0.962087 0.000000 0.475201 -0.879877 0.000000 
0.267257 0.963625 0.000000 -0.955243 -0.295823 -0.000000 -0.491487 0.870885 0.000000 0.969776 -0.243995 0.000000 0.272754 -0.962084 0.000000 0.475186 -0.879885 0.000000 
0.267254 0.963626 0.000000 -0.955242 -0.295824 -0.000000 -0.491486 0.870886 0.000000 0.969777 -0.243992 0.000000 0.272755 -0.962083 0.000000 0.475185 -0.879886 0.000000 
0.267251 0.963627 0.000000 -0.955242 -0.295825 -0.000000 -0.491485 0.870886 0.000000 0.969778 -0.243988 0.000000 0.272756 -0.962083 0.000000 0.475185 -0.879886 0.000000 
0.267248 0.963628 0.000000 -0.955242 -0.295826 -0.000000 -0.491484 0.870886 0.000000 0.969779 -0.243987 0.000000 0.272758 -0.962083 0.000000 0.475184 -0.879887 0.000000 
0.267245 0.963629 0.000000 -0.955241 -0.295828 -0.000000 -0.491483 0.870887 0.000000 0.969779 -0.243983 0.000000 0.272759 -0.962082 0.000000 0.475183 -0.879887 0.000000 
0.266892 0.963727 0.000000 -0.955229 -0.295869 -0.000000 -0.491424 0.870921 0.000000 0.969869 -0.243627 0.000000 0.272800 -0.962071 0.000000 0.475150 -0.879905 0.000000 
0.266889 0.963727 0.000000 -0.955228 -0.295872 -0.000000 -0.491423 0.870921 0.000000 0.969870 -0.243625 0.000000 0.272803 -0.962070 0.000000 0.475150 -0.879905 0.000000 
0.266886 0.963728 0.000000 -0.955227 -0.295875 -0.000000 -0.491422 0.870922 0.000000 0.969870 -0.243621 0.000000 0.272807 -0.962069 0.000000 0.475148 -0.879906 0.000000 
0.266885 0.963728 0.000000 -0.955225 -0.295881 -0.000000 -0.491421 0.870922 0.000000 0.969871 -0.243620 0.000000 0.272813 -0.962067 0.000000 0.475146 -0.879907 0.000000 
0.266882 0.963729 0.000000 -0.955211 -0.295926 -0.000000 -0.491421 0.870922 0.000000 0.969871 -0.243618 0.000000 0.272858 -0.962054 0.000000 0.475139 -0.879911 0.000000 
0.266868 0.963733 0.000000 -0.955100 -0.296283 -0.000000 -0.491310 0.870985 0.000000 0.969874 -0.243606 0.000000 0.273216 -0.961953 0.000000 0.474962 -0.880006 0.000000 
0.267109 0.963666 0.000000 -0.954511 -0.298177 -0.000000 -0.491406 0.870931 0.000000 0.969813 -0.243848 0.000000 0.275125 -0.961408 0.000000 0.474718 -0.880138 0.000000 
0.267359 0.963597 0.000000 -0.953948 -0.299973 -0.000000 -0.491408 0.870930 0.000000 0.969749 -0.244103 0.000000 0.276941 -0.960887 0.000000 0.474386 -0.880317 0.000000 
0.267788 0.963478 0.000000 -0.953330 -0.301931 -0.000000 -0.491640 0.870799 0.000000 0.969640 -0.244539 0.000000 0.278919 -0.960315 0.000000 0.474244 -0.880393 0.000000 
0.267968 0.963428 0.000000 -0.952580 -0.304287 -0.000000 -0.491878 0.870664 0.000000 0.969587 -0.244747 0.000000 0.281301 -0.959620 0.000000 0.474061 -0.880492 0.000000 
0.267718 0.963497 0.000000 -0.951940 -0.306285 -0.000000 -0.491905 0.870649 0.000000 0.969631 -0.244574 0.000000 0.283339 -0.959020 0.000000 0.473742 -0.880664 0.000000 
0.267204 0.963640 0.000000 -0.951408 -0.307932 -0.000000 -0.492038 0.870574 0.000000 0.969721 -0.244215 0.000000 0.285022 -0.958521 0.000000 0.473618 -0.880730 0.000000 
0.266749 0.963766 0.000000 -0.951041 -0.309064 -0.000000 -0.492176 0.870495 0.000000 0.969766 -0.244038 0.000000 0.286198 -0.958171 0.000000 0.473577 -0.880753 0.000000 
0.266382 0.963868 0.000000 -0.950759 -0.309930 -0.000000 -0.492308 0.870421 0.000000 0.969746 -0.244117 0.000000 0.287123 -0.957894 0.000000 0.473555 -0.880764 0.000000 
0.223270 0.974757 0.000000 -0.944594 -0.328240 -0.000000 -0.479482 0.877552 0.000000 0.979799 -0.199983 0.000000 0.305586 -0.952165 0.000000 0.461461 -0.887161 0.000000 
0.188927 0.981991 0.000000 -0.934146 -0.356891 -0.000000 -0.461613 0.887081 0.000000 0.986230 -0.165377 0.000000 0.334486 -0.942401 0.000000 0.442036 -0.896997 0.000000 
-0.911318 -0.411704 -0.000000 0.985789 -0.167988 0.000000 -0.429052 0.903280 0.000000 0.191381 0.981516 0.000000 0.389820 -0.920891 0.000000 0.393433 -0.919353 0.000000 
-0.887192 -0.461401 -0.000000 0.977020 -0.213147 0.000000 0.348260 -0.937398 0.000000 0.236007 0.971751 0.000000 -0.459960 0.887939 0.000000 -0.361126 0.932517 0.000000 
-0.882715 -0.469908 -0.000000 0.963733 -0.266870 0.000000 0.283147 -0.959077 0.000000 0.289999 0.957027 0.000000 -0.468540 0.883442 0.000000 -0.276111 0.961126 0.000000 
-0.874856 -0.484383 -0.000000 0.365899 0.930655 0.000000 0.932310 -0.361659 0.000000 0.237946 -0.971278 0.000000 -0.483842 0.875155 0.000000 -0.218867 0.975755 0.000000 
-0.873751 -0.486373 -0.000000 0.934761 -0.355276 0.000000 0.171234 -0.985230 0.000000 0.345683 0.938351 0.000000 -0.486801 0.873513 0.000000 -0.110134 0.993917 0.000000 
-0.863949 -0.503579 -0.000000 0.960374 -0.278715 0.000000 0.143177 -0.989697 0.000000 0.301673 0.953411 0.000000 -0.504057 0.863670 0.000000 -0.071233 0.997460 0.000000 
-0.865295 -0.501263 -0.000000 0.966688 -0.255957 0.000000 0.164880 -0.986314 0.000000 0.279146 0.960249 0.000000 -0.501372 0.865232 0.000000 -0.095074 0.995470 0.000000 
-0.861797 -0.507254 -0.000000 0.966851 -0.255342 0.000000 0.166611 -0.986023 0.000000 0.278536 0.960426 0.000000 -0.507254 0.861796 0.000000 -0.096968 0.995288 0.000000 
-0.860399 -0.509622 -0.000000 0.966959 -0.254931 0.000000 0.167315 -0.985904 0.000000 0.278129 0.960544 0.000000 -0.509680 0.860364 0.000000 -0.097699 0.995216 0.000000 
-0.859668 -0.510853 -0.000000 0.966961 -0.254925 0.000000 0.167657 -0.985845 0.000000 0.278121 0.960546 0.000000 -0.511015 0.859572 0.000000 -0.098191 0.995168 0.000000 
-0.859556 -0.511042 -0.000000 0.967102 -0.254388 0.000000 0.167977 -0.985791 0.000000 0.277583 0.960702 0.000000 -0.511328 0.859386 0.000000 -0.098587 0.995128 0.000000 
-0.859277 -0.511510 -0.000000 0.967105 -0.254378 0.000000 0.168183 -0.985756 0.000000 0.277579 0.960703 0.000000 -0.511791 0.859110 0.000000 -0.098939 0.995094 0.000000 
-0.859787 -0.510653 -0.000000 0.967276 -0.253725 0.000000 0.168517 -0.985699 0.000000 0.276947 0.960885 0.000000 -0.510915 0.859631 0.000000 -0.099457 0.995042 0.000000 
-0.861263 -0.508160 -0.000000 0.967276 -0.253726 0.000000 0.167940 -0.985797 0.000000 0.276943 0.960886 0.000000 -0.508356 0.861147 0.000000 -0.099000 0.995087 0.000000 
-0.863074 -0.505078 -0.000000 0.967276 -0.253728 0.000000 0.167210 -0.985921 0.000000 0.276941 0.960887 0.000000 -0.505155 0.863029 0.000000 -0.098381 0.995149 0.000000 
-0.865098 -0.501603 -0.000000 0.967276 -0.253727 0.000000 0.166361 -0.986065 0.000000 0.276943 0.960886 0.000000 -0.501491 0.865163 0.000000 -0.097650 0.995221 0.000000 
-0.867374 -0.497657 -0.000000 0.967275 -0.253729 0.000000 0.165389 -0.986228 0.000000 0.276947 0.960885 0.000000 -0.497323 0.867565 0.000000 -0.096834 0.995301 0.000000 
-0.869340 -0.494214 -0.000000 0.967274 -0.253732 0.000000 0.164520 -0.986374 0.000000 0.276952 0.960884 0.000000 -0.493600 0.869689 0.000000 -0.096129 0.995369 0.000000 
-0.870937 -0.491395 -0.000000 0.966845 -0.255364 0.000000 0.163394 -0.986561 0.000000 0.278577 0.960414 0.000000 -0.490521 0.871429 0.000000 -0.095412 0.995438 0.000000 
-0.873319 -0.487149 -0.000000 0.965534 -0.260278 0.000000 0.161006 -0.986953 0.000000 0.283464 0.958983 0.000000 -0.485947 0.873988 0.000000 -0.094041 0.995568 0.000000 
-0.875592 -0.483052 -0.000000 0.964147 -0.265369 0.000000 0.158581 -0.987346 0.000000 0.288526 0.957472 0.000000 -0.481529 0.876430 0.000000 -0.092629 0.995701 0.000000 
-0.876730 -0.480984 -0.000000 0.963074 -0.269238 0.000000 0.156941 -0.987608 0.000000 0.292370 0.956305 0.000000 -0.479449 0.877570 0.000000 -0.091628 0.995793 0.000000 
-0.876823 -0.480814 -0.000000 0.962931 -0.269747 0.000000 0.156736 -0.987640 0.000000 0.292875 0.956151 0.000000 -0.479277 0.877664 0.000000 -0.091504 0.995805 0.000000 
-0.876821 -0.480817 -0.000000 0.962930 -0.269752 0.000000 0.156733 -0.987641 0.000000 0.292879 0.956150 0.000000 -0.479277 0.877664 0.000000 -0.091531 0.995802 0.000000 
-0.876817 -0.480824 -0.000000 0.962929 -0.269756 0.000000 0.156735 -0.987641 0.000000 0.292881 0.956149 0.000000 -0.479282 0.877661 0.000000 -0.091575 0.995798 0.000000 
-0.876671 -0.481090 -0.000000 0.962907 -0.269832 0.000000 0.156789 -0.987632 0.000000 0.292943 0.956130 0.000000 -0.479550 0.877515 0.000000 -0.091670 0.995789 0.000000 
-0.875984 -0.482340 -0.000000 0.962902 -0.269850 0.000000 0.157042 -0.987592 0.000000 0.292958 0.956125 0.000000 -0.480886 0.876783 0.000000 -0.091951 0.995764 0.000000 
-0.875203 -0.483755 -0.000000 0.962909 -0.269828 0.000000 0.157332 -0.987546 0.000000 0.292937 0.956132 0.000000 -0.482362 0.875972 0.000000 -0.092256 0.995735 0.000000 
-0.874457 -0.485103 -0.000000 0.962908 -0.269829 0.000000 0.157564 -0.987509 0.000000 0.292936 0.956132 0.000000 -0.483724 0.875221 0.000000 -0.092476 0.995715 0.000000 
-0.873797 -0.486290 -0.000000 0.962908 -0.269829 0.000000 0.157777 -0.987475 0.000000 0.292934 0.956133 0.000000 -0.484946 0.874544 0.000000 -0.092699 0.995694 0.000000 
-0.873229 -0.487309 -0.000000 0.962908 -0.269828 0.000000 0.157965 -0.987445 0.000000 0.292932 0.956133 0.000000 -0.486010 0.873953 0.000000 -0.092902 0.995675 0.000000 
-0.872782 -0.488111 -0.000000 0.962909 -0.269827 0.000000 0.158114 -0.987421 0.000000 0.292929 0.956134 0.000000 -0.486853 0.873484 0.000000 -0.093062 0.995660 0.000000 
-0.872471 -0.488665 -0.000000 0.962910 -0.269824 0.000000 0.158220 -0.987404 0.000000 0.292926 0.956135 0.000000 -0.487448 0.873152 0.000000 -0.093169 0.995650 0.000000 
-0.872368 -0.488850 -0.000000 0.962910 -0.269821 0.000000 0.158262 -0.987397 0.000000 0.292922 0.956136 0.000000 -0.487677 0.873024 0.000000 -0.093203 0.995647 0.000000 
-0.872412 -0.488771 -0.000000 0.962971 -0.269607 0.000000 0.158252 -0.987399 0.000000 0.292709 0.956202 0.000000 -0.487636 0.873047 0.000000 -0.093111 0.995656 0.000000 
-0.872486 -0.488639 -0.000000 0.962973 -0.269599 0.000000 0.158234 -0.987402 0.000000 0.292701 0.956204 0.000000 -0.487539 0.873101 0.000000 -0.093078 0.995659 0.000000 
-0.872567 -0.488494 -0.000000 0.962973 -0.269598 0.000000 0.158210 -0.987405 0.000000 0.292699 0.956205 0.000000 -0.487425 0.873165 0.000000 -0.093033 0.995663 0.000000 
-0.872645 -0.488355 -0.000000 0.962974 -0.269596 0.000000 0.158185 -0.987410 0.000000 0.292697 0.956205 0.000000 -0.487312 0.873228 0.000000 -0.092978 0.995668 0.000000 
-0.872716 -0.488228 -0.000000 0.962974 -0.269594 0.000000 0.158160 -0.987414 0.000000 0.292695 0.956206 0.000000 -0.487206 0.873287 0.000000 -0.092915 0.995674 0.000000 
-0.872797 -0.488083 -0.000000 0.962975 -0.269592 0.000000 0.158130 -0.987418 0.000000 0.292693 0.956206 0.000000 -0.487080 0.873357 0.000000 -0.092846 0.995680 0.000000 
-0.872917 -0.487869 -0.000000 0.962975 -0.269591 0.000000 0.158084 -0.987426 0.000000 0.292691 0.956207 0.000000 -0.486883 0.873467 0.000000 -0.092756 0.995689 0.000000 
-0.873095 -0.487550 -0.000000 0.962975 -0.269589 0.000000 0.158011 -0.987437 0.000000 0.292690 0.956208 0.000000 -0.486574 0.873639 0.000000 -0.092642 0.995699 0.000000 
-0.873307 -0.487170 -0.000000 0.962976 -0.269589 0.000000 0.157923 -0.987451 0.000000 0.292688 0.956208 0.000000 -0.486201 0.873847 0.000000 -0.092515 0.995711 0.000000 
-0.873512 -0.486803 -0.000000 0.962976 -0.269588 0.000000 0.157841 -0.987465 0.000000 0.292687 0.956208 0.000000 -0.485856 0.874039 0.000000 -0.092387 0.995723 0.000000 
-0.873685 -0.486493 -0.000000 0.962976 -0.269586 0.000000 0.157776 -0.987475 0.000000 0.292686 0.956209 0.000000 -0.485585 0.874190 0.000000 -0.092270 0.995734 0.000000 
-0.873919 -0.486072 -0.000000 0.962976 -0.269585 0.000000 0.157687 -0.987489 0.000000 0.292685 0.956209 0.000000 -0.485209 0.874398 0.000000 -0.092133 0.995747 0.000000 
-0.874249 -0.485477 -0.000000 0.962976 -0.269585 0.000000 0.157560 -0.987509 0.000000 0.292684 0.956209 0.000000 -0.484669 0.874697 0.000000 -0.091959 0.995763 0.000000 
-0.874476 -0.485070 -0.000000 0.962977 -0.269585 0.000000 0.157480 -0.987522 0.000000 0.292683 0.956209 0.000000 -0.484325 0.874888 0.000000 -0.091830 0.995775 0.000000 
-0.874661 -0.484736 -0.000000 0.962977 -0.269585 0.000000 0.157417 -0.987532 0.000000 0.292683 0.956210 0.000000 -0.484057 0.875037 0.000000 -0.091720 0.995785 0.000000 
-0.874847 -0.484399 -0.000000 0.962976 -0.269586 0.000000 0.157354 -0.987542 0.000000 0.292682 0.956210 0.000000 -0.483789 0.875185 0.000000 -0.091608 0.995795 0.000000 
-0.875017 -0.484092 -0.000000 0.962977 -0.269584 0.000000 0.157298 -0.987551 0.000000 0.292682 0.956210 0.000000 -0.483548 0.875318 0.000000 -0.091498 0.995805 0.000000 
-0.875150 -0.483851 -0.000000 0.962977 -0.269585 0.000000 0.157256 -0.987558 0.000000 0.292681 0.956210 0.000000 -0.483373 0.875414 0.000000 -0.091395 0.995815 0.000000 
-0.875282 -0.483614 -0.000000 0.962977 -0.269585 0.000000 0.157214 -0.987565 0.000000 0.292681 0.956210 0.000000 -0.483203 0.875508 0.000000 -0.091288 0.995825 0.000000 
-0.875419 -0.483365 -0.000000 0.962977 -0.269585 0.000000 0.157170 -0.987571 0.000000 0.292680 0.956210 0.000000 -0.483023 0.875608 0.000000 -0.091174 0.995835 0.000000 
-0.875562 -0.483105 -0.000000 0.962977 -0.269585 0.000000 0.157124 -0.987579 0.000000 0.292680 0.956211 0.000000 -0.482834 0.875712 0.000000 -0.091055 0.995846 0.000000 
-0.875712 -0.482833 -0.000000 0.962977 -0.269584 0.000000 0.157075 -0.987587 0.000000 0.292679 0.956211 0.000000 -0.482633 0.875822 0.000000 -0.090929 0.995857 0.000000 
-0.875869 -0.482549 -0.000000 0.962977 -0.269585 0.000000 0.157023 -0.987595 0.000000 0.292679 0.956211 0.000000 -0.482421 0.875939 0.000000 -0.090797 0.995869 0.000000 
-0.876033 -0.482252 -0.000000 0.962977 -0.269585 0.000000 0.156968 -0.987604 0.000000 0.292678 0.956211 0.000000 -0.482196 0.876064 0.000000 -0.090658 0.995882 0.000000 
-0.876204 -0.481941 -0.000000 0.962976 -0.269586 0.000000 0.156909 -0.987613 0.000000 0.292678 0.956211 0.000000 -0.481957 0.876195 0.000000 -0.090512 0.995895 0.000000 
-0.876382 -0.481617 -0.000000 0.962977 -0.269585 0.000000 0.156846 -0.987623 0.000000 0.292677 0.956211 0.000000 -0.481703 0.876335 0.000000 -0.090358 0.995909 0.000000 
-0.876571 -0.481272 -0.000000 0.962976 -0.269586 0.000000 0.156778 -0.987634 0.000000 0.292677 0.956211 0.000000 -0.481425 0.876487 0.000000 -0.090195 0.995924 0.000000 
-0.876855 -0.480756 -0.000000 0.962970 -0.269609 0.000000 0.156650 -0.987654 0.000000 0.292700 0.956204 0.000000 -0.480969 0.876738 0.000000 -0.089989 0.995943 0.000000 
-0.877227 -0.480076 -0.000000 0.962905 -0.269842 0.000000 0.156421 -0.987691 0.000000 0.292932 0.956133 0.000000 -0.480332 0.877087 0.000000 -0.089732 0.995966 0.000000 
-0.877576 -0.479438 -0.000000 0.962867 -0.269977 0.000000 0.156258 -0.987716 0.000000 0.293065 0.956093 0.000000 -0.479716 0.877424 0.000000 -0.089533 0.995984 0.000000 
-0.877784 -0.479057 -0.000000 0.962855 -0.270020 0.000000 0.156140 -0.987735 0.000000 0.293107 0.956080 0.000000 -0.479335 0.877632 0.000000 -0.089344 0.996001 0.000000 
-0.878022 -0.478620 -0.000000 0.962784 -0.270273 0.000000 0.155952 -0.987765 0.000000 0.293360 0.956002 0.000000 -0.478872 0.877885 0.000000 -0.089140 0.996019 0.000000 
-0.878403 -0.477920 -0.000000 0.962577 -0.271008 0.000000 0.155574 -0.987824 0.000000 0.294089 0.955778 0.000000 -0.478112 0.878299 0.000000 -0.088847 0.996045 0.000000 
-0.878772 -0.477242 -0.000000 0.962350 -0.271814 0.000000 0.155180 -0.987886 0.000000 0.294890 0.955531 0.000000 -0.477354 0.878711 0.000000 -0.088554 0.996071 0.000000 
-0.879221 -0.476415 -0.000000 0.962094 -0.272719 0.000000 0.154728 -0.987957 0.000000 0.295789 0.955253 0.000000 -0.476449 0.879202 0.000000 -0.088228 0.996100 0.000000 
-0.879839 -0.475271 -0.000000 0.961753 -0.273919 0.000000 0.154127 -0.988051 0.000000 0.296980 0.954884 0.000000 -0.475228 0.879862 0.000000 -0.087822 0.996136 0.000000 
-0.880661 -0.473746 -0.000000 0.961285 -0.275558 0.000000 0.153345 -0.988173 0.000000 0.298606 0.954377 0.000000 -0.473621 0.880729 0.000000 -0.087345 0.996178 0.000000 
-0.881620 -0.471959 -0.000000 0.960719 -0.277521 0.000000 0.152397 -0.988319 0.000000 0.300555 0.953765 0.000000 -0.471747 0.881734 0.000000 -0.086765 0.996229 0.000000 
-0.882676 -0.469981 -0.000000 0.960068 -0.279766 0.000000 0.151332 -0.988483 0.000000 0.302783 0.953060 0.000000 -0.469681 0.882836 0.000000 -0.086130 0.996284 0.000000 
-0.883817 -0.467833 -0.000000 0.959356 -0.282199 0.000000 0.150179 -0.988659 0.000000 0.305197 0.952289 0.000000 -0.467444 0.884023 0.000000 -0.085453 0.996342 0.000000 
-0.884993 -0.465605 -0.000000 0.958613 -0.284713 0.000000 0.148988 -0.988839 0.000000 0.307691 0.951486 0.000000 -0.465129 0.885243 0.000000 -0.084762 0.996401 0.000000 
-0.886150 -0.463399 -0.000000 0.957866 -0.287215 0.000000 0.147807 -0.989016 0.000000 0.310174 0.950680 0.000000 -0.462839 0.886442 0.000000 -0.084082 0.996459 0.000000 
-0.887250 -0.461290 -0.000000 0.957143 -0.289615 0.000000 0.146675 -0.989185 0.000000 0.312553 0.949900 0.000000 -0.460647 0.887583 0.000000 -0.083436 0.996513 0.000000 
-0.888255 -0.459350 -0.000000 0.956472 -0.291824 0.000000 0.145633 -0.989339 0.000000 0.314744 0.949176 0.000000 -0.458630 0.888627 0.000000 -0.082840 0.996563 0.000000 
-0.889146 -0.457623 -0.000000 0.955867 -0.293800 0.000000 0.144702 -0.989475 0.000000 0.316703 0.948525 0.000000 -0.456826 0.889556 0.000000 -0.082307 0.996607 0.000000 
-0.889873 -0.456208 -0.000000 0.955365 -0.295428 0.000000 0.143932 -0.989588 0.000000 0.318318 0.947984 0.000000 -0.455336 0.890319 0.000000 -0.081862 0.996644 0.000000 
-0.890272 -0.455429 -0.000000 0.955081 -0.296344 0.000000 0.143498 -0.989651 0.000000 0.319222 0.947680 0.000000 -0.454486 0.890754 0.000000 -0.081594 0.996666 0.000000 
-0.890447 -0.455086 -0.000000 0.954940 -0.296798 0.000000 0.143299 -0.989679 0.000000 0.319666 0.947530 0.000000 -0.454075 0.890964 0.000000 -0.081465 0.996676 0.000000 
-0.890601 -0.454786 -0.000000 0.954808 -0.297224 0.000000 0.143122 -0.989705 0.000000 0.320082 0.947390 0.000000 -0.453713 0.891148 0.000000 -0.081354 0.996685 0.000000 
-0.890706 -0.454579 -0.000000 0.954709 -0.297542 0.000000 0.142996 -0.989723 0.000000 0.320387 0.947287 0.000000 -0.453449 0.891282 0.000000 -0.081269 0.996692 0.000000 
-0.890846 -0.454306 -0.000000 0.954597 -0.297901 0.000000 0.142847 -0.989745 0.000000 0.320732 0.947170 0.000000 -0.453125 0.891447 0.000000 -0.081175 0.996700 0.000000 
-0.891070 -0.453867 -0.000000 0.954436 -0.298417 0.000000 0.142628 -0.989776 0.000000 0.321230 0.947001 0.000000 -0.452639 0.891694 0.000000 -0.081047 0.996710 0.000000 
-0.891365 -0.453286 -0.000000 0.954224 -0.299091 0.000000 0.142345 -0.989817 0.000000 0.321875 0.946782 0.000000 -0.452012 0.892012 0.000000 -0.080893 0.996723 0.000000 
-0.891699 -0.452628 -0.000000 0.953983 -0.299859 0.000000 0.142028 -0.989863 0.000000 0.322604 0.946534 0.000000 -0.451310 0.892367 0.000000 -0.080725 0.996736 0.000000 
-0.892042 -0.451952 -0.000000 0.953734 -0.300652 0.000000 0.141706 -0.989909 0.000000 0.323350 0.946280 0.000000 -0.450591 0.892731 0.000000 -0.080557 0.996750 0.000000 
-0.892362 -0.451321 -0.000000 0.953500 -0.301393 0.000000 0.141408 -0.989951 0.000000 0.324041 0.946043 0.000000 -0.449918 0.893070 0.000000 -0.080401 0.996763 0.000000 
-0.892630 -0.450789 -0.000000 0.953298 -0.302032 0.000000 0.141160 -0.989987 0.000000 0.324625 0.945843 0.000000 -0.449346 0.893358 0.000000 -0.080269 0.996773 0.000000 
-0.892830 -0.450394 -0.000000 0.953140 -0.302530 0.000000 0.140982 -0.990012 0.000000 0.325057 0.945695 0.000000 -0.448912 0.893576 0.000000 -0.080171 0.996781 0.000000 
-0.892949 -0.450158 -0.000000 0.953036 -0.302856 0.000000 0.140886 -0.990026 0.000000 0.325308 0.945608 0.000000 -0.448639 0.893713 0.000000 -0.080112 0.996786 0.000000 
-0.892986 -0.450084 -0.000000 0.952990 -0.303002 0.000000 0.140877 -0.990027 0.000000 0.325367 0.945588 0.000000 -0.448529 0.893768 0.000000 -0.080091 0.996788 0.000000 
-0.892980 -0.450097 -0.000000 0.953079 -0.302723 0.000000 0.141001 -0.990009 0.000000 0.324994 0.945716 0.000000 -0.448527 0.893769 0.000000 -0.080109 0.996786 0.000000 
-0.892979 -0.450098 -0.000000 0.953356 -0.301847 0.000000 0.141268 -0.989971 0.000000 0.324025 0.946048 0.000000 -0.448527 0.893769 0.000000 -0.080137 0.996784 0.000000 
-0.892979 -0.450099 -0.000000 0.953740 -0.300634 0.000000 0.141620 -0.989921 0.000000 0.322708 0.946499 0.000000 -0.448529 0.893768 0.000000 -0.080169 0.996781 0.000000 
-0.892978 -0.450101 -0.000000 0.954125 -0.299407 0.000000 0.141979 -0.989870 0.000000 0.321369 0.946954 0.000000 -0.448530 0.893768 0.000000 -0.080200 0.996779 0.000000 
-0.892976 -0.450103 -0.000000 0.954459 -0.298342 0.000000 0.142301 -0.989823 0.000000 0.320187 0.947354 0.000000 -0.448532 0.893767 0.000000 -0.080229 0.996776 0.000000 
-0.892975 -0.450106 -0.000000 0.954738 -0.297447 0.000000 0.142583 -0.989783 0.000000 0.319177 0.947695 0.000000 -0.448534 0.893766 0.000000 -0.080256 0.996774 0.000000 
-0.892974 -0.450109 -0.000000 0.954969 -0.296707 0.000000 0.142825 -0.989748 0.000000 0.318324 0.947982 0.000000 -0.448537 0.893764 0.000000 -0.080280 0.996772 0.000000 
-0.892972 -0.450112 -0.000000 0.955174 -0.296044 0.000000 0.143044 -0.989716 0.000000 0.317554 0.948240 0.000000 -0.448540 0.893763 0.000000 -0.080301 0.996771 0.000000 
-0.892971 -0.450115 -0.000000 0.955342 -0.295501 0.000000 0.143226 -0.989690 0.000000 0.316915 0.948454 0.000000 -0.448543 0.893761 0.000000 -0.080319 0.996769 0.000000 
-0.892969 -0.450118 -0.000000 0.955468 -0.295094 0.000000 0.143370 -0.989669 0.000000 0.316420 0.948619 0.000000 -0.448546 0.893760 0.000000 -0.080334 0.996768 0.000000 
-0.892967 -0.450122 -0.000000 0.955557 -0.294808 0.000000 0.143481 -0.989653 0.000000 0.316054 0.948741 0.000000 -0.448549 0.893758 0.000000 -0.080347 0.996767 0.000000 
-0.892966 -0.450124 -0.000000 0.955631 -0.294566 0.000000 0.143574 -0.989640 0.000000 0.315746 0.948844 0.000000 -0.448552 0.893757 0.000000 -0.080358 0.996766 0.000000 
-0.892964 -0.450127 -0.000000 0.955696 -0.294356 0.000000 0.143651 -0.989628 0.000000 0.315484 0.948931 0.000000 -0.448555 0.893755 0.000000 -0.080366 0.996765 0.000000 
-0.892962 -0.450132 -0.000000 0.955741 -0.294210 0.000000 0.143705 -0.989621 0.000000 0.315301 0.948992 0.000000 -0.448560 0.893753 0.000000 -0.080371 0.996765 0.000000 
-0.892960 -0.450136 -0.000000 0.955766 -0.294128 0.000000 0.143736 -0.989616 0.000000 0.315199 0.949025 0.000000 -0.448564 0.893751 0.000000 -0.080374 0.996765 0.000000 
-0.892958 -0.450139 -0.000000 0.955772 -0.294110 0.000000 0.143743 -0.989615 0.000000 0.315175 0.949033 0.000000 -0.448567 0.893749 0.000000 -0.080376 0.996765 0.000000 
-0.892957 -0.450142 -0.000000 0.955771 -0.294110 0.000000 0.143743 -0.989615 0.000000 0.315178 0.949033 0.000000 -0.448569 0.893748 0.000000 -0.080375 0.996765 0.000000 
-0.892956 -0.450143 -0.000000 0.955767 -0.294124 0.000000 0.143738 -0.989616 0.000000 0.315194 0.949027 0.000000 -0.448571 0.893747 0.000000 -0.080375 0.996765 0.000000 
-0.892956 -0.450144 -0.000000 0.955759 -0.294150 0.000000 0.143731 -0.989617 0.000000 0.315222 0.949018 0.000000 -0.448572 0.893746 0.000000 -0.080374 0.996765 0.000000 
-0.892955 -0.450146 -0.000000 0.955748 -0.294187 0.000000 0.143720 -0.989618 0.000000 0.315264 0.949004 0.000000 -0.448574 0.893746 0.000000 -0.080373 0.996765 0.000000 
-0.892954 -0.450148 -0.000000 0.955732 -0.294239 0.000000 0.143705 -0.989621 0.000000 0.315320 0.948986 0.000000 -0.448576 0.893745 0.000000 -0.080372 0.996765 0.000000 
-0.892953 -0.450149 -0.000000 0.955708 -0.294315 0.000000 0.143683 -0.989624 0.000000 0.315404 0.948957 0.000000 -0.448577 0.893744 0.000000 -0.080370 0.996765 0.000000 
-0.892952 -0.450151 -0.000000 0.955677 -0.294417 0.000000 0.143652 -0.989628 0.000000 0.315518 0.948920 0.000000 -0.448578 0.893744 0.000000 -0.080368 0.996765 0.000000 
-0.892952 -0.450152 -0.000000 0.955644 -0.294524 0.000000 0.143619 -0.989633 0.000000 0.315638 0.948880 0.000000 -0.448580 0.893743 0.000000 -0.080365 0.996765 0.000000 
-0.892951 -0.450153 -0.000000 0.955612 -0.294628 0.000000 0.143586 -0.989638 0.000000 0.315758 0.948840 0.000000 -0.448582 0.893742 0.000000 -0.080362 0.996766 0.000000 
-0.892950 -0.450155 -0.000000 0.955582 -0.294727 0.000000 0.143554 -0.989642 0.000000 0.315873 0.948801 0.000000 -0.448583 0.893741 0.000000 -0.080359 0.996766 0.000000 
-0.892950 -0.450157 -0.000000 0.955553 -0.294819 0.000000 0.143524 -0.989647 0.000000 0.315983 0.948765 0.000000 -0.448584 0.893741 0.000000 -0.080356 0.996766 0.000000 
-0.892949 -0.450158 -0.000000 0.955527 -0.294905 0.000000 0.143494 -0.989651 0.000000 0.316087 0.948730 0.000000 -0.448586 0.893740 0.000000 -0.080353 0.996766 0.000000 
-0.892948 -0.450159 -0.000000 0.955502 -0.294985 0.000000 0.143466 -0.989655 0.000000 0.316187 0.948697 0.000000 -0.448587 0.893739 0.000000 -0.080350 0.996767 0.000000 
-0.892948 -0.450160 -0.000000 0.955477 -0.295065 0.000000 0.143437 -0.989659 0.000000 0.316287 0.948664 0.000000 -0.448589 0.893738 0.000000 -0.080346 0.996767 0.000000 
-0.892947 -0.450162 -0.000000 0.955452 -0.295147 0.000000 0.143408 -0.989664 0.000000 0.316390 0.948629 0.000000 -0.448590 0.893738 0.000000 -0.080343 0.996767 0.000000 
-0.892946 -0.450164 -0.000000 0.955426 -0.295232 0.000000 0.143377 -0.989668 0.000000 0.316497 0.948594 0.000000 -0.448591 0.893737 0.000000 -0.080340 0.996768 0.000000 
-0.892945 -0.450165 -0.000000 0.955398 -0.295320 0.000000 0.143346 -0.989673 0.000000 0.316606 0.948557 0.000000 -0.448593 0.893736 0.000000 -0.080336 0.996768 0.000000 
-0.892945 -0.450167 -0.000000 0.955371 -0.295408 0.000000 0.143315 -0.989677 0.000000 0.316715 0.948521 0.000000 -0.448594 0.893735 0.000000 -0.080333 0.996768 0.000000 
-0.892944 -0.450168 -0.000000 0.955344 -0.295497 0.000000 0.143284 -0.989682 0.000000 0.316825 0.948484 0.000000 -0.448596 0.893735 0.000000 -0.080329 0.996768 0.000000 
-0.892943 -0.450169 -0.000000 0.955315 -0.295588 0.000000 0.143253 -0.989686 0.000000 0.316937 0.948447 0.000000 -0.448597 0.893734 0.000000 -0.080326 0.996769 0.000000 
-0.892942 -0.450171 -0.000000 0.955286 -0.295684 0.000000 0.143220 -0.989691 0.000000 0.317053 0.948408 0.000000 -0.448598 0.893734 0.000000 -0.080322 0.996769 0.000000 
-0.892942 -0.450172 -0.000000 0.955255 -0.295783 0.000000 0.143187 -0.989696 0.000000 0.317171 0.948368 0.000000 -0.448600 0.893733 0.000000 -0.080319 0.996769 0.000000 
-0.892941 -0.450173 -0.000000 0.955224 -0.295885 0.000000 0.143153 -0.989701 0.000000 0.317292 0.948328 0.000000 -0.448601 0.893732 0.000000 -0.080315 0.996770 0.000000 
-0.892941 -0.450175 -0.000000 0.955191 -0.295989 0.000000 0.143119 -0.989705 0.000000 0.317415 0.948287 0.000000 -0.448603 0.893731 0.000000 -0.080312 0.996770 0.000000 
-0.892940 -0.450176 -0.000000 0.955159 -0.296093 0.000000 0.143086 -0.989710 0.000000 0.317536 0.948246 0.000000 -0.448604 0.893731 0.000000 -0.080309 0.996770 0.000000 
-0.892939 -0.450177 -0.000000 0.955128 -0.296193 0.000000 0.143054 -0.989715 0.000000 0.317652 0.948207 0.000000 -0.448606 0.893730 0.000000 -0.080306 0.996770 0.000000 
-0.892939 -0.450178 -0.000000 0.955099 -0.296287 0.000000 0.143024 -0.989719 0.000000 0.317761 0.948171 0.000000 -0.448607 0.893729 0.000000 -0.080303 0.996771 0.000000 
-0.892938 -0.450180 -0.000000 0.955072 -0.296374 0.000000 0.142997 -0.989723 0.000000 0.317861 0.948137 0.000000 -0.448608 0.893729 0.000000 -0.080300 0.996771 0.000000 
-0.892937 -0.450181 -0.000000 0.955048 -0.296452 0.000000 0.142973 -0.989727 0.000000 0.317950 0.948107 0.000000 -0.448609 0.893728 0.000000 -0.080298 0.996771 0.000000 
-0.892937 -0.450182 -0.000000 0.955027 -0.296519 0.000000 0.142952 -0.989730 0.000000 0.318028 0.948081 0.000000 -0.448610 0.893727 0.000000 -0.080296 0.996771 0.000000 
-0.892936 -0.450183 -0.000000 0.955009 -0.296575 0.000000 0.142934 -0.989732 0.000000 0.318093 0.948059 0.000000 -0.448612 0.893727 0.000000 -0.080294 0.996771 0.000000 
-0.892936 -0.450185 -0.000000 0.954995 -0.296621 0.000000 0.142920 -0.989734 0.000000 0.318146 0.948042 0.000000 -0.448613 0.893726 0.000000 -0.080293 0.996771 0.000000 
-0.892935 -0.450186 -0.000000 0.954985 -0.296655 0.000000 0.142910 -0.989736 0.000000 0.318186 0.948028 0.000000 -0.448614 0.893725 0.000000 -0.080292 0.996771 0.000000 
-0.892934 -0.450187 -0.000000 0.954976 -0.296684 0.000000 0.142901 -0.989737 0.000000 0.318219 0.948017 0.000000 -0.448616 0.893725 0.000000 -0.080291 0.996771 0.000000 
-0.892934 -0.450188 -0.000000 0.954968 -0.296708 0.000000 0.142895 -0.989738 0.000000 0.318247 0.948008 0.000000 -0.448617 0.893724 0.000000 -0.080291 0.996772 0.000000 
-0.892933 -0.450189 -0.000000 0.954962 -0.296728 0.000000 0.142891 -0.989738 0.000000 0.318267 0.948001 0.000000 -0.448619 0.893723 0.000000 -0.080290 0.996772 0.000000 
-0.892932 -0.450191 -0.000000 0.954958 -0.296740 0.000000 0.142888 -0.989739 0.000000 0.318280 0.947997 0.000000 -0.448620 0.893723 0.000000 -0.080290 0.996772 0.000000 
-0.892932 -0.450192 -0.000000 0.954957 -0.296744 0.000000 0.142888 -0.989739 0.000000 0.318283 0.947996 0.000000 -0.448621 0.893722 0.000000 -0.080290 0.996772 0.000000 
-0.892931 -0.450194 -0.000000 0.954956 -0.296747 0.000000 0.142889 -0.989739 0.000000 0.318285 0.947995 0.000000 -0.448623 0.893721 0.000000 -0.080290 0.996772 0.000000 
-0.892930 -0.450196 -0.000000 0.954955 -0.296750 0.000000 0.142889 -0.989739 0.000000 0.318288 0.947994 0.000000 -0.448624 0.893721 0.000000 -0.080291 0.996771 0.000000 
-0.892929 -0.450197 -0.000000 0.954954 -0.296754 0.000000 0.142890 -0.989739 0.000000 0.318291 0.947993 0.000000 -0.448626 0.893720 0.000000 -0.080291 0.996771 0.000000 
-0.892928 -0.450199 -0.000000 0.954952 -0.296760 0.000000 0.142890 -0.989739 0.000000 0.318296 0.947991 0.000000 -0.448627 0.893719 0.000000 -0.080291 0.996771 0.000000 
-0.892928 -0.450200 -0.000000 0.954950 -0.296766 0.000000 0.142891 -0.989738 0.000000 0.318302 0.947989 0.000000 -0.448629 0.893718 0.000000 -0.080292 0.996771 0.000000 
-0.892927 -0.450202 -0.000000 0.954948 -0.296774 0.000000 0.142892 -0.989738 0.000000 0.318308 0.947987 0.000000 -0.448630 0.893717 0.000000 -0.080292 0.996771 0.000000 
-0.892926 -0.450203 -0.000000 0.954945 -0.296782 0.000000 0.142892 -0.989738 0.000000 0.318314 0.947985 0.000000 -0.448632 0.893717 0.000000 -0.080292 0.996771 0.000000 
-0.892925 -0.450205 -0.000000 0.954943 -0.296789 0.000000 0.142893 -0.989738 0.000000 0.318321 0.947983 0.000000 -0.448634 0.893716 0.000000 -0.080293 0.996771 0.000000 
-0.892924 -0.450207 -0.000000 0.954941 -0.296796 0.000000 0.142894 -0.989738 0.000000 0.318326 0.947981 0.000000 -0.448635 0.893715 0.000000 -0.080293 0.996771 0.000000 
-0.892923 -0.450209 -0.000000 0.954939 -0.296803 0.000000 0.142894 -0.989738 0.000000 0.318332 0.947979 0.000000 -0.448637 0.893714 0.000000 -0.080294 0.996771 0.000000 
-0.892923 -0.450210 -0.000000 0.954937 -0.296809 0.000000 0.142895 -0.989738 0.000000 0.318338 0.947977 0.000000 -0.448638 0.893713 0.000000 -0.080294 0.996771 0.000000 
-0.892922 -0.450212 -0.000000 0.954934 -0.296817 0.000000 0.142895 -0.989738 0.000000 0.318343 0.947975 0.000000 -0.448640 0.893712 0.000000 -0.080294 0.996771 0.000000 
-0.892921 -0.450213 -0.000000 0.954932 -0.296825 0.000000 0.142895 -0.989738 0.000000 0.318350 0.947973 0.000000 -0.448642 0.893711 0.000000 -0.080295 0.996771 0.000000 
-0.892920 -0.450215 -0.000000 0.954928 -0.296837 0.000000 0.142895 -0.989738 0.000000 0.318360 0.947970 0.000000 -0.448644 0.893711 0.000000 -0.080295 0.996771 0.000000 
-0.892919 -0.450217 -0.000000 0.954923 -0.296853 0.000000 0.142894 -0.989738 0.000000 0.318372 0.947966 0.000000 -0.448645 0.893710 0.000000 -0.080296 0.996771 0.000000 
-0.892918 -0.450219 -0.000000 0.954917 -0.296874 0.000000 0.142893 -0.989738 0.000000 0.318389 0.947960 0.000000 -0.448647 0.893709 0.000000 -0.080297 0.996771 0.000000 
-0.892918 -0.450220 -0.000000 0.954909 -0.296898 0.000000 0.142890 -0.989739 0.000000 0.318408 0.947954 0.000000 -0.448649 0.893708 0.000000 -0.080297 0.996771 0.000000 
-0.892916 -0.450222 -0.000000 0.954901 -0.296926 0.000000 0.142888 -0.989739 0.000000 0.318430 0.947946 0.000000 -0.448651 0.893707 0.000000 -0.080298 0.996771 0.000000 
-0.892916 -0.450224 -0.000000 0.954891 -0.296955 0.000000 0.142885 -0.989739 0.000000 0.318454 0.947938 0.000000 -0.448653 0.893706 0.000000 -0.080299 0.996771 0.000000 
-0.892915 -0.450226 -0.000000 0.954882 -0.296985 0.000000 0.142881 -0.989740 0.000000 0.318478 0.947930 0.000000 -0.448654 0.893705 0.000000 -0.080300 0.996771 0.000000 
-0.892914 -0.450228 -0.000000 0.954873 -0.297015 0.000000 0.142878 -0.989740 0.000000 0.318502 0.947922 0.000000 -0.448656 0.893704 0.000000 -0.080301 0.996771 0.000000 
-0.892913 -0.450229 -0.000000 0.954864 -0.297044 0.000000 0.142874 -0.989741 0.000000 0.318526 0.947914 0.000000 -0.448658 0.893704 0.000000 -0.080302 0.996771 0.000000 
-0.892912 -0.450231 -0.000000 0.954856 -0.297070 0.000000 0.142871 -0.989741 0.000000 0.318548 0.947907 0.000000 -0.448659 0.893703 0.000000 -0.080302 0.996771 0.000000 
-0.892911 -0.450233 -0.000000 0.954848 -0.297095 0.000000 0.142868 -0.989742 0.000000 0.318569 0.947900 0.000000 -0.448662 0.893702 0.000000 -0.080303 0.996771 0.000000 
-0.892911 -0.450234 -0.000000 0.954840 -0.297119 0.000000 0.142865 -0.989742 0.000000 0.318588 0.947893 0.000000 -0.448663 0.893701 0.000000 -0.080303 0.996770 0.000000 
-0.892909 -0.450236 -0.000000 0.954834 -0.297141 0.000000 0.142863 -0.989743 0.000000 0.318606 0.947887 0.000000 -0.448665 0.893700 0.000000 -0.080304 0.996770 0.000000 
-0.892908 -0.450238 -0.000000 0.954827 -0.297162 0.000000 0.142861 -0.989743 0.000000 0.318623 0.947882 0.000000 -0.448667 0.893699 0.000000 -0.080305 0.996770 0.000000 
-0.892908 -0.450240 -0.000000 0.954821 -0.297181 0.000000 0.142859 -0.989743 0.000000 0.318638 0.947876 0.000000 -0.448668 0.893698 0.000000 -0.080305 0.996770 0.000000 
-0.892907 -0.450242 -0.000000 0.954815 -0.297200 0.000000 0.142858 -0.989743 0.000000 0.318653 0.947872 0.000000 -0.448670 0.893697 0.000000 -0.080306 0.996770 0.000000 
-0.892906 -0.450243 -0.000000 0.954810 -0.297217 0.000000 0.142856 -0.989743 0.000000 0.318667 0.947867 0.000000 -0.448672 0.893696 0.000000 -0.080306 0.996770 0.000000 
