1.420466 0.481609 0.004986 1.043129 0.028285 0.004858 0.979768 0.232890 0.004963 1.626864 0.424360 0.004888 1.174656 0.065572 0.004852 1.593505 0.291782 0.004879 
1.420472 0.481602 0.004988 1.043129 0.028285 0.004870 0.979767 0.232889 0.004966 1.626872 0.424358 0.004898 1.174657 0.065573 0.004862 1.593515 0.291779 0.004885 
1.420472 0.481602 0.004988 1.043129 0.028285 0.004877 0.979766 0.232889 0.004966 1.626872 0.424359 0.004906 1.174656 0.065573 0.004871 1.593516 0.291780 0.004889 
1.420471 0.481601 0.004988 1.043129 0.028285 0.004882 0.979766 0.232889 0.004964 1.626871 0.424359 0.004916 1.174656 0.065574 0.004881 1.593516 0.291780 0.004895 
1.420471 0.481601 0.004989 1.043129 0.028285 0.004886 0.979766 0.232889 0.004962 1.626871 0.424359 0.004928 1.174656 0.065574 0.004890 1.593516 0.291780 0.004899 
1.420471 0.481600 0.004992 1.043129 0.028285 0.004893 0.979765 0.232889 0.004964 1.626871 0.424359 0.004935 1.174656 0.065574 0.004895 1.593516 0.291780 0.004900 
1.420393 0.481523 0.004944 1.043123 0.028286 0.004899 0.979751 0.232887 0.004966 1.626814 0.424357 0.004709 1.174649 0.065581 0.004899 1.593508 0.291766 0.004757 
1.420392 0.481522 0.004955 1.043124 0.028286 0.004904 0.979751 0.232887 0.004969 1.626814 0.424357 0.004739 1.174649 0.065581 0.004901 1.593508 0.291765 0.004769 
1.420391 0.481521 0.004972 1.043124 0.028286 0.004907 0.979750 0.232887 0.004970 1.626813 0.424356 0.004772 1.174649 0.065582 0.004904 1.593507 0.291765 0.004779 
1.420391 0.481520 0.005002 1.043124 0.028286 0.004910 0.979749 0.232886 0.004972 1.626813 0.424355 0.004817 1.174649 0.065582 0.004907 1.593507 0.291764 0.004787 
1.420390 0.481517 0.005058 1.043125 0.028281 0.004914 0.979740 0.232879 0.004974 1.626812 0.424353 0.004881 1.174648 0.065584 0.004910 1.593507 0.291762 0.004793 
1.420451 0.481542 0.005213 1.043124 0.028326 0.004556 0.979663 0.232900 0.004982 1.626873 0.424381 0.005036 1.174633 0.065678 0.004684 1.593570 0.291789 0.004786 
1.420525 0.481565 0.005451 1.043124 0.028142 0.004535 0.979258 0.232588 0.005152 1.626934 0.424353 0.005313 1.174559 0.065754 0.004562 1.593598 0.291770 0.004799 
1.420596 0.481640 0.005822 1.043002 0.028013 0.004353 0.978752 0.232337 0.005664 1.626989 0.424374 0.005620 1.174365 0.065874 0.004173 1.593619 0.291802 0.004713 
1.420676 0.481695 0.006361 1.043056 0.027802 0.004432 0.978388 0.231986 0.006548 1.627044 0.424337 0.006146 1.174341 0.065933 0.004252 1.593614 0.291784 0.004735 
1.420738 0.481691 0.007359 1.043111 0.027527 0.004505 0.977944 0.231537 0.007824 1.627094 0.424295 0.006787 1.174302 0.065984 0.004290 1.593638 0.291757 0.004754 
1.420768 0.481587 0.008855 1.043088 0.027307 0.004545 0.977503 0.231148 0.009580 1.627136 0.424245 0.007553 1.174196 0.066043 0.004226 1.593707 0.291714 0.004771 
1.420722 0.481426 0.010786 1.043140 0.027088 0.004667 0.977218 0.230763 0.011620 1.627112 0.424197 0.008445 1.174179 0.066053 0.004307 1.593737 0.291673 0.004788 
1.420701 0.481257 0.013171 1.043190 0.026900 0.004798 0.977052 0.230418 0.013958 1.627100 0.424130 0.009487 1.174181 0.066026 0.004375 1.593757 0.291630 0.004803 
1.420735 0.481071 0.015987 1.043237 0.026728 0.004942 0.976952 0.230068 0.016650 1.627124 0.424032 0.010699 1.174190 0.065981 0.004442 1.593782 0.291580 0.004816 
1.417391 0.469260 0.025395 1.043577 0.024689 0.005011 0.973392 0.226665 0.017551 1.626061 0.421464 0.018333 1.173747 0.066466 0.004503 1.598722 0.287518 0.017305 
1.423592 0.458515 0.041870 1.044357 0.021754 0.005054 0.968056 0.221467 0.018131 1.633682 0.418095 0.031577 1.173192 0.067482 0.004542 1.611073 0.283268 0.031118 
1.046291 0.016094 0.005078 1.651148 0.399292 0.060638 0.958268 0.210935 0.018001 1.441058 0.440257 0.068501 1.172186 0.069386 0.004583 1.628183 0.264529 0.059528 
1.049281 0.009294 0.005099 1.673413 0.363891 0.088849 1.644279 0.230346 0.086247 1.465383 0.414415 0.095807 0.950601 0.199039 0.016785 1.073136 0.262513 0.016430 
1.049897 0.008061 0.005257 1.699859 0.320929 0.105179 1.663375 0.189177 0.104739 1.494877 0.383043 0.103881 0.949464 0.196723 0.019313 1.071379 0.261381 0.018862 
1.051125 0.005906 0.006990 1.515327 0.359792 0.105658 1.712844 0.282135 0.076778 1.663927 0.156032 0.056907 0.947656 0.192784 0.022755 1.068413 0.259546 0.020611 
1.052552 0.005684 0.008604 1.696642 0.236004 0.023021 1.648468 0.109255 0.005595 1.502873 0.307388 0.079906 0.948737 0.192183 0.026446 1.069238 0.259337 0.022719 
1.056758 0.001932 0.009361 1.715146 0.222960 0.017066 1.677042 0.091667 0.016812 1.511392 0.287431 0.031407 0.949315 0.186263 0.028224 1.068460 0.255799 0.024601 
1.059512 -0.000330 0.007983 1.712952 0.235211 0.004811 1.677960 0.103054 0.004559 1.507277 0.295001 0.004087 0.952585 0.184251 0.027321 1.071961 0.253425 0.024438 
1.059948 -0.001202 0.007688 1.712957 0.235418 0.004718 1.678049 0.103240 0.004276 1.507243 0.295078 0.004374 0.951787 0.182557 0.027971 1.070694 0.252546 0.025404 
1.060146 -0.001562 0.007732 1.712988 0.235508 0.004815 1.678137 0.103315 0.004337 1.507249 0.295080 0.004412 0.951507 0.181854 0.028557 1.070216 0.252178 0.025962 
1.060264 -0.001761 0.007822 1.712990 0.235511 0.004830 1.678139 0.103317 0.004392 1.507250 0.295081 0.004468 0.951402 0.181432 0.029430 1.070001 0.251939 0.026764 
1.060302 -0.001833 0.007930 1.712973 0.235668 0.004726 1.678196 0.103455 0.004188 1.507200 0.295123 0.004667 0.951444 0.181262 0.030376 1.070016 0.251812 0.027622 
1.060327 -0.001911 0.007887 1.713049 0.235731 0.004958 1.678274 0.103519 0.004272 1.507276 0.295186 0.004637 0.951391 0.181088 0.030738 1.069926 0.251702 0.028040 
1.060225 -0.001816 0.007809 1.713230 0.236124 0.005263 1.678545 0.103894 0.003945 1.507418 0.295444 0.004775 0.951502 0.181240 0.031213 1.070110 0.251734 0.028607 
1.060024 -0.001475 0.007682 1.713233 0.236129 0.005238 1.678547 0.103897 0.004033 1.507420 0.295448 0.004803 0.951857 0.181855 0.031514 1.070676 0.251997 0.029049 
1.059771 -0.001044 0.007491 1.713235 0.236132 0.005242 1.678549 0.103899 0.004107 1.507422 0.295450 0.004859 0.952278 0.182638 0.031652 1.071360 0.252340 0.029390 
1.059481 -0.000551 0.007213 1.713234 0.236123 0.005503 1.678548 0.103893 0.004172 1.507421 0.295442 0.005170 0.952745 0.183532 0.031676 1.072126 0.252731 0.029703 
1.059156 0.000008 0.006890 1.713230 0.236105 0.005990 1.678545 0.103878 0.004243 1.507417 0.295424 0.005697 0.953284 0.184533 0.031778 1.073000 0.253159 0.030140 
1.058865 0.000505 0.006503 1.713225 0.236083 0.006505 1.678541 0.103863 0.004309 1.507412 0.295403 0.006247 0.953748 0.185409 0.031779 1.073761 0.253523 0.030540 
1.058671 0.000847 0.006212 1.713341 0.235643 0.007119 1.678437 0.103492 0.004371 1.507629 0.295312 0.006892 0.954150 0.186097 0.031416 1.074405 0.253788 0.030520 
1.058421 0.001308 0.005894 1.713697 0.234358 0.007952 1.678126 0.102403 0.004428 1.508292 0.295073 0.007755 0.954772 0.187121 0.030558 1.075382 0.254181 0.030085 
1.058182 0.001756 0.005569 1.714058 0.233017 0.008834 1.677797 0.101274 0.004481 1.508976 0.294816 0.008663 0.955370 0.188115 0.029605 1.076317 0.254566 0.029563 
1.058073 0.001977 0.005543 1.714327 0.231993 0.009496 1.677543 0.100417 0.004530 1.509495 0.294616 0.009348 0.955670 0.188635 0.028997 1.076775 0.254799 0.028970 
1.058065 0.001993 0.005540 1.714358 0.231843 0.009837 1.677508 0.100297 0.004572 1.509559 0.294574 0.009709 0.955700 0.188669 0.029017 1.076817 0.254810 0.028992 
1.058067 0.001989 0.005541 1.714355 0.231828 0.010065 1.677506 0.100290 0.004608 1.509556 0.294560 0.009958 0.955712 0.188645 0.029216 1.076830 0.254785 0.029194 
1.058070 0.001983 0.005543 1.714352 0.231817 0.010248 1.677505 0.100285 0.004638 1.509554 0.294549 0.010161 0.955726 0.188615 0.029454 1.076843 0.254756 0.029437 
1.058069 0.001948 0.005546 1.714340 0.231804 0.010361 1.677484 0.100281 0.004604 1.509546 0.294550 0.010355 0.955677 0.188532 0.029630 1.076774 0.254710 0.029610 
1.057939 0.001731 0.005584 1.714348 0.231768 0.010478 1.677490 0.100249 0.004635 1.509555 0.294517 0.010482 0.955294 0.188146 0.029901 1.076290 0.254508 0.029763 
1.057852 0.001516 0.005607 1.714350 0.231752 0.010572 1.677496 0.100235 0.004662 1.509556 0.294497 0.010585 0.954918 0.187743 0.030141 1.075802 0.254309 0.029923 
1.057921 0.001376 0.005628 1.714350 0.231749 0.010645 1.677496 0.100234 0.004686 1.509555 0.294493 0.010667 0.954710 0.187426 0.030342 1.075491 0.254180 0.030109 
1.057986 0.001249 0.005671 1.714350 0.231748 0.010682 1.677496 0.100233 0.004707 1.509555 0.294491 0.010712 0.954536 0.187133 0.030634 1.075223 0.254055 0.030357 
1.058043 0.001138 0.005720 1.714350 0.231749 0.010690 1.677497 0.100234 0.004727 1.509555 0.294492 0.010728 0.954391 0.186876 0.030925 1.074996 0.253945 0.030593 
1.058089 0.001050 0.005767 1.714351 0.231751 0.010678 1.677498 0.100235 0.004744 1.509556 0.294494 0.010722 0.954277 0.186675 0.031154 1.074817 0.253860 0.030769 
1.058121 0.000990 0.005809 1.714352 0.231756 0.010645 1.677499 0.100238 0.004760 1.509557 0.294498 0.010694 0.954197 0.186537 0.031298 1.074692 0.253805 0.030861 
1.058134 0.000968 0.005854 1.714354 0.231762 0.010584 1.677500 0.100241 0.004775 1.509558 0.294503 0.010637 0.954172 0.186492 0.031352 1.074648 0.253791 0.030859 
1.058133 0.000975 0.005895 1.714348 0.231781 0.010472 1.677521 0.100245 0.004809 1.509538 0.294476 0.010516 0.954184 0.186515 0.031337 1.074664 0.253808 0.030791 
1.058128 0.000991 0.005934 1.714349 0.231791 0.010376 1.677523 0.100251 0.004822 1.509539 0.294485 0.010420 0.954203 0.186553 0.031308 1.074690 0.253833 0.030714 
1.058120 0.001009 0.005968 1.714352 0.231799 0.010275 1.677524 0.100255 0.004834 1.509541 0.294493 0.010318 0.954220 0.186599 0.031240 1.074716 0.253863 0.030604 
1.058113 0.001028 0.005998 1.714354 0.231808 0.010172 1.677525 0.100259 0.004845 1.509543 0.294501 0.010214 0.954234 0.186650 0.031131 1.074738 0.253898 0.030456 
1.058105 0.001047 0.006023 1.714356 0.231817 0.010064 1.677526 0.100264 0.004856 1.509546 0.294509 0.010105 0.954243 0.186702 0.030981 1.074755 0.253935 0.030272 
1.058095 0.001069 0.006046 1.714359 0.231826 0.009950 1.677528 0.100268 0.004866 1.509548 0.294518 0.009988 0.954253 0.186760 0.030813 1.074775 0.253976 0.030073 
1.058079 0.001101 0.006066 1.714361 0.231835 0.009829 1.677529 0.100273 0.004874 1.509550 0.294527 0.009866 0.954271 0.186838 0.030626 1.074808 0.254027 0.029857 
1.058055 0.001149 0.006080 1.714364 0.231845 0.009705 1.677531 0.100278 0.004883 1.509553 0.294536 0.009739 0.954303 0.186946 0.030426 1.074864 0.254092 0.029635 
1.058026 0.001205 0.006091 1.714366 0.231854 0.009576 1.677532 0.100283 0.004891 1.509555 0.294546 0.009607 0.954343 0.187069 0.030223 1.074932 0.254163 0.029417 
1.058000 0.001259 0.006125 1.714369 0.231864 0.009437 1.677534 0.100288 0.004898 1.509557 0.294555 0.009466 0.954382 0.187188 0.030025 1.074998 0.254235 0.029180 
1.057980 0.001303 0.006183 1.714371 0.231875 0.009287 1.677535 0.100293 0.004905 1.509560 0.294566 0.009313 0.954416 0.187292 0.029847 1.075051 0.254301 0.028938 
1.057953 0.001361 0.006253 1.714374 0.231886 0.009127 1.677537 0.100299 0.004911 1.509563 0.294576 0.009150 0.954466 0.187423 0.029690 1.075130 0.254380 0.028706 
1.057915 0.001443 0.006337 1.714378 0.231897 0.008957 1.677539 0.100306 0.004917 1.509566 0.294588 0.008976 0.954543 0.187596 0.029551 1.075247 0.254478 0.028478 
1.057891 0.001497 0.006435 1.714381 0.231909 0.008771 1.677540 0.100312 0.004922 1.509570 0.294599 0.008788 0.954595 0.187719 0.029434 1.075325 0.254553 0.028259 
1.057874 0.001542 0.006539 1.714384 0.231922 0.008576 1.677542 0.100319 0.004926 1.509573 0.294612 0.008589 0.954637 0.187823 0.029327 1.075387 0.254620 0.028043 
1.057857 0.001586 0.006647 1.714388 0.231934 0.008372 1.677544 0.100327 0.004931 1.509577 0.294624 0.008381 0.954680 0.187927 0.029213 1.075450 0.254687 0.027816 
1.057841 0.001627 0.006757 1.714392 0.231947 0.008158 1.677547 0.100334 0.004935 1.509580 0.294637 0.008164 0.954718 0.188027 0.029086 1.075505 0.254752 0.027574 
1.057831 0.001660 0.006871 1.714395 0.231960 0.007934 1.677549 0.100342 0.004939 1.509584 0.294650 0.007936 0.954745 0.188113 0.028929 1.075544 0.254814 0.027297 
1.057821 0.001693 0.006992 1.714399 0.231973 0.007697 1.677551 0.100351 0.004943 1.509588 0.294663 0.007695 0.954771 0.188201 0.028752 1.075581 0.254877 0.026994 
1.057810 0.001728 0.007120 1.714403 0.231987 0.007447 1.677554 0.100360 0.004946 1.509591 0.294676 0.007440 0.954798 0.188293 0.028564 1.075620 0.254944 0.026672 
1.057799 0.001765 0.007255 1.714407 0.232001 0.007182 1.677557 0.100369 0.004949 1.509595 0.294690 0.007170 0.954826 0.188390 0.028366 1.075661 0.255014 0.026332 
1.057787 0.001805 0.007399 1.714411 0.232015 0.006901 1.677559 0.100379 0.004953 1.509599 0.294704 0.006885 0.954856 0.188491 0.028157 1.075704 0.255086 0.025973 
1.057775 0.001846 0.007550 1.714415 0.232029 0.006604 1.677562 0.100390 0.004956 1.509603 0.294718 0.006583 0.954887 0.188598 0.027937 1.075749 0.255162 0.025594 
1.057762 0.001890 0.007710 1.714419 0.232044 0.006291 1.677566 0.100401 0.004959 1.509607 0.294733 0.006264 0.954919 0.188709 0.027703 1.075796 0.255241 0.025193 
1.057749 0.001937 0.007878 1.714423 0.232058 0.005959 1.677569 0.100412 0.004962 1.509611 0.294747 0.005926 0.954953 0.188827 0.027454 1.075846 0.255324 0.024769 
1.057735 0.001987 0.008055 1.714427 0.232073 0.005609 1.677572 0.100425 0.004965 1.509616 0.294761 0.005570 0.954989 0.188950 0.027189 1.075897 0.255410 0.024318 
1.057719 0.002041 0.008242 1.714431 0.232087 0.005239 1.677576 0.100438 0.004968 1.509619 0.294775 0.005193 0.955027 0.189081 0.026904 1.075953 0.255501 0.023839 
1.057691 0.002117 0.008408 1.714433 0.232084 0.005170 1.677575 0.100436 0.004970 1.509623 0.294777 0.005130 0.955094 0.189246 0.026691 1.076050 0.255602 0.023453 
1.057649 0.002218 0.008554 1.714442 0.232032 0.005035 1.677552 0.100392 0.004980 1.509647 0.294775 0.005014 0.955180 0.189456 0.026441 1.076182 0.255722 0.023050 
1.057607 0.002317 0.008673 1.714440 0.232023 0.005035 1.677532 0.100389 0.004979 1.509654 0.294795 0.005013 0.955257 0.189660 0.026124 1.076302 0.255840 0.022608 
1.057580 0.002382 0.008762 1.714439 0.232014 0.005080 1.677524 0.100381 0.005033 1.509655 0.294795 0.005006 0.955293 0.189802 0.025760 1.076365 0.255928 0.022148 
1.057544 0.002457 0.008801 1.714429 0.231957 0.005265 1.677479 0.100334 0.005229 1.509662 0.294792 0.005001 0.955334 0.189959 0.025342 1.076439 0.256021 0.021685 
1.057483 0.002573 0.008791 1.714403 0.231792 0.005558 1.677353 0.100198 0.005533 1.509684 0.294783 0.004998 0.955403 0.190193 0.024800 1.076566 0.256149 0.021144 
1.057420 0.002689 0.008744 1.714373 0.231611 0.005908 1.677213 0.100048 0.005895 1.509708 0.294774 0.004998 0.955465 0.190424 0.024180 1.076686 0.256276 0.020565 
1.057347 0.002825 0.008698 1.714340 0.231408 0.006235 1.677056 0.099880 0.006235 1.509737 0.294762 0.004996 0.955549 0.190691 0.023569 1.076839 0.256419 0.019990 
1.057251 0.003004 0.008650 1.714299 0.231138 0.006526 1.676851 0.099656 0.006537 1.509777 0.294747 0.004996 0.955680 0.191037 0.022952 1.077061 0.256597 0.019414 
1.057128 0.003237 0.008591 1.714246 0.230781 0.006781 1.676575 0.099363 0.006799 1.509835 0.294737 0.004997 0.955865 0.191479 0.022314 1.077367 0.256818 0.018827 
1.056987 0.003507 0.008526 1.714184 0.230336 0.007029 1.676244 0.098996 0.007058 1.509906 0.294709 0.004996 0.956087 0.191989 0.021633 1.077729 0.257070 0.018201 
1.056831 0.003805 0.008457 1.714113 0.229828 0.007273 1.675866 0.098576 0.007313 1.509988 0.294677 0.004995 0.956336 0.192546 0.020915 1.078131 0.257343 0.017543 
1.056665 0.004126 0.008385 1.714035 0.229276 0.007500 1.675455 0.098122 0.007550 1.510077 0.294642 0.004994 0.956612 0.193144 0.020187 1.078572 0.257633 0.016877 
1.056495 0.004459 0.008313 1.713953 0.228706 0.007713 1.675030 0.097653 0.007774 1.510170 0.294605 0.004993 0.956902 0.193759 0.019460 1.079031 0.257929 0.016213 
1.056327 0.004787 0.008238 1.713870 0.228138 0.007927 1.674605 0.097187 0.007999 1.510262 0.294568 0.004992 0.957190 0.194364 0.018735 1.079487 0.258219 0.015554 
1.056167 0.005101 0.008160 1.713789 0.227594 0.008147 1.674195 0.096742 0.008229 1.510351 0.294533 0.004991 0.957468 0.194941 0.018019 1.079923 0.258494 0.014906 
1.056020 0.005392 0.008084 1.713711 0.227093 0.008376 1.673815 0.096333 0.008468 1.510431 0.294500 0.004990 0.957722 0.195471 0.017311 1.080323 0.258747 0.014266 
1.055888 0.005652 0.008004 1.713639 0.226646 0.008620 1.673473 0.095969 0.008724 1.510502 0.294471 0.004989 0.957948 0.195946 0.016604 1.080678 0.258973 0.013630 
1.055777 0.005869 0.007917 1.713575 0.226278 0.008886 1.673187 0.095670 0.009007 1.510560 0.294448 0.004988 0.958129 0.196340 0.015899 1.080966 0.259162 0.013003 
1.055709 0.005997 0.007821 1.713532 0.226075 0.009194 1.673019 0.095506 0.009340 1.510587 0.294437 0.004986 0.958219 0.196571 0.015223 1.081118 0.259277 0.012415 
1.055671 0.006062 0.007712 1.713487 0.225985 0.009535 1.672911 0.095435 0.009715 1.510580 0.294439 0.004983 0.958245 0.196691 0.014561 1.081175 0.259341 0.011854 
1.055636 0.006121 0.007600 1.713440 0.225903 0.009928 1.672807 0.095370 0.010148 1.510572 0.294443 0.004979 0.958267 0.196796 0.013923 1.081224 0.259398 0.011321 
1.055608 0.006165 0.007497 1.713400 0.225845 0.010352 1.672723 0.095326 0.010618 1.510563 0.294447 0.004975 0.958277 0.196876 0.013320 1.081254 0.259442 0.010814 
1.055577 0.006218 0.007404 1.713355 0.225779 0.010770 1.672629 0.095276 0.011085 1.510555 0.294452 0.004971 0.958299 0.196970 0.012740 1.081300 0.259492 0.010321 
1.055535 0.006294 0.007317 1.713301 0.225681 0.011162 1.672504 0.095200 0.011530 1.510547 0.294456 0.004967 0.958346 0.197104 0.012163 1.081382 0.259559 0.009824 
1.055485 0.006389 0.007241 1.713237 0.225552 0.011522 1.672348 0.095100 0.011988 1.510540 0.294462 0.004965 0.958415 0.197272 0.011577 1.081496 0.259642 0.009307 
1.055430 0.006496 0.007171 1.713167 0.225407 0.011874 1.672173 0.094988 0.012472 1.510533 0.294469 0.004962 0.958497 0.197460 0.010978 1.081628 0.259733 0.008770 
1.055374 0.006605 0.007098 1.713095 0.225258 0.012232 1.671993 0.094874 0.012973 1.510527 0.294477 0.004959 0.958581 0.197650 0.010361 1.081763 0.259824 0.008218 
1.055320 0.006708 0.007021 1.713025 0.225122 0.012608 1.671822 0.094771 0.013499 1.510520 0.294485 0.004957 0.958659 0.197829 0.009725 1.081889 0.259910 0.007652 
1.055273 0.006798 0.006942 1.712960 0.225010 0.013015 1.671671 0.094688 0.014065 1.510513 0.294493 0.004955 0.958723 0.197981 0.009074 1.081994 0.259984 0.007071 
1.055235 0.006868 0.006862 1.712905 0.224933 0.013461 1.671547 0.094633 0.014685 1.510505 0.294502 0.004953 0.958768 0.198099 0.008410 1.082069 0.260043 0.006480 
1.055208 0.006916 0.006780 1.712859 0.224895 0.013950 1.671457 0.094612 0.015364 1.510497 0.294512 0.004952 0.958789 0.198176 0.007737 1.082110 0.260082 0.005880 
1.055191 0.006942 0.006699 1.712823 0.224901 0.014481 1.671402 0.094626 0.016105 1.510487 0.294523 0.004950 0.958787 0.198211 0.007054 1.082117 0.260103 0.005270 
1.055185 0.006947 0.006620 1.712818 0.225000 0.015020 1.671436 0.094716 0.016862 1.510478 0.294534 0.004949 0.958778 0.198215 0.006683 1.082109 0.260107 0.004976 
1.055182 0.006946 0.006546 1.712856 0.225226 0.015543 1.671595 0.094907 0.017591 1.510469 0.294545 0.004948 0.958775 0.198214 0.006606 1.082106 0.260106 0.004975 
1.055178 0.006944 0.006461 1.712912 0.225530 0.016150 1.671817 0.095161 0.018413 1.510458 0.294556 0.004947 0.958771 0.198212 0.006518 1.082103 0.260105 0.004974 
1.055174 0.006942 0.006376 1.712967 0.225838 0.016759 1.672042 0.095420 0.019231 1.510447 0.294568 0.004946 0.958767 0.198210 0.006431 1.082100 0.260103 0.004973 
1.055172 0.006940 0.006305 1.713013 0.226112 0.017317 1.672234 0.095652 0.019996 1.510437 0.294578 0.004945 0.958764 0.198208 0.006357 1.082097 0.260102 0.004971 
1.055170 0.006939 0.006252 1.713049 0.226347 0.017819 1.672393 0.095853 0.020697 1.510428 0.294589 0.004945 0.958761 0.198206 0.006300 1.082095 0.260101 0.004970 
1.055169 0.006938 0.006217 1.713078 0.226548 0.018249 1.672525 0.096026 0.021314 1.510421 0.294598 0.004944 0.958759 0.198205 0.006262 1.082094 0.260101 0.004968 
1.055168 0.006938 0.006200 1.713106 0.226728 0.018599 1.672645 0.096182 0.021844 1.510415 0.294606 0.004944 0.958758 0.198204 0.006241 1.082093 0.260100 0.004966 
1.055169 0.006938 0.006200 1.713132 0.226877 0.018862 1.672746 0.096312 0.022274 1.510411 0.294614 0.004944 0.958758 0.198204 0.006237 1.082092 0.260100 0.004964 
1.055169 0.006938 0.006213 1.713152 0.226994 0.019062 1.672823 0.096415 0.022628 1.510408 0.294620 0.004943 0.958758 0.198204 0.006248 1.082092 0.260100 0.004962 
1.055171 0.006938 0.006237 1.713166 0.227081 0.019216 1.672878 0.096494 0.022922 1.510406 0.294626 0.004943 0.958759 0.198204 0.006268 1.082092 0.260101 0.004960 
1.055172 0.006939 0.006259 1.713179 0.227154 0.019341 1.672924 0.096560 0.023163 1.510405 0.294631 0.004942 0.958760 0.198204 0.006287 1.082092 0.260101 0.004959 
1.055173 0.006939 0.006276 1.713190 0.227216 0.019439 1.672965 0.096615 0.023351 1.510404 0.294635 0.004941 0.958760 0.198204 0.006301 1.082092 0.260101 0.004957 
1.055174 0.006939 0.006288 1.713198 0.227259 0.019507 1.672993 0.096654 0.023481 1.510403 0.294637 0.004941 0.958760 0.198203 0.006310 1.082092 0.260101 0.004956 
1.055175 0.006939 0.006295 1.713202 0.227283 0.019544 1.673009 0.096675 0.023553 1.510403 0.294638 0.004940 0.958760 0.198203 0.006315 1.082091 0.260101 0.004954 
1.055175 0.006938 0.006297 1.713203 0.227288 0.019553 1.673013 0.096680 0.023569 1.510403 0.294639 0.004940 0.958759 0.198202 0.006315 1.082091 0.260101 0.004953 
1.055176 0.006938 0.006298 1.713203 0.227288 0.019550 1.673013 0.096680 0.023566 1.510403 0.294639 0.004940 0.958759 0.198202 0.006317 1.082091 0.260101 0.004954 
1.055176 0.006938 0.006301 1.713203 0.227284 0.019544 1.673010 0.096677 0.023557 1.510403 0.294638 0.004939 0.958759 0.198201 0.006320 1.082090 0.260101 0.004954 
1.055176 0.006938 0.006307 1.713202 0.227277 0.019533 1.673005 0.096671 0.023542 1.510403 0.294638 0.004939 0.958760 0.198201 0.006327 1.082090 0.260101 0.004955 
1.055177 0.006938 0.006314 1.713199 0.227268 0.019521 1.672998 0.096663 0.023524 1.510403 0.294638 0.004939 0.958760 0.198201 0.006335 1.082090 0.260101 0.004955 
1.055178 0.006938 0.006323 1.713197 0.227255 0.019507 1.672988 0.096652 0.023503 1.510403 0.294637 0.004939 0.958760 0.198201 0.006345 1.082091 0.260101 0.004956 
1.055178 0.006938 0.006332 1.713193 0.227236 0.019480 1.672974 0.096636 0.023465 1.510404 0.294637 0.004939 0.958760 0.198201 0.006355 1.082091 0.260101 0.004956 
1.055179 0.006939 0.006341 1.713188 0.227210 0.019439 1.672955 0.096614 0.023408 1.510405 0.294636 0.004938 0.958760 0.198201 0.006365 1.082091 0.260101 0.004957 
1.055179 0.006939 0.006349 1.713183 0.227182 0.019394 1.672935 0.096590 0.023343 1.510405 0.294635 0.004938 0.958761 0.198201 0.006372 1.082091 0.260101 0.004957 
1.055180 0.006939 0.006353 1.713178 0.227154 0.019353 1.672916 0.096566 0.023277 1.510406 0.294634 0.004938 0.958761 0.198201 0.006378 1.082091 0.260101 0.004958 
1.055180 0.006938 0.006355 1.713173 0.227128 0.019318 1.672897 0.096543 0.023214 1.510406 0.294632 0.004938 0.958761 0.198200 0.006380 1.082091 0.260101 0.004958 
1.055180 0.006938 0.006354 1.713167 0.227102 0.019289 1.672878 0.096520 0.023154 1.510407 0.294631 0.004938 0.958761 0.198200 0.006380 1.082090 0.260101 0.004959 
1.055180 0.006938 0.006350 1.713161 0.227078 0.019266 1.672860 0.096499 0.023095 1.510407 0.294629 0.004937 0.958761 0.198200 0.006376 1.082090 0.260101 0.004959 
1.055180 0.006938 0.006343 1.713155 0.227055 0.019247 1.672843 0.096478 0.023039 1.510407 0.294628 0.004937 0.958760 0.198199 0.006370 1.082090 0.260101 0.004960 
1.055180 0.006938 0.006335 1.713149 0.227032 0.019228 1.672826 0.096457 0.022978 1.510407 0.294626 0.004937 0.958760 0.198199 0.006362 1.082089 0.260101 0.004960 
1.055180 0.006937 0.006326 1.713143 0.227007 0.019209 1.672808 0.096435 0.022916 1.510407 0.294625 0.004937 0.958759 0.198198 0.006354 1.082089 0.260101 0.004961 
1.055180 0.006937 0.006316 1.713136 0.226983 0.019192 1.672789 0.096412 0.022856 1.510407 0.294623 0.004937 0.958759 0.198198 0.006344 1.082088 0.260100 0.004961 
1.055179 0.006937 0.006306 1.713129 0.226957 0.019176 1.672770 0.096390 0.022796 1.510406 0.294621 0.004937 0.958758 0.198197 0.006335 1.082088 0.260100 0.004962 
1.055179 0.006936 0.006297 1.713122 0.226932 0.019159 1.672751 0.096367 0.022735 1.510406 0.294620 0.004937 0.958758 0.198197 0.006327 1.082087 0.260100 0.004962 
1.055179 0.006936 0.006290 1.713116 0.226906 0.019140 1.672732 0.096344 0.022674 1.510406 0.294618 0.004937 0.958757 0.198197 0.006320 1.082087 0.260100 0.004962 
1.055179 0.006936 0.006283 1.713109 0.226880 0.019119 1.672712 0.096321 0.022612 1.510406 0.294616 0.004937 0.958757 0.198196 0.006314 1.082087 0.260100 0.004963 
1.055179 0.006936 0.006277 1.713103 0.226853 0.019093 1.672692 0.096297 0.022546 1.510406 0.294615 0.004937 0.958757 0.198196 0.006309 1.082086 0.260100 0.004963 
1.055179 0.006935 0.006273 1.713096 0.226826 0.019064 1.672672 0.096273 0.022478 1.510407 0.294613 0.004937 0.958757 0.198196 0.006306 1.082086 0.260099 0.004964 
1.055179 0.006935 0.006270 1.713090 0.226798 0.019032 1.672652 0.096248 0.022410 1.510407 0.294611 0.004937 0.958756 0.198195 0.006304 1.082086 0.260099 0.004964 
1.055179 0.006935 0.006268 1.713083 0.226769 0.019000 1.672631 0.096223 0.022343 1.510407 0.294610 0.004937 0.958756 0.198195 0.006303 1.082085 0.260099 0.004965 
1.055180 0.006935 0.006268 1.713077 0.226741 0.018967 1.672610 0.096199 0.022277 1.510408 0.294609 0.004937 0.958756 0.198195 0.006303 1.082085 0.260099 0.004965 
1.055180 0.006935 0.006268 1.713071 0.226714 0.018935 1.672590 0.096176 0.022215 1.510408 0.294607 0.004937 0.958756 0.198194 0.006304 1.082085 0.260099 0.004966 
1.055180 0.006935 0.006268 1.713066 0.226689 0.018904 1.672572 0.096154 0.022157 1.510408 0.294606 0.004937 0.958756 0.198194 0.006305 1.082085 0.260099 0.004966 
1.055180 0.006935 0.006269 1.713061 0.226666 0.018876 1.672554 0.096134 0.022104 1.510409 0.294605 0.004937 0.958756 0.198194 0.006307 1.082085 0.260099 0.004967 
1.055181 0.006935 0.006270 1.713056 0.226646 0.018852 1.672539 0.096116 0.022058 1.510409 0.294604 0.004937 0.958756 0.198194 0.006308 1.082085 0.260099 0.004967 
1.055181 0.006935 0.006270 1.713052 0.226628 0.018832 1.672525 0.096101 0.022019 1.510409 0.294603 0.004937 0.958756 0.198194 0.006309 1.082085 0.260099 0.004968 
1.055181 0.006935 0.006270 1.713048 0.226613 0.018819 1.672514 0.096088 0.021988 1.510409 0.294602 0.004937 0.958756 0.198193 0.006310 1.082084 0.260099 0.004968 
1.055181 0.006934 0.006270 1.713045 0.226601 0.018811 1.672504 0.096077 0.021966 1.510409 0.294602 0.004937 0.958756 0.198193 0.006310 1.082084 0.260099 0.004969 
1.055181 0.006934 0.006268 1.713042 0.226592 0.018810 1.672497 0.096070 0.021953 1.510409 0.294601 0.004937 0.958756 0.198193 0.006309 1.082084 0.260099 0.004969 
1.055181 0.006934 0.006265 1.713039 0.226584 0.018815 1.672490 0.096063 0.021947 1.510409 0.294601 0.004937 0.958755 0.198193 0.006307 1.082084 0.260099 0.004970 
1.055182 0.006934 0.006262 1.713036 0.226578 0.018825 1.672483 0.096058 0.021947 1.510409 0.294600 0.004937 0.958755 0.198192 0.006304 1.082083 0.260099 0.004970 
1.055182 0.006934 0.006259 1.713033 0.226574 0.018836 1.672478 0.096054 0.021953 1.510408 0.294600 0.004937 0.958755 0.198192 0.006301 1.082083 0.260098 0.004970 
1.055182 0.006934 0.006256 1.713031 0.226571 0.018849 1.672474 0.096052 0.021962 1.510408 0.294600 0.004937 0.958755 0.198192 0.006299 1.082083 0.260098 0.004970 
1.055182 0.006934 0.006254 1.713030 0.226571 0.018859 1.672473 0.096052 0.021970 1.510408 0.294600 0.004937 0.958755 0.198191 0.006296 1.082083 0.260098 0.004970 
1.055182 0.006933 0.006251 1.713029 0.226571 0.018871 1.672471 0.096052 0.021981 1.510407 0.294600 0.004937 0.958754 0.198191 0.006294 1.082082 0.260098 0.004970 
1.055182 0.006933 0.006247 1.713028 0.226570 0.018887 1.672469 0.096051 0.021995 1.510407 0.294600 0.004937 0.958754 0.198191 0.006290 1.082082 0.260098 0.004970 
1.055182 0.006933 0.006243 1.713026 0.226570 0.018909 1.672467 0.096051 0.022013 1.510407 0.294600 0.004937 0.958754 0.198190 0.006285 1.082082 0.260098 0.004970 
1.055182 0.006933 0.006237 1.713023 0.226570 0.018935 1.672463 0.096051 0.022036 1.510406 0.294600 0.004937 0.958753 0.198190 0.006279 1.082081 0.260098 0.004970 
1.055182 0.006933 0.006230 1.713020 0.226569 0.018965 1.672459 0.096051 0.022062 1.510405 0.294600 0.004937 0.958753 0.198190 0.006272 1.082081 0.260098 0.004970 
1.055182 0.006932 0.006223 1.713017 0.226568 0.018998 1.672455 0.096050 0.022091 1.510404 0.294600 0.004937 0.958753 0.198189 0.006265 1.082080 0.260097 0.004970 
1.055182 0.006932 0.006215 1.713013 0.226568 0.019031 1.672451 0.096050 0.022120 1.510404 0.294600 0.004937 0.958752 0.198189 0.006257 1.082080 0.260097 0.004970 
1.055182 0.006932 0.006207 1.713010 0.226567 0.019065 1.672446 0.096049 0.022149 1.510403 0.294600 0.004937 0.958752 0.198188 0.006249 1.082079 0.260097 0.004970 
1.055182 0.006932 0.006200 1.713007 0.226566 0.019097 1.672442 0.096049 0.022176 1.510402 0.294600 0.004937 0.958751 0.198188 0.006242 1.082079 0.260097 0.004970 
1.055182 0.006931 0.006194 1.713004 0.226566 0.019126 1.672438 0.096048 0.022202 1.510401 0.294600 0.004937 0.958751 0.198187 0.006235 1.082078 0.260097 0.004970 
1.055182 0.006931 0.006187 1.713001 0.226565 0.019154 1.672434 0.096048 0.022226 1.510401 0.294600 0.004937 0.958751 0.198187 0.006229 1.082078 0.260097 0.004970 
1.055182 0.006931 0.006182 1.712999 0.226564 0.019178 1.672431 0.096047 0.022247 1.510400 0.294600 0.004937 0.958750 0.198187 0.006224 1.082078 0.260096 0.004970 
1.055182 0.006931 0.006177 1.712996 0.226563 0.019199 1.672427 0.096047 0.022269 1.510400 0.294600 0.004937 0.958750 0.198186 0.006219 1.082077 0.260096 0.004970 
1.055182 0.006931 0.006173 1.712994 0.226562 0.019218 1.672423 0.096046 0.022289 1.510399 0.294600 0.004937 0.958750 0.198186 0.006214 1.082077 0.260096 0.004970 
1.055182 0.006930 0.006169 1.712992 0.226560 0.019235 1.672419 0.096044 0.022310 1.510399 0.294600 0.004937 0.958750 0.198185 0.006211 1.082077 0.260096 0.004970 
1.055182 0.006930 0.006166 1.712989 0.226557 0.019251 1.672414 0.096042 0.022331 1.510399 0.294600 0.004937 0.958749 0.198185 0.006207 1.082076 0.260096 0.004970 
1.055182 0.006930 0.006164 1.712987 0.226553 0.019264 1.672408 0.096040 0.022352 1.510399 0.294600 0.004937 0.958749 0.198185 0.006205 1.082076 0.260096 0.004970 
1.055182 0.006930 0.006162 1.712984 0.226549 0.019276 1.672402 0.096037 0.022373 1.510398 0.294601 0.004937 0.958749 0.198184 0.006202 1.082075 0.260096 0.004970 
1.055183 0.006930 0.006160 1.712982 0.226544 0.019285 1.672395 0.096034 0.022392 1.510398 0.294601 0.004937 0.958749 0.198184 0.006201 1.082075 0.260096 0.004970 
1.055183 0.006930 0.006159 1.712980 0.226540 0.019293 1.672389 0.096031 0.022410 1.510398 0.294601 0.004937 0.958748 0.198184 0.006200 1.082075 0.260096 0.004970 
1.055183 0.006929 0.006158 1.712978 0.226535 0.019299 1.672383 0.096028 0.022427 1.510398 0.294602 0.004937 0.958748 0.198183 0.006199 1.082075 0.260096 0.004970 
1.055183 0.006929 0.006158 1.712976 0.226530 0.019304 1.672377 0.096025 0.022442 1.510398 0.294602 0.004937 0.958748 0.198183 0.006199 1.082075 0.260095 0.004970 
1.055183 0.006929 0.006157 1.712973 0.226526 0.019309 1.672372 0.096021 0.022456 1.510398 0.294602 0.004937 0.958748 0.198183 0.006198 1.082074 0.260095 0.004970 
1.055184 0.006929 0.006157 1.712972 0.226522 0.019315 1.672366 0.096019 0.022469 1.510398 0.294602 0.004937 0.958748 0.198182 0.006198 1.082074 0.260095 0.004970 
1.055184 0.006929 0.006156 1.712970 0.226518 0.019320 1.672361 0.096016 0.022482 1.510398 0.294603 0.004937 0.958748 0.198182 0.006197 1.082074 0.260095 0.004970 
1.055184 0.006929 0.006155 1.712968 0.226514 0.019327 1.672356 0.096014 0.022496 1.510398 0.294603 0.004937 0.958748 0.198182 0.006196 1.082073 0.260095 0.004970 
1.055184 0.006929 0.006153 1.712966 0.226511 0.019336 1.672352 0.096011 0.022511 1.510398 0.294603 0.004937 0.958747 0.198182 0.006195 1.082073 0.260095 0.004970 
1.055185 0.006929 0.006151 1.712964 0.226508 0.019347 1.672347 0.096009 0.022528 1.510398 0.294603 0.004937 0.958747 0.198181 0.006193 1.082073 0.260095 0.004970 
1.055185 0.006928 0.006148 1.712962 0.226506 0.019360 1.672343 0.096008 0.022547 1.510397 0.294603 0.004937 0.958747 0.198181 0.006190 1.082072 0.260095 0.004970 
1.055185 0.006928 0.006145 1.712960 0.226503 0.019376 1.672338 0.096006 0.022567 1.510397 0.294603 0.004937 0.958747 0.198180 0.006187 1.082072 0.260095 0.004970 
