-0.963620 0.267277 0.000457 0.295812 -0.955246 -0.000492 -0.870877 -0.491501 -0.000044 0.244016 0.969771 0.000067 0.962087 0.272743 -0.000045 0.879877 0.475201 0.000057 
-0.963625 0.267257 0.000417 0.295823 -0.955243 -0.000451 -0.870885 -0.491487 -0.000042 0.243995 0.969776 0.000101 0.962084 0.272754 -0.000059 0.879885 0.475186 0.000048 
-0.963626 0.267254 0.000381 0.295824 -0.955242 -0.000415 -0.870886 -0.491486 -0.000043 0.243992 0.969777 0.000123 0.962083 0.272755 -0.000046 0.879886 0.475185 0.000039 
-0.963627 0.267251 0.000334 0.295825 -0.955242 -0.000384 -0.870886 -0.491485 -0.000047 0.243988 0.969778 0.000158 0.962083 0.272756 -0.000009 0.879886 0.475185 0.000029 
-0.963628 0.267248 0.000287 0.295826 -0.955242 -0.000357 -0.870886 -0.491484 -0.000052 0.243987 0.969779 0.000208 0.962083 0.272758 0.000028 0.879887 0.475184 0.000020 
-0.963629 0.267245 0.000264 0.295828 -0.955241 -0.000332 -0.870887 -0.491483 -0.000055 0.243983 0.969779 0.000255 0.962082 0.272759 0.000019 0.879887 0.475183 0.000010 
-0.963726 0.266892 0.001098 0.295869 -0.955229 -0.000314 -0.870921 -0.491424 0.000043 0.243627 0.969869 -0.000348 0.962071 0.272800 0.000002 0.879905 0.475150 -0.000299 
-0.963727 0.266889 0.001006 0.295872 -0.955228 -0.000303 -0.870921 -0.491423 0.000027 0.243625 0.969870 -0.000220 0.962070 0.272803 -0.000015 0.879905 0.475150 -0.000277 
-0.963728 0.266886 0.000931 0.295875 -0.955227 -0.000295 -0.870922 -0.491422 -0.000003 0.243621 0.969870 -0.000050 0.962069 0.272807 -0.000022 0.879906 0.475148 -0.000262 
-0.963728 0.266885 0.000867 0.295881 -0.955225 -0.000289 -0.870922 -0.491421 -0.000060 0.243620 0.969871 0.000216 0.962067 0.272813 -0.000024 0.879907 0.475146 -0.000252 
-0.963729 0.266882 0.000824 0.295926 -0.955211 -0.000283 -0.870922 -0.491421 -0.000165 0.243618 0.969871 0.000644 0.962054 0.272858 -0.000025 0.879911 0.475139 -0.000246 
-0.963733 0.266868 0.000824 0.296282 -0.955098 -0.001991 -0.870985 -0.491310 -0.000456 0.243606 0.969873 0.001832 0.961952 0.273215 0.000942 0.880006 0.474962 0.000213 
-0.963666 0.267109 0.000647 0.298176 -0.954507 -0.002879 -0.870930 -0.491406 -0.000591 0.243846 0.969807 0.003760 0.961408 0.275125 0.000193 0.880138 0.474718 0.000498 
-0.963597 0.267359 0.000943 0.299967 -0.953930 -0.006121 -0.870930 -0.491408 -0.000311 0.244097 0.969728 0.006629 0.960886 0.276941 -0.001317 0.880317 0.474385 0.001135 
-0.963477 0.267788 0.001003 0.301917 -0.953283 -0.009876 -0.870799 -0.491639 0.000368 0.244526 0.969588 0.010326 0.960314 0.278918 -0.001321 0.880393 0.474244 0.001014 
-0.963424 0.267967 0.002667 0.304251 -0.952466 -0.015492 -0.870664 -0.491878 0.000914 0.244720 0.969480 0.014875 0.959618 0.281301 -0.001574 0.880492 0.474060 0.000974 
-0.963479 0.267713 0.006079 0.306201 -0.951677 -0.023508 -0.870648 -0.491905 0.001425 0.244523 0.969430 0.020346 0.959017 0.283338 -0.002331 0.880663 0.473742 0.001143 
-0.963583 0.267188 0.010929 0.307770 -0.950907 -0.032461 -0.870573 -0.492037 0.001637 0.244127 0.969374 0.026754 0.958518 0.285021 -0.002634 0.880730 0.473618 0.001009 
-0.963623 0.266710 0.017199 0.308781 -0.950171 -0.042768 -0.870494 -0.492176 0.001545 0.243895 0.969196 0.034265 0.958166 0.286197 -0.003092 0.880752 0.473576 0.000898 
-0.963574 0.266301 0.024688 0.309467 -0.949338 -0.054660 -0.870420 -0.492308 0.001300 0.243891 0.968847 0.043034 0.957887 0.287121 -0.003660 0.880764 0.473555 0.000786 
-0.974227 0.223149 0.032968 0.327677 -0.942974 -0.058547 -0.877446 -0.479424 -0.015501 0.199978 0.979772 0.007526 0.952158 0.305584 -0.003711 0.886844 0.461296 0.026714 
-0.980857 0.188709 0.048054 0.356226 -0.932403 -0.061054 -0.886135 -0.461121 -0.046179 0.165377 0.986225 0.003359 0.942394 0.334484 -0.003742 0.895671 0.441382 0.054360 
0.410954 -0.909658 -0.060331 0.167982 0.985757 0.008119 -0.899275 -0.427149 -0.094065 -0.980854 0.191252 0.036713 0.920885 0.389817 -0.003621 0.913764 0.391041 0.110102 
0.460714 -0.885871 -0.054556 0.213108 0.976843 0.019037 0.929830 0.345448 0.126813 -0.971238 0.235882 0.032485 -0.887936 -0.459959 0.002571 -0.916344 -0.354863 -0.185437 
0.468896 -0.880813 -0.065621 0.266868 0.963728 0.003219 0.947684 0.279783 0.153677 -0.957009 0.289994 -0.006059 -0.883438 -0.468537 0.003267 -0.943719 -0.271110 -0.189457 
0.483070 -0.872483 -0.073603 -0.922157 0.362557 0.134832 0.357818 0.922409 0.145351 0.968253 0.237205 0.078871 -0.875050 -0.483783 0.015537 -0.959356 -0.215189 -0.182563 
0.484683 -0.870715 -0.083298 0.352378 0.927136 0.127470 0.985218 0.171232 -0.004975 -0.904654 0.333269 0.265580 -0.873194 -0.486624 0.027007 -0.985487 -0.109200 -0.129964 
0.501622 -0.860592 -0.088069 0.278715 0.960372 0.001862 0.989627 0.143166 0.011888 -0.951272 0.300996 0.066953 -0.863373 -0.503883 0.026257 -0.997343 -0.071225 -0.015325 
0.499216 -0.861761 -0.090287 0.255956 0.966687 0.001843 0.986299 0.164877 -0.005460 -0.960243 0.279145 -0.003378 -0.865043 -0.501263 0.020893 -0.994394 -0.094971 0.046487 
0.504975 -0.857924 -0.094698 0.255341 0.966846 0.003237 0.986008 0.166608 -0.005443 -0.960425 0.278535 -0.001607 -0.861647 -0.507167 0.018603 -0.994145 -0.096857 0.047891 
0.507207 -0.856322 -0.097226 0.254929 0.966953 0.003496 0.985889 0.167312 -0.005417 -0.960542 0.278128 -0.001882 -0.860212 -0.509590 0.018808 -0.994020 -0.097581 0.049015 
0.508247 -0.855282 -0.100881 0.254924 0.966956 0.003206 0.985831 0.167655 -0.005473 -0.960545 0.278121 -0.001693 -0.859411 -0.510920 0.019319 -0.993889 -0.098064 0.050681 
0.508229 -0.854823 -0.104794 0.254386 0.967095 0.003940 0.985773 0.167974 -0.005971 -0.960702 0.277583 -0.000277 -0.859214 -0.511226 0.019960 -0.993773 -0.098452 0.052179 
0.508591 -0.854373 -0.106686 0.254374 0.967093 0.005019 0.985739 0.168180 -0.005767 -0.960702 0.277579 -0.001499 -0.858946 -0.511693 0.019555 -0.993686 -0.098799 0.053173 
0.507595 -0.854639 -0.109265 0.253714 0.967231 0.009641 0.985680 0.168514 -0.006160 -0.960883 0.276946 -0.002277 -0.859478 -0.510824 0.018882 -0.993582 -0.099311 0.054147 
0.505004 -0.855915 -0.111266 0.253716 0.967239 0.008816 0.985780 0.167938 -0.005816 -0.960884 0.276943 -0.002032 -0.861010 -0.508275 0.017862 -0.993572 -0.098849 0.055159 
0.501854 -0.857565 -0.112804 0.253719 0.967242 0.008307 0.985907 0.167208 -0.005392 -0.960885 0.276941 -0.001792 -0.862913 -0.505087 0.016393 -0.993593 -0.098227 0.055896 
0.498320 -0.859437 -0.114214 0.253715 0.967230 0.009733 0.986053 0.166359 -0.004843 -0.960885 0.276942 -0.001554 -0.865074 -0.501440 0.014298 -0.993659 -0.097497 0.056002 
0.494286 -0.861499 -0.116196 0.253708 0.967196 0.012778 0.986220 0.165387 -0.004215 -0.960884 0.276946 -0.001366 -0.867504 -0.497288 0.011870 -0.993743 -0.096683 0.055915 
0.490761 -0.863266 -0.118007 0.253700 0.967150 0.016065 0.986368 0.164519 -0.003492 -0.960883 0.276952 -0.001205 -0.869654 -0.493580 0.008978 -0.993825 -0.095980 0.055673 
0.487981 -0.864886 -0.117674 0.255312 0.966650 0.020102 0.986557 0.163393 -0.002930 -0.960413 0.278577 -0.001061 -0.871411 -0.490511 0.006495 -0.993974 -0.095271 0.054210 
0.483909 -0.867510 -0.115150 0.260192 0.965213 0.025776 0.986951 0.161006 -0.002334 -0.958983 0.283463 -0.000922 -0.873983 -0.485944 0.003426 -0.994258 -0.093917 0.051286 
0.480001 -0.870061 -0.112215 0.265234 0.963658 0.031835 0.987345 0.158580 -0.001734 -0.957472 0.288525 -0.000796 -0.876430 -0.481529 0.000299 -0.994551 -0.092523 0.048044 
0.478091 -0.871457 -0.109502 0.269060 0.962438 0.036329 0.987607 0.156941 -0.001615 -0.956305 0.292370 -0.000690 -0.877570 -0.479449 0.000200 -0.994780 -0.091535 0.045107 
0.477917 -0.871540 -0.109608 0.269547 0.962217 0.038512 0.987639 0.156736 -0.001544 -0.956150 0.292875 -0.000595 -0.877663 -0.479277 0.000187 -0.994826 -0.091415 0.044328 
0.477871 -0.871449 -0.110531 0.269537 0.962163 0.039917 0.987640 0.156733 -0.001488 -0.956149 0.292879 -0.000498 -0.877664 -0.479277 0.000154 -0.994828 -0.091441 0.044224 
0.477819 -0.871336 -0.111634 0.269529 0.962118 0.041035 0.987640 0.156734 -0.001443 -0.956149 0.292881 -0.000405 -0.877661 -0.479282 0.000127 -0.994820 -0.091485 0.044315 
0.478039 -0.871112 -0.112443 0.269592 0.962053 0.042115 0.987631 0.156788 -0.001502 -0.956130 0.292943 -0.000030 -0.877515 -0.479550 0.000142 -0.994813 -0.091580 0.044262 
0.479221 -0.870321 -0.113526 0.269604 0.962022 0.042741 0.987591 0.157041 -0.001514 -0.956125 0.292958 0.000018 -0.876783 -0.480886 0.000997 -0.994787 -0.091861 0.044271 
0.480571 -0.869443 -0.114539 0.269576 0.962008 0.043231 0.987545 0.157332 -0.001507 -0.956132 0.292937 0.000062 -0.875971 -0.482362 0.001577 -0.994756 -0.092165 0.044349 
0.481863 -0.868617 -0.115381 0.269572 0.961993 0.043588 0.987508 0.157564 -0.001502 -0.956132 0.292936 0.000103 -0.875220 -0.483723 0.001687 -0.994726 -0.092384 0.044554 
0.482976 -0.867842 -0.116549 0.269571 0.961988 0.043704 0.987474 0.157777 -0.001535 -0.956133 0.292934 0.000141 -0.874542 -0.484945 0.002008 -0.994686 -0.092605 0.044990 
0.483924 -0.867162 -0.117675 0.269571 0.961992 0.043622 0.987444 0.157965 -0.001584 -0.956133 0.292932 0.000175 -0.873951 -0.486009 0.002410 -0.994646 -0.092806 0.045468 
0.484670 -0.866629 -0.118527 0.269572 0.962001 0.043406 0.987420 0.158114 -0.001630 -0.956134 0.292929 0.000205 -0.873480 -0.486851 0.002794 -0.994613 -0.092964 0.045863 
0.485193 -0.866272 -0.118998 0.269574 0.962017 0.043045 0.987403 0.158220 -0.001673 -0.956135 0.292926 0.000230 -0.873148 -0.487446 0.003164 -0.994591 -0.093070 0.046125 
0.485373 -0.866164 -0.119047 0.269578 0.962041 0.042491 0.987396 0.158262 -0.001720 -0.956136 0.292922 0.000247 -0.873019 -0.487674 0.003577 -0.994582 -0.093103 0.046245 
0.485311 -0.866236 -0.118781 0.269375 0.962144 0.041423 0.987397 0.158252 -0.001732 -0.956202 0.292709 0.000204 -0.873040 -0.487633 0.003958 -0.994585 -0.093011 0.046371 
0.485199 -0.866342 -0.118463 0.269376 0.962178 0.040627 0.987400 0.158234 -0.001773 -0.956204 0.292701 0.000202 -0.873093 -0.487534 0.004300 -0.994586 -0.092978 0.046418 
0.485082 -0.866472 -0.117987 0.269384 0.962210 0.039801 0.987404 0.158210 -0.001808 -0.956205 0.292699 0.000199 -0.873155 -0.487420 0.004613 -0.994591 -0.092933 0.046400 
0.484982 -0.866617 -0.117339 0.269391 0.962242 0.038963 0.987408 0.158184 -0.001838 -0.956205 0.292697 0.000195 -0.873217 -0.487306 0.004893 -0.994600 -0.092878 0.046304 
0.484902 -0.866772 -0.116520 0.269399 0.962275 0.038099 0.987412 0.158160 -0.001861 -0.956206 0.292695 0.000188 -0.873276 -0.487199 0.005138 -0.994614 -0.092817 0.046134 
0.484809 -0.866943 -0.115633 0.269406 0.962308 0.037189 0.987417 0.158130 -0.001881 -0.956206 0.292693 0.000180 -0.873345 -0.487073 0.005363 -0.994629 -0.092748 0.045948 
0.484652 -0.867159 -0.114663 0.269414 0.962342 0.036242 0.987424 0.158083 -0.001899 -0.956207 0.292691 0.000171 -0.873454 -0.486876 0.005573 -0.994647 -0.092659 0.045737 
0.484391 -0.867437 -0.113662 0.269421 0.962376 0.035272 0.987436 0.158011 -0.001909 -0.956208 0.292689 0.000160 -0.873625 -0.486566 0.005727 -0.994667 -0.092546 0.045527 
0.484068 -0.867747 -0.112664 0.269430 0.962410 0.034270 0.987450 0.157923 -0.001914 -0.956208 0.292688 0.000148 -0.873832 -0.486192 0.005841 -0.994687 -0.092420 0.045336 
0.483763 -0.868057 -0.111584 0.269439 0.962445 0.033204 0.987463 0.157841 -0.001956 -0.956208 0.292687 0.000135 -0.874023 -0.485846 0.006124 -0.994709 -0.092293 0.045125 
0.483515 -0.868336 -0.110478 0.269448 0.962481 0.032057 0.987473 0.157776 -0.002038 -0.956209 0.292686 0.000121 -0.874171 -0.485574 0.006586 -0.994729 -0.092177 0.044928 
0.483153 -0.868671 -0.109420 0.269457 0.962518 0.030843 0.987487 0.157687 -0.002139 -0.956209 0.292685 0.000106 -0.874376 -0.485197 0.007128 -0.994748 -0.092041 0.044778 
0.482617 -0.869100 -0.108380 0.269468 0.962556 0.029553 0.987507 0.157560 -0.002264 -0.956209 0.292684 0.000092 -0.874671 -0.484655 0.007776 -0.994769 -0.091867 0.044667 
0.482265 -0.869419 -0.107380 0.269478 0.962595 0.028160 0.987519 0.157479 -0.002411 -0.956209 0.292683 0.000076 -0.874857 -0.484307 0.008516 -0.994784 -0.091739 0.044606 
0.481984 -0.869696 -0.106392 0.269489 0.962634 0.026695 0.987529 0.157417 -0.002569 -0.956210 0.292683 0.000061 -0.874999 -0.484036 0.009305 -0.994795 -0.091629 0.044572 
0.481703 -0.869978 -0.105357 0.269501 0.962671 0.025169 0.987539 0.157354 -0.002734 -0.956210 0.292682 0.000044 -0.875140 -0.483764 0.010123 -0.994807 -0.091517 0.044536 
0.481455 -0.870249 -0.104248 0.269510 0.962709 0.023578 0.987547 0.157297 -0.002904 -0.956210 0.292682 0.000027 -0.875265 -0.483519 0.010961 -0.994820 -0.091407 0.044483 
0.481278 -0.870497 -0.102984 0.269520 0.962745 0.021912 0.987553 0.157255 -0.003079 -0.956210 0.292681 0.000009 -0.875353 -0.483340 0.011825 -0.994834 -0.091305 0.044376 
0.481111 -0.870753 -0.101595 0.269530 0.962781 0.020151 0.987559 0.157213 -0.003265 -0.956210 0.292681 -0.000011 -0.875437 -0.483164 0.012740 -0.994850 -0.091198 0.044238 
0.480936 -0.871020 -0.100120 0.269540 0.962815 0.018291 0.987566 0.157170 -0.003463 -0.956210 0.292680 -0.000032 -0.875525 -0.482978 0.013711 -0.994867 -0.091085 0.044089 
0.480753 -0.871299 -0.098562 0.269549 0.962848 0.016327 0.987572 0.157123 -0.003674 -0.956211 0.292680 -0.000053 -0.875617 -0.482781 0.014739 -0.994884 -0.090967 0.043933 
0.480560 -0.871590 -0.096917 0.269557 0.962879 0.014251 0.987579 0.157074 -0.003897 -0.956211 0.292679 -0.000076 -0.875713 -0.482573 0.015826 -0.994903 -0.090842 0.043770 
0.480358 -0.871893 -0.095180 0.269565 0.962907 0.012058 0.987587 0.157022 -0.004134 -0.956211 0.292679 -0.000101 -0.875813 -0.482352 0.016974 -0.994923 -0.090711 0.043598 
0.480146 -0.872208 -0.093342 0.269572 0.962931 0.009742 0.987594 0.156966 -0.004384 -0.956211 0.292678 -0.000126 -0.875919 -0.482116 0.018184 -0.994943 -0.090573 0.043415 
0.479924 -0.872537 -0.091394 0.269578 0.962951 0.007296 0.987602 0.156907 -0.004647 -0.956211 0.292678 -0.000154 -0.876029 -0.481865 0.019458 -0.994965 -0.090428 0.043220 
0.479692 -0.872878 -0.089327 0.269582 0.962966 0.004712 0.987611 0.156845 -0.004924 -0.956211 0.292677 -0.000183 -0.876145 -0.481599 0.020799 -0.994988 -0.090275 0.043010 
0.479442 -0.873238 -0.087128 0.269585 0.962974 0.001981 0.987620 0.156776 -0.005216 -0.956211 0.292677 -0.000214 -0.876271 -0.481307 0.022210 -0.995012 -0.090112 0.042781 
0.479001 -0.873654 -0.085357 0.269609 0.962969 0.001460 0.987639 0.156647 -0.005478 -0.956204 0.292700 -0.000187 -0.876496 -0.480836 0.023464 -0.995062 -0.089910 0.042052 
0.478399 -0.874163 -0.083508 0.269842 0.962905 0.000401 0.987675 0.156418 -0.005694 -0.956133 0.292932 -0.000099 -0.876822 -0.480187 0.024569 -0.995112 -0.089655 0.041406 
0.477844 -0.874658 -0.081474 0.269977 0.962867 0.000416 0.987699 0.156255 -0.005887 -0.956093 0.293065 -0.000104 -0.877139 -0.479560 0.025484 -0.995171 -0.089460 0.040405 
0.477546 -0.875015 -0.079359 0.270020 0.962855 0.000343 0.987718 0.156137 -0.005940 -0.956080 0.293107 -0.000346 -0.877331 -0.479171 0.026174 -0.995229 -0.089275 0.039372 
0.477190 -0.875400 -0.077228 0.270273 0.962784 0.000264 0.987749 0.155949 -0.005691 -0.956001 0.293359 -0.001231 -0.877576 -0.478704 0.026502 -0.995287 -0.089074 0.038329 
0.476583 -0.875946 -0.074739 0.271008 0.962577 0.000178 0.987811 0.155572 -0.005192 -0.955775 0.294088 -0.002612 -0.877991 -0.477944 0.026487 -0.995359 -0.088786 0.037106 
0.476001 -0.876487 -0.072070 0.271814 0.962350 0.000096 0.987876 0.155179 -0.004541 -0.955523 0.294887 -0.004249 -0.878410 -0.477190 0.026201 -0.995433 -0.088497 0.035786 
0.475265 -0.877099 -0.069425 0.272719 0.962094 0.000002 0.987950 0.154727 -0.003927 -0.955237 0.295784 -0.005783 -0.878906 -0.476289 0.025932 -0.995508 -0.088175 0.034479 
0.474211 -0.877876 -0.066773 0.273919 0.961753 -0.000082 0.988045 0.154126 -0.003370 -0.954859 0.296972 -0.007143 -0.879573 -0.475072 0.025643 -0.995588 -0.087774 0.033173 
0.472773 -0.878852 -0.064071 0.275558 0.961285 -0.000132 0.988169 0.153344 -0.002857 -0.954343 0.298595 -0.008330 -0.880447 -0.473470 0.025271 -0.995673 -0.087301 0.031840 
0.471075 -0.879968 -0.061192 0.277521 0.960719 -0.000212 0.988317 0.152396 -0.002344 -0.953722 0.300541 -0.009490 -0.881461 -0.471601 0.024871 -0.995768 -0.086724 0.030425 
0.469186 -0.881182 -0.058163 0.279766 0.960068 -0.000293 0.988481 0.151331 -0.001827 -0.953006 0.302765 -0.010636 -0.882573 -0.469541 0.024438 -0.995867 -0.086094 0.028935 
0.467123 -0.882474 -0.055099 0.282199 0.959356 -0.000372 0.988658 0.150179 -0.001334 -0.952224 0.305176 -0.011698 -0.883768 -0.467309 0.023988 -0.995967 -0.085421 0.027427 
0.464974 -0.883794 -0.052042 0.284713 0.958613 -0.000448 0.988839 0.148988 -0.000862 -0.951410 0.307666 -0.012699 -0.884998 -0.465000 0.023533 -0.996066 -0.084733 0.025921 
0.462842 -0.885085 -0.049009 0.287215 0.957866 -0.000524 0.989016 0.147807 -0.000383 -0.950590 0.310145 -0.013704 -0.886207 -0.462716 0.023056 -0.996162 -0.084057 0.024423 
0.460801 -0.886309 -0.046030 0.289615 0.957143 -0.000600 0.989185 0.146675 0.000110 -0.949797 0.312519 -0.014732 -0.887357 -0.460530 0.022556 -0.996251 -0.083414 0.022949 
0.458924 -0.887430 -0.043081 0.291824 0.956472 -0.000678 0.989338 0.145633 0.000616 -0.949058 0.314705 -0.015806 -0.888411 -0.458518 0.022069 -0.996333 -0.082821 0.021487 
0.457254 -0.888429 -0.040152 0.293799 0.955867 -0.000762 0.989475 0.144701 0.001153 -0.948388 0.316658 -0.016950 -0.889350 -0.456720 0.021556 -0.996407 -0.082290 0.020030 
0.455891 -0.889255 -0.037266 0.295428 0.955364 -0.000884 0.989586 0.143932 0.001748 -0.947827 0.318265 -0.018200 -0.890123 -0.455236 0.020984 -0.996471 -0.081847 0.018591 
0.455157 -0.889740 -0.034560 0.296344 0.955081 -0.001067 0.989648 0.143497 0.002435 -0.947497 0.319160 -0.019647 -0.890569 -0.454392 0.020350 -0.996518 -0.081582 0.017239 
0.454853 -0.889992 -0.031974 0.296797 0.954940 -0.001317 0.989674 0.143298 0.003212 -0.947316 0.319594 -0.021254 -0.890792 -0.453988 0.019617 -0.996549 -0.081455 0.015946 
0.454588 -0.890213 -0.029519 0.297224 0.954807 -0.001610 0.989697 0.143121 0.004086 -0.947137 0.319996 -0.023105 -0.890990 -0.453632 0.018857 -0.996577 -0.081345 0.014719 
0.454411 -0.890377 -0.027187 0.297541 0.954707 -0.001945 0.989711 0.142994 0.005005 -0.946988 0.320286 -0.025104 -0.891135 -0.453374 0.018160 -0.996601 -0.081262 0.013555 
0.454165 -0.890569 -0.024916 0.297900 0.954594 -0.002302 0.989727 0.142845 0.005905 -0.946823 0.320615 -0.027077 -0.891310 -0.453056 0.017531 -0.996623 -0.081169 0.012422 
0.453750 -0.890841 -0.022628 0.298416 0.954432 -0.002696 0.989754 0.142625 0.006759 -0.946605 0.321095 -0.028921 -0.891566 -0.452574 0.016951 -0.996647 -0.081042 0.011280 
0.453193 -0.891183 -0.020245 0.299090 0.954219 -0.003408 0.989788 0.142341 0.007618 -0.946338 0.321724 -0.030615 -0.891891 -0.451951 0.016452 -0.996672 -0.080889 0.010086 
0.452556 -0.891559 -0.017776 0.299856 0.953974 -0.004370 0.989827 0.142023 0.008507 -0.946041 0.322436 -0.032271 -0.892253 -0.451252 0.016000 -0.996697 -0.080722 0.008850 
0.451899 -0.891939 -0.015235 0.300648 0.953720 -0.005423 0.989865 0.141700 0.009432 -0.945734 0.323163 -0.033954 -0.892623 -0.450537 0.015525 -0.996721 -0.080554 0.007576 
0.451285 -0.892291 -0.012624 0.301387 0.953480 -0.006519 0.989898 0.141400 0.010401 -0.945439 0.323834 -0.035720 -0.892969 -0.449868 0.015027 -0.996743 -0.080399 0.006266 
0.450767 -0.892586 -0.009950 0.302023 0.953270 -0.007685 0.989922 0.141151 0.011439 -0.945173 0.324395 -0.037628 -0.893264 -0.449298 0.014512 -0.996761 -0.080268 0.004922 
0.450383 -0.892806 -0.007228 0.302518 0.953102 -0.008952 0.989934 0.140971 0.012565 -0.944948 0.324800 -0.039719 -0.893489 -0.448868 0.013986 -0.996775 -0.080171 0.003552 
0.450154 -0.892940 -0.004464 0.302840 0.952985 -0.010344 0.989932 0.140873 0.013788 -0.944773 0.325021 -0.042010 -0.893632 -0.448598 0.013455 -0.996784 -0.080112 0.002160 
0.450084 -0.892985 -0.001657 0.302981 0.952923 -0.011876 0.989914 0.140861 0.015110 -0.944651 0.325044 -0.044499 -0.893693 -0.448492 0.012927 -0.996787 -0.080091 0.000745 
0.450097 -0.892980 -0.000294 0.302695 0.952992 -0.013474 0.989875 0.140982 0.016451 -0.944670 0.324634 -0.047018 -0.893701 -0.448492 0.012375 -0.996786 -0.080109 0.000062 
0.450098 -0.892979 -0.000282 0.301813 0.953249 -0.014981 0.989816 0.141245 0.017736 -0.944890 0.323629 -0.049467 -0.893707 -0.448496 0.011822 -0.996784 -0.080137 0.000064 
0.450099 -0.892979 -0.000269 0.300593 0.953609 -0.016555 0.989739 0.141594 0.019184 -0.945203 0.322266 -0.052305 -0.893712 -0.448501 0.011193 -0.996781 -0.080169 0.000063 
0.450101 -0.892978 -0.000254 0.299358 0.953969 -0.018084 0.989659 0.141948 0.020624 -0.945513 0.320880 -0.055153 -0.893718 -0.448505 0.010564 -0.996779 -0.080200 0.000062 
0.450103 -0.892976 -0.000239 0.298285 0.954276 -0.019592 0.989585 0.142267 0.021955 -0.945772 0.319653 -0.057762 -0.893722 -0.448509 0.010038 -0.996776 -0.080229 0.000060 
0.450106 -0.892975 -0.000223 0.297382 0.954527 -0.021050 0.989517 0.142545 0.023158 -0.945982 0.318600 -0.060106 -0.893724 -0.448514 0.009638 -0.996774 -0.080256 0.000058 
0.450109 -0.892973 -0.000207 0.296632 0.954728 -0.022422 0.989458 0.142784 0.024196 -0.946151 0.317710 -0.062114 -0.893725 -0.448517 0.009376 -0.996772 -0.080280 0.000055 
0.450112 -0.892972 -0.000191 0.295960 0.954905 -0.023735 0.989405 0.142999 0.025067 -0.946311 0.316908 -0.063752 -0.893725 -0.448521 0.009241 -0.996771 -0.080301 0.000051 
0.450115 -0.892971 -0.000176 0.295409 0.955045 -0.024957 0.989362 0.143178 0.025750 -0.946450 0.316245 -0.064979 -0.893723 -0.448524 0.009227 -0.996769 -0.080319 0.000047 
0.450118 -0.892969 -0.000161 0.294993 0.955143 -0.026087 0.989327 0.143320 0.026293 -0.946556 0.315731 -0.065915 -0.893721 -0.448527 0.009316 -0.996768 -0.080334 0.000043 
0.450122 -0.892967 -0.000146 0.294699 0.955206 -0.027105 0.989300 0.143429 0.026721 -0.946632 0.315351 -0.066638 -0.893718 -0.448529 0.009479 -0.996767 -0.080347 0.000041 
0.450124 -0.892966 -0.000132 0.294451 0.955258 -0.027953 0.989277 0.143521 0.027070 -0.946697 0.315032 -0.067226 -0.893715 -0.448531 0.009627 -0.996766 -0.080358 0.000039 
0.450127 -0.892964 -0.000119 0.294235 0.955305 -0.028611 0.989258 0.143597 0.027342 -0.946755 0.314761 -0.067687 -0.893713 -0.448534 0.009738 -0.996765 -0.080366 0.000036 
0.450132 -0.892962 -0.000106 0.294085 0.955337 -0.029068 0.989245 0.143651 0.027530 -0.946795 0.314571 -0.068006 -0.893710 -0.448538 0.009816 -0.996765 -0.080371 0.000034 
0.450136 -0.892960 -0.000094 0.294002 0.955355 -0.029320 0.989238 0.143681 0.027633 -0.946817 0.314466 -0.068183 -0.893707 -0.448542 0.009859 -0.996765 -0.080374 0.000032 
0.450139 -0.892958 -0.000086 0.293983 0.955359 -0.029376 0.989237 0.143688 0.027654 -0.946822 0.314441 -0.068222 -0.893706 -0.448545 0.009869 -0.996765 -0.080376 0.000031 
0.450142 -0.892957 -0.000089 0.293983 0.955359 -0.029372 0.989237 0.143688 0.027648 -0.946822 0.314444 -0.068213 -0.893705 -0.448547 0.009875 -0.996765 -0.080375 0.000033 
0.450143 -0.892956 -0.000092 0.293997 0.955355 -0.029351 0.989238 0.143683 0.027630 -0.946819 0.314460 -0.068186 -0.893704 -0.448549 0.009898 -0.996765 -0.080375 0.000034 
0.450144 -0.892956 -0.000095 0.294024 0.955348 -0.029323 0.989240 0.143676 0.027597 -0.946812 0.314490 -0.068135 -0.893702 -0.448550 0.009943 -0.996765 -0.080374 0.000036 
0.450146 -0.892955 -0.000098 0.294061 0.955338 -0.029284 0.989243 0.143665 0.027556 -0.946802 0.314532 -0.068079 -0.893701 -0.448552 0.010001 -0.996765 -0.080373 0.000038 
0.450148 -0.892954 -0.000101 0.294113 0.955323 -0.029230 0.989246 0.143651 0.027509 -0.946788 0.314589 -0.068015 -0.893700 -0.448553 0.010066 -0.996765 -0.080372 0.000039 
0.450149 -0.892953 -0.000105 0.294190 0.955302 -0.029148 0.989251 0.143629 0.027433 -0.946768 0.314676 -0.067889 -0.893698 -0.448554 0.010135 -0.996765 -0.080370 0.000041 
0.450151 -0.892952 -0.000108 0.294293 0.955274 -0.029031 0.989259 0.143599 0.027329 -0.946743 0.314794 -0.067701 -0.893697 -0.448555 0.010201 -0.996765 -0.080368 0.000043 
0.450152 -0.892952 -0.000111 0.294401 0.955245 -0.028882 0.989266 0.143566 0.027214 -0.946716 0.314918 -0.067493 -0.893696 -0.448557 0.010255 -0.996765 -0.080365 0.000044 
0.450153 -0.892951 -0.000114 0.294507 0.955218 -0.028705 0.989274 0.143534 0.027103 -0.946689 0.315042 -0.067300 -0.893695 -0.448558 0.010291 -0.996766 -0.080362 0.000046 
0.450155 -0.892950 -0.000117 0.294607 0.955193 -0.028500 0.989282 0.143502 0.027000 -0.946661 0.315160 -0.067137 -0.893694 -0.448559 0.010306 -0.996766 -0.080359 0.000048 
0.450157 -0.892950 -0.000120 0.294701 0.955171 -0.028268 0.989289 0.143472 0.026906 -0.946633 0.315273 -0.067004 -0.893693 -0.448560 0.010298 -0.996766 -0.080356 0.000049 
0.450158 -0.892949 -0.000123 0.294789 0.955152 -0.028011 0.989295 0.143443 0.026820 -0.946605 0.315379 -0.066896 -0.893692 -0.448562 0.010268 -0.996766 -0.080353 0.000051 
0.450159 -0.892948 -0.000125 0.294872 0.955134 -0.027732 0.989301 0.143415 0.026741 -0.946577 0.315481 -0.066810 -0.893692 -0.448564 0.010220 -0.996767 -0.080350 0.000052 
0.450160 -0.892948 -0.000128 0.294954 0.955118 -0.027433 0.989308 0.143386 0.026659 -0.946550 0.315582 -0.066720 -0.893692 -0.448565 0.010161 -0.996767 -0.080346 0.000053 
0.450162 -0.892947 -0.000131 0.295038 0.955100 -0.027120 0.989314 0.143357 0.026575 -0.946521 0.315686 -0.066630 -0.893692 -0.448567 0.010095 -0.996767 -0.080343 0.000055 
0.450164 -0.892946 -0.000134 0.295126 0.955083 -0.026800 0.989321 0.143327 0.026495 -0.946490 0.315795 -0.066553 -0.893692 -0.448569 0.010024 -0.996768 -0.080340 0.000056 
0.450165 -0.892945 -0.000137 0.295216 0.955063 -0.026479 0.989327 0.143296 0.026416 -0.946459 0.315906 -0.066479 -0.893692 -0.448571 0.009956 -0.996768 -0.080336 0.000057 
0.450167 -0.892945 -0.000140 0.295307 0.955044 -0.026161 0.989334 0.143265 0.026333 -0.946427 0.316017 -0.066397 -0.893692 -0.448572 0.009893 -0.996768 -0.080333 0.000058 
0.450168 -0.892944 -0.000143 0.295398 0.955025 -0.025852 0.989341 0.143235 0.026249 -0.946397 0.316127 -0.066310 -0.893692 -0.448574 0.009838 -0.996768 -0.080329 0.000059 
0.450169 -0.892943 -0.000147 0.295492 0.955004 -0.025550 0.989347 0.143203 0.026161 -0.946365 0.316241 -0.066211 -0.893691 -0.448575 0.009791 -0.996769 -0.080326 0.000060 
0.450171 -0.892942 -0.000150 0.295590 0.954981 -0.025256 0.989355 0.143171 0.026065 -0.946334 0.316360 -0.066090 -0.893691 -0.448577 0.009753 -0.996769 -0.080322 0.000062 
0.450172 -0.892942 -0.000154 0.295691 0.954957 -0.024974 0.989362 0.143138 0.025963 -0.946303 0.316481 -0.065953 -0.893690 -0.448579 0.009726 -0.996769 -0.080319 0.000063 
0.450173 -0.892941 -0.000157 0.295794 0.954932 -0.024706 0.989370 0.143105 0.025860 -0.946272 0.316604 -0.065806 -0.893690 -0.448580 0.009707 -0.996770 -0.080315 0.000064 
0.450175 -0.892941 -0.000161 0.295901 0.954906 -0.024452 0.989377 0.143071 0.025756 -0.946241 0.316730 -0.065655 -0.893689 -0.448582 0.009695 -0.996770 -0.080312 0.000065 
0.450176 -0.892940 -0.000165 0.296006 0.954879 -0.024214 0.989385 0.143039 0.025654 -0.946210 0.316854 -0.065502 -0.893689 -0.448583 0.009691 -0.996770 -0.080309 0.000066 
0.450177 -0.892939 -0.000168 0.296108 0.954853 -0.023995 0.989392 0.143007 0.025555 -0.946180 0.316973 -0.065351 -0.893688 -0.448585 0.009693 -0.996770 -0.080306 0.000067 
0.450178 -0.892939 -0.000172 0.296203 0.954829 -0.023795 0.989398 0.142978 0.025462 -0.946153 0.317085 -0.065207 -0.893687 -0.448586 0.009699 -0.996771 -0.080303 0.000069 
0.450180 -0.892938 -0.000176 0.296292 0.954806 -0.023615 0.989404 0.142951 0.025377 -0.946128 0.317187 -0.065077 -0.893686 -0.448587 0.009708 -0.996771 -0.080300 0.000070 
0.450181 -0.892937 -0.000179 0.296370 0.954785 -0.023453 0.989410 0.142927 0.025303 -0.946105 0.317279 -0.064964 -0.893686 -0.448588 0.009716 -0.996771 -0.080298 0.000071 
0.450182 -0.892937 -0.000182 0.296438 0.954768 -0.023309 0.989414 0.142906 0.025240 -0.946084 0.317358 -0.064874 -0.893685 -0.448589 0.009722 -0.996771 -0.080296 0.000072 
0.450183 -0.892936 -0.000185 0.296496 0.954753 -0.023183 0.989418 0.142889 0.025191 -0.946066 0.317425 -0.064811 -0.893685 -0.448590 0.009723 -0.996771 -0.080294 0.000073 
0.450185 -0.892936 -0.000188 0.296542 0.954741 -0.023075 0.989421 0.142875 0.025158 -0.946051 0.317478 -0.064777 -0.893684 -0.448592 0.009719 -0.996771 -0.080293 0.000074 
0.450186 -0.892935 -0.000191 0.296577 0.954732 -0.022984 0.989423 0.142865 0.025139 -0.946038 0.317517 -0.064772 -0.893683 -0.448593 0.009708 -0.996771 -0.080292 0.000075 
0.450187 -0.892934 -0.000193 0.296606 0.954725 -0.022906 0.989424 0.142856 0.025134 -0.946025 0.317551 -0.064794 -0.893683 -0.448595 0.009690 -0.996771 -0.080291 0.000076 
0.450188 -0.892934 -0.000196 0.296631 0.954719 -0.022841 0.989425 0.142850 0.025141 -0.946013 0.317577 -0.064839 -0.893682 -0.448596 0.009666 -0.996771 -0.080291 0.000077 
0.450189 -0.892933 -0.000198 0.296651 0.954714 -0.022796 0.989425 0.142845 0.025155 -0.946003 0.317596 -0.064893 -0.893682 -0.448598 0.009643 -0.996772 -0.080290 0.000077 
0.450191 -0.892932 -0.000199 0.296663 0.954711 -0.022770 0.989425 0.142843 0.025174 -0.945995 0.317608 -0.064952 -0.893681 -0.448599 0.009625 -0.996772 -0.080290 0.000078 
0.450192 -0.892932 -0.000200 0.296667 0.954710 -0.022757 0.989425 0.142843 0.025191 -0.945991 0.317610 -0.064999 -0.893681 -0.448601 0.009608 -0.996772 -0.080290 0.000078 
0.450194 -0.892931 -0.000200 0.296670 0.954709 -0.022746 0.989424 0.142843 0.025212 -0.945987 0.317611 -0.065055 -0.893680 -0.448602 0.009588 -0.996772 -0.080290 0.000078 
0.450196 -0.892930 -0.000199 0.296673 0.954708 -0.022730 0.989423 0.142844 0.025241 -0.945981 0.317612 -0.065132 -0.893680 -0.448604 0.009561 -0.996771 -0.080291 0.000078 
0.450197 -0.892929 -0.000199 0.296678 0.954708 -0.022710 0.989422 0.142844 0.025279 -0.945974 0.317613 -0.065232 -0.893679 -0.448606 0.009526 -0.996771 -0.080291 0.000078 
0.450199 -0.892928 -0.000198 0.296683 0.954706 -0.022685 0.989421 0.142845 0.025325 -0.945965 0.317615 -0.065354 -0.893679 -0.448607 0.009483 -0.996771 -0.080291 0.000078 
0.450200 -0.892928 -0.000197 0.296690 0.954705 -0.022656 0.989420 0.142845 0.025378 -0.945954 0.317618 -0.065495 -0.893678 -0.448609 0.009434 -0.996771 -0.080292 0.000078 
0.450202 -0.892927 -0.000197 0.296698 0.954703 -0.022624 0.989418 0.142845 0.025435 -0.945943 0.317621 -0.065647 -0.893678 -0.448611 0.009380 -0.996771 -0.080292 0.000078 
0.450203 -0.892926 -0.000196 0.296706 0.954702 -0.022591 0.989417 0.142846 0.025494 -0.945931 0.317624 -0.065804 -0.893678 -0.448612 0.009324 -0.996771 -0.080292 0.000078 
0.450205 -0.892925 -0.000196 0.296714 0.954700 -0.022559 0.989415 0.142846 0.025552 -0.945919 0.317627 -0.065960 -0.893677 -0.448614 0.009269 -0.996771 -0.080293 0.000078 
0.450207 -0.892924 -0.000196 0.296721 0.954699 -0.022528 0.989413 0.142847 0.025608 -0.945907 0.317630 -0.066109 -0.893677 -0.448616 0.009217 -0.996771 -0.080293 0.000078 
0.450209 -0.892923 -0.000195 0.296728 0.954697 -0.022499 0.989412 0.142847 0.025660 -0.945897 0.317633 -0.066247 -0.893677 -0.448618 0.009168 -0.996771 -0.080294 0.000078 
0.450210 -0.892923 -0.000195 0.296734 0.954696 -0.022472 0.989411 0.142848 0.025708 -0.945887 0.317636 -0.066374 -0.893676 -0.448620 0.009123 -0.996771 -0.080294 0.000078 
0.450212 -0.892922 -0.000194 0.296742 0.954694 -0.022452 0.989410 0.142848 0.025752 -0.945878 0.317639 -0.066488 -0.893676 -0.448622 0.009084 -0.996771 -0.080294 0.000078 
0.450213 -0.892921 -0.000194 0.296750 0.954691 -0.022453 0.989408 0.142848 0.025793 -0.945869 0.317643 -0.066586 -0.893675 -0.448624 0.009049 -0.996771 -0.080295 0.000077 
0.450215 -0.892920 -0.000193 0.296762 0.954687 -0.022466 0.989408 0.142847 0.025834 -0.945861 0.317651 -0.066676 -0.893674 -0.448626 0.009018 -0.996771 -0.080295 0.000077 
0.450217 -0.892919 -0.000192 0.296778 0.954682 -0.022493 0.989407 0.142846 0.025873 -0.945851 0.317662 -0.066756 -0.893674 -0.448627 0.008991 -0.996771 -0.080296 0.000077 
0.450219 -0.892918 -0.000191 0.296798 0.954674 -0.022534 0.989406 0.142845 0.025912 -0.945841 0.317677 -0.066828 -0.893673 -0.448629 0.008968 -0.996771 -0.080297 0.000076 
0.450220 -0.892918 -0.000190 0.296823 0.954665 -0.022589 0.989405 0.142842 0.025950 -0.945831 0.317695 -0.066891 -0.893672 -0.448631 0.008949 -0.996771 -0.080297 0.000076 
0.450222 -0.892916 -0.000190 0.296850 0.954655 -0.022655 0.989405 0.142839 0.025987 -0.945820 0.317716 -0.066944 -0.893671 -0.448633 0.008933 -0.996771 -0.080298 0.000076 
0.450224 -0.892915 -0.000190 0.296878 0.954645 -0.022728 0.989404 0.142836 0.026021 -0.945809 0.317739 -0.066988 -0.893671 -0.448635 0.008922 -0.996771 -0.080299 0.000076 
0.450226 -0.892915 -0.000190 0.296908 0.954634 -0.022806 0.989404 0.142833 0.026052 -0.945799 0.317762 -0.067023 -0.893670 -0.448636 0.008914 -0.996771 -0.080300 0.000076 
0.450227 -0.892914 -0.000191 0.296938 0.954623 -0.022885 0.989404 0.142829 0.026080 -0.945789 0.317785 -0.067051 -0.893669 -0.448638 0.008908 -0.996771 -0.080301 0.000076 
0.450229 -0.892913 -0.000191 0.296966 0.954612 -0.022953 0.989404 0.142826 0.026105 -0.945779 0.317808 -0.067077 -0.893668 -0.448640 0.008904 -0.996771 -0.080302 0.000076 
0.450231 -0.892912 -0.000192 0.296992 0.954603 -0.023014 0.989403 0.142822 0.026128 -0.945770 0.317830 -0.067101 -0.893667 -0.448642 0.008901 -0.996771 -0.080302 0.000077 
0.450233 -0.892911 -0.000193 0.297016 0.954594 -0.023070 0.989403 0.142819 0.026150 -0.945762 0.317850 -0.067126 -0.893666 -0.448644 0.008898 -0.996771 -0.080303 0.000077 
0.450234 -0.892910 -0.000193 0.297040 0.954585 -0.023125 0.989403 0.142816 0.026172 -0.945754 0.317869 -0.067152 -0.893665 -0.448646 0.008893 -0.996770 -0.080303 0.000077 
0.450236 -0.892909 -0.000194 0.297061 0.954577 -0.023179 0.989403 0.142814 0.026197 -0.945745 0.317887 -0.067184 -0.893665 -0.448647 0.008886 -0.996770 -0.080304 0.000077 
0.450238 -0.892908 -0.000194 0.297082 0.954570 -0.023230 0.989402 0.142812 0.026224 -0.945737 0.317902 -0.067224 -0.893664 -0.448649 0.008874 -0.996770 -0.080305 0.000078 
0.450240 -0.892908 -0.000195 0.297101 0.954562 -0.023273 0.989402 0.142810 0.026255 -0.945729 0.317916 -0.067276 -0.893663 -0.448651 0.008858 -0.996770 -0.080305 0.000078 
0.450242 -0.892907 -0.000195 0.297119 0.954556 -0.023310 0.989401 0.142808 0.026290 -0.945720 0.317929 -0.067339 -0.893662 -0.448653 0.008837 -0.996770 -0.080306 0.000078 
0.450243 -0.892906 -0.000195 0.297136 0.954550 -0.023342 0.989400 0.142807 0.026329 -0.945711 0.317942 -0.067414 -0.893662 -0.448655 0.008812 -0.996770 -0.080306 0.000078 
