1.710785 0.419644 0.004596 1.927989 0.423664 0.004849 1.710709 0.556355 0.004338 1.924835 0.561627 0.004585 
1.710786 0.419643 0.004633 1.927990 0.423663 0.004862 1.710710 0.556354 0.004399 1.924836 0.561627 0.004622 
1.710786 0.419642 0.004663 1.927990 0.423662 0.004871 1.710710 0.556353 0.004451 1.924836 0.561626 0.004654 
1.710787 0.419642 0.004692 1.927991 0.423661 0.004878 1.710711 0.556352 0.004500 1.924837 0.561625 0.004681 
1.710788 0.419641 0.004719 1.927991 0.423661 0.004884 1.710711 0.556352 0.004543 1.924837 0.561625 0.004705 
1.710788 0.419641 0.004741 1.927992 0.423660 0.004890 1.710712 0.556351 0.004585 1.924838 0.561624 0.004730 
1.710739 0.419868 0.004214 1.927944 0.423809 0.004638 1.710712 0.556579 0.004428 1.924839 0.561774 0.004848 
1.710939 0.420009 0.003334 1.928139 0.424027 0.004620 1.710859 0.556718 0.004089 1.924981 0.561989 0.005364 
1.710868 0.419954 0.003424 1.928069 0.423975 0.004602 1.710788 0.556663 0.004081 1.924911 0.561937 0.005248 
1.710871 0.419956 0.003570 1.928072 0.423977 0.004629 1.710791 0.556665 0.004170 1.924914 0.561939 0.005220 
1.710873 0.419950 0.003699 1.928074 0.423970 0.004650 1.710792 0.556658 0.004495 1.924916 0.561932 0.005441 
1.710874 0.419918 0.003817 1.928077 0.423919 0.004675 1.710805 0.556625 0.004887 1.924930 0.561879 0.005743 
1.710876 0.419918 0.003922 1.928079 0.423921 0.004693 1.710806 0.556625 0.004933 1.924931 0.561882 0.005703 
1.710876 0.419923 0.004016 1.928079 0.423921 0.004706 1.710810 0.556630 0.004999 1.924935 0.561882 0.005689 
1.710690 0.420113 0.004111 1.927895 0.424086 0.004106 1.710643 0.556814 0.005731 1.924770 0.562041 0.005741 
1.710690 0.420099 0.004184 1.927895 0.424071 0.004184 1.710643 0.556794 0.006232 1.924770 0.562021 0.006251 
1.710690 0.420078 0.004252 1.927895 0.424051 0.004252 1.710644 0.556763 0.006923 1.924771 0.561989 0.006948 
1.710691 0.420046 0.004313 1.927896 0.424019 0.004313 1.710645 0.556709 0.007924 1.924772 0.561935 0.007959 
1.710692 0.419973 0.004370 1.927897 0.423946 0.004372 1.710648 0.556563 0.010110 1.924775 0.561789 0.010167 
1.710691 0.419898 0.004424 1.927924 0.421790 0.004445 1.711955 0.556374 0.012343 1.926123 0.559547 0.012440 
1.710665 0.419538 0.004492 1.927902 0.418214 0.004560 1.713946 0.555880 0.013969 1.928137 0.555882 0.014127 
1.710666 0.419518 0.004533 1.927901 0.417826 0.004594 1.714178 0.555812 0.014594 1.928368 0.555451 0.014751 
1.710666 0.419518 0.004570 1.927901 0.417827 0.004625 1.714178 0.555814 0.014619 1.928369 0.555453 0.014769 
1.710667 0.419545 0.004602 1.927901 0.417854 0.004649 1.714179 0.555894 0.013894 1.928370 0.555534 0.014029 
1.710667 0.419555 0.004632 1.927901 0.417865 0.004670 1.714180 0.555923 0.013649 1.928370 0.555563 0.013774 
1.710667 0.419553 0.004663 1.927902 0.418010 0.004691 1.714087 0.555928 0.013604 1.928278 0.555714 0.013718 
1.712157 0.420567 0.005879 1.929393 0.422015 0.005490 1.713725 0.556700 0.018336 1.927899 0.559432 0.018071 
1.720050 0.425557 0.009779 1.937243 0.429652 0.011810 1.719803 0.561463 0.024587 1.933917 0.566803 0.026732 
1.893486 0.014093 0.004753 1.941317 0.571456 0.035875 2.067724 0.137001 0.025058 1.811763 0.123632 0.008275 1.727250 0.565719 0.031365 1.727909 0.429787 0.016812 
1.893704 0.013496 0.004876 1.948431 0.581247 0.041407 2.067854 0.137392 0.019003 1.811637 0.122783 0.008220 1.734508 0.572862 0.034736 1.737002 0.436972 0.019979 
1.896084 0.013736 0.004845 1.957725 0.597189 0.041064 2.069098 0.139693 0.013723 1.812906 0.122193 0.007717 1.744140 0.584707 0.030895 1.749533 0.449050 0.014839 
1.896160 0.013848 0.004849 1.966908 0.612893 0.036019 2.068660 0.140772 0.008263 1.812497 0.121957 0.006523 1.753718 0.597422 0.022303 1.761351 0.462025 0.005009 
1.896230 0.013934 0.004900 1.967471 0.614952 0.029282 2.068787 0.140826 0.004925 1.812613 0.122091 0.005221 1.754148 0.598544 0.019191 1.761972 0.462837 0.004626 
1.896828 0.014196 0.005260 1.969252 0.613303 0.024371 2.069726 0.140623 0.005499 1.813503 0.122577 0.004826 1.755673 0.598933 0.016945 1.761953 0.462922 0.004644 
1.899256 0.015205 0.006697 1.971511 0.610667 0.020982 2.073171 0.140219 0.008314 1.816832 0.124259 0.004841 1.757705 0.599227 0.015162 1.761985 0.462988 0.004663 
1.903262 0.017665 0.008176 1.973825 0.607722 0.018116 2.078218 0.141164 0.012191 1.821831 0.127428 0.004855 1.759844 0.599462 0.013453 1.762009 0.463050 0.004682 
1.907202 0.020474 0.009546 1.975983 0.604891 0.014909 2.083143 0.142482 0.015594 1.826769 0.130921 0.004869 1.761881 0.599649 0.011658 1.762039 0.463115 0.004701 
1.909349 0.023361 0.010769 1.977959 0.602194 0.011485 2.086500 0.143547 0.017883 1.830125 0.134621 0.004881 1.763789 0.599793 0.009736 1.762072 0.463185 0.004718 
1.909121 0.026399 0.011805 1.980046 0.599162 0.007872 2.087807 0.144272 0.019199 1.831408 0.138661 0.004892 1.765856 0.599892 0.007581 1.762105 0.463262 0.004732 
1.907646 0.029749 0.012893 1.980955 0.597803 0.005723 2.087649 0.145606 0.020241 1.831249 0.142856 0.005139 1.766775 0.599966 0.005537 1.762107 0.463337 0.004766 
1.905300 0.033346 0.015234 1.981109 0.597713 0.004963 2.085932 0.148298 0.021230 1.829470 0.146802 0.007028 1.766933 0.600299 0.004823 1.761994 0.463678 0.004877 
1.900813 0.035526 0.019130 1.981469 0.597757 0.004914 2.082217 0.149345 0.023045 1.825669 0.149400 0.010414 1.767299 0.600615 0.004106 1.762186 0.464000 0.004151 
1.895691 0.034850 0.025432 1.981586 0.597510 0.004567 2.077509 0.148073 0.026140 1.820851 0.148867 0.016008 1.767420 0.600604 0.003494 1.762153 0.463997 0.004166 
1.890951 0.032224 0.033298 1.981687 0.597395 0.004563 2.073000 0.145040 0.030382 1.816252 0.146252 0.022926 1.767526 0.600688 0.003194 1.762130 0.464087 0.004120 
1.887087 0.028616 0.041995 1.981690 0.597403 0.004592 2.069199 0.141169 0.035294 1.812386 0.142543 0.030589 1.767528 0.600696 0.003347 1.762131 0.464097 0.004516 
1.885050 0.025208 0.050563 1.981693 0.597427 0.004619 2.067034 0.137704 0.040357 1.810187 0.138920 0.038112 1.767531 0.600717 0.003494 1.762133 0.464125 0.005344 
1.884733 0.023014 0.058200 1.981696 0.597463 0.004644 2.066477 0.135590 0.045028 1.809620 0.136451 0.044784 1.767533 0.600749 0.003629 1.762134 0.464176 0.006516 
1.884804 0.022465 0.064710 1.981699 0.597509 0.004667 2.066251 0.135172 0.048849 1.809398 0.135625 0.050621 1.767536 0.600791 0.003753 1.762136 0.464251 0.007949 
1.884190 0.023011 0.070329 1.981702 0.597557 0.004688 2.065489 0.135581 0.051986 1.808658 0.136026 0.055752 1.767538 0.600833 0.003866 1.762139 0.464342 0.009407 
1.882772 0.024278 0.075215 1.981705 0.597605 0.004703 2.064050 0.136468 0.054499 1.807257 0.137255 0.060270 1.767541 0.600877 0.003969 1.762143 0.464447 0.010866 
1.895630 0.032845 0.065860 1.981705 0.597621 0.004727 2.070220 0.156631 0.057323 1.813929 0.142453 0.066830 1.767542 0.601030 0.004059 1.762059 0.464612 0.011123 
1.914090 0.031160 0.075758 1.981705 0.597608 0.004745 2.083267 0.161713 0.061170 1.828135 0.137437 0.078347 1.767543 0.601019 0.004138 1.762061 0.464584 0.010864 
1.944578 0.024961 0.091451 1.981706 0.597584 0.004763 2.105831 0.164215 0.069462 1.852926 0.126376 0.093625 1.767543 0.600997 0.004208 1.762063 0.464530 0.010266 
1.985092 0.022346 0.104293 1.981707 0.597537 0.004778 2.136977 0.171461 0.080353 1.887078 0.117644 0.105468 1.767544 0.600960 0.004274 1.762060 0.464449 0.009237 
1.981650 0.594925 0.004795 2.034699 0.024984 0.115631 2.174536 0.183645 0.081714 1.767544 0.600918 0.004333 1.929898 0.112769 0.114963 1.760425 0.464444 0.008081 
1.981455 0.589419 0.004816 2.093564 0.044930 0.113550 2.219664 0.214067 0.076549 1.767572 0.600904 0.004376 1.981843 0.123706 0.111944 1.756955 0.464630 0.006925 
1.980765 0.579081 0.004884 2.165307 0.088890 0.100933 2.273988 0.270225 0.066525 1.767682 0.600837 0.004526 2.046166 0.155878 0.098128 1.750526 0.465216 0.006142 
1.980282 0.573502 0.004899 2.231856 0.158574 0.087157 2.318642 0.352275 0.058418 1.767863 0.600992 0.004548 2.105609 0.210834 0.082666 1.747059 0.465891 0.006729 
2.283567 0.257861 0.070983 1.768564 0.601385 0.004586 1.980281 0.568929 0.004899 2.152618 0.296969 0.067403 1.744603 0.466809 0.006867 2.350012 0.460768 0.053907 2.218745 0.503172 0.050048 
1.744403 0.467317 0.007486 2.312219 0.361682 0.052900 1.768635 0.601832 0.004622 2.372314 0.567267 0.051957 2.239816 0.605731 0.048977 
2.315130 0.461050 0.040494 1.768468 0.599855 0.004773 1.745410 0.465182 0.009411 1.960159 0.432375 0.009502 2.377454 0.665607 0.052732 2.245378 0.705608 0.052488 
2.305543 0.530431 0.030934 1.767683 0.593914 0.004795 1.748488 0.458777 0.012501 1.964085 0.432102 0.012595 2.370492 0.733882 0.047270 2.238917 0.775354 0.050713 
2.294202 0.578328 0.024064 1.767063 0.587897 0.004813 1.751780 0.452473 0.015615 1.968055 0.432010 0.015725 2.361832 0.781219 0.035859 2.230849 0.824295 0.041507 
2.280381 0.608952 0.017786 1.766626 0.581667 0.005718 1.755433 0.446100 0.019365 1.972218 0.432054 0.018591 2.356493 0.809059 0.024245 2.227413 0.857840 0.025932 
1.757904 0.442360 0.023381 2.333535 0.836844 0.007311 2.241779 0.643312 0.005336 1.974896 0.432254 0.020923 1.766490 0.577863 0.007408 2.208914 0.895578 0.015294 
1.758460 0.441504 0.024297 2.328137 0.844124 0.004249 2.232569 0.652437 0.004725 1.975513 0.432548 0.023112 1.766398 0.576775 0.006174 2.205642 0.904970 0.022597 
1.754988 0.446914 0.027117 2.333302 0.843971 0.004317 2.232903 0.654768 0.004756 1.971688 0.431700 0.025362 1.766738 0.581591 0.006772 2.214607 0.906753 0.036161 
1.751690 0.442784 0.034710 2.339601 0.843757 0.004412 2.233267 0.657825 0.004788 1.967754 0.420506 0.030959 1.767454 0.576097 0.008850 2.224890 0.909161 0.044510 
1.752619 0.432740 0.043706 2.343794 0.843679 0.004459 2.233404 0.660127 0.004806 1.968251 0.406808 0.038807 1.770215 0.564517 0.011847 2.231730 0.910876 0.048848 
1.755347 0.424887 0.050735 2.344564 0.843593 0.004555 2.233517 0.660436 0.004833 1.971045 0.399595 0.045397 1.772290 0.555806 0.015196 2.233337 0.910815 0.050963 
1.754514 0.419790 0.058141 2.344748 0.843497 0.004587 2.233585 0.660412 0.004902 1.970210 0.394792 0.051516 1.770867 0.549857 0.019347 2.233765 0.910679 0.051632 
1.751955 0.416552 0.064543 2.344748 0.843503 0.004617 2.233353 0.660558 0.004909 1.967602 0.391414 0.056916 1.767998 0.545693 0.022648 2.233749 0.910880 0.051345 
1.748550 0.414693 0.069428 2.344880 0.843432 0.004749 2.233021 0.660770 0.004941 1.964132 0.389103 0.061458 1.764573 0.542828 0.024545 2.233689 0.911286 0.050317 
1.744551 0.414054 0.072595 2.344895 0.843426 0.004803 2.232411 0.661149 0.004953 1.960056 0.387732 0.064962 1.760851 0.541110 0.024835 2.233495 0.911923 0.048875 
1.740581 0.413559 0.074431 2.344859 0.843450 0.004830 2.232109 0.661337 0.004958 1.956039 0.386615 0.067654 1.757212 0.539485 0.023876 2.233014 0.912439 0.046965 
1.737368 0.412324 0.075032 2.344788 0.843494 0.004838 2.232005 0.661401 0.004957 1.952834 0.385109 0.069804 1.754302 0.537059 0.021700 2.232363 0.912867 0.044737 
1.734969 0.410395 0.074384 2.344708 0.843544 0.004846 2.231924 0.661452 0.004955 1.950490 0.383248 0.071593 1.752264 0.533840 0.018241 2.231648 0.913307 0.042194 
1.753164 0.523485 0.004573 2.350443 0.839060 0.004934 2.238451 0.912310 0.038647 1.772819 0.393555 0.042276 2.232879 0.660017 0.004956 1.986660 0.431493 0.047403 
2.353601 0.839498 0.004936 1.745886 0.532785 0.019517 2.240617 0.912906 0.034764 2.236583 0.660097 0.004943 1.807196 0.410962 0.029012 1.997713 0.512953 0.051261 
2.357646 0.840849 0.004940 1.709856 0.543096 0.058609 2.243112 0.913477 0.030457 1.773905 0.422518 0.065568 2.242618 0.660166 0.004938 
2.357533 0.843147 0.005002 1.664066 0.575079 0.107420 2.240991 0.913859 0.026493 1.721166 0.450972 0.112595 2.246090 0.660231 0.004940 
2.354413 0.843740 0.004965 1.631943 0.613468 0.139842 2.235834 0.912298 0.021782 1.675211 0.484038 0.147947 2.246872 0.658503 0.004945 
2.252889 0.653858 0.005256 1.620956 0.677173 0.148149 1.638743 0.543412 0.170095 1.852607 0.571620 0.144397 2.353968 0.842698 0.004965 2.232568 0.907421 0.015780 
2.256748 0.649985 0.004977 1.631477 0.733532 0.127325 1.628025 0.600576 0.158960 1.844846 0.595938 0.146285 2.353659 0.840999 0.004967 2.230536 0.903193 0.009047 
2.257850 0.648215 0.006894 1.642281 0.742737 0.089602 1.634887 0.611537 0.127309 1.851943 0.605193 0.133662 2.355991 0.838598 0.006569 2.233231 0.901603 0.004480 
2.256893 0.647490 0.013558 1.649817 0.733587 0.057058 1.645585 0.604189 0.100968 1.861356 0.609612 0.125611 2.356661 0.837027 0.013346 2.234678 0.900951 0.004523 
2.255253 0.647669 0.020783 1.631627 0.737637 0.026276 1.625278 0.610476 0.076072 1.838389 0.620100 0.117119 2.356436 0.836453 0.020502 2.235497 0.900973 0.004535 
1.601675 0.621102 0.061877 2.250473 0.647964 0.029100 1.610454 0.745142 0.005070 2.353779 0.835579 0.026563 2.234195 0.900851 0.004579 
2.244695 0.649450 0.041932 1.594320 0.759227 0.035906 1.581891 0.638109 0.098082 1.797752 0.632585 0.121896 2.350946 0.835201 0.032715 2.232952 0.901020 0.004621 
2.235195 0.651711 0.055542 1.603481 0.782649 0.046381 1.580363 0.666734 0.115076 1.794748 0.632151 0.121112 2.343711 0.835527 0.037829 2.226862 0.901030 0.004669 
2.225147 0.655085 0.069924 1.636863 0.805882 0.033363 1.599128 0.696737 0.106529 1.807518 0.636147 0.116337 2.336047 0.836371 0.043200 2.220430 0.901137 0.004703 
2.219133 0.659889 0.085193 1.678882 0.831478 0.022634 1.626793 0.730098 0.098124 1.826221 0.645673 0.115293 2.333281 0.837761 0.050415 2.219688 0.901435 0.004740 
2.215686 0.666378 0.101492 1.704242 0.856648 0.011160 1.638599 0.763999 0.087298 1.825002 0.654270 0.107481 2.332689 0.840419 0.057930 2.221119 0.901821 0.004772 
1.630201 0.810852 0.093673 2.216282 0.676557 0.107501 1.793507 0.667647 0.089514 1.705814 0.895568 0.017544 2.334667 0.848630 0.060029 2.223714 0.909474 0.004971 
1.628035 0.846876 0.109654 2.222770 0.692888 0.107862 1.769963 0.684521 0.083364 1.707700 0.925883 0.031544 2.339865 0.865981 0.060903 2.228634 0.925854 0.005344 
1.637054 0.860380 0.117590 2.229579 0.708360 0.109015 1.771763 0.693313 0.083889 1.717498 0.937941 0.038832 2.343529 0.883305 0.061187 2.230996 0.941284 0.006242 
1.640855 0.870158 0.123731 2.238919 0.720544 0.110990 1.773213 0.702420 0.084499 1.720275 0.948201 0.044411 2.350189 0.896966 0.062285 2.236692 0.953105 0.007414 
1.641868 0.878051 0.129277 2.247116 0.730599 0.110147 1.772831 0.710288 0.085713 1.719612 0.956490 0.048697 2.356386 0.908096 0.060822 2.242107 0.963014 0.006339 
1.643727 0.884503 0.131984 2.250763 0.736435 0.108431 1.773139 0.715975 0.086764 1.720846 0.962465 0.050348 2.359338 0.914204 0.058558 2.244561 0.968986 0.004994 
1.645100 0.890244 0.132616 2.251485 0.736801 0.109124 1.772623 0.720337 0.087193 1.722698 0.967285 0.050560 2.361055 0.913730 0.058444 2.246494 0.969070 0.004991 
1.645831 0.892886 0.133078 2.251880 0.736726 0.108985 1.772174 0.722143 0.087493 1.723681 0.969357 0.050729 2.361945 0.913322 0.058217 2.247476 0.969068 0.004988 
1.646365 0.892805 0.133518 2.252278 0.736281 0.108015 1.772131 0.721717 0.087633 1.724260 0.969075 0.051025 2.362168 0.913125 0.057735 2.247564 0.969047 0.004984 
1.646500 0.891674 0.133833 2.252645 0.735634 0.106613 1.772288 0.720670 0.087696 1.724246 0.968022 0.051271 2.362336 0.912922 0.057478 2.247698 0.969006 0.004973 
1.646289 0.891255 0.133680 2.252369 0.735116 0.105511 1.772290 0.720384 0.087630 1.724022 0.967689 0.051186 2.362221 0.912621 0.057528 2.247738 0.968970 0.004970 
1.646044 0.891169 0.133362 2.251887 0.734816 0.104866 1.772228 0.720367 0.087558 1.723834 0.967621 0.050938 2.362036 0.912333 0.057614 2.247727 0.968956 0.004971 
1.645956 0.891348 0.133089 2.251489 0.734552 0.104289 1.772092 0.720446 0.087527 1.723875 0.967703 0.050697 2.361916 0.912035 0.057561 2.247724 0.968944 0.004972 
1.645890 0.891616 0.132782 2.251003 0.734209 0.103532 1.771924 0.720562 0.087507 1.723969 0.967830 0.050412 2.361771 0.911653 0.057470 2.247720 0.968928 0.004972 
1.645884 0.889807 0.133376 2.251552 0.733976 0.102981 1.772541 0.719307 0.087751 1.723374 0.966354 0.050758 2.361942 0.911730 0.057203 2.247725 0.968917 0.004970 
1.645689 0.887951 0.133942 2.252055 0.733940 0.102875 1.773228 0.718227 0.087886 1.722523 0.965005 0.051183 2.362072 0.911937 0.057147 2.247727 0.968915 0.004968 
1.644969 0.887413 0.133201 2.251478 0.734147 0.103290 1.773291 0.718098 0.087820 1.721738 0.964610 0.050516 2.361863 0.911896 0.057487 2.247711 0.968966 0.004987 
1.644101 0.887871 0.131551 2.250380 0.734869 0.103807 1.772897 0.718480 0.087826 1.721238 0.964716 0.048881 2.361440 0.912192 0.057983 2.247629 0.969486 0.004990 
1.643206 0.888091 0.130010 2.249430 0.737872 0.103713 1.772830 0.718882 0.088058 1.720415 0.964637 0.047129 2.360478 0.915310 0.058307 2.246781 0.972529 0.004988 
1.642439 0.888108 0.129213 2.249037 0.742045 0.103438 1.773202 0.719524 0.088297 1.719312 0.964744 0.046103 2.359457 0.919972 0.058413 2.245618 0.976807 0.004986 
1.641786 0.888389 0.129453 2.249543 0.747164 0.103191 1.773927 0.720955 0.088243 1.717962 0.965770 0.046392 2.358645 0.925946 0.058341 2.244385 0.981997 0.004985 
1.641229 0.888125 0.130236 2.250758 0.753495 0.102691 1.774983 0.722188 0.088182 1.716395 0.966539 0.047223 2.357840 0.933541 0.058029 2.242887 0.988461 0.004984 
1.640733 0.887768 0.131238 2.252331 0.760690 0.102068 1.776208 0.723504 0.088135 1.714726 0.967323 0.048257 2.357004 0.942206 0.057648 2.241247 0.995784 0.004983 
1.640218 0.887340 0.132416 2.254049 0.768664 0.101420 1.777618 0.725028 0.088033 1.712861 0.968217 0.049518 2.355980 0.951791 0.057236 2.239336 1.003826 0.004982 
1.639671 0.886854 0.133606 2.255820 0.777341 0.100763 1.779174 0.726706 0.087940 1.710822 0.969121 0.050784 2.354776 0.962160 0.056860 2.237221 1.012495 0.004981 
1.639084 0.886083 0.134874 2.257515 0.786859 0.100048 1.780925 0.728416 0.087801 1.708553 0.969891 0.052170 2.353130 0.973493 0.056420 2.234586 1.021920 0.004980 
1.638401 0.886665 0.135592 2.257166 0.795699 0.098797 1.782142 0.731085 0.087351 1.706697 0.971850 0.053319 2.350035 0.983842 0.055725 2.230636 1.030884 0.004980 
1.637790 0.888854 0.135032 2.255691 0.799335 0.099022 1.782165 0.733773 0.087078 1.706058 0.974327 0.053034 2.347992 0.987687 0.055644 2.228409 1.034344 0.004980 
1.637057 0.891740 0.134369 2.253631 0.799781 0.099967 1.781300 0.736459 0.086669 1.705792 0.977222 0.052771 2.346335 0.987739 0.055748 2.226822 1.034465 0.004982 
1.636612 0.892559 0.134077 2.253065 0.800361 0.100878 1.781158 0.737497 0.086581 1.705324 0.978142 0.052567 2.345711 0.988194 0.056008 2.226211 1.034669 0.004982 
1.636407 0.891618 0.134286 2.253602 0.801045 0.101841 1.781749 0.737293 0.086817 1.704515 0.977454 0.052534 2.345608 0.989057 0.056408 2.226020 1.034878 0.004996 
1.636094 0.889213 0.134942 2.255753 0.804957 0.102537 1.783040 0.736551 0.087039 1.702960 0.975808 0.052966 2.345824 0.993833 0.056811 2.225870 1.038216 0.004994 
1.636580 0.885053 0.137356 2.259931 0.811508 0.102776 1.784950 0.734364 0.087627 1.701769 0.972797 0.055252 2.345901 1.002156 0.056510 2.224892 1.043948 0.004992 
1.640837 0.875249 0.141561 2.266743 0.817319 0.103608 1.791983 0.727517 0.091322 1.703382 0.963913 0.058394 2.347276 1.009991 0.055966 2.224882 1.048275 0.004993 
1.647866 0.865927 0.143926 2.272914 0.823074 0.103146 1.802748 0.722307 0.093145 1.707900 0.956348 0.060801 2.348560 1.017594 0.055007 2.224920 1.053030 0.004991 
1.655954 0.854862 0.150162 2.280026 0.827718 0.103269 1.814048 0.715013 0.098758 1.713106 0.946478 0.066318 2.350095 1.023928 0.053569 2.224983 1.056036 0.004989 
1.664845 0.841208 0.161486 2.288163 0.830731 0.104093 1.825707 0.705015 0.108872 1.718249 0.933447 0.075871 2.351915 1.028372 0.051639 2.225134 1.056636 0.005038 
1.675593 0.824407 0.176902 2.298197 0.833959 0.105158 1.839112 0.692015 0.122791 1.724387 0.916716 0.088652 2.354116 1.033035 0.049307 2.225481 1.056536 0.005210 
1.690192 0.803764 0.195380 2.310777 0.838448 0.105962 1.856778 0.675995 0.139541 1.733261 0.895742 0.103865 2.356555 1.039024 0.046370 2.225926 1.056408 0.005408 
1.709124 0.780462 0.214849 2.325169 0.844193 0.106100 1.879536 0.658709 0.157144 1.745483 0.871937 0.119980 2.358956 1.046017 0.042826 2.226464 1.056274 0.005617 
1.728589 0.760329 0.231251 2.338063 0.848648 0.103513 1.901948 0.644125 0.170945 1.758729 0.851303 0.133757 2.360969 1.051532 0.038774 2.227053 1.055851 0.005731 
1.744950 0.746434 0.241576 2.347487 0.851491 0.099105 1.920018 0.634403 0.178379 1.770596 0.837449 0.142842 2.362456 1.055267 0.034850 2.227558 1.055749 0.005759 
1.756125 0.737491 0.246728 2.353338 0.852437 0.093926 1.931700 0.627953 0.180632 1.778980 0.828983 0.147750 2.363371 1.057120 0.031621 2.227827 1.055633 0.005746 
1.762467 0.731323 0.247958 2.356551 0.852321 0.089379 1.938083 0.623528 0.179162 1.783680 0.823772 0.149505 2.363982 1.057850 0.029544 2.228084 1.055556 0.005657 
1.764223 0.727916 0.245888 2.357170 0.850812 0.084857 1.939242 0.620969 0.174302 1.784882 0.821803 0.148686 2.364267 1.057289 0.028334 2.228174 1.055475 0.005541 
1.762646 0.725818 0.241827 2.356207 0.848658 0.080773 1.936845 0.619432 0.167459 1.783346 0.821447 0.146346 2.364307 1.056053 0.027861 2.228146 1.055393 0.005416 
1.758928 0.725019 0.235656 2.354255 0.846034 0.076667 1.932106 0.618710 0.158834 1.780330 0.822434 0.142157 2.364217 1.054340 0.027811 2.228074 1.055313 0.005265 
1.755083 0.723972 0.227249 2.352378 0.843811 0.073270 1.927830 0.617984 0.149027 1.777568 0.823079 0.135805 2.364006 1.052912 0.028335 2.227995 1.055236 0.005110 
1.751435 0.722682 0.216377 2.350571 0.841830 0.070314 1.924312 0.617078 0.137923 1.775403 0.823291 0.126972 2.363701 1.051664 0.029387 2.227919 1.055153 0.004990 
1.748483 0.720161 0.203924 2.349465 0.840624 0.068541 1.922303 0.615384 0.126452 1.773978 0.822064 0.116428 2.363278 1.051082 0.031200 2.227850 1.055072 0.004983 
1.746243 0.715962 0.189540 2.348979 0.839982 0.067418 1.921789 0.612799 0.113813 1.773151 0.819271 0.104141 2.362755 1.051034 0.033583 2.227814 1.055007 0.004962 
1.744837 0.709206 0.173030 2.349090 0.839772 0.066540 1.922906 0.608923 0.099352 1.772737 0.814308 0.090174 2.362005 1.051453 0.036507 2.227704 1.054925 0.004959 
1.744895 0.700387 0.155668 2.349962 0.839962 0.065546 1.926217 0.604351 0.084301 1.773154 0.807613 0.075706 2.361065 1.052318 0.039863 2.227576 1.054830 0.004956 
1.744833 0.689486 0.154772 2.351467 0.841451 0.068143 1.929737 0.600295 0.083714 1.769578 0.798027 0.075422 2.359871 1.054082 0.043747 2.227436 1.054621 0.004956 
1.745385 0.676652 0.154457 2.351937 0.845048 0.073611 1.933063 0.593405 0.083460 1.766861 0.786095 0.075395 2.356246 1.057498 0.046701 2.224733 1.054636 0.004985 
1.746043 0.665392 0.154037 2.347686 0.849582 0.077119 1.936220 0.588108 0.082949 1.764388 0.775823 0.075561 2.346728 1.061670 0.047197 2.215516 1.054877 0.004991 
1.746944 0.655994 0.153321 2.340408 0.855001 0.077698 1.939690 0.585853 0.081745 1.761730 0.767831 0.076095 2.334054 1.066819 0.046548 2.202863 1.056526 0.004989 
1.748880 0.645620 0.153028 2.330667 0.863919 0.075099 1.944162 0.584124 0.080384 1.759094 0.758931 0.077225 2.317573 1.075560 0.044861 2.186210 1.061490 0.004988 
1.751810 0.635551 0.153477 2.320308 0.875438 0.070544 1.948993 0.582699 0.079185 1.757117 0.750035 0.078944 2.299223 1.086744 0.042561 2.167710 1.068399 0.004987 
1.755841 0.625845 0.154863 2.310204 0.888590 0.064905 1.954209 0.581605 0.078141 1.755854 0.741173 0.081450 2.280555 1.099244 0.039941 2.149034 1.076344 0.004988 
1.761166 0.616433 0.157298 2.300983 0.902075 0.059064 1.959897 0.580776 0.077121 1.755485 0.732338 0.085024 2.262533 1.111648 0.037185 2.131232 1.083948 0.004988 
1.767097 0.607924 0.160481 2.292553 0.915172 0.053036 1.965344 0.580235 0.076069 1.755753 0.724151 0.089400 2.245609 1.123318 0.034352 2.114721 1.090912 0.004989 
2.285020 0.925895 0.046696 1.773499 0.600284 0.163909 1.970548 0.579793 0.074770 1.756808 0.716734 0.094262 2.230643 1.132498 0.031335 2.100203 1.095956 0.004990 
2.220171 1.137092 0.028349 1.779642 0.593870 0.167067 1.974986 0.579277 0.073144 2.279677 0.931688 0.040430 1.450639 1.730554 0.051959 1.445452 1.716321 0.060106 
2.214205 1.138431 0.025154 1.785252 0.589087 0.170267 1.978314 0.578620 0.071215 2.276532 0.933683 0.033597 1.417601 1.691592 0.057690 1.414218 1.677891 0.067522 
2.212511 1.139548 0.022367 1.791404 0.585831 0.174385 1.981455 0.578072 0.069437 2.277129 0.935402 0.027535 1.383007 1.656026 0.062186 1.381092 1.642222 0.072267 
2.212121 1.141745 0.020318 1.797575 0.580715 0.180832 1.984145 0.572423 0.069852 2.280400 0.938748 0.023121 1.349695 1.618964 0.067292 1.349307 1.605089 0.077449 
2.211298 1.144681 0.018952 1.806094 0.571133 0.187028 1.989859 0.562348 0.071498 2.284338 0.943330 0.019845 1.324829 1.588357 0.073312 1.325690 1.574512 0.083481 
2.210248 1.146717 0.017721 1.817650 0.562151 0.190020 2.000515 0.554705 0.072979 2.287723 0.947029 0.017599 1.312245 1.569326 0.076283 1.313812 1.555492 0.086383 
2.209698 1.147385 0.016657 1.826008 0.557964 0.191171 2.008576 0.552307 0.073568 2.289811 0.948741 0.016546 1.310557 1.560550 0.071468 1.312201 1.546755 0.081609 
2.209301 1.148057 0.016650 1.830092 0.556160 0.190922 2.012929 0.551860 0.073679 2.290926 0.950029 0.016539 1.314801 1.559197 0.063058 1.316158 1.545468 0.073330 
2.209153 1.148306 0.016980 1.830281 0.555752 0.190383 2.013482 0.551840 0.073696 2.291191 0.950449 0.016868 1.321149 1.562510 0.055492 1.322094 1.548836 0.065884 
2.209036 1.148367 0.017595 1.829305 0.555681 0.189557 2.013156 0.551812 0.073896 2.291225 0.950572 0.017481 1.326468 1.568840 0.051557 1.327064 1.555191 0.062005 
2.208967 1.148309 0.018251 1.828006 0.556002 0.188697 2.012622 0.551904 0.074269 2.291093 0.950488 0.018344 1.329310 1.576445 0.051074 1.329705 1.562775 0.061505 
2.208947 1.148205 0.018687 1.826622 0.556697 0.187967 2.011973 0.552045 0.074755 2.290889 0.950309 0.019223 1.330234 1.583019 0.051016 1.330540 1.569330 0.061425 
2.208978 1.148027 0.018975 1.825160 0.557729 0.187348 2.011196 0.552198 0.075305 2.290606 0.950003 0.019966 1.330269 1.586758 0.048469 1.330538 1.573097 0.058917 
2.209116 1.147795 0.019146 1.823673 0.559040 0.186875 2.010289 0.552368 0.075864 2.290350 0.949609 0.020263 1.327191 1.588831 0.048690 1.327565 1.575220 0.059199 
2.209216 1.147584 0.019184 1.822484 0.560355 0.186608 2.009532 0.552535 0.076400 2.290125 0.949265 0.020233 1.323290 1.589087 0.049246 1.323859 1.575498 0.059775 
2.209387 1.147460 0.019114 1.821639 0.561535 0.186560 2.008911 0.552699 0.076811 2.290065 0.949047 0.020039 1.320040 1.589136 0.049738 1.320791 1.575567 0.060282 
2.209543 1.147404 0.018927 1.821164 0.562475 0.186681 2.008497 0.552849 0.077102 2.290091 0.948936 0.019695 1.318024 1.589224 0.049983 1.318908 1.575675 0.060542 
2.209603 1.147357 0.018651 1.821014 0.563100 0.186894 2.008300 0.552925 0.077286 2.290087 0.948863 0.019190 1.317294 1.589316 0.050285 1.318264 1.575782 0.060855 
2.209654 1.147332 0.018372 1.821090 0.563435 0.187143 2.008256 0.552961 0.077357 2.290108 0.948826 0.018658 1.317471 1.589523 0.050358 1.318473 1.576004 0.060944 
2.209689 1.147318 0.018170 1.821236 0.563556 0.187336 2.008284 0.552967 0.077360 2.290131 0.948807 0.018254 1.317638 1.589623 0.050409 1.318652 1.576116 0.061010 
2.209703 1.147316 0.018075 1.821371 0.563535 0.187443 2.008337 0.552956 0.077327 2.290148 0.948806 0.018055 1.317732 1.589663 0.050439 1.318748 1.576158 0.061042 
2.209720 1.147332 0.018072 1.821441 0.563460 0.187455 2.008381 0.552967 0.077286 2.290179 0.948828 0.018052 1.317785 1.589670 0.050425 1.318792 1.576165 0.061029 
2.209705 1.147352 0.018119 1.821461 0.563314 0.187396 2.008415 0.552942 0.077239 2.290192 0.948859 0.018157 1.317795 1.589708 0.050410 1.318784 1.576203 0.061015 
2.209685 1.147377 0.018186 1.821475 0.563132 0.187312 2.008453 0.552911 0.077183 2.290206 0.948898 0.018305 1.317775 1.589722 0.050390 1.318743 1.576213 0.060993 
2.209718 1.147410 0.018276 1.821474 0.562970 0.187217 2.008476 0.552937 0.077111 2.290258 0.948939 0.018489 1.317721 1.589691 0.050369 1.318670 1.576174 0.060963 
2.209746 1.147440 0.018364 1.821481 0.562835 0.187121 2.008514 0.552993 0.077051 2.290306 0.948977 0.018672 1.317648 1.589639 0.050350 1.318578 1.576111 0.060932 
2.209728 1.147462 0.018431 1.821480 0.562679 0.187035 2.008542 0.552968 0.077003 2.290317 0.949011 0.018816 1.317575 1.589589 0.050334 1.318490 1.576051 0.060904 
2.209714 1.147477 0.018482 1.821480 0.562559 0.186969 2.008565 0.552950 0.076968 2.290324 0.949034 0.018920 1.317522 1.589553 0.050324 1.318426 1.576007 0.060885 
2.209707 1.147485 0.018513 1.821482 0.562485 0.186931 2.008581 0.552940 0.076946 2.290329 0.949047 0.018977 1.317489 1.589529 0.050319 1.318387 1.575978 0.060874 
2.209704 1.147487 0.018522 1.821484 0.562461 0.186918 2.008586 0.552936 0.076938 2.290330 0.949051 0.018994 1.317476 1.589516 0.050319 1.318371 1.575964 0.060872 
2.209705 1.147487 0.018522 1.821484 0.562461 0.186918 2.008586 0.552936 0.076938 2.290330 0.949051 0.018993 1.317476 1.589516 0.050320 1.318371 1.575964 0.060874 
2.209720 1.147488 0.018524 1.821477 0.562462 0.186917 2.008577 0.552936 0.076933 2.290341 0.949050 0.018997 1.317477 1.589515 0.050322 1.318372 1.575963 0.060875 
2.209720 1.147488 0.018524 1.821478 0.562463 0.186918 2.008577 0.552936 0.076933 2.290341 0.949050 0.018996 1.317477 1.589515 0.050323 1.318373 1.575963 0.060876 
2.209721 1.147488 0.018523 1.821478 0.562463 0.186918 2.008577 0.552936 0.076932 2.290341 0.949050 0.018994 1.317477 1.589515 0.050325 1.318372 1.575962 0.060878 
2.209721 1.147488 0.018519 1.821483 0.562462 0.186922 2.008579 0.552936 0.076931 2.290342 0.949049 0.018988 1.317473 1.589509 0.050327 1.318368 1.575955 0.060879 
2.209753 1.147489 0.018521 1.821475 0.562478 0.186928 2.008560 0.552957 0.076918 2.290363 0.949046 0.018986 1.317467 1.589495 0.050330 1.318363 1.575940 0.060879 
2.209771 1.147487 0.018517 1.821476 0.562491 0.186931 2.008556 0.552972 0.076913 2.290372 0.949040 0.018977 1.317458 1.589479 0.050333 1.318354 1.575922 0.060880 
2.209772 1.147486 0.018511 1.821485 0.562489 0.186938 2.008560 0.552971 0.076910 2.290373 0.949040 0.018965 1.317445 1.589460 0.050336 1.318340 1.575900 0.060880 
2.209804 1.147488 0.018511 1.821471 0.562499 0.186929 2.008535 0.552979 0.076883 2.290396 0.949038 0.018961 1.317431 1.589436 0.050340 1.318327 1.575873 0.060880 
2.209873 1.147476 0.018516 1.821402 0.562539 0.186946 2.008441 0.553000 0.076860 2.290426 0.949010 0.018959 1.317420 1.589407 0.050343 1.318316 1.575841 0.060879 
2.209874 1.147475 0.018510 1.821410 0.562539 0.186955 2.008444 0.553000 0.076860 2.290426 0.949009 0.018948 1.317407 1.589389 0.050346 1.318304 1.575821 0.060879 
2.209892 1.147474 0.018508 1.821402 0.562544 0.186963 2.008427 0.553000 0.076853 2.290437 0.949005 0.018942 1.317393 1.589367 0.050350 1.318290 1.575796 0.060879 
2.209893 1.147474 0.018502 1.821410 0.562543 0.186973 2.008430 0.553000 0.076854 2.290437 0.949004 0.018931 1.317378 1.589347 0.050353 1.318275 1.575773 0.060878 
2.209894 1.147474 0.018496 1.821419 0.562542 0.186982 2.008434 0.553000 0.076855 2.290438 0.949004 0.018920 1.317363 1.589327 0.050356 1.318261 1.575750 0.060878 
