0.294049 -0.955790 0.000211 0.953945 0.298030 -0.034155 -0.960358 -0.276672 0.034145 -0.299886 0.953975 -0.000002 
0.294048 -0.955791 0.000205 0.954042 0.298060 -0.031055 -0.960454 -0.276701 0.031045 -0.299885 0.953975 -0.000015 
0.294045 -0.955791 0.000256 0.954175 0.298098 -0.026241 -0.960587 -0.276739 0.026231 -0.299883 0.953976 -0.000095 
0.294161 -0.955756 0.000252 0.954248 0.298248 -0.021414 -0.960663 -0.276890 0.021405 -0.300000 0.953939 -0.000121 
0.294162 -0.955756 0.000230 0.954293 0.298264 -0.019060 -0.960708 -0.276906 0.019052 -0.300001 0.953939 -0.000113 
0.294162 -0.955756 0.000210 0.954329 0.298276 -0.016938 -0.960745 -0.276917 0.016931 -0.300001 0.953939 -0.000107 
0.294162 -0.955756 0.000203 0.954362 0.298286 -0.014792 -0.960777 -0.276928 0.014785 -0.300001 0.953939 -0.000113 
0.294162 -0.955756 0.000196 0.954400 0.298299 -0.011744 -0.960815 -0.276941 0.011738 -0.300001 0.953939 -0.000124 
0.294162 -0.955755 0.000187 0.954438 0.298312 -0.007642 -0.960853 -0.276954 0.007637 -0.300002 0.953938 -0.000140 
0.294175 -0.955752 -0.000035 0.954456 0.298333 -0.003300 -0.960871 -0.276975 0.003300 -0.300015 0.953934 0.000055 
0.294219 -0.955738 0.000736 0.954444 0.298376 -0.002884 -0.960860 -0.277018 0.002867 -0.300059 0.953920 -0.000718 
0.294348 -0.955697 0.001708 0.954407 0.298505 -0.001397 -0.960826 -0.277148 0.001359 -0.300188 0.953879 -0.001699 
0.294461 -0.955660 0.002665 0.954371 0.298623 0.000492 -0.960793 -0.277267 -0.000551 -0.300301 0.953841 -0.002668 
0.294461 -0.955661 0.002391 0.954371 0.298622 0.000486 -0.960793 -0.277266 -0.000539 -0.300300 0.953842 -0.002394 
0.294554 -0.955631 0.002748 0.954341 0.298717 0.001280 -0.960765 -0.277362 -0.001341 -0.300393 0.953812 -0.002756 
0.295310 -0.955401 -0.001020 0.954068 0.299446 0.009275 -0.960509 -0.278096 -0.009250 -0.301148 0.953577 0.000963 
0.295452 -0.955352 0.003293 0.953980 0.299628 0.012058 -0.960424 -0.278279 -0.012130 -0.301289 0.953527 -0.003367 
0.295503 -0.955338 0.002600 0.953958 0.299669 0.012748 -0.960403 -0.278320 -0.012804 -0.301340 0.953513 -0.002678 
0.295499 -0.955340 0.002353 0.953920 0.299657 0.015566 -0.960365 -0.278309 -0.015616 -0.301336 0.953515 -0.002448 
0.295496 -0.955342 0.002132 0.953858 0.299638 0.019284 -0.960303 -0.278290 -0.019329 -0.301332 0.953517 -0.002250 
0.295492 -0.955343 0.001935 0.953783 0.299615 0.022995 -0.960228 -0.278266 -0.023035 -0.301328 0.953518 -0.002075 
0.295489 -0.955344 0.001757 0.953704 0.299589 0.026358 -0.960149 -0.278240 -0.026393 -0.301325 0.953520 -0.001919 
0.295488 -0.955345 0.001598 0.953624 0.299563 0.029367 -0.960069 -0.278214 -0.029398 -0.301322 0.953521 -0.001778 
0.295486 -0.955346 0.001455 0.953547 0.299537 0.032040 -0.959991 -0.278187 -0.032067 -0.301320 0.953522 -0.001651 
0.295484 -0.955347 0.001326 0.953473 0.299511 0.034393 -0.959917 -0.278162 -0.034417 -0.301318 0.953522 -0.001536 
0.295483 -0.955347 0.001210 0.953404 0.299487 0.036440 -0.959849 -0.278138 -0.036461 -0.301317 0.953523 -0.001433 
0.295482 -0.955348 0.001106 0.953343 0.299465 0.038194 -0.959787 -0.278116 -0.038213 -0.301315 0.953524 -0.001339 
0.295482 -0.955348 0.001011 0.953289 0.299445 0.039664 -0.959733 -0.278096 -0.039681 -0.301314 0.953524 -0.001254 
0.295481 -0.955348 0.000926 0.953243 0.299429 0.040861 -0.959688 -0.278079 -0.040875 -0.301314 0.953524 -0.001176 
0.295481 -0.955348 0.000836 0.953208 0.299414 0.041790 -0.959652 -0.278065 -0.041803 -0.301313 0.953525 -0.001092 
0.295480 -0.955349 0.000754 0.953182 0.299403 0.042458 -0.959626 -0.278053 -0.042469 -0.301313 0.953525 -0.001014 
0.295480 -0.955349 0.000680 0.953166 0.299395 0.042870 -0.959610 -0.278045 -0.042878 -0.301312 0.953525 -0.000942 
0.295480 -0.955349 0.000613 0.953160 0.299390 0.043026 -0.959605 -0.278041 -0.043033 -0.301312 0.953525 -0.000876 
0.295480 -0.955349 0.000552 0.953165 0.299388 0.042929 -0.959610 -0.278039 -0.042934 -0.301312 0.953525 -0.000814 
0.295480 -0.955349 0.000496 0.953180 0.299390 0.042577 -0.959625 -0.278041 -0.042581 -0.301313 0.953525 -0.000757 
0.295480 -0.955349 0.000446 0.953205 0.299396 0.041968 -0.959650 -0.278047 -0.041972 -0.301313 0.953525 -0.000703 
0.295480 -0.955349 0.000402 0.953241 0.299405 0.041100 -0.959685 -0.278055 -0.041103 -0.301313 0.953525 -0.000653 
0.295481 -0.955349 0.000361 0.953285 0.299416 0.039966 -0.959730 -0.278067 -0.039968 -0.301313 0.953525 -0.000605 
0.295481 -0.955349 0.000324 0.953338 0.299431 0.038560 -0.959783 -0.278081 -0.038561 -0.301314 0.953525 -0.000560 
0.295481 -0.955349 0.000292 0.953400 0.299448 0.036874 -0.959844 -0.278099 -0.036874 -0.301315 0.953525 -0.000517 
0.295481 -0.955349 0.000262 0.953468 0.299468 0.034896 -0.959912 -0.278119 -0.034897 -0.301315 0.953524 -0.000475 
0.295482 -0.955348 0.000235 0.953542 0.299490 0.032617 -0.959986 -0.278140 -0.032617 -0.301316 0.953524 -0.000435 
0.295482 -0.955348 0.000211 0.953620 0.299513 0.030022 -0.960064 -0.278163 -0.030022 -0.301317 0.953524 -0.000394 
0.295482 -0.955348 0.000189 0.953700 0.299536 0.027095 -0.960145 -0.278187 -0.027095 -0.301317 0.953524 -0.000355 
0.295482 -0.955348 0.000169 0.953780 0.299560 0.023819 -0.960225 -0.278211 -0.023819 -0.301318 0.953524 -0.000315 
0.295482 -0.955348 0.000151 0.953857 0.299583 0.020174 -0.960301 -0.278234 -0.020175 -0.301319 0.953523 -0.000275 
0.295483 -0.955348 0.000135 0.953927 0.299604 0.016139 -0.960372 -0.278255 -0.016140 -0.301319 0.953523 -0.000234 
0.295483 -0.955348 0.000120 0.953986 0.299622 0.011690 -0.960431 -0.278273 -0.011691 -0.301320 0.953523 -0.000192 
0.295483 -0.955348 0.000107 0.954030 0.299635 0.006799 -0.960474 -0.278286 -0.006801 -0.301320 0.953523 -0.000149 
0.295483 -0.955348 0.000031 0.954048 0.299640 0.002681 -0.960493 -0.278291 -0.002681 -0.301321 0.953523 -0.000047 
0.295484 -0.955348 -0.000313 0.954051 0.299641 0.001405 -0.960495 -0.278292 -0.001397 -0.301322 0.953522 0.000305 
0.295560 -0.955324 -0.000258 0.954027 0.299717 0.001151 -0.960474 -0.278368 -0.001145 -0.301397 0.953499 0.000251 
0.295559 -0.955325 -0.000121 0.954028 0.299717 0.000789 -0.960474 -0.278368 -0.000786 -0.301396 0.953499 0.000116 
0.295399 -0.955368 0.003494 0.954078 0.299554 -0.001297 -0.960521 -0.278204 0.001219 -0.301236 0.953543 -0.003486 
0.295399 -0.955369 0.003115 0.954078 0.299555 -0.001105 -0.960521 -0.278205 0.001036 -0.301237 0.953544 -0.003109 
0.295399 -0.955370 0.002794 0.954078 0.299555 -0.001000 -0.960521 -0.278206 0.000937 -0.301237 0.953545 -0.002788 
0.295399 -0.955371 0.002510 0.954078 0.299556 -0.000927 -0.960521 -0.278206 0.000871 -0.301237 0.953546 -0.002505 
0.295400 -0.955371 0.002267 0.954078 0.299556 -0.000956 -0.960521 -0.278206 0.000905 -0.301237 0.953547 -0.002261 
0.295868 -0.955209 0.006231 0.953923 0.299990 -0.006022 -0.960377 -0.278643 0.005882 -0.301704 0.953381 -0.006194 
0.295969 -0.955190 0.003701 0.953866 0.300081 -0.009578 -0.960321 -0.278735 0.009494 -0.301805 0.953363 -0.003643 
0.295974 -0.955190 0.003385 0.953839 0.300071 -0.012202 -0.960294 -0.278725 0.012125 -0.301810 0.953362 -0.003310 
0.295983 -0.955188 0.003113 0.953761 0.300042 -0.017737 -0.960217 -0.278696 0.017665 -0.301818 0.953361 -0.003005 
0.295993 -0.955186 0.002883 0.953628 0.299996 -0.024401 -0.960084 -0.278650 0.024333 -0.301827 0.953359 -0.002734 
0.296002 -0.955183 0.002675 0.953450 0.299938 -0.031165 -0.959906 -0.278592 0.031101 -0.301836 0.953357 -0.002484 
0.296012 -0.955181 0.002482 0.953223 0.299865 -0.038046 -0.959679 -0.278520 0.037984 -0.301844 0.953355 -0.002249 
0.296021 -0.955179 0.002312 0.952943 0.299778 -0.045083 -0.959400 -0.278433 0.045025 -0.301851 0.953353 -0.002037 
0.296029 -0.955176 0.002164 0.952606 0.299674 -0.052320 -0.959063 -0.278328 0.052264 -0.301858 0.953351 -0.001844 
0.296038 -0.955174 0.002034 0.952205 0.299550 -0.059798 -0.958662 -0.278204 0.059744 -0.301864 0.953349 -0.001669 
0.296047 -0.955171 0.001930 0.951731 0.299404 -0.067562 -0.958189 -0.278058 0.067509 -0.301870 0.953348 -0.001517 
0.296056 -0.955169 0.001846 0.951176 0.299232 -0.075658 -0.957634 -0.277887 0.075605 -0.301876 0.953346 -0.001383 
0.296065 -0.955166 0.001777 0.950527 0.299031 -0.084131 -0.956986 -0.277686 0.084079 -0.301881 0.953345 -0.001262 
0.296075 -0.955163 0.001722 0.949772 0.298796 -0.093033 -0.956230 -0.277451 0.092980 -0.301887 0.953343 -0.001153 
0.296086 -0.955160 0.001680 0.948892 0.298522 -0.102412 -0.955351 -0.277177 0.102359 -0.301892 0.953342 -0.001054 
0.296097 -0.955156 0.001651 0.947870 0.298204 -0.112325 -0.954329 -0.276859 0.112271 -0.301897 0.953340 -0.000964 
0.296109 -0.955153 0.001634 0.946683 0.297833 -0.122825 -0.953143 -0.276488 0.122770 -0.301901 0.953339 -0.000883 
0.296122 -0.955149 0.001629 0.945306 0.297402 -0.133973 -0.951766 -0.276057 0.133917 -0.301906 0.953337 -0.000809 
0.296136 -0.955144 0.001635 0.943707 0.296900 -0.145830 -0.950168 -0.275556 0.145771 -0.301911 0.953336 -0.000743 
0.296152 -0.955139 0.001652 0.941852 0.296318 -0.158460 -0.948314 -0.274974 0.158400 -0.301915 0.953335 -0.000683 
0.296170 -0.955134 0.001680 0.939700 0.295641 -0.171932 -0.946162 -0.274297 0.171869 -0.301920 0.953333 -0.000629 
0.296189 -0.955128 0.001720 0.937202 0.294854 -0.186317 -0.943664 -0.273511 0.186250 -0.301924 0.953332 -0.000581 
0.296212 -0.955121 0.001771 0.934302 0.293941 -0.201688 -0.940766 -0.272598 0.201618 -0.301928 0.953330 -0.000538 
0.296237 -0.955113 0.001833 0.930937 0.292880 -0.218123 -0.937402 -0.271536 0.218049 -0.301933 0.953329 -0.000499 
0.296265 -0.955104 0.001905 0.927027 0.291645 -0.235719 -0.933493 -0.270303 0.235641 -0.301937 0.953328 -0.000463 
0.296297 -0.955094 0.001990 0.922418 0.290190 -0.254823 -0.928886 -0.268848 0.254740 -0.301942 0.953326 -0.000431 
0.296335 -0.955082 0.002087 0.916975 0.288470 -0.275574 -0.923445 -0.267129 0.275486 -0.301946 0.953325 -0.000402 
0.296379 -0.955068 0.002198 0.910604 0.286455 -0.297899 -0.917075 -0.265114 0.297805 -0.301951 0.953323 -0.000376 
0.296429 -0.955052 0.002321 0.903182 0.284108 -0.321784 -0.909655 -0.262768 0.321684 -0.301956 0.953322 -0.000353 
0.296487 -0.955034 0.002456 0.894560 0.281380 -0.347257 -0.901036 -0.260041 0.347149 -0.301960 0.953320 -0.000332 
0.296553 -0.955013 0.002599 0.884535 0.278209 -0.374430 -0.891014 -0.256871 0.374316 -0.301965 0.953319 -0.000309 
0.296629 -0.954989 0.002754 0.872815 0.274502 -0.403537 -0.879298 -0.253165 0.403415 -0.301970 0.953317 -0.000286 
0.296718 -0.954961 0.002926 0.859111 0.270165 -0.434672 -0.865597 -0.248830 0.434541 -0.301975 0.953316 -0.000267 
0.296821 -0.954928 0.003112 0.843116 0.265102 -0.467843 -0.849607 -0.243767 0.467703 -0.301980 0.953314 -0.000251 
0.297586 -0.954683 0.004713 0.823221 0.258674 -0.505367 -0.829732 -0.237346 0.505185 -0.302623 0.953109 -0.001622 
0.298626 -0.954352 0.005947 0.800598 0.251690 -0.543779 -0.807136 -0.230370 0.543564 -0.303525 0.952820 -0.002621 
0.300763 -0.953673 0.006980 0.777428 0.245509 -0.579078 -0.784017 -0.224205 0.578835 -0.305521 0.952179 -0.003438 
0.305818 -0.952061 0.007400 0.748945 0.240348 -0.617507 -0.755651 -0.219081 0.617248 -0.310401 0.950599 -0.003623 
0.315431 -0.948920 0.007284 0.714600 0.237078 -0.658135 -0.721525 -0.215882 0.657872 -0.319804 0.947478 -0.003259 
0.322219 -0.946644 0.006334 0.673474 0.229136 -0.702801 -0.680557 -0.207992 0.702553 -0.326341 0.945250 -0.002035 
0.325836 -0.945412 0.005182 0.629888 0.217611 -0.745578 -0.637059 -0.196495 0.745349 -0.329691 0.944089 -0.000622 
0.324572 -0.945849 0.004739 0.582737 0.200627 -0.787507 -0.589886 -0.179504 0.787282 -0.328138 0.944630 0.000077 
0.320775 -0.947142 0.005017 0.531138 0.180097 -0.827923 -0.538211 -0.158949 0.827686 -0.324025 0.946048 0.000047 
0.339681 -0.940506 -0.008114 0.466045 0.180424 -0.866169 -0.473549 -0.159424 0.866219 -0.342534 0.939410 0.013412 
-0.433065 -0.168027 0.885563 0.358509 -0.933266 -0.022021 -0.361112 0.932119 0.027435 0.425135 0.188867 -0.885206 
-0.391987 -0.192073 0.899697 0.377443 -0.924522 -0.052871 -0.379792 0.923229 0.058368 0.383628 0.212721 -0.898654 
-0.335298 -0.241428 0.910652 0.401873 -0.908739 -0.112658 -0.403872 0.907145 0.118214 0.326386 0.261732 -0.908278 
-0.273540 -0.302515 0.913050 0.408421 -0.892179 -0.192895 -0.410042 0.890214 0.198455 0.264473 0.322459 -0.908886 
-0.207932 -0.366064 0.907062 0.397553 -0.873446 -0.281147 -0.398774 0.871095 0.286660 0.199097 0.385600 -0.900929 
-0.137969 -0.434730 0.889929 0.383260 -0.844787 -0.373425 -0.384055 0.842020 0.378821 0.129442 0.453637 -0.881736 
-0.069749 -0.498874 0.863863 0.365335 -0.809865 -0.458966 -0.365715 0.806709 0.464191 0.061611 0.517012 -0.853758 
-0.010703 -0.580523 0.814173 0.352074 -0.753769 -0.554866 -0.352094 0.750121 0.559775 0.002852 0.597422 -0.801922 
0.000470 -0.652176 0.758068 0.358270 -0.695800 -0.622500 -0.358221 0.691721 0.627057 -0.008460 0.667793 -0.744299 
0.029033 -0.724755 0.688395 0.334070 -0.628788 -0.702156 -0.333850 0.624274 0.706277 -0.036488 0.738888 -0.672839 
0.075814 -0.778504 0.623044 0.294209 -0.565138 -0.770753 -0.293708 0.560304 0.774465 -0.082388 0.791226 -0.605949 
0.126951 -0.819346 0.559067 0.267766 -0.498991 -0.824203 -0.266955 0.493914 0.827517 -0.132942 0.830599 -0.540769 
0.171941 -0.848339 0.500756 0.263155 -0.434083 -0.861581 -0.262070 0.428838 0.864533 -0.177836 0.858149 -0.481616 
0.205277 -0.869267 0.449706 0.271432 -0.374036 -0.886804 -0.270142 0.368671 0.889441 -0.211362 0.877741 -0.429996 
0.229654 -0.893859 0.385066 0.219764 -0.320406 -0.921435 -0.218331 0.314897 0.923673 -0.234590 0.901140 -0.364573 
0.237438 -0.918430 0.316403 0.199680 -0.254793 -0.946155 -0.198202 0.249142 0.947969 -0.241927 0.924251 -0.295348 
0.245389 -0.936346 0.251078 0.192212 -0.188698 -0.963041 -0.190686 0.182946 0.964453 -0.249713 0.940696 -0.229638 
0.260572 -0.946208 0.191812 0.181841 -0.128584 -0.974885 -0.180223 0.122779 0.975933 -0.264667 0.949220 -0.170098 
0.278848 -0.951473 0.130163 0.162501 -0.068176 -0.984350 -0.282515 0.953138 -0.108229 
0.300063 -0.951485 0.068102 -0.303236 0.951803 -0.046031 
-0.321645 0.946627 0.021015 0.319093 -0.947723 0.001112 
-0.339175 0.936478 0.089267 0.337437 -0.938948 -0.067171 
-0.356880 0.920992 0.156237 0.038176 0.176903 -0.983488 -0.035993 -0.182537 0.982540 0.355974 -0.924798 -0.134282 
-0.372648 0.902015 0.217952 0.003370 0.231619 -0.972801 -0.001091 -0.237138 0.971475 0.372516 -0.907043 -0.196225 
-0.385953 0.880249 0.276045 -0.033065 0.281311 -0.959047 0.035426 -0.286697 0.957366 0.386632 -0.886389 -0.254617 
-0.394515 0.857973 0.328999 -0.068876 0.324942 -0.943223 0.071290 -0.330192 0.941218 0.395991 -0.865089 -0.307916 
-0.405580 0.840992 0.358102 -0.087315 0.349873 -0.932719 0.089796 -0.355020 0.930536 0.407466 -0.848666 -0.337249 
-0.421893 0.833199 0.357471 -0.092972 0.347940 -0.932895 0.095553 -0.353039 0.930716 0.423902 -0.840832 -0.336614 
-0.425951 0.832696 0.353813 -0.096373 0.342559 -0.934540 0.098979 -0.347655 0.932384 0.428036 -0.840208 -0.332919 
-0.425562 0.834892 0.349073 -0.092036 0.339289 -0.936169 0.094639 -0.344398 0.934041 0.427550 -0.842331 -0.328144 
-0.425646 0.836743 0.344509 -0.088633 0.335805 -0.937752 0.091237 -0.340925 0.935653 0.427558 -0.844105 -0.323545 
-0.426021 0.837763 0.341555 -0.087390 0.333120 -0.938826 0.089996 -0.338247 0.936744 0.427905 -0.845064 -0.320568 
-0.426690 0.838453 0.339015 -0.086086 0.330954 -0.939712 0.088696 -0.336085 0.937646 0.428545 -0.845707 -0.318008 
-0.427452 0.839044 0.336587 -0.084675 0.328973 -0.940536 0.087290 -0.334107 0.938484 0.429275 -0.846252 -0.315562 
-0.428197 0.839748 0.333872 -0.083050 0.326771 -0.941447 0.085669 -0.331910 0.939413 0.429985 -0.846908 -0.312827 
-0.428758 0.840860 0.330335 -0.080873 0.323899 -0.942629 0.083496 -0.329044 0.940616 0.430497 -0.847955 -0.309265 
-0.429523 0.842024 0.326352 -0.078538 0.320620 -0.943946 0.081165 -0.325772 0.941958 0.431209 -0.849046 -0.305253 
-0.430398 0.843267 0.321960 -0.075984 0.316999 -0.945377 0.078617 -0.322159 0.943416 0.432028 -0.850208 -0.300829 
-0.431331 0.844705 0.316903 -0.073037 0.312828 -0.946997 0.075676 -0.317997 0.945067 0.432894 -0.851553 -0.295737 
-0.432323 0.846336 0.311146 -0.069709 0.308064 -0.948808 0.072354 -0.313243 0.946913 0.433812 -0.853078 -0.289941 
-0.433385 0.848127 0.304725 -0.066006 0.302745 -0.950783 0.068657 -0.307935 0.948927 0.434792 -0.854750 -0.283477 
-0.434543 0.850026 0.297704 -0.061949 0.296936 -0.952886 0.064608 -0.302137 0.951073 0.435858 -0.856519 -0.276410 
-0.435846 0.851972 0.290143 -0.057581 0.290690 -0.955083 0.060247 -0.295903 0.953316 0.437064 -0.858325 -0.268801 
-0.437242 0.853961 0.282081 -0.052894 0.284050 -0.957349 0.055569 -0.289275 0.955632 0.438355 -0.860166 -0.260690 
-0.438681 0.855998 0.273544 -0.047927 0.277023 -0.959667 0.050610 -0.282260 0.958002 0.439683 -0.862046 -0.252102 
-0.440138 0.858060 0.264597 -0.042723 0.269660 -0.962007 0.045415 -0.274911 0.960397 0.441024 -0.863943 -0.243104 
-0.441595 0.860121 0.255317 -0.037326 0.262026 -0.964339 0.040028 -0.267289 0.962785 0.442359 -0.865833 -0.233774 
-0.443031 0.862160 0.245773 -0.031773 0.254177 -0.966636 0.034483 -0.259452 0.965140 0.443672 -0.867697 -0.224180 
-0.444408 0.864174 0.236020 -0.026070 0.246169 -0.968876 0.028789 -0.251457 0.967440 0.444921 -0.869532 -0.214379 
-0.445624 0.866202 0.226084 -0.020165 0.238046 -0.971044 0.022890 -0.243346 0.969669 0.446007 -0.871378 -0.204395 
-0.446715 0.868216 0.215977 -0.014088 0.229811 -0.973133 0.016821 -0.235123 0.971820 0.446962 -0.873209 -0.194243 
-0.447730 0.870219 0.205562 -0.007832 0.221320 -0.975170 0.010570 -0.226644 0.973920 0.447837 -0.875023 -0.183785 
-0.448674 0.872228 0.194706 -0.001348 0.212446 -0.977172 0.004092 -0.217783 0.975989 0.448636 -0.876833 -0.172886 
-0.449604 0.874213 0.183325 0.005393 0.203120 -0.979139 -0.002643 -0.208469 0.978026 0.449416 -0.878610 -0.161463 
-0.450718 0.876062 0.171373 0.012559 0.193398 -0.981040 -0.009802 -0.198758 0.980000 0.450369 -0.880242 -0.149470 
-0.451136 0.878006 0.159941 0.020978 0.184805 -0.982551 -0.018219 -0.190176 0.981581 0.450600 -0.881994 -0.138007 
-0.450569 0.880182 0.149223 0.029674 0.177025 -0.983759 -0.026919 -0.182410 0.982854 0.449838 -0.883996 -0.127263 
-0.450188 0.882151 0.138350 -0.034054 -0.173730 0.984204 0.449299 -0.885771 -0.116363 
-0.449756 0.883853 0.128543 0.448788 -0.887266 -0.106526 
-0.449144 0.885469 0.119225 0.448143 -0.888664 -0.097177 
-0.448440 0.886997 0.110174 0.447416 -0.889976 -0.088097 
-0.447716 0.888358 0.101833 0.446652 -0.891148 -0.079733 
-0.447052 0.889614 0.093441 0.445911 -0.892231 -0.071323 
-0.446168 0.890874 0.085311 0.444944 -0.893327 -0.063180 
-0.444947 0.892201 0.077453 0.443642 -0.894496 -0.055309 
-0.443363 0.893620 0.069796 0.441975 -0.895762 -0.047642 
-0.441395 0.895150 0.062260 0.439922 -0.897140 -0.040097 
-0.439033 0.896798 0.054803 0.437474 -0.898638 -0.032633 
-0.436322 0.898546 0.047303 0.434675 -0.900237 -0.025128 
-0.433458 0.900298 0.039722 0.431722 -0.901836 -0.017542 
-0.430540 0.902005 0.031965 0.428712 -0.903388 -0.009783 
-0.427552 0.903674 0.023945 0.425629 -0.904896 -0.001761 
-0.424486 0.905301 0.015541 0.422466 -0.906355 0.006643 
-0.421379 0.906860 0.006738 0.419258 -0.907736 0.015444 
-0.417977 0.908457 -0.001481 0.415761 -0.909166 0.023660 
0.412759 -0.910308 0.031147 -0.415063 0.909748 -0.008972 
0.410642 -0.911019 0.037647 -0.413020 0.910591 -0.015477 
0.409118 -0.911467 0.043020 -0.411556 0.911146 -0.020855 
0.407982 -0.911762 0.047345 -0.410465 0.911528 -0.025184 
0.407210 -0.911929 0.050650 -0.409726 0.911764 -0.028492 
0.406760 -0.912000 0.052945 -0.409297 0.911882 -0.030789 
0.406622 -0.911973 0.054445 -0.409173 0.911885 -0.032290 
0.406637 -0.911921 0.055206 -0.409200 0.911846 -0.033053 
0.406896 -0.911799 0.055304 -0.409469 0.911721 -0.033152 
0.407498 -0.911563 0.054762 -0.410076 0.911468 -0.032611 
0.408391 -0.911225 0.053722 -0.410974 0.911100 -0.031571 
0.409563 -0.910791 0.052126 -0.412142 0.910626 -0.029976 
0.410979 -0.910270 0.050045 -0.413548 0.910055 -0.027893 
0.412582 -0.909681 0.047504 -0.415137 0.909406 -0.025351 
0.414494 -0.908957 0.044633 -0.417031 0.908614 -0.022480 
0.416600 -0.908148 0.041374 -0.419116 0.907729 -0.019220 
0.418741 -0.907317 0.037844 -0.421238 0.906814 -0.015689 
0.421010 -0.906411 0.034202 -0.423489 0.905821 -0.012047 
0.423405 -0.905425 0.030570 -0.425866 0.904747 -0.008416 
0.425501 -0.904556 0.026989 -0.427938 0.903795 -0.004835 
0.426822 -0.904009 0.024313 -0.429234 0.903191 -0.002159 
-0.429945 0.902855 -0.000687 0.427547 -0.903704 0.022842 
-0.430055 0.902803 -0.000493 0.427658 -0.903657 0.022649 
