0.987247 -0.159193 -0.000129 0.154892 0.987931 0.000408 -0.176884 -0.984232 -0.000405 -0.988203 0.153152 0.000126 
0.987199 -0.159490 0.000523 0.155189 0.987885 -0.000430 -0.177179 -0.984178 0.000418 -0.988156 0.153449 -0.000520 
0.987208 -0.159437 0.000471 0.155135 0.987891 0.002191 -0.177126 -0.984186 -0.002202 -0.988165 0.153397 -0.000485 
0.987266 -0.159054 0.002754 0.154748 0.987952 0.001792 -0.176741 -0.984256 -0.001853 -0.988220 0.153013 -0.002765 
0.987267 -0.159054 0.002503 0.154749 0.987952 0.001611 -0.176741 -0.984256 -0.001667 -0.988221 0.153013 -0.002513 
0.987262 -0.159102 0.000016 0.154801 0.987946 -0.000207 -0.176792 -0.984248 0.000207 -0.988217 0.153060 -0.000015 
0.987260 -0.159114 -0.000090 0.154813 0.987944 -0.000216 -0.176805 -0.984246 0.000218 -0.988215 0.153073 0.000092 
0.987224 -0.159338 0.001130 0.155039 0.987905 -0.002748 -0.177030 -0.984202 0.002723 -0.988180 0.153297 -0.001113 
0.987153 -0.159756 0.002515 0.155470 0.987813 -0.007405 -0.177459 -0.984101 0.007348 -0.988112 0.153715 -0.002469 
0.987145 -0.159822 0.001570 0.155528 0.987796 -0.008425 -0.177518 -0.984082 0.008389 -0.988104 0.153781 -0.001519 
0.987108 -0.160057 0.000040 0.155748 0.987745 -0.010156 -0.177737 -0.984026 0.010154 -0.988068 0.154017 0.000022 
0.987108 -0.160057 0.000034 0.155748 0.987743 -0.010334 -0.177736 -0.984024 0.010332 -0.988068 0.154017 0.000030 
0.987108 -0.160056 0.000084 0.155743 0.987707 -0.013363 -0.177731 -0.983988 0.013359 -0.988068 0.154017 -0.000003 
0.987108 -0.160056 0.000113 0.155731 0.987633 -0.018148 -0.177720 -0.983914 0.018143 -0.988068 0.154017 -0.000002 
0.987108 -0.160055 0.000146 0.155713 0.987513 -0.023893 -0.177701 -0.983795 0.023887 -0.988068 0.154017 0.000000 
0.987108 -0.160055 0.000181 0.155689 0.987359 -0.029711 -0.177677 -0.983640 0.029703 -0.988068 0.154017 0.000001 
0.987108 -0.160054 0.000215 0.155660 0.987176 -0.035405 -0.177649 -0.983457 0.035395 -0.988068 0.154017 0.000001 
0.987109 -0.160052 0.000251 0.155627 0.986964 -0.041015 -0.177616 -0.983245 0.041004 -0.988068 0.154017 0.000000 
0.987109 -0.160051 0.000284 0.155590 0.986723 -0.046578 -0.177578 -0.983004 0.046565 -0.988068 0.154017 0.000001 
0.987109 -0.160049 0.000319 0.155547 0.986452 -0.052129 -0.177536 -0.982733 0.052114 -0.988068 0.154017 -0.000001 
0.987109 -0.160047 0.000350 0.155500 0.986149 -0.057700 -0.177489 -0.982431 0.057684 -0.988068 0.154017 0.000003 
0.987110 -0.160045 0.000386 0.155448 0.985812 -0.063325 -0.177436 -0.982094 0.063307 -0.988068 0.154017 0.000002 
0.987110 -0.160043 0.000422 0.155390 0.985438 -0.069037 -0.177378 -0.981720 0.069018 -0.988068 0.154018 0.000000 
0.987110 -0.160041 0.000458 0.155325 0.985022 -0.074873 -0.177314 -0.981304 0.074851 -0.988068 0.154018 -0.000000 
0.987207 -0.159446 0.000224 0.154687 0.984953 -0.077063 -0.176678 -0.981249 0.077046 -0.988161 0.153423 0.000248 
0.987235 -0.159269 0.000347 0.154513 0.984933 -0.077668 -0.176505 -0.981232 0.077648 -0.988188 0.153246 0.000128 
0.987223 -0.159342 0.000519 0.154527 0.984450 -0.083541 -0.176518 -0.980748 0.083517 -0.988176 0.153323 -0.000008 
0.986003 -0.166729 0.000594 0.161774 0.982494 -0.092379 -0.183738 -0.978627 0.092352 -0.987000 0.160722 -0.000029 
0.983547 -0.180653 0.000643 0.175591 0.979754 -0.096179 -0.197497 -0.975577 0.096150 -0.984628 0.174662 -0.000055 
0.982892 -0.184183 0.000669 0.179070 0.978898 -0.098450 -0.200961 -0.974642 0.098421 -0.983995 0.178197 -0.000067 
0.982789 -0.184730 0.000652 0.179651 0.979007 -0.096284 -0.201540 -0.974739 0.096255 -0.983896 0.178743 -0.000063 
0.982789 -0.184729 0.000623 0.179659 0.979071 -0.095617 -0.201547 -0.974803 0.095589 -0.983896 0.178742 -0.000038 
0.982839 -0.184467 0.000653 0.179249 0.978277 -0.104134 -0.201138 -0.974015 0.104104 -0.983943 0.178485 -0.000016 
0.984703 -0.174237 0.000698 0.168893 0.979036 -0.113854 -0.190826 -0.975003 0.113821 -0.985744 0.168251 -0.000002 
0.984943 -0.172879 0.000705 0.167512 0.979085 -0.115462 -0.189450 -0.975082 0.115429 -0.985975 0.166892 0.000001 
0.985692 -0.168556 0.000508 0.163115 0.979346 -0.119475 -0.185070 -0.975439 0.119446 -0.986697 0.162568 0.000222 
0.986555 -0.163359 -0.004757 0.157265 0.979969 -0.122179 -0.179241 -0.976178 0.122267 -0.987525 0.157367 0.005504 
0.987719 -0.155588 -0.014251 0.148200 0.980575 -0.128489 -0.170203 -0.976957 0.128787 -0.988633 0.149592 0.015037 
0.989355 -0.143128 -0.026289 -0.156023 -0.978234 0.136802 0.133981 0.981575 -0.136237 -0.990182 0.137126 0.027122 
0.991366 -0.126151 -0.035781 0.115460 0.982784 -0.144237 -0.137549 -0.979822 0.145013 -0.992080 0.120141 0.036663 
0.993431 -0.103831 -0.048102 0.091375 0.984758 -0.147992 -0.113514 -0.982294 0.149042 -0.445409 0.843414 0.300438 -0.094008 0.995163 0.028508 -0.785841 -0.529070 0.320217 -0.287120 -0.956121 -0.058270 
0.998517 -0.038253 -0.038745 -0.050489 -0.989076 0.138492 -0.463127 0.817234 0.342989 -0.704374 -0.574273 0.417215 -0.314850 -0.947993 -0.046670 0.028227 0.990079 -0.137648 -0.067659 0.997708 0.000135 
0.999308 0.010800 -0.035595 -0.002255 -0.990085 0.140452 -0.381283 0.854459 0.352879 -0.667197 -0.518560 0.534737 -0.318748 -0.946397 -0.052273 -0.020033 0.989994 -0.139679 -0.065942 0.997823 0.000251 
0.997315 0.060951 -0.040587 0.048395 -0.987827 0.147835 -0.316418 0.881659 0.350081 -0.066499 0.997074 -0.037708 -0.643471 -0.470642 0.603689 -0.318876 -0.946447 -0.050564 
0.992660 0.109800 -0.050701 0.098606 -0.982805 0.156115 -0.278360 0.895080 0.348351 -0.078976 0.996082 -0.039783 -0.616240 -0.444627 0.650042 -0.315680 -0.947731 -0.046403 
0.986703 0.147677 -0.067886 0.139376 -0.976096 0.166768 -0.271970 0.895204 0.353048 -0.089226 0.995105 -0.042471 -0.578522 -0.445278 0.683403 -0.310829 -0.949616 -0.040183 
0.980355 0.175112 -0.090773 0.171338 -0.968758 0.179307 -0.286453 0.887719 0.360415 -0.097350 0.994203 -0.045638 -0.534220 -0.460262 0.709061 -0.305380 -0.951691 -0.032052 
0.973929 0.193767 -0.117967 0.196198 -0.961446 0.192689 -0.304907 0.880089 0.363972 -0.103778 0.993392 -0.049016 -0.494327 -0.472907 0.729383 -0.300313 -0.953595 -0.021670 
0.967217 0.203854 -0.151444 0.215088 -0.954256 0.207686 -0.320756 0.875507 0.361391 -0.108819 0.992659 -0.052786 -0.464009 -0.477877 0.745875 -0.295862 -0.955198 -0.007881 
0.959978 0.204695 -0.191162 0.228134 -0.947217 0.225243 -0.333305 0.873867 0.353927 -0.112450 0.992010 -0.057194 -0.439688 -0.476144 0.761552 -0.292190 -0.956317 0.009132 
0.951591 0.198708 -0.234499 0.237408 -0.940543 0.242933 -0.343874 0.873763 0.343932 -0.115146 0.991410 -0.062028 -0.417743 -0.470375 0.777328 -0.288779 -0.956972 0.028493 
0.941136 0.189014 -0.280246 0.245901 -0.933760 0.260048 -0.352482 0.875207 0.331315 -0.117682 0.990794 -0.066922 -0.396101 -0.460290 0.794505 -0.284934 -0.957266 0.049543 
0.927132 0.176313 -0.330667 0.256130 -0.925528 0.278917 -0.360732 0.877121 0.317067 -0.120749 0.990042 -0.072369 -0.372914 -0.447243 0.812963 -0.279975 -0.957223 0.073067 
0.908971 0.165086 -0.382778 0.272816 -0.913907 0.300574 -0.369948 0.876968 0.306699 -0.125807 0.988935 -0.078614 -0.343444 -0.435828 0.831926 -0.272791 -0.957168 0.097027 
0.888371 0.161193 -0.429899 0.293100 -0.905094 0.308054 -0.378165 0.875556 0.300655 -0.132995 0.987736 -0.081797 -0.304205 -0.424270 0.852909 -0.266029 -0.956590 0.119016 
0.867298 0.163900 -0.470033 0.316005 -0.897235 0.308400 -0.384852 0.873427 0.298353 -0.141140 0.986458 -0.083542 -0.254303 -0.411087 0.875407 -0.260918 -0.955428 0.138125 
0.842419 0.169007 -0.511631 0.344533 -0.886252 0.309604 -0.388689 0.871859 0.297966 -0.150310 0.984957 -0.085241 -0.198969 -0.395187 0.896794 -0.253038 -0.954599 0.157205 
0.813153 0.172844 -0.555795 0.374567 -0.874420 0.308364 -0.388604 0.872508 0.296170 -0.161851 0.983051 -0.086112 -0.138543 -0.373108 0.917386 -0.241292 -0.954066 0.177584 
0.779015 0.173989 -0.602382 -0.221314 -0.947978 0.228817 0.404442 -0.862684 0.303650 -0.385505 0.873585 0.297044 -0.177849 0.980206 -0.086979 
0.739258 0.170991 -0.651352 -0.195034 -0.947869 0.252005 0.433755 -0.850856 0.296480 -0.379760 0.874923 0.300486 -0.197572 0.976514 -0.085945 
0.693532 0.165170 -0.701236 -0.165866 -0.947149 0.274586 0.462475 -0.839493 0.285250 -0.371107 0.880562 0.294772 -0.218343 0.972522 -0.080790 
0.627191 0.173593 -0.759274 -0.136458 -0.939584 0.313943 0.506676 -0.823935 0.253793 -0.385056 0.891796 0.237554 -0.234588 0.969037 -0.077038 
0.581125 0.179862 -0.793690 -0.117587 -0.927363 0.355206 0.514515 -0.831120 0.210983 -0.404792 0.891461 0.203571 -0.255164 0.964336 -0.070330 
0.537582 0.182798 -0.823159 -0.120707 -0.900975 0.416742 0.505986 -0.846767 0.164205 -0.462740 0.863377 0.201126 -0.265172 0.961940 -0.065990 
0.505345 0.166350 -0.846731 -0.144568 -0.866926 0.477010 0.496893 -0.854782 0.149817 -0.531735 0.815298 0.229231 -0.254223 0.964578 -0.070420 
0.506427 0.121252 -0.853715 -0.166885 -0.836505 0.521928 0.475838 -0.860698 0.181045 -0.574676 0.773043 0.268611 -0.257584 0.962935 -0.080037 
0.493196 0.074355 -0.866735 -0.159471 -0.835481 0.525871 0.460237 -0.862951 0.208562 -0.279040 0.960179 0.013871 -0.575700 0.762920 0.294148 -0.106602 0.286643 -0.952088 
-0.124619 -0.870564 0.476013 0.450821 0.024798 -0.892270 0.460183 -0.857841 0.228779 -0.289579 0.951684 0.102182 -0.193025 0.233064 -0.953112 -0.542230 0.784242 0.301582 
-0.079368 -0.910506 0.405807 0.389606 -0.025540 -0.920627 0.469837 -0.848969 0.241877 -0.282410 0.942358 0.179462 -0.291508 0.167413 -0.941805 -0.492948 0.817474 0.297890 
-0.019655 -0.946275 0.322765 0.319911 -0.063169 -0.945340 0.477765 -0.845863 0.237184 -0.272989 0.931723 0.239518 -0.402823 0.126580 -0.906483 -0.431061 0.847440 0.309890 
0.114054 -0.915918 0.384820 0.236312 -0.082085 -0.968204 0.492669 -0.844406 0.210370 -0.324629 0.935887 0.136866 -0.463946 0.185079 -0.866314 -0.332989 0.869779 0.364146 
0.508493 -0.843392 0.173562 -0.441563 0.303651 -0.844286 -0.381381 0.924263 -0.016901 0.247163 -0.863416 -0.439798 0.222110 -0.720343 0.657094 
0.516840 -0.850105 0.100988 0.199246 -0.815901 -0.542776 0.405841 -0.822289 0.398916 -0.344093 0.460360 -0.818333 -0.382487 0.747703 -0.542811 
-0.408390 0.684465 -0.603925 0.181271 -0.749060 -0.637220 0.202344 -0.605681 0.769550 0.523704 -0.851243 0.033469 0.402987 -0.735730 0.544337 
0.220571 0.103929 0.969818 -0.391248 0.601155 -0.696805 -0.526893 0.849870 0.010256 0.064567 -0.667427 0.741871 0.164806 -0.726082 -0.667566 0.522054 -0.852316 -0.031887 0.397548 -0.694426 0.599774 
0.323367 0.095507 0.941442 0.452304 -0.732337 0.509022 -0.429629 0.591364 -0.682427 -0.520914 0.850431 0.073588 0.031812 -0.680202 0.732334 0.130282 -0.723630 -0.677781 
0.410049 0.084139 0.908174 0.494378 -0.720990 0.485555 -0.485786 0.579085 -0.654731 -0.512115 0.848581 0.132847 0.093561 -0.722264 -0.685260 0.088665 -0.679500 0.728298 
0.487331 0.074587 0.870026 0.551630 -0.709493 0.438548 -0.554925 0.561966 -0.613394 -0.502388 0.843859 0.188434 0.057061 -0.728966 -0.682168 0.206530 -0.659884 0.722425 
0.553898 0.072357 0.829434 -0.627197 0.542183 -0.559161 -0.497134 0.834522 0.237551 0.611934 -0.699608 0.368897 0.020137 -0.740386 -0.671881 0.373749 -0.617720 0.691906 
0.617339 0.071120 0.783476 -0.691468 0.520822 -0.500616 -0.485264 0.826821 0.284404 -0.013630 -0.754617 -0.656024 0.658610 -0.689839 0.300592 
0.685054 0.070745 0.725049 -0.745857 0.494971 -0.445759 -0.462705 0.821902 0.332236 -0.041167 -0.766421 -0.641018 0.696949 -0.677168 0.236022 
0.754768 0.073397 0.651873 -0.793973 0.461027 -0.396309 -0.431516 0.818175 0.379978 -0.065198 -0.770310 -0.634328 0.732010 -0.652883 0.194696 
0.818517 0.082972 0.568459 -0.837242 0.421945 -0.347833 -0.398272 0.813855 0.423108 -0.093760 -0.762058 -0.640685 0.768866 -0.616540 0.169481 
0.868272 0.096236 0.486664 -0.869793 0.390964 -0.301011 -0.369201 0.806138 0.462420 -0.132541 -0.742345 -0.656777 0.799918 -0.581292 0.149098 
0.906502 0.116927 0.405688 -0.897213 0.369338 -0.242072 -0.341258 0.804280 0.486494 -0.172261 -0.738279 -0.652127 0.824606 -0.554592 0.111591 
0.935049 0.136527 0.327176 -0.916248 0.358683 -0.178428 -0.313409 0.803981 0.505361 -0.170812 -0.777895 -0.604734 0.839209 -0.540441 0.060429 
0.947454 0.149851 0.282621 -0.929303 0.344916 -0.132016 -0.302586 0.791278 0.531339 -0.165811 -0.788744 -0.591937 0.850726 -0.525380 0.015557 
0.950958 0.158235 0.265783 -0.939560 0.327955 -0.098345 -0.303943 0.769283 0.561980 -0.168464 -0.772199 -0.612640 0.860820 -0.508350 -0.023874 
0.955575 0.154816 0.250814 -0.948169 0.309458 -0.072189 -0.295618 0.749866 0.591871 -0.177371 -0.747117 -0.640590 0.869672 -0.490459 -0.055867 
0.964188 0.147981 0.220099 -0.956539 0.286694 -0.053280 -0.272426 0.741139 0.613593 -0.187758 -0.723961 -0.663797 0.879687 -0.469924 -0.072956 
0.973001 0.144757 0.179760 -0.963867 0.263607 -0.038365 -0.244387 0.738815 0.628034 -0.194709 -0.709001 -0.677795 0.890359 -0.448220 -0.079747 
0.979368 0.145908 0.139821 -0.969706 0.243075 -0.024194 -0.219377 0.738118 0.638009 -0.195287 -0.702487 -0.684379 0.900722 -0.426266 -0.083647 
0.983621 0.149684 0.100419 -0.974676 0.223335 -0.011289 -0.196452 0.737862 0.645729 -0.194062 -0.697516 -0.689791 0.911092 -0.403323 -0.085101 
0.985864 0.155142 0.063270 -0.978831 0.204670 0.000498 -0.176008 0.736366 0.653289 -0.190663 -0.692919 -0.695349 0.920721 -0.380604 -0.086097 
-0.157775 0.733990 0.660580 0.929630 -0.358182 -0.086562 0.986493 0.161143 0.029399 -0.184509 -0.687949 -0.701914 -0.982444 0.186263 0.010504 
-0.142264 0.731669 0.666649 0.985880 0.167450 -0.000310 -0.175382 -0.682389 -0.709638 -0.985836 0.166814 0.017333 0.936345 -0.338294 0.093893 0.937956 -0.335017 -0.089448 
-0.129510 0.730179 0.670869 0.984315 0.174412 -0.026560 -0.163391 -0.676163 -0.718406 -0.989163 0.145465 0.019916 0.940533 -0.326588 0.093473 0.946929 -0.310369 -0.083645 
-0.119336 0.729857 0.673103 0.982085 0.181778 -0.049651 -0.147191 -0.669954 -0.727665 -0.992268 0.122825 0.017815 0.944907 -0.312707 0.096770 0.955926 -0.284421 -0.072869 
-0.107421 0.729740 0.675233 0.979613 0.187162 -0.073003 -0.141940 -0.652958 -0.743975 -0.994803 0.101109 0.011997 0.945608 -0.311688 0.093148 0.964313 -0.258690 -0.056392 
-0.098152 0.731453 0.674791 0.976868 0.192487 -0.093154 -0.137055 -0.644069 -0.752590 -0.996230 0.086100 0.010608 0.945193 -0.312336 0.095166 0.969534 -0.240402 -0.047009 
-0.091267 0.732580 0.674534 0.974664 0.196059 -0.107658 -0.135014 -0.640026 -0.756398 -0.996904 0.077569 0.012830 0.944653 -0.313509 0.096660 0.972261 -0.229595 -0.044673 
-0.085086 0.732737 0.675172 0.973222 0.197262 -0.118013 -0.135147 -0.639181 -0.757089 -0.997059 0.074513 0.017906 0.944714 -0.313514 0.096046 0.973107 -0.225333 -0.047839 
-0.078754 0.732328 0.676383 0.972422 0.196337 -0.125887 -0.137376 -0.639997 -0.755997 -0.996863 0.075168 0.024788 0.945202 -0.312919 0.093145 0.972720 -0.225517 -0.054387 
-0.071944 0.732741 0.676694 0.971742 0.194471 -0.133785 -0.134889 -0.646180 -0.751170 -0.996501 0.077026 0.032436 0.947052 -0.307003 0.094031 0.971889 -0.227065 -0.062237 
-0.066984 0.732618 0.677335 0.970928 0.193965 -0.140272 -0.132655 -0.650262 -0.748038 -0.996278 0.077300 0.038144 0.949065 -0.300948 0.093307 0.971486 -0.227155 -0.067945 
-0.063098 0.732372 0.677974 0.970120 0.193985 -0.145730 -0.132248 -0.650007 -0.748332 -0.996294 0.075556 0.041100 0.950344 -0.297710 0.090641 0.971802 -0.225129 -0.070128 
-0.059593 0.732280 0.678391 0.969398 0.193887 -0.150586 -0.132172 -0.648695 -0.749484 -0.996353 0.073722 0.042958 0.950977 -0.296263 0.088716 0.972257 -0.222888 -0.070974 
-0.056499 0.732252 0.678686 0.968748 0.193770 -0.154858 -0.132207 -0.647399 -0.750597 -0.996404 0.072232 0.044289 0.951225 -0.295801 0.087590 0.972681 -0.220926 -0.071303 
-0.053857 0.732300 0.678850 0.968200 0.193597 -0.158461 -0.132205 -0.646297 -0.751546 -0.996447 0.071014 0.045274 0.951366 -0.295575 0.086821 0.973046 -0.219283 -0.071395 
-0.051771 0.732385 0.678919 0.967763 0.193432 -0.161303 -0.132167 -0.645436 -0.752293 -0.996484 0.070026 0.045995 0.951475 -0.295387 0.086273 0.973345 -0.217951 -0.071389 
-0.050254 0.732483 0.678928 0.967443 0.193301 -0.163367 -0.132142 -0.644800 -0.752842 -0.996513 0.069273 0.046512 0.951554 -0.295251 0.085862 0.973572 -0.216943 -0.071369 
-0.049272 0.732551 0.678926 0.967240 0.193195 -0.164690 -0.132131 -0.644399 -0.753188 -0.996530 0.068788 0.046854 0.951613 -0.295145 0.085575 0.973717 -0.216290 -0.071370 
-0.048894 0.732551 0.678954 0.967171 0.193135 -0.165161 -0.132189 -0.644342 -0.753226 -0.996529 0.068653 0.047082 0.951693 -0.294963 0.085308 0.973747 -0.216107 -0.071516 
-0.048939 0.732629 0.678867 0.967227 0.193003 -0.164993 -0.132158 -0.644682 -0.752941 -0.996520 0.068778 0.047095 0.951810 -0.294617 0.085193 0.973707 -0.216262 -0.071597 
-0.049115 0.732894 0.678567 0.967351 0.192729 -0.164586 -0.131970 -0.645193 -0.752536 -0.996518 0.068983 0.046826 0.951912 -0.294245 0.085341 0.973667 -0.216516 -0.071371 
-0.049410 0.733285 0.678123 0.967518 0.192385 -0.164001 -0.131620 -0.645810 -0.752067 -0.996525 0.069228 0.046316 0.951990 -0.293875 0.085745 0.973634 -0.216823 -0.070880 
-0.049795 0.733772 0.677568 0.967718 0.191991 -0.163282 -0.131161 -0.646520 -0.751538 -0.996537 0.069507 0.045629 0.952047 -0.293515 0.086345 0.973607 -0.217170 -0.070194 
-0.050183 0.734357 0.676906 0.967971 0.191436 -0.162434 -0.130736 -0.647240 -0.750991 -0.996548 0.069881 0.044812 0.952048 -0.293304 0.087050 0.973568 -0.217609 -0.069366 
-0.050575 0.734875 0.676314 0.968225 0.190895 -0.161554 -0.130279 -0.647960 -0.750450 -0.996557 0.070284 0.043978 0.952029 -0.293133 0.087827 0.973526 -0.218059 -0.068538 
-0.050974 0.735372 0.675744 0.968451 0.190435 -0.160742 -0.129859 -0.648615 -0.749957 -0.996566 0.070646 0.043181 0.951987 -0.293038 0.088598 0.973492 -0.218463 -0.067733 
-0.051381 0.735798 0.675249 0.968655 0.190051 -0.159961 -0.129503 -0.649212 -0.749502 -0.996573 0.070980 0.042484 0.951954 -0.292945 0.089262 0.973453 -0.218846 -0.067053 
-0.051756 0.736145 0.674842 0.968837 0.189724 -0.159247 -0.129178 -0.649757 -0.749085 -0.996576 0.071264 0.041923 0.951977 -0.292721 0.089743 0.973412 -0.219185 -0.066536 
-0.052120 0.736376 0.674562 0.968997 0.189476 -0.158567 -0.128930 -0.650298 -0.748658 -0.996570 0.071543 0.041598 0.952093 -0.292288 0.089923 0.973345 -0.219547 -0.066329 
-0.052462 0.736482 0.674420 0.969139 0.189286 -0.157927 -0.128630 -0.650850 -0.748230 -0.996554 0.071824 0.041495 0.952322 -0.291553 0.089892 0.973249 -0.219943 -0.066418 
-0.052793 0.736524 0.674349 0.969266 0.189144 -0.157314 -0.128323 -0.651412 -0.747794 -0.996537 0.072029 0.041537 0.952662 -0.290527 0.089603 0.973152 -0.220289 -0.066697 
-0.053086 0.736549 0.674297 0.969369 0.189047 -0.156796 -0.127930 -0.652014 -0.747336 -0.996522 0.072158 0.041676 0.953111 -0.289191 0.089152 0.973058 -0.220585 -0.067080 
-0.053306 0.736585 0.674241 0.969457 0.188941 -0.156381 -0.127529 -0.652638 -0.746860 -0.996506 0.072260 0.041879 0.953615 -0.287702 0.088574 0.972965 -0.220863 -0.067514 
-0.053435 0.736624 0.674188 0.969553 0.188754 -0.156007 -0.127146 -0.653280 -0.746364 -0.996486 0.072410 0.042110 0.954119 -0.286210 0.087979 0.972861 -0.221179 -0.067974 
-0.053587 0.736639 0.674160 0.969625 0.188653 -0.155684 -0.126794 -0.653813 -0.745957 -0.996472 0.072482 0.042316 0.954564 -0.284887 0.087445 0.972784 -0.221394 -0.068380 
-0.053695 0.736660 0.674129 0.969685 0.188556 -0.155430 -0.126458 -0.654275 -0.745609 -0.996459 0.072555 0.042490 0.954944 -0.283743 0.087020 0.972716 -0.221586 -0.068718 
-0.053770 0.736699 0.674080 0.969747 0.188426 -0.155197 -0.126167 -0.654686 -0.745297 -0.996446 0.072654 0.042623 0.955263 -0.282769 0.086682 0.972652 -0.221785 -0.068990 
-0.053847 0.736754 0.674014 0.969823 0.188259 -0.154927 -0.125860 -0.655108 -0.744978 -0.996431 0.072799 0.042718 0.955547 -0.281882 0.086445 0.972581 -0.222022 -0.069223 
-0.053955 0.736815 0.673938 0.969906 0.188089 -0.154615 -0.125596 -0.655506 -0.744672 -0.996418 0.072951 0.042771 0.955796 -0.281100 0.086241 0.972514 -0.222258 -0.069410 
-0.054066 0.736885 0.673853 0.969994 0.187906 -0.154285 -0.125305 -0.655903 -0.744372 -0.996405 0.073115 0.042790 0.956028 -0.280352 0.086098 0.972447 -0.222503 -0.069559 
-0.054265 0.736924 0.673794 0.970074 0.187803 -0.153903 -0.125032 -0.656275 -0.744090 -0.996396 0.073239 0.042798 0.956255 -0.279626 0.085941 0.972388 -0.222715 -0.069712 
-0.054495 0.736981 0.673713 0.970162 0.187693 -0.153480 -0.124725 -0.656682 -0.743782 -0.996386 0.073371 0.042796 0.956501 -0.278832 0.085784 0.972323 -0.222949 -0.069865 
-0.054694 0.737088 0.673580 0.970274 0.187490 -0.153023 -0.124348 -0.657202 -0.743386 -0.996371 0.073585 0.042784 0.956788 -0.277893 0.085631 0.972235 -0.223285 -0.070019 
-0.054930 0.737200 0.673438 0.970401 0.187266 -0.152491 -0.123974 -0.657789 -0.742929 -0.996353 0.073844 0.042757 0.957089 -0.276906 0.085467 0.972134 -0.223676 -0.070180 
-0.055106 0.737349 0.673260 0.970572 0.186877 -0.151878 -0.123689 -0.658380 -0.742453 -0.996324 0.074271 0.042694 0.957342 -0.276074 0.085325 0.971993 -0.224242 -0.070318 
-0.055385 0.737463 0.673113 0.970747 0.186546 -0.151167 -0.123401 -0.658974 -0.741974 -0.996293 0.074733 0.042595 0.957559 -0.275334 0.085280 0.971845 -0.224846 -0.070446 
-0.055742 0.737546 0.672992 0.970938 0.186224 -0.150330 -0.123205 -0.659576 -0.741472 -0.996258 0.075270 0.042467 0.957732 -0.274738 0.085258 0.971677 -0.225527 -0.070579 
-0.056171 0.737648 0.672845 0.971143 0.185904 -0.149404 -0.122925 -0.660177 -0.740983 -0.996225 0.075831 0.042253 0.957886 -0.274167 0.085361 0.971507 -0.226245 -0.070627 
-0.056545 0.737800 0.672647 0.971395 0.185405 -0.148383 -0.122677 -0.660843 -0.740430 -0.996179 0.076577 0.041991 0.958022 -0.273646 0.085508 0.971291 -0.227161 -0.070644 
-0.056815 0.737985 0.672422 0.971716 0.184640 -0.147227 -0.122592 -0.661548 -0.739814 -0.996112 0.077602 0.041700 0.958095 -0.273342 0.085664 0.971009 -0.228360 -0.070669 
-0.057202 0.738120 0.672240 0.972065 0.183876 -0.145876 -0.122692 -0.662225 -0.739192 -0.996036 0.078753 0.041366 0.958096 -0.273291 0.085814 0.970692 -0.229692 -0.070702 
-0.057676 0.738271 0.672034 0.972438 0.183085 -0.144375 -0.122768 -0.662905 -0.738570 -0.995955 0.079979 0.040940 0.958063 -0.273326 0.086073 0.970357 -0.231116 -0.070664 
-0.058344 0.738399 0.671836 0.972844 0.182317 -0.142604 -0.122901 -0.663596 -0.737926 -0.995872 0.081254 0.040449 0.957999 -0.273457 0.086361 0.970003 -0.232604 -0.070629 
-0.059283 0.738530 0.671610 0.973253 0.181686 -0.140602 -0.122917 -0.664384 -0.737215 -0.995795 0.082474 0.039875 0.957963 -0.273469 0.086727 0.969655 -0.234072 -0.070567 
-0.060420 0.738693 0.671329 0.973670 0.181135 -0.138411 -0.122814 -0.665294 -0.736411 -0.995720 0.083691 0.039213 0.957973 -0.273302 0.087144 0.969298 -0.235580 -0.070453 
-0.061679 0.738895 0.670992 0.974131 0.180501 -0.135969 -0.122713 -0.666328 -0.735492 -0.995635 0.085029 0.038479 0.958000 -0.273076 0.087557 0.968901 -0.237243 -0.070332 
-0.063280 0.739071 0.670649 0.974594 0.180053 -0.133222 -0.122534 -0.667460 -0.734495 -0.995555 0.086320 0.037669 0.958035 -0.272789 0.088064 0.968504 -0.238891 -0.070217 
-0.065106 0.739272 0.670252 0.975055 0.179710 -0.130277 -0.122256 -0.668668 -0.733441 -0.995476 0.087621 0.036735 0.958085 -0.272420 0.088663 0.968098 -0.240594 -0.070008 
-0.067007 0.739528 0.669782 0.975567 0.179220 -0.127076 -0.122047 -0.669967 -0.732290 -0.995379 0.089130 0.035716 0.958100 -0.272153 0.089312 0.967630 -0.242536 -0.069771 
-0.069106 0.739778 0.669292 0.976115 0.178704 -0.123550 -0.121937 -0.671358 -0.731034 -0.995265 0.090817 0.034628 0.958068 -0.272033 0.090023 0.967105 -0.244683 -0.069557 
-0.071302 0.740086 0.668721 0.976701 0.178072 -0.119771 -0.121852 -0.672821 -0.729701 -0.995133 0.092710 0.033409 0.957984 -0.272046 0.090866 0.966520 -0.247067 -0.069256 
-0.073721 0.740381 0.668133 0.977322 0.177409 -0.115616 -0.121836 -0.674351 -0.728291 -0.994982 0.094776 0.032081 0.957843 -0.272222 0.091824 0.965879 -0.249649 -0.068944 
-0.076236 0.740739 0.667453 0.977976 0.176626 -0.111203 -0.121859 -0.675959 -0.726794 -0.994806 0.097074 0.030620 0.957645 -0.272549 0.092919 0.965167 -0.252498 -0.068544 
-0.078968 0.741109 0.666725 0.978658 0.175799 -0.106412 -0.121991 -0.677660 -0.725187 -0.994605 0.099578 0.029063 0.957384 -0.273056 0.094112 0.964382 -0.255583 -0.068148 
-0.081888 0.741521 0.665913 0.979362 0.174907 -0.101281 -0.122070 -0.679480 -0.723468 -0.994380 0.102267 0.027371 0.957089 -0.273611 0.095484 0.963532 -0.258890 -0.067697 
-0.085071 0.741932 0.665056 0.980078 0.174013 -0.095744 -0.122229 -0.681394 -0.721639 -0.994130 0.105127 0.025558 0.956757 -0.274268 0.096918 0.962612 -0.262407 -0.067232 
-0.088618 0.742347 0.664129 0.980771 0.173262 -0.089820 -0.122242 -0.683438 -0.719701 -0.993868 0.108027 0.023591 0.956426 -0.274843 0.098544 0.961658 -0.266016 -0.066706 
-0.092543 0.742766 0.663124 0.981444 0.172634 -0.083461 -0.122168 -0.685574 -0.717680 -0.993594 0.110958 0.021430 0.956107 -0.275332 0.100258 0.960671 -0.269711 -0.066082 
-0.993307 0.113916 0.019077 -0.096872 0.743215 0.662002 0.982084 0.172147 -0.076662 -0.121976 -0.687819 -0.715561 0.959651 -0.273493 -0.065361 0.955789 -0.275748 0.102132 
-0.992989 0.117039 0.016552 -0.101514 0.743711 0.660749 0.982706 0.171671 -0.069408 -0.121821 -0.690181 -0.713309 0.958802 -0.277563 -0.060481 
-0.992636 0.120336 0.013874 -0.106486 0.744253 0.659354 0.983295 0.171241 -0.061701 -0.121622 -0.692715 -0.710883 0.957645 -0.281714 -0.059616 
-0.992236 0.123880 0.011042 -0.111736 0.744844 0.657817 0.983851 0.170791 -0.053550 -0.121436 -0.695402 -0.708286 0.956382 -0.286158 -0.058709 
-0.991781 0.127690 0.008041 -0.117241 0.745486 0.656129 0.984366 0.170303 -0.044953 -0.121301 -0.698221 -0.705530 0.955004 -0.290918 -0.057741 
-0.991259 0.131843 0.004846 -0.122911 0.746231 0.654242 0.984844 0.169678 -0.035945 -0.121261 -0.701157 -0.702620 0.953485 -0.296067 -0.056667 
-0.990651 0.136416 0.001469 -0.128745 0.747040 0.652193 0.985286 0.168859 -0.026432 -0.121420 -0.704175 -0.699567 0.951792 -0.301673 -0.055540 
-0.989945 0.141436 -0.002078 -0.134773 0.747895 0.649992 0.985672 0.167875 -0.016393 -0.121660 -0.707335 -0.696330 0.949909 -0.307757 -0.054388 
-0.989139 0.146866 -0.005818 -0.141003 0.748795 0.647629 0.985981 0.166753 -0.005840 -0.122061 -0.710569 -0.692959 0.947839 -0.314283 -0.053177 
-0.988236 0.152619 -0.009808 -0.147485 0.749767 0.645057 0.986190 0.165534 0.005257 -0.122726 -0.713731 -0.689584 0.945600 -0.321177 -0.051831 
-0.987226 0.158702 -0.014078 -0.154262 0.750805 0.642257 0.986280 0.164205 0.016995 -0.123551 -0.716871 -0.686171 0.943175 -0.328458 -0.050360 
-0.986094 0.165142 -0.018603 -0.161439 0.751809 0.639313 0.986214 0.162826 0.029492 -0.124729 -0.719840 -0.682842 0.940537 -0.336160 -0.048848 
0.985954 0.161392 0.042983 -0.984824 0.171987 -0.023289 -0.169168 0.752860 0.636069 -0.125950 -0.723025 -0.679244 0.937654 -0.344311 -0.047496 
0.985525 0.159776 0.056670 -0.983394 0.179308 -0.028013 -0.176834 0.754074 0.632537 -0.126905 -0.726654 -0.675180 0.934511 -0.352923 -0.046205 
0.984889 0.158323 0.070192 -0.981833 0.186902 -0.032725 -0.184450 0.755208 0.628998 -0.128309 -0.729995 -0.671301 0.931170 -0.361811 -0.044894 
0.984012 0.157017 0.084061 -0.980141 0.194747 -0.037379 -0.192337 0.756294 0.625321 -0.130111 -0.733162 -0.667491 0.927607 -0.370981 -0.043799 
0.982867 0.155790 0.098497 -0.978307 0.202858 -0.041995 -0.200580 0.757392 0.621389 -0.132087 -0.736444 -0.663478 0.923794 -0.380468 -0.043011 
0.981422 0.154717 0.113462 -0.976329 0.211200 -0.046647 -0.209211 0.758479 0.617203 -0.134230 -0.739763 -0.659343 0.919737 -0.390237 -0.042421 
0.979654 0.153819 0.128910 -0.974194 0.219783 -0.051389 -0.218208 0.759556 0.612748 -0.136343 -0.743137 -0.655102 0.915432 -0.400282 -0.041943 
0.977540 0.153092 0.144837 -0.971894 0.228591 -0.056279 -0.227561 0.760669 0.607946 -0.138409 -0.746610 -0.650705 0.910879 -0.410581 -0.041507 
0.975057 0.152551 0.161221 -0.969426 0.237583 -0.061381 -0.237257 0.761858 0.602729 -0.140425 -0.750156 -0.646178 0.906097 -0.421077 -0.041008 
0.972213 0.152125 0.177933 -0.966762 0.246810 -0.066757 -0.247145 0.763199 0.597031 -0.142526 -0.753688 -0.641592 0.901063 -0.431812 -0.040308 
0.969024 0.151609 0.194953 -0.963832 0.256489 -0.072395 -0.257039 0.764716 0.590881 -0.144756 -0.757232 -0.636903 0.895679 -0.442950 -0.039416 
0.965463 0.150814 0.212453 -0.960554 0.266845 -0.078290 -0.266886 0.766376 0.584328 -0.146900 -0.760978 -0.631928 0.889845 -0.454642 -0.038423 
0.961511 0.149824 0.230322 -0.956947 0.277688 -0.084503 -0.276670 0.768151 0.577406 -0.149539 -0.764350 -0.627222 0.883638 -0.466693 -0.037158 
0.957070 0.148662 0.248832 -0.952929 0.289190 -0.091079 -0.286567 0.770006 0.570062 -0.151892 -0.767921 -0.622275 0.876954 -0.479244 -0.035721 
0.952149 0.147304 0.267795 -0.948525 0.301139 -0.098063 -0.296414 0.772038 0.562224 -0.154687 -0.771087 -0.617654 0.869865 -0.492121 -0.033939 
0.946671 0.146152 0.287148 -0.943648 0.313811 -0.105120 -0.306475 0.774145 0.553871 -0.157703 -0.774470 -0.612639 0.862174 -0.505584 -0.032257 
0.940350 0.145646 0.307454 -0.938431 0.326554 -0.112736 -0.317415 0.776213 0.544740 -0.159977 -0.778221 -0.607272 0.854207 -0.519049 -0.030305 
0.932886 0.146230 0.329152 -0.932975 0.338913 -0.121224 -0.329793 0.778196 0.534460 -0.161592 -0.781964 -0.602013 0.846183 -0.532165 -0.027818 
0.924148 0.148017 0.352195 -0.927230 0.350948 -0.130687 -0.343643 0.780034 0.522931 -0.162415 -0.785794 -0.596782 0.838060 -0.545018 -0.024712 
0.914024 0.150674 0.376640 -0.920972 0.363179 -0.141112 -0.358671 0.781824 0.510006 -0.162349 -0.790031 -0.591180 0.829545 -0.558042 -0.021074 
0.902359 0.154260 0.402432 -0.374848 0.783510 0.495582 -0.161702 -0.794462 -0.585391 0.820745 -0.571047 -0.016832 -0.896074 0.366708 -0.250153 -0.914531 0.375671 -0.150015 
0.888485 0.159578 0.430266 -0.393222 0.784651 0.479269 -0.160015 -0.799344 -0.579176 0.811688 -0.583957 -0.012515 -0.891898 0.368498 -0.262160 -0.907103 0.388469 -0.162040 
0.872262 0.166074 0.459976 -0.413276 0.785171 0.461205 -0.154335 -0.806758 -0.570371 0.802364 -0.596782 -0.007984 -0.887621 0.366761 -0.278595 -0.898837 0.401921 -0.174793 
0.854690 0.172069 0.489792 -0.432635 0.785609 0.442319 -0.141290 -0.817955 -0.557661 0.794223 -0.607626 -0.000431 -0.883955 0.357859 -0.300934 -0.890222 0.413870 -0.190306 
0.837012 0.179131 0.517033 -0.450623 0.786512 0.422300 -0.124366 -0.827521 -0.547487 0.790276 -0.612541 0.016067 -0.879045 0.347818 -0.326042 -0.883039 0.418582 -0.212208 
0.819459 0.187665 0.541543 -0.467281 0.788001 0.400877 -0.105475 -0.833364 -0.542568 0.790605 -0.610819 0.042938 -0.871162 0.340543 -0.353706 -0.877324 0.414905 -0.241156 
