1.135202 0.621062 0.004681 1.097638 0.407093 0.004448 1.269407 0.595011 0.004222 1.233662 0.383824 0.003989 
1.135174 0.621029 0.004552 1.097667 0.407050 0.004404 1.269386 0.595013 0.004220 1.233697 0.383817 0.004071 
1.135172 0.620978 0.004370 1.097685 0.406996 0.004503 1.269386 0.594975 0.004136 1.233717 0.383775 0.004265 
1.135174 0.620989 0.004422 1.097685 0.407007 0.004530 1.269388 0.594985 0.004226 1.233717 0.383785 0.004331 
1.135098 0.621131 0.004713 1.097628 0.407146 0.004394 1.269315 0.595139 0.004367 1.233661 0.383936 0.004050 
1.135136 0.620961 0.004085 1.097739 0.406963 0.004487 1.269362 0.595013 0.004104 1.233781 0.383799 0.004500 
1.135156 0.620991 0.004199 1.097757 0.406993 0.004433 1.269382 0.595043 0.004254 1.233799 0.383828 0.004485 
1.135194 0.621021 0.004270 1.097817 0.407019 0.004284 1.269422 0.595087 0.004481 1.233861 0.383868 0.004497 
1.135237 0.621033 0.004109 1.097915 0.407022 0.004095 1.269472 0.595133 0.004571 1.233964 0.383906 0.004561 
1.135380 0.621124 0.003961 1.098134 0.407100 0.003691 1.269621 0.595271 0.004906 1.234189 0.384031 0.004649 
1.136210 0.620723 0.002326 1.099040 0.406687 0.003044 1.270436 0.594933 0.005181 1.235079 0.383682 0.005916 
1.136073 0.621104 0.002862 1.098950 0.407058 0.002688 1.270306 0.595331 0.005518 1.234995 0.384071 0.005373 
1.136069 0.621105 0.003052 1.098946 0.407059 0.002901 1.270300 0.595333 0.005839 1.234989 0.384073 0.005717 
1.136051 0.621108 0.003225 1.098929 0.407062 0.003094 1.270268 0.595339 0.006617 1.234958 0.384079 0.006520 
1.136026 0.621113 0.003383 1.098904 0.407067 0.003268 1.270219 0.595348 0.007632 1.234909 0.384087 0.007560 
1.135998 0.621118 0.003527 1.098876 0.407072 0.003425 1.270160 0.595358 0.008691 1.234851 0.384098 0.008641 
1.135970 0.621123 0.003657 1.098848 0.407077 0.003568 1.270095 0.595370 0.009730 1.234786 0.384110 0.009700 
1.135942 0.621128 0.003774 1.098821 0.407082 0.003696 1.270025 0.595383 0.010746 1.234715 0.384122 0.010735 
1.135913 0.621134 0.003881 1.098793 0.407087 0.003812 1.269949 0.595396 0.011743 1.234639 0.384136 0.011751 
1.135885 0.621139 0.003978 1.098764 0.407092 0.003917 1.269867 0.595411 0.012729 1.234557 0.384150 0.012753 
1.135856 0.621144 0.004066 1.098735 0.407098 0.004012 1.269779 0.595426 0.013709 1.234468 0.384166 0.013748 
1.135826 0.621149 0.004146 1.098706 0.407103 0.004098 1.269684 0.595443 0.014689 1.234373 0.384183 0.014743 
1.135796 0.621154 0.004218 1.098676 0.407108 0.004176 1.269581 0.595461 0.015675 1.234269 0.384201 0.015743 
1.135765 0.621160 0.004284 1.098645 0.407114 0.004246 1.269469 0.595481 0.016674 1.234157 0.384221 0.016754 
1.135733 0.621166 0.004344 1.098613 0.407119 0.004309 1.269348 0.595502 0.017691 1.234035 0.384242 0.017784 
1.135699 0.621171 0.004399 1.098580 0.407125 0.004366 1.269216 0.595525 0.018732 1.233902 0.384266 0.018837 
1.135665 0.621178 0.004448 1.098545 0.407131 0.004417 1.269071 0.595550 0.019803 1.233756 0.384291 0.019920 
1.135628 0.621184 0.004493 1.098509 0.407137 0.004464 1.268912 0.595578 0.020912 1.233596 0.384319 0.021041 
1.135590 0.621191 0.004534 1.098471 0.407144 0.004506 1.268737 0.595608 0.022064 1.233420 0.384349 0.022204 
1.135550 0.621198 0.004572 1.098431 0.407151 0.004544 1.268543 0.595642 0.023267 1.233225 0.384383 0.023418 
1.135507 0.621205 0.004606 1.098388 0.407158 0.004578 1.268328 0.595679 0.024527 1.233008 0.384421 0.024689 
1.135462 0.621213 0.004637 1.098343 0.407166 0.004608 1.268089 0.595721 0.025851 1.232767 0.384462 0.026026 
1.135414 0.621221 0.004666 1.098295 0.407174 0.004636 1.267822 0.595767 0.027247 1.232499 0.384509 0.027434 
1.135363 0.621230 0.004692 1.098245 0.407183 0.004661 1.267524 0.595818 0.028724 1.232198 0.384561 0.028923 
1.135308 0.621239 0.004716 1.098190 0.407193 0.004683 1.267189 0.595876 0.030289 1.231861 0.384619 0.030501 
1.135250 0.621249 0.004738 1.098132 0.407203 0.004704 1.266813 0.595941 0.031952 1.231482 0.384684 0.032178 
1.135187 0.621260 0.004759 1.098070 0.407213 0.004722 1.266388 0.596014 0.033722 1.231054 0.384758 0.033963 
1.135120 0.621272 0.004777 1.098004 0.407225 0.004738 1.265909 0.596097 0.035607 1.230571 0.384841 0.035864 
1.135048 0.621284 0.004795 1.097932 0.407237 0.004753 1.265367 0.596190 0.037616 1.230025 0.384935 0.037890 
1.130819 0.621555 0.004805 1.100780 0.406400 0.004774 1.261258 0.600861 0.040121 1.232895 0.388557 0.040429 
1.127171 0.621639 0.004815 1.101408 0.405931 0.004788 1.257505 0.603598 0.041929 1.233356 0.390773 0.042258 
1.127800 0.621545 0.004816 1.101844 0.405860 0.004794 1.257668 0.603442 0.043499 1.233325 0.390639 0.043847 
1.128176 0.621500 0.004825 1.101873 0.405857 0.004803 1.257907 0.603200 0.043875 1.233220 0.390437 0.044228 
1.128157 0.621502 0.004837 1.101782 0.405868 0.004816 1.257129 0.603252 0.046346 1.232364 0.390498 0.046723 
1.131809 0.621139 0.004818 1.101678 0.405997 0.004791 1.259573 0.600762 0.048989 1.231093 0.388474 0.049385 
1.137162 0.620592 0.004832 1.101319 0.406328 0.004874 1.263012 0.597061 0.052768 1.228883 0.385607 0.053268 
1.140712 0.620234 0.004845 1.101171 0.406621 0.004877 1.264624 0.594809 0.056701 1.226831 0.383980 0.057230 
1.142722 0.619904 0.004855 1.101289 0.406651 0.004889 1.264598 0.593735 0.060990 1.224920 0.383252 0.061562 
1.146526 0.619598 0.004961 1.101648 0.407044 0.004340 1.265790 0.591732 0.065703 1.222691 0.381922 0.065672 
1.148999 0.619153 0.005728 1.102173 0.407023 0.004364 1.265749 0.590450 0.070807 1.220706 0.381050 0.070086 
1.141852 0.620636 0.005200 1.101910 0.407099 0.004433 1.256268 0.596484 0.076020 1.217988 0.385741 0.075943 
1.134101 0.621953 0.005076 1.101709 0.407141 0.004484 1.246113 0.602372 0.080968 1.215254 0.390416 0.081112 
1.131149 0.622417 0.005580 1.103649 0.406926 0.004515 1.241020 0.605529 0.085160 1.214962 0.392929 0.084873 
1.139305 0.619845 0.008663 1.115686 0.403914 0.005563 1.245011 0.604589 0.094006 1.222739 0.391571 0.091768 
1.147408 0.610254 0.010947 1.121054 0.394631 0.008523 1.247957 0.594467 0.102218 1.222941 0.381747 0.100703 
1.156910 0.598979 0.014811 1.125722 0.384001 0.012502 1.252072 0.581657 0.111423 1.222238 0.369559 0.110072 
1.167063 0.586182 0.022502 1.255824 0.569966 0.125207 1.134068 0.371461 0.022305 1.224147 0.358132 0.125998 
1.174194 0.573129 0.036751 1.142004 0.358335 0.041303 1.255989 0.560696 0.145586 1.225038 0.348825 0.151116 
1.244799 0.553174 0.177798 1.169344 0.564475 0.064357 1.213035 0.341444 0.184043 1.136391 0.349812 0.069589 
1.233112 0.546876 0.219372 1.165611 0.556522 0.100880 1.199824 0.335428 0.227067 1.131189 0.342129 0.107533 
1.220714 0.543300 0.270983 1.163157 0.551699 0.147263 1.186074 0.332060 0.278452 1.127459 0.337505 0.153637 
1.202752 0.541030 0.326994 1.156558 0.544979 0.198384 1.168375 0.329920 0.338337 1.121238 0.330873 0.208640 
1.179531 0.540044 0.368232 1.142030 0.537071 0.236799 1.144457 0.329705 0.388358 1.106087 0.323680 0.255937 
1.155522 0.547157 0.391200 1.123121 0.539744 0.258591 1.119664 0.337570 0.416989 1.086432 0.327073 0.283462 
1.132056 0.571771 0.404449 1.103235 0.560238 0.271309 1.100126 0.362161 0.434810 1.070566 0.347503 0.300812 
1.108700 0.611223 0.413282 1.083093 0.595177 0.279953 1.085027 0.401258 0.448382 1.058832 0.382038 0.314261 
1.084895 0.658245 0.421781 1.062996 0.637093 0.288504 1.071753 0.448378 0.462535 1.049451 0.424004 0.328548 
1.060504 0.705481 0.430195 1.042897 0.678326 0.297370 1.057366 0.496848 0.478569 1.039542 0.466431 0.345148 
1.035818 0.749832 0.436880 1.022754 0.716438 0.304955 1.041102 0.543448 0.493938 1.027987 0.506764 0.361551 
1.011324 0.790972 0.440351 1.002594 0.751465 0.309765 1.023793 0.587613 0.506436 1.015157 0.544799 0.375530 
0.987076 0.829626 0.440366 0.982463 0.784182 0.311512 1.005742 0.629948 0.515587 1.001351 0.581193 0.386561 
0.962849 0.867161 0.436309 0.962162 0.815776 0.309625 0.987102 0.671899 0.520939 0.986757 0.617208 0.394239 
0.938399 0.904719 0.428648 0.941629 0.847289 0.304627 0.967853 0.714733 0.523071 0.971538 0.654015 0.399201 
0.913341 0.943373 0.417456 0.920657 0.879678 0.296711 0.947804 0.759766 0.522234 0.955686 0.692813 0.401822 
0.887269 0.983472 0.401963 0.898871 0.913291 0.285216 0.926633 0.807564 0.517655 0.938913 0.734173 0.401436 
0.860381 1.024141 0.381907 0.876274 0.947571 0.269771 0.904394 0.857070 0.508509 0.921074 0.777355 0.397103 
0.833148 1.064283 0.357367 0.853314 0.981413 0.250523 0.881478 0.907302 0.494840 0.902534 0.821370 0.388933 
0.806498 1.103358 0.330645 0.831242 1.014153 0.230046 0.858464 0.958104 0.479233 0.884195 0.865944 0.379792 
0.781414 1.139047 0.302722 0.810719 1.043917 0.209012 0.835188 1.006209 0.461908 0.865551 0.908246 0.369575 
0.757584 1.171682 0.271517 0.791011 1.071023 0.185260 0.812137 1.051959 0.440538 0.846673 0.948601 0.355871 
0.730579 1.204252 0.237218 0.766362 1.100117 0.156191 0.789354 1.095237 0.411973 0.826329 0.988523 0.332669 
0.700687 1.234297 0.202746 0.738447 1.127518 0.126180 0.766468 1.136080 0.381363 0.805540 1.026851 0.306620 
0.672313 1.257200 0.169911 0.711865 1.147763 0.098154 0.743335 1.169832 0.352121 0.784292 1.058076 0.282285 
0.644215 1.273991 0.135737 0.685033 1.162012 0.068770 0.720616 1.197542 0.320659 0.762929 1.083376 0.255698 
0.615443 1.285047 0.099682 0.656820 1.170752 0.037116 0.698147 1.219181 0.285960 0.741114 1.102828 0.225463 
0.587920 1.291503 0.066693 0.629988 1.175046 0.008746 0.674952 1.235655 0.254268 0.718679 1.117263 0.198453 
0.585445 0.740226 0.092599 0.680541 0.881851 0.222124 0.579017 1.292652 0.065049 0.546636 0.839549 0.007051 0.662764 1.238204 0.254520 0.706113 1.118730 0.200752 
0.570659 0.742609 0.090638 0.669455 0.880463 0.221456 0.573611 1.292842 0.066736 0.532676 0.843966 0.007129 0.659233 1.235067 0.254375 0.699514 1.115325 0.198849 
0.557123 0.737095 0.090080 0.661100 0.868893 0.223106 0.569314 1.292445 0.069468 0.521922 0.841373 0.008983 0.658366 1.229895 0.253954 0.694848 1.110319 0.195519 
0.543562 0.728885 0.088949 0.652691 0.855286 0.223081 0.566111 1.290100 0.071465 0.511306 0.835405 0.009559 0.657452 1.223637 0.253447 0.690590 1.104145 0.192888 
0.530142 0.720380 0.087113 0.644068 0.842350 0.221358 0.567072 1.282785 0.072634 0.500465 0.828469 0.008844 0.658706 1.212674 0.253093 0.688128 1.092838 0.191306 
0.517426 0.711901 0.085396 0.635900 0.829491 0.219614 0.571880 1.271493 0.073423 0.490452 0.821360 0.008059 0.662590 1.197653 0.252858 0.687725 1.077237 0.190309 
0.507064 0.703053 0.084747 0.629544 0.816004 0.219352 0.579787 1.258720 0.074680 0.483331 0.813796 0.008181 0.668616 1.181126 0.253471 0.689399 1.060174 0.190362 
0.500270 0.694402 0.085733 0.625679 0.802761 0.221411 0.590314 1.246370 0.077884 0.480235 0.806256 0.009726 0.676198 1.165187 0.256520 0.693191 1.043893 0.192936 
0.494050 0.683526 0.085642 0.623248 0.788011 0.220803 0.600690 1.232831 0.077825 0.477392 0.795854 0.009519 0.684168 1.149850 0.256776 0.697930 1.027963 0.193545 
0.489553 0.670901 0.087560 0.621255 0.772677 0.222370 0.610279 1.218260 0.073461 0.476848 0.782897 0.010194 0.691389 1.134928 0.253335 0.702528 1.012224 0.191177 
0.486751 0.659050 0.090849 0.619903 0.758363 0.226071 0.620911 1.207255 0.072298 0.478233 0.770518 0.012159 0.698424 1.123963 0.253769 0.707559 1.000454 0.192892 
0.484375 0.649177 0.094522 0.618589 0.746079 0.230443 0.632892 1.194179 0.071112 0.479954 0.760049 0.014661 0.706421 1.110718 0.254157 0.712919 0.986410 0.194583 
0.481887 0.641143 0.098549 0.616958 0.734792 0.235894 0.644943 1.180538 0.070562 0.481778 0.751705 0.018140 0.714664 1.095754 0.254487 0.717779 0.971023 0.195526 
0.479500 0.632736 0.102185 0.615580 0.722329 0.241229 0.657145 1.166971 0.070372 0.483842 0.743167 0.021712 0.723606 1.080814 0.254865 0.723304 0.955843 0.196331 
0.476753 0.623533 0.105593 0.613912 0.708351 0.246558 0.670408 1.152276 0.072271 0.485754 0.733906 0.025426 0.733200 1.064324 0.257202 0.729405 0.939359 0.198776 
0.473489 0.612536 0.108652 0.612032 0.691549 0.251622 0.686316 1.134636 0.077804 0.487633 0.722799 0.029080 0.744256 1.044582 0.263306 0.736741 0.919821 0.204806 
0.469275 0.599250 0.112173 0.609121 0.671943 0.257212 0.705415 1.111708 0.087735 0.489255 0.708947 0.033070 0.756202 1.019196 0.274122 0.744415 0.894891 0.215357 
0.465128 0.583106 0.116819 0.605755 0.649990 0.263884 0.726141 1.084540 0.100006 0.491409 0.691411 0.037641 0.768049 0.990475 0.287818 0.752040 0.866628 0.229085 
0.463216 0.565565 0.123095 0.603649 0.629207 0.271775 0.746972 1.053989 0.112030 0.495326 0.671394 0.042727 0.778688 0.960888 0.302303 0.759055 0.837032 0.244699 
0.464102 0.547965 0.131242 0.603493 0.612094 0.280692 0.765998 1.022858 0.119975 0.501171 0.650014 0.048165 0.787392 0.934364 0.313854 0.764866 0.809683 0.259163 
0.467370 0.532192 0.140649 0.605335 0.601160 0.289265 0.781096 0.995624 0.119692 0.507921 0.629184 0.053253 0.793965 0.916338 0.318251 0.769676 0.789731 0.269008 
0.468697 0.517363 0.149743 0.606441 0.594097 0.294712 0.791170 0.971715 0.105530 0.511440 0.607697 0.056455 0.799287 0.905419 0.309041 0.773393 0.776310 0.267759 
0.465792 0.503653 0.154946 0.605545 0.587927 0.293671 0.796555 0.948621 0.075194 0.510233 0.585857 0.055159 0.804208 0.894724 0.282351 0.775150 0.763967 0.249154 
0.465403 0.500818 0.154153 0.607615 0.585807 0.289911 0.795723 0.943994 0.048827 0.510382 0.580063 0.052237 0.811309 0.890644 0.255681 0.779426 0.760127 0.224170 
0.464233 0.500987 0.155323 0.604949 0.584555 0.293502 0.795044 0.949499 0.047633 0.509970 0.581649 0.054866 0.811705 0.896887 0.254592 0.781027 0.765975 0.223531 
0.464265 0.500986 0.155057 0.604837 0.584094 0.293659 0.794883 0.951892 0.046414 0.509951 0.582144 0.054976 0.812338 0.899550 0.253376 0.782179 0.768470 0.222517 
0.464807 0.501125 0.154298 0.605676 0.584270 0.292575 0.795024 0.951567 0.046247 0.510108 0.582431 0.054163 0.812622 0.899504 0.253268 0.782508 0.768369 0.222598 
0.465151 0.501109 0.153755 0.606184 0.584172 0.291915 0.795092 0.950332 0.046092 0.510202 0.582612 0.053668 0.812799 0.898501 0.253161 0.782577 0.767350 0.222666 
0.465157 0.500804 0.153603 0.606190 0.583613 0.291915 0.795143 0.948544 0.046054 0.510203 0.582495 0.053667 0.812918 0.896713 0.253117 0.782447 0.765609 0.222664 
0.465132 0.500297 0.153459 0.606170 0.582799 0.291949 0.795287 0.946250 0.046003 0.510200 0.582184 0.053693 0.813133 0.894422 0.253062 0.782346 0.763380 0.222663 
0.464907 0.498862 0.153541 0.606012 0.581033 0.292159 0.795840 0.943505 0.046034 0.510170 0.580733 0.053851 0.813571 0.891569 0.253075 0.782418 0.760621 0.222643 
0.464587 0.497506 0.153751 0.605785 0.579370 0.292456 0.796475 0.941571 0.046127 0.510126 0.579240 0.054074 0.814008 0.889448 0.253138 0.782539 0.758599 0.222606 
0.464457 0.497148 0.153864 0.605716 0.578943 0.292547 0.796747 0.941307 0.046165 0.510112 0.578764 0.054143 0.814146 0.889133 0.253174 0.782593 0.758313 0.222604 
0.464430 0.497220 0.153947 0.605683 0.579088 0.292595 0.796765 0.941312 0.046148 0.510106 0.578768 0.054180 0.814054 0.889194 0.253181 0.782478 0.758374 0.222634 
0.464399 0.497253 0.154016 0.605619 0.579147 0.292680 0.796760 0.941312 0.046153 0.510094 0.578786 0.054245 0.813957 0.889210 0.253198 0.782378 0.758391 0.222650 
0.464401 0.497273 0.154026 0.605613 0.579181 0.292690 0.796754 0.941315 0.046151 0.510093 0.578805 0.054253 0.813921 0.889228 0.253202 0.782346 0.758407 0.222659 
0.464404 0.497287 0.154032 0.605612 0.579206 0.292695 0.796751 0.941317 0.046149 0.510093 0.578818 0.054257 0.813899 0.889242 0.253205 0.782325 0.758419 0.222666 
0.464404 0.497300 0.154040 0.605607 0.579228 0.292702 0.796743 0.941325 0.046146 0.510092 0.578829 0.054263 0.813875 0.889260 0.253205 0.782305 0.758436 0.222670 
0.464400 0.497310 0.154052 0.605596 0.579248 0.292716 0.796729 0.941330 0.046144 0.510088 0.578838 0.054274 0.813850 0.889273 0.253206 0.782281 0.758448 0.222674 
0.464393 0.497315 0.154068 0.605578 0.579259 0.292739 0.796708 0.941339 0.046143 0.510084 0.578843 0.054291 0.813825 0.889284 0.253206 0.782259 0.758458 0.222675 
0.464378 0.497319 0.154097 0.605552 0.579268 0.292776 0.796686 0.941339 0.046145 0.510074 0.578845 0.054322 0.813800 0.889285 0.253208 0.782236 0.758459 0.222677 
0.464353 0.497314 0.154140 0.605513 0.579265 0.292834 0.796664 0.941352 0.046152 0.510061 0.578839 0.054369 0.813773 0.889290 0.253214 0.782213 0.758464 0.222676 
0.464342 0.497315 0.154160 0.605487 0.579265 0.292867 0.796641 0.941368 0.046157 0.510056 0.578843 0.054394 0.813749 0.889300 0.253217 0.782192 0.758474 0.222675 
0.464337 0.497323 0.154171 0.605473 0.579281 0.292884 0.796621 0.941369 0.046156 0.510053 0.578852 0.054407 0.813724 0.889306 0.253217 0.782167 0.758479 0.222678 
0.464334 0.497334 0.154181 0.605463 0.579301 0.292895 0.796603 0.941381 0.046152 0.510049 0.578862 0.054415 0.813697 0.889326 0.253217 0.782145 0.758498 0.222681 
0.464329 0.497342 0.154193 0.605447 0.579315 0.292915 0.796581 0.941386 0.046152 0.510046 0.578872 0.054430 0.813672 0.889334 0.253218 0.782123 0.758504 0.222683 
0.464319 0.497344 0.154211 0.605424 0.579318 0.292946 0.796557 0.941404 0.046157 0.510042 0.578877 0.054453 0.813648 0.889347 0.253221 0.782103 0.758517 0.222682 
0.464309 0.497349 0.154228 0.605402 0.579327 0.292973 0.796535 0.941423 0.046159 0.510038 0.578883 0.054474 0.813622 0.889364 0.253223 0.782080 0.758534 0.222682 
0.464311 0.497366 0.154236 0.605395 0.579357 0.292982 0.796514 0.941433 0.046155 0.510036 0.578901 0.054481 0.813593 0.889385 0.253223 0.782056 0.758553 0.222687 
0.464304 0.497372 0.154251 0.605376 0.579366 0.293007 0.796491 0.941447 0.046157 0.510032 0.578909 0.054499 0.813569 0.889397 0.253225 0.782036 0.758565 0.222687 
0.464294 0.497376 0.154268 0.605355 0.579373 0.293035 0.796469 0.941469 0.046160 0.510028 0.578914 0.054520 0.813545 0.889417 0.253227 0.782016 0.758584 0.222687 
0.464294 0.497391 0.154277 0.605345 0.579398 0.293047 0.796446 0.941478 0.046158 0.510027 0.578931 0.054529 0.813520 0.889432 0.253227 0.781995 0.758598 0.222690 
0.464293 0.497406 0.154286 0.605335 0.579422 0.293061 0.796423 0.941493 0.046157 0.510025 0.578947 0.054540 0.813493 0.889454 0.253227 0.781973 0.758617 0.222693 
0.464287 0.497414 0.154302 0.605316 0.579436 0.293085 0.796400 0.941515 0.046158 0.510022 0.578957 0.054558 0.813467 0.889476 0.253229 0.781952 0.758638 0.222694 
0.464276 0.497422 0.154322 0.605293 0.579450 0.293116 0.796377 0.941538 0.046161 0.510017 0.578965 0.054581 0.813438 0.889498 0.253232 0.781927 0.758660 0.222695 
0.464267 0.497426 0.154340 0.605271 0.579458 0.293143 0.796355 0.941563 0.046164 0.510013 0.578970 0.054601 0.813414 0.889520 0.253234 0.781908 0.758682 0.222695 
0.464259 0.497431 0.154356 0.605250 0.579465 0.293171 0.796332 0.941588 0.046170 0.510010 0.578977 0.054622 0.813390 0.889542 0.253240 0.781890 0.758703 0.222697 
0.464252 0.497439 0.154371 0.605232 0.579477 0.293195 0.796308 0.941617 0.046172 0.510006 0.578987 0.054640 0.813366 0.889569 0.253242 0.781872 0.758729 0.222698 
0.464246 0.497449 0.154385 0.605215 0.579494 0.293216 0.796286 0.941647 0.046173 0.510003 0.578998 0.054656 0.813340 0.889600 0.253244 0.781852 0.758759 0.222699 
0.464241 0.497458 0.154400 0.605198 0.579509 0.293239 0.796262 0.941678 0.046174 0.510000 0.579009 0.054673 0.813315 0.889631 0.253244 0.781834 0.758788 0.222698 
0.464234 0.497467 0.154415 0.605180 0.579523 0.293263 0.796238 0.941708 0.046176 0.509997 0.579019 0.054691 0.813290 0.889661 0.253246 0.781815 0.758816 0.222698 
0.464227 0.497475 0.154431 0.605161 0.579536 0.293288 0.796214 0.941737 0.046178 0.509993 0.579028 0.054710 0.813264 0.889689 0.253248 0.781797 0.758843 0.222699 
0.464220 0.497483 0.154447 0.605142 0.579548 0.293313 0.796190 0.941767 0.046180 0.509990 0.579038 0.054729 0.813239 0.889717 0.253249 0.781778 0.758870 0.222698 
0.464213 0.497491 0.154463 0.605123 0.579562 0.293338 0.796165 0.941796 0.046181 0.509987 0.579047 0.054748 0.813214 0.889746 0.253250 0.781759 0.758898 0.222697 
0.464206 0.497499 0.154478 0.605105 0.579574 0.293362 0.796142 0.941824 0.046188 0.509983 0.579057 0.054766 0.813189 0.889772 0.253257 0.781741 0.758923 0.222703 
0.464198 0.497505 0.154493 0.605087 0.579583 0.293387 0.796126 0.941843 0.046213 0.509980 0.579064 0.054784 0.813166 0.889790 0.253282 0.781723 0.758940 0.222726 
0.464187 0.497505 0.154511 0.605063 0.579583 0.293417 0.796118 0.941850 0.046265 0.509976 0.579067 0.054807 0.813141 0.889794 0.253335 0.781703 0.758944 0.222774 
0.464173 0.497502 0.154532 0.605036 0.579576 0.293454 0.796111 0.941852 0.046331 0.509971 0.579067 0.054835 0.813115 0.889789 0.253401 0.781681 0.758941 0.222833 
0.464158 0.497497 0.154554 0.605006 0.579567 0.293493 0.796105 0.941852 0.046403 0.509965 0.579066 0.054865 0.813088 0.889782 0.253473 0.781657 0.758934 0.222897 
0.464143 0.497493 0.154576 0.604976 0.579559 0.293532 0.796099 0.941853 0.046474 0.509960 0.579065 0.054894 0.813061 0.889777 0.253544 0.781634 0.758930 0.222960 
0.464127 0.497488 0.154598 0.604946 0.579551 0.293572 0.796092 0.941854 0.046545 0.509954 0.579065 0.054924 0.813034 0.889771 0.253615 0.781610 0.758925 0.223023 
0.464111 0.497483 0.154621 0.604915 0.579541 0.293613 0.796086 0.941854 0.046620 0.509948 0.579063 0.054955 0.813006 0.889763 0.253690 0.781586 0.758918 0.223090 
0.464097 0.497480 0.154642 0.604886 0.579533 0.293650 0.796080 0.941856 0.046687 0.509943 0.579063 0.054983 0.812980 0.889758 0.253757 0.781564 0.758914 0.223150 
0.464070 0.497460 0.154698 0.604842 0.579525 0.293717 0.796076 0.941869 0.046716 0.509929 0.579036 0.055038 0.812963 0.889772 0.253787 0.781554 0.758926 0.223178 
0.464065 0.497468 0.154710 0.604828 0.579537 0.293735 0.796058 0.941890 0.046723 0.509926 0.579045 0.055051 0.812942 0.889793 0.253795 0.781539 0.758947 0.223185 
0.464053 0.497464 0.154726 0.604805 0.579530 0.293765 0.796053 0.941891 0.046778 0.509922 0.579044 0.055074 0.812921 0.889789 0.253850 0.781521 0.758943 0.223234 
0.464040 0.497460 0.154744 0.604780 0.579522 0.293798 0.796048 0.941890 0.046839 0.509917 0.579043 0.055098 0.812899 0.889782 0.253910 0.781501 0.758937 0.223287 
0.464027 0.497456 0.154763 0.604755 0.579514 0.293830 0.796043 0.941890 0.046899 0.509913 0.579042 0.055123 0.812876 0.889776 0.253970 0.781482 0.758932 0.223340 
0.464014 0.497452 0.154781 0.604729 0.579507 0.293864 0.796039 0.941891 0.046961 0.509908 0.579041 0.055148 0.812852 0.889770 0.254032 0.781461 0.758927 0.223396 
0.464000 0.497448 0.154800 0.604703 0.579499 0.293898 0.796037 0.941890 0.047025 0.509903 0.579041 0.055174 0.812826 0.889765 0.254098 0.781438 0.758922 0.223455 
0.463987 0.497445 0.154819 0.604677 0.579492 0.293932 0.796037 0.941889 0.047092 0.509898 0.579040 0.055199 0.812798 0.889759 0.254165 0.781413 0.758917 0.223515 
0.463975 0.497442 0.154837 0.604652 0.579486 0.293964 0.796037 0.941889 0.047153 0.509894 0.579040 0.055223 0.812771 0.889755 0.254227 0.781390 0.758914 0.223571 
0.463963 0.497439 0.154855 0.604628 0.579481 0.293995 0.796037 0.941889 0.047214 0.509889 0.579040 0.055247 0.812745 0.889751 0.254290 0.781367 0.758911 0.223627 
0.463951 0.497437 0.154872 0.604605 0.579475 0.294026 0.796037 0.941889 0.047274 0.509885 0.579041 0.055270 0.812719 0.889748 0.254350 0.781344 0.758908 0.223682 
0.463939 0.497434 0.154889 0.604582 0.579470 0.294056 0.796038 0.941890 0.047333 0.509881 0.579041 0.055293 0.812693 0.889745 0.254411 0.781321 0.758906 0.223736 
0.463926 0.497431 0.154908 0.604556 0.579463 0.294090 0.796037 0.941889 0.047398 0.509876 0.579041 0.055318 0.812666 0.889741 0.254477 0.781298 0.758902 0.223796 
0.463919 0.497440 0.154942 0.604533 0.579484 0.294133 0.796041 0.941909 0.047439 0.509874 0.579049 0.055353 0.812646 0.889766 0.254521 0.781287 0.758926 0.223839 
0.463906 0.497436 0.154961 0.604507 0.579476 0.294168 0.796042 0.941908 0.047507 0.509869 0.579048 0.055379 0.812619 0.889761 0.254591 0.781263 0.758921 0.223901 
0.463894 0.497430 0.154977 0.604486 0.579464 0.294196 0.796048 0.941915 0.047582 0.509865 0.579044 0.055400 0.812596 0.889764 0.254667 0.781245 0.758925 0.223971 
0.463884 0.497421 0.154988 0.604470 0.579449 0.294217 0.796062 0.941932 0.047666 0.509862 0.579038 0.055416 0.812580 0.889780 0.254753 0.781235 0.758940 0.224052 
0.463879 0.497418 0.154995 0.604463 0.579441 0.294230 0.796084 0.941963 0.047749 0.509861 0.579037 0.055426 0.812573 0.889812 0.254839 0.781238 0.758971 0.224133 
0.463872 0.497409 0.155002 0.604452 0.579425 0.294244 0.796101 0.941983 0.047827 0.509859 0.579029 0.055437 0.812562 0.889831 0.254919 0.781234 0.758990 0.224208 
0.463864 0.497400 0.155011 0.604439 0.579410 0.294261 0.796115 0.941999 0.047905 0.509857 0.579022 0.055450 0.812549 0.889847 0.254998 0.781227 0.759005 0.224282 
0.463856 0.497390 0.155019 0.604427 0.579394 0.294277 0.796130 0.942020 0.047987 0.509854 0.579014 0.055463 0.812536 0.889866 0.255082 0.781221 0.759024 0.224361 
0.463848 0.497380 0.155026 0.604417 0.579377 0.294291 0.796149 0.942043 0.048072 0.509852 0.579005 0.055473 0.812525 0.889889 0.255170 0.781218 0.759047 0.224444 
0.463840 0.497371 0.155035 0.604404 0.579361 0.294308 0.796164 0.942062 0.048154 0.509850 0.578998 0.055486 0.812512 0.889907 0.255253 0.781211 0.759064 0.224522 
0.463831 0.497362 0.155044 0.604391 0.579346 0.294326 0.796178 0.942080 0.048234 0.509847 0.578991 0.055500 0.812498 0.889924 0.255336 0.781204 0.759081 0.224599 
0.463822 0.497354 0.155056 0.604374 0.579332 0.294348 0.796189 0.942094 0.048312 0.509844 0.578985 0.055516 0.812481 0.889936 0.255415 0.781193 0.759092 0.224673 
0.463812 0.497346 0.155068 0.604357 0.579319 0.294371 0.796200 0.942108 0.048391 0.509841 0.578980 0.055534 0.812463 0.889948 0.255496 0.781181 0.759104 0.224748 
0.463802 0.497338 0.155079 0.604342 0.579304 0.294391 0.796212 0.942124 0.048471 0.509838 0.578973 0.055549 0.812447 0.889962 0.255578 0.781171 0.759118 0.224824 
0.463793 0.497329 0.155089 0.604327 0.579290 0.294411 0.796225 0.942140 0.048551 0.509835 0.578967 0.055564 0.812432 0.889977 0.255660 0.781162 0.759133 0.224900 
0.463786 0.497329 0.155102 0.604312 0.579286 0.294434 0.796235 0.942155 0.048621 0.509833 0.578969 0.055582 0.812415 0.889992 0.255732 0.781152 0.759147 0.224968 
0.463780 0.497327 0.155114 0.604297 0.579284 0.294455 0.796240 0.942161 0.048681 0.509831 0.578970 0.055598 0.812395 0.889999 0.255795 0.781137 0.759154 0.225028 
0.463771 0.497321 0.155130 0.604281 0.579276 0.294479 0.796247 0.942171 0.048741 0.509828 0.578964 0.055616 0.812380 0.890008 0.255856 0.781127 0.759163 0.225086 
0.463764 0.497312 0.155137 0.604270 0.579261 0.294494 0.796262 0.942189 0.048816 0.509826 0.578957 0.055628 0.812368 0.890025 0.255933 0.781122 0.759180 0.225157 
0.463757 0.497307 0.155148 0.604259 0.579251 0.294511 0.796277 0.942207 0.048888 0.509824 0.578954 0.055642 0.812357 0.890043 0.256007 0.781116 0.759197 0.225227 
0.463747 0.497294 0.155163 0.604242 0.579237 0.294534 0.796289 0.942223 0.048960 0.509820 0.578940 0.055660 0.812341 0.890062 0.256081 0.781108 0.759215 0.225298 
0.463738 0.497288 0.155174 0.604226 0.579226 0.294555 0.796297 0.942234 0.049025 0.509818 0.578936 0.055675 0.812325 0.890070 0.256148 0.781097 0.759223 0.225360 
0.463729 0.497282 0.155186 0.604211 0.579215 0.294575 0.796305 0.942243 0.049090 0.509815 0.578932 0.055691 0.812308 0.890077 0.256214 0.781085 0.759231 0.225421 
0.463721 0.497274 0.155195 0.604198 0.579202 0.294593 0.796316 0.942258 0.049163 0.509812 0.578926 0.055704 0.812294 0.890091 0.256288 0.781077 0.759244 0.225490 
0.463718 0.497280 0.155208 0.604185 0.579209 0.294615 0.796329 0.942268 0.049231 0.509813 0.578934 0.055721 0.812277 0.890104 0.256360 0.781066 0.759256 0.225559 
0.463705 0.497292 0.155248 0.604159 0.579227 0.294665 0.796348 0.942285 0.049310 0.509805 0.578946 0.055764 0.812256 0.890127 0.256443 0.781055 0.759277 0.225639 
0.463717 0.497295 0.155262 0.604145 0.579242 0.294698 0.796368 0.942306 0.049381 0.509824 0.578954 0.055784 0.812242 0.890151 0.256517 0.781052 0.759299 0.225709 
0.463715 0.497298 0.155273 0.604135 0.579249 0.294715 0.796367 0.942307 0.049424 0.509823 0.578958 0.055797 0.812225 0.890156 0.256563 0.781039 0.759304 0.225755 
