2.699278 0.604770 0.004444 2.803972 0.516856 0.004585 2.670220 0.349560 0.004786 2.562585 0.435924 0.004646 
2.699278 0.604769 0.004494 2.803972 0.516855 0.004622 2.670220 0.349559 0.004803 2.562585 0.435924 0.004677 
2.699290 0.604714 0.004271 2.803982 0.516797 0.004411 2.670225 0.349505 0.004854 2.562593 0.435873 0.004719 
2.699290 0.604713 0.004336 2.803982 0.516796 0.004462 2.670225 0.349504 0.004864 2.562593 0.435872 0.004742 
2.699120 0.604806 0.004020 2.803786 0.516858 0.003565 2.669982 0.349605 0.004436 2.562376 0.436004 0.004908 
2.699385 0.604791 0.003855 2.804026 0.516814 0.003760 2.670175 0.349599 0.004529 2.562592 0.436028 0.004636 
2.699383 0.604790 0.003957 2.804025 0.516813 0.003877 2.670173 0.349598 0.004572 2.562590 0.436027 0.004663 
2.699435 0.604749 0.003785 2.804104 0.516805 0.004016 2.670303 0.349549 0.004601 2.562693 0.435944 0.004376 
2.699405 0.604660 0.003561 2.804094 0.516740 0.003987 2.670330 0.349455 0.004857 2.562702 0.435826 0.004439 
2.699903 0.604720 0.003733 2.804549 0.516753 0.004706 2.670709 0.349527 0.004712 2.563122 0.435945 0.003729 
2.699905 0.604718 0.003847 2.804551 0.516751 0.004735 2.670711 0.349525 0.004738 2.563124 0.435944 0.003842 
2.699914 0.604692 0.003867 2.804557 0.516720 0.004737 2.670709 0.349500 0.004815 2.563125 0.435924 0.003937 
2.699915 0.604690 0.003968 2.804558 0.516718 0.004778 2.670710 0.349498 0.004836 2.563127 0.435922 0.004020 
2.699916 0.604689 0.004061 2.804559 0.516716 0.004818 2.670711 0.349497 0.004858 2.563128 0.435921 0.004094 
2.699903 0.604661 0.004031 2.804552 0.516697 0.004831 2.670716 0.349467 0.004959 2.563126 0.435883 0.004153 
2.699903 0.604660 0.004119 2.804552 0.516695 0.004898 2.670716 0.349466 0.004993 2.563126 0.435882 0.004208 
2.701425 0.604705 0.003845 2.805983 0.516666 0.006438 2.672038 0.349533 0.004646 2.564539 0.436026 0.002001 
2.701433 0.604703 0.003950 2.805996 0.516664 0.006312 2.672049 0.349531 0.004684 2.564545 0.436024 0.002276 
2.700664 0.605248 0.004380 2.805590 0.517647 0.006933 2.672346 0.349955 0.005124 2.564485 0.435998 0.002521 
2.700380 0.605440 0.004434 2.805456 0.518019 0.006972 2.672499 0.350099 0.005237 2.564490 0.435956 0.002649 
2.700198 0.605520 0.004481 2.805369 0.518212 0.006961 2.672591 0.350150 0.005274 2.564489 0.435891 0.002744 
2.700208 0.605517 0.004515 2.805385 0.518209 0.006722 2.672604 0.350147 0.005233 2.564497 0.435889 0.002982 
2.700571 0.605528 0.004651 2.805614 0.518046 0.006276 2.672557 0.350202 0.004985 2.564580 0.436122 0.003326 
2.700517 0.605430 0.004254 2.805647 0.518053 0.005898 2.672749 0.350078 0.005217 2.564687 0.435891 0.003547 
2.698062 0.607251 0.005921 2.804409 0.521358 0.007529 2.673904 0.351531 0.005328 2.564647 0.435818 0.003673 
2.696059 0.608704 0.007400 2.803379 0.524029 0.008969 2.674842 0.352730 0.005427 2.564631 0.435765 0.003791 
2.695405 0.608939 0.008222 2.803084 0.524728 0.010089 2.675305 0.352879 0.005824 2.564743 0.435439 0.003877 
2.698441 0.607122 0.006240 2.804767 0.521205 0.007988 2.674222 0.351408 0.005773 2.564988 0.435720 0.003976 
2.716662 0.607033 0.004987 2.815588 0.512675 0.005006 2.671525 0.354171 0.004992 2.569566 0.447169 0.004972 
2.727186 0.608423 0.004830 2.821999 0.509933 0.005135 2.671309 0.357715 0.005115 2.573409 0.454974 0.004807 
2.727983 0.609972 0.004789 2.821640 0.510382 0.004972 2.669183 0.359934 0.005100 2.572424 0.458330 0.004917 
2.727368 0.610500 0.004966 2.821461 0.511323 0.004676 2.669667 0.360207 0.004228 2.572477 0.458177 0.004514 
2.724638 0.611181 0.005086 2.819922 0.513148 0.004699 2.669964 0.360209 0.004285 2.571598 0.456997 0.004670 
2.368469 0.447318 0.018037 2.502609 0.473703 0.018134 2.539582 0.265354 0.067299 2.403632 0.241668 0.066505 2.728940 0.610208 0.007373 2.822133 0.510186 0.006756 2.668984 0.360462 0.004424 2.572683 0.459304 0.005014 
2.373545 0.447686 0.033068 2.508480 0.469492 0.035681 2.538974 0.254795 0.048694 2.402313 0.235822 0.045872 2.730497 0.609383 0.006946 2.822972 0.508696 0.006400 2.668752 0.360068 0.004482 2.573161 0.459598 0.005006 
2.381235 0.443775 0.035793 2.516114 0.465507 0.040820 2.546736 0.250445 0.042912 2.410131 0.231551 0.037807 2.730098 0.609536 0.005515 2.822863 0.509115 0.005166 2.669070 0.360034 0.004611 2.573193 0.459289 0.004955 
2.390281 0.452295 0.030990 2.525124 0.473285 0.039151 2.554924 0.258141 0.034784 2.418366 0.239999 0.026607 2.730050 0.609528 0.005162 2.822829 0.509120 0.004804 2.669056 0.360017 0.004639 2.573166 0.459258 0.004997 
2.398516 0.470326 0.024481 2.533326 0.489883 0.036044 2.561621 0.274843 0.023771 2.425119 0.258145 0.012271 2.730049 0.609520 0.005074 2.822828 0.509112 0.004747 2.669056 0.360008 0.004669 2.573165 0.459249 0.004999 
2.402384 0.481581 0.019907 2.537213 0.499931 0.033104 2.564007 0.284879 0.017985 2.427506 0.269400 0.004876 2.730720 0.609265 0.005331 2.823140 0.508527 0.004882 2.668837 0.359974 0.004503 2.573301 0.459557 0.004951 
2.403881 0.481837 0.018975 2.538732 0.499175 0.033280 2.563964 0.283869 0.019124 2.427464 0.269415 0.004882 2.733579 0.607957 0.007028 2.824627 0.505978 0.006647 2.668332 0.359535 0.004597 2.574153 0.460402 0.004952 
2.405408 0.481870 0.018593 2.540260 0.498078 0.034150 2.563799 0.282554 0.020405 2.427321 0.269243 0.004894 2.736223 0.606769 0.010137 2.825981 0.503652 0.009693 2.667888 0.359228 0.004603 2.574985 0.461272 0.004979 
2.406668 0.481874 0.019145 2.541459 0.497093 0.036160 2.563653 0.281460 0.021885 2.427256 0.269151 0.004909 2.738377 0.605588 0.014195 2.827038 0.501526 0.013714 2.667512 0.358881 0.004679 2.575697 0.461904 0.005035 
2.408197 0.481876 0.020636 2.542886 0.495822 0.039456 2.563465 0.280134 0.023685 2.427194 0.269110 0.004908 2.740912 0.604000 0.019560 2.828217 0.498799 0.018992 2.667057 0.358432 0.004769 2.576586 0.462639 0.005139 
2.410551 0.481829 0.022288 2.545155 0.493785 0.042989 2.563039 0.277981 0.025603 2.426891 0.268967 0.004950 2.744400 0.603019 0.026538 2.829992 0.496424 0.025387 2.666916 0.359093 0.004789 2.578149 0.464751 0.005655 
2.413526 0.481905 0.023761 2.548007 0.491541 0.046385 2.562721 0.275639 0.027325 2.426743 0.268969 0.004753 2.750730 0.606207 0.035727 2.834783 0.498413 0.033413 2.670286 0.364220 0.004937 2.583052 0.471134 0.006864 
2.415715 0.481856 0.025277 2.550086 0.489795 0.049176 2.562535 0.273889 0.028605 2.426699 0.268933 0.004769 2.765906 0.616550 0.049511 2.848835 0.507916 0.046140 2.684222 0.377030 0.005530 2.598122 0.484839 0.008350 
2.416619 0.481769 0.026375 2.550901 0.488923 0.051013 2.562406 0.273071 0.029350 2.426674 0.268907 0.004783 2.786225 0.629861 0.065598 2.868372 0.520657 0.061607 2.704819 0.393131 0.008077 2.619523 0.501565 0.011337 
2.418175 0.481853 0.026260 2.552421 0.487978 0.051366 2.562330 0.272034 0.029839 2.426657 0.268909 0.004797 2.803075 0.639606 0.078249 2.884173 0.529646 0.073604 2.721214 0.405711 0.010658 2.636985 0.514960 0.014444 
2.420866 0.482101 0.024963 2.555123 0.486647 0.050344 2.562292 0.270466 0.030144 2.426646 0.268939 0.004806 2.813099 0.643729 0.085073 2.892606 0.532662 0.079358 2.728840 0.412594 0.011226 2.646207 0.523015 0.016017 
2.424469 0.482373 0.023169 2.558665 0.484794 0.049157 2.562155 0.268359 0.030791 2.426623 0.268981 0.004815 2.818164 0.644018 0.087708 2.895728 0.531666 0.080600 2.730250 0.415642 0.009656 2.649553 0.527419 0.015813 
2.416787 0.477738 0.023778 2.553419 0.477680 0.028433 2.549956 0.261025 0.012864 2.412064 0.264153 0.008386 2.824235 0.645607 0.087307 2.898824 0.531327 0.079164 2.730596 0.420552 0.006323 2.652864 0.534351 0.013499 
2.420172 0.467045 0.020784 2.556832 0.464640 0.023606 2.549458 0.248131 0.007384 2.411593 0.253626 0.004764 2.830087 0.644690 0.082877 2.902100 0.528680 0.076106 2.730974 0.420460 0.006234 2.655803 0.536042 0.012066 
2.420878 0.443219 0.025545 2.557513 0.439943 0.028725 2.548785 0.223437 0.013147 2.410964 0.229811 0.010158 2.836754 0.643565 0.077132 2.905853 0.525724 0.071769 2.731298 0.420378 0.006114 2.659019 0.537850 0.010586 
2.429444 0.419691 0.030172 2.565300 0.404954 0.034152 2.538411 0.189768 0.021273 2.401634 0.207696 0.017438 2.840510 0.643619 0.071292 2.907981 0.524764 0.067979 2.731505 0.420382 0.006026 2.660842 0.538892 0.008481 
2.437386 0.400101 0.025854 2.572759 0.382272 0.032658 2.540972 0.167540 0.024070 2.404753 0.188582 0.017322 2.843042 0.643347 0.068073 2.909533 0.523921 0.065579 2.731803 0.420315 0.005950 2.662112 0.539413 0.007612 
2.447960 0.397432 0.015441 2.583032 0.378816 0.025393 2.550350 0.164339 0.014207 2.414447 0.186172 0.004318 2.844469 0.642975 0.066955 2.910234 0.523136 0.065131 2.731908 0.420295 0.005962 2.662940 0.539821 0.006953 
2.451693 0.395400 0.012082 2.586409 0.374608 0.022527 2.550018 0.160576 0.014805 2.414526 0.184599 0.004369 2.849263 0.640262 0.067936 2.912374 0.519008 0.065840 2.731984 0.420345 0.005819 2.665667 0.541360 0.007073 
2.452346 0.396647 0.008165 2.587232 0.374812 0.012493 2.548791 0.161029 0.008884 2.413156 0.186102 0.004565 2.854291 0.636791 0.070321 2.914478 0.514070 0.067652 2.732106 0.420230 0.005910 2.668713 0.542795 0.007718 
2.456170 0.395417 0.004972 2.590725 0.371448 0.008161 2.548804 0.158290 0.007745 2.413553 0.185509 0.004531 2.858503 0.633135 0.074571 2.916060 0.509195 0.070581 2.732239 0.420224 0.005993 2.671480 0.544091 0.009094 
2.459770 0.394654 0.004970 2.593867 0.368361 0.009047 2.548258 0.155962 0.008671 2.413522 0.185516 0.004560 2.867104 0.640416 0.091462 2.922319 0.515676 0.082458 2.738992 0.434303 0.007311 2.680605 0.559086 0.015322 
2.464327 0.393595 0.004972 2.597676 0.364338 0.012181 2.547330 0.153011 0.011863 2.413417 0.185543 0.004589 2.880183 0.657931 0.124155 2.935467 0.533689 0.110107 2.756624 0.458723 0.019150 2.698232 0.583096 0.032028 
2.468389 0.392582 0.004986 2.600880 0.360716 0.015963 2.546306 0.150442 0.015698 2.413318 0.185592 0.004619 2.892882 0.671701 0.161237 2.948785 0.548199 0.143568 2.776091 0.479562 0.037063 2.717163 0.603278 0.053372 
2.472174 0.391533 0.005161 2.603663 0.357246 0.020153 2.545102 0.148047 0.019777 2.413182 0.185627 0.004646 2.900501 0.675228 0.191380 2.956595 0.552101 0.171806 2.789713 0.489210 0.053177 2.730675 0.612630 0.071237 
2.476343 0.390249 0.006624 2.606533 0.353225 0.025847 2.543578 0.145314 0.024052 2.413032 0.185638 0.004670 2.901890 0.672117 0.213851 2.957570 0.549089 0.192550 2.794691 0.491575 0.065899 2.736129 0.614972 0.085587 
2.480909 0.388668 0.009405 2.609442 0.348518 0.033005 2.541673 0.142168 0.028454 2.412868 0.185627 0.004692 2.900045 0.666809 0.235586 2.955493 0.543978 0.212606 2.796541 0.491490 0.078975 2.738270 0.614761 0.100258 
2.485001 0.387039 0.013152 2.611651 0.343898 0.041230 2.539535 0.139144 0.032941 2.412693 0.185600 0.004712 2.897537 0.660950 0.262044 2.953082 0.538494 0.237364 2.799429 0.491597 0.095698 2.741136 0.614570 0.118582 
2.488463 0.385380 0.018042 2.612979 0.339393 0.050763 2.537137 0.136248 0.037578 2.412502 0.185554 0.004731 2.893967 0.654035 0.294132 2.949885 0.532071 0.267902 2.803247 0.491488 0.117143 2.744679 0.614054 0.141462 
2.491294 0.383627 0.024189 2.613345 0.334829 0.061769 2.534393 0.133371 0.042415 2.412290 0.185490 0.004749 2.886923 0.645817 0.330002 2.943567 0.524501 0.302362 2.805287 0.490587 0.142343 2.746106 0.612594 0.167951 
2.493273 0.381774 0.031621 2.612464 0.330220 0.074347 2.531236 0.130530 0.047524 2.412054 0.185406 0.004768 2.875167 0.635814 0.368384 2.932918 0.515245 0.339786 2.804374 0.487949 0.170644 2.744214 0.609298 0.197088 
2.494283 0.379742 0.040317 2.610088 0.325505 0.088662 2.527724 0.127673 0.052990 2.411976 0.185233 0.004687 2.857913 0.623658 0.408790 2.917064 0.503872 0.379763 2.799690 0.483157 0.201797 2.738278 0.603809 0.228548 
2.493712 0.377597 0.050492 2.605641 0.320753 0.104628 2.523650 0.124902 0.058656 2.411811 0.185065 0.004652 2.834305 0.609160 0.450848 2.895054 0.490204 0.421714 2.790182 0.476338 0.235469 2.727335 0.596251 0.262209 
2.491262 0.375231 0.062243 2.598679 0.315772 0.122377 2.518822 0.122146 0.064709 2.411507 0.184918 0.004816 2.803439 0.592096 0.493926 2.865975 0.474029 0.464957 2.774892 0.467356 0.271212 2.710440 0.586475 0.297678 
2.486615 0.372445 0.075578 2.588751 0.310297 0.141878 2.513220 0.119285 0.071147 2.411175 0.184735 0.005213 2.764758 0.571861 0.537210 2.829181 0.454671 0.508820 2.753276 0.455454 0.308531 2.687136 0.573795 0.334319 
2.479092 0.369127 0.090049 2.575155 0.304312 0.162580 2.506940 0.116367 0.077627 2.410923 0.184466 0.005604 2.717969 0.547814 0.579140 2.784229 0.431393 0.551835 2.724973 0.439852 0.346177 2.657218 0.557526 0.370793 
2.467119 0.370672 0.106292 2.558764 0.306221 0.184632 2.504614 0.119550 0.087599 2.412858 0.187263 0.009883 2.676264 0.526768 0.612666 2.742986 0.409948 0.588351 2.697082 0.421183 0.379439 2.629051 0.539299 0.400988 
2.462615 0.387514 0.130938 2.551416 0.324603 0.213682 2.520205 0.141289 0.101362 2.430995 0.207400 0.019417 2.643276 0.514686 0.635162 2.710470 0.397583 0.613677 2.672682 0.408514 0.403129 2.604292 0.526912 0.421798 
2.446953 0.396817 0.152563 2.534694 0.333686 0.236263 2.514038 0.153960 0.115990 2.425749 0.220243 0.033192 2.621646 0.502653 0.651232 2.688255 0.385482 0.628337 2.651787 0.399883 0.417765 2.584007 0.518399 0.437856 1.399619 0.593791 0.042769 1.450913 0.609299 0.004239 1.455892 0.620951 0.015558 1.404598 0.605443 0.054087 
2.425238 0.403107 0.165530 2.514369 0.336771 0.245186 2.491280 0.161754 0.118578 2.401622 0.231205 0.039953 2.604219 0.494727 0.673013 2.671875 0.379543 0.643940 2.633626 0.403800 0.434593 2.564763 0.520452 0.460939 1.420706 0.530252 0.042270 1.480950 0.552453 0.026981 1.478117 0.566463 0.036165 1.417873 0.544262 0.051454 
2.402963 0.417019 0.176951 2.495251 0.347374 0.249906 2.469146 0.179113 0.114996 2.376344 0.251809 0.043253 2.591908 0.487516 0.693930 2.661430 0.375972 0.656321 2.619111 0.412967 0.449637 2.548305 0.526127 0.484642 1.418679 0.496584 0.056141 1.478890 0.523446 0.059167 1.472362 0.537234 0.066648 1.412152 0.510372 0.063622 
2.386723 0.436261 0.192011 2.481784 0.364323 0.258930 2.455982 0.203704 0.114953 2.360376 0.278607 0.049432 2.586214 0.477511 0.708408 2.656450 0.368863 0.664223 2.610420 0.415550 0.460312 2.538840 0.525925 0.501997 1.390470 0.472337 0.039629 1.445682 0.503571 0.057850 1.436431 0.516719 0.063346 1.381218 0.485485 0.045124 
2.380953 0.449294 0.207911 2.476558 0.375887 0.272416 2.454003 0.221206 0.121556 2.357802 0.297508 0.058569 2.584000 0.464690 0.718699 2.653662 0.357304 0.670686 2.606901 0.410758 0.468612 2.535890 0.519956 0.514188 1.363129 0.453364 0.004547 1.407201 0.487402 0.039974 1.395615 0.499515 0.042749 1.351543 0.465477 0.007323 
2.381599 0.452405 0.217637 2.476023 0.377216 0.281829 2.456051 0.226633 0.126525 2.361006 0.304676 0.063918 2.579459 0.452656 0.726418 2.648731 0.345692 0.676921 2.604286 0.403515 0.475529 2.533702 0.512349 0.522612 1.345987 0.453615 0.004873 1.374166 0.482867 0.056894 1.361287 0.493921 0.057655 1.333107 0.464669 0.005634 
2.383247 0.444126 0.213796 2.475628 0.368626 0.280544 2.456661 0.216446 0.126676 2.363663 0.294826 0.061468 2.574178 0.445326 0.726428 2.642306 0.336569 0.679309 2.602468 0.392979 0.476556 2.533106 0.503605 0.521220 1.334337 0.453586 0.004897 1.359657 0.482033 0.058801 1.346802 0.493141 0.058978 1.321482 0.464694 0.005073 
2.383335 0.429520 0.202149 2.474042 0.353617 0.270710 2.451898 0.198374 0.120367 2.360635 0.277205 0.053278 2.568991 0.443931 0.720823 2.636695 0.334339 0.675046 2.598435 0.389263 0.471582 2.529523 0.500709 0.514881 1.327276 0.453951 0.004924 1.357450 0.484508 0.055042 1.345142 0.496217 0.055313 1.314968 0.465660 0.005195 
2.379001 0.421285 0.187958 2.469897 0.344604 0.255394 2.442953 0.188697 0.106529 2.351567 0.268322 0.040556 2.566489 0.444699 0.710496 2.634619 0.335911 0.663449 2.594252 0.391849 0.460671 2.524879 0.502498 0.505261 1.318111 0.454664 0.005007 1.354323 0.487743 0.049171 1.342525 0.499957 0.049696 1.306314 0.466878 0.005531 
2.372272 0.424137 0.173264 2.464871 0.347038 0.237848 2.434975 0.192565 0.088056 2.341913 0.272591 0.024974 2.569881 0.444002 0.693309 2.637705 0.336116 0.643809 2.593141 0.393958 0.442448 2.524017 0.503724 0.489536 1.311786 0.459807 0.009719 1.352391 0.493856 0.049061 1.341028 0.506460 0.049882 1.300422 0.472411 0.010539 
2.365305 0.432636 0.157976 2.460157 0.355827 0.219566 2.428906 0.202963 0.068405 2.333588 0.282674 0.008366 2.577053 0.442745 0.669540 2.643851 0.335552 0.617219 2.594069 0.395362 0.417663 2.525907 0.504457 0.467626 1.308518 0.468824 0.018708 1.352943 0.502801 0.053750 1.342050 0.515782 0.054974 1.297625 0.481805 0.019932 
2.367067 0.432622 0.159048 2.461418 0.355017 0.220409 2.429909 0.203237 0.068213 2.335101 0.283736 0.008420 2.580712 0.443748 0.648211 2.646423 0.336957 0.593735 2.590479 0.396879 0.395853 2.523325 0.505569 0.448014 1.310825 0.480080 0.026585 1.357711 0.513278 0.059075 1.347230 0.526559 0.060631 1.300344 0.493361 0.028141 
2.367558 0.431374 0.160457 2.461640 0.352989 0.221236 2.429957 0.202663 0.067639 2.335423 0.283930 0.008453 2.577711 0.443013 0.648528 2.643892 0.336635 0.593813 2.587597 0.396698 0.396073 2.519964 0.504973 0.448478 1.319275 0.487380 0.020889 1.366602 0.519951 0.053374 1.356348 0.533421 0.054808 1.309021 0.500850 0.022323 
2.366776 0.430191 0.162324 2.460636 0.351284 0.222771 2.430027 0.202590 0.067379 2.335701 0.284360 0.008554 2.574156 0.436021 0.662412 2.640661 0.330068 0.607267 2.587973 0.393272 0.409512 2.520064 0.501163 0.462351 1.330639 0.491596 0.005028 1.377125 0.523808 0.039048 1.367014 0.537431 0.039965 1.320528 0.505219 0.005944 
2.365579 0.428685 0.164072 2.459078 0.349234 0.224365 2.429613 0.202075 0.067299 2.335636 0.284372 0.008654 2.572827 0.425463 0.674589 2.638802 0.319406 0.619009 2.589874 0.385902 0.421368 2.522555 0.493945 0.474647 1.331314 0.495088 0.004961 1.376962 0.526840 0.040514 1.366777 0.540405 0.041475 1.321129 0.508653 0.005922 
2.364299 0.426091 0.166701 2.457304 0.345409 0.226117 2.428170 0.200913 0.066537 2.334686 0.284415 0.008812 2.575357 0.413599 0.675691 2.639941 0.307425 0.618718 2.590592 0.376326 0.422008 2.524670 0.484522 0.476708 1.331196 0.496518 0.004964 1.375923 0.527806 0.042067 1.365686 0.541333 0.043000 1.320960 0.510046 0.005896 
2.364677 0.423549 0.169110 2.457553 0.341723 0.227148 2.428031 0.199900 0.065258 2.334683 0.284520 0.008957 2.582278 0.401094 0.669240 2.644571 0.294434 0.610647 2.593183 0.365222 0.415132 2.529547 0.473936 0.471485 1.330939 0.497665 0.004974 1.373329 0.528297 0.045231 1.362890 0.541677 0.046042 1.320499 0.511045 0.005785 
2.365332 0.419544 0.172404 2.458052 0.336132 0.228396 2.427840 0.198146 0.063349 2.334659 0.284312 0.009158 2.589850 0.386642 0.658513 2.649671 0.279731 0.597840 2.594406 0.352218 0.404012 2.533209 0.461210 0.462490 1.330685 0.497967 0.004982 1.370682 0.527877 0.048129 1.360073 0.541133 0.048773 1.320077 0.511222 0.005626 
2.365231 0.412797 0.177248 2.457565 0.326492 0.229361 2.424589 0.194923 0.059667 2.331837 0.283918 0.009459 2.599434 0.364345 0.646035 2.655947 0.257870 0.581544 2.595179 0.334434 0.390959 2.537243 0.443045 0.453337 1.330528 0.498141 0.004985 1.369014 0.527497 0.049853 1.358324 0.540692 0.050388 1.319839 0.511336 0.005521 
2.362256 0.405705 0.181230 2.454847 0.317318 0.229236 2.419050 0.191604 0.055718 2.326079 0.282619 0.009710 2.610441 0.336968 0.633763 2.662645 0.230844 0.565189 2.597210 0.312719 0.378394 2.543558 0.421051 0.444950 1.332110 0.498034 0.004953 1.369472 0.526774 0.051148 1.358807 0.539994 0.051550 1.321445 0.511254 0.005354 
2.359911 0.399366 0.184914 2.452755 0.309096 0.228746 2.414110 0.189284 0.051701 2.320923 0.282115 0.009956 2.619055 0.310942 0.622936 2.667522 0.205484 0.550690 2.598294 0.292426 0.367588 2.548361 0.400158 0.437905 1.336274 0.497578 0.004959 1.372413 0.525497 0.052609 1.361862 0.538812 0.052810 1.325723 0.510893 0.005160 
2.359547 0.392846 0.188895 2.452326 0.300917 0.229278 2.412725 0.187292 0.048406 2.319618 0.281712 0.010198 2.626450 0.286935 0.612743 2.671637 0.181882 0.537831 2.599993 0.272852 0.357638 2.553337 0.380234 0.430690 1.341661 0.495678 0.005133 1.375464 0.522480 0.055083 1.365041 0.535897 0.054937 1.331239 0.509095 0.004987 
2.359536 0.386461 0.192801 2.452069 0.293069 0.230289 2.412450 0.185459 0.045778 2.319592 0.281271 0.010545 2.632883 0.262723 0.599900 2.674474 0.157550 0.523098 2.600756 0.251531 0.345303 2.557701 0.359077 0.420296 1.341824 0.491586 0.006497 1.372425 0.517364 0.058986 1.361978 0.530754 0.058501 1.331377 0.504976 0.006012 
2.358245 0.379985 0.196713 2.450534 0.285414 0.231771 2.411978 0.183711 0.043719 2.319351 0.280629 0.010989 2.637071 0.240957 0.584723 2.675219 0.135840 0.506077 2.598526 0.232355 0.330918 2.558904 0.339880 0.407811 1.336438 0.486392 0.012809 1.364512 0.511106 0.067187 1.353952 0.524403 0.066596 1.325878 0.499688 0.012217 
2.356322 0.371736 0.199129 2.448016 0.276025 0.232619 2.409690 0.178321 0.042412 2.317660 0.276333 0.011296 2.639483 0.223489 0.571192 2.674863 0.118719 0.490810 2.594753 0.217269 0.318334 2.557878 0.324474 0.397019 1.325257 0.479708 0.026897 1.351496 0.503077 0.082767 1.340694 0.516185 0.082357 1.314455 0.492816 0.026487 
2.353285 0.362286 0.199964 2.445049 0.265930 0.231342 2.404309 0.170508 0.040479 2.312242 0.269140 0.011504 2.640317 0.211682 0.566675 2.674768 0.108380 0.484021 2.591894 0.209613 0.314430 2.555917 0.315375 0.395449 1.310504 0.471892 0.048486 1.335957 0.493766 0.105316 1.324802 0.506581 0.105380 1.299349 0.484707 0.048550 
2.350623 0.359572 0.205581 2.443447 0.262803 0.232214 2.402364 0.175352 0.037642 2.309232 0.274288 0.013511 2.642718 0.199187 0.568101 2.677345 0.100092 0.480517 2.592475 0.208404 0.316373 2.556292 0.310019 0.402450 1.301942 0.466087 0.071226 1.325621 0.485802 0.129593 1.314176 0.498352 0.129997 1.290497 0.478638 0.071630 
2.346134 0.362024 0.209325 2.440683 0.265541 0.230332 2.398136 0.186315 0.032577 2.303284 0.284846 0.014171 2.649475 0.183873 0.556976 2.682403 0.087501 0.465773 2.594593 0.200805 0.306620 2.560084 0.299742 0.396423 1.301615 0.459835 0.089973 1.324558 0.477501 0.149282 1.313132 0.490057 0.149962 1.290189 0.472390 0.090654 
2.344093 0.360114 0.209372 2.439870 0.264538 0.228915 2.398572 0.188023 0.029833 2.302463 0.285599 0.012923 2.656124 0.171827 0.532208 2.685763 0.074783 0.440590 2.593937 0.187783 0.283502 2.562691 0.287394 0.373753 1.299571 0.449904 0.107039 1.321220 0.465457 0.167416 1.309815 0.478022 0.168269 1.288166 0.462469 0.107892 
2.343223 0.354844 0.211703 2.439546 0.259369 0.228912 2.399027 0.187829 0.027830 2.302355 0.285232 0.013305 2.658125 0.165145 0.511324 2.686007 0.069699 0.417502 2.587711 0.183520 0.264989 2.558145 0.281530 0.357530 1.287978 0.436240 0.131570 1.308491 0.449328 0.192921 1.296819 0.461607 0.194204 1.276306 0.448520 0.132853 
2.344767 0.350856 0.215191 2.441372 0.254878 0.227259 2.399644 0.192786 0.023306 2.302705 0.290563 0.014012 2.664112 0.155925 0.494496 2.689890 0.064882 0.395822 2.586177 0.184308 0.251397 2.558658 0.277952 0.348954 1.274936 0.422937 0.151854 1.294350 0.434126 0.213934 1.282235 0.445921 0.215597 1.262822 0.434732 0.153517 1.536447 -0.896152 0.013361 1.588234 -0.936098 0.004503 1.598699 -0.922453 0.004153 1.546913 -0.882507 0.013011 
2.346472 0.350440 0.217513 2.443868 0.254786 0.224872 2.400453 0.200321 0.019099 2.302739 0.297663 0.014585 2.672710 0.145648 0.472605 2.695566 0.056979 0.371091 2.587171 0.179443 0.232777 2.562535 0.270735 0.333290 1.272470 0.413679 0.161018 1.291300 0.424048 0.223419 1.278974 0.435602 0.225219 1.260145 0.425233 0.162817 1.536405 -0.902873 0.014370 1.587866 -0.943029 0.004606 1.598399 -0.929437 0.004224 1.546939 -0.889281 0.013988 
2.348856 0.348885 0.218834 2.446832 0.253607 0.222389 2.401109 0.204474 0.015776 2.302842 0.301361 0.015114 2.681516 0.135038 0.452504 2.701436 0.047653 0.349272 2.589493 0.172027 0.215565 2.567770 0.262049 0.317880 1.281082 0.409694 0.165420 1.300525 0.419822 0.227672 1.288344 0.431513 0.229575 1.268901 0.421385 0.167322 1.536638 -0.907582 0.015250 1.587761 -0.947955 0.004645 1.598374 -0.934424 0.004295 1.547251 -0.894051 0.014900 
2.350800 0.345743 0.221167 2.449240 0.250882 0.221993 2.401825 0.205495 0.014904 2.303113 0.301909 0.017005 2.688387 0.124978 0.441232 2.706382 0.038963 0.336506 2.592346 0.165279 0.206437 2.572538 0.253945 0.310312 1.297024 0.409621 0.167873 1.317628 0.419542 0.229785 1.305836 0.431610 0.231776 1.285232 0.421690 0.169864 1.536389 -0.913181 0.015871 1.587266 -0.953725 0.004751 1.597930 -0.940236 0.004354 1.547053 -0.899691 0.015474 
2.351954 0.342354 0.223291 2.450766 0.247882 0.222277 2.402630 0.205403 0.014738 2.303552 0.301382 0.018703 2.692802 0.116208 0.439406 2.710376 0.031222 0.333772 2.596138 0.158986 0.205306 2.576751 0.246635 0.310120 1.315106 0.410625 0.167776 1.336847 0.420355 0.229328 1.325549 0.432885 0.231338 1.303808 0.423154 0.169786 1.535857 -0.918885 0.016389 1.586565 -0.959535 0.004886 1.597253 -0.946067 0.004410 1.546545 -0.905418 0.015912 
2.352520 0.339892 0.224801 2.451641 0.245766 0.222523 2.403118 0.205363 0.014660 2.303735 0.300964 0.019905 2.695948 0.108604 0.441603 2.713617 0.024338 0.335411 2.600321 0.153456 0.207465 2.580851 0.240398 0.312851 1.328244 0.411606 0.166561 1.350586 0.421263 0.227909 1.339617 0.434086 0.229885 1.317275 0.424429 0.168538 1.534454 -0.923840 0.016920 1.584995 -0.964605 0.005100 1.595695 -0.951154 0.004462 1.545154 -0.910388 0.016282 
2.352849 0.338400 0.225734 2.452080 0.244412 0.222693 2.403286 0.205298 0.014647 2.303796 0.300741 0.020665 2.697988 0.103103 0.443312 2.715599 0.019246 0.336786 2.603242 0.149445 0.209106 2.583845 0.235988 0.314833 1.334297 0.411952 0.166527 1.356851 0.421488 0.227816 1.346029 0.434437 0.229784 1.323475 0.424901 0.168494 1.533603 -0.926288 0.017279 1.584077 -0.967080 0.005264 1.594778 -0.953632 0.004559 1.544303 -0.912840 0.016573 
2.352961 0.338046 0.225961 2.452168 0.244038 0.222760 2.403350 0.205274 0.014655 2.303883 0.300731 0.020834 2.698500 0.101298 0.443408 2.715974 0.017420 0.336876 2.603949 0.147879 0.209171 2.584695 0.234447 0.314904 1.333792 0.411715 0.167261 1.356407 0.421216 0.228533 1.345572 0.434151 0.230526 1.322957 0.424649 0.169254 1.532879 -0.927705 0.017310 1.583374 -0.968505 0.005412 1.594059 -0.955050 0.004622 1.543564 -0.914250 0.016520 
2.352318 0.338811 0.225398 2.451560 0.244821 0.222788 2.403312 0.205327 0.014687 2.303802 0.300777 0.020271 2.697342 0.103324 0.444102 2.715019 0.019131 0.337853 2.603063 0.149109 0.209599 2.583605 0.235989 0.315038 1.329580 0.410617 0.166606 1.352087 0.420288 0.227891 1.341151 0.433137 0.229880 1.318644 0.423466 0.168595 1.532767 -0.928240 0.016915 1.583266 -0.969194 0.005576 1.593973 -0.955759 0.004738 1.543474 -0.914805 0.016078 
2.350827 0.340616 0.224061 2.450194 0.246730 0.222814 2.403227 0.205462 0.014764 2.303573 0.300832 0.018971 2.694752 0.108323 0.445819 2.713013 0.023349 0.340293 2.601198 0.152049 0.210633 2.581154 0.239699 0.315322 1.323667 0.409062 0.164067 1.345858 0.419058 0.225415 1.334786 0.431800 0.227344 1.312595 0.421804 0.165996 1.532496 -0.928344 0.016324 1.582958 -0.969538 0.005711 1.593705 -0.956140 0.004809 1.543243 -0.914946 0.015422 
2.348730 0.343222 0.222198 2.448250 0.249494 0.222913 2.403108 0.205663 0.014983 2.303274 0.300910 0.017207 2.690928 0.115699 0.448532 2.710106 0.029565 0.344114 2.598575 0.156326 0.212317 2.577608 0.245119 0.315856 1.317296 0.407347 0.159593 1.339010 0.417795 0.221036 1.327802 0.430435 0.222848 1.306087 0.419986 0.161404 1.532384 -0.928136 0.015628 1.582779 -0.969612 0.005825 1.593577 -0.956259 0.004843 1.543182 -0.914783 0.014645 
2.346586 0.346086 0.220475 2.446174 0.252470 0.223327 2.402988 0.205893 0.015579 2.303057 0.301066 0.015643 2.686198 0.124709 0.452041 2.706526 0.037382 0.348840 2.595277 0.161926 0.214712 2.573152 0.251892 0.316990 1.311096 0.405742 0.153800 1.332248 0.416721 0.215348 1.320913 0.429268 0.217005 1.299761 0.418290 0.155458 1.532365 -0.927774 0.014859 1.582691 -0.969530 0.005930 1.593540 -0.956226 0.004860 1.543214 -0.914470 0.013789 
2.344948 0.348426 0.219799 2.444366 0.254701 0.224453 2.402719 0.205906 0.016900 2.302939 0.301220 0.015142 2.680916 0.134295 0.456144 2.702539 0.045950 0.354078 2.591460 0.168262 0.217773 2.568030 0.259224 0.318873 1.305630 0.404498 0.147523 1.326202 0.416010 0.209169 1.314759 0.428479 0.210659 1.294187 0.416967 0.149013 1.532340 -0.927505 0.013986 1.582581 -0.969566 0.006058 1.593488 -0.956317 0.004896 1.543248 -0.914257 0.012824 
2.343210 0.350528 0.219506 2.442578 0.256850 0.225845 2.402573 0.206069 0.018445 2.302820 0.301365 0.014983 2.675846 0.142666 0.460496 2.698735 0.053596 0.359340 2.587812 0.174022 0.221241 2.563107 0.265688 0.321396 1.301642 0.403867 0.141578 1.321678 0.415839 0.203313 1.310159 0.428257 0.204644 1.290123 0.416285 0.142909 1.532315 -0.927108 0.013031 1.582465 -0.969452 0.006108 1.593437 -0.956260 0.004906 1.543286 -0.913917 0.011828 
2.341469 0.352478 0.219224 2.440873 0.258959 0.227142 2.402506 0.206329 0.019894 2.302693 0.301491 0.014836 2.671973 0.148404 0.464190 2.695777 0.058535 0.363955 2.585355 0.177410 0.224122 2.559733 0.269861 0.323321 1.298899 0.403575 0.136188 1.318471 0.415942 0.197994 1.306905 0.428330 0.199178 1.287332 0.415963 0.137372 1.532311 -0.926737 0.012165 1.582354 -0.969345 0.006145 1.593390 -0.956210 0.004914 1.543347 -0.913602 0.010934 
2.340089 0.353931 0.219007 2.439512 0.260541 0.228137 2.402443 0.206534 0.021007 2.302593 0.301584 0.014724 2.669349 0.151792 0.466824 2.693702 0.061204 0.367373 2.583885 0.178967 0.226129 2.557718 0.272129 0.324517 1.296999 0.403480 0.131828 1.316201 0.416154 0.193688 1.304604 0.428524 0.194753 1.285402 0.415850 0.132894 1.532314 -0.926434 0.011431 1.582258 -0.969258 0.006167 1.593349 -0.956170 0.004922 1.543405 -0.913346 0.010186 
2.339242 0.354707 0.218899 2.438646 0.261369 0.228736 2.402377 0.206627 0.021658 2.302534 0.301635 0.014659 2.667740 0.153562 0.468201 2.692356 0.062534 0.369217 2.582906 0.179663 0.227164 2.556477 0.273259 0.325068 1.296109 0.403650 0.128761 1.315056 0.416523 0.190659 1.303446 0.428889 0.191640 1.284499 0.416016 0.129743 1.532316 -0.926209 0.010847 1.582179 -0.969195 0.006166 1.593314 -0.956144 0.004929 1.543450 -0.913158 0.009611 
2.338879 0.354907 0.218890 2.438257 0.261569 0.228981 2.402332 0.206638 0.021893 2.302510 0.301649 0.014638 2.667082 0.153997 0.468566 2.691753 0.062791 0.369759 2.582441 0.179701 0.227419 2.555960 0.273474 0.325140 1.296037 0.403898 0.127271 1.314857 0.416849 0.189191 1.303250 0.429220 0.190131 1.284430 0.416269 0.128211 1.532320 -0.926077 0.010508 1.582128 -0.969161 0.006152 1.593291 -0.956132 0.004936 1.543483 -0.913049 0.009292 
2.338983 0.354709 0.218932 2.438343 0.261339 0.228903 2.402321 0.206597 0.021781 2.302519 0.301637 0.014649 2.667309 0.153426 0.468256 2.691895 0.062248 0.369402 2.582565 0.179259 0.227159 2.556168 0.273005 0.324929 1.296413 0.404073 0.127377 1.315242 0.417002 0.189298 1.303644 0.429381 0.190241 1.284814 0.416453 0.128319 1.532318 -0.926076 0.010499 1.582125 -0.969162 0.006149 1.593289 -0.956134 0.004941 1.543483 -0.913048 0.009292 
2.339466 0.354104 0.219040 2.438799 0.260657 0.228555 2.402324 0.206490 0.021362 2.302556 0.301600 0.014691 2.668221 0.151917 0.467186 2.692563 0.060974 0.368056 2.583031 0.178408 0.226318 2.556878 0.271922 0.324374 1.297268 0.404300 0.128604 1.316199 0.417124 0.190517 1.304617 0.429515 0.191492 1.285685 0.416691 0.129579 1.532315 -0.926135 0.010652 1.582140 -0.969182 0.006140 1.593296 -0.956145 0.004946 1.543471 -0.913097 0.009458 
2.340235 0.353133 0.219210 2.439529 0.259574 0.227995 2.402333 0.206329 0.020691 2.302614 0.301539 0.014759 2.669702 0.149456 0.465497 2.693661 0.058870 0.365948 2.583830 0.176955 0.224984 2.558060 0.270119 0.323475 1.298555 0.404568 0.130737 1.317654 0.417214 0.192635 1.306095 0.429623 0.193667 1.286996 0.416977 0.131769 1.532307 -0.926250 0.010929 1.582171 -0.969220 0.006118 1.593308 -0.956165 0.004950 1.543444 -0.913195 0.009761 
2.341254 0.351899 0.219411 2.440497 0.258202 0.227248 2.402344 0.206129 0.019820 2.302691 0.301462 0.014846 2.671681 0.146257 0.463372 2.695156 0.056115 0.363306 2.584979 0.175021 0.223306 2.559693 0.267748 0.322332 1.300258 0.404914 0.133540 1.319588 0.417333 0.195412 1.308060 0.429764 0.196518 1.288730 0.417345 0.134646 1.532297 -0.926404 0.011293 1.582211 -0.969270 0.006089 1.593324 -0.956192 0.004954 1.543411 -0.913325 0.010158 
2.342479 0.350502 0.219612 2.441659 0.256651 0.226346 2.402357 0.205905 0.018804 2.302783 0.301374 0.014946 2.674042 0.142641 0.460940 2.696961 0.053025 0.360275 2.586394 0.172883 0.221398 2.561662 0.265093 0.321046 1.302341 0.405366 0.136774 1.321961 0.417535 0.198604 1.310470 0.429993 0.199798 1.290850 0.417824 0.137968 1.532281 -0.926719 0.011713 1.582242 -0.969477 0.006095 1.593330 -0.956375 0.004984 1.543369 -0.913617 0.010603 
2.343812 0.349032 0.219800 2.442918 0.255026 0.225355 2.402365 0.205675 0.017717 2.302885 0.301281 0.015051 2.676606 0.138830 0.458287 2.698921 0.049786 0.356981 2.587936 0.170666 0.219329 2.563809 0.262314 0.319642 1.304643 0.405885 0.140188 1.324588 0.417798 0.201964 1.313140 0.430285 0.203253 1.293195 0.418372 0.141477 1.532224 -0.927008 0.012154 1.582235 -0.969647 0.006085 1.593295 -0.956520 0.004997 1.543284 -0.913881 0.011066 
2.345142 0.347590 0.219964 2.444171 0.253442 0.224350 2.402372 0.205458 0.016639 2.302986 0.301189 0.015153 2.679216 0.135002 0.455506 2.700898 0.046524 0.353568 2.589498 0.168426 0.217158 2.566004 0.259515 0.318127 1.306946 0.406380 0.143615 1.327253 0.418051 0.205319 1.315848 0.430568 0.206706 1.295541 0.418897 0.145001 1.532026 -0.927448 0.012590 1.582083 -0.969965 0.006064 1.593113 -0.956813 0.004977 1.543057 -0.914295 0.011504 
2.346215 0.346366 0.220182 2.445232 0.252164 0.223576 2.402418 0.205334 0.015808 2.303059 0.301103 0.015325 2.681699 0.131323 0.452868 2.702752 0.043381 0.350336 2.590975 0.166262 0.215118 2.568110 0.256825 0.316704 1.309071 0.406791 0.146891 1.329750 0.418244 0.208512 1.318386 0.430787 0.209994 1.297707 0.419334 0.148373 1.531870 -0.927666 0.013059 1.581969 -0.970056 0.006045 1.592970 -0.956877 0.004972 1.542871 -0.914487 0.011986 
2.346311 0.345855 0.220406 2.445559 0.251885 0.223434 2.402503 0.205387 0.015641 2.302914 0.300916 0.015528 2.683693 0.128084 0.451221 2.704231 0.040483 0.348294 2.592323 0.164128 0.213883 2.569977 0.254358 0.315879 1.310472 0.406892 0.149660 1.331513 0.418192 0.211187 1.320180 0.430752 0.212756 1.299139 0.419452 0.151229 1.531666 -0.928335 0.013486 1.581792 -0.970627 0.006089 1.592765 -0.957428 0.004979 1.542638 -0.915136 0.012376 
2.346480 0.345512 0.220598 2.445787 0.251595 0.223378 2.402533 0.205383 0.015562 2.302888 0.300855 0.015700 2.684575 0.126448 0.451031 2.704944 0.039063 0.347887 2.593099 0.163154 0.213836 2.570924 0.253172 0.316056 1.310809 0.406677 0.151334 1.332060 0.417896 0.212804 1.320736 0.430458 0.214426 1.299485 0.419239 0.152957 1.531574 -0.928711 0.013749 1.581714 -0.970939 0.006084 1.592668 -0.957727 0.004950 1.542528 -0.915499 0.012615 
2.346413 0.345555 0.220566 2.445742 0.251664 0.223384 2.402536 0.205395 0.015572 2.302867 0.300842 0.015671 2.684544 0.126525 0.451209 2.704956 0.039128 0.348083 2.593144 0.163192 0.213979 2.570927 0.253222 0.316180 1.310492 0.406410 0.151679 1.331760 0.417615 0.213146 1.320430 0.430170 0.214778 1.299161 0.418965 0.153311 1.531488 -0.928843 0.013891 1.581630 -0.971050 0.006119 1.592576 -0.957833 0.004964 1.542434 -0.915626 0.012736 
2.346023 0.346047 0.220262 2.445401 0.252219 0.223440 2.402526 0.205450 0.015671 2.302803 0.300840 0.015406 2.683939 0.127738 0.451903 2.704551 0.040118 0.349007 2.592867 0.163812 0.214456 2.570449 0.254062 0.316418 1.309579 0.406048 0.151073 1.330780 0.417316 0.212551 1.319431 0.429856 0.214166 1.298230 0.418588 0.152688 1.531462 -0.928811 0.013879 1.581588 -0.971044 0.006143 1.592537 -0.957832 0.004965 1.542412 -0.915599 0.012701 
2.345685 0.346585 0.220079 2.445042 0.252748 0.223646 2.402488 0.205474 0.015925 2.302782 0.300880 0.015266 2.682943 0.129640 0.453000 2.703849 0.041800 0.350351 2.592282 0.165051 0.215296 2.569569 0.255516 0.317003 1.308384 0.405684 0.149965 1.329482 0.417058 0.211459 1.318110 0.429580 0.213045 1.297011 0.418206 0.151551 1.531368 -0.929115 0.013743 1.581476 -0.971402 0.006189 1.592432 -0.958199 0.004957 1.542323 -0.915913 0.012510 
2.345579 0.346876 0.220006 2.444826 0.252931 0.223794 2.402382 0.205390 0.016112 2.302785 0.300908 0.015229 2.681902 0.131467 0.454092 2.703099 0.043482 0.351626 2.591612 0.166366 0.216171 2.568607 0.256972 0.317686 1.307469 0.405542 0.148671 1.328460 0.417024 0.210182 1.317069 0.429534 0.211734 1.296078 0.418052 0.150223 1.531277 -0.929411 0.013526 1.581372 -0.971758 0.006229 1.592337 -0.958567 0.004954 1.542242 -0.916221 0.012251 
2.345373 0.347208 0.219948 2.444584 0.253237 0.223986 2.402337 0.205383 0.016335 2.302774 0.300933 0.015200 2.681184 0.132623 0.454955 2.702573 0.044489 0.352658 2.591211 0.167097 0.216852 2.568013 0.257851 0.318192 1.307003 0.405624 0.147429 1.327912 0.417204 0.208948 1.316513 0.429711 0.210469 1.295604 0.418130 0.148949 1.531238 -0.929506 0.013321 1.581316 -0.971915 0.006282 1.592294 -0.958738 0.004986 1.542215 -0.916328 0.012026 
2.345173 0.347496 0.219902 2.444380 0.253530 0.224153 2.402322 0.205405 0.016526 2.302760 0.300953 0.015176 2.680766 0.133226 0.455492 2.702249 0.044958 0.353330 2.591007 0.167386 0.217263 2.567717 0.258272 0.318462 1.306861 0.405812 0.146374 1.327713 0.417473 0.207898 1.316313 0.429981 0.209392 1.295460 0.418321 0.147868 1.531226 -0.929440 0.013124 1.581294 -0.971895 0.006284 1.592283 -0.958727 0.004986 1.542215 -0.916272 0.011826 
2.345038 0.347662 0.219876 2.444241 0.253698 0.224260 2.402310 0.205416 0.016644 2.302750 0.300965 0.015160 2.680486 0.133566 0.455792 2.702018 0.045210 0.353716 2.590849 0.167527 0.217489 2.567510 0.258499 0.318599 1.306761 0.405927 0.145698 1.327571 0.417635 0.207227 1.316169 0.430144 0.208703 1.295360 0.418436 0.147173 1.531203 -0.929420 0.013003 1.581265 -0.971902 0.006289 1.592260 -0.958740 0.004989 1.542198 -0.916257 0.011703 
2.344973 0.347709 0.219872 2.444172 0.253742 0.224306 2.402303 0.205417 0.016687 2.302746 0.300968 0.015153 2.680348 0.133652 0.455865 2.701891 0.045261 0.353822 2.590747 0.167536 0.217538 2.567397 0.258543 0.318614 1.306702 0.405963 0.145418 1.327485 0.417686 0.206954 1.316083 0.430195 0.208421 1.295300 0.418473 0.146885 1.531175 -0.929462 0.012956 1.581234 -0.971956 0.006301 1.592233 -0.958796 0.004998 1.542173 -0.916302 0.011653 
2.344966 0.347708 0.219870 2.444164 0.253741 0.224307 2.402302 0.205416 0.016687 2.302746 0.300968 0.015149 2.680333 0.133648 0.455857 2.701874 0.045254 0.353816 2.590730 0.167526 0.217529 2.567381 0.258536 0.318603 1.306693 0.405964 0.145393 1.327472 0.417687 0.206930 1.316070 0.430197 0.208397 1.295291 0.418474 0.146860 1.531174 -0.929462 0.012950 1.581234 -0.971956 0.006298 1.592232 -0.958796 0.004996 1.542172 -0.916302 0.011648 
2.344967 0.347708 0.219867 2.444165 0.253741 0.224303 2.402302 0.205416 0.016684 2.302746 0.300968 0.015146 2.680335 0.133647 0.455852 2.701876 0.045254 0.353811 2.590731 0.167526 0.217525 2.567383 0.258536 0.318599 1.306694 0.405964 0.145399 1.327477 0.417688 0.206934 1.316075 0.430198 0.208401 1.295291 0.418474 0.146866 1.531174 -0.929462 0.012949 1.581234 -0.971957 0.006297 1.592232 -0.958797 0.004995 1.542172 -0.916302 0.011647 
2.344968 0.347708 0.219864 2.444166 0.253740 0.224300 2.402302 0.205416 0.016680 2.302746 0.300969 0.015144 2.680336 0.133647 0.455848 2.701877 0.045253 0.353806 2.590732 0.167526 0.217520 2.567384 0.258536 0.318595 1.306693 0.405965 0.145416 1.327496 0.417695 0.206943 1.316095 0.430206 0.208413 1.295291 0.418476 0.146886 1.531174 -0.929462 0.012948 1.581234 -0.971957 0.006295 1.592232 -0.958797 0.004993 1.542172 -0.916302 0.011646 
2.344969 0.347707 0.219862 2.444167 0.253740 0.224297 2.402302 0.205416 0.016677 2.302746 0.300969 0.015141 2.680338 0.133646 0.455843 2.701879 0.045253 0.353802 2.590733 0.167525 0.217517 2.567385 0.258535 0.318591 1.306691 0.405967 0.145437 1.327520 0.417704 0.206955 1.316120 0.430216 0.208427 1.295291 0.418478 0.146910 1.531172 -0.929508 0.012951 1.581231 -0.972003 0.006306 1.592229 -0.958844 0.005000 1.542170 -0.916348 0.011646 
2.344969 0.347707 0.219859 2.444168 0.253740 0.224294 2.402302 0.205416 0.016675 2.302746 0.300969 0.015139 2.680340 0.133645 0.455840 2.701880 0.045251 0.353799 2.590734 0.167524 0.217513 2.567387 0.258534 0.318588 1.306690 0.405969 0.145457 1.327543 0.417714 0.206965 1.316145 0.430226 0.208440 1.295291 0.418480 0.146933 1.531117 -0.929611 0.012917 1.581177 -0.972107 0.006279 1.592174 -0.958947 0.004963 1.542114 -0.916451 0.011601 
2.344969 0.347708 0.219857 2.444168 0.253740 0.224292 2.402302 0.205416 0.016673 2.302746 0.300969 0.015137 2.680340 0.133646 0.455838 2.701880 0.045252 0.353797 2.590734 0.167524 0.217511 2.567387 0.258535 0.318586 1.306688 0.405970 0.145474 1.327565 0.417723 0.206973 1.316167 0.430236 0.208451 1.295290 0.418483 0.146952 1.531115 -0.929648 0.012922 1.581175 -0.972145 0.006290 1.592172 -0.958986 0.004972 1.542112 -0.916489 0.011603 
2.344970 0.347707 0.219855 2.444169 0.253740 0.224289 2.402301 0.205416 0.016670 2.302746 0.300969 0.015135 2.680342 0.133644 0.455835 2.701881 0.045251 0.353793 2.590735 0.167523 0.217508 2.567388 0.258533 0.318583 1.306682 0.405970 0.145495 1.327581 0.417729 0.206985 1.316184 0.430242 0.208465 1.295285 0.418483 0.146976 1.531107 -0.929787 0.012934 1.581166 -0.972288 0.006326 1.592163 -0.959130 0.004997 1.542103 -0.916628 0.011605 
2.344971 0.347707 0.219853 2.444169 0.253740 0.224287 2.402301 0.205416 0.016668 2.302745 0.300969 0.015133 2.680343 0.133644 0.455831 2.701882 0.045250 0.353790 2.590735 0.167522 0.217505 2.567389 0.258533 0.318580 1.306654 0.405960 0.145527 1.327576 0.417727 0.207008 1.316180 0.430240 0.208491 1.295258 0.418473 0.147011 1.531104 -0.929825 0.012936 1.581164 -0.972328 0.006334 1.592160 -0.959170 0.005003 1.542101 -0.916667 0.011605 
2.344972 0.347706 0.219852 2.444170 0.253739 0.224285 2.402301 0.205416 0.016666 2.302745 0.300969 0.015132 2.680343 0.133644 0.455825 2.701881 0.045250 0.353784 2.590732 0.167521 0.217500 2.567386 0.258532 0.318575 1.306589 0.405936 0.145578 1.327534 0.417708 0.207049 1.316137 0.430221 0.208536 1.295192 0.418448 0.147065 1.531052 -0.929949 0.012903 1.581112 -0.972453 0.006312 1.592107 -0.959294 0.004968 1.542047 -0.916791 0.011559 
2.344972 0.347707 0.219851 2.444170 0.253739 0.224284 2.402301 0.205416 0.016665 2.302745 0.300969 0.015131 2.680336 0.133653 0.455815 2.701875 0.045259 0.353774 2.590720 0.167525 0.217491 2.567374 0.258536 0.318565 1.306487 0.405896 0.145643 1.327454 0.417675 0.207105 1.316055 0.430185 0.208596 1.295088 0.418406 0.147134 1.531052 -0.929949 0.012904 1.581112 -0.972453 0.006313 1.592107 -0.959294 0.004969 1.542047 -0.916791 0.011560 
2.344972 0.347707 0.219849 2.444170 0.253740 0.224283 2.402301 0.205416 0.016664 2.302745 0.300969 0.015129 2.680329 0.133664 0.455804 2.701868 0.045268 0.353764 2.590706 0.167529 0.217481 2.567359 0.258541 0.318555 1.306361 0.405847 0.145718 1.327351 0.417632 0.207172 1.315950 0.430140 0.208667 1.294960 0.418354 0.147214 1.531052 -0.929949 0.012905 1.581112 -0.972453 0.006314 1.592107 -0.959294 0.004970 1.542047 -0.916791 0.011561 
2.344972 0.347707 0.219848 2.444170 0.253740 0.224281 2.402301 0.205416 0.016663 2.302745 0.300969 0.015128 2.680321 0.133673 0.455793 2.701861 0.045277 0.353754 2.590693 0.167533 0.217472 2.567346 0.258546 0.318545 1.306231 0.405795 0.145796 1.327243 0.417587 0.207241 1.315840 0.430092 0.208741 1.294828 0.418300 0.147296 1.531052 -0.929949 0.012906 1.581112 -0.972453 0.006315 1.592107 -0.959295 0.004971 1.542047 -0.916791 0.011562 
2.344972 0.347708 0.219847 2.444170 0.253740 0.224280 2.402301 0.205416 0.016662 2.302745 0.300969 0.015127 2.680315 0.133683 0.455783 2.701855 0.045286 0.353744 2.590680 0.167537 0.217464 2.567332 0.258550 0.318535 1.306111 0.405748 0.145869 1.327145 0.417546 0.207306 1.315739 0.430048 0.208810 1.294705 0.418250 0.147374 1.531052 -0.929949 0.012906 1.581112 -0.972453 0.006316 1.592107 -0.959295 0.004972 1.542047 -0.916791 0.011563 
2.344972 0.347708 0.219846 2.444170 0.253741 0.224279 2.402301 0.205416 0.016661 2.302745 0.300969 0.015126 2.680308 0.133692 0.455772 2.701848 0.045295 0.353734 2.590667 0.167541 0.217455 2.567319 0.258555 0.318526 1.306008 0.405708 0.145935 1.327063 0.417511 0.207362 1.315656 0.430012 0.208870 1.294601 0.418208 0.147443 1.531050 -0.929975 0.012910 1.581110 -0.972479 0.006323 1.592105 -0.959321 0.004977 1.542045 -0.916817 0.011564 
2.344972 0.347708 0.219845 2.444170 0.253741 0.224279 2.402301 0.205416 0.016660 2.302745 0.300969 0.015125 2.680301 0.133701 0.455762 2.701842 0.045303 0.353725 2.590654 0.167545 0.217446 2.567306 0.258559 0.318516 1.305922 0.405674 0.145992 1.326999 0.417484 0.207411 1.315590 0.429983 0.208923 1.294514 0.418173 0.147504 1.531048 -0.930013 0.012914 1.581108 -0.972518 0.006333 1.592103 -0.959360 0.004985 1.542043 -0.916855 0.011565 
2.344972 0.347708 0.219844 2.444170 0.253741 0.224278 2.402301 0.205417 0.016659 2.302745 0.300969 0.015125 2.680294 0.133710 0.455751 2.701835 0.045311 0.353715 2.590641 0.167548 0.217437 2.567292 0.258563 0.318507 1.305848 0.405646 0.146045 1.326946 0.417462 0.207455 1.315537 0.429959 0.208971 1.294438 0.418143 0.147560 1.531048 -0.930013 0.012913 1.581108 -0.972518 0.006333 1.592103 -0.959360 0.004984 1.542043 -0.916855 0.011565 
2.344972 0.347708 0.219843 2.444170 0.253741 0.224277 2.402301 0.205417 0.016658 2.302745 0.300969 0.015124 2.680288 0.133719 0.455741 2.701829 0.045319 0.353705 2.590628 0.167552 0.217428 2.567279 0.258567 0.318498 1.305777 0.405619 0.146095 1.326897 0.417440 0.207498 1.315486 0.429937 0.209016 1.294367 0.418115 0.147614 1.531048 -0.930013 0.012913 1.581108 -0.972518 0.006332 1.592103 -0.959360 0.004984 1.542043 -0.916855 0.011564 
2.344972 0.347708 0.219843 2.444170 0.253741 0.224276 2.402300 0.205417 0.016658 2.302745 0.300969 0.015123 2.680281 0.133727 0.455731 2.701823 0.045328 0.353695 2.590615 0.167555 0.217419 2.567266 0.258571 0.318488 1.305704 0.405590 0.146147 1.326844 0.417418 0.207541 1.315433 0.429913 0.209063 1.294292 0.418085 0.147670 1.531048 -0.930013 0.012913 1.581108 -0.972518 0.006332 1.592102 -0.959360 0.004983 1.542042 -0.916855 0.011564 
2.344972 0.347708 0.219842 2.444170 0.253741 0.224275 2.402300 0.205417 0.016657 2.302744 0.300969 0.015123 2.680274 0.133736 0.455720 2.701816 0.045336 0.353685 2.590603 0.167559 0.217411 2.567253 0.258575 0.318479 1.305624 0.405559 0.146202 1.326785 0.417393 0.207588 1.315372 0.429886 0.209113 1.294211 0.418053 0.147728 1.531045 -0.930051 0.012916 1.581105 -0.972557 0.006341 1.592100 -0.959400 0.004990 1.542040 -0.916893 0.011564 
2.344972 0.347708 0.219842 2.444171 0.253740 0.224275 2.402300 0.205417 0.016656 2.302744 0.300969 0.015122 2.680268 0.133744 0.455710 2.701810 0.045343 0.353675 2.590590 0.167562 0.217402 2.567240 0.258579 0.318470 1.305537 0.405525 0.146261 1.326719 0.417364 0.207638 1.315305 0.429856 0.209168 1.294124 0.418017 0.147790 1.531045 -0.930051 0.012915 1.581105 -0.972557 0.006341 1.592100 -0.959400 0.004989 1.542040 -0.916893 0.011564 
2.344972 0.347708 0.219841 2.444171 0.253740 0.224274 2.402300 0.205417 0.016656 2.302744 0.300969 0.015122 2.680262 0.133752 0.455700 2.701804 0.045351 0.353666 2.590578 0.167565 0.217393 2.567227 0.258582 0.318461 1.305446 0.405489 0.146322 1.326649 0.417334 0.207691 1.315234 0.429825 0.209224 1.294031 0.417980 0.147855 1.531033 -0.930066 0.012918 1.581093 -0.972573 0.006344 1.592088 -0.959415 0.004991 1.542028 -0.916909 0.011565 
2.344972 0.347707 0.219841 2.444170 0.253740 0.224274 2.402300 0.205416 0.016655 2.302744 0.300969 0.015122 2.680255 0.133760 0.455688 2.701797 0.045358 0.353654 2.590564 0.167567 0.217383 2.567214 0.258585 0.318450 1.305354 0.405453 0.146381 1.326577 0.417304 0.207742 1.315160 0.429793 0.209278 1.293937 0.417942 0.147918 1.531043 -0.930074 0.012916 1.581104 -0.972580 0.006344 1.592099 -0.959422 0.004991 1.542038 -0.916916 0.011563 
2.344971 0.347707 0.219841 2.444169 0.253740 0.224274 2.402299 0.205416 0.016655 2.302744 0.300969 0.015121 2.680246 0.133766 0.455670 2.701787 0.045362 0.353637 2.590548 0.167567 0.217366 2.567198 0.258586 0.318432 1.305261 0.405418 0.146435 1.326504 0.417275 0.207788 1.315086 0.429761 0.209328 1.293844 0.417905 0.147975 1.531043 -0.930074 0.012914 1.581104 -0.972580 0.006343 1.592098 -0.959422 0.004990 1.542038 -0.916916 0.011561 
2.344969 0.347707 0.219841 2.444167 0.253739 0.224275 2.402299 0.205416 0.016656 2.302744 0.300969 0.015121 2.680233 0.133771 0.455643 2.701773 0.045365 0.353613 2.590526 0.167562 0.217342 2.567179 0.258584 0.318406 1.305170 0.405385 0.146480 1.326430 0.417247 0.207825 1.315011 0.429732 0.209369 1.293751 0.417870 0.148023 1.531043 -0.930074 0.012911 1.581103 -0.972580 0.006342 1.592098 -0.959422 0.004989 1.542037 -0.916916 0.011558 
2.344966 0.347707 0.219841 2.444162 0.253738 0.224277 2.402297 0.205415 0.016657 2.302743 0.300969 0.015120 2.680218 0.133774 0.455608 2.701754 0.045364 0.353581 2.590500 0.167554 0.217310 2.567155 0.258580 0.318371 1.305080 0.405354 0.146515 1.326357 0.417222 0.207854 1.314936 0.429705 0.209400 1.293660 0.417837 0.148061 1.531042 -0.930074 0.012906 1.581103 -0.972580 0.006340 1.592098 -0.959422 0.004988 1.542036 -0.916916 0.011554 
2.344962 0.347707 0.219841 2.444157 0.253737 0.224280 2.402296 0.205414 0.016659 2.302743 0.300969 0.015120 2.680199 0.133778 0.455567 2.701731 0.045362 0.353542 2.590469 0.167544 0.217271 2.567128 0.258575 0.318328 1.304992 0.405324 0.146542 1.326283 0.417198 0.207875 1.314862 0.429680 0.209424 1.293570 0.417806 0.148091 1.531041 -0.930074 0.012900 1.581102 -0.972580 0.006339 1.592097 -0.959422 0.004988 1.542035 -0.916916 0.011549 
2.344957 0.347708 0.219842 2.444152 0.253736 0.224283 2.402295 0.205413 0.016661 2.302743 0.300969 0.015120 2.680179 0.133781 0.455524 2.701708 0.045360 0.353504 2.590436 0.167533 0.217231 2.567100 0.258569 0.318284 1.304906 0.405296 0.146567 1.326211 0.417175 0.207893 1.314788 0.429656 0.209444 1.293483 0.417777 0.148117 1.531038 -0.930095 0.012898 1.581101 -0.972601 0.006342 1.592095 -0.959443 0.004990 1.542032 -0.916937 0.011546 
2.344953 0.347708 0.219842 2.444146 0.253736 0.224285 2.402293 0.205412 0.016663 2.302742 0.300970 0.015119 2.680161 0.133785 0.455485 2.701686 0.045359 0.353468 2.590406 0.167523 0.217194 2.567073 0.258564 0.318244 1.304821 0.405268 0.146593 1.326141 0.417152 0.207913 1.314717 0.429632 0.209467 1.293397 0.417747 0.148146 1.531035 -0.930115 0.012896 1.581100 -0.972620 0.006345 1.592094 -0.959462 0.004993 1.542029 -0.916957 0.011543 
2.344950 0.347708 0.219843 2.444142 0.253735 0.224287 2.402292 0.205411 0.016665 2.302742 0.300970 0.015119 2.680145 0.133789 0.455450 2.701667 0.045359 0.353436 2.590379 0.167515 0.217162 2.567049 0.258560 0.318209 1.304738 0.405239 0.146625 1.326073 0.417129 0.207939 1.314648 0.429607 0.209495 1.293313 0.417717 0.148181 1.531034 -0.930115 0.012891 1.581099 -0.972620 0.006343 1.592093 -0.959462 0.004992 1.542029 -0.916957 0.011539 
2.344947 0.347708 0.219843 2.444139 0.253734 0.224289 2.402291 0.205411 0.016666 2.302742 0.300970 0.015119 2.680130 0.133796 0.455424 2.701650 0.045362 0.353413 2.590356 0.167511 0.217137 2.567027 0.258559 0.318181 1.304654 0.405209 0.146661 1.326005 0.417105 0.207969 1.314579 0.429581 0.209527 1.293227 0.417686 0.148220 1.531032 -0.930136 0.012891 1.581098 -0.972639 0.006347 1.592092 -0.959481 0.004994 1.542026 -0.916977 0.011538 
2.344943 0.347710 0.219843 2.444134 0.253736 0.224292 2.402290 0.205410 0.016669 2.302741 0.300970 0.015118 2.680113 0.133808 0.455407 2.701633 0.045371 0.353399 2.590333 0.167511 0.217121 2.567004 0.258563 0.318162 1.304566 0.405178 0.146697 1.325935 0.417080 0.207998 1.314507 0.429555 0.209559 1.293138 0.417653 0.148259 1.530968 -0.930296 0.012860 1.581039 -0.972796 0.006329 1.592030 -0.959637 0.004962 1.541960 -0.917136 0.011494 
2.344940 0.347711 0.219843 2.444131 0.253737 0.224294 2.402289 0.205410 0.016670 2.302741 0.300970 0.015118 2.680096 0.133820 0.455389 2.701616 0.045379 0.353384 2.590310 0.167512 0.217103 2.566981 0.258567 0.318141 1.304479 0.405147 0.146734 1.325864 0.417054 0.208028 1.314435 0.429528 0.209592 1.293050 0.417621 0.148298 1.530968 -0.930296 0.012859 1.581038 -0.972796 0.006330 1.592030 -0.959637 0.004964 1.541959 -0.917136 0.011493 
2.344937 0.347712 0.219843 2.444126 0.253737 0.224296 2.402288 0.205409 0.016672 2.302741 0.300970 0.015118 2.680078 0.133830 0.455366 2.701598 0.045386 0.353364 2.590286 0.167510 0.217082 2.566957 0.258569 0.318117 1.304393 0.405117 0.146769 1.325793 0.417029 0.208057 1.314362 0.429501 0.209624 1.292962 0.417589 0.148336 1.530967 -0.930296 0.012858 1.581038 -0.972796 0.006331 1.592029 -0.959637 0.004965 1.541958 -0.917137 0.011492 
2.344932 0.347715 0.219843 2.444121 0.253738 0.224300 2.402287 0.205409 0.016675 2.302740 0.300970 0.015117 2.680054 0.133850 0.455353 2.701576 0.045401 0.353355 2.590258 0.167515 0.217067 2.566927 0.258578 0.318098 1.304305 0.405087 0.146799 1.325720 0.417005 0.208080 1.314289 0.429476 0.209650 1.292874 0.417557 0.148369 1.530964 -0.930319 0.012860 1.581037 -0.972818 0.006338 1.592028 -0.959659 0.004970 1.541955 -0.917159 0.011493 
2.344928 0.347716 0.219843 2.444116 0.253739 0.224303 2.402286 0.205408 0.016678 2.302740 0.300970 0.015117 2.680028 0.133870 0.455338 2.701553 0.045418 0.353345 2.590229 0.167520 0.217052 2.566895 0.258587 0.318079 1.304220 0.405057 0.146828 1.325649 0.416981 0.208103 1.314216 0.429450 0.209675 1.292787 0.417526 0.148400 1.530963 -0.930319 0.012857 1.581036 -0.972818 0.006338 1.592027 -0.959659 0.004971 1.541954 -0.917159 0.011491 
2.344923 0.347717 0.219844 2.444111 0.253739 0.224306 2.402285 0.205407 0.016680 2.302739 0.300970 0.015117 2.680007 0.133885 0.455318 2.701532 0.045429 0.353328 2.590201 0.167521 0.217032 2.566866 0.258592 0.318055 1.304137 0.405028 0.146857 1.325580 0.416957 0.208126 1.314145 0.429425 0.209700 1.292702 0.417496 0.148431 1.530962 -0.930319 0.012854 1.581036 -0.972818 0.006338 1.592027 -0.959659 0.004972 1.541954 -0.917160 0.011488 
2.344918 0.347720 0.219843 2.444105 0.253742 0.224310 2.402284 0.205407 0.016684 2.302739 0.300971 0.015116 2.679986 0.133900 0.455298 2.701512 0.045439 0.353312 2.590175 0.167521 0.217012 2.566840 0.258597 0.318030 1.304053 0.404999 0.146884 1.325511 0.416934 0.208147 1.314076 0.429400 0.209724 1.292618 0.417465 0.148461 1.530962 -0.930319 0.012852 1.581036 -0.972818 0.006339 1.592027 -0.959659 0.004973 1.541953 -0.917159 0.011486 
2.344908 0.347729 0.219843 2.444095 0.253752 0.224317 2.402283 0.205408 0.016691 2.302738 0.300971 0.015116 2.679960 0.133928 0.455291 2.701488 0.045460 0.353311 2.590147 0.167529 0.217003 2.566810 0.258611 0.318015 1.303965 0.404967 0.146907 1.325438 0.416908 0.208163 1.314001 0.429373 0.209742 1.292529 0.417432 0.148486 1.530961 -0.930318 0.012850 1.581035 -0.972818 0.006339 1.592026 -0.959659 0.004974 1.541953 -0.917159 0.011484 
2.344893 0.347744 0.219841 2.444081 0.253769 0.224328 2.402283 0.205411 0.016703 2.302737 0.300972 0.015114 2.679922 0.133977 0.455306 2.701458 0.045500 0.353336 2.590117 0.167551 0.217012 2.566771 0.258642 0.318014 1.303866 0.404932 0.146920 1.325352 0.416880 0.208170 1.313914 0.429343 0.209751 1.292428 0.417395 0.148501 1.530961 -0.930317 0.012846 1.581035 -0.972818 0.006340 1.592026 -0.959659 0.004974 1.541953 -0.917158 0.011481 
2.344872 0.347769 0.219838 2.444061 0.253795 0.224344 2.402283 0.205414 0.016720 2.302735 0.300974 0.015113 2.679872 0.134048 0.455345 2.701421 0.045560 0.353388 2.590082 0.167586 0.217040 2.566724 0.258689 0.318029 1.303751 0.404892 0.146918 1.325250 0.416849 0.208162 1.313810 0.429311 0.209745 1.292311 0.417354 0.148501 1.530961 -0.930315 0.012841 1.581034 -0.972817 0.006341 1.592026 -0.959658 0.004975 1.541953 -0.917156 0.011475 
2.344842 0.347804 0.219833 2.444033 0.253834 0.224367 2.402283 0.205419 0.016745 2.302732 0.300976 0.015110 2.679807 0.134144 0.455405 2.701372 0.045639 0.353466 2.590041 0.167634 0.217083 2.566666 0.258753 0.318053 1.303619 0.404849 0.146895 1.325129 0.416817 0.208132 1.313687 0.429277 0.209716 1.292177 0.417308 0.148478 1.530958 -0.930342 0.012840 1.581032 -0.972844 0.006350 1.592024 -0.959685 0.004980 1.541950 -0.917183 0.011470 
2.344803 0.347849 0.219828 2.443997 0.253883 0.224396 2.402283 0.205426 0.016777 2.302729 0.300979 0.015107 2.679722 0.134268 0.455485 2.701310 0.045741 0.353569 2.589989 0.167696 0.217142 2.566592 0.258836 0.318087 1.303472 0.404802 0.146848 1.324989 0.416783 0.208081 1.313545 0.429240 0.209665 1.292028 0.417259 0.148432 1.530956 -0.930366 0.012836 1.581031 -0.972869 0.006357 1.592022 -0.959710 0.004985 1.541947 -0.917207 0.011463 
2.344757 0.347903 0.219821 2.443953 0.253942 0.224432 2.402282 0.205434 0.016816 2.302726 0.300982 0.015103 2.679622 0.134414 0.455574 2.701236 0.045860 0.353688 2.589927 0.167766 0.217207 2.566504 0.258933 0.318123 1.303312 0.404751 0.146781 1.324834 0.416745 0.208010 1.313387 0.429199 0.209594 1.291865 0.417206 0.148365 1.530953 -0.930388 0.012831 1.581030 -0.972891 0.006364 1.592020 -0.959733 0.004989 1.541944 -0.917230 0.011455 
2.344705 0.347963 0.219814 2.443904 0.254008 0.224472 2.402282 0.205442 0.016860 2.302721 0.300986 0.015099 2.679512 0.134574 0.455673 2.701153 0.045991 0.353818 2.589859 0.167844 0.217278 2.566408 0.259040 0.318161 1.303137 0.404696 0.146699 1.324662 0.416704 0.207924 1.313211 0.429156 0.209507 1.291687 0.417148 0.148282 1.530950 -0.930407 0.012823 1.581028 -0.972911 0.006371 1.592019 -0.959753 0.004992 1.541941 -0.917249 0.011443 
2.344650 0.348029 0.219805 2.443852 0.254078 0.224514 2.402281 0.205451 0.016906 2.302717 0.300990 0.015094 2.679393 0.134749 0.455782 2.701064 0.046133 0.353961 2.589786 0.167929 0.217358 2.566305 0.259157 0.318205 1.302950 0.404639 0.146605 1.324476 0.416662 0.207827 1.313022 0.429111 0.209409 1.291497 0.417088 0.148187 1.530950 -0.930400 0.012804 1.581026 -0.972909 0.006371 1.592018 -0.959752 0.004990 1.541942 -0.917242 0.011423 
2.344597 0.348094 0.219796 2.443800 0.254148 0.224556 2.402279 0.205458 0.016953 2.302713 0.300995 0.015089 2.679271 0.134930 0.455900 2.700973 0.046282 0.354114 2.589712 0.168021 0.217445 2.566201 0.259280 0.318257 1.302756 0.404585 0.146499 1.324283 0.416625 0.207717 1.312826 0.429070 0.209298 1.291299 0.417031 0.148080 1.530950 -0.930391 0.012781 1.581024 -0.972906 0.006372 1.592017 -0.959750 0.004989 1.541943 -0.917235 0.011399 
2.344543 0.348162 0.219787 2.443747 0.254220 0.224599 2.402276 0.205465 0.017001 2.302709 0.300999 0.015084 2.679147 0.135113 0.456021 2.700879 0.046431 0.354271 2.589638 0.168112 0.217535 2.566096 0.259405 0.318309 1.302570 0.404537 0.146379 1.324098 0.416595 0.207593 1.312638 0.429038 0.209172 1.291110 0.416980 0.147958 1.530940 -0.930421 0.012768 1.581015 -0.972939 0.006382 1.592008 -0.959783 0.004995 1.541933 -0.917266 0.011381 
2.344486 0.348232 0.219778 2.443692 0.254293 0.224644 2.402274 0.205473 0.017051 2.302705 0.301004 0.015079 2.679020 0.135298 0.456137 2.700783 0.046582 0.354424 2.589560 0.168203 0.217619 2.565987 0.259530 0.318355 1.302401 0.404494 0.146248 1.323928 0.416569 0.207459 1.312465 0.429009 0.209036 1.290938 0.416935 0.147826 1.530944 -0.930429 0.012750 1.581019 -0.972949 0.006386 1.592012 -0.959794 0.004996 1.541937 -0.917274 0.011360 
2.344431 0.348300 0.219769 2.443638 0.254365 0.224687 2.402272 0.205481 0.017099 2.302700 0.301008 0.015074 2.678894 0.135481 0.456253 2.700687 0.046731 0.354576 2.589483 0.168293 0.217704 2.565879 0.259653 0.318403 1.302238 0.404454 0.146117 1.323765 0.416546 0.207324 1.312299 0.428985 0.208900 1.290772 0.416893 0.147692 1.530943 -0.930420 0.012725 1.581016 -0.972946 0.006386 1.592011 -0.959793 0.004994 1.541938 -0.917266 0.011333 
2.344379 0.348364 0.219760 2.443587 0.254433 0.224729 2.402269 0.205488 0.017145 2.302696 0.301012 0.015070 2.678773 0.135656 0.456366 2.700596 0.046874 0.354723 2.589409 0.168380 0.217787 2.565776 0.259772 0.318450 1.302079 0.404418 0.145988 1.323607 0.416527 0.207192 1.312139 0.428964 0.208765 1.290611 0.416855 0.147561 1.530943 -0.930410 0.012699 1.581013 -0.972943 0.006386 1.592010 -0.959791 0.004993 1.541939 -0.917258 0.011306 
2.344330 0.348426 0.219751 2.443538 0.254498 0.224768 2.402267 0.205494 0.017189 2.302693 0.301016 0.015065 2.678660 0.135820 0.456470 2.700509 0.047007 0.354860 2.589340 0.168460 0.217864 2.565680 0.259882 0.318493 1.301928 0.404385 0.145865 1.323458 0.416511 0.207065 1.311987 0.428945 0.208637 1.290458 0.416819 0.147437 1.530942 -0.930401 0.012674 1.581010 -0.972941 0.006386 1.592008 -0.959790 0.004992 1.541940 -0.917251 0.011279 
2.344283 0.348484 0.219744 2.443492 0.254559 0.224805 2.402264 0.205500 0.017230 2.302689 0.301020 0.015061 2.678553 0.135973 0.456565 2.700427 0.047130 0.354986 2.589273 0.168534 0.217932 2.565588 0.259985 0.318529 1.301785 0.404353 0.145751 1.323317 0.416495 0.206947 1.311843 0.428927 0.208517 1.290312 0.416785 0.147321 1.530941 -0.930393 0.012650 1.581008 -0.972938 0.006386 1.592007 -0.959789 0.004991 1.541941 -0.917243 0.011254 
2.344240 0.348536 0.219736 2.443449 0.254614 0.224839 2.402262 0.205506 0.017268 2.302686 0.301024 0.015057 2.678453 0.136114 0.456649 2.700350 0.047245 0.355099 2.589209 0.168602 0.217993 2.565502 0.260079 0.318561 1.301649 0.404321 0.145649 1.323183 0.416477 0.206841 1.311707 0.428908 0.208410 1.290173 0.416751 0.147217 1.530941 -0.930385 0.012628 1.581005 -0.972936 0.006386 1.592006 -0.959788 0.004990 1.541941 -0.917237 0.011232 
2.344201 0.348584 0.219730 2.443410 0.254665 0.224870 2.402260 0.205511 0.017303 2.302683 0.301027 0.015054 2.678361 0.136245 0.456725 2.700279 0.047350 0.355200 2.589149 0.168664 0.218047 2.565421 0.260166 0.318588 1.301516 0.404288 0.145561 1.323054 0.416458 0.206750 1.311576 0.428887 0.208317 1.290039 0.416716 0.147129 1.530940 -0.930378 0.012609 1.581003 -0.972934 0.006386 1.592005 -0.959786 0.004989 1.541942 -0.917231 0.011212 
2.344165 0.348628 0.219724 2.443375 0.254711 0.224898 2.402258 0.205515 0.017334 2.302680 0.301029 0.015051 2.678276 0.136364 0.456792 2.700214 0.047447 0.355292 2.589094 0.168721 0.218096 2.565346 0.260245 0.318611 1.301386 0.404253 0.145489 1.322929 0.416436 0.206673 1.311449 0.428863 0.208241 1.289907 0.416680 0.147057 1.530940 -0.930372 0.012592 1.581001 -0.972932 0.006386 1.592004 -0.959786 0.004988 1.541942 -0.917226 0.011194 
2.344132 0.348667 0.219719 2.443343 0.254752 0.224924 2.402257 0.205520 0.017362 2.302677 0.301032 0.015048 2.678199 0.136473 0.456854 2.700155 0.047536 0.355374 2.589043 0.168774 0.218140 2.565277 0.260317 0.318633 1.301259 0.404217 0.145432 1.322807 0.416412 0.206612 1.311326 0.428837 0.208179 1.289778 0.416642 0.146999 1.530939 -0.930367 0.012578 1.581000 -0.972930 0.006386 1.592003 -0.959785 0.004987 1.541943 -0.917222 0.011179 
2.344103 0.348702 0.219714 2.443314 0.254790 0.224947 2.402255 0.205524 0.017388 2.302675 0.301034 0.015045 2.678129 0.136573 0.456909 2.700100 0.047618 0.355450 2.588996 0.168822 0.218179 2.565214 0.260384 0.318653 1.301135 0.404180 0.145387 1.322690 0.416386 0.206562 1.311207 0.428809 0.208130 1.289652 0.416603 0.146954 1.530939 -0.930363 0.012565 1.580998 -0.972929 0.006386 1.592003 -0.959784 0.004987 1.541943 -0.917218 0.011165 
2.344075 0.348735 0.219710 2.443287 0.254824 0.224968 2.402254 0.205527 0.017411 2.302673 0.301036 0.015043 2.678063 0.136666 0.456960 2.700050 0.047694 0.355518 2.588952 0.168867 0.218215 2.565154 0.260445 0.318670 1.301015 0.404144 0.145351 1.322577 0.416360 0.206521 1.311092 0.428781 0.208089 1.289530 0.416565 0.146919 1.530939 -0.930358 0.012554 1.580997 -0.972928 0.006386 1.592002 -0.959783 0.004986 1.541944 -0.917214 0.011153 
