1.084073 -0.066660 0.004227 1.114134 0.032656 0.004622 1.182459 -0.086709 0.003891 1.272593 0.037990 0.004257 
1.085179 -0.068285 0.004043 1.115607 0.033347 0.004410 1.183947 -0.086001 0.004032 1.273622 0.036419 0.004501 
1.086321 -0.070474 0.004347 1.113372 0.031880 0.004224 1.181755 -0.087462 0.004308 1.274707 0.034230 0.004125 
1.088983 -0.074039 0.003718 1.116709 0.033068 0.003582 1.185131 -0.086227 0.004460 1.277196 0.030798 0.004763 
1.088633 -0.073928 0.004134 1.111926 0.030651 0.003642 1.180451 -0.088622 0.004441 1.276831 0.030943 0.004054 
1.087877 -0.072253 0.003740 1.111615 0.030701 0.003641 1.180084 -0.088609 0.004050 1.276169 0.032522 0.004143 
1.087981 -0.072432 0.003856 1.109242 0.029347 0.003761 1.177718 -0.089978 0.004132 1.276298 0.032287 0.004222 
1.086758 -0.069932 0.003530 1.108065 0.028949 0.003948 1.176569 -0.090369 0.003733 1.275130 0.034801 0.004480 
1.086976 -0.070298 0.003646 1.104338 0.026805 0.004019 1.172842 -0.092544 0.003822 1.275395 0.034329 0.004541 
1.088101 -0.072037 0.003520 1.101309 0.024925 0.003803 1.169791 -0.094463 0.003943 1.276539 0.032461 0.004830 
1.087844 -0.071236 0.003109 1.097652 0.022921 0.003592 1.166050 -0.096546 0.003559 1.276429 0.033021 0.004917 
1.087873 -0.071290 0.003287 1.091833 0.019609 0.003734 1.160248 -0.099896 0.003700 1.276531 0.032831 0.005183 
1.086987 -0.069433 0.003441 1.083898 0.015153 0.003891 1.152983 -0.104028 0.003518 1.275235 0.035533 0.004771 
1.086548 -0.068587 0.003580 1.076547 0.010996 0.003944 1.145965 -0.108050 0.003521 1.274640 0.036707 0.004509 
1.088485 -0.071632 0.003447 1.069789 0.006558 0.003284 1.139480 -0.112386 0.003736 1.276366 0.033895 0.004281 
1.089517 -0.072612 0.003019 1.065170 0.003581 0.002635 1.134857 -0.115403 0.003543 1.277445 0.032770 0.004643 
1.089303 -0.072327 0.003296 1.056474 -0.001488 0.002779 1.126167 -0.120540 0.003771 1.277375 0.032819 0.004553 
1.089555 -0.072313 0.002901 1.052048 -0.004036 0.002343 1.121108 -0.123496 0.003362 1.278245 0.031696 0.005183 
1.089617 -0.072556 0.003139 1.054232 -0.002778 0.002717 1.123239 -0.122252 0.003655 1.278251 0.031420 0.008714 
1.089571 -0.073245 0.003433 1.064122 0.003048 0.003829 1.133725 -0.115993 0.004665 1.277289 0.031881 0.014813 
1.089776 -0.074414 0.003784 1.081337 0.013302 0.006711 1.151224 -0.105426 0.007429 1.276427 0.031404 0.023073 
1.089565 -0.074944 0.003861 1.087148 0.017316 0.008547 1.157528 -0.101065 0.008897 1.275331 0.031603 0.027103 
1.090019 -0.075674 0.003736 1.085587 0.016435 0.008683 1.155654 -0.102147 0.008616 1.275994 0.030203 0.028129 
1.090929 -0.076846 0.003688 1.077568 0.011675 0.007541 1.147421 -0.107101 0.007209 1.277306 0.028471 0.027116 
1.091307 -0.077127 0.003537 1.072591 0.008884 0.006970 1.142780 -0.109733 0.006384 1.277442 0.028520 0.027301 
1.092154 -0.078333 0.003691 1.071859 0.008399 0.007255 1.142386 -0.110024 0.006699 1.277789 0.027716 0.029236 
0.638388 -0.206658 0.005537 1.277209 0.027163 0.037079 1.025342 0.015562 0.026135 1.114339 -0.288006 0.042087 1.086163 -0.154541 0.029657 
0.635581 -0.210379 0.005200 1.270120 0.029786 0.043028 1.030620 0.017733 0.031159 1.110875 -0.284728 0.037766 1.091223 -0.150099 0.032086 
0.633596 -0.203420 0.003901 1.261356 0.023788 0.044620 1.034326 0.017055 0.033053 1.112938 -0.279447 0.032496 1.098049 -0.146185 0.031598 
0.632520 -0.213923 0.004381 1.255111 0.017951 0.045523 1.039163 0.016273 0.034718 1.112803 -0.271577 0.029630 1.159104 -0.110801 0.022495 1.069881 -0.166772 0.013222 
0.631067 -0.217323 0.005747 1.252263 0.016344 0.045261 1.041319 0.016475 0.035674 1.112513 -0.265649 0.026047 1.158044 -0.113891 0.023235 1.077207 -0.165115 0.014261 
0.629912 -0.219223 0.006788 1.250652 0.019776 0.042665 1.041204 0.018781 0.034889 1.111534 -0.261709 0.021256 1.158414 -0.111403 0.020801 1.079118 -0.162364 0.012089 
0.629867 -0.223895 0.006968 1.249846 0.025727 0.037352 1.039890 0.022613 0.031864 1.110649 -0.258456 0.015829 1.158651 -0.105630 0.015414 1.076304 -0.159143 0.007200 
0.630075 -0.229383 0.006783 1.252974 0.023305 0.030542 1.039450 0.025355 0.027179 1.108659 -0.256053 0.008869 1.151513 -0.107525 0.011009 1.081862 -0.153440 0.004972 
0.629809 -0.230890 0.007278 1.256954 0.017711 0.023798 1.039545 0.027191 0.022538 1.111927 -0.253339 0.004637 1.141185 -0.113939 0.008410 1.091732 -0.147307 0.004881 
0.628851 -0.230063 0.009671 1.259330 0.014128 0.018299 1.039098 0.028739 0.019469 1.115782 -0.250376 0.001442 1.134248 -0.118206 0.006887 1.100058 -0.142182 0.004877 
0.626803 -0.226314 0.013965 1.258865 0.014307 0.014093 1.038165 0.030266 0.018234 1.115793 -0.247205 -0.003710 1.130219 -0.120519 0.006006 1.108681 -0.136906 0.004871 
0.624716 -0.228489 0.017384 1.263661 0.005443 0.018811 1.050263 0.031127 0.022296 1.116091 -0.247036 -0.008857 1.112307 -0.141592 0.020896 1.147070 -0.121496 0.022932 
0.625583 -0.245824 0.015916 1.287340 -0.007758 0.038056 1.086025 0.033285 0.035903 1.125386 -0.242667 -0.011288 1.121525 -0.146291 0.042569 1.191834 -0.105537 0.050554 
0.630100 -0.268642 0.013154 1.316165 -0.016041 0.054776 1.117582 0.038167 0.047184 1.136585 -0.235313 -0.013016 1.134964 -0.145578 0.060231 1.224449 -0.094803 0.073114 
0.631787 -0.276474 0.011052 1.391651 -0.085357 0.102421 1.150078 0.040459 0.059553 1.155188 -0.230854 -0.012056 1.156710 -0.147908 0.096876 1.274063 -0.084702 0.120655 
0.631803 -0.276321 0.011747 1.445235 -0.117056 0.156443 1.172132 0.051782 0.072600 1.169231 -0.226746 -0.014687 1.176937 -0.134445 0.125095 1.300528 -0.066652 0.155040 
0.626523 -0.265739 0.014397 1.458411 -0.077242 0.163286 1.173442 0.085717 0.082338 1.176229 -0.233450 -0.022394 1.191325 -0.102587 0.128140 1.296684 -0.038199 0.154249 
0.627500 -0.268701 0.017412 1.467307 -0.038899 0.125059 1.155082 0.103643 0.061535 1.181782 -0.229113 -0.032396 1.167250 -0.099248 0.115152 1.282438 -0.018534 0.127959 
0.631466 -0.291190 0.022917 1.480567 -0.036221 0.062316 1.133197 0.088562 0.017285 1.176528 -0.213631 -0.048204 1.110296 -0.139876 0.126975 1.279394 -0.020570 0.099322 
0.633090 -0.286210 0.029761 1.478835 -0.034902 0.042734 1.135540 0.092296 0.011905 1.178175 -0.208260 -0.056016 1.115997 -0.133112 0.115354 1.280750 -0.018223 0.086001 
0.633900 -0.268011 0.035125 1.482761 -0.029034 0.032340 1.138216 0.099828 0.015220 1.182925 -0.186466 -0.061834 1.127202 -0.122752 0.103880 1.286218 -0.012602 0.077805 
0.632742 -0.272335 0.046948 1.490391 -0.018914 0.022659 1.131813 0.103914 0.020089 1.179693 -0.177326 -0.066146 1.139876 -0.108781 0.088162 1.276441 -0.010699 0.063962 
0.628295 -0.292825 0.064386 1.499552 -0.006339 0.011653 1.119430 0.104277 0.027185 1.166477 -0.179092 -0.070999 1.153702 -0.088643 0.067978 1.253711 -0.013219 0.046979 
0.622563 -0.314573 0.082975 1.512034 -0.001329 0.004820 1.110840 0.100760 0.035642 1.149640 -0.187018 -0.076576 1.170721 -0.070296 0.049963 1.235080 -0.020096 0.035108 
0.620725 -0.328810 0.098211 1.513159 -0.000838 -0.001159 1.106471 0.094549 0.044731 1.140562 -0.193391 -0.078074 1.179254 -0.064954 0.042446 1.225910 -0.027581 0.031409 
0.623797 -0.343018 0.107570 1.513984 0.000745 -0.006601 1.104200 0.086951 0.052594 1.136211 -0.197252 -0.079585 1.182021 -0.068570 0.041313 1.223612 -0.033909 0.031035 
0.633774 -0.360733 0.107994 1.518029 0.002296 -0.011372 1.105117 0.078320 0.057262 1.138382 -0.200518 -0.083097 1.185745 -0.074985 0.040132 1.226167 -0.039786 0.029945 
0.649846 -0.377935 0.097769 1.524813 0.004167 -0.015700 1.109804 0.070118 0.058219 1.148138 -0.200197 -0.089497 1.191683 -0.083040 0.037467 1.234350 -0.043994 0.027170 
0.670265 -0.394634 0.078077 1.534859 0.007380 -0.019769 1.117813 0.062303 0.055903 1.163947 -0.198685 -0.099305 1.200895 -0.091290 0.032005 1.246440 -0.047318 0.022152 
0.679553 -0.406266 0.072622 1.543228 0.008962 -0.024919 1.124619 0.057262 0.059764 1.170805 -0.194739 -0.101020 1.209512 -0.093796 0.027252 1.250296 -0.053431 0.018621 
0.683111 -0.411390 0.074133 1.549133 0.008716 -0.031410 1.130543 0.054427 0.066516 1.170406 -0.193633 -0.102985 1.216820 -0.088809 0.022770 1.249095 -0.057642 0.015828 
0.687228 -0.418573 0.074892 1.550083 0.009919 -0.039004 1.133373 0.052119 0.073887 1.168786 -0.190911 -0.104630 1.219064 -0.084292 0.020417 1.245439 -0.059730 0.014383 
0.691828 -0.427316 0.074696 1.548417 0.012709 -0.047435 1.134905 0.049516 0.081932 1.166819 -0.186582 -0.105566 1.219443 -0.078991 0.018631 1.239865 -0.061256 0.013305 
0.696715 -0.437382 0.073060 1.136667 0.046308 0.089611 1.547041 0.014712 -0.055940 1.165636 -0.180815 -0.105852 1.231846 -0.066941 0.005720 
0.701196 -0.445725 0.072217 1.139096 0.042340 0.097016 1.547421 0.013832 -0.065087 1.163138 -0.175810 -0.106686 1.230727 -0.068235 0.005840 
0.704893 -0.451481 0.073226 1.550080 0.011818 -0.074306 1.148555 0.042382 0.095690 1.081616 -0.005745 0.025735 1.159225 -0.171598 -0.107838 1.219676 -0.080701 0.017295 1.235709 -0.066325 0.012654 
0.707272 -0.453154 0.077363 1.557441 0.008029 -0.080571 1.155569 0.036994 0.104788 1.084114 -0.009128 0.033953 1.155327 -0.169330 -0.109657 1.224449 -0.085812 0.018476 1.242175 -0.068386 0.014339 
1.566643 0.004632 -0.081941 1.164576 0.029904 0.117733 1.231259 -0.091690 0.022569 0.710080 -0.453637 0.083510 1.086097 -0.014333 0.045183 1.150170 -0.167115 -0.109343 1.251111 -0.070819 0.019331 
1.574316 0.004443 -0.077062 1.172807 0.019855 0.136471 1.237124 -0.097823 0.031703 0.718079 -0.458770 0.084904 1.093069 -0.019376 0.064296 1.151855 -0.161601 -0.101919 1.258716 -0.074248 0.029497 
1.580656 0.008808 -0.064456 1.180331 0.006923 0.162112 1.250806 -0.089569 0.050164 1.242000 -0.103560 0.046810 0.729033 -0.467280 0.082759 1.100897 -0.026269 0.089811 
1.588536 0.014445 -0.044988 1.189311 -0.009990 0.192886 1.256975 -0.095775 0.070923 1.248190 -0.109499 0.066505 0.741328 -0.477957 0.076728 1.108953 -0.036323 0.119921 
1.600294 0.016031 -0.022520 1.202095 -0.032016 0.224700 1.265341 -0.105953 0.093490 1.257540 -0.117838 0.088269 0.754381 -0.488266 0.067362 1.120085 -0.050652 0.150774 
1.622852 0.007410 0.011163 1.218657 -0.056394 0.255016 1.282162 -0.119524 0.114360 1.275788 -0.130222 0.105592 0.758593 -0.492740 0.065603 1.129569 -0.067714 0.183287 
1.627574 -0.001046 0.060142 1.228036 -0.084366 0.292242 1.289706 -0.134042 0.148134 1.285240 -0.140975 0.140663 0.765189 -0.496055 0.062374 1.141870 -0.087697 0.216101 
1.628253 -0.009977 0.121429 0.762157 -0.499939 0.070375 1.141792 -0.109696 0.258090 1.224109 -0.113031 0.333787 1.285611 -0.158223 0.175281 1.293037 -0.148164 0.186319 
1.619280 -0.020974 0.185760 0.760647 -0.506227 0.077252 1.138590 -0.136047 0.299164 1.216117 -0.146433 0.376886 1.279204 -0.178265 0.216019 1.288953 -0.166610 0.229022 
1.615843 -0.040986 0.247589 1.209550 -0.182317 0.416568 1.132323 -0.164954 0.338209 1.328944 -1.098843 0.153658 1.268259 -1.016161 0.227965 1.636368 -0.834326 0.488954 1.513614 -0.673725 0.328588 
1.278771 -1.030632 0.223492 1.611549 -0.065007 0.305962 1.201589 -0.218793 0.452571 1.124489 -0.194344 0.373072 1.649467 -0.873404 0.470120 1.505680 -0.701413 0.344133 
1.277750 -1.046347 0.206724 1.602723 -0.091006 0.362703 1.197305 -0.250350 0.389885 1.646621 -0.899960 0.463238 1.501332 -0.729730 0.355374 1.115223 -0.225805 0.406067 0.859326 -0.442313 0.115968 
1.274112 -1.062349 0.190789 1.588685 -0.120075 0.420012 1.184021 -0.283994 0.421451 1.642330 -0.927047 0.464663 1.498391 -0.759410 0.369008 0.758405 -0.530850 0.068346 1.173612 -0.198772 0.232455 
1.244857 -0.289034 0.419365 1.661904 -0.965000 0.461270 1.498706 -0.792280 0.391842 1.164761 -0.219514 0.273535 0.759273 -0.535801 0.062155 1.312317 -1.106395 0.124394 1.279959 -1.075820 0.186654 
1.226234 -0.326603 0.453329 1.289603 -1.087226 0.187090 1.678617 -0.996312 0.450341 1.497550 -0.826289 0.410814 1.152077 -0.244357 0.313657 0.760279 -0.539639 0.054794 
0.761219 -0.541073 0.046368 1.297424 -1.096677 0.183292 1.136253 -0.273054 0.351762 1.205970 -0.367443 0.483606 1.686858 -1.019054 0.438971 1.494118 -0.861066 0.425841 
0.762197 -0.537270 0.037809 1.301632 -1.104249 0.178423 1.119920 -0.303665 0.386186 1.185412 -0.409733 0.508737 1.690662 -1.032762 0.433013 1.491399 -0.897068 0.438102 
0.760317 -0.532459 0.031829 1.302458 -1.110623 0.172884 1.100636 -0.336046 0.416639 1.162766 -0.453396 0.529103 1.690268 -1.041667 0.430399 1.486368 -0.933680 0.447427 
0.755087 -0.530980 0.029064 1.302308 -1.115699 0.168371 1.082827 -0.369004 0.440274 1.139779 -0.495003 0.541849 1.690346 -1.053238 0.424873 1.480966 -0.966363 0.451395 
0.747531 -0.531842 0.027720 1.301624 -1.119588 0.164432 1.065591 -0.401847 0.459933 1.117116 -0.530067 0.548696 1.687979 -1.063876 0.416774 1.473333 -0.991787 0.450137 
0.741772 -0.531669 0.028600 1.298029 -1.122492 0.159763 1.046481 -0.430801 0.476053 1.091436 -0.558355 0.553874 1.680610 -1.069697 0.416281 1.461715 -1.011867 0.448830 
0.731777 -0.533850 0.033858 1.293188 -1.124764 0.157139 1.029321 -0.453807 0.490009 1.069596 -0.582503 0.559730 1.674068 -1.072989 0.416740 1.452196 -1.028495 0.448297 
0.720371 -0.536071 0.037727 1.287356 -1.126632 0.154790 1.012346 -0.471069 0.499881 1.054357 -0.602832 0.565311 1.665788 -1.073805 0.418150 1.444958 -1.041758 0.448267 
0.709102 -0.537907 0.040307 0.996899 -0.483088 0.506478 1.042604 -0.618317 0.569714 1.656330 -1.071833 0.420592 1.438690 -1.051334 0.448294 1.303270 -1.143117 0.106832 1.281051 -1.127691 0.150856 
0.698465 -0.539489 0.042122 1.301916 -1.147456 0.098320 1.274534 -1.128004 0.148737 0.984215 -0.490404 0.510648 1.032690 -0.628430 0.572541 1.645510 -1.067225 0.423820 1.432305 -1.057088 0.448008 
0.688903 -0.540708 0.043290 1.301829 -1.151551 0.088834 1.267943 -1.127653 0.146919 0.973951 -0.494295 0.512985 1.023778 -0.633185 0.573792 1.633388 -1.059865 0.427466 1.425318 -1.058950 0.447278 
0.680868 -0.541336 0.043690 1.302809 -1.155140 0.079799 1.261753 -1.126544 0.145615 0.966259 -0.494607 0.513426 1.016540 -0.633355 0.573775 1.621261 -1.050638 0.430942 1.418783 -1.057594 0.446555 
0.674145 -0.541557 0.043461 1.305214 -1.159526 0.071144 1.255902 -1.124992 0.144545 0.960473 -0.491882 0.512288 1.011146 -0.629631 0.572908 1.608872 -1.039103 0.434366 1.412847 -1.053497 0.445927 
0.669519 -0.541008 0.042337 0.956832 -0.485723 0.509251 1.007723 -0.621976 0.571122 1.597629 -1.026168 0.437306 1.408060 -1.046880 0.445689 1.308613 -1.163892 0.064175 1.250902 -1.122893 0.144085 
0.666664 -0.539989 0.040045 0.955408 -0.475035 0.503511 1.007035 -0.610041 0.568340 1.590379 -1.014623 0.440022 1.405888 -1.037769 0.446767 1.311516 -1.168952 0.060721 1.246943 -1.120400 0.144451 
0.665375 -0.538650 0.037218 0.955957 -0.461745 0.496350 1.009703 -0.595523 0.565195 1.584501 -1.000768 0.443162 1.405803 -1.026833 0.448834 1.316045 -1.177184 0.059710 1.243780 -1.117872 0.145587 
0.665105 -0.538378 0.034276 0.958853 -0.445757 0.487752 1.015421 -0.578623 0.561635 1.579372 -0.983000 0.446410 1.407449 -1.013941 0.451645 1.323377 -1.189333 0.061561 1.241582 -1.115584 0.147715 
0.664432 -0.539484 0.031029 0.962362 -0.427086 0.477033 1.023331 -0.558998 0.557337 1.574717 -0.964295 0.449184 1.410526 -0.998378 0.454548 1.331971 -1.201687 0.065084 1.240018 -1.113212 0.150197 
0.664604 -0.539640 0.027131 0.969268 -0.406200 0.464196 1.032516 -0.535416 0.550594 1.557146 -0.940040 0.451551 1.410305 -0.980097 0.455907 1.348150 -1.221884 0.064358 1.234848 -1.111624 0.151104 
0.664353 -0.538216 0.027645 0.979096 -0.385262 0.453262 1.040206 -0.507602 0.542888 1.534774 -0.915509 0.452261 1.408837 -0.958289 0.456029 1.368379 -1.245580 0.065416 1.227494 -1.109080 0.153055 
0.662586 -0.537380 0.028805 0.988926 -0.362946 0.440229 1.047342 -0.478316 0.533178 1.513147 -0.894609 0.450545 1.407675 -0.934629 0.453830 1.386849 -1.263480 0.067741 1.220408 -1.105156 0.155220 
0.659451 -0.537548 0.030930 0.997612 -0.341528 0.426588 1.053584 -0.450434 0.522679 1.501371 -0.878608 0.448986 1.406502 -0.911813 0.450837 1.393420 -1.268936 0.073764 1.215082 -1.100434 0.160436 
0.656933 -0.537867 0.033303 1.004559 -0.321557 0.412394 1.059809 -0.424619 0.511996 1.501638 -0.866461 0.449856 1.406209 -0.890653 0.448532 1.388414 -1.262992 0.082796 1.212613 -1.095058 0.169078 
0.656135 -0.537643 0.035461 1.011660 -0.302724 0.397615 1.067185 -0.400689 0.501151 1.506552 -0.855646 0.451897 1.407626 -0.870939 0.446995 1.380985 -1.253655 0.093111 1.211967 -1.089242 0.178839 
0.655557 -0.537930 0.039229 1.019737 -0.284613 0.382787 1.076116 -0.378239 0.490595 1.512571 -0.845040 0.454624 1.411038 -0.852199 0.446220 1.375281 -1.245330 0.104706 1.212371 -1.083358 0.189297 
0.654679 -0.538899 0.044049 1.026143 -0.266914 0.366714 1.085669 -0.356617 0.479802 1.518618 -0.834174 0.457579 1.415393 -0.833986 0.445584 1.371061 -1.238114 0.117092 1.213242 -1.077481 0.199805 
0.653823 -0.539704 0.049509 1.031893 -0.249717 0.349457 1.095632 -0.335297 0.468045 1.524951 -0.823043 0.460285 1.420047 -0.815779 0.444358 1.366857 -1.230327 0.129710 1.214337 -1.071251 0.210398 
0.653189 -0.539868 0.055113 1.037759 -0.233004 0.330630 1.105565 -0.313854 0.454431 1.530965 -0.811332 0.462481 1.424594 -0.797152 0.442028 1.362774 -1.222031 0.142324 1.215338 -1.064390 0.221005 
1.115176 -0.292074 0.438310 1.536168 -0.798763 0.463972 1.428736 -0.777843 0.438173 1.043936 -0.216841 0.309909 0.652932 -0.538951 0.060308 1.358850 -1.213299 0.154745 1.215973 -1.056683 0.231543 
1.124377 -0.269854 0.419615 1.540592 -0.786074 0.466179 1.432121 -0.757788 0.433348 1.050095 -0.201328 0.287275 0.653071 -0.536755 0.064681 1.354045 -1.203977 0.167849 1.215777 -1.048135 0.242656 
1.133112 -0.247973 0.398727 1.544667 -0.773596 0.468449 1.434616 -0.737761 0.427349 1.056291 -0.186591 0.262259 0.653285 -0.533742 0.068928 1.347573 -1.193655 0.181148 1.214618 -1.038957 0.253750 
1.065522 -0.264313 0.417718 1.451231 -0.073994 0.408985 1.549159 -0.759710 0.469781 1.436919 -0.719003 0.422746 1.060044 -0.174142 0.239238 0.654061 -0.529919 0.071227 1.340876 -1.180708 0.194964 1.214253 -1.029251 0.265516 
1.072633 -0.245888 0.404627 1.460476 -0.057328 0.384734 1.554026 -0.744588 0.472433 1.439847 -0.701753 0.422384 1.060889 -0.163666 0.219662 0.654599 -0.526583 0.073155 1.335683 -1.167131 0.211840 1.215083 -1.019202 0.279488 
1.467740 -0.042919 0.365109 1.078162 -0.230343 0.393730 1.333672 -1.155469 0.231077 1.216838 -1.008823 0.294557 1.558700 -0.728205 0.475442 1.443416 -0.685880 0.424919 0.655179 -0.523626 0.074470 1.059636 -0.154973 0.202823 
1.472058 -0.031009 0.347690 1.081495 -0.216922 0.383811 1.332956 -1.145506 0.251024 1.218380 -0.998553 0.310037 1.562346 -0.713115 0.480575 1.446304 -0.671316 0.428959 1.002575 -0.197937 0.402743 0.751954 -0.431778 0.116475 
1.472743 -0.020761 0.331648 1.082390 -0.205679 0.374261 1.333619 -1.137076 0.269987 1.219752 -0.988600 0.324437 1.564820 -0.698331 0.484726 1.447933 -0.658187 0.432729 1.003397 -0.186218 0.392854 0.752261 -0.428350 0.114232 
1.471865 -0.012062 0.317140 1.078337 -0.198714 0.460867 1.004260 -0.176479 0.384414 1.335747 -1.129807 0.286784 1.221273 -0.979135 0.337208 1.566223 -0.684116 0.487773 1.449165 -0.646334 0.435955 
1.469616 -0.004726 0.304404 1.077765 -0.188642 0.453177 1.005353 -0.168163 0.377159 1.338103 -1.123446 0.302489 1.222983 -0.970308 0.348436 1.568549 -0.671980 0.491120 1.450551 -0.635795 0.438907 
1.467683 0.000876 0.295274 1.076875 -0.181410 0.447481 1.005786 -0.162233 0.371742 1.338894 -1.118869 0.312064 1.223943 -0.964528 0.354800 1.570940 -0.664837 0.493815 1.451267 -0.628548 0.439818 
1.467674 0.003772 0.290019 1.077085 -0.177350 0.444191 1.006097 -0.158816 0.368252 1.338077 -1.115547 0.313963 1.224106 -0.961950 0.356314 1.571847 -0.662127 0.494419 1.451270 -0.624961 0.438639 
1.468744 0.004178 0.289768 1.077719 -0.176683 0.444000 1.005673 -0.158166 0.367439 1.336272 -1.113778 0.312487 1.223859 -0.961735 0.355698 1.572428 -0.662851 0.494317 1.451155 -0.624727 0.438007 
1.469456 0.002651 0.293384 1.077984 -0.179081 0.446245 1.005133 -0.160072 0.369324 1.334773 -1.113507 0.308827 1.223827 -0.963374 0.353584 1.572786 -0.665720 0.493689 1.450946 -0.626923 0.437908 
1.468882 -0.000080 0.300173 1.077237 -0.183860 0.450446 1.004253 -0.164022 0.373598 1.334903 -1.115345 0.304057 1.224128 -0.966199 0.350476 1.572460 -0.669433 0.492737 1.450658 -0.630844 0.438497 
1.467320 -0.003742 0.309018 1.075703 -0.190381 0.455859 1.002897 -0.169631 0.379604 1.336603 -1.119457 0.299246 1.224542 -0.969880 0.346817 1.571599 -0.673599 0.491774 1.450498 -0.635976 0.439679 
1.465025 -0.008355 0.318554 1.073772 -0.197987 0.461587 1.001811 -0.176208 0.386264 1.338610 -1.124436 0.293424 1.224870 -0.974082 0.342368 1.570453 -0.678589 0.490558 1.450138 -0.642014 0.440570 
1.462144 -0.013790 0.328086 1.075750 -0.201895 0.371670 1.340516 -1.130238 0.285997 1.224856 -0.978901 0.336699 1.568908 -0.684740 0.488988 1.449384 -0.648944 0.440567 1.001174 -0.183443 0.393082 0.752208 -0.427229 0.112817 
1.459363 -0.020049 0.337803 1.073839 -0.209110 0.377414 1.342093 -1.136793 0.276722 1.224407 -0.984453 0.329578 1.566955 -0.692238 0.487012 1.448387 -0.656785 0.439586 1.000771 -0.191246 0.399942 0.752074 -0.429463 0.114155 
1.457229 -0.027150 0.348425 1.072299 -0.217062 0.383591 1.342858 -1.143522 0.265369 1.223559 -0.990786 0.320901 1.564839 -0.701261 0.484560 1.447219 -0.665600 0.437795 1.000186 -0.199713 0.406975 0.751967 -0.431790 0.115326 
1.455959 -0.035234 0.360534 1.071201 -0.225920 0.390548 1.342455 -1.149726 0.251919 1.222554 -0.997873 0.310731 1.563086 -0.712026 0.481656 1.445962 -0.675492 0.435432 0.655982 -0.522608 0.072220 1.056959 -0.152305 0.202702 
1.455136 -0.044626 0.374212 1.070296 -0.235988 0.398356 1.341672 -1.155950 0.236658 1.221640 -1.005683 0.299101 1.561732 -0.724392 0.478232 1.444797 -0.686606 0.432596 0.655813 -0.524377 0.071477 1.056529 -0.157586 0.212265 
1.069023 -0.247221 0.407424 1.454101 -0.055527 0.390143 1.559215 -0.737829 0.475204 1.443025 -0.698767 0.430003 1.055591 -0.163632 0.223429 0.655475 -0.526446 0.070804 1.341032 -1.162422 0.219968 1.220460 -1.014123 0.286512 
1.066797 -0.259503 0.416982 1.451825 -0.067293 0.407477 1.556800 -0.751295 0.472577 1.440954 -0.711390 0.428351 1.054317 -0.170371 0.235461 0.655105 -0.528577 0.069832 1.340503 -1.168837 0.204349 1.219283 -1.022301 0.274394 
1.064152 -0.272548 0.426981 1.449138 -0.080178 0.425733 1.553172 -0.764596 0.469993 1.438430 -0.724340 0.426874 1.052578 -0.177822 0.248460 0.654671 -0.530798 0.068729 1.340598 -1.175362 0.188341 1.217938 -1.030435 0.261993 
1.135498 -0.248074 0.401621 1.549873 -0.777068 0.468283 1.435796 -0.737216 0.426944 1.050484 -0.185678 0.261701 0.654228 -0.532906 0.067492 1.340961 -1.181493 0.174624 1.216755 -1.037750 0.251136 
1.131781 -0.260725 0.412974 1.546702 -0.789347 0.466312 1.433185 -0.749974 0.426637 1.048458 -0.194016 0.274752 0.653877 -0.534900 0.066245 1.341514 -1.187290 0.161021 1.215685 -1.044617 0.240373 
1.127390 -0.272906 0.423401 1.541874 -0.799962 0.464967 1.429851 -0.761770 0.426757 1.046931 -0.202438 0.287568 0.653571 -0.536477 0.064669 1.342829 -1.193275 0.148963 1.214123 -1.050635 0.230831 
1.122354 -0.284517 0.432496 1.537991 -0.809704 0.463873 1.426569 -0.772725 0.427089 1.045607 -0.210782 0.299345 0.653344 -0.537745 0.062875 1.343824 -1.198397 0.138702 1.212781 -1.055742 0.222638 
1.117516 -0.295281 0.440204 1.534211 -0.818767 0.462550 1.423296 -0.782726 0.426772 1.044574 -0.218851 0.309984 0.653202 -0.538738 0.061065 1.344615 -1.202832 0.128820 1.211419 -1.060265 0.214808 
1.113242 -0.304997 0.446702 1.530657 -0.827484 0.461088 1.420103 -0.791726 0.425773 1.043695 -0.226291 0.319140 0.653101 -0.539485 0.059402 1.344803 -1.206354 0.119090 1.209944 -1.064289 0.207163 
1.109689 -0.313726 0.452357 1.527273 -0.835893 0.459474 1.417087 -0.799815 0.424230 1.042726 -0.232994 0.326951 0.653042 -0.539996 0.057838 1.344429 -1.208931 0.109362 1.208394 -1.067909 0.199566 
0.652979 -0.540434 0.056438 1.041154 -0.239063 0.333769 1.106924 -0.321817 0.457720 1.524138 -0.843852 0.457785 1.414467 -0.807258 0.422594 1.343843 -1.210812 0.099949 1.206967 -1.071232 0.192169 
0.652831 -0.541022 0.055429 1.039539 -0.244680 0.339999 1.104579 -0.329391 0.462785 1.521426 -0.851352 0.456287 1.412182 -0.814158 0.421113 1.343303 -1.212364 0.091354 1.205789 -1.074286 0.185325 
0.652605 -0.541770 0.054773 1.038008 -0.249921 0.345693 1.102454 -0.336485 0.467465 1.519157 -0.858458 0.454896 1.410134 -0.820580 0.419691 1.342780 -1.213637 0.083466 1.204833 -1.077085 0.178973 
0.652352 -0.542563 0.054285 1.036566 -0.254868 0.350926 1.100492 -0.343231 0.471815 1.517166 -0.865182 0.453543 1.408262 -0.826627 0.418328 1.342246 -1.214699 0.076138 1.203995 -1.079649 0.173018 
0.652111 -0.543319 0.053820 1.035239 -0.259566 0.355900 1.098645 -0.349628 0.475909 1.519563 -0.873417 0.454771 1.407495 -0.832557 0.419429 1.338873 -1.213975 0.073427 1.204114 -1.081989 0.170681 
0.651934 -0.543939 0.053306 1.034047 -0.263824 0.360392 1.096846 -0.355386 0.479503 1.525013 -0.881239 0.457001 1.407579 -0.837950 0.422108 1.334112 -1.212813 0.075060 1.204856 -1.083942 0.171015 
0.651820 -0.544407 0.052805 1.033085 -0.267424 0.364147 1.095228 -0.360214 0.482409 1.529032 -0.887068 0.458386 1.407671 -0.842343 0.424165 1.330936 -1.212021 0.076168 1.205558 -1.085422 0.171115 
0.651757 -0.544760 0.052367 1.032306 -0.270271 0.367123 1.093842 -0.363831 0.484503 1.531639 -0.890905 0.459142 1.407751 -0.845541 0.425531 1.329303 -1.211614 0.076669 1.206219 -1.086443 0.171023 
0.651741 -0.544951 0.052056 1.031930 -0.272103 0.368994 1.092794 -0.366018 0.485637 1.532897 -0.892828 0.459355 1.407576 -0.847424 0.426202 1.328492 -1.211374 0.076873 1.206575 -1.087010 0.170921 
0.651758 -0.544968 0.051903 1.031870 -0.272749 0.369598 1.092300 -0.366764 0.485930 1.533060 -0.893179 0.459264 1.407353 -0.848024 0.426340 1.328314 -1.211290 0.076857 1.206623 -1.087139 0.170865 
0.651783 -0.544897 0.051925 1.031991 -0.272391 0.369207 1.092393 -0.366268 0.485592 1.532506 -0.892424 0.459061 1.407235 -0.847554 0.426111 1.328610 -1.211358 0.076732 1.206481 -1.086965 0.170861 
0.651831 -0.544742 0.052035 1.032287 -0.271346 0.368165 1.092789 -0.364875 0.484762 1.531028 -0.890289 0.458483 1.406980 -0.846254 0.425501 1.329491 -1.211531 0.076437 1.206167 -1.086534 0.170851 
0.651900 -0.544497 0.052227 1.032812 -0.269673 0.366469 1.093475 -0.362642 0.483416 1.528901 -0.887183 0.457650 1.406663 -0.844201 0.424540 1.330762 -1.211777 0.076028 1.205691 -1.085859 0.170853 
0.651981 -0.544152 0.052538 1.033667 -0.267321 0.364007 1.094547 -0.359496 0.481473 1.526480 -0.883627 0.456786 1.406447 -0.841383 0.423245 1.332205 -1.212105 0.075599 1.205066 -1.084947 0.170909 
0.652067 -0.543706 0.052975 1.034882 -0.264302 0.360758 1.096039 -0.355477 0.478939 1.523921 -0.879860 0.455994 1.406403 -0.837850 0.421645 1.333721 -1.212505 0.075189 1.204308 -1.083812 0.171033 
0.652199 -0.543098 0.053378 1.036272 -0.260822 0.356992 1.097833 -0.351030 0.476170 1.521040 -0.875595 0.455090 1.406477 -0.833911 0.419909 1.335545 -1.213014 0.074761 1.203482 -1.082503 0.171157 
0.652352 -0.542461 0.053718 1.037362 -0.257266 0.353186 1.099805 -0.346556 0.473499 1.518117 -0.870951 0.453992 1.406790 -0.829846 0.418194 1.337691 -1.213155 0.074149 1.202874 -1.081070 0.171222 
0.652506 -0.541860 0.054033 1.038216 -0.253778 0.349503 1.101750 -0.342217 0.470982 1.516951 -0.866647 0.453546 1.407548 -0.825894 0.417416 1.338861 -1.212354 0.075186 1.202787 -1.079550 0.172498 
0.652641 -0.541357 0.054400 1.039009 -0.250407 0.345972 1.103477 -0.337942 0.468463 1.517845 -0.862628 0.454184 1.408729 -0.822078 0.417974 1.338967 -1.211354 0.078977 1.203146 -1.078022 0.175634 
0.652797 -0.540835 0.054752 1.039947 -0.247051 0.342368 1.104951 -0.333441 0.465582 1.519193 -0.858264 0.455072 1.409993 -0.818047 0.418810 1.339155 -1.210504 0.083744 1.203675 -1.076336 0.179498 
0.652973 -0.540257 0.055126 1.041037 -0.243471 0.338395 1.106437 -0.328561 0.462302 1.520652 -0.853473 0.455986 1.411336 -0.813637 0.419652 1.339432 -1.209595 0.088962 1.204257 -1.074426 0.183732 
0.653168 -0.539617 0.055531 1.042222 -0.239580 0.333976 1.108060 -0.323232 0.458629 1.522261 -0.848190 0.456928 1.412817 -0.808775 0.420522 1.339755 -1.208531 0.094690 1.204913 -1.072272 0.188367 
1.109784 -0.317434 0.454562 1.523984 -0.842380 0.457963 1.414405 -0.803429 0.421472 1.043473 -0.235370 0.329107 0.653379 -0.538907 0.055961 1.340127 -1.207290 0.101020 1.205634 -1.069848 0.193467 
1.111620 -0.311216 0.450082 1.525846 -0.836078 0.459016 1.416118 -0.797628 0.422438 1.044798 -0.230883 0.323781 0.653607 -0.538135 0.056418 1.340551 -1.205854 0.107872 1.206430 -1.067150 0.198967 
1.113595 -0.304527 0.445108 1.527873 -0.829210 0.460056 1.417985 -0.791308 0.423392 1.046214 -0.226088 0.317917 0.653857 -0.537288 0.056904 1.341044 -1.204187 0.115298 1.207321 -1.064133 0.204900 
1.115727 -0.297307 0.439553 1.530094 -0.821692 0.461065 1.420028 -0.784390 0.424318 1.047730 -0.220951 0.311425 0.654133 -0.536355 0.057420 1.341616 -1.202235 0.123375 1.208325 -1.060736 0.211326 
1.118036 -0.289496 0.433318 1.532533 -0.813432 0.462021 1.422274 -0.776788 0.425194 1.049359 -0.215440 0.304201 0.654437 -0.535322 0.057969 1.342293 -1.199950 0.132197 1.209460 -1.056891 0.218302 
1.120564 -0.281032 0.426304 1.535225 -0.804334 0.462889 1.424760 -0.768408 0.425995 1.051092 -0.209514 0.296122 0.654774 -0.534176 0.058556 1.343071 -1.197232 0.141837 1.210749 -1.052521 0.225882 
1.123362 -0.271857 0.418394 1.538208 -0.794294 0.463624 1.427530 -0.759149 0.426684 1.052912 -0.203141 0.287049 0.655148 -0.532898 0.059183 1.343950 -1.193974 0.152378 1.212217 -1.047539 0.234116 
1.126265 -0.261914 0.410058 1.540851 -0.783926 0.465266 1.429986 -0.749042 0.427709 1.054400 -0.196310 0.277293 0.655458 -0.531506 0.059889 1.344290 -1.189891 0.163862 1.213422 -1.042108 0.243124 
1.129506 -0.251724 0.401304 1.543715 -0.773664 0.466940 1.432454 -0.738621 0.428510 1.055866 -0.189259 0.266647 0.655720 -0.530073 0.060893 1.343930 -1.185037 0.175456 1.214471 -1.036399 0.252169 
1.058976 -0.279176 0.428547 1.440669 -0.084806 0.431502 1.546761 -0.763229 0.468437 1.435095 -0.727940 0.429043 1.057271 -0.182261 0.255586 0.655995 -0.528578 0.062064 1.343505 -1.179701 0.187159 1.215620 -1.030415 0.261268 
1.062549 -0.267714 0.420676 1.445151 -0.073905 0.416349 1.549687 -0.752776 0.470372 1.437523 -0.717036 0.429644 1.058494 -0.175450 0.244446 0.656225 -0.527055 0.063316 1.342900 -1.173948 0.199299 1.216694 -1.024190 0.270694 
1.065583 -0.256664 0.412857 1.449013 -0.063497 0.401738 1.552474 -0.743123 0.472717 1.439354 -0.706544 0.430252 1.059480 -0.169081 0.233396 0.656413 -0.525479 0.064691 1.341501 -1.167872 0.211190 1.217343 -1.018018 0.279902 
1.068679 -0.246476 0.405447 1.452935 -0.054105 0.388074 1.554821 -0.733747 0.474642 1.441156 -0.696631 0.430746 1.059805 -0.163340 0.222693 0.656645 -0.523861 0.065722 1.340281 -1.161878 0.222250 1.217899 -1.011958 0.288460 
1.456263 -0.045711 0.375509 1.071345 -0.237214 0.398562 1.339343 -1.155853 0.232935 1.218605 -1.005973 0.296787 1.557025 -0.724681 0.476554 1.442830 -0.687312 0.431512 0.656892 -0.522307 0.066467 1.059657 -0.158290 0.212949 
1.458342 -0.038537 0.364545 1.072915 -0.229192 0.392309 1.337526 -1.150055 0.242959 1.218798 -1.000542 0.304556 1.559082 -0.717310 0.479196 1.443653 -0.679188 0.432579 0.657023 -0.520900 0.067119 1.059723 -0.154135 0.204462 
1.459957 -0.032798 0.355599 1.074144 -0.222755 0.387110 1.336294 -1.145460 0.250846 1.218804 -0.996029 0.310656 1.560239 -0.711024 0.481077 1.444196 -0.672546 0.433264 1.000600 -0.203091 0.409925 0.753534 -0.431277 0.110485 
1.461050 -0.028520 0.348997 1.075005 -0.217965 0.383259 1.335679 -1.141862 0.257093 1.218928 -0.992417 0.315511 1.560959 -0.705808 0.482438 1.444630 -0.667399 0.434014 1.000575 -0.197946 0.405501 0.753650 -0.429789 0.109413 
1.461462 -0.025522 0.344365 1.075394 -0.214660 0.380551 1.335576 -1.139164 0.261869 1.219274 -0.989658 0.319280 1.561625 -0.701829 0.483485 1.445014 -0.663661 0.434806 1.000694 -0.194464 0.402583 0.753721 -0.428820 0.108727 
1.461598 -0.023592 0.341395 1.075562 -0.212560 0.378804 1.335692 -1.137440 0.265147 1.219583 -0.987785 0.321855 1.562082 -0.699106 0.484198 1.445310 -0.661198 0.435437 1.000873 -0.192251 0.400764 0.753768 -0.428226 0.108309 
1.461592 -0.022654 0.340111 1.075588 -0.211585 0.378047 1.335889 -1.136593 0.266948 1.219818 -0.986814 0.323257 1.562342 -0.697636 0.484579 1.445502 -0.659974 0.435922 1.000901 -0.191238 0.399972 0.753775 -0.427957 0.108130 
1.461476 -0.022665 0.340398 1.075501 -0.211676 0.378215 1.336060 -1.136531 0.267223 1.219964 -0.986733 0.323478 1.562449 -0.697468 0.484646 1.445582 -0.659960 0.436206 1.000809 -0.191351 0.400141 0.753750 -0.427992 0.108169 
1.461285 -0.023608 0.342148 1.075327 -0.212789 0.379245 1.336129 -1.137210 0.265904 1.219998 -0.987545 0.322483 1.562412 -0.698647 0.484395 1.445534 -0.661140 0.436214 1.000626 -0.192540 0.401206 0.753701 -0.428317 0.108412 
1.461038 -0.025476 0.345296 1.075075 -0.214897 0.381095 1.336095 -1.138634 0.262964 1.219900 -0.989246 0.320245 1.562200 -0.701169 0.483819 1.445343 -0.663495 0.435900 1.000360 -0.194780 0.403122 0.753628 -0.428927 0.108859 
1.460731 -0.028294 0.349815 1.074747 -0.218014 0.383739 1.335925 -1.140749 0.258421 1.219672 -0.991805 0.316773 1.561845 -0.705037 0.482904 1.445013 -0.667016 0.435253 1.000013 -0.198081 0.405866 0.753533 -0.429819 0.109492 
1.460344 -0.032137 0.355775 1.074325 -0.222214 0.387208 1.335621 -1.143513 0.252202 1.219333 -0.995219 0.312016 1.561359 -0.710287 0.481614 1.444548 -0.671746 0.434263 0.999566 -0.202523 0.409469 0.753413 -0.431017 0.110318 
1.459837 -0.037118 0.363302 1.073782 -0.227607 0.391556 1.335252 -1.146932 0.244253 1.218912 -0.999480 0.305915 1.560748 -0.716944 0.479894 1.443959 -0.677745 0.432936 0.657101 -0.520541 0.067017 1.058280 -0.153293 0.202337 
1.459207 -0.043362 0.372421 1.073109 -0.234298 0.396778 1.334810 -1.150975 0.234466 1.218406 -1.004592 0.298368 1.560002 -0.725065 0.477664 1.443240 -0.685069 0.431197 0.656987 -0.521676 0.066603 1.057928 -0.156782 0.208821 
1.071836 -0.242226 0.403299 1.458065 -0.050904 0.383859 1.558772 -0.734303 0.475870 1.442040 -0.693517 0.429999 1.057103 -0.161009 0.217098 0.656764 -0.523094 0.066129 1.334317 -1.155217 0.223767 1.217837 -1.010361 0.290228 
1.069781 -0.251347 0.410836 1.455849 -0.059273 0.397428 1.557241 -0.743196 0.474232 1.440742 -0.702609 0.429933 1.055818 -0.165845 0.226656 0.656517 -0.524654 0.065374 1.334681 -1.159999 0.213741 1.217444 -1.016127 0.282397 
1.067324 -0.261293 0.418506 1.453048 -0.068533 0.411488 1.555401 -0.752392 0.472333 1.439344 -0.712283 0.429698 1.054476 -0.171319 0.236799 0.656272 -0.526283 0.064470 1.335529 -1.165318 0.203155 1.217041 -1.022034 0.274042 
1.064408 -0.271634 0.426001 1.449608 -0.078567 0.425327 1.553023 -0.762059 0.470583 1.437478 -0.722244 0.429138 1.053358 -0.177305 0.247267 0.655979 -0.527926 0.063626 1.336398 -1.170706 0.192024 1.216419 -1.027956 0.265360 
1.135028 -0.244400 0.397250 1.550425 -0.771042 0.469415 1.435218 -0.731978 0.429339 1.052179 -0.183496 0.257693 0.655695 -0.529420 0.062658 1.337430 -1.176022 0.182306 1.215657 -1.033322 0.257670 
1.131513 -0.253791 0.405565 1.547809 -0.779707 0.468071 1.433020 -0.741499 0.429360 1.050834 -0.189843 0.267805 0.655446 -0.530819 0.061575 1.338503 -1.181026 0.172722 1.214925 -1.038405 0.250069 
1.128315 -0.262947 0.413283 1.545324 -0.788501 0.466570 1.430815 -0.750718 0.428841 1.049550 -0.196156 0.277277 0.655224 -0.532098 0.060647 1.339076 -1.185436 0.162899 1.214075 -1.043282 0.242341 
1.125416 -0.271559 0.420459 1.542389 -0.797039 0.465393 1.428423 -0.759308 0.428192 1.048106 -0.202233 0.286113 0.655013 -0.533190 0.059685 1.339234 -1.189295 0.153365 1.212918 -1.047851 0.234871 
1.122346 -0.279461 0.426996 1.539600 -0.804185 0.464669 1.426116 -0.766954 0.428276 1.046625 -0.207786 0.293997 0.654875 -0.533957 0.058506 1.339437 -1.192632 0.145742 1.211801 -1.051615 0.228828 
1.119654 -0.286500 0.432584 1.537051 -0.810476 0.463883 1.424068 -0.773672 0.428170 1.045196 -0.212839 0.300889 0.654819 -0.534483 0.057243 1.339575 -1.195419 0.138862 1.210779 -1.054856 0.223377 
1.117392 -0.292486 0.437114 1.534802 -0.816101 0.463098 1.422195 -0.779385 0.427723 1.044063 -0.217217 0.306594 0.654784 -0.534870 0.056157 1.339484 -1.197622 0.132635 1.209805 -1.057610 0.218466 
1.115599 -0.297461 0.440772 1.532846 -0.821144 0.462334 1.420490 -0.784160 0.426989 1.043150 -0.220881 0.311193 0.654756 -0.535156 0.055270 1.339117 -1.199224 0.126958 1.208871 -1.059945 0.214016 
1.114228 -0.301732 0.443955 1.531235 -0.825524 0.461643 1.419122 -0.788241 0.426331 1.042267 -0.223980 0.315051 0.654714 -0.535430 0.054584 1.338734 -1.200425 0.121998 1.208109 -1.061943 0.210114 
