1.237331 0.102692 0.004649 1.302751 -0.017348 0.003922 1.117197 -0.124340 0.003874 1.048474 -0.004671 0.004607 
1.237493 0.102676 0.004712 1.302942 -0.017350 0.004330 1.117414 -0.124386 0.003865 1.048662 -0.004732 0.004244 
1.237438 0.102513 0.004076 1.302934 -0.017488 0.004162 1.117447 -0.124597 0.004385 1.048649 -0.004969 0.004301 
1.238122 0.102290 0.004252 1.303687 -0.017670 0.005110 1.118268 -0.124892 0.004093 1.049401 -0.005307 0.003211 
1.237675 0.102461 0.003580 1.303327 -0.017452 0.004375 1.117981 -0.124804 0.004475 1.049027 -0.005268 0.003673 
1.237811 0.102674 0.003908 1.303397 -0.017277 0.004310 1.117992 -0.124526 0.003919 1.049104 -0.004951 0.003508 
1.237813 0.102673 0.004008 1.303398 -0.017278 0.004372 1.117993 -0.124527 0.004018 1.049105 -0.004951 0.003646 
1.237844 0.102979 0.004609 1.303441 -0.016966 0.004383 1.118046 -0.124229 0.003433 1.049147 -0.004659 0.003648 
1.237870 0.102960 0.004660 1.303456 -0.016991 0.004452 1.118051 -0.124238 0.003557 1.049162 -0.004662 0.003754 
1.238055 0.102879 0.004759 1.303617 -0.017086 0.004881 1.118194 -0.124297 0.003582 1.049329 -0.004707 0.003440 
1.238295 0.102938 0.004951 1.303756 -0.017081 0.004893 1.118245 -0.124133 0.003095 1.049481 -0.004485 0.003127 
1.238297 0.102933 0.005217 1.303756 -0.017088 0.005159 1.118242 -0.124134 0.003273 1.049481 -0.004485 0.003305 
1.237605 0.103673 0.004992 1.303696 -0.016000 0.004604 1.118746 -0.124025 0.003271 1.049354 -0.004741 0.003643 
1.237214 0.104069 0.004753 1.303609 -0.015436 0.004321 1.118932 -0.123932 0.003383 1.049238 -0.004824 0.003806 
1.237192 0.104036 0.004024 1.303853 -0.015320 0.004462 1.119420 -0.124231 0.003648 1.049461 -0.005279 0.003194 
1.237670 0.104008 0.004118 1.304315 -0.015355 0.004997 1.119877 -0.124248 0.003414 1.049933 -0.005289 0.002504 
1.237682 0.103950 0.003977 1.304299 -0.015427 0.004944 1.119832 -0.124278 0.003730 1.049917 -0.005304 0.002736 
1.238806 0.103284 0.004597 1.304772 -0.016454 0.005577 1.119727 -0.124301 0.003346 1.050460 -0.004949 0.002324 
1.238747 0.103187 0.008201 1.304670 -0.016576 0.009057 1.119647 -0.124344 0.003549 1.050424 -0.004965 0.002604 
1.237236 0.103731 0.014403 1.303801 -0.015678 0.015084 1.119567 -0.124344 0.003798 1.049707 -0.005336 0.002949 
1.235793 0.103779 0.022794 1.302720 -0.015428 0.023254 1.119310 -0.124385 0.004095 1.049096 -0.005584 0.003355 
1.234123 0.104244 0.027076 1.301579 -0.014666 0.027121 1.118965 -0.124194 0.004018 1.048229 -0.005702 0.003641 
1.234455 0.103881 0.028366 1.301596 -0.015206 0.027983 1.118766 -0.124121 0.003721 1.048346 -0.005441 0.003759 
1.235072 0.103732 0.027515 1.301975 -0.015489 0.026883 1.118816 -0.124057 0.003568 1.048631 -0.005238 0.003871 
1.234712 0.104183 0.027866 1.301937 -0.014854 0.026977 1.119083 -0.123860 0.003318 1.048577 -0.005232 0.003875 
1.234168 0.104437 0.029805 1.301738 -0.014405 0.028923 1.119374 -0.123832 0.003489 1.048526 -0.005408 0.004014 
0.629403 -0.149323 0.003377 0.763560 -0.124627 0.012425 0.798480 -0.338887 0.020594 0.662542 -0.360785 0.011343 1.234860 0.102813 0.038177 1.301633 -0.016469 0.036445 1.119272 -0.123987 0.003859 1.049229 -0.005091 0.005140 
0.625549 -0.150014 0.003373 0.759538 -0.124161 0.011646 0.796443 -0.338144 0.018211 0.660647 -0.361213 0.009766 1.229659 0.100158 0.044812 1.297785 -0.018331 0.041808 1.117038 -0.127271 0.005203 1.045651 -0.009196 0.007710 
0.624100 -0.150410 0.003578 0.757797 -0.123068 0.011782 0.797407 -0.336663 0.013168 0.661867 -0.361241 0.004865 1.220135 0.092907 0.046403 1.290142 -0.024480 0.043374 1.110799 -0.136563 0.009446 1.037534 -0.019646 0.012017 
0.620160 -0.151041 0.004145 0.753433 -0.121466 0.011458 0.796632 -0.334367 0.012330 0.661470 -0.361209 0.004935 1.213749 0.085988 0.047456 1.284746 -0.030796 0.044137 1.105952 -0.144647 0.013339 1.031696 -0.028365 0.016248 
0.617255 -0.151643 0.006097 0.750191 -0.120360 0.012350 0.796194 -0.332671 0.011278 0.661332 -0.361246 0.004981 1.210336 0.083481 0.047462 1.282724 -0.032431 0.043661 1.105075 -0.148498 0.014557 1.029431 -0.033128 0.017977 
0.615171 -0.152183 0.007667 0.747877 -0.119698 0.012542 0.795824 -0.331565 0.009809 0.661167 -0.361359 0.004926 1.208504 0.085917 0.045579 1.281922 -0.029295 0.040502 1.105104 -0.146844 0.012298 1.028431 -0.032201 0.017019 
0.613639 -0.152576 0.008016 0.746148 -0.119099 0.011285 0.795636 -0.330606 0.008202 0.661157 -0.361407 0.004946 1.207434 0.091474 0.041237 1.281450 -0.023267 0.034456 1.105022 -0.141599 0.007098 1.027751 -0.027443 0.013552 
0.612197 -0.152797 0.007805 0.744541 -0.118540 0.008989 0.795215 -0.329770 0.006175 0.660885 -0.361362 0.005020 1.206186 0.094880 0.034740 1.280899 -0.019414 0.028036 1.104899 -0.139269 0.004875 1.026931 -0.025587 0.011311 
0.611310 -0.153093 0.008554 0.743512 -0.118274 0.008455 0.795053 -0.329283 0.004989 0.660854 -0.361447 0.005138 1.204355 0.096575 0.027919 1.280140 -0.017053 0.021982 1.105002 -0.139168 0.004876 1.025964 -0.026190 0.010626 
0.610355 -0.154263 0.011509 0.742335 -0.118638 0.010114 0.795109 -0.329309 0.004986 0.661116 -0.362290 0.006466 1.201835 0.098200 0.022491 1.278943 -0.014550 0.016869 1.105094 -0.139092 0.004875 1.024739 -0.027035 0.010379 
0.609019 -0.156099 0.016705 0.740620 -0.119236 0.013232 0.795207 -0.329345 0.004984 0.661572 -0.363585 0.008608 1.198448 0.099873 0.018805 1.277223 -0.011692 0.012661 1.105186 -0.139051 0.004872 1.023173 -0.028232 0.010964 
0.606991 -0.160655 0.020460 0.738209 -0.122709 0.014813 0.794360 -0.332350 0.005235 0.661089 -0.367689 0.011072 1.198871 0.095423 0.022911 1.278702 -0.015444 0.017860 1.108035 -0.144831 0.020974 1.024976 -0.034746 0.026119 
0.603711 -0.167086 0.018670 0.734311 -0.127170 0.012337 0.793701 -0.336005 0.004957 0.661007 -0.373345 0.011455 1.223011 0.090194 0.040797 1.298037 -0.024046 0.037600 1.121999 -0.145963 0.042556 1.043714 -0.032364 0.045856 
0.601237 -0.169935 0.014385 0.731304 -0.128389 0.007579 0.793544 -0.336506 0.004912 0.661348 -0.375502 0.011821 1.250231 0.091628 0.055610 1.321624 -0.024956 0.054707 1.141782 -0.141172 0.060029 1.067110 -0.025124 0.061017 
0.600800 -0.169874 0.010945 0.730990 -0.128610 0.004793 0.792903 -0.336842 0.004942 0.660588 -0.375551 0.011151 1.285466 0.092303 0.071534 1.354835 -0.023760 0.091712 1.173378 -0.137464 0.096442 1.100726 -0.021907 0.076135 
0.600855 -0.169858 0.011642 0.731013 -0.128603 0.004804 0.792926 -0.336835 0.004944 0.660643 -0.375535 0.011845 1.312270 0.106152 0.087553 1.379898 -0.007376 0.122591 1.198363 -0.121031 0.124831 1.127468 -0.008033 0.089484 
0.600067 -0.167034 0.014183 0.730922 -0.128575 0.004816 0.788444 -0.338063 0.005180 0.655520 -0.373922 0.014632 1.307413 0.144772 0.098263 1.382137 0.034905 0.130441 1.208368 -0.090306 0.128345 1.130420 0.018830 0.095825 
0.599781 -0.167770 0.017301 0.730156 -0.128568 0.004830 0.788961 -0.337699 0.004938 0.656504 -0.374314 0.017527 1.305087 0.176961 0.073485 1.385761 0.069612 0.099133 1.216563 -0.061140 0.111537 1.132674 0.045373 0.085817 
0.594395 -0.173439 0.023051 0.722665 -0.129588 0.005336 0.789156 -0.336403 0.004927 0.658715 -0.377744 0.022818 1.317956 0.178404 0.015308 1.399285 0.071060 0.038819 1.231303 -0.051552 0.090062 1.146769 0.055073 0.067059 
0.596202 -0.167593 0.032024 0.724082 -0.123981 0.011176 0.789834 -0.330991 0.007016 0.659797 -0.372088 0.028123 1.319131 0.180762 0.005056 1.399699 0.071963 0.024064 1.231729 -0.049455 0.078114 1.147964 0.058657 0.059698 
0.598651 -0.157787 0.044513 0.725587 -0.111882 0.022837 0.792784 -0.317702 0.005058 0.663680 -0.361131 0.027194 1.324431 0.188737 0.005110 1.404417 0.078723 0.018866 1.236250 -0.043498 0.070439 1.153070 0.065829 0.057290 
0.596181 -0.164036 0.060954 0.721479 -0.115087 0.036574 0.791675 -0.318939 0.009913 0.664182 -0.365469 0.034904 1.328763 0.202438 0.005063 1.409217 0.092255 0.013821 1.241619 -0.032840 0.060080 1.157974 0.076616 0.051901 
0.588473 -0.182028 0.081959 0.711340 -0.129696 0.052722 0.785217 -0.331411 0.020363 0.660126 -0.381386 0.050338 1.334547 0.220274 0.004993 1.414996 0.109787 0.008240 1.247176 -0.017657 0.046608 1.163533 0.092071 0.043880 
0.580522 -0.202229 0.103703 0.700784 -0.147257 0.068988 0.776988 -0.347239 0.031655 0.654495 -0.399904 0.067231 1.341952 0.232801 0.005981 1.422300 0.122196 0.005433 1.253847 -0.006693 0.035249 1.170297 0.103136 0.036231 
0.578613 -0.218209 0.122315 0.696946 -0.161274 0.084296 0.773854 -0.359684 0.040564 0.653297 -0.414353 0.079567 1.341686 0.233915 0.010160 1.422263 0.123602 0.004841 1.254290 -0.006732 0.030835 1.170515 0.102780 0.036578 
0.581397 -0.234935 0.135508 0.697827 -0.175343 0.095726 0.776104 -0.371412 0.044508 0.657449 -0.428798 0.085397 1.341002 0.232748 0.015039 1.422492 0.123454 0.004844 1.256280 -0.009271 0.030051 1.171609 0.099178 0.040707 
0.589765 -0.253980 0.139851 0.704354 -0.191096 0.099792 0.785294 -0.384120 0.041618 0.668460 -0.444872 0.082886 1.341995 0.231060 0.019300 1.424901 0.123321 0.004855 1.261072 -0.012524 0.029021 1.175006 0.094311 0.043954 
0.603469 -0.272570 0.134002 0.716459 -0.205867 0.095610 0.801048 -0.394904 0.030008 0.685777 -0.459567 0.069697 1.344332 0.228847 0.023118 1.429181 0.123218 0.004869 1.268325 -0.016479 0.026948 1.180339 0.088168 0.045692 
0.621195 -0.291141 0.118654 0.732842 -0.220538 0.083445 0.821667 -0.404901 0.010548 0.707691 -0.473570 0.047128 1.349074 0.226892 0.026682 1.436264 0.123874 0.004882 1.278743 -0.020124 0.023034 1.188442 0.081825 0.045307 
0.627522 -0.298523 0.119371 0.738524 -0.226284 0.085462 0.827607 -0.407815 0.006061 0.714279 -0.478175 0.041420 1.359650 0.225480 0.031581 1.446361 0.123211 0.004894 1.288816 -0.021136 0.019766 1.198998 0.080053 0.046926 
0.630782 -0.300535 0.126585 0.741437 -0.228031 0.092107 0.827781 -0.407964 0.006302 0.714843 -0.478613 0.042326 1.371409 0.225506 0.037565 1.455571 0.122844 0.004901 1.295544 -0.019020 0.016878 1.208263 0.082601 0.050032 
0.633902 -0.303974 0.134383 0.743867 -0.230652 0.099433 0.827872 -0.408172 0.006569 0.715663 -0.479681 0.043170 1.377303 0.226027 0.044342 1.459046 0.123786 0.004911 1.297408 -0.016364 0.015355 1.212548 0.084857 0.055320 
0.637102 -0.308762 0.142707 0.746151 -0.234177 0.107561 0.827973 -0.408408 0.006851 0.716720 -0.481240 0.043761 1.381289 0.226843 0.051853 1.460291 0.125622 0.004919 1.297208 -0.012926 0.014203 1.215094 0.087288 0.061727 
0.640293 -0.314567 0.151133 0.748358 -0.238494 0.116136 0.827948 -0.408713 0.007120 0.717720 -0.483103 0.043996 1.383841 0.226007 0.058977 1.460600 0.126627 0.004927 1.297041 -0.011410 0.013418 1.217185 0.086953 0.068115 
0.644613 -0.320765 0.160354 0.751596 -0.243244 0.125212 0.828035 -0.409005 0.007424 0.718944 -0.484920 0.044572 1.386180 0.223778 0.065367 1.460874 0.126522 0.004935 1.297297 -0.011505 0.013230 1.219526 0.084712 0.074369 
0.650354 -0.327685 0.170573 0.756142 -0.248714 0.135045 0.828270 -0.409332 0.007793 0.720446 -0.486785 0.045465 1.388733 0.220547 0.071603 1.461898 0.125896 0.005438 1.299046 -0.013004 0.013410 1.222829 0.080571 0.080332 
0.657776 -0.334415 0.181279 0.762580 -0.254451 0.145062 0.828629 -0.409678 0.008182 0.721884 -0.488208 0.046685 1.395606 0.215008 0.080189 1.467435 0.123142 0.008837 1.305107 -0.016450 0.015276 1.230247 0.074303 0.087415 
0.666881 -0.343309 0.192453 0.770544 -0.261961 0.156036 0.829865 -0.410097 0.008624 0.724368 -0.490127 0.047479 1.404573 0.207674 0.094403 1.475138 0.119270 0.017623 1.313164 -0.020841 0.020908 1.239585 0.066409 0.098482 
0.678687 -0.356101 0.201971 0.781425 -0.272617 0.167837 0.835710 -0.410689 0.009146 0.731218 -0.493017 0.045855 1.412842 0.199229 0.117234 1.482042 0.115754 0.033969 1.320614 -0.025017 0.032475 1.248422 0.057246 0.116529 
0.692098 -0.372863 0.210702 0.793819 -0.286621 0.180621 0.843967 -0.411447 0.010042 0.740561 -0.496747 0.042828 1.420869 0.189604 0.150593 1.488455 0.113132 0.059632 1.327721 -0.028191 0.051270 1.257167 0.046994 0.142994 
0.706093 -0.392987 0.218146 0.806788 -0.303838 0.193595 0.853146 -0.412403 0.011226 0.750829 -0.500868 0.038597 1.431772 0.176265 0.192437 1.497249 0.108676 0.093269 1.336658 -0.032002 0.076012 1.268236 0.034223 0.175896 
0.721027 -0.414021 0.223524 0.821204 -0.322803 0.205261 0.863329 -0.413518 0.012414 0.761595 -0.504325 0.033584 1.448399 0.156022 0.237270 1.510964 0.098360 0.130263 1.349294 -0.039562 0.103473 1.283796 0.016678 0.211135 
0.728280 -0.435102 0.225475 0.828813 -0.343063 0.214906 0.867942 -0.414710 0.013587 0.765891 -0.506617 0.027110 1.468144 0.127065 0.280686 1.531657 0.077943 0.170038 1.368590 -0.054722 0.128966 1.302116 -0.007028 0.240099 
0.734989 -0.453383 0.222915 0.836660 -0.362006 0.221212 0.876512 -0.416029 0.014604 0.773302 -0.507517 0.019250 1.477420 0.092545 0.337502 1.539816 0.053654 0.222245 1.374917 -0.072415 0.169401 1.309544 -0.034957 0.285018 
0.732243 -0.475515 0.222653 0.833990 -0.384632 0.231457 0.876351 -0.417527 0.020940 0.773028 -0.508815 0.015034 1.469655 0.057918 0.398196 1.536137 0.029457 0.282179 1.373913 -0.092073 0.212959 1.304453 -0.065082 0.329109 
0.730194 -0.496860 0.223825 0.831682 -0.407197 0.242547 0.876779 -0.419892 0.030418 0.773680 -0.510235 0.014522 1.458467 0.017954 0.461574 1.526820 0.001408 0.344340 1.366953 -0.114594 0.261493 1.295637 -0.099554 0.378676 
0.726126 -0.517437 0.222682 0.827078 -0.429834 0.251394 0.876045 -0.423014 0.039853 0.773431 -0.511553 0.013863 1.449986 -0.026718 0.520402 1.520934 -0.032821 0.403702 1.362904 -0.140505 0.307222 1.288995 -0.135890 0.423671 1.508022 -1.163288 0.271212 1.487603 -1.215624 0.236570 1.474992 -1.206341 0.229980 1.495411 -1.154005 0.264621 
0.721559 -0.535315 0.219541 0.821766 -0.450518 0.257723 0.875860 -0.426602 0.048688 0.773926 -0.512551 0.013101 1.440478 -0.073050 0.575119 1.513787 -0.069603 0.459777 1.357422 -0.167943 0.351348 1.281153 -0.172837 0.466254 1.499854 -1.155382 0.261040 1.473977 -1.204154 0.224877 1.462346 -1.193412 0.218713 1.488223 -1.144641 0.254876 
0.717541 -0.552629 0.214636 0.816537 -0.471273 0.262289 0.876440 -0.430730 0.057444 0.775647 -0.513441 0.012236 1.425941 -0.121819 0.626771 1.501639 -0.108625 0.513698 1.347881 -0.197737 0.394135 1.269238 -0.212340 0.506589 1.501113 -1.173520 0.242250 1.475879 -1.220961 0.203926 1.464288 -1.210029 0.198026 1.489522 -1.162589 0.236350 
0.713053 -0.571034 0.207661 0.810160 -0.493845 0.265125 0.875963 -0.435625 0.066444 0.776994 -0.514379 0.011245 1.405014 -0.175218 0.676125 1.483494 -0.151657 0.566692 1.333742 -0.231083 0.435759 1.252347 -0.256015 0.544374 1.509232 -1.201692 0.225146 1.486589 -1.248415 0.184400 1.474503 -1.237796 0.178940 1.497145 -1.191073 0.219686 
0.708495 -0.590306 0.198662 0.802978 -0.518288 0.266310 0.874841 -0.441438 0.076249 0.778434 -0.515235 0.010645 1.379118 -0.234973 0.723533 1.460258 -0.200313 0.619107 1.315467 -0.269076 0.477033 1.231457 -0.305061 0.580433 1.526438 -1.219255 0.227921 1.502322 -1.264518 0.186379 1.489655 -1.253977 0.182247 1.513771 -1.208714 0.223788 
0.703601 -0.609499 0.187510 0.794785 -0.543551 0.265139 0.872476 -0.448241 0.086048 0.779318 -0.516171 0.010212 1.351333 -0.301003 0.767826 1.434634 -0.254946 0.669695 1.294990 -0.311483 0.517442 1.208873 -0.358800 0.614339 1.541766 -1.227804 0.228884 1.515839 -1.271661 0.186928 1.502974 -1.261025 0.183759 1.528901 -1.217167 0.225716 
0.697923 -0.627370 0.174554 0.785352 -0.568517 0.261630 0.868556 -0.455664 0.095694 0.779111 -0.516680 0.010134 1.322755 -0.371888 0.806096 1.407607 -0.314723 0.715420 1.272911 -0.357689 0.554520 1.185299 -0.416027 0.643765 1.552960 -1.232678 0.228876 1.526032 -1.275639 0.186624 1.513141 -1.264906 0.183927 1.540068 -1.221945 0.226179 
0.691897 -0.640344 0.159680 0.775590 -0.589929 0.255303 0.863979 -0.461037 0.104413 0.778231 -0.513760 0.010012 1.294136 -0.446014 0.835883 1.380259 -0.378634 0.753830 1.250333 -0.406656 0.585865 1.161507 -0.475093 0.666303 1.565289 -1.241744 0.228193 1.539297 -1.285071 0.185729 1.526248 -1.274544 0.182975 1.552241 -1.231217 0.225439 
0.685087 -0.650786 0.142759 0.764832 -0.609731 0.245934 0.857028 -0.465540 0.112134 0.775213 -0.509031 0.009865 1.262802 -0.522738 0.856519 1.350131 -0.445953 0.784633 1.225568 -0.457857 0.610794 1.135600 -0.535560 0.680880 1.575156 -1.251539 0.227665 1.550936 -1.295697 0.185009 1.537651 -1.285534 0.182032 1.561870 -1.241376 0.224687 
0.676772 -0.661744 0.129336 0.753609 -0.629292 0.237654 0.847619 -0.473255 0.119297 0.768713 -0.508228 0.011618 1.232490 -0.592927 0.864886 1.320080 -0.508424 0.802619 1.200047 -0.506379 0.625233 1.109881 -0.591674 0.685556 1.583602 -1.258499 0.227336 1.560444 -1.303030 0.184480 1.546942 -1.293153 0.181513 1.570100 -1.248622 0.224369 
0.667562 -0.672811 0.116881 0.741945 -0.648433 0.228964 0.836597 -0.482618 0.125329 0.760160 -0.509579 0.013640 1.202291 -0.649271 0.863502 1.289980 -0.559306 0.809588 1.174543 -0.546822 0.629599 1.084343 -0.637482 0.681450 1.587080 -1.260086 0.227142 1.564190 -1.304598 0.184122 1.550635 -1.294786 0.181182 1.573526 -1.250274 0.224202 
0.659771 -0.681750 0.107858 0.731370 -0.664201 0.222990 0.826585 -0.491039 0.132753 0.752951 -0.511210 0.017796 1.168026 -0.694452 0.860891 1.255641 -0.600090 0.814964 1.146453 -0.580416 0.631747 1.056417 -0.675413 0.675487 1.587464 -1.263138 0.225411 1.566064 -1.307581 0.181560 1.552415 -1.297950 0.178461 1.573815 -1.253508 0.222312 
0.650327 -0.689350 0.104289 0.720279 -0.677082 0.221105 0.814521 -0.498339 0.141336 0.742563 -0.513257 0.024531 1.141291 -0.732670 0.859492 1.228374 -0.634893 0.820172 1.123539 -0.608689 0.635237 1.034103 -0.707039 0.672282 1.587135 -1.265791 0.224100 1.567079 -1.310272 0.179656 1.553307 -1.300855 0.176446 1.573364 -1.256374 0.220889 
0.639848 -0.695277 0.101218 0.708484 -0.686872 0.219152 0.801536 -0.504131 0.147453 0.730924 -0.515205 0.029406 1.125326 -0.764465 0.859815 1.211647 -0.664237 0.825276 1.107945 -0.631485 0.640747 1.019294 -0.732216 0.672970 1.584504 -1.267559 0.222772 1.565806 -1.312129 0.177828 1.551959 -1.302890 0.174427 1.570658 -1.258320 0.219370 
0.629520 -0.699632 0.098814 0.697169 -0.693848 0.217473 0.789070 -0.508370 0.151547 0.719470 -0.516837 0.032685 1.114587 -0.788624 0.860649 1.200095 -0.686613 0.829470 1.096173 -0.648652 0.646066 1.008341 -0.751109 0.674912 1.580745 -1.268482 0.221351 1.563541 -1.313241 0.176001 1.549658 -1.304167 0.172312 1.566863 -1.259408 0.217661 
0.619976 -0.702578 0.097393 0.687091 -0.698356 0.216421 0.777856 -0.511074 0.154122 0.708812 -0.517990 0.034836 1.105946 -0.804463 0.861018 1.190732 -0.701211 0.832032 1.086285 -0.659814 0.649673 0.999173 -0.763475 0.676320 1.575871 -1.268585 0.219783 1.560291 -1.313635 0.174134 1.546417 -1.304712 0.170064 1.561998 -1.259662 0.215712 
0.611493 -0.704608 0.096706 0.678405 -0.701165 0.215874 0.768058 -0.512684 0.155616 0.699236 -0.518831 0.036160 1.097787 -0.811782 0.860346 1.181997 -0.707741 0.832526 1.077353 -0.664916 0.650610 0.990820 -0.769353 0.676086 1.569990 -1.267769 0.218221 1.556121 -1.313249 0.172447 1.542306 -1.304465 0.167905 1.556174 -1.258985 0.213678 
0.604346 -0.705625 0.096722 0.671341 -0.702159 0.215841 0.760037 -0.513099 0.155982 0.691143 -0.519277 0.036569 1.091320 -0.812149 0.859582 1.175057 -0.707673 0.831969 1.070201 -0.664940 0.650154 0.984142 -0.769818 0.675422 1.564004 -1.266090 0.216912 1.551776 -1.312103 0.171203 1.538050 -1.303449 0.166164 1.550278 -1.257437 0.211873 
0.598418 -0.705952 0.097308 0.665689 -0.701760 0.216248 0.753471 -0.512573 0.155451 0.684312 -0.519486 0.036232 1.087049 -0.806597 0.859129 1.170349 -0.701954 0.830831 1.065066 -0.660601 0.648943 0.979444 -0.765668 0.674902 1.558010 -1.263937 0.215517 1.547449 -1.310622 0.170075 1.533828 -1.302125 0.164512 1.544389 -1.255440 0.209955 
0.594199 -0.705244 0.098390 0.661845 -0.699556 0.217055 0.749007 -0.510877 0.153833 0.679478 -0.519293 0.034926 1.085003 -0.795263 0.859448 1.167982 -0.690794 0.829607 1.062168 -0.652034 0.647457 0.976861 -0.756961 0.674970 1.552612 -1.261280 0.214531 1.543526 -1.308733 0.169568 1.530016 -1.300403 0.163507 1.539102 -1.252950 0.208470 
0.591419 -0.703351 0.100169 0.659616 -0.695079 0.218366 0.746486 -0.507838 0.150632 0.676405 -0.518841 0.032262 1.086531 -0.777515 0.861047 1.169343 -0.673708 0.828550 1.062551 -0.638817 0.646188 0.977399 -0.743132 0.676380 1.549938 -1.259473 0.214270 1.541982 -1.307642 0.169858 1.528493 -1.299524 0.163470 1.536449 -1.251355 0.207883 
0.590277 -0.700578 0.102249 0.659120 -0.689152 0.219807 0.745678 -0.503846 0.146575 0.674950 -0.518006 0.028928 1.092247 -0.755717 0.862945 1.174887 -0.652880 0.827099 1.066486 -0.622430 0.644892 0.981485 -0.725829 0.678467 1.548732 -1.258296 0.214702 1.541911 -1.307404 0.171137 1.528376 -1.299600 0.164460 1.535197 -1.250493 0.208025 
0.590968 -0.697472 0.104747 0.660629 -0.682181 0.221381 0.746470 -0.499276 0.141562 0.674924 -0.517305 0.024941 1.101414 -0.729889 0.864407 1.183833 -0.628308 0.824678 1.073515 -0.602985 0.642836 0.988710 -0.705189 0.680338 1.548731 -1.257585 0.215961 1.543110 -1.307957 0.173687 1.529472 -1.300594 0.166727 1.535093 -1.250223 0.209002 
0.591980 -0.694461 0.107649 0.662606 -0.674438 0.222979 0.747270 -0.494615 0.135292 0.674768 -0.517377 0.020099 1.113583 -0.699071 0.865271 1.195737 -0.599207 0.820913 1.082962 -0.579799 0.639853 0.998388 -0.680355 0.682040 1.549546 -1.256739 0.217421 1.545104 -1.308348 0.176521 1.531340 -1.301460 0.169325 1.535782 -1.249851 0.210225 
0.593114 -0.689650 0.111272 0.665178 -0.664463 0.224684 0.749269 -0.489237 0.127638 0.675323 -0.517147 0.014514 1.126211 -0.661302 0.863058 1.208277 -0.564071 0.813046 1.092752 -0.551882 0.633092 1.008228 -0.649882 0.681005 1.545754 -1.259021 0.216464 1.543857 -1.312129 0.177324 1.530192 -1.305828 0.169436 1.532089 -1.252720 0.208576 
0.593587 -0.683211 0.120188 0.667927 -0.653060 0.230887 0.751314 -0.483396 0.123862 0.675080 -0.516239 0.013619 1.136028 -0.616263 0.857142 1.217920 -0.522493 0.800655 1.100240 -0.520005 0.621706 1.015861 -0.614652 0.676170 1.542588 -1.263594 0.214595 1.543811 -1.318091 0.177386 1.530287 -1.312501 0.168754 1.529064 -1.258004 0.205964 
0.593288 -0.675767 0.129651 0.670120 -0.640369 0.237047 0.752374 -0.477258 0.119477 0.673640 -0.515305 0.012718 1.145105 -0.568667 0.847856 1.226695 -0.478960 0.784726 1.106884 -0.486956 0.607358 1.022779 -0.577650 0.668553 1.539595 -1.266775 0.212633 1.543539 -1.322284 0.177148 1.530225 -1.317287 0.167851 1.526280 -1.261778 0.203336 
0.592598 -0.668394 0.138595 0.671814 -0.628002 0.242436 0.752323 -0.471543 0.115029 0.671207 -0.514539 0.011997 1.152840 -0.523135 0.836264 1.234356 -0.437768 0.767291 1.112884 -0.455345 0.591755 1.028829 -0.541796 0.658875 1.534736 -1.264936 0.215106 1.539599 -1.321242 0.181018 1.526437 -1.316533 0.171361 1.521574 -1.260226 0.205449 
0.592718 -0.661198 0.146529 0.673866 -0.616100 0.246884 0.752462 -0.466227 0.110669 0.669423 -0.513880 0.011282 1.160459 -0.480988 0.823886 1.241957 -0.399960 0.749842 1.119189 -0.426350 0.576322 1.035135 -0.508545 0.648592 1.529150 -1.257929 0.223006 1.533156 -1.314929 0.189976 1.520036 -1.310221 0.180261 1.516031 -1.253222 0.213291 
0.594157 -0.653677 0.153873 0.676969 -0.604115 0.250700 0.753856 -0.461195 0.106284 0.669161 -0.513256 0.010575 1.170221 -0.441799 0.812171 1.251463 -0.365104 0.733384 1.127022 -0.399641 0.562505 1.043202 -0.477578 0.639603 1.524432 -1.249290 0.232785 1.527049 -1.306913 0.200710 1.513924 -1.302127 0.191042 1.511307 -1.244504 0.223116 
0.596438 -0.646048 0.161639 0.680961 -0.592245 0.254649 0.755735 -0.456479 0.102432 0.669341 -0.512721 0.010687 1.182513 -0.404799 0.800686 1.263279 -0.332532 0.717355 1.136626 -0.374458 0.549787 1.053254 -0.448030 0.631521 1.521619 -1.241114 0.243305 1.522949 -1.299332 0.212243 1.509779 -1.294516 0.202651 1.508449 -1.236297 0.233713 
0.599156 -0.638516 0.168795 0.685119 -0.580480 0.257857 0.757327 -0.451863 0.098367 0.669517 -0.512277 0.010710 1.195692 -0.369112 0.788410 1.275998 -0.301406 0.700907 1.147097 -0.350061 0.536910 1.064158 -0.419124 0.622907 1.519929 -1.233383 0.254110 1.520122 -1.292186 0.224140 1.506884 -1.287384 0.214633 1.506691 -1.228582 0.244604 
0.602114 -0.630655 0.175677 0.689415 -0.568482 0.260548 0.758808 -0.447314 0.094125 0.669688 -0.511799 0.010799 1.209440 -0.333811 0.774438 1.289250 -0.270907 0.682986 1.158050 -0.325995 0.522893 1.075579 -0.390302 0.612933 1.518320 -1.225164 0.265067 1.517341 -1.284531 0.236246 1.504037 -1.279739 0.226828 1.505016 -1.220372 0.255649 
0.605198 -0.622100 0.182386 0.693860 -0.555914 0.262688 0.760323 -0.442865 0.089494 0.669870 -0.511286 0.010876 1.223276 -0.298035 0.757867 1.302451 -0.240282 0.662547 1.168888 -0.301932 0.506862 1.087024 -0.361133 0.600870 1.516542 -1.216360 0.276022 1.514408 -1.276281 0.248437 1.501050 -1.271502 0.239089 1.503184 -1.211581 0.266674 
0.608293 -0.612530 0.188963 0.698381 -0.542478 0.264241 0.761914 -0.438516 0.084382 0.670063 -0.510712 0.010931 1.236916 -0.261286 0.737927 1.315249 -0.209136 0.638760 1.179242 -0.277701 0.488165 1.098193 -0.331343 0.586132 1.514357 -1.206904 0.286841 1.511125 -1.267376 0.260596 1.497732 -1.262620 0.251287 1.500964 -1.202148 0.277531 
0.611161 -0.601628 0.195289 0.702666 -0.527861 0.265112 0.763566 -0.434252 0.078773 0.670321 -0.510052 0.010920 1.249956 -0.223148 0.714334 1.327441 -0.177332 0.611441 1.189039 -0.253142 0.466612 1.108812 -0.300493 0.568424 1.511340 -1.197054 0.298574 1.506999 -1.258035 0.273705 1.493584 -1.253294 0.264420 1.497924 -1.192313 0.289290 
0.613978 -0.589417 0.201312 0.706938 -0.512111 0.265125 0.765199 -0.430120 0.072571 0.670522 -0.509328 0.010875 1.262896 -0.184818 0.687987 1.339401 -0.145842 0.581602 1.198569 -0.228940 0.443259 1.119297 -0.269488 0.548690 1.506840 -1.186752 0.310343 1.501217 -1.248169 0.286840 1.487782 -1.243402 0.277598 1.493405 -1.181985 0.301101 
0.616354 -0.577826 0.206571 0.710310 -0.497396 0.264824 0.766414 -0.426495 0.067291 0.670763 -0.508700 0.011279 1.275599 -0.150405 0.663839 1.350915 -0.117638 0.554551 1.207643 -0.206798 0.422637 1.129537 -0.241165 0.531091 1.501989 -1.173995 0.323023 1.494946 -1.235852 0.301111 1.481526 -1.231049 0.291865 1.488569 -1.169192 0.313777 
0.618163 -0.567858 0.210619 0.712539 -0.484688 0.264151 0.766917 -0.423318 0.062978 0.670866 -0.508155 0.011784 1.287174 -0.121374 0.644385 1.361520 -0.093898 0.532995 1.216077 -0.187354 0.406543 1.138917 -0.216439 0.517198 1.498870 -1.159799 0.339033 1.490589 -1.222139 0.319004 1.477177 -1.217376 0.309726 1.485458 -1.155036 0.329755 
0.619700 -0.559331 0.213604 0.714091 -0.473735 0.263138 0.767107 -0.420472 0.059309 0.671060 -0.507643 0.012189 1.296486 -0.096896 0.628453 1.369940 -0.073744 0.515500 1.222756 -0.170589 0.393698 1.146473 -0.195358 0.505999 1.498606 -1.145675 0.356880 1.489553 -1.208564 0.339019 1.476103 -1.203982 0.329705 1.485155 -1.141093 0.347566 
0.620640 -0.551920 0.215765 0.715009 -0.464457 0.261964 0.767253 -0.418245 0.056225 0.671238 -0.507201 0.012498 1.301866 -0.075739 0.613540 1.374846 -0.056558 0.499541 1.226609 -0.156566 0.381635 1.150788 -0.177371 0.495048 1.499941 -1.132760 0.375980 1.490515 -1.196144 0.360182 1.477013 -1.191804 0.350827 1.486439 -1.128420 0.366626 
0.621275 -0.545612 0.217370 0.715716 -0.456788 0.260741 0.767385 -0.416581 0.053600 0.671306 -0.506826 0.012748 1.303321 -0.057762 0.599158 1.375973 -0.041895 0.484443 1.227461 -0.145378 0.369931 1.151968 -0.162887 0.484116 1.501923 -1.120577 0.393929 1.492412 -1.184428 0.380199 1.478855 -1.180386 0.370790 1.488366 -1.116534 0.384520 
0.621777 -0.540304 0.218572 0.716278 -0.450413 0.259547 0.767470 -0.415266 0.051370 0.671338 -0.506516 0.012951 1.303037 -0.042504 0.585810 1.375443 -0.029449 0.470585 1.226975 -0.136224 0.359077 1.151732 -0.150941 0.473819 1.504468 -1.109097 0.409977 1.495129 -1.173365 0.398213 1.481542 -1.169651 0.388713 1.490880 -1.105383 0.400478 
0.622175 -0.535681 0.219486 0.716757 -0.444964 0.258405 0.767601 -0.414204 0.049450 0.671392 -0.506225 0.013118 1.301538 -0.029759 0.573907 1.373659 -0.019018 0.458265 1.225392 -0.128860 0.349503 1.150440 -0.141285 0.464706 1.508305 -1.099057 0.424367 1.499194 -1.163642 0.414272 1.485520 -1.160230 0.404783 1.494631 -1.095645 0.414878 
0.622462 -0.532375 0.220087 0.717051 -0.441039 0.257510 0.767624 -0.413428 0.048049 0.671412 -0.506031 0.013236 1.299911 -0.020480 0.565233 1.371910 -0.011315 0.449380 1.224015 -0.123494 0.342512 1.149190 -0.134360 0.457956 1.510968 -1.092901 0.432623 1.501902 -1.157617 0.423372 1.488133 -1.154345 0.413971 1.497200 -1.089628 0.423222 
0.622705 -0.530352 0.220448 0.717321 -0.438662 0.256924 0.767664 -0.412977 0.047163 0.671427 -0.505910 0.013309 1.300196 -0.015295 0.560327 1.372070 -0.007112 0.444323 1.224143 -0.120338 0.338609 1.149444 -0.130227 0.454222 1.510854 -1.089787 0.434364 1.501624 -1.154504 0.425276 1.487843 -1.151221 0.415896 1.497073 -1.086505 0.424984 
0.622822 -0.529654 0.220494 0.717413 -0.437871 0.256799 0.767799 -0.412614 0.046997 0.671587 -0.505635 0.013315 1.301437 -0.014509 0.560234 1.373233 -0.006489 0.444170 1.225051 -0.119540 0.338626 1.150428 -0.129262 0.454302 1.509697 -1.089200 0.433378 1.500184 -1.153854 0.424136 1.486420 -1.150488 0.414761 1.495933 -1.085835 0.424002 
0.622725 -0.530793 0.220277 0.717251 -0.439156 0.257120 0.767779 -0.412810 0.047485 0.671632 -0.505698 0.013260 1.302117 -0.017489 0.563754 1.373921 -0.008847 0.447740 1.225591 -0.121050 0.341503 1.150957 -0.131389 0.457119 1.508703 -1.090388 0.430535 1.498960 -1.154955 0.420934 1.485224 -1.151487 0.411555 1.494967 -1.086921 0.421157 
0.622445 -0.533355 0.219811 0.716830 -0.442053 0.257828 0.767629 -0.413277 0.048579 0.671620 -0.505861 0.013163 1.301201 -0.023414 0.570143 1.373139 -0.013403 0.454321 1.224984 -0.124438 0.346621 1.150218 -0.136141 0.462021 1.508693 -1.093095 0.426650 1.498984 -1.157597 0.416588 1.485278 -1.154068 0.407188 1.494987 -1.089566 0.417250 
0.622031 -0.536980 0.219096 0.716194 -0.446159 0.258779 0.767393 -0.413944 0.050130 0.671603 -0.506092 0.013023 1.299104 -0.031438 0.578326 1.371255 -0.019559 0.462815 1.223514 -0.129219 0.353156 1.148539 -0.142790 0.468214 1.509805 -1.097316 0.422363 1.500404 -1.161784 0.411802 1.486708 -1.158245 0.402391 1.496110 -1.093777 0.412952 
0.621593 -0.541020 0.218233 0.715577 -0.450844 0.259768 0.767198 -0.414789 0.051852 0.671582 -0.506340 0.012864 1.296277 -0.040915 0.586954 1.368662 -0.026948 0.471823 1.221449 -0.135147 0.360023 1.146245 -0.150805 0.474666 1.511124 -1.102398 0.417177 1.502105 -1.166820 0.406022 1.488421 -1.163273 0.396598 1.497440 -1.098850 0.407752 
0.621157 -0.545183 0.217267 0.715047 -0.455809 0.260705 0.767083 -0.415788 0.053620 0.671557 -0.506586 0.012699 1.292906 -0.051415 0.595428 1.365518 -0.035272 0.480725 1.218907 -0.142010 0.366750 1.143483 -0.159844 0.480931 1.512197 -1.108567 0.410490 1.503588 -1.172908 0.398573 1.489919 -1.169332 0.389137 1.498529 -1.104990 0.401054 
0.620698 -0.549409 0.216195 0.714552 -0.460965 0.261570 0.767025 -0.416911 0.055415 0.671527 -0.506827 0.012527 1.289764 -0.062868 0.604025 1.362551 -0.044491 0.489771 1.216453 -0.149581 0.373628 1.140859 -0.169647 0.487325 1.512752 -1.115921 0.401955 1.504538 -1.180127 0.389066 1.490889 -1.176486 0.379626 1.499103 -1.112280 0.392516 
0.620162 -0.553799 0.214973 0.713980 -0.466384 0.262373 0.766960 -0.418137 0.057290 0.671493 -0.507073 0.012341 1.287336 -0.075454 0.613391 1.360274 -0.054716 0.499637 1.214533 -0.157740 0.381216 1.138793 -0.180160 0.494374 1.512490 -1.124205 0.391368 1.504570 -1.188194 0.377269 1.490946 -1.184430 0.367842 1.498866 -1.120442 0.381941 
0.619581 -0.558526 0.213547 0.713323 -0.472242 0.263119 0.766856 -0.419479 0.059295 0.671457 -0.507338 0.012136 1.285704 -0.089499 0.624016 1.358815 -0.066197 0.510872 1.213305 -0.166599 0.389942 1.137392 -0.191571 0.502449 1.511406 -1.133042 0.378781 1.503591 -1.196704 0.363225 1.489997 -1.192741 0.353835 1.497812 -1.129078 0.369391 
0.619026 -0.563826 0.211843 0.712662 -0.478836 0.263793 0.766724 -0.421011 0.061488 0.671425 -0.507635 0.011907 1.284316 -0.105546 0.635849 1.357673 -0.079385 0.523492 1.212402 -0.176633 0.399731 1.136244 -0.204447 0.511402 1.510223 -1.142597 0.364338 1.502434 -1.205833 0.347116 1.488867 -1.201623 0.337795 1.496656 -1.138387 0.355016 
0.618159 -0.569799 0.209672 0.711555 -0.486297 0.264395 0.766446 -0.422769 0.064033 0.671378 -0.507971 0.011625 1.282065 -0.123620 0.649202 1.355944 -0.094378 0.537952 1.211143 -0.187963 0.410861 1.134465 -0.218834 0.521366 1.508429 -1.152706 0.348925 1.500752 -1.215417 0.329837 1.487249 -1.210937 0.320549 1.494926 -1.148226 0.339637 
0.617069 -0.576093 0.207118 0.710139 -0.494254 0.264826 0.766073 -0.424712 0.066763 0.671319 -0.508321 0.011307 1.278460 -0.143222 0.663481 1.352905 -0.110617 0.553551 1.208809 -0.200368 0.422941 1.131569 -0.234580 0.532063 1.507080 -1.162580 0.334324 1.499566 -1.224733 0.313432 1.486108 -1.220004 0.304202 1.493622 -1.157850 0.325095 
0.615751 -0.582714 0.204201 0.708376 -0.502715 0.265116 0.765573 -0.426844 0.069755 0.671249 -0.508684 0.011025 1.274059 -0.164075 0.678117 1.349228 -0.128054 0.569757 1.206009 -0.213653 0.435449 1.128050 -0.251254 0.542932 1.505443 -1.172302 0.319533 1.498238 -1.233850 0.296819 1.484853 -1.228884 0.287608 1.492058 -1.167336 0.310322 
0.614252 -0.589231 0.201139 0.706348 -0.511172 0.265287 0.764977 -0.429067 0.072894 0.671168 -0.509037 0.010857 1.268364 -0.185726 0.693416 1.344222 -0.146116 0.586802 1.202072 -0.227527 0.448805 1.123433 -0.268692 0.554472 1.504578 -1.181197 0.306873 1.497746 -1.242160 0.282524 1.484411 -1.237000 0.273347 1.491244 -1.176037 0.297695 
0.612829 -0.595617 0.198061 0.704403 -0.519614 0.265349 0.764425 -0.431408 0.076112 0.671123 -0.509389 0.010860 1.262326 -0.207627 0.707617 1.338834 -0.164523 0.602839 1.197810 -0.241797 0.461351 1.118532 -0.286431 0.565114 1.504050 -1.189692 0.294296 1.497620 -1.250043 0.268366 1.484330 -1.244701 0.259227 1.490760 -1.184350 0.285158 
0.611169 -0.601419 0.194915 0.702249 -0.527578 0.265213 0.763908 -0.433781 0.079218 0.671081 -0.509658 0.010882 1.255154 -0.228450 0.720390 1.332340 -0.182196 0.617469 1.192562 -0.255691 0.472768 1.112617 -0.303450 0.574610 1.503154 -1.197456 0.283393 1.497329 -1.257255 0.256077 1.484111 -1.251782 0.246913 1.489936 -1.191983 0.274229 
0.609535 -0.606715 0.191822 0.700168 -0.535014 0.264859 0.763401 -0.436153 0.082043 0.671003 -0.509942 0.010896 1.247329 -0.248096 0.731525 1.325092 -0.198873 0.630432 1.186650 -0.269020 0.482815 1.106141 -0.319729 0.582769 1.502874 -1.204227 0.274187 1.497597 -1.263518 0.245680 1.484423 -1.257940 0.236515 1.489701 -1.198648 0.265022 
0.608022 -0.611457 0.188854 0.698267 -0.541832 0.264340 0.762962 -0.438437 0.084568 0.670935 -0.510194 0.010906 1.239783 -0.266152 0.740733 1.318083 -0.214300 0.641384 1.180952 -0.281445 0.491170 1.099920 -0.334767 0.589326 1.502440 -1.210307 0.265337 1.497669 -1.269098 0.235725 1.484543 -1.263415 0.226557 1.489313 -1.204624 0.256169 
0.606642 -0.615489 0.186151 0.696554 -0.547768 0.263737 0.762586 -0.440518 0.086731 0.670876 -0.510408 0.010910 1.233100 -0.282322 0.748378 1.311896 -0.228221 0.650632 1.175953 -0.292662 0.498170 1.094437 -0.348214 0.594675 1.501530 -1.215764 0.256566 1.497159 -1.274031 0.225875 1.484084 -1.268223 0.216711 1.488455 -1.209957 0.247402 
0.605357 -0.618874 0.183721 0.694952 -0.552846 0.263111 0.762228 -0.442360 0.088582 0.670822 -0.510587 0.010904 1.227603 -0.296750 0.755066 1.306850 -0.240734 0.658776 1.171896 -0.302621 0.504390 1.089939 -0.360072 0.599398 1.500057 -1.220608 0.247700 1.495975 -1.278316 0.215933 1.482960 -1.272357 0.206781 1.487042 -1.214649 0.238547 
0.604169 -0.621888 0.181452 0.693379 -0.557337 0.262473 0.761798 -0.443978 0.090246 0.670764 -0.510754 0.010888 1.223383 -0.310129 0.761467 1.303034 -0.252402 0.666529 1.168830 -0.311675 0.510473 1.086476 -0.370816 0.604091 1.498339 -1.224876 0.238993 1.494470 -1.282012 0.206184 1.481519 -1.275890 0.197050 1.485387 -1.218753 0.229859 
0.603135 -0.624707 0.179288 0.691954 -0.561520 0.261800 0.761362 -0.445480 0.091767 0.670708 -0.510918 0.010873 1.219659 -0.322658 0.767363 1.299717 -0.263387 0.673728 1.166204 -0.320117 0.516141 1.083449 -0.380779 0.608422 1.496836 -1.228735 0.230963 1.493150 -1.285314 0.197182 1.480254 -1.279036 0.188074 1.483941 -1.222457 0.221856 
0.602263 -0.627361 0.177228 0.690707 -0.565447 0.261098 0.760945 -0.446891 0.093155 0.670658 -0.511077 0.010861 1.216151 -0.334385 0.772656 1.296627 -0.273711 0.680287 1.163814 -0.328034 0.521266 1.080648 -0.390079 0.612249 1.495578 -1.232239 0.223526 1.492042 -1.288277 0.188839 1.479193 -1.281852 0.179768 1.482729 -1.225814 0.214455 
0.601492 -0.629838 0.175265 0.689581 -0.569128 0.260379 0.760551 -0.448224 0.094429 0.670612 -0.511229 0.010851 1.212881 -0.345515 0.777516 1.293760 -0.283539 0.686371 1.161620 -0.335548 0.526021 1.078056 -0.398874 0.615748 1.494456 -1.235443 0.216556 1.491051 -1.290958 0.181024 1.478242 -1.284393 0.171995 1.481647 -1.228879 0.207528 
0.600775 -0.632171 0.173366 0.688519 -0.572617 0.259644 0.760168 -0.449504 0.095622 0.670568 -0.511374 0.010840 1.209727 -0.356086 0.781958 1.290966 -0.292878 0.691987 1.159469 -0.342702 0.530420 1.075551 -0.407240 0.618944 1.495090 -1.238232 0.214549 1.491398 -1.293268 0.178308 1.478529 -1.286578 0.169460 1.482221 -1.231542 0.205700 
0.600143 -0.634271 0.171616 0.687566 -0.575770 0.258935 0.759813 -0.450672 0.096686 0.670528 -0.511506 0.010829 1.206787 -0.365612 0.785869 1.288288 -0.301261 0.696951 1.157357 -0.349167 0.534347 1.073182 -0.414831 0.621793 1.497037 -1.240421 0.215998 1.492778 -1.295113 0.179302 1.479750 -1.288356 0.170742 1.484009 -1.233664 0.207439 
0.599633 -0.636030 0.170125 0.686788 -0.578425 0.258304 0.759516 -0.451666 0.097567 0.670495 -0.511619 0.010821 1.204259 -0.373584 0.789071 1.285951 -0.308258 0.701043 1.155498 -0.354580 0.537599 1.071136 -0.421207 0.624134 1.498768 -1.242061 0.216944 1.494127 -1.296500 0.179918 1.480988 -1.289698 0.171565 1.485629 -1.235260 0.208591 
0.599271 -0.637456 0.168919 0.686205 -0.580561 0.257774 0.759272 -0.452457 0.098261 0.670469 -0.511712 0.010815 1.202089 -0.379542 0.791282 1.283943 -0.313474 0.703963 1.153930 -0.358637 0.539846 1.069411 -0.425996 0.625656 1.500276 -1.243173 0.217449 1.495443 -1.297449 0.180210 1.482238 -1.290626 0.171980 1.487070 -1.236350 0.209219 
0.599060 -0.638354 0.168157 0.685873 -0.581923 0.257425 0.759138 -0.452972 0.098688 0.670455 -0.511771 0.010813 1.200451 -0.383139 0.792405 1.282401 -0.316606 0.705529 1.152719 -0.361146 0.540980 1.068109 -0.428966 0.626335 1.501020 -1.243678 0.217685 1.496095 -1.297880 0.180350 1.482859 -1.291048 0.172178 1.487783 -1.236846 0.209513 
0.598984 -0.638639 0.167908 0.685770 -0.582372 0.257307 0.759107 -0.453152 0.098823 0.670451 -0.511788 0.010812 1.199726 -0.384371 0.792691 1.281685 -0.317661 0.705960 1.152138 -0.362061 0.541267 1.067520 -0.430059 0.626474 1.501113 -1.243723 0.217717 1.496174 -1.297918 0.180374 1.482934 -1.291085 0.172209 1.487873 -1.236890 0.209552 
0.599036 -0.638459 0.168066 0.685855 -0.582103 0.257376 0.759144 -0.453052 0.098731 0.670455 -0.511777 0.010813 1.199919 -0.383552 0.792354 1.281850 -0.316929 0.705529 1.152264 -0.361518 0.540918 1.067674 -0.429429 0.626220 1.500793 -1.243484 0.217620 1.495894 -1.297715 0.180323 1.482667 -1.290887 0.172132 1.487566 -1.236656 0.209429 
0.599184 -0.637972 0.168497 0.686082 -0.581359 0.257567 0.759232 -0.452767 0.098485 0.670465 -0.511745 0.010815 1.200618 -0.381264 0.791514 1.282474 -0.314893 0.704426 1.152743 -0.359957 0.540057 1.068227 -0.427620 0.625630 1.499896 -1.242795 0.217347 1.495098 -1.297125 0.180182 1.481910 -1.290308 0.171920 1.486708 -1.235978 0.209085 
0.599414 -0.637163 0.169199 0.686448 -0.580139 0.257875 0.759381 -0.452311 0.098080 0.670481 -0.511692 0.010819 1.201778 -0.377583 0.790125 1.283516 -0.311636 0.702606 1.153544 -0.357461 0.538639 1.069143 -0.424707 0.624653 1.498602 -1.241802 0.216942 1.493948 -1.296274 0.179968 1.480815 -1.289474 0.171603 1.485470 -1.235002 0.208578 
0.599720 -0.635955 0.170217 0.686965 -0.578359 0.258313 0.759616 -0.451669 0.097486 0.670505 -0.511611 0.010825 1.203505 -0.372365 0.788065 1.285087 -0.307060 0.699920 1.154749 -0.353957 0.536548 1.070501 -0.420571 0.623202 1.497148 -1.240718 0.216467 1.492661 -1.295346 0.179702 1.479592 -1.288566 0.171223 1.484079 -1.233938 0.207988 
0.600096 -0.634323 0.171549 0.687633 -0.575999 0.258873 0.759939 -0.450844 0.096695 0.670538 -0.511500 0.010832 1.205832 -0.365670 0.785326 1.287219 -0.301231 0.696368 1.156387 -0.349491 0.533790 1.072327 -0.415250 0.621276 1.495640 -1.239638 0.215949 1.491334 -1.294423 0.179396 1.478331 -1.287665 0.170799 1.482637 -1.232880 0.207352 
0.600493 -0.632380 0.173077 0.688360 -0.573219 0.259502 0.760304 -0.449892 0.095770 0.670576 -0.511367 0.010837 1.208668 -0.358268 0.782406 1.289826 -0.294795 0.692548 1.158398 -0.344506 0.530890 1.074563 -0.409311 0.619298 1.494008 -1.238444 0.215332 1.489914 -1.293403 0.179017 1.476987 -1.286671 0.170287 1.481081 -1.231712 0.206601 
0.600900 -0.630448 0.174568 0.689046 -0.570417 0.260105 0.760613 -0.448913 0.094852 0.670608 -0.511240 0.010837 1.211940 -0.350816 0.779746 1.292835 -0.288305 0.688982 1.160721 -0.339362 0.528306 1.077140 -0.403214 0.617643 1.492446 -1.236903 0.214652 1.488578 -1.292044 0.178589 1.475744 -1.285333 0.169705 1.479612 -1.230193 0.205768 
0.601327 -0.628618 0.175968 0.689704 -0.567727 0.260653 0.760869 -0.447952 0.093969 0.670637 -0.511125 0.010834 1.215252 -0.343607 0.777306 1.295874 -0.282004 0.685682 1.163074 -0.334303 0.525974 1.079759 -0.397257 0.616194 1.491531 -1.234928 0.215665 1.487711 -1.290275 0.179915 1.474937 -1.283588 0.170927 1.478758 -1.228241 0.206678 
0.601803 -0.626919 0.177278 0.690389 -0.565197 0.261139 0.761102 -0.447034 0.093119 0.670665 -0.511022 0.010835 1.218173 -0.336536 0.774725 1.298526 -0.275793 0.682294 1.165135 -0.329367 0.523504 1.082084 -0.391470 0.614551 1.491597 -1.232866 0.219213 1.487653 -1.288491 0.183911 1.474872 -1.281860 0.174891 1.478816 -1.226235 0.210194 
0.602321 -0.625204 0.178592 0.691140 -0.562666 0.261598 0.761360 -0.446129 0.092240 0.670695 -0.510918 0.010838 1.220616 -0.329089 0.771526 1.300695 -0.269243 0.678275 1.166807 -0.324299 0.520412 1.084026 -0.385518 0.612301 1.492177 -1.230706 0.223712 1.488118 -1.286663 0.188951 1.475312 -1.280116 0.179907 1.479371 -1.224159 0.214668 
0.602896 -0.623319 0.180008 0.691978 -0.559912 0.262067 0.761653 -0.445164 0.091269 0.670730 -0.510804 0.010843 1.223081 -0.320993 0.767811 1.302860 -0.262133 0.673680 1.168468 -0.318844 0.516834 1.085983 -0.379092 0.609627 1.492902 -1.228327 0.228643 1.488733 -1.284646 0.194486 1.475898 -1.278194 0.185414 1.480067 -1.221875 0.219571 
0.603533 -0.621226 0.181541 0.692903 -0.556876 0.262547 0.761973 -0.444114 0.090187 0.670768 -0.510679 0.010848 1.225780 -0.312131 0.763617 1.305225 -0.254365 0.668530 1.170283 -0.312885 0.512826 1.088126 -0.372053 0.606600 1.493718 -1.225649 0.234038 1.489429 -1.282360 0.200550 1.476562 -1.276013 0.191450 1.480850 -1.219302 0.224938 
0.604220 -0.618910 0.183187 0.693894 -0.553539 0.263031 0.762311 -0.442976 0.088994 0.670809 -0.510541 0.010850 1.228655 -0.302463 0.758938 1.307738 -0.245912 0.662826 1.172211 -0.306400 0.508388 1.090410 -0.364371 0.603215 1.494611 -1.222639 0.239991 1.490198 -1.279771 0.207242 1.477297 -1.273540 0.198111 1.481710 -1.216408 0.230860 
0.604968 -0.616380 0.184930 0.694963 -0.549920 0.263504 0.762670 -0.441762 0.087687 0.670853 -0.510391 0.010852 1.231725 -0.292067 0.753738 1.310416 -0.236844 0.656538 1.174265 -0.299446 0.503497 1.092851 -0.356105 0.599443 1.495598 -1.219296 0.246413 1.491054 -1.276872 0.214471 1.478115 -1.270767 0.205307 1.482660 -1.213191 0.237249 
0.605788 -0.613602 0.186784 0.696127 -0.545978 0.263958 0.763054 -0.440462 0.086248 0.670901 -0.510229 0.010852 1.235038 -0.280846 0.747911 1.313298 -0.227085 0.649550 1.176475 -0.291962 0.498064 1.095487 -0.347179 0.595204 1.496701 -1.215562 0.253339 1.492018 -1.273609 0.222281 1.479039 -1.267641 0.213084 1.483722 -1.209593 0.244142 
0.606693 -0.610537 0.188758 0.697400 -0.541666 0.264382 0.763466 -0.439067 0.084653 0.670953 -0.510052 0.010851 1.238627 -0.268692 0.741340 1.316410 -0.216546 0.641739 1.178861 -0.283882 0.491993 1.098345 -0.337502 0.590411 1.497940 -1.211365 0.260834 1.493110 -1.269911 0.230751 1.480086 -1.264093 0.221520 1.484917 -1.205547 0.251604 
0.607696 -0.607138 0.190863 0.698799 -0.536929 0.264760 0.763909 -0.437567 0.082876 0.671011 -0.509857 0.010848 1.242530 -0.255491 0.733894 1.319783 -0.205139 0.632965 1.181446 -0.275136 0.485178 1.101454 -0.326983 0.584964 1.499339 -1.206623 0.268967 1.494352 -1.265698 0.239961 1.481279 -1.260046 0.230697 1.486267 -1.200971 0.259702 
0.608813 -0.603351 0.193105 0.700338 -0.531701 0.265073 0.764383 -0.435950 0.080889 0.671074 -0.509644 0.010841 1.246828 -0.241122 0.725443 1.323489 -0.192772 0.623095 1.184290 -0.265643 0.477523 1.104883 -0.315510 0.578774 1.500906 -1.201235 0.277793 1.495750 -1.260868 0.249984 1.482624 -1.255397 0.240686 1.487780 -1.195764 0.268496 
0.610060 -0.599117 0.195489 0.702032 -0.525913 0.265291 0.764887 -0.434204 0.078656 0.671143 -0.509408 0.010830 1.251620 -0.225464 0.715839 1.327616 -0.179354 0.611972 1.187460 -0.255316 0.468920 1.108711 -0.302966 0.571741 1.502652 -1.195082 0.287370 1.497310 -1.255300 0.260888 1.484125 -1.250028 0.251559 1.489468 -1.189810 0.278041 
0.611190 -0.594364 0.197916 0.703542 -0.519485 0.265400 0.765315 -0.432316 0.076246 0.671204 -0.509148 0.010795 1.256356 -0.208367 0.705531 1.331853 -0.164857 0.600189 1.190841 -0.244027 0.459741 1.112584 -0.289098 0.564089 1.503776 -1.188319 0.298013 1.498205 -1.249090 0.272878 1.484977 -1.244003 0.263509 1.490548 -1.183231 0.288643 
0.612395 -0.589163 0.200451 0.705134 -0.512541 0.265399 0.765756 -0.430346 0.073663 0.671268 -0.508867 0.010809 1.261835 -0.190678 0.694837 1.336761 -0.149950 0.587986 1.194735 -0.232295 0.450415 1.117040 -0.274602 0.556328 1.504392 -1.181165 0.308621 1.498480 -1.242438 0.284816 1.485207 -1.237509 0.275425 1.491120 -1.176236 0.299230 
0.613676 -0.583747 0.203048 0.706795 -0.505389 0.265328 0.766190 -0.428376 0.071074 0.671338 -0.508576 0.010948 1.267806 -0.172760 0.683515 1.342120 -0.134948 0.575175 1.198997 -0.220408 0.440675 1.121904 -0.259815 0.548136 1.504972 -1.173611 0.319216 1.498685 -1.235356 0.296764 1.485367 -1.230580 0.287358 1.491654 -1.168835 0.309809 
0.614883 -0.578201 0.205515 0.708331 -0.498156 0.265097 0.766572 -0.426450 0.068476 0.671403 -0.508278 0.011108 1.273343 -0.154663 0.671512 1.347196 -0.119949 0.561828 1.203123 -0.208494 0.430373 1.126482 -0.244819 0.539233 1.505406 -1.165753 0.330307 1.498738 -1.227936 0.309217 1.485379 -1.223308 0.299794 1.492047 -1.161125 0.320884 
0.615960 -0.572544 0.207939 0.709705 -0.490898 0.264822 0.766916 -0.424602 0.066012 0.671462 -0.507971 0.011401 1.278191 -0.137116 0.659760 1.351610 -0.105475 0.548862 1.206713 -0.197080 0.420444 1.130498 -0.230346 0.530574 1.505267 -1.158066 0.341153 1.498151 -1.220613 0.321322 1.484751 -1.216101 0.311901 1.491867 -1.153555 0.331732 
0.616923 -0.567092 0.210080 0.710870 -0.483936 0.264384 0.767163 -0.422856 0.063650 0.671518 -0.507675 0.011669 1.283218 -0.120975 0.648647 1.356163 -0.092234 0.536652 1.210351 -0.186471 0.411208 1.134602 -0.216845 0.522489 1.504980 -1.150487 0.351219 1.497461 -1.213358 0.332599 1.484030 -1.208959 0.323169 1.491549 -1.146088 0.341790 
0.617742 -0.562084 0.211868 0.711796 -0.477568 0.263837 0.767326 -0.421255 0.061503 0.671584 -0.507379 0.011903 1.287493 -0.106367 0.638200 1.360032 -0.080297 0.525292 1.213438 -0.176874 0.402570 1.138087 -0.204586 0.514812 1.504971 -1.142892 0.361127 1.497108 -1.206060 0.343693 1.483652 -1.201777 0.334246 1.491514 -1.138609 0.351680 
0.618253 -0.557514 0.213323 0.712421 -0.471894 0.263237 0.767464 -0.419946 0.059606 0.671613 -0.507122 0.012099 1.290101 -0.093559 0.628871 1.362402 -0.069914 0.515278 1.215337 -0.168708 0.394906 1.140220 -0.194003 0.507874 1.504595 -1.136162 0.370552 1.496349 -1.199548 0.354111 1.482862 -1.195345 0.344672 1.491107 -1.131959 0.361113 
0.618626 -0.553738 0.214429 0.712862 -0.467231 0.262659 0.767549 -0.418888 0.058047 0.671636 -0.506909 0.012254 1.292238 -0.083237 0.621187 1.364311 -0.061562 0.507057 1.216833 -0.162108 0.388657 1.141940 -0.185438 0.502194 1.504088 -1.130617 0.377939 1.495583 -1.194175 0.362317 1.482080 -1.190046 0.352867 1.490586 -1.126488 0.368490 
0.618879 -0.550954 0.215191 0.713130 -0.463786 0.262184 0.767578 -0.418102 0.056899 0.671652 -0.506752 0.012364 1.293733 -0.075571 0.615456 1.365633 -0.055352 0.500952 1.217859 -0.157180 0.384026 1.143135 -0.179059 0.497964 1.503831 -1.126073 0.383851 1.495171 -1.189773 0.368908 1.481662 -1.185715 0.359437 1.490321 -1.122014 0.374380 
0.619052 -0.549103 0.215678 0.713317 -0.461508 0.261843 0.767600 -0.417592 0.056129 0.671663 -0.506648 0.012436 1.294379 -0.070281 0.611367 1.366179 -0.051047 0.496629 1.218281 -0.153838 0.380706 1.143658 -0.174736 0.494893 1.504066 -1.122543 0.388497 1.495336 -1.186357 0.374089 1.481822 -1.182365 0.364597 1.490553 -1.118551 0.379005 
0.619165 -0.547937 0.215976 0.713445 -0.460085 0.261618 0.767621 -0.417281 0.055641 0.671670 -0.506582 0.012480 1.294644 -0.066913 0.608716 1.366388 -0.048297 0.493842 1.218444 -0.151729 0.378550 1.143877 -0.172012 0.492884 1.504411 -1.120174 0.391699 1.495660 -1.184068 0.377663 1.482142 -1.180128 0.368155 1.490893 -1.116234 0.382191 
0.619213 -0.547431 0.216102 0.713486 -0.459455 0.261516 0.767618 -0.417134 0.055428 0.671674 -0.506554 0.012498 1.294680 -0.065357 0.607561 1.366405 -0.047006 0.492632 1.218461 -0.150737 0.377610 1.143912 -0.170756 0.492003 1.504725 -1.118921 0.393461 1.495980 -1.182861 0.379632 1.482459 -1.178953 0.370115 1.491204 -1.115013 0.383944 
0.619198 -0.547537 0.216072 0.713451 -0.459564 0.261535 0.767598 -0.417144 0.055471 0.671674 -0.506561 0.012492 1.294536 -0.065511 0.607808 1.366273 -0.047099 0.492897 1.218362 -0.150806 0.377811 1.143802 -0.170887 0.492185 1.504955 -1.118762 0.393766 1.496227 -1.182712 0.379970 1.482705 -1.178813 0.370452 1.491432 -1.114864 0.384247 
0.619128 -0.548215 0.215896 0.713352 -0.460369 0.261665 0.767566 -0.417304 0.055752 0.671671 -0.506602 0.012462 1.294255 -0.067305 0.609364 1.366031 -0.048528 0.494536 1.218176 -0.151900 0.379076 1.143578 -0.172345 0.493361 1.505045 -1.119703 0.392557 1.496336 -1.183623 0.378616 1.482815 -1.179706 0.369103 1.491523 -1.115786 0.383045 
0.619006 -0.549443 0.215575 0.713193 -0.461847 0.261896 0.767525 -0.417612 0.056263 0.671665 -0.506674 0.012411 1.293847 -0.070699 0.612160 1.365692 -0.051266 0.497484 1.217918 -0.153998 0.381351 1.143252 -0.175096 0.495473 1.504962 -1.121747 0.389804 1.496273 -1.185597 0.375531 1.482755 -1.181633 0.366031 1.491445 -1.117784 0.380304 
0.618829 -0.551211 0.215101 0.712974 -0.463994 0.262216 0.767474 -0.418073 0.056998 0.671655 -0.506776 0.012338 1.293318 -0.075707 0.616159 1.365258 -0.055333 0.501707 1.217587 -0.157115 0.384612 1.142825 -0.179150 0.498494 1.504709 -1.124856 0.385513 1.496035 -1.188591 0.370728 1.482524 -1.184554 0.361251 1.491198 -1.120819 0.376036 
0.618594 -0.553551 0.214450 0.712687 -0.466854 0.262616 0.767411 -0.418699 0.057969 0.671641 -0.506910 0.012241 1.292640 -0.082449 0.621402 1.364706 -0.060829 0.507258 1.217163 -0.161328 0.388899 1.142277 -0.184603 0.502453 1.504310 -1.129011 0.379628 1.495649 -1.192582 0.364144 1.482146 -1.188441 0.354699 1.490808 -1.124871 0.370183 
0.618302 -0.556511 0.213583 0.712324 -0.470491 0.263081 0.767338 -0.419501 0.059200 0.671635 -0.507068 0.012116 1.291764 -0.091108 0.627971 1.363988 -0.067907 0.514238 1.216613 -0.166756 0.394291 1.141569 -0.191603 0.507406 1.503816 -1.134200 0.372082 1.495172 -1.197551 0.355713 1.481681 -1.193281 0.346310 1.490325 -1.129930 0.362679 
0.617938 -0.560128 0.212469 0.711875 -0.474961 0.263581 0.767236 -0.420518 0.060690 0.671614 -0.507272 0.011963 1.290685 -0.101834 0.635847 1.363102 -0.076707 0.522648 1.215934 -0.173504 0.400789 1.140697 -0.200266 0.513338 1.503221 -1.140417 0.362748 1.494600 -1.203482 0.345299 1.481122 -1.199054 0.335951 1.489744 -1.135988 0.353399 
0.617297 -0.564563 0.210950 0.711026 -0.480434 0.264120 0.767001 -0.421759 0.062581 0.671581 -0.507526 0.011758 1.288486 -0.114630 0.645451 1.361345 -0.087250 0.533060 1.214655 -0.181586 0.408718 1.138981 -0.210587 0.520415 1.502422 -1.147169 0.352881 1.493861 -1.209888 0.334198 1.480415 -1.205281 0.324891 1.488975 -1.142562 0.343574 
0.616446 -0.569579 0.209066 0.709854 -0.486637 0.264613 0.766646 -0.423178 0.064759 0.671538 -0.507814 0.011512 1.285193 -0.129241 0.656763 1.358505 -0.099184 0.545356 1.212467 -0.190767 0.418222 1.136343 -0.222433 0.528886 1.502247 -1.153917 0.343607 1.493894 -1.216307 0.323765 1.480473 -1.211560 0.314491 1.488827 -1.149170 0.334333 
0.615539 -0.574905 0.206912 0.708605 -0.493313 0.264976 0.766267 -0.424770 0.067060 0.671492 -0.508114 0.011244 1.281261 -0.145122 0.668250 1.355049 -0.112225 0.557964 1.209772 -0.200900 0.427928 1.133180 -0.235391 0.537417 1.502384 -1.161038 0.333774 1.494336 -1.223077 0.312738 1.480939 -1.218204 0.303494 1.488988 -1.156166 0.324530 
0.614533 -0.580255 0.204623 0.707277 -0.500172 0.265246 0.765902 -0.426512 0.069462 0.671439 -0.508406 0.011032 1.276399 -0.161643 0.679207 1.350777 -0.125969 0.570188 1.206442 -0.211738 0.437188 1.129267 -0.248992 0.545356 1.502341 -1.168340 0.323613 1.494652 -1.229981 0.301315 1.481292 -1.224977 0.292088 1.488981 -1.163336 0.314387 
0.613382 -0.585375 0.202301 0.705782 -0.506856 0.265442 0.765509 -0.428298 0.071909 0.671377 -0.508682 0.010904 1.270379 -0.178228 0.690071 1.345307 -0.139751 0.582390 1.202083 -0.222816 0.446506 1.124368 -0.262860 0.553280 1.502505 -1.175185 0.314799 1.495240 -1.236454 0.291359 1.481909 -1.231349 0.282147 1.489174 -1.170080 0.305587 
0.612242 -0.590354 0.199881 0.704273 -0.513424 0.265470 0.765090 -0.430104 0.074283 0.671316 -0.508951 0.010774 1.264545 -0.194676 0.700352 1.339973 -0.153486 0.594032 1.197805 -0.233819 0.455423 1.119601 -0.276564 0.560784 1.502671 -1.181665 0.306092 1.495834 -1.242552 0.281556 1.482532 -1.237350 0.272354 1.489370 -1.176463 0.296890 
0.611181 -0.594987 0.197617 0.702868 -0.519627 0.265471 0.764702 -0.431875 0.076605 0.671259 -0.509201 0.010777 1.259211 -0.210563 0.709737 1.335137 -0.166861 0.604784 1.193968 -0.244472 0.463627 1.115274 -0.289714 0.567572 1.502453 -1.187877 0.297104 1.495962 -1.248339 0.271448 1.482693 -1.243018 0.262267 1.489184 -1.182556 0.287923 
0.610056 -0.599173 0.195414 0.701374 -0.525313 0.265382 0.764290 -0.433556 0.078792 0.671206 -0.509424 0.010796 1.254321 -0.225334 0.718377 1.330790 -0.179431 0.614766 1.190535 -0.254350 0.471261 1.111307 -0.301776 0.573817 1.501557 -1.193676 0.288436 1.495380 -1.253685 0.261664 1.482158 -1.248233 0.252493 1.488335 -1.188224 0.279265 
0.608884 -0.602753 0.193354 0.699828 -0.530261 0.265214 0.763869 -0.435082 0.080732 0.671146 -0.509618 0.010797 1.249533 -0.238803 0.726491 1.326421 -0.190868 0.624118 1.186989 -0.263349 0.478575 1.107349 -0.312792 0.579852 1.500801 -1.198518 0.281565 1.494934 -1.258142 0.253879 1.481752 -1.252589 0.244712 1.487619 -1.192964 0.272398 
0.607800 -0.605848 0.191469 0.698393 -0.534592 0.264989 0.763474 -0.436456 0.082430 0.671091 -0.509786 0.010792 1.245426 -0.250724 0.733425 1.322660 -0.201032 0.632156 1.183912 -0.271317 0.484892 1.103933 -0.322502 0.585030 1.500039 -1.202677 0.275350 1.494446 -1.261947 0.246859 1.481302 -1.256301 0.237693 1.486895 -1.197031 0.266184 
0.606870 -0.608383 0.189851 0.697180 -0.538202 0.264742 0.763155 -0.437643 0.083830 0.671045 -0.509922 0.010785 1.241911 -0.260810 0.738949 1.319450 -0.209687 0.638629 1.181292 -0.278125 0.489946 1.101014 -0.330729 0.589105 1.499179 -1.206239 0.269699 1.493797 -1.265175 0.240483 1.480690 -1.259437 0.231322 1.486071 -1.200501 0.260538 
0.606088 -0.610402 0.188509 0.696170 -0.541121 0.264503 0.762899 -0.438632 0.084957 0.671008 -0.510029 0.010778 1.239037 -0.269169 0.743318 1.316857 -0.216905 0.643807 1.179214 -0.283803 0.493951 1.098659 -0.337536 0.592276 1.498149 -1.209242 0.264512 1.492908 -1.267858 0.234634 1.479836 -1.262024 0.225482 1.485077 -1.203408 0.255360 
0.605438 -0.612117 0.187348 0.695307 -0.543591 0.264275 0.762659 -0.439465 0.085907 0.670976 -0.510123 0.010770 1.236864 -0.276324 0.747166 1.314931 -0.223103 0.648358 1.177683 -0.288585 0.497518 1.096885 -0.343265 0.595118 1.497200 -1.211746 0.259947 1.492061 -1.270071 0.229488 1.479022 -1.264149 0.220347 1.484161 -1.205823 0.250806 
