0.002647 -0.004609 0.999986 -0.000166 -0.000095 1.000000 -0.000194 -0.000112 1.000000 0.002545 -0.004670 0.999986 
0.001366 -0.002377 0.999996 -0.001871 -0.001064 0.999998 -0.001879 -0.001084 0.999998 0.001335 -0.002449 0.999996 
-0.000302 0.000526 1.000000 0.000902 0.000513 0.999999 0.000902 0.000521 0.999999 -0.000302 0.000553 1.000000 
-0.003188 0.005535 0.999980 -0.004161 -0.002373 0.999989 -0.004113 -0.002378 0.999989 -0.003012 0.005511 0.999980 
-0.002901 0.005030 0.999983 0.000372 0.000212 1.000000 0.000401 0.000232 1.000000 -0.002793 0.005101 0.999983 
-0.001488 0.002583 0.999996 -0.001600 -0.000913 0.999998 -0.001579 -0.000913 0.999998 -0.001410 0.002579 0.999996 
-0.001346 0.002337 0.999996 -0.001450 -0.000827 0.999999 -0.001430 -0.000827 0.999999 -0.001276 0.002333 0.999996 
0.000777 -0.001348 0.999999 -0.003844 -0.002193 0.999990 -0.003838 -0.002221 0.999990 0.000794 -0.001451 0.999999 
0.000713 -0.001238 0.999999 -0.003622 -0.002066 0.999991 -0.003617 -0.002092 0.999991 0.000730 -0.001335 0.999999 
-0.000514 0.000892 0.999999 -0.005275 -0.003007 0.999982 -0.005251 -0.003036 0.999982 -0.000429 0.000784 1.000000 
0.000115 -0.000201 1.000000 -0.007295 -0.004150 0.999965 -0.007271 -0.004196 0.999965 0.000200 -0.000367 1.000000 
0.000115 -0.000201 1.000000 -0.007651 -0.004353 0.999961 -0.007626 -0.004400 0.999961 0.000205 -0.000376 1.000000 
0.001358 -0.002334 0.999996 -0.005378 -0.003097 0.999981 -0.005373 -0.003138 0.999981 0.001372 -0.002485 0.999996 
0.001547 -0.002644 0.999995 -0.003770 -0.002184 0.999991 -0.003773 -0.002216 0.999990 0.001535 -0.002762 0.999995 
-0.001668 0.002836 0.999995 -0.003301 -0.001922 0.999993 -0.003272 -0.001932 0.999993 -0.001562 0.002798 0.999995 
-0.003343 0.005686 0.999978 -0.006422 -0.003739 0.999972 -0.006365 -0.003758 0.999973 -0.003134 0.005613 0.999979 
-0.003649 0.006209 0.999974 -0.004937 -0.002872 0.999984 -0.004881 -0.002880 0.999984 -0.003447 0.006176 0.999975 
-0.003717 0.006405 0.999973 -0.009072 -0.005213 0.999945 -0.009001 -0.005246 0.999946 -0.003460 0.006281 0.999974 
-0.003433 0.005920 0.999977 -0.022339 -0.012829 0.999668 -0.022224 -0.012945 0.999669 -0.003022 0.005491 0.999980 
-0.003116 0.005308 0.999981 -0.045578 -0.026508 0.998609 -0.045383 -0.026768 0.998611 -0.002424 0.004349 0.999988 
-0.002731 0.004621 0.999986 -0.077210 -0.045228 0.995989 -0.076903 -0.045685 0.995991 -0.001651 0.002940 0.999994 
-0.001402 0.002348 0.999996 -0.092853 -0.054917 0.994164 -0.092499 -0.055479 0.994166 -0.000162 0.000286 1.000000 
0.000141 -0.000237 1.000000 -0.097667 -0.057371 0.993564 -0.097314 -0.057972 0.993564 0.001376 -0.002441 0.999996 
0.001117 -0.001890 0.999998 -0.093964 -0.054919 0.994060 -0.093637 -0.055504 0.994058 0.002262 -0.004031 0.999989 
0.002064 -0.003473 0.999992 -0.095206 -0.055964 0.993883 -0.094881 -0.056562 0.993880 0.003197 -0.005661 0.999979 
0.001951 -0.003261 0.999993 -0.102173 -0.060456 0.992928 -0.101819 -0.061097 0.992925 0.003186 -0.005604 0.999979 
-0.005758 0.036743 0.999308 0.006190 -0.011058 0.999920 -0.048914 -0.020370 0.998595 -0.066178 -0.010660 0.997751 -0.022326 -0.014306 0.999648 
-0.004893 0.029445 0.999554 0.010953 -0.019051 0.999759 -0.058436 -0.024199 0.997998 -0.060331 -0.010249 0.998126 -0.033427 -0.021323 0.999214 
-0.001060 0.005916 0.999982 0.011348 -0.019029 0.999755 -0.061451 -0.025086 0.997795 -0.059200 -0.010735 0.998188 -0.043686 -0.027678 0.998662 
-0.000711 0.003619 0.999993 0.012612 -0.020745 0.999705 -0.062787 -0.025072 0.997712 -0.052566 -0.010439 0.998563 -0.121285 -0.077232 0.989609 -0.002371 -0.001454 0.999996 
0.001073 -0.005102 0.999986 0.014728 -0.023583 0.999613 -0.060147 -0.023845 0.997905 -0.044640 -0.009458 0.998958 -0.113752 -0.074321 0.990725 -0.007832 -0.004670 0.999958 
0.002748 -0.012498 0.999918 0.019959 -0.031321 0.999310 -0.054938 -0.022046 0.998246 -0.034546 -0.007644 0.999374 -0.109657 -0.072900 0.991293 -0.005932 -0.003543 0.999976 
0.003181 -0.013979 0.999897 0.026889 -0.041683 0.998769 -0.047798 -0.019645 0.998664 -0.023000 -0.005268 0.999722 -0.106079 -0.071148 0.991809 0.002599 0.001588 0.999995 
0.002956 -0.012664 0.999915 0.026832 -0.041047 0.998797 -0.038596 -0.016093 0.999125 -0.008144 -0.001915 0.999965 -0.089377 -0.060865 0.994136 0.003045 0.001873 0.999994 
0.003690 -0.015518 0.999873 0.024100 -0.036134 0.999056 -0.027725 -0.011672 0.999547 0.001050 0.000252 0.999999 -0.065510 -0.045677 0.996806 0.000264 0.000162 1.000000 
0.005581 -0.022872 0.999723 0.023212 -0.033942 0.999154 -0.015703 -0.006703 0.999854 0.010417 0.002564 0.999942 -0.045522 -0.032611 0.998431 0.000259 0.000159 1.000000 
0.009283 -0.036649 0.999285 0.025921 -0.036711 0.998990 -0.002997 -0.001301 0.999995 0.025438 0.006518 0.999655 -0.029227 -0.021637 0.999339 0.000261 0.000160 1.000000 
0.011081 -0.042407 0.999039 0.021593 -0.029988 0.999317 -0.003488 -0.001509 0.999993 0.040887 0.010842 0.999105 0.011586 0.008783 0.999894 -0.036931 -0.022078 0.999074 
0.009016 -0.032454 0.999433 0.012841 -0.019552 0.999726 -0.030454 -0.012652 0.999456 0.045332 0.012757 0.998891 0.019022 0.013174 0.999732 -0.085364 -0.049415 0.995124 
0.003360 -0.011490 0.999928 0.003447 -0.005628 0.999978 -0.054550 -0.021985 0.998269 0.048020 0.014165 0.998746 0.020869 0.013486 0.999691 -0.119264 -0.066897 0.990606 
-0.000268 0.000923 1.000000 -0.075723 0.126693 0.989047 -0.076916 -0.029453 0.996602 0.043178 0.012632 0.998988 0.018710 0.011724 0.999756 -0.184536 -0.096702 0.978057 
-0.000265 0.000912 1.000000 -0.131167 0.220190 0.966598 -0.092289 -0.035806 0.995088 0.047995 0.014041 0.998749 0.008861 0.005548 0.999945 -0.222947 -0.118669 0.967581 
-0.000543 0.002025 0.999998 -0.132367 0.194621 0.971906 -0.098944 -0.043616 0.994137 0.066128 0.017839 0.997652 -0.007936 -0.005718 0.999952 -0.210941 -0.124456 0.969543 
-0.000279 0.001017 0.999999 -0.112712 0.149981 0.982243 -0.064134 -0.031347 0.997449 0.087926 0.024305 0.995830 0.045823 0.035411 0.998322 -0.172040 -0.111270 0.978786 
0.000327 -0.001040 0.999999 -0.103854 0.137073 0.985102 0.008654 0.004208 0.999954 0.123586 0.039169 0.991561 0.193239 0.141047 0.970961 -0.134324 -0.086537 0.987152 
0.005409 -0.017393 0.999834 -0.082743 0.111737 0.990287 0.030257 0.014580 0.999436 0.145835 0.046090 0.988235 0.204509 0.147830 0.967637 -0.113401 -0.072249 0.990919 
0.024630 -0.077016 0.996726 -0.059170 0.081384 0.994925 0.044158 0.021083 0.998802 0.152032 0.051141 0.987052 0.194770 0.141556 0.970580 -0.105826 -0.065434 0.992229 
0.038900 -0.115231 0.992577 -0.037782 0.051742 0.997946 0.060881 0.030456 0.997680 0.170119 0.062087 0.983466 0.173073 0.129181 0.976401 -0.079046 -0.050262 0.995603 
0.049934 -0.138929 0.989043 -0.013981 0.019201 0.999718 0.079596 0.042920 0.995903 0.201714 0.080588 0.976123 0.142655 0.108334 0.983826 -0.038836 -0.026376 0.998897 
0.059678 -0.159476 0.985396 0.002356 -0.003244 0.999992 0.096161 0.054940 0.993848 0.236836 0.101827 0.966199 0.110557 0.084591 0.990263 -0.004992 -0.003565 0.999981 
0.071019 -0.186517 0.979881 0.022947 -0.031415 0.999243 0.107928 0.063948 0.992100 0.257401 0.116724 0.959229 0.095880 0.074395 0.992609 0.013151 0.009661 0.999867 
0.085440 -0.217794 0.972248 0.044572 -0.059780 0.997216 0.113966 0.070168 0.991004 0.266737 0.129003 0.955096 0.091961 0.073434 0.993051 0.019186 0.014470 0.999711 
0.101365 -0.245882 0.963985 0.064440 -0.083743 0.994402 0.112182 0.072335 0.991051 0.265313 0.137960 0.954241 0.086851 0.072016 0.993615 0.016442 0.012842 0.999782 
0.120946 -0.274782 0.953870 0.083598 -0.104071 0.991050 0.101869 0.068945 0.992406 0.250828 0.140707 0.957751 0.077828 0.067590 0.994673 0.003956 0.003204 0.999987 
0.143066 -0.301738 0.942596 0.103014 -0.121715 0.987205 0.083433 0.059379 0.994743 0.227050 0.136793 0.964228 0.062551 0.057181 0.996402 -0.015984 -0.013456 0.999782 
0.158261 -0.327720 0.931425 0.126240 -0.148892 0.980762 0.078918 0.056484 0.995280 0.217684 0.135150 0.966617 0.051195 0.046906 0.997587 -0.017445 -0.014626 0.999741 
0.167925 -0.355740 0.919375 0.151477 -0.184773 0.971037 0.079511 0.056474 0.995233 0.221309 0.138441 0.965327 0.041841 0.037092 0.998436 -0.013365 -0.011113 0.999849 
0.179659 -0.386097 0.904794 0.180112 -0.225279 0.957501 0.079916 0.056975 0.995172 0.223661 0.142537 0.964188 0.036842 0.031944 0.998810 -0.011030 -0.009204 0.999897 
0.193611 -0.419423 0.886904 0.211224 -0.270634 0.939224 0.080034 0.057602 0.995126 0.223775 0.146495 0.963568 0.033035 0.028065 0.999060 -0.009160 -0.007721 0.999928 
0.208811 -0.454520 0.865916 0.080679 0.058655 0.995013 0.241671 -0.312892 0.918528 0.221498 0.149484 0.963635 0.002020 0.001709 0.999996 
0.222975 -0.492427 0.841307 0.082777 0.060784 0.994713 0.269250 -0.350580 0.896994 0.220953 0.153759 0.963088 0.002291 0.001939 0.999995 
0.235486 -0.534524 0.811684 0.295992 -0.382913 0.875081 0.064482 0.047833 0.996772 0.208255 0.155463 0.965640 0.221713 0.159263 0.962018 0.028315 0.024151 0.999307 -0.006982 -0.005878 0.999958 
0.241775 -0.580007 0.777905 0.321479 -0.411158 0.852995 0.065895 0.048868 0.996629 0.210610 0.160691 0.964273 0.224738 0.165337 0.960290 0.022794 0.019602 0.999548 -0.008856 -0.007309 0.999934 
0.350363 -0.438938 0.827393 0.062579 0.046353 0.996963 0.011599 0.010033 0.999882 0.246782 -0.630256 0.736123 0.209557 0.164448 0.963869 0.224313 0.170163 0.959546 -0.015413 -0.012414 0.999804 
0.388708 -0.468898 0.793121 0.051319 0.038350 0.997946 -0.005254 -0.004582 0.999976 0.261091 -0.680493 0.684661 0.193770 0.157456 0.968329 0.208946 0.164627 0.963971 -0.029448 -0.023422 0.999292 
0.440615 -0.498547 0.746531 0.030349 0.023049 0.999274 -0.008783 -0.007009 0.999937 -0.029320 -0.025779 0.999238 0.285533 -0.729899 0.621063 0.167833 0.142295 0.975492 
0.504718 -0.520998 0.688346 0.001165 0.000895 0.999999 -0.038882 -0.031119 0.998759 -0.060604 -0.053089 0.996749 0.321099 -0.774333 0.545257 0.134463 0.119044 0.983742 
0.575566 -0.530456 0.622366 -0.032216 -0.024595 0.999178 -0.072847 -0.057609 0.995678 -0.095153 -0.081175 0.992147 0.363390 -0.808903 0.462195 0.098775 0.089941 0.991037 
0.640216 -0.495160 0.587316 -0.066550 -0.048937 0.996582 -0.107206 -0.080382 0.990982 -0.148745 -0.121013 0.981443 0.431081 -0.819669 0.377242 0.057022 0.052205 0.997007 
0.715465 -0.445948 0.537811 -0.119429 -0.084722 0.989221 -0.160617 -0.116162 0.980157 -0.195998 -0.149845 0.969088 0.549305 -0.776140 0.309630 0.009263 0.008326 0.999922 
0.780148 -0.333979 0.528987 0.750834 -0.613041 0.245824 -0.048029 -0.042901 0.997924 -0.172717 -0.120246 0.977604 -0.258642 -0.193761 0.946341 -0.214683 -0.148893 0.965268 
0.833463 -0.201758 0.514425 0.934000 -0.287274 0.212409 -0.102628 -0.090671 0.990579 -0.229909 -0.155949 0.960636 -0.313061 -0.227160 0.922167 -0.272273 -0.181574 0.944933 
0.850489 -0.073162 0.520880 -0.286155 -0.185186 0.940118 -0.158623 -0.137647 0.977697 -0.312409 0.229949 0.921696 -0.005278 0.004855 0.999974 -0.190774 -0.488973 0.851182 -0.001329 -0.116388 0.993203 
-0.003961 0.003521 0.999986 0.842763 0.039623 0.536825 -0.342449 -0.208923 0.916013 -0.213201 -0.180417 0.960206 -0.256807 -0.484011 0.836531 -0.002310 -0.180017 0.983661 
0.007948 -0.007005 0.999944 0.814816 0.142021 0.562054 -0.584262 -0.328452 0.742130 -0.272680 -0.512648 0.814149 -0.000122 -0.247007 0.969014 -0.269297 -0.221314 0.937283 0.780901 0.528516 0.332964 
0.017016 -0.014901 0.999744 0.766665 0.230172 0.599371 -0.644916 -0.317438 0.695210 -0.269240 -0.555571 0.786670 0.007578 -0.309142 0.950986 0.686350 0.608148 0.398848 -0.312991 -0.249061 0.916518 
-0.601858 -0.247897 0.759153 -0.295962 -0.555489 0.777071 0.023187 -0.356999 0.933817 -0.377489 -0.288956 0.879776 0.598358 0.642267 0.479021 -0.186954 0.155584 0.969970 0.012203 -0.010368 0.999872 
-0.662517 -0.227802 0.713567 0.000431 -0.000351 1.000000 -0.323505 -0.547228 0.771936 0.044950 -0.408190 0.911790 -0.444019 -0.323777 0.835473 0.521514 0.642812 0.561085 
0.454005 0.618983 0.640890 -0.009037 0.007074 0.999934 -0.512182 -0.349387 0.784601 -0.719456 -0.188111 0.668579 -0.339993 -0.542433 0.768226 0.072536 -0.458090 0.885941 
0.393725 0.577279 0.715353 -0.019463 0.014808 0.999701 -0.582726 -0.358302 0.729418 -0.769209 -0.122772 0.627092 -0.330990 -0.551723 0.765537 0.107246 -0.500267 0.859204 
0.332886 0.523581 0.784251 -0.031361 0.023358 0.999235 -0.654367 -0.347841 0.671424 -0.805584 -0.032000 0.591617 -0.310805 -0.566660 0.763084 0.149112 -0.533819 0.832348 
0.282382 0.471499 0.835433 -0.040824 0.029626 0.998727 -0.713352 -0.316179 0.625428 -0.819531 0.061005 0.569778 -0.299589 -0.576089 0.760505 0.194315 -0.553087 0.810146 
0.237830 0.419244 0.876169 -0.050019 0.035245 0.998126 -0.763254 -0.269218 0.587337 -0.818377 0.138425 0.557762 -0.298086 -0.579663 0.758377 0.237202 -0.559498 0.794165 
0.201609 0.368991 0.907304 -0.054942 0.037940 0.997768 -0.803422 -0.220088 0.553239 -0.813010 0.206639 0.544349 -0.288251 -0.598630 0.747364 0.278535 -0.556567 0.782721 
0.172778 0.329859 0.928085 -0.056228 0.038083 0.997691 -0.828792 -0.171824 0.532522 -0.799135 0.263682 0.540236 -0.276788 -0.613869 0.739292 0.313733 -0.551714 0.772777 
0.151321 0.299183 0.942121 -0.057169 0.038085 0.997638 -0.845089 -0.132538 0.517936 -0.781208 0.304982 0.544702 -0.263435 -0.627940 0.732321 0.340364 -0.550744 0.762124 
0.136315 0.277016 0.951147 -0.855017 -0.104015 0.508062 -0.765410 0.331922 0.551339 -0.246522 -0.641370 0.726547 0.360402 -0.550918 0.752728 -0.181760 0.118806 0.976140 -0.055669 0.036575 0.997779 
0.126655 0.263170 0.956400 -0.201517 0.129610 0.970872 -0.055026 0.035764 0.997844 -0.860087 -0.086150 0.502820 -0.754416 0.347422 0.556915 -0.226063 -0.653656 0.722239 0.374051 -0.551040 0.745950 
0.120720 0.255601 0.959216 -0.225615 0.143463 0.963596 -0.053934 0.034758 0.997939 -0.862189 -0.077006 0.500699 -0.749426 0.353145 0.560044 -0.202291 -0.663381 0.720419 0.381357 -0.550450 0.742679 
0.118577 0.254577 0.959755 -0.250890 0.158175 0.955005 -0.052645 0.033707 0.998044 -0.861854 -0.077282 0.501233 -0.749396 0.351339 0.561218 -0.177876 -0.669328 0.721360 0.383231 -0.550212 0.741890 
0.119301 0.258990 0.958484 -0.277810 0.173286 0.944878 -0.050998 0.032503 0.998170 -0.859623 -0.085924 0.503652 -0.753595 0.342347 0.561153 -0.151918 -0.671547 0.725221 0.380147 -0.551088 0.742826 
0.123513 0.269323 0.955097 -0.855402 -0.103535 0.507511 -0.761689 0.327086 0.559325 -0.128114 -0.669102 0.732045 0.372575 -0.552606 0.745530 -0.303677 0.187239 0.934196 -0.049459 0.031455 0.998281 
0.132636 0.287962 0.948412 -0.847375 -0.133047 0.514057 -0.773386 0.303369 0.556634 -0.109658 -0.663916 0.739724 0.359786 -0.553739 0.750951 -0.322145 0.193860 0.926629 -0.048010 0.030545 0.998380 
0.144023 0.310545 0.939584 -0.835931 -0.167363 0.522694 -0.785659 0.272804 0.555263 -0.090810 -0.653797 0.751201 0.342735 -0.555037 0.757936 -0.340468 0.196292 0.919539 -0.047035 0.030034 0.998442 
0.157377 0.337723 0.927995 -0.819456 -0.206498 0.534650 -0.797727 0.235348 0.555196 -0.071035 -0.636573 0.767938 0.321928 -0.555173 0.766907 -0.360455 0.194592 0.912253 -0.046667 0.029990 0.998460 
0.173109 0.370283 0.912646 -0.796402 -0.250031 0.550662 -0.808438 0.188545 0.557565 -0.053143 -0.617415 0.784840 0.297854 -0.553545 0.777735 -0.378776 0.189555 0.905868 -0.046247 0.029884 0.998483 
0.194343 0.407797 0.892150 -0.766928 -0.289471 0.572738 -0.816710 0.133153 0.561476 -0.021167 -0.592656 0.805178 0.266988 -0.549796 0.791481 -0.421597 0.194408 0.885698 -0.043275 0.028456 0.998658 
0.218228 0.447129 0.867440 -0.733675 -0.316083 0.601508 -0.819495 0.068666 0.568957 0.012652 -0.563641 0.825923 0.235392 -0.537316 0.809866 -0.469526 0.194068 0.861326 -0.035691 0.023978 0.999075 
0.244445 0.488146 0.837831 -0.696547 -0.336601 0.633658 -0.814222 0.002921 0.580546 0.038112 -0.536298 0.843168 0.206493 -0.519906 0.828890 -0.512285 0.192254 0.837020 -0.027742 0.018995 0.999435 
0.268918 0.526331 0.806634 -0.659669 -0.349656 0.665265 -0.801558 -0.056164 0.595274 0.044440 -0.514561 0.856302 0.181419 -0.499582 0.847057 -0.535156 0.191490 0.822764 -0.023671 0.016429 0.999585 
0.291610 0.560062 0.775431 -0.624644 -0.358462 0.693775 -0.784100 -0.106150 0.611489 0.035086 -0.499229 0.865760 0.159728 -0.477177 0.864170 -0.538199 0.193119 0.820395 -0.024405 0.017081 0.999556 
0.315203 0.590115 0.743243 -0.590848 -0.363190 0.720411 -0.763654 -0.147466 0.628559 0.022051 -0.485474 0.873973 0.140358 -0.454640 0.879546 -0.534657 0.194945 0.822277 -0.026979 0.019021 0.999455 
0.338116 0.618351 0.709451 -0.557156 -0.362708 0.747007 -0.740321 -0.180792 0.647486 0.010749 -0.470509 0.882330 0.122673 -0.431439 0.893763 -0.530189 0.193890 0.825413 -0.029834 0.021182 0.999330 
0.359323 0.644678 0.674742 -0.523298 -0.360036 0.772356 -0.715183 -0.207460 0.667438 0.001491 -0.454096 0.890952 0.106533 -0.407027 0.907182 -0.525993 0.190803 0.828810 -0.033393 0.023870 0.999157 
0.380451 0.669181 0.638321 -0.489186 -0.353963 0.797125 -0.688194 -0.228870 0.688483 -0.007201 -0.436619 0.899618 0.091455 -0.380983 0.920048 -0.521554 0.187862 0.832279 -0.037323 0.026860 0.998942 
0.403608 0.691576 0.599018 -0.454350 -0.343684 0.821856 -0.659092 -0.246290 0.710591 -0.014874 -0.417692 0.908467 0.077290 -0.352380 0.932660 -0.518045 0.185341 0.835032 -0.041437 0.030038 0.998689 
-0.627468 -0.260111 0.733911 -0.021220 -0.397075 0.917541 0.063970 -0.320565 0.945064 -0.418459 -0.328918 0.846584 0.431121 0.710632 0.556001 -0.516364 0.183373 0.836506 -0.045599 0.033328 0.998404 
-0.593205 -0.270284 0.758324 -0.026752 -0.375854 0.926292 0.051301 -0.284466 0.957312 -0.381524 -0.310146 0.870775 0.467082 0.723017 0.509000 -0.515242 0.182100 0.837476 -0.050595 0.037364 0.998020 
-0.557471 -0.275994 0.782977 -0.032467 -0.354620 0.934447 0.039573 -0.246013 0.968458 -0.342897 -0.286870 0.894498 0.512795 0.726318 0.457714 -0.512675 0.181901 0.839092 -0.055822 0.041779 0.997566 
-0.630701 -0.341979 0.696611 0.733038 0.318917 0.600789 -0.037559 -0.329873 0.943278 0.030019 -0.209899 0.977262 -0.307823 -0.264550 0.913925 0.563921 0.716459 0.410706 -0.512366 0.183383 0.838959 -0.062598 0.047263 0.996919 
-0.601080 -0.348852 0.719031 0.764261 0.282440 0.579770 -0.039961 -0.300823 0.952843 0.022699 -0.176152 0.984101 -0.278045 -0.245584 0.928644 0.614342 0.695950 0.371803 -0.514635 0.182747 0.837708 -0.073096 0.055270 0.995792 
0.788002 0.248369 0.563352 -0.576777 -0.352547 0.736912 -0.518931 0.176754 0.836342 -0.086032 0.064760 0.994185 -0.038557 -0.267854 0.962688 0.017324 -0.144326 0.989379 0.662808 0.667049 0.340194 -0.252840 -0.229477 0.939900 
0.806482 0.211959 0.551960 -0.555467 -0.355866 0.751542 -0.524188 0.168468 0.834773 -0.100410 0.075027 0.992113 -0.035209 -0.236763 0.970929 0.013083 -0.112551 0.993560 -0.247853 -0.229713 0.941170 0.709366 0.627468 0.321067 
0.819788 0.179038 0.543960 -0.536645 -0.359294 0.763491 -0.530713 0.158259 0.832645 -0.114399 0.084677 0.989819 -0.030650 -0.205764 0.978122 0.009633 -0.082497 0.996545 -0.231093 -0.217348 0.948344 0.752512 0.585581 0.301365 
0.829460 0.149565 0.538169 -0.341011 -0.237068 0.909676 -0.217166 -0.206572 0.954027 -0.539349 0.147402 0.829081 -0.127240 0.093139 0.987489 -0.025633 -0.176399 0.983985 0.006604 -0.055260 0.998450 
0.836659 0.124614 0.533361 -0.328329 -0.233119 0.915344 -0.205456 -0.197058 0.958622 -0.541874 0.135210 0.829512 -0.138812 0.100417 0.985215 -0.021364 -0.151450 0.988234 0.003851 -0.030891 0.999515 
0.840648 0.107009 0.530905 -0.319174 -0.230297 0.919288 -0.196915 -0.190144 0.961806 -0.538350 0.127969 0.832949 -0.145331 0.104418 0.983858 -0.019448 -0.138814 0.990127 0.001959 -0.015239 0.999882 
0.843091 0.095985 0.529136 -0.314040 -0.228101 0.921601 -0.191604 -0.185679 0.963749 -0.537031 0.127919 0.833807 -0.146667 0.105256 0.983570 -0.019442 -0.136318 0.990474 0.001160 -0.009050 0.999958 
0.843729 0.094239 0.528431 -0.313940 -0.227577 0.921765 -0.190591 -0.184935 0.964092 -0.536020 0.131054 0.833971 -0.145892 0.104881 0.983725 -0.020382 -0.138527 0.990149 0.001237 -0.009812 0.999951 
0.842531 0.101404 0.529017 -0.317455 -0.228873 0.920239 -0.193493 -0.187580 0.963003 -0.535229 0.135116 0.833830 -0.143794 0.103481 0.984182 -0.021708 -0.143855 0.989361 0.001952 -0.015662 0.999875 
0.839115 0.116770 0.531273 -0.323933 -0.232063 0.917177 -0.199873 -0.193342 0.960557 -0.535775 0.137964 0.833013 -0.140932 0.101385 0.984814 -0.022690 -0.150751 0.988311 0.003167 -0.025223 0.999677 
0.833708 0.137271 0.534871 -0.332316 -0.236432 0.913053 -0.208925 -0.201511 0.956945 -0.536298 0.138580 0.832574 -0.137781 0.098995 0.985503 -0.023091 -0.158336 0.987115 0.004743 -0.036898 0.999308 
0.826898 0.159554 0.539241 -0.341592 -0.241138 0.908387 -0.219225 -0.210342 0.952731 -0.536945 0.139195 0.832054 -0.133934 0.096145 0.986315 -0.023431 -0.167376 0.985615 0.006607 -0.049873 0.998734 
0.819023 0.182088 0.544100 -0.531210 -0.368107 0.763094 -0.537298 0.140594 0.831591 -0.128832 0.092557 0.987338 -0.023947 -0.178964 0.983564 0.008761 -0.064104 0.997905 -0.230141 -0.219072 0.948179 0.755623 0.581138 0.302181 
0.810315 0.204582 0.549122 -0.543077 -0.367817 0.754836 -0.536817 0.143200 0.831457 -0.122206 0.088064 0.988590 -0.024783 -0.193719 0.980744 0.011231 -0.080118 0.996722 -0.241547 -0.227622 0.943315 0.726784 0.610180 0.315381 
0.800356 0.227557 0.554660 -0.556118 -0.366220 0.746066 -0.534852 0.147748 0.831928 -0.114009 0.082567 0.990043 -0.026240 -0.212006 0.976916 0.014052 -0.098730 0.995015 -0.253671 -0.236358 0.937969 0.697979 0.635630 0.329850 
0.788534 0.251327 0.561292 -0.570769 -0.363001 0.736514 -0.530580 0.154687 0.833400 -0.104398 0.076068 0.991622 -0.028717 -0.233939 0.971827 0.017225 -0.120431 0.992572 0.669339 0.660465 0.340252 -0.251368 -0.231501 0.939799 
0.774105 0.276074 0.569688 -0.587325 -0.357966 0.725885 -0.523997 0.162590 0.836057 -0.093534 0.068582 0.993251 -0.031898 -0.258978 0.965356 0.020817 -0.145088 0.989200 0.636612 0.682683 0.358705 -0.265865 -0.241664 0.933228 
-0.605930 -0.351545 0.713628 0.756649 0.299489 0.581196 -0.035141 -0.287069 0.957265 0.024826 -0.172305 0.984731 -0.282811 -0.253460 0.925081 0.603201 0.700779 0.380863 -0.518870 0.172164 0.837337 -0.082184 0.060628 0.994771 
-0.626058 -0.343938 0.699827 0.736566 0.322591 0.594479 -0.037992 -0.314268 0.948574 0.029284 -0.199812 0.979397 -0.301319 -0.265879 0.915705 0.571291 0.713696 0.405296 -0.512491 0.180094 0.839595 -0.071832 0.053224 0.995996 
-0.647035 -0.334367 0.685233 0.714791 0.342524 0.609714 -0.040015 -0.341814 0.938915 0.034117 -0.228060 0.973049 -0.321453 -0.278910 0.904918 0.540987 0.721624 0.431963 -0.508272 0.188580 0.840296 -0.061622 0.045815 0.997047 
-0.560097 -0.273597 0.781944 -0.041091 -0.366625 0.929461 0.039528 -0.255149 0.966094 -0.342103 -0.291637 0.893260 0.514168 0.724461 0.459117 -0.503748 0.194923 0.841572 -0.053275 0.039659 0.997792 
-0.579868 -0.269422 0.768872 -0.041623 -0.390681 0.919585 0.045318 -0.281198 0.958579 -0.362804 -0.303229 0.881150 0.489498 0.724054 0.485940 -0.499054 0.200615 0.843029 -0.045072 0.033569 0.998420 
-0.598586 -0.264931 0.755981 -0.040126 -0.411927 0.910333 0.051210 -0.304373 0.951175 -0.383400 -0.313392 0.868787 0.469733 0.719430 0.511636 -0.498340 0.206368 0.842063 -0.038261 0.028505 0.998861 
-0.615995 -0.260219 0.743530 -0.038295 -0.430228 0.901908 0.057369 -0.324421 0.944172 -0.402858 -0.321724 0.856854 0.452891 0.713022 0.535247 -0.496714 0.210353 0.842038 -0.032844 0.024448 0.999161 
-0.631518 -0.254983 0.732236 -0.036287 -0.447198 0.893699 0.063344 -0.342225 0.937481 -0.420941 -0.328227 0.845621 0.438435 0.705684 0.556583 -0.495215 0.214408 0.841898 -0.027677 0.020586 0.999405 
-0.645104 -0.249319 0.722275 -0.034785 -0.463712 0.885303 0.068806 -0.358316 0.931061 -0.436997 -0.333026 0.835540 0.426714 0.698064 0.574997 -0.492932 0.218961 0.842066 -0.022412 0.016672 0.999610 
-0.657015 -0.243235 0.713560 -0.033964 -0.480112 0.876550 0.073630 -0.373425 0.924734 -0.451084 -0.336694 0.826535 0.417421 0.690469 0.590773 -0.489796 0.224250 0.842504 -0.016899 0.012584 0.999778 
0.409315 0.683070 0.604877 -0.463685 -0.340125 0.818114 -0.667822 -0.236383 0.705788 -0.033582 -0.495971 0.867689 0.077939 -0.388078 0.918325 -0.486072 0.229764 0.843174 -0.011427 0.008518 0.999898 
0.401475 0.676063 0.617865 -0.475299 -0.343092 0.810172 -0.677725 -0.229234 0.698671 -0.033281 -0.510760 0.859079 0.082007 -0.401611 0.912131 -0.481968 0.234637 0.844187 -0.006436 0.004801 0.999968 
0.393782 0.669502 0.629843 -0.486031 -0.345530 0.802734 -0.686798 -0.222033 0.692106 -0.033090 -0.524526 0.850751 0.085928 -0.413996 0.906214 -0.477514 0.238786 0.845554 -0.001860 0.001388 0.999997 
0.386488 0.663209 0.640922 -0.496040 -0.347489 0.795736 -0.695218 -0.214723 0.685978 -0.032959 -0.537357 0.842710 0.089716 -0.425523 0.900489 -0.472902 0.242351 0.847131 0.002394 -0.001788 0.999996 
0.379601 0.657012 0.651336 -0.505548 -0.349085 0.789025 -0.703036 -0.207450 0.680224 -0.036753 -0.547863 0.835760 0.093427 -0.432688 0.896690 -0.462113 0.240241 0.853660 0.002860 -0.002132 0.999994 
0.373372 0.651230 0.660676 -0.514152 -0.350316 0.782896 -0.709969 -0.200723 0.675021 -0.043176 -0.554334 0.831173 0.097021 -0.436496 0.894460 -0.447205 0.231964 0.863829 0.000640 -0.000476 1.000000 
0.368102 0.646272 0.668456 -0.521381 -0.351136 0.777731 -0.715691 -0.194962 0.670654 -0.047652 -0.558965 0.827821 0.100238 -0.439828 0.892471 -0.436613 0.226019 0.870795 -0.001054 0.000782 0.999999 
0.363700 0.642328 0.674638 -0.527098 -0.351715 0.773605 -0.719908 -0.190701 0.667357 -0.050037 -0.562007 0.825617 0.102916 -0.442288 0.890949 -0.430352 0.222336 0.874851 -0.002240 0.001657 0.999996 
0.360881 0.639843 0.678503 -0.530717 -0.351880 0.771051 -0.722468 -0.188281 0.665274 -0.051186 -0.563361 0.824624 0.104629 -0.443690 0.890052 -0.427420 0.220606 0.876724 -0.002944 0.002174 0.999993 
0.360011 0.639004 0.679754 -0.531937 -0.351818 0.770238 -0.723381 -0.187555 0.664487 -0.051353 -0.563475 0.824535 0.105243 -0.444159 0.889746 -0.427061 0.220394 0.876952 -0.003149 0.002324 0.999992 
0.360552 0.639542 0.678961 -0.531200 -0.351726 0.770789 -0.722834 -0.188240 0.664888 -0.050842 -0.562814 0.825019 0.104880 -0.443847 0.889944 -0.428377 0.221140 0.876123 -0.002978 0.002199 0.999993 
0.361989 0.641029 0.676791 -0.529143 -0.351569 0.772274 -0.721267 -0.190054 0.666073 -0.049538 -0.560924 0.826384 0.103823 -0.443090 0.890445 -0.431997 0.223275 0.873800 -0.002508 0.001853 0.999995 
0.364421 0.643400 0.673226 -0.525817 -0.351220 0.774700 -0.718707 -0.192897 0.668020 -0.047692 -0.558187 0.828344 0.102148 -0.441752 0.891303 -0.437189 0.226373 0.870414 -0.001762 0.001304 0.999998 
0.368156 0.646710 0.668002 -0.521065 -0.350508 0.778226 -0.714988 -0.196763 0.670878 -0.045602 -0.555166 0.830488 0.099834 -0.439546 0.892655 -0.443001 0.229821 0.866564 -0.000738 0.000547 1.000000 
0.373306 0.650893 0.661046 -0.514873 -0.349328 0.782863 -0.710105 -0.201488 0.674650 -0.043400 -0.552122 0.832633 0.096928 -0.436417 0.894508 -0.448985 0.233357 0.862529 0.000550 -0.000409 1.000000 
0.379607 0.655470 0.652884 -0.507730 -0.347855 0.788167 -0.704649 -0.206392 0.678876 -0.040878 -0.548704 0.835017 0.093708 -0.433081 0.896471 -0.455776 0.237349 0.857866 0.002045 -0.001526 0.999997 
0.385869 0.659879 0.644720 -0.500513 -0.346600 0.793319 -0.699056 -0.210952 0.683242 -0.038236 -0.545071 0.837518 0.090505 -0.430101 0.898233 -0.463358 0.242260 0.852414 0.003562 -0.002667 0.999990 
0.391717 0.664036 0.636878 -0.493503 -0.345506 0.798173 -0.693608 -0.215144 0.687474 -0.037298 -0.540383 0.840592 0.087498 -0.426150 0.900411 -0.468654 0.245333 0.848631 0.003693 -0.002769 0.999989 
0.396935 0.668056 0.629400 -0.486749 -0.344390 0.802789 -0.688250 -0.219299 0.691535 -0.037827 -0.533548 0.844924 0.084742 -0.420076 0.903524 -0.471243 0.244476 0.847444 0.001750 -0.001313 0.999998 
0.402096 0.672101 0.621771 -0.479928 -0.342956 0.807496 -0.682542 -0.223854 0.695719 -0.038103 -0.525296 0.850066 0.082163 -0.412554 0.907220 -0.473981 0.242329 0.846533 -0.000964 0.000723 0.999999 
0.407779 0.676371 0.613383 -0.472527 -0.341128 0.812619 -0.676247 -0.228701 0.700276 -0.038208 -0.516118 0.855665 0.079483 -0.404098 0.911256 -0.477057 0.239809 0.845522 -0.003963 0.002973 0.999988 
0.414111 0.680881 0.604080 -0.464397 -0.338931 0.818206 -0.669237 -0.233753 0.705323 -0.038260 -0.505950 0.861714 0.076601 -0.394719 0.915603 -0.480374 0.236951 0.844449 -0.007263 0.005448 0.999959 
-0.661504 -0.239003 0.710837 -0.038215 -0.494723 0.868210 0.073531 -0.384323 0.920266 -0.455532 -0.336359 0.824229 0.421225 0.685520 0.593828 -0.483986 0.233753 0.843278 -0.010941 0.008204 0.999906 
-0.653046 -0.244312 0.716828 -0.038082 -0.482474 0.875082 0.070300 -0.372965 0.925178 -0.445966 -0.333341 0.830661 0.429069 0.690234 0.582647 -0.487803 0.230180 0.842060 -0.014941 0.011197 0.999826 
-0.643742 -0.249635 0.723380 -0.037844 -0.469052 0.882359 0.066888 -0.360504 0.930356 -0.435590 -0.329775 0.837562 0.437768 0.694998 0.570384 -0.491823 0.226153 0.840812 -0.019288 0.014446 0.999710 
-0.633460 -0.254923 0.730577 -0.037483 -0.454268 0.890076 0.063276 -0.346766 0.935815 -0.424287 -0.325554 0.844982 0.447491 0.699751 0.556867 -0.496052 0.221600 0.839539 -0.024035 0.017986 0.999549 
-0.622060 -0.260103 0.738503 -0.036970 -0.437916 0.898256 0.059445 -0.331561 0.941559 -0.411923 -0.320544 0.852978 0.458447 0.704393 0.541901 -0.500499 0.216410 0.838253 -0.029237 0.021851 0.999334 
-0.609390 -0.265048 0.747257 -0.036298 -0.419792 0.906894 0.055367 -0.314711 0.947571 -0.398341 -0.314600 0.861598 0.470910 0.708765 0.525258 -0.505111 0.210525 0.836984 -0.034943 0.026075 0.999049 
-0.595283 -0.269592 0.756940 -0.035456 -0.399671 0.915972 0.051013 -0.296027 0.953817 -0.383374 -0.307554 0.870882 0.485219 0.712615 0.506698 -0.509824 0.203870 0.835773 -0.041210 0.030688 0.998679 
-0.580131 -0.273876 0.767099 -0.034768 -0.379237 0.924646 0.046312 -0.275698 0.960128 -0.367398 -0.299940 0.880372 0.503023 0.714268 0.486610 -0.514709 0.197972 0.834195 -0.048257 0.035878 0.998190 
-0.564351 -0.277129 0.777630 -0.034644 -0.359016 0.932688 0.041448 -0.254975 0.966059 -0.350295 -0.291102 0.890255 0.523531 0.714023 0.464850 -0.518186 0.192461 0.833332 -0.055224 0.041021 0.997631 
-0.655946 -0.334261 0.676760 0.706309 0.359376 0.609899 -0.034461 -0.338421 0.940364 0.036641 -0.233693 0.971620 -0.332705 -0.281308 0.900096 0.545860 0.711616 0.442312 -0.521146 0.186910 0.832750 -0.062188 0.046146 0.996997 
-0.637768 -0.342042 0.690115 0.726089 0.341299 0.596916 -0.034068 -0.317725 0.947571 0.031984 -0.211423 0.976871 -0.315211 -0.271025 0.909499 0.570566 0.705871 0.419764 -0.524031 0.181542 0.832126 -0.069647 0.051614 0.996236 
-0.620094 -0.348675 0.702787 0.744947 0.321049 0.584792 -0.033965 -0.298549 0.953790 0.027682 -0.189632 0.981465 -0.298059 -0.260321 0.918365 0.598108 0.695869 0.397534 -0.525501 0.176925 0.832194 -0.076911 0.056972 0.995409 
-0.603670 -0.353134 0.714758 0.762183 0.300306 0.573492 -0.033502 -0.280127 0.959378 0.023808 -0.169298 0.985277 -0.281817 -0.249917 0.926348 0.626746 0.682106 0.376724 -0.527430 0.172744 0.831852 -0.083795 0.062028 0.994551 
0.777216 0.279331 0.563834 -0.588689 -0.356368 0.725567 -0.529848 0.168618 0.831161 -0.090845 0.067112 0.993601 -0.032628 -0.262135 0.964479 0.020450 -0.149926 0.988486 0.654879 0.665368 0.358355 -0.267217 -0.240374 0.933175 
0.789738 0.258279 0.556422 -0.575574 -0.359445 0.734516 -0.530402 0.165283 0.831478 -0.097651 0.072038 0.992610 -0.032135 -0.247027 0.968476 0.017626 -0.132171 0.991070 0.683025 0.645029 0.342657 -0.254677 -0.231630 0.938875 
0.799456 0.240420 0.550517 -0.564941 -0.361401 0.741775 -0.531844 0.162655 0.831074 -0.103049 0.075940 0.991773 -0.031397 -0.234617 0.971581 0.015416 -0.117905 0.992905 -0.259889 -0.238574 0.935703 0.705670 0.623810 0.335992 
0.806295 0.226738 0.546332 -0.557048 -0.362643 0.747120 -0.533866 0.160372 0.830222 -0.107502 0.079091 0.991054 -0.030497 -0.224347 0.974032 0.013804 -0.106947 0.994169 -0.252358 -0.233391 0.939066 0.723908 0.607386 0.327169 
0.810685 0.217172 0.543715 -0.551533 -0.363632 0.750722 -0.535817 0.158281 0.829366 -0.111103 0.081548 0.990457 -0.029590 -0.216284 0.975882 0.012712 -0.098779 0.995028 -0.247369 -0.229866 0.941260 0.736185 0.595589 0.321410 
0.813338 0.211044 0.542164 -0.548000 -0.364313 0.752976 -0.537268 0.156604 0.828745 -0.113613 0.083229 0.990033 -0.028858 -0.210699 0.977125 0.012017 -0.093323 0.995563 -0.244249 -0.227598 0.942625 0.743964 0.587795 0.317827 
0.814438 0.208366 0.541549 -0.546408 -0.364690 0.753949 -0.538133 0.155525 0.828387 -0.115029 0.084151 0.989791 -0.028393 -0.207601 0.977802 0.011694 -0.090622 0.995817 -0.242867 -0.226644 0.943212 0.747368 0.584295 0.316292 
0.814155 0.208956 0.541746 -0.546643 -0.364782 0.753735 -0.538329 0.155216 0.828318 -0.115317 0.084304 0.989745 -0.028262 -0.207096 0.977912 0.011724 -0.090599 0.995818 -0.243105 -0.226908 0.943087 0.746687 0.584983 0.316626 
0.812586 0.212584 0.542689 -0.548609 -0.364564 0.752410 -0.537788 0.155801 0.828559 -0.114425 0.083663 0.989903 -0.028517 -0.209306 0.977434 0.012097 -0.093211 0.995573 -0.244870 -0.228295 0.942295 0.742185 0.589564 0.318710 
0.809723 0.219017 0.544408 -0.552244 -0.363999 0.750021 -0.536532 0.157305 0.829089 -0.112323 0.082210 0.990265 -0.029162 -0.214280 0.976337 0.012806 -0.098428 0.995062 -0.248109 -0.230743 0.940850 0.734041 0.597640 0.322506 
0.805505 0.228128 0.546918 -0.557539 -0.363002 0.746579 -0.534453 0.159697 0.829974 -0.109032 0.079953 0.990818 -0.030210 -0.221975 0.974584 0.013848 -0.106210 0.994247 -0.252820 -0.234213 0.938737 0.722406 0.608694 0.328056 
0.799723 0.239919 0.550347 -0.564591 -0.361450 0.742018 -0.531495 0.162970 0.831236 -0.104534 0.076854 0.991547 -0.031671 -0.232451 0.972092 0.015247 -0.116661 0.993055 -0.259102 -0.238737 0.935880 0.707209 0.622306 0.335546 
0.792064 0.254433 0.554886 -0.573567 -0.359165 0.736221 -0.527637 0.167013 0.832890 -0.098816 0.072880 0.992433 -0.033529 -0.245736 0.968757 0.017039 -0.129934 0.991376 0.689778 0.639469 0.339538 -0.251718 -0.230318 0.939995 
0.782272 0.271427 0.560695 -0.584532 -0.355872 0.729162 -0.522735 0.171773 0.835010 -0.091814 0.067960 0.993454 -0.035807 -0.261933 0.964421 0.019251 -0.146145 0.989076 0.667008 0.656814 0.351703 -0.261505 -0.237255 0.935588 
-0.597728 -0.352033 0.720274 0.769567 0.289196 0.569327 -0.038282 -0.280479 0.959096 0.021923 -0.164711 0.986098 -0.273906 -0.246194 0.929712 0.641136 0.673649 0.367616 -0.518220 0.177578 0.836609 -0.084636 0.062828 0.994429 
-0.613047 -0.347503 0.709518 0.754005 0.309139 0.579577 -0.039898 -0.297982 0.953737 0.025145 -0.184506 0.982510 -0.288245 -0.256507 0.922561 0.613940 0.688307 0.386408 -0.514638 0.182010 0.837866 -0.078241 0.058134 0.995238 
-0.629291 -0.341711 0.698016 0.736800 0.328495 0.590945 -0.041006 -0.316067 0.947850 0.028809 -0.205075 0.978322 -0.303731 -0.267101 0.914551 0.586641 0.700268 0.406789 -0.511324 0.185969 0.839025 -0.071597 0.053222 0.996013 
-0.645720 -0.335029 0.686150 0.719017 0.344863 0.603394 -0.041822 -0.335257 0.941198 0.032797 -0.225557 0.973678 -0.319920 -0.277352 0.905940 0.561161 0.708515 0.427908 -0.508551 0.190480 0.839699 -0.064754 0.048166 0.996738 
-0.554204 -0.275810 0.785358 -0.041817 -0.352678 0.934810 0.037157 -0.244748 0.968874 -0.336169 -0.287073 0.896984 0.538972 0.712735 0.448907 -0.506373 0.193911 0.840229 -0.059030 0.043904 0.997290 
-0.569155 -0.273861 0.775282 -0.041486 -0.369435 0.928330 0.041667 -0.263320 0.963808 -0.352244 -0.296175 0.887809 0.518553 0.714563 0.469577 -0.504385 0.197246 0.840648 -0.053514 0.039783 0.997774 
-0.583203 -0.270945 0.765809 -0.041489 -0.386503 0.921355 0.046096 -0.281292 0.958514 -0.367502 -0.304117 0.878894 0.500391 0.714510 0.488962 -0.501556 0.201097 0.841429 -0.047686 0.035458 0.998233 
-0.596207 -0.267451 0.756972 -0.041539 -0.403512 0.914031 0.050212 -0.298226 0.953174 -0.381932 -0.311293 0.870186 0.485327 0.712305 0.507029 -0.499002 0.205774 0.841816 -0.042062 0.031305 0.998624 
-0.608323 -0.264084 0.748467 -0.041075 -0.417468 0.907763 0.054162 -0.312976 0.948216 -0.394980 -0.317508 0.862079 0.473678 0.708562 0.523039 -0.497247 0.209489 0.841938 -0.037814 0.028152 0.998888 
-0.618833 -0.260536 0.741058 -0.040558 -0.429778 0.902023 0.057716 -0.325920 0.943634 -0.406598 -0.322737 0.854704 0.464088 0.704391 0.537081 -0.495684 0.212934 0.841996 -0.034011 0.025327 0.999100 
-0.627541 -0.257151 0.734892 -0.040252 -0.440831 0.896687 0.060757 -0.336883 0.939584 -0.416413 -0.326757 0.848428 0.456492 0.700379 0.548712 -0.493935 0.216228 0.842184 -0.030496 0.022721 0.999277 
-0.634639 -0.254019 0.729868 -0.040312 -0.450898 0.891665 0.063250 -0.346214 0.936021 -0.424466 -0.329802 0.843243 0.450646 0.696742 0.558093 -0.491910 0.219530 0.842515 -0.027176 0.020268 0.999425 
-0.640674 -0.250995 0.725630 -0.040511 -0.459719 0.887140 0.065343 -0.354424 0.932799 -0.431260 -0.332359 0.838781 0.445650 0.693557 0.566016 -0.489864 0.222512 0.842925 -0.024249 0.018099 0.999542 
