2.506025 3.129853 0.004777 2.606478 3.182139 0.004696 2.393900 3.218723 0.004217 2.527753 3.265567 0.004210 
2.506114 3.129836 0.004798 2.606496 3.182244 0.004723 2.393920 3.218830 0.004290 2.527843 3.265551 0.004283 
2.505806 3.129831 0.004852 2.606320 3.181388 0.004630 2.393731 3.218005 0.004427 2.527551 3.265541 0.004230 
2.506300 3.129748 0.004861 2.606269 3.181066 0.004661 2.393675 3.217695 0.004480 2.528043 3.265462 0.004299 
2.504795 3.129897 0.004574 2.605888 3.179963 0.004101 2.393270 3.216592 0.004544 2.526544 3.265602 0.003986 
2.503838 3.130091 0.004480 2.605725 3.179428 0.003935 2.393093 3.216043 0.004741 2.525584 3.265791 0.004066 
2.505926 3.129826 0.004426 2.605753 3.177891 0.004243 2.393074 3.214453 0.004270 2.527602 3.265548 0.004059 
2.506189 3.129865 0.004249 2.605723 3.177381 0.004333 2.393019 3.213879 0.004127 2.527817 3.265598 0.004242 
2.505710 3.130166 0.003874 2.605768 3.177557 0.004249 2.393050 3.213986 0.004041 2.527300 3.265899 0.004495 
2.505046 3.130275 0.003971 2.605187 3.173873 0.004301 2.392384 3.210301 0.004117 2.526613 3.266008 0.004549 
2.504489 3.130360 0.004054 2.604652 3.170485 0.004430 2.391771 3.206914 0.004272 2.526034 3.266092 0.004804 
2.504188 3.130387 0.004134 2.604345 3.168544 0.004755 2.391420 3.204973 0.004625 2.525719 3.266114 0.005558 
2.504209 3.130355 0.004208 2.604196 3.167603 0.005135 2.391252 3.204035 0.005035 2.525732 3.266072 0.006475 
2.504308 3.130312 0.004274 2.604037 3.166596 0.005471 2.391072 3.203034 0.005401 2.525823 3.266015 0.007323 
2.504444 3.130263 0.004333 2.603914 3.165814 0.005798 2.390932 3.202258 0.005756 2.525951 3.265948 0.008169 
2.504537 3.130220 0.004386 2.603825 3.165250 0.006118 2.390832 3.201698 0.006105 2.526038 3.265883 0.009010 
2.504514 3.130197 0.004433 2.603766 3.164871 0.006433 2.390765 3.201320 0.006446 2.526008 3.265832 0.009840 
2.504354 3.130195 0.004477 2.603746 3.164743 0.006757 2.390742 3.201190 0.006794 2.525843 3.265796 0.010679 
2.504210 3.130190 0.004517 2.603761 3.164838 0.007095 2.390760 3.201280 0.007152 2.525694 3.265751 0.011528 
2.504131 3.130197 0.004559 2.603269 3.161731 0.007014 2.390198 3.198181 0.007079 2.525592 3.265755 0.011688 
2.504306 3.130180 0.004592 2.602452 3.156554 0.006674 2.389266 3.193028 0.006742 2.525739 3.265760 0.011402 
2.504707 3.130130 0.004620 2.601574 3.150998 0.006306 2.388266 3.187504 0.006380 2.526110 3.265738 0.011007 
2.505093 3.130079 0.004644 2.600767 3.145883 0.006009 2.387346 3.182418 0.006091 2.526468 3.265709 0.010704 
2.505190 3.130046 0.004669 2.600545 3.144480 0.006074 2.387094 3.181021 0.006166 2.526553 3.265656 0.011210 
2.504875 3.129314 0.004720 2.601084 3.149089 0.006745 2.387546 3.184456 0.006854 2.525524 3.264950 0.012786 
2.504121 3.129279 0.004741 2.600521 3.145749 0.006485 2.386935 3.181259 0.006607 2.524846 3.264923 0.012430 
2.503912 3.129585 0.004755 2.598907 3.135242 0.005627 2.385200 3.171462 0.005713 2.525013 3.265262 0.010570 
2.504819 3.129491 0.004767 2.597497 3.126222 0.005133 2.383592 3.162499 0.005194 2.525874 3.265235 0.009148 
2.505965 3.129326 0.004726 2.597068 3.123301 0.004996 2.383048 3.159312 0.005066 2.526811 3.265106 0.009199 
2.506399 3.128999 0.004892 2.596034 3.116080 0.004911 2.381790 3.151727 0.004994 2.526951 3.264847 0.008652 
2.507828 3.127224 0.004917 2.595206 3.111077 0.004887 2.381386 3.149487 0.004928 2.530088 3.262810 0.008818 
2.510634 3.123228 0.004917 2.593914 3.104091 0.004852 2.381169 3.148214 0.004892 2.536463 3.258205 0.008651 
2.513497 3.122381 0.004915 2.593224 3.100226 0.004752 2.380409 3.144415 0.004804 2.539299 3.257386 0.008494 
2.513261 3.120196 0.004966 2.592673 3.092588 0.004671 2.378452 3.130386 0.004906 2.534954 3.255951 0.007082 
2.534049 3.255238 0.007146 2.776372 2.637950 0.016359 2.657396 3.137907 0.009525 2.377795 3.125868 0.004756 2.412211 3.018490 -0.006919 2.421131 3.052215 0.004938 
2.533763 3.255040 0.007787 2.731311 2.611377 0.008170 2.653437 3.146686 0.007816 2.377803 3.126047 0.004686 2.422109 3.030493 -0.004628 2.422328 3.050206 0.004945 
2.533674 3.253288 0.007635 2.653658 3.146632 0.007645 2.724157 2.607910 0.007693 2.377506 3.125494 0.004682 2.427037 3.035403 -0.004219 2.422828 3.050170 0.004873 
2.532622 3.251955 0.007301 2.653492 3.146737 0.007374 2.716684 2.604299 0.007690 2.377200 3.124846 0.004697 2.423689 3.048279 0.005395 
2.530992 3.251298 0.006911 2.653389 3.146501 0.007198 2.711228 2.601118 0.008335 2.376937 3.124162 0.004722 2.422899 3.049435 0.005459 
2.529285 3.250920 0.006399 2.653469 3.145882 0.007053 2.709153 2.599659 0.009372 2.376676 3.123394 0.004764 2.422044 3.050859 0.005542 
2.527593 3.250768 0.005821 2.653439 3.145645 0.006833 2.708144 2.598903 0.010364 2.376441 3.122651 0.004821 2.421124 3.052544 0.005615 
2.526196 3.250551 0.005172 2.653412 3.145471 0.006554 2.707839 2.598916 0.011341 2.376209 3.121963 0.004895 2.420188 3.054362 0.005675 
2.524717 3.250740 0.005100 2.653112 3.146097 0.006709 2.708006 2.599848 0.012091 2.376479 3.123363 0.004912 2.419298 3.056181 0.005714 
2.523910 3.250748 0.004993 2.652815 3.146668 0.006779 2.708267 2.601019 0.012619 2.376516 3.124405 0.004987 2.418517 3.057756 0.005774 
2.523964 3.250913 0.004987 2.652690 3.147273 0.006982 2.708666 2.601861 0.013036 2.377157 3.127411 0.004388 2.418331 3.058459 0.005318 
2.523323 3.251077 0.005012 2.652569 3.147521 0.007013 2.708721 2.602138 0.013287 2.377313 3.128307 0.004441 2.418021 3.059090 0.005377 
2.526822 3.250254 0.004551 2.652653 3.147791 0.007103 2.709020 2.602345 0.013363 2.377438 3.127751 0.003496 2.418490 3.058484 0.004570 
2.526692 3.250281 0.004583 2.652682 3.147746 0.007062 2.709044 2.602380 0.013323 2.377409 3.127615 0.003636 2.418518 3.058446 0.004688 
2.526832 3.250253 0.004614 2.652703 3.147799 0.006971 2.709143 2.602532 0.013081 2.377341 3.127309 0.003762 2.418663 3.058220 0.004780 
2.527007 3.250311 0.004679 2.652729 3.147927 0.006847 2.709319 2.602794 0.012706 2.377430 3.127923 0.003690 2.418992 3.057691 0.004716 
2.528131 3.250148 0.004664 2.652830 3.148021 0.006763 2.709424 2.603023 0.012306 2.377427 3.127651 0.003553 2.419459 3.056991 0.004586 
2.529377 3.249971 0.004628 2.652917 3.148169 0.006653 2.709490 2.603253 0.011855 2.377586 3.128017 0.003208 2.420032 3.056082 0.004288 
2.529975 3.249850 0.004666 2.652937 3.148249 0.006518 2.709286 2.603307 0.011437 2.377459 3.127451 0.003368 2.420302 3.055611 0.004397 
2.529509 3.250064 0.004780 2.652994 3.148156 0.006342 2.709310 2.603404 0.011113 2.377565 3.128274 0.003512 2.420507 3.055233 0.004517 
2.530717 3.249936 0.004812 2.653090 3.148174 0.006347 2.709264 2.603397 0.010898 2.377787 3.128948 0.003286 2.420887 3.054653 0.004328 
2.530631 3.249918 0.004771 2.653096 3.148004 0.006146 2.709211 2.603358 0.010763 2.377682 3.128727 0.003541 2.420873 3.054543 0.004532 
2.531330 3.249779 0.004795 2.653041 3.148166 0.006110 2.709276 2.603381 0.010640 2.377692 3.128749 0.003658 2.420904 3.054490 0.004620 
2.531954 3.249655 0.004814 2.652971 3.148356 0.006068 2.709312 2.603389 0.010525 2.377704 3.128799 0.003778 2.420910 3.054481 0.004711 
2.532323 3.249589 0.004825 2.652911 3.148507 0.005997 2.709371 2.603410 0.010420 2.377726 3.128941 0.003905 2.420901 3.054496 0.004811 
2.532862 3.249482 0.004841 2.652847 3.148683 0.005965 2.709453 2.603444 0.010326 2.377740 3.129004 0.004002 2.420903 3.054499 0.004885 
2.533631 3.249349 0.004876 2.652795 3.148902 0.005994 2.709556 2.603491 0.010245 2.377841 3.129316 0.003978 2.420971 3.054425 0.004862 
2.534299 3.249244 0.004911 2.652756 3.149096 0.006028 2.709670 2.603551 0.010187 2.377942 3.129607 0.003948 2.421038 3.054362 0.004836 
2.534690 3.249157 0.004906 2.652736 3.149203 0.006009 2.709770 2.603602 0.010149 2.377942 3.129502 0.004013 2.421047 3.054383 0.004886 
2.534865 3.249123 0.004913 2.652712 3.149272 0.005986 2.709798 2.603613 0.010114 2.377927 3.129432 0.004100 2.421035 3.054415 0.004956 
2.534984 3.249101 0.004920 2.652703 3.149297 0.005968 2.709796 2.603609 0.010085 2.377902 3.129318 0.004180 2.421028 3.054431 0.005019 
2.535069 3.249194 0.005005 2.652732 3.149365 0.006023 2.709792 2.603604 0.010066 2.378002 3.129754 0.004182 2.421094 3.054423 0.005027 
2.535601 3.249022 0.004964 2.652728 3.149379 0.006041 2.709806 2.603607 0.010053 2.377996 3.129473 0.004110 2.421140 3.054313 0.004962 
2.536196 3.248945 0.005008 2.652747 3.149479 0.006137 2.709828 2.603616 0.010039 2.378138 3.129819 0.003950 2.421265 3.054171 0.004832 
2.536146 3.248957 0.005001 2.652764 3.149438 0.006105 2.709820 2.603606 0.010023 2.378088 3.129597 0.004045 2.421248 3.054207 0.004908 
2.535944 3.249250 0.005051 2.652904 3.149432 0.006087 2.709768 2.603573 0.009990 2.378569 3.131505 0.003710 2.421516 3.053956 0.004648 
2.535986 3.249245 0.005043 2.652916 3.149403 0.006061 2.709764 2.603563 0.009981 2.378492 3.131165 0.003824 2.421494 3.054004 0.004742 
2.535988 3.249247 0.005037 2.652937 3.149350 0.006041 2.709750 2.603548 0.009974 2.378415 3.130821 0.003928 2.421475 3.054043 0.004825 
2.535985 3.249251 0.005032 2.652956 3.149300 0.006024 2.709738 2.603535 0.009968 2.378344 3.130509 0.004021 2.421458 3.054078 0.004899 
2.535982 3.249254 0.005028 2.652974 3.149255 0.006009 2.709727 2.603522 0.009962 2.378280 3.130227 0.004105 2.421443 3.054110 0.004967 
2.535332 3.249448 0.005065 2.652997 3.149169 0.005945 2.709711 2.603511 0.009951 2.378344 3.130695 0.004185 2.421420 3.054142 0.005039 
2.535364 3.249444 0.005056 2.653004 3.149156 0.005934 2.709722 2.603521 0.009940 2.378271 3.130374 0.004256 2.421407 3.054176 0.005095 
2.535609 3.249467 0.005107 2.653029 3.149220 0.006004 2.709739 2.603531 0.009932 2.378341 3.130585 0.004197 2.421480 3.054136 0.005048 
2.535366 3.249484 0.005072 2.653032 3.149134 0.005941 2.709740 2.603533 0.009928 2.378249 3.130244 0.004296 2.421428 3.054177 0.005127 
2.535377 3.249484 0.005063 2.653043 3.149111 0.005934 2.709744 2.603537 0.009924 2.378182 3.129950 0.004355 2.421415 3.054209 0.005172 
2.536311 3.249261 0.004967 2.653069 3.149152 0.005973 2.709750 2.603541 0.009930 2.378108 3.129308 0.004208 2.421506 3.054097 0.005041 
2.537248 3.249141 0.005042 2.653077 3.149370 0.006149 2.709746 2.603571 0.009916 2.378366 3.130007 0.003887 2.421705 3.053872 0.004781 
2.537106 3.249172 0.005033 2.653094 3.149330 0.006118 2.709745 2.603567 0.009915 2.378311 3.129760 0.003986 2.421675 3.053940 0.004861 
2.536460 3.249292 0.004901 2.653106 3.149095 0.005905 2.709743 2.603563 0.009896 2.378170 3.129591 0.004082 2.421597 3.053940 0.004938 
2.536413 3.249310 0.004903 2.653100 3.149115 0.005875 2.709757 2.603574 0.009872 2.378131 3.129453 0.004175 2.421573 3.053995 0.005011 
2.536445 3.249305 0.004911 2.653089 3.149153 0.005865 2.709770 2.603584 0.009850 2.378102 3.129322 0.004246 2.421556 3.054039 0.005068 
2.536472 3.249301 0.004919 2.653081 3.149178 0.005855 2.709778 2.603591 0.009832 2.378074 3.129196 0.004312 2.421542 3.054075 0.005119 
2.536493 3.249298 0.004926 2.653079 3.149187 0.005849 2.709783 2.603593 0.009819 2.378047 3.129075 0.004370 2.421532 3.054100 0.005165 
2.536184 3.249564 0.004960 2.653112 3.149187 0.005828 2.709900 2.603662 0.009810 2.378299 3.130570 0.004119 2.421664 3.053916 0.004977 
2.536219 3.249559 0.004964 2.653114 3.149185 0.005826 2.709904 2.603665 0.009805 2.378241 3.130315 0.004193 2.421648 3.053955 0.005036 
2.536691 3.249491 0.004989 2.653122 3.149268 0.005900 2.709917 2.603676 0.009791 2.378308 3.130420 0.004089 2.421730 3.053865 0.004949 
2.536702 3.249491 0.004989 2.653133 3.149244 0.005889 2.709918 2.603676 0.009777 2.378248 3.130154 0.004167 2.421717 3.053895 0.005011 
2.536726 3.249488 0.004989 2.653139 3.149232 0.005877 2.709922 2.603679 0.009763 2.378196 3.129924 0.004239 2.421707 3.053921 0.005067 
2.536633 3.249518 0.004997 2.653143 3.149224 0.005858 2.709932 2.603689 0.009744 2.378175 3.129863 0.004300 2.421697 3.053944 0.005117 
2.536089 3.249701 0.005044 2.653161 3.149180 0.005812 2.709951 2.603704 0.009725 2.378243 3.130416 0.004354 2.421691 3.053973 0.005167 
2.536964 3.249570 0.005082 2.653172 3.149380 0.005951 2.709953 2.603733 0.009704 2.378426 3.130684 0.004112 2.421854 3.053807 0.004968 
2.536973 3.249570 0.005073 2.653183 3.149358 0.005932 2.709950 2.603731 0.009689 2.378361 3.130395 0.004189 2.421840 3.053841 0.005027 
2.536993 3.249569 0.005066 2.653191 3.149341 0.005914 2.709954 2.603734 0.009674 2.378304 3.130142 0.004258 2.421830 3.053869 0.005081 
2.537271 3.249534 0.005078 2.653200 3.149389 0.005947 2.709968 2.603746 0.009659 2.378333 3.130152 0.004219 2.421879 3.053824 0.005048 
2.537284 3.249533 0.005070 2.653207 3.149375 0.005926 2.709964 2.603745 0.009642 2.378282 3.129924 0.004285 2.421869 3.053850 0.005099 
2.537436 3.249768 0.004979 2.653331 3.149385 0.005862 2.710335 2.603933 0.009613 2.378753 3.131962 0.003659 2.422208 3.053431 0.004595 
2.538701 3.249573 0.005006 2.653373 3.149619 0.006035 2.710489 2.604027 0.009613 2.379011 3.132508 0.003277 2.422457 3.053189 0.004280 
2.538538 3.249610 0.005003 2.653384 3.149600 0.006008 2.710432 2.604035 0.009610 2.378909 3.132057 0.003431 2.422399 3.053320 0.004404 
2.538427 3.249636 0.005000 2.653408 3.149537 0.005985 2.710382 2.604001 0.009606 2.378812 3.131624 0.003570 2.422359 3.053402 0.004517 
2.538917 3.249586 0.005042 2.653433 3.149641 0.006077 2.710414 2.604025 0.009602 2.378913 3.131773 0.003456 2.422463 3.053319 0.004424 
2.537742 3.250114 0.005137 2.653513 3.149507 0.005992 2.710429 2.604024 0.009599 2.378990 3.133064 0.003573 2.422462 3.053441 0.004534 
2.538172 3.250080 0.005118 2.653542 3.149521 0.006029 2.710497 2.604059 0.009600 2.379054 3.133225 0.003412 2.422565 3.053298 0.004401 
2.538078 3.250104 0.005104 2.653562 3.149474 0.006005 2.710460 2.604036 0.009602 2.378931 3.132681 0.003552 2.422516 3.053404 0.004515 
2.538035 3.250117 0.005092 2.653585 3.149412 0.005983 2.710409 2.604002 0.009600 2.378821 3.132194 0.003679 2.422481 3.053476 0.004618 
2.538034 3.250136 0.005095 2.653598 3.149400 0.005969 2.710336 2.603986 0.009583 2.378748 3.131879 0.003783 2.422462 3.053537 0.004702 
2.537979 3.250138 0.005077 2.653601 3.149371 0.005927 2.710324 2.603982 0.009564 2.378659 3.131505 0.003899 2.422428 3.053590 0.004794 
2.538229 3.250278 0.005154 2.653648 3.149534 0.006007 2.710481 2.604093 0.009537 2.379139 3.133453 0.003454 2.422701 3.053264 0.004437 
2.538160 3.250287 0.005130 2.653642 3.149540 0.005961 2.710455 2.604085 0.009515 2.379021 3.132945 0.003596 2.422644 3.053377 0.004552 
2.538187 3.250287 0.005116 2.653649 3.149531 0.005933 2.710450 2.604085 0.009494 2.378914 3.132472 0.003719 2.422613 3.053450 0.004650 
2.537618 3.250453 0.005141 2.653663 3.149471 0.005865 2.710418 2.604074 0.009470 2.378933 3.132720 0.003832 2.422580 3.053505 0.004746 
2.537469 3.250468 0.005086 2.653672 3.149410 0.005784 2.710430 2.604091 0.009452 2.378774 3.132100 0.003981 2.422524 3.053592 0.004864 
2.537671 3.250418 0.005057 2.653667 3.149441 0.005776 2.710425 2.604101 0.009437 2.378675 3.131614 0.004035 2.422513 3.053630 0.004904 
2.536528 3.250573 0.004863 2.653695 3.149104 0.005460 2.710338 2.604060 0.009431 2.378323 3.130513 0.004388 2.422303 3.053859 0.005186 
2.538018 3.250333 0.004906 2.653721 3.149397 0.005682 2.710380 2.604100 0.009426 2.378669 3.131245 0.003907 2.422591 3.053533 0.004792 
2.537864 3.250352 0.004906 2.653690 3.149431 0.005660 2.710296 2.604062 0.009427 2.378608 3.131018 0.004012 2.422521 3.053644 0.004878 
2.538093 3.250310 0.004916 2.653675 3.149511 0.005693 2.710246 2.604041 0.009428 2.378595 3.130863 0.004024 2.422519 3.053679 0.004887 
2.538869 3.250204 0.004988 2.653663 3.149724 0.005846 2.710236 2.604045 0.009422 2.378780 3.131317 0.003803 2.422654 3.053542 0.004707 
2.538798 3.250221 0.004988 2.653662 3.149730 0.005829 2.710151 2.604003 0.009409 2.378712 3.131013 0.003907 2.422616 3.053623 0.004790 
2.538803 3.250213 0.004982 2.653674 3.149693 0.005808 2.710137 2.603995 0.009395 2.378633 3.130689 0.004007 2.422594 3.053667 0.004868 
2.538881 3.250197 0.004989 2.653679 3.149695 0.005804 2.710143 2.604001 0.009374 2.378599 3.130509 0.004067 2.422593 3.053680 0.004915 
2.538371 3.250346 0.005022 2.653687 3.149661 0.005748 2.710157 2.604017 0.009343 2.378651 3.130875 0.004149 2.422574 3.053714 0.004986 
2.538897 3.250264 0.004963 2.653701 3.149704 0.005750 2.710227 2.604072 0.009319 2.378699 3.130957 0.003958 2.422684 3.053548 0.004826 
2.538915 3.250263 0.004966 2.653707 3.149696 0.005737 2.710214 2.604067 0.009296 2.378637 3.130681 0.004048 2.422670 3.053584 0.004897 
2.538950 3.250258 0.004969 2.653711 3.149695 0.005723 2.710225 2.604078 0.009271 2.378583 3.130440 0.004130 2.422661 3.053610 0.004961 
2.538984 3.250253 0.004972 2.653713 3.149700 0.005710 2.710245 2.604093 0.009245 2.378534 3.130219 0.004205 2.422654 3.053634 0.005018 
2.538759 3.250324 0.004993 2.653719 3.149686 0.005683 2.710272 2.604116 0.009222 2.378546 3.130333 0.004268 2.422645 3.053658 0.005071 
2.539502 3.250200 0.004981 2.653751 3.149809 0.005756 2.710382 2.604212 0.009204 2.378679 3.130507 0.004047 2.422796 3.053507 0.004887 
2.539496 3.250204 0.004982 2.653755 3.149804 0.005741 2.710393 2.604217 0.009193 2.378634 3.130306 0.004130 2.422774 3.053555 0.004952 
2.539006 3.250324 0.004947 2.653760 3.149709 0.005636 2.710456 2.604254 0.009177 2.378611 3.130449 0.004201 2.422733 3.053581 0.005013 
2.538446 3.250489 0.004990 2.653767 3.149683 0.005592 2.710529 2.604298 0.009163 2.378692 3.130941 0.004264 2.422711 3.053629 0.005071 
2.539253 3.250354 0.004974 2.653793 3.149815 0.005675 2.710621 2.604360 0.009159 2.378810 3.131061 0.004034 2.422859 3.053477 0.004880 
2.538712 3.250475 0.004958 2.653803 3.149726 0.005592 2.710624 2.604367 0.009157 2.378756 3.130999 0.004164 2.422793 3.053567 0.004988 
2.539421 3.250368 0.004985 2.653814 3.149847 0.005701 2.710668 2.604404 0.009150 2.378892 3.131304 0.003943 2.422930 3.053398 0.004807 
2.539348 3.250385 0.004986 2.653817 3.149844 0.005693 2.710631 2.604390 0.009143 2.378820 3.130983 0.004033 2.422898 3.053469 0.004878 
2.539336 3.250389 0.004988 2.653830 3.149811 0.005686 2.710614 2.604377 0.009134 2.378755 3.130696 0.004116 2.422879 3.053509 0.004943 
2.540427 3.250201 0.004996 2.653851 3.149989 0.005824 2.710700 2.604463 0.009126 2.378899 3.130825 0.003831 2.423061 3.053313 0.004706 
2.540293 3.250231 0.004992 2.653855 3.149995 0.005798 2.710734 2.604510 0.009119 2.378844 3.130576 0.003936 2.423019 3.053414 0.004789 
2.540218 3.250248 0.004989 2.653858 3.149989 0.005775 2.710722 2.604501 0.009110 2.378797 3.130361 0.004031 2.422988 3.053484 0.004864 
2.540196 3.250254 0.004987 2.653859 3.149999 0.005752 2.710757 2.604556 0.009089 2.378758 3.130186 0.004117 2.422965 3.053544 0.004931 
2.542003 3.249958 0.004895 2.653924 3.150248 0.005875 2.710972 2.604701 0.009075 2.379108 3.130927 0.003434 2.423347 3.053075 0.004370 
2.541690 3.250023 0.004898 2.653916 3.150291 0.005849 2.711162 2.604807 0.009096 2.379069 3.130748 0.003577 2.423266 3.053269 0.004487 
2.541157 3.250151 0.004845 2.653913 3.150281 0.005745 2.711300 2.604999 0.009092 2.379069 3.130897 0.003630 2.423207 3.053388 0.004529 
2.540962 3.250192 0.004860 2.653904 3.150314 0.005733 2.711343 2.605024 0.009097 2.379033 3.130728 0.003751 2.423145 3.053527 0.004627 
2.540826 3.250221 0.004872 2.653895 3.150345 0.005715 2.711264 2.605025 0.009077 2.378994 3.130550 0.003861 2.423102 3.053627 0.004715 
2.540725 3.250238 0.004885 2.653898 3.150338 0.005699 2.711278 2.605036 0.009059 2.378962 3.130395 0.003960 2.423073 3.053690 0.004793 
2.540707 3.250228 0.004885 2.653908 3.150309 0.005676 2.711290 2.605043 0.009037 2.378903 3.130173 0.004060 2.423051 3.053733 0.004871 
2.539346 3.250520 0.004838 2.653946 3.150064 0.005447 2.711446 2.605119 0.008986 2.378884 3.130494 0.004280 2.422934 3.053870 0.005052 
2.539431 3.250507 0.004851 2.653936 3.150096 0.005450 2.711484 2.605141 0.008970 2.378851 3.130359 0.004343 2.422924 3.053899 0.005102 
2.539466 3.250502 0.004866 2.653932 3.150120 0.005465 2.711617 2.605218 0.008971 2.378820 3.130222 0.004396 2.422906 3.053948 0.005143 
2.539473 3.250501 0.004879 2.653930 3.150132 0.005479 2.711654 2.605264 0.008973 2.378788 3.130080 0.004444 2.422888 3.053993 0.005180 
2.539476 3.250502 0.004892 2.653929 3.150136 0.005492 2.711651 2.605284 0.008974 2.378757 3.129943 0.004487 2.422874 3.054027 0.005214 
2.538882 3.250581 0.004749 2.653949 3.149935 0.005306 2.711654 2.605319 0.008969 2.378688 3.129760 0.004500 2.422820 3.054010 0.005221 
2.538586 3.250647 0.004762 2.653941 3.149927 0.005288 2.711713 2.605390 0.008980 2.378674 3.129800 0.004566 2.422776 3.054085 0.005277 
2.538605 3.250644 0.004786 2.653930 3.149959 0.005326 2.711796 2.605444 0.009000 2.378651 3.129698 0.004595 2.422752 3.054142 0.005301 
2.538845 3.250594 0.004805 2.653924 3.150026 0.005391 2.711867 2.605512 0.009015 2.378676 3.129637 0.004545 2.422771 3.054139 0.005258 
2.540324 3.250250 0.004745 2.653956 3.150197 0.005546 2.711999 2.605636 0.009018 2.379018 3.130219 0.003922 2.423075 3.053676 0.004746 
2.539363 3.250451 0.004703 2.653970 3.150034 0.005410 2.711949 2.605618 0.009030 2.378953 3.130245 0.004063 2.422973 3.053796 0.004866 
2.539335 3.250458 0.004733 2.653965 3.150045 0.005429 2.711870 2.605578 0.009024 2.378914 3.130070 0.004142 2.422947 3.053847 0.004928 
2.539348 3.250457 0.004759 2.653956 3.150077 0.005444 2.711852 2.605616 0.009008 2.378884 3.129932 0.004214 2.422929 3.053897 0.004985 
2.539373 3.250453 0.004784 2.653948 3.150103 0.005456 2.711860 2.605623 0.008993 2.378857 3.129813 0.004280 2.422915 3.053932 0.005037 
2.538101 3.250847 0.004876 2.653965 3.150001 0.005355 2.711875 2.605651 0.008967 2.379030 3.131265 0.004336 2.422886 3.053974 0.005103 
2.539333 3.250620 0.004852 2.653989 3.150163 0.005483 2.712002 2.605731 0.008963 2.379146 3.131300 0.004029 2.423080 3.053741 0.004846 
2.539359 3.250596 0.004851 2.653983 3.150173 0.005480 2.711999 2.605739 0.008960 2.379053 3.130943 0.004126 2.423040 3.053824 0.004922 
2.539760 3.250543 0.004898 2.653994 3.150239 0.005570 2.712030 2.605765 0.008959 2.379119 3.131057 0.004044 2.423110 3.053753 0.004855 
2.539749 3.250547 0.004909 2.654008 3.150202 0.005573 2.712016 2.605754 0.008954 2.379060 3.130791 0.004125 2.423094 3.053786 0.004920 
2.539764 3.250546 0.004919 2.654016 3.150181 0.005574 2.712007 2.605747 0.008946 2.379012 3.130575 0.004198 2.423083 3.053811 0.004978 
2.539429 3.250639 0.004950 2.654022 3.150152 0.005546 2.712018 2.605764 0.008924 2.379038 3.130779 0.004263 2.423069 3.053833 0.005033 
2.539885 3.250554 0.004959 2.654024 3.150228 0.005603 2.712073 2.605808 0.008907 2.379058 3.130703 0.004190 2.423131 3.053766 0.004969 
2.539877 3.250557 0.004964 2.654025 3.150227 0.005598 2.712046 2.605801 0.008894 2.379009 3.130483 0.004257 2.423115 3.053803 0.005022 
2.539893 3.250556 0.004969 2.654026 3.150232 0.005593 2.712050 2.605821 0.008880 2.378967 3.130294 0.004320 2.423102 3.053837 0.005070 
2.539904 3.250555 0.004973 2.654026 3.150241 0.005589 2.712066 2.605853 0.008866 2.378932 3.130137 0.004376 2.423089 3.053874 0.005113 
2.539955 3.250515 0.004955 2.654026 3.150230 0.005570 2.712123 2.605909 0.008858 2.378853 3.129867 0.004448 2.423061 3.053929 0.005167 
2.539961 3.250515 0.004962 2.654025 3.150238 0.005570 2.712171 2.605949 0.008852 2.378832 3.129773 0.004491 2.423048 3.053962 0.005200 
2.540637 3.250384 0.004918 2.654060 3.150309 0.005613 2.712277 2.606026 0.008847 2.378919 3.129795 0.004291 2.423172 3.053827 0.005032 
2.541262 3.250194 0.004815 2.654075 3.150315 0.005600 2.712396 2.606100 0.008855 2.378794 3.129030 0.004257 2.423192 3.053814 0.004989 
2.541146 3.250218 0.004835 2.654075 3.150320 0.005598 2.712432 2.606120 0.008850 2.378792 3.129017 0.004320 2.423171 3.053863 0.005041 
2.540131 3.250356 0.004698 2.654099 3.150038 0.005348 2.712419 2.606117 0.008835 2.378576 3.128416 0.004597 2.423012 3.054019 0.005258 
2.540132 3.250356 0.004728 2.654099 3.150039 0.005367 2.712421 2.606118 0.008825 2.378576 3.128415 0.004628 2.423012 3.054020 0.005283 
2.542221 3.250130 0.004936 2.654161 3.150578 0.005801 2.712558 2.606233 0.008815 2.379294 3.130285 0.003814 2.423521 3.053511 0.004637 
2.541943 3.250186 0.004938 2.654167 3.150576 0.005777 2.712571 2.606280 0.008820 2.379257 3.130112 0.003920 2.423471 3.053632 0.004723 
2.541725 3.250231 0.004940 2.654174 3.150569 0.005754 2.712567 2.606312 0.008816 2.379223 3.129953 0.004016 2.423431 3.053726 0.004799 
2.541562 3.250391 0.005035 2.654207 3.150652 0.005804 2.712552 2.606333 0.008802 2.379356 3.130542 0.004017 2.423482 3.053775 0.004809 
2.540807 3.250477 0.004898 2.654221 3.150438 0.005590 2.712578 2.606374 0.008783 2.379325 3.130574 0.004057 2.423418 3.053757 0.004840 
2.540796 3.250481 0.004909 2.654217 3.150456 0.005581 2.712564 2.606394 0.008761 2.379290 3.130414 0.004138 2.423396 3.053810 0.004903 
2.540802 3.250481 0.004919 2.654217 3.150465 0.005574 2.712606 2.606436 0.008743 2.379260 3.130277 0.004212 2.423380 3.053852 0.004960 
2.540846 3.250447 0.004909 2.654219 3.150457 0.005556 2.712752 2.606527 0.008735 2.379196 3.130065 0.004294 2.423350 3.053917 0.005023 
2.542150 3.250289 0.005027 2.654230 3.150779 0.005811 2.712869 2.606626 0.008730 2.379585 3.131152 0.003828 2.423629 3.053614 0.004649 
2.541977 3.250398 0.005076 2.654250 3.150842 0.005827 2.712997 2.606740 0.008706 2.379633 3.131352 0.003882 2.423625 3.053731 0.004691 
2.540327 3.250842 0.005101 2.654279 3.150647 0.005648 2.712998 2.606761 0.008701 2.379834 3.132861 0.003927 2.423572 3.053765 0.004745 
2.540319 3.250846 0.005088 2.654290 3.150617 0.005633 2.712993 2.606755 0.008702 2.379741 3.132453 0.004023 2.423540 3.053831 0.004821 
2.540138 3.250891 0.005090 2.654295 3.150602 0.005611 2.712986 2.606816 0.008692 2.379694 3.132291 0.004105 2.423509 3.053898 0.004887 
2.540145 3.250893 0.005080 2.654290 3.150629 0.005605 2.712986 2.606890 0.008687 2.379621 3.131961 0.004180 2.423473 3.053989 0.004945 
2.541878 3.250577 0.005081 2.654300 3.150933 0.005821 2.713072 2.607007 0.008682 2.379850 3.132202 0.003696 2.423745 3.053679 0.004542 
2.541655 3.250624 0.005068 2.654306 3.150931 0.005791 2.713068 2.607032 0.008688 2.379774 3.131854 0.003813 2.423690 3.053808 0.004636 
2.540178 3.251050 0.005120 2.654334 3.150797 0.005653 2.713021 2.607074 0.008675 2.379903 3.133007 0.003931 2.423623 3.053923 0.004744 
2.541730 3.250683 0.004975 2.654370 3.150874 0.005719 2.713060 2.607112 0.008683 2.379784 3.131946 0.003693 2.423766 3.053748 0.004536 
