-0.476971 -0.878918 -0.001287 -0.876830 0.480788 0.003425 0.879755 -0.475416 -0.003418 0.496451 0.868064 0.001210 
-0.476970 -0.878919 -0.001166 -0.876831 0.480788 0.003106 0.879755 -0.475416 -0.003099 0.496451 0.868064 0.001096 
-0.477011 -0.878897 0.000230 -0.876792 0.480826 0.006534 0.879716 -0.475454 -0.006536 0.496491 0.868042 -0.000376 
-0.476980 -0.878914 0.000744 -0.876807 0.480798 0.006518 0.879732 -0.475426 -0.006523 0.496460 0.868059 -0.000889 
-0.477578 -0.878584 0.002912 -0.876459 0.481407 0.008238 0.879386 -0.476037 -0.008256 0.497051 0.867716 -0.003095 
-0.477585 -0.878582 0.002591 -0.876463 0.481413 0.007338 0.879391 -0.476044 -0.007354 0.497059 0.867712 -0.002754 
-0.477716 -0.878500 0.004957 -0.876406 0.481557 0.004029 0.879335 -0.476187 -0.004059 0.497187 0.867629 -0.005046 
-0.477694 -0.878523 0.002406 -0.876436 0.481518 0.000575 0.879365 -0.476148 -0.000590 0.497166 0.867652 -0.002419 
-0.478230 -0.878235 0.000262 -0.876141 0.482051 0.002181 0.879073 -0.476683 -0.002183 0.497696 0.867351 -0.000311 
-0.478504 -0.878084 0.001573 -0.875983 0.482325 0.004066 0.878917 -0.476958 -0.004076 0.497964 0.867196 -0.001663 
-0.478867 -0.877888 0.000091 -0.875794 0.482685 0.000367 0.878730 -0.477319 -0.000368 0.498322 0.866992 -0.000099 
-0.479003 -0.877813 0.000481 -0.875718 0.482821 0.001173 0.878655 -0.477456 -0.001176 0.498458 0.866914 -0.000507 
-0.479136 -0.877740 -0.000869 -0.875637 0.482954 -0.003923 0.878574 -0.477589 0.003928 0.498590 0.866837 0.000957 
-0.479449 -0.877569 -0.001348 -0.875462 0.483268 -0.004176 0.878402 -0.477905 0.004184 0.498899 0.866659 0.001441 
-0.479415 -0.877588 -0.001262 -0.875479 0.483234 -0.004653 0.878418 -0.477870 0.004661 0.498865 0.866679 0.001365 
-0.479539 -0.877521 -0.000024 -0.875410 0.483348 -0.005550 0.878350 -0.477985 0.005550 0.498988 0.866609 0.000148 
-0.479537 -0.877521 -0.000062 -0.875403 0.483343 -0.006998 0.878343 -0.477980 0.006998 0.498986 0.866610 0.000218 
-0.479537 -0.877522 -0.000137 -0.875379 0.483331 -0.010144 0.878319 -0.477968 0.010145 0.498986 0.866610 0.000363 
-0.479539 -0.877521 -0.000228 -0.875331 0.483308 -0.014481 0.878270 -0.477945 0.014483 0.498986 0.866610 0.000550 
-0.479536 -0.877522 -0.000288 -0.875248 0.483264 -0.019919 0.878188 -0.477901 0.019921 0.498981 0.866612 0.000732 
-0.479532 -0.877524 -0.000316 -0.875131 0.483197 -0.025790 0.878071 -0.477834 0.025792 0.498974 0.866616 0.000891 
-0.479534 -0.877523 -0.000338 -0.874985 0.483122 -0.031544 0.877925 -0.477759 0.031546 0.498972 0.866617 0.001042 
-0.479535 -0.877523 -0.000366 -0.874814 0.483032 -0.037147 0.877754 -0.477669 0.037150 0.498970 0.866618 0.001194 
-0.479535 -0.877522 -0.000395 -0.874623 0.482932 -0.042549 0.877563 -0.477569 0.042552 0.498965 0.866621 0.001344 
-0.479534 -0.877523 -0.000423 -0.874419 0.482824 -0.047662 0.877359 -0.477461 0.047665 0.498962 0.866623 0.001486 
-0.479534 -0.877523 -0.000448 -0.874209 0.482712 -0.052412 0.877149 -0.477349 0.052415 0.498955 0.866626 0.001617 
-0.479534 -0.877523 -0.000471 -0.873999 0.482600 -0.056776 0.876938 -0.477237 0.056779 0.498951 0.866628 0.001737 
-0.479534 -0.877523 -0.000492 -0.873790 0.482490 -0.060788 0.876730 -0.477126 0.060791 0.498946 0.866631 0.001847 
-0.479534 -0.877523 -0.000514 -0.873581 0.482380 -0.064547 0.876520 -0.477017 0.064550 0.498943 0.866633 0.001953 
-0.479534 -0.877523 -0.000534 -0.873368 0.482268 -0.068168 0.876307 -0.476905 0.068172 0.498937 0.866636 0.002054 
-0.479534 -0.877523 -0.000552 -0.873150 0.482152 -0.071684 0.876090 -0.476789 0.071688 0.498932 0.866638 0.002150 
-0.479534 -0.877523 -0.000567 -0.872926 0.482033 -0.075128 0.875866 -0.476669 0.075132 0.498927 0.866641 0.002242 
-0.479532 -0.877524 -0.000581 -0.872694 0.481908 -0.078549 0.875634 -0.476545 0.078553 0.498920 0.866645 0.002332 
-0.479532 -0.877524 -0.000593 -0.872450 0.481778 -0.081982 0.875390 -0.476415 0.081986 0.498915 0.866648 0.002421 
-0.479532 -0.877524 -0.000603 -0.872194 0.481641 -0.085436 0.875134 -0.476278 0.085440 0.498909 0.866651 0.002508 
-0.479530 -0.877525 -0.000612 -0.871925 0.481496 -0.088926 0.874865 -0.476133 0.088931 0.498902 0.866654 0.002595 
-0.479529 -0.877526 -0.000620 -0.871636 0.481340 -0.092528 0.874576 -0.475977 0.092533 0.498894 0.866659 0.002683 
-0.479528 -0.877526 -0.000627 -0.871319 0.481168 -0.096339 0.874259 -0.475805 0.096343 0.498885 0.866664 0.002775 
-0.479527 -0.877527 -0.000632 -0.870973 0.480981 -0.100317 0.873913 -0.475617 0.100322 0.498876 0.866668 0.002869 
-0.479527 -0.877527 -0.000636 -0.870601 0.480779 -0.104428 0.873541 -0.475415 0.104433 0.498866 0.866674 0.002965 
-0.479523 -0.877529 -0.000640 -0.870202 0.480562 -0.108664 0.873142 -0.475199 0.108669 0.498857 0.866679 0.003063 
-0.479522 -0.877530 -0.000643 -0.869773 0.480330 -0.113039 0.872713 -0.474966 0.113044 0.498845 0.866685 0.003163 
-0.479520 -0.877531 -0.000645 -0.869311 0.480079 -0.117569 0.872251 -0.474715 0.117574 0.498833 0.866692 0.003267 
-0.479518 -0.877532 -0.000647 -0.868813 0.479807 -0.122267 0.871752 -0.474444 0.122272 0.498820 0.866699 0.003374 
-0.479516 -0.877533 -0.000649 -0.868274 0.479514 -0.127150 0.871214 -0.474150 0.127155 0.498805 0.866707 0.003484 
-0.479513 -0.877534 -0.000649 -0.867690 0.479195 -0.132235 0.870629 -0.473832 0.132241 0.498791 0.866715 0.003598 
-0.479511 -0.877535 -0.000649 -0.867054 0.478849 -0.137552 0.869994 -0.473485 0.137557 0.498774 0.866724 0.003716 
-0.479509 -0.877536 -0.000648 -0.866359 0.478470 -0.143140 0.869299 -0.473106 0.143145 0.498756 0.866734 0.003840 
-0.479505 -0.877539 -0.000647 -0.865594 0.478052 -0.149043 0.868533 -0.472689 0.149048 0.498735 0.866745 0.003970 
-0.479504 -0.877539 -0.000644 -0.864748 0.477590 -0.155300 0.867688 -0.472227 0.155305 0.498714 0.866757 0.004107 
-0.479499 -0.877542 -0.000641 -0.863811 0.477077 -0.161951 0.866750 -0.471714 0.161956 0.498690 0.866770 0.004252 
-0.479496 -0.877544 -0.000637 -0.862768 0.476507 -0.169036 0.865707 -0.471144 0.169041 0.498662 0.866785 0.004406 
-0.479490 -0.877547 -0.000490 -0.861643 0.475862 -0.176426 0.864583 -0.470498 0.176431 0.498631 0.866803 0.004424 
-0.479485 -0.877550 -0.000332 -0.860445 0.475173 -0.183971 0.863384 -0.469809 0.183974 0.498601 0.866820 0.004435 
-0.479484 -0.877551 -0.000320 -0.859112 0.474441 -0.191919 0.862051 -0.469077 0.191922 0.498568 0.866838 0.004600 
-0.479480 -0.877553 -0.000317 -0.857621 0.473625 -0.200412 0.860561 -0.468262 0.200415 0.498533 0.866858 0.004786 
-0.479478 -0.877554 -0.000291 -0.855950 0.472706 -0.209518 0.858890 -0.467342 0.209522 0.498493 0.866880 0.004963 
-0.479475 -0.877556 -0.000259 -0.854046 0.471658 -0.219418 0.856986 -0.466294 0.219421 0.498447 0.866905 0.005152 
-0.479472 -0.877557 -0.000226 -0.851865 0.470457 -0.230210 0.854804 -0.465094 0.230213 0.498395 0.866933 0.005359 
-0.479471 -0.877558 -0.000189 -0.849361 0.469080 -0.241971 0.852301 -0.463715 0.241973 0.498338 0.866965 0.005585 
-0.479468 -0.877559 -0.000150 -0.846491 0.467500 -0.254750 0.849430 -0.462136 0.254753 0.498273 0.867001 0.005831 
-0.479466 -0.877560 -0.000108 -0.843205 0.465692 -0.268582 0.846145 -0.460328 0.268584 0.498196 0.867043 0.006097 
-0.479465 -0.877561 -0.000062 -0.839449 0.463625 -0.283509 0.842389 -0.458261 0.283511 0.498111 0.867090 0.006384 
-0.479465 -0.877561 -0.000014 -0.835159 0.461264 -0.299575 0.838098 -0.455900 0.299577 0.498015 0.867143 0.006694 
-0.479465 -0.877561 0.000045 -0.830266 0.458570 -0.316815 0.833206 -0.453206 0.316817 0.497905 0.867203 0.007019 
-0.479465 -0.877561 0.000113 -0.824693 0.455499 -0.335264 0.827632 -0.450136 0.335266 0.497783 0.867270 0.007364 
-0.479467 -0.877560 0.000179 -0.818342 0.452003 -0.354978 0.821281 -0.446639 0.354979 0.497642 0.867348 0.007737 
-0.479471 -0.877558 0.000249 -0.811102 0.448017 -0.376024 0.814041 -0.442653 0.376026 0.497485 0.867435 0.008137 
-0.483274 -0.875469 0.000357 -0.803933 0.448601 -0.390447 0.806895 -0.443250 0.390448 0.501128 0.865333 0.008350 
-0.481517 -0.876437 0.000517 -0.801004 0.444807 -0.400674 0.803956 -0.439450 0.400674 0.499306 0.866385 0.008418 
-0.848080 0.017866 0.529568 0.518892 0.854791 0.009143 -0.692123 0.716242 -0.089234 -0.043548 -0.998275 -0.039387 0.788448 -0.454901 0.414022 0.724757 -0.638241 -0.259569 
-0.903649 0.015819 0.427981 0.523086 0.852227 0.009532 -0.710230 0.689841 -0.140334 -0.049531 -0.996183 -0.071875 0.777461 -0.453834 0.435418 0.778704 -0.599678 -0.184406 
-0.923623 0.008382 0.383210 0.535083 0.844643 0.016271 -0.728625 0.662759 -0.172791 -0.020233 -0.999299 -0.031499 0.749492 -0.455573 0.480327 0.812991 -0.557121 -0.169296 
-0.937868 0.033360 0.345385 0.550393 0.833653 0.045727 -0.720348 0.663745 -0.201350 -0.039049 -0.999130 -0.014628 0.714120 -0.471020 0.517855 0.819713 -0.552109 -0.152468 
-0.950112 0.047323 0.308298 0.562066 0.824420 0.066432 -0.713421 0.665161 -0.220433 -0.048290 -0.998833 -0.001213 0.828416 -0.555096 0.074807 
-0.962606 0.050093 0.266234 0.569050 0.818047 0.083560 -0.706159 0.668192 -0.234218 -0.050071 -0.998746 0.000268 0.828522 -0.552413 0.091599 
-0.973988 0.059317 0.218696 0.575841 0.811406 0.100135 -0.692868 0.676482 -0.249611 -0.057924 -0.998310 0.004753 0.824127 -0.555393 0.111151 
-0.984045 0.069791 0.163661 0.585143 0.803044 0.112819 -0.669401 0.693813 -0.265566 -0.067643 -0.997678 0.007962 0.812142 -0.567326 0.136260 
-0.991515 0.077837 0.104111 0.595525 0.794543 0.118535 -0.633011 0.719994 -0.284439 -0.075299 -0.997095 0.011433 0.790321 -0.588783 0.169490 
-0.995896 0.083434 0.035076 0.606031 0.786185 0.120992 -0.585879 0.751929 -0.302239 -0.081427 -0.996643 0.008559 0.758885 -0.616348 0.210262 
-0.996084 0.088310 -0.004280 0.622080 0.772912 0.124995 -0.527948 0.787209 -0.318705 -0.086572 -0.996239 0.003584 0.623596 -0.559130 0.546353 0.739674 -0.672266 0.030681 
-0.992883 0.111364 -0.042215 0.755499 0.650717 0.076080 -0.480233 0.836253 -0.264684 -0.109707 -0.993964 -0.000119 0.675324 -0.699430 0.233956 
-0.986928 0.140127 -0.079604 0.708877 0.702858 0.059027 -0.464354 0.860106 -0.211170 -0.138399 -0.990362 -0.005330 0.684962 -0.678819 0.264634 0.653033 -0.742047 0.151377 
-0.980371 0.162945 -0.111002 0.657447 0.751334 0.057100 -0.409292 0.890136 -0.200343 -0.161262 -0.986875 -0.008546 0.747505 -0.636512 0.189973 0.543137 -0.813192 0.209093 
-0.973624 0.182976 -0.136293 0.774233 -0.584657 0.242361 0.612368 0.789185 0.046818 -0.311343 0.924941 -0.218057 -0.181479 -0.983335 -0.010811 0.391156 -0.896466 0.208194 
-0.966083 0.206272 -0.155359 0.773681 -0.605414 0.186791 0.625053 0.778127 0.061870 -0.208682 0.955367 -0.209108 -0.204859 -0.978689 -0.014189 0.244767 -0.934679 0.257806 
-0.950294 0.239987 -0.198360 0.853015 -0.429090 0.297065 0.420075 0.892550 0.163987 -0.031404 0.965385 -0.258933 -0.237774 -0.970953 -0.026715 0.023086 -0.988066 0.152290 
-0.940673 0.228069 -0.251234 0.823380 -0.436271 0.362923 -0.351054 -0.931663 0.093623 0.519155 0.849948 -0.089810 0.206449 0.978267 0.019311 0.354488 0.898481 -0.258979 
0.825245 -0.526298 0.204893 -0.937304 0.221640 -0.268956 -0.545788 -0.832590 0.094388 0.201756 0.979329 0.014471 0.618923 0.781530 -0.078397 
0.798941 -0.566268 0.202569 -0.911476 0.252379 -0.324832 -0.589248 -0.806319 0.051341 0.228440 0.972708 0.040677 0.660107 0.751165 -0.003169 
0.775001 -0.581580 0.247261 -0.875821 0.237136 -0.420362 0.229343 0.973245 0.013961 0.700625 0.711013 0.059872 -0.626941 -0.760456 0.169265 -0.638502 -0.768830 -0.034876 
0.750697 -0.582752 0.311213 -0.831657 0.195920 -0.519579 0.240522 0.968388 -0.066139 0.765468 0.620736 0.169544 -0.641281 -0.757384 0.123000 -0.765194 -0.638975 -0.078672 
0.718891 -0.579957 0.383205 -0.784314 0.137910 -0.604841 0.268609 0.947770 -0.171990 0.814372 0.474356 0.334341 -0.650585 -0.756043 0.071676 -0.911901 -0.363954 -0.189669 
0.676977 -0.576859 0.457095 -0.653627 -0.756761 0.009154 0.329611 0.912744 -0.241360 0.789603 0.296431 0.537267 -0.728455 0.110636 -0.676101 -0.926235 0.019043 -0.376465 
0.619023 -0.581299 0.528112 -0.659573 -0.749602 -0.055315 -0.744266 0.148503 -0.651164 0.385515 0.893129 -0.231731 0.718083 0.210117 0.663481 
0.535302 -0.582523 0.611652 -0.668002 -0.734743 -0.118013 0.405477 0.897167 -0.175157 0.673784 0.277280 0.684932 -0.583479 0.134145 -0.800973 -0.802629 0.041295 -0.595047 
0.456335 -0.576459 0.677830 -0.671947 -0.722131 -0.164357 0.400977 0.906773 -0.130305 0.650357 0.387169 0.653556 -0.516296 0.133271 -0.845977 -0.772810 -0.189396 -0.605718 
0.390255 -0.548628 0.739397 -0.669711 -0.719735 -0.182946 0.619894 0.457669 0.637394 0.406671 0.904245 -0.130229 -0.456010 0.104402 -0.883829 -0.729983 -0.316402 -0.605817 
0.417096 0.889562 -0.186309 0.387819 -0.451043 0.803839 0.592235 0.487657 0.641442 -0.648649 -0.752850 -0.111677 -0.420835 0.034515 -0.906480 -0.701868 -0.328625 -0.631971 
0.370744 -0.471215 0.800316 -0.677003 -0.726708 -0.116456 0.630478 0.499358 0.594255 0.436472 0.872729 -0.218714 -0.466781 0.039607 -0.883486 -0.731492 -0.340655 -0.590655 
0.368588 -0.476678 0.798074 -0.691934 -0.713697 -0.108920 0.663483 0.527031 0.531063 0.452213 0.864342 -0.220038 -0.505169 0.073225 -0.859908 -0.737725 -0.433339 -0.517667 
0.368925 -0.476263 0.798165 -0.701735 -0.705547 -0.098852 0.672642 0.523704 0.522768 0.457103 0.859319 -0.229407 -0.507269 0.068495 -0.859061 -0.747295 -0.428779 -0.507641 
0.459084 0.855844 -0.238272 0.374375 -0.476988 0.795189 0.671620 0.504746 0.542364 -0.500949 0.056386 -0.863638 -0.706152 -0.702193 -0.090964 -0.758248 -0.377482 -0.531570 
0.458706 0.855158 -0.241439 0.375086 -0.476888 0.794914 0.664494 0.492571 0.561980 -0.490555 0.045577 -0.870218 -0.706748 -0.701752 -0.089729 -0.757129 -0.345026 -0.554719 
0.356914 -0.472235 0.805982 -0.699015 -0.707069 -0.106919 0.654204 0.507267 0.560979 0.455166 0.859693 -0.231844 -0.481830 0.047121 -0.874997 -0.737191 -0.378521 -0.559707 
0.336068 -0.470649 0.815811 -0.688035 -0.713838 -0.130547 0.655459 0.557371 0.509619 0.447384 0.870996 -0.203010 -0.487073 0.074997 -0.870135 -0.699168 -0.521789 -0.488774 
0.313266 -0.475132 0.822262 -0.492960 0.110264 -0.863036 -0.652257 -0.715340 -0.250697 0.435488 0.885217 -0.163528 0.651364 0.619655 0.437896 
0.296265 -0.480513 0.825430 -0.493187 0.130565 -0.860070 -0.615420 -0.753939 -0.229856 0.423314 0.895912 -0.134708 0.645189 0.656260 0.391221 
0.298623 -0.479736 0.825032 -0.495107 0.128677 -0.859250 -0.612256 -0.757628 -0.226148 0.416036 0.899568 -0.133010 0.645224 0.661571 0.382111 
0.301987 -0.480114 0.823586 -0.495380 0.125228 -0.859602 -0.621100 -0.748205 -0.233290 0.418089 0.897843 -0.138131 0.647885 0.652360 0.393283 
0.306917 -0.479329 0.822220 -0.497228 0.121111 -0.859125 -0.632151 -0.736947 -0.239361 0.422406 0.894509 -0.146378 0.651809 0.641059 0.405202 
0.315316 -0.475180 0.821450 -0.500992 0.113275 -0.858007 -0.644990 -0.725029 -0.241497 0.425717 0.890774 -0.159018 0.656989 0.629970 0.414129 
0.321128 -0.472343 0.820834 -0.503481 0.106823 -0.857377 -0.656535 -0.714259 -0.242478 0.428624 0.887500 -0.169189 0.662320 0.620720 0.419569 
0.324746 -0.469497 0.821044 -0.505934 0.101732 -0.856552 -0.663154 -0.708842 -0.240352 0.430368 0.885096 -0.177169 0.665891 0.616546 0.420072 
0.329761 -0.468999 0.819328 -0.506945 0.098478 -0.856335 -0.670032 -0.703166 -0.237939 0.431216 0.883755 -0.181742 0.668644 0.613574 0.420050 
0.334878 -0.471605 0.815749 -0.506120 0.095682 -0.857139 0.433607 0.881766 -0.185673 0.672838 0.604600 0.426320 -0.694438 -0.708331 -0.126585 -0.655608 -0.658294 -0.369901 
0.342813 -0.467657 0.814725 -0.696271 -0.708376 -0.115803 0.678019 0.585442 0.444463 0.438312 0.875106 -0.205116 -0.509244 0.081749 -0.856731 -0.688602 -0.605371 -0.399192 
0.361780 -0.449117 0.816951 -0.693582 -0.714974 -0.088065 0.679003 0.557795 0.477305 0.445163 0.860882 -0.246397 -0.518763 0.051963 -0.853337 -0.728476 -0.506989 -0.460744 
0.391571 -0.415550 0.820969 -0.535488 0.007851 -0.844506 0.444823 0.842911 -0.302710 0.683027 0.543451 0.487991 -0.692477 -0.720513 -0.036561 -0.757122 -0.422768 -0.498029 
0.423097 -0.380401 0.822365 -0.685898 -0.727559 0.014199 0.432418 0.824299 -0.365439 0.691899 0.554384 0.462530 -0.561945 -0.042256 -0.826095 -0.786686 -0.390487 -0.478169 
0.448937 -0.344677 0.824411 -0.677082 -0.733464 0.059919 0.415369 0.813102 -0.407840 0.694452 0.577653 0.429015 -0.576191 -0.083856 -0.813002 -0.798376 -0.407382 -0.443437 
0.471754 -0.309138 0.825762 -0.671039 -0.733726 0.106546 0.394737 0.802932 -0.446634 0.696187 0.601366 0.392022 -0.584109 -0.128665 -0.801413 -0.803716 -0.436608 -0.404245 
0.493022 -0.262463 0.829483 -0.661805 -0.732523 0.159453 0.371279 0.786681 -0.493238 0.696004 0.630330 0.343892 -0.595733 -0.179153 -0.782947 -0.802622 -0.475404 -0.360261 
0.516370 -0.206665 0.831054 -0.645920 -0.731847 0.217225 0.345658 0.763884 -0.544979 0.693822 0.661865 0.283805 -0.612184 -0.231001 -0.756221 -0.800557 -0.516654 -0.303607 
0.543516 -0.143110 0.827110 -0.628837 -0.723028 0.285996 0.317814 0.729997 -0.605062 0.692424 0.689565 0.212249 -0.631980 -0.288186 -0.719409 -0.799658 -0.551996 -0.236323 
0.574003 -0.071185 0.815753 -0.608055 -0.705459 0.364137 0.285609 0.684324 -0.670916 0.689069 0.712518 0.132295 -0.652274 -0.351173 -0.671727 -0.798267 -0.579827 -0.163004 
0.604334 0.006725 0.796703 0.249954 0.627846 -0.737111 0.681971 0.730082 0.043545 -0.583449 -0.678668 0.446090 -0.670689 -0.415802 -0.614236 -0.793358 -0.603383 -0.080694 
0.626892 0.084059 0.774558 0.215785 0.570883 -0.792168 0.666652 0.743264 -0.055981 -0.559125 -0.645491 0.520309 -0.682919 -0.472624 -0.557000 -0.770505 -0.636984 0.023927 
0.646413 0.159119 0.746211 0.186992 0.499166 -0.846089 -0.532576 -0.608140 0.588667 0.546837 0.611513 -0.571857 0.581871 0.696968 0.419120 -0.685796 -0.533671 -0.494852 -0.765958 -0.642395 0.025246 
0.658618 0.222273 0.718900 0.168422 0.427469 -0.888203 -0.512130 -0.569616 0.642853 -0.741897 -0.613560 -0.270433 0.526669 0.574409 -0.626637 0.584872 0.709141 0.393755 
0.688097 0.286148 0.666814 0.126215 0.341966 -0.931198 -0.476640 -0.516940 0.711046 -0.748077 -0.633049 -0.199074 0.491847 0.523172 -0.695972 0.589913 0.731597 0.341714 
0.717366 0.344672 0.605464 0.084597 0.259654 -0.961989 -0.441404 -0.450058 0.776280 -0.756154 -0.645866 -0.105300 0.457273 0.457615 -0.762555 0.607657 0.755477 0.244965 
0.726420 0.368711 0.579971 0.042874 0.210385 -0.976678 -0.432478 -0.413248 0.801367 -0.760415 -0.649244 -0.015814 0.448553 0.421351 -0.788203 0.633482 0.768980 0.085849 
0.725318 0.379703 0.574230 0.457357 0.394791 -0.796846 -0.441310 -0.386436 0.809885 -0.758844 -0.650226 0.036900 0.039139 0.199454 -0.979125 0.636826 0.770428 -0.029899 
-0.726368 -0.617132 0.302552 0.719574 0.389326 0.575012 0.467064 0.378674 -0.799035 0.046708 0.184493 -0.981723 0.636754 0.768456 -0.063404 
-0.730357 -0.618128 0.290682 0.707482 0.400270 0.582454 0.478718 0.371523 -0.795487 0.065986 0.169702 -0.983284 0.633162 0.773090 -0.037919 
-0.735566 -0.624182 0.263326 0.688343 0.409054 0.599048 0.496939 0.371258 -0.784359 0.101400 0.168604 -0.980454 0.624745 0.780762 0.010239 
-0.741345 -0.630901 0.228850 0.488708 0.625237 -0.608476 0.667750 0.411528 0.620287 0.519585 0.373594 -0.768413 
-0.743700 -0.633381 0.213866 0.506389 0.636672 -0.581566 0.663083 0.419026 0.620273 0.523649 0.366917 -0.768872 
-0.733088 -0.644621 0.216898 0.496354 0.642024 -0.584328 0.652958 0.436024 0.619297 0.522246 0.366672 -0.769942 
-0.714597 -0.661242 0.228277 0.467965 0.646338 -0.602707 0.646087 0.449250 0.617046 0.508152 0.382589 -0.771627 
-0.695352 -0.679096 0.235189 0.647302 0.450179 0.615092 0.485846 0.409738 -0.772055 0.112902 0.187568 -0.975741 0.558758 0.827334 0.057513 
-0.681236 -0.694602 0.231182 0.658403 0.436877 0.612898 0.458422 0.444149 -0.769793 0.081256 0.222764 -0.971480 0.557880 0.827278 0.066185 
0.679007 0.418464 0.603189 0.050044 0.237947 -0.969988 -0.698587 -0.714099 -0.045162 -0.415626 -0.460438 0.784380 0.430648 0.469637 -0.770703 0.560075 0.820858 0.111838 
0.692326 0.408732 0.594662 0.049534 0.237697 -0.970075 -0.700095 -0.703749 -0.120849 -0.389885 -0.483835 0.783513 0.405211 0.492810 -0.770027 0.530790 0.793005 0.299005 
0.696689 0.414374 0.585593 0.046014 0.234236 -0.971090 -0.696605 -0.703460 -0.141018 -0.374289 -0.488687 0.788094 0.389717 0.497787 -0.774808 0.513726 0.779694 0.357999 
0.689658 0.420513 0.589525 0.046810 0.235980 -0.970630 -0.691198 -0.709812 -0.135689 -0.375579 -0.490568 0.786310 0.390849 0.499804 -0.772938 0.510280 0.788108 0.344239 
0.682504 0.423372 0.595772 0.049978 0.240463 -0.969371 -0.687417 -0.715024 -0.127271 -0.381563 -0.491060 0.783116 0.396672 0.500360 -0.769605 0.511540 0.798315 0.317836 
0.676543 0.420895 0.604266 0.053572 0.248360 -0.967185 -0.687355 -0.717089 -0.115441 -0.391414 -0.491722 0.777820 0.406388 0.500966 -0.764122 0.523120 0.806377 0.275866 
0.666050 0.415417 0.619521 0.062099 0.255753 -0.964746 -0.687698 -0.716844 -0.114917 -0.407700 -0.494929 0.767350 0.422434 0.504051 -0.753314 0.533171 0.808663 0.248583 
0.658268 0.404676 0.634761 0.437482 0.509772 -0.740771 -0.690277 -0.708585 -0.146371 -0.422924 -0.500893 0.755144 0.083004 0.260287 -0.961957 0.529252 0.795878 0.294057 
0.654309 0.402571 0.640168 0.445142 0.508431 -0.737120 -0.689449 -0.702081 -0.178164 -0.430675 -0.499598 0.751612 0.101587 0.253259 -0.962050 0.512663 0.781723 0.355086 
0.659917 0.406973 0.631572 0.447104 0.492695 -0.746559 -0.695923 -0.694928 -0.181014 -0.432513 -0.483759 0.760861 0.106607 0.230307 -0.967261 0.511931 0.772995 0.374709 
0.663903 0.421538 0.617688 0.449908 0.465398 -0.762226 -0.435228 -0.456129 0.776223 -0.701833 -0.695013 -0.156169 0.106778 0.200249 -0.973909 0.519271 0.781319 0.346264 
-0.699159 -0.694163 0.171213 0.669558 0.445675 0.594194 0.445555 0.430871 -0.784749 0.095378 0.160238 -0.982460 0.526501 0.797262 0.295245 
-0.703535 -0.686354 0.184272 0.677306 0.438889 0.590451 0.445612 0.426239 -0.787242 0.085370 0.163491 -0.982844 0.543216 0.795250 0.269246 
0.699359 0.413876 0.582756 0.439235 0.428051 -0.789838 -0.423762 -0.418943 0.803064 -0.729756 -0.675992 -0.102426 0.071408 0.174157 -0.982125 0.564699 0.775150 0.283296 
0.719332 0.379256 0.582002 0.057482 0.204608 -0.977155 -0.416181 -0.438051 0.796809 -0.746059 -0.655816 -0.115335 0.432102 0.446382 -0.783601 0.584502 0.750383 0.308679 
0.723431 0.363194 0.587143 0.059585 0.213938 -0.975028 -0.418580 -0.448107 0.789931 -0.749406 -0.648473 -0.133695 0.434591 0.456077 -0.776611 0.581455 0.741174 0.335516 
0.717180 0.355887 0.599164 0.069915 0.225299 -0.971778 -0.430805 -0.451911 0.781142 -0.749788 -0.646110 -0.142687 0.446673 0.459717 -0.767557 0.584470 0.738545 0.336076 
0.713876 0.349753 0.606674 0.074226 0.233458 -0.969530 -0.437890 -0.455613 0.775029 -0.752469 -0.641880 -0.147579 0.453683 0.463281 -0.761277 0.594065 0.731869 0.333849 
0.713360 0.336916 0.614496 0.080537 0.242546 -0.966791 -0.447930 -0.457658 0.768055 -0.759303 -0.632410 -0.153349 0.463708 0.465039 -0.754131 0.606132 0.722155 0.333311 
0.711560 0.325624 0.622617 0.088631 0.251017 -0.963917 -0.458290 -0.459112 0.761043 -0.762878 -0.626262 -0.160665 0.474026 0.466241 -0.746940 0.607340 0.718779 0.338371 
0.704486 0.320695 0.633131 0.096196 0.261963 -0.960272 -0.467079 -0.464644 0.752292 -0.761998 -0.625011 -0.169468 0.482655 0.471661 -0.737957 0.606601 0.716630 0.344205 
0.697585 0.318234 0.641952 0.100798 0.269911 -0.957595 -0.473927 -0.469463 0.744982 -0.760530 -0.625158 -0.175417 0.489347 0.476424 -0.730452 0.608373 0.715034 0.344395 
0.692825 0.314172 0.649069 0.104717 0.276726 -0.955226 -0.479732 -0.473619 0.738608 -0.759211 -0.625489 -0.179895 0.495044 0.480489 -0.723921 0.609357 0.715611 0.341446 
0.688475 0.302249 0.659278 0.113534 0.288850 -0.950618 -0.490305 -0.478259 0.728608 -0.761538 -0.620126 -0.188424 0.505516 0.484862 -0.713697 0.614151 0.711223 0.342023 
0.682002 0.281275 0.675099 0.129908 0.309166 -0.942093 -0.507353 -0.485268 0.712115 -0.766138 -0.609549 -0.203675 0.522415 0.491401 -0.696856 0.621182 0.702555 0.347202 
0.674040 0.258053 0.692155 0.148486 0.330623 -0.932009 -0.526050 -0.492483 0.693348 -0.771310 -0.596995 -0.220629 0.540929 0.498096 -0.677714 0.629467 0.691994 0.353434 
0.661249 0.233819 0.712796 0.169075 0.353142 -0.920165 -0.548359 -0.500047 0.670265 -0.773815 -0.586524 -0.239165 0.562947 0.505116 -0.654177 0.635740 0.685404 0.355043 
0.640605 0.199431 0.741520 0.201166 0.384626 -0.900886 -0.579886 -0.509593 0.635647 -0.776187 -0.570896 -0.267603 0.594004 0.513894 -0.618929 0.644003 0.674827 0.360375 
0.625127 0.168628 0.762090 0.227382 0.407340 -0.884518 -0.605413 -0.513675 0.607958 0.619178 0.517288 -0.590789 0.654469 0.662041 0.365200 -0.730970 -0.512159 -0.450972 -0.810512 -0.585123 0.026476 
0.616000 0.153000 0.772745 0.243047 0.416831 -0.875888 -0.620014 -0.513096 0.593561 0.633572 0.516360 -0.576158 0.660890 0.652728 0.370366 -0.733265 -0.494768 -0.466398 -0.811640 -0.583615 0.025198 
0.611289 0.146574 0.777716 0.251393 0.418318 -0.872818 -0.736068 -0.485125 -0.472079 0.642311 0.511932 -0.570405 0.666776 0.647606 0.368804 -0.628861 -0.508810 0.587917 -0.812046 -0.582964 0.027109 
0.617932 0.149455 0.771896 0.249348 0.403363 -0.880411 -0.630194 -0.495133 0.598079 0.643792 0.498323 -0.580694 0.675866 0.639129 0.367040 -0.742244 -0.486780 -0.460565 -0.824888 -0.564946 0.019885 
0.657265 0.177610 0.732432 0.216954 0.342802 -0.914012 -0.609071 -0.449799 0.653233 -0.813514 -0.524606 -0.250967 0.623552 0.453630 -0.636712 0.694180 0.632965 0.342738 
0.697000 0.197266 0.689403 0.174736 0.284836 -0.942515 -0.585840 -0.400746 0.704411 -0.837656 -0.514483 -0.183413 0.601214 0.405029 -0.688835 0.727568 0.628870 0.274166 
0.730981 0.208462 0.649777 0.582768 0.353182 -0.731877 -0.566631 -0.348633 0.746582 -0.858892 -0.496963 -0.123823 0.143370 0.235543 -0.961231 0.757575 0.617203 0.212465 
-0.857359 -0.470526 0.208664 0.759011 0.217855 0.613549 0.564620 0.304152 -0.767265 0.110785 0.192792 -0.974966 0.782188 0.609639 0.128542 
-0.857864 -0.462969 0.223000 0.770467 0.214258 0.600395 0.555215 0.294920 -0.777662 0.090742 0.181889 -0.979123 0.788589 0.604322 0.113679 
0.781817 0.215482 0.585090 0.080331 0.177626 -0.980814 -0.518509 -0.300525 0.800520 -0.878367 -0.473933 -0.062113 0.535794 0.305244 -0.787242 0.776674 0.602422 0.184024 
0.790299 0.218940 0.572269 0.071327 0.171772 -0.982551 -0.497410 -0.320093 0.806303 -0.875194 -0.474150 -0.096009 0.514890 0.324883 -0.793310 0.753251 0.595277 0.279746 
0.798287 0.227078 0.557829 0.060927 0.164949 -0.984418 -0.479739 -0.324159 0.815336 -0.872802 -0.477820 -0.099520 0.497402 0.329129 -0.802661 0.742164 0.594776 0.308925 
0.806892 0.229971 0.544094 -0.466839 -0.320096 0.824379 -0.873300 -0.479257 -0.087519 0.484697 0.325132 -0.812009 0.745051 0.596912 0.297650 
0.811763 0.231518 0.536134 -0.459746 -0.316801 0.829621 -0.872315 -0.482088 -0.081597 0.477714 0.321872 -0.817427 0.744869 0.600475 0.290860 
0.810034 0.238097 0.535868 -0.456817 -0.320694 0.829743 -0.867950 -0.489646 -0.083127 0.474749 0.325911 -0.817554 0.737931 0.607206 0.294550 
0.807571 0.246565 0.535757 -0.453608 -0.324765 0.829920 -0.863097 -0.498050 -0.083720 0.471486 0.330170 -0.817734 0.730722 0.614411 0.297564 
0.807331 0.252695 0.533256 -0.449350 -0.326312 0.831628 -0.859026 -0.505253 -0.082419 0.467223 0.331853 -0.819497 0.725582 0.620980 0.296504 
0.807348 0.262310 0.528567 -0.441458 -0.329624 0.834544 -0.854150 -0.513970 -0.079139 0.459334 0.335378 -0.822517 0.719423 0.628175 0.296356 
0.808614 0.269788 0.522836 -0.434304 -0.329489 0.838342 -0.851075 -0.519740 -0.074436 0.452211 0.335410 -0.826441 0.716437 0.632779 0.293784 
0.808889 0.272187 0.521165 -0.432127 -0.329564 0.839436 -0.849944 -0.521750 -0.073295 0.450040 0.335539 -0.827573 0.715242 0.634310 0.293393 
0.808452 0.271930 0.521976 -0.432931 -0.329748 0.838950 -0.849928 -0.521761 -0.073407 0.450835 0.335717 -0.827069 0.715502 0.634462 0.292428 
0.807731 0.271654 0.523235 -0.434097 -0.330173 0.838180 -0.849879 -0.521786 -0.073798 0.451984 0.336136 -0.826271 0.715791 0.634560 0.291508 
0.806882 0.271219 0.524769 -0.435531 -0.330695 0.837230 -0.849808 -0.521741 -0.074925 0.453398 0.336648 -0.825287 0.715687 0.634525 0.291839 
0.804772 0.270702 0.528263 -0.439308 -0.330555 0.835310 -0.848518 -0.523928 -0.074279 0.457127 0.336496 -0.823290 0.715295 0.638350 0.284364 
0.801483 0.270835 0.533172 -0.444687 -0.329871 0.832730 -0.846920 -0.526447 -0.074706 0.462431 0.335815 -0.820601 0.715067 0.641745 0.277206 
0.798660 0.268995 0.538315 -0.450208 -0.330148 0.829647 -0.847063 -0.525742 -0.077969 0.467888 0.336052 -0.817404 0.715707 0.641115 0.277011 
0.795588 0.266019 0.544310 -0.456578 -0.330920 0.825850 -0.847567 -0.524465 -0.081038 0.474188 0.336756 -0.813475 0.717041 0.640445 0.275104 
0.791929 0.263405 0.550877 -0.463269 -0.332164 0.821614 -0.847721 -0.523631 -0.084734 0.480795 0.337942 -0.809093 0.717993 0.639973 0.273715 
0.790635 0.267936 0.550552 -0.462370 -0.331788 0.822272 -0.843284 -0.530438 -0.086649 0.479868 0.337667 -0.809758 0.710556 0.646972 0.276653 
