-0.000266 -0.001090 0.999999 -0.008828 0.002114 0.999959 -0.008809 0.002166 0.999959 -0.000198 -0.000898 1.000000 
-0.000423 -0.001732 0.999998 -0.005775 0.001385 0.999982 -0.005755 0.001418 0.999982 -0.000356 -0.001612 0.999999 
-0.000361 -0.001474 0.999999 -0.003005 0.000721 0.999995 -0.002991 0.000737 0.999995 -0.000313 -0.001414 0.999999 
-0.000398 -0.001627 0.999999 -0.002355 0.000565 0.999997 -0.002342 0.000577 0.999997 -0.000350 -0.001582 0.999999 
-0.000434 -0.001772 0.999998 -0.001053 0.000253 0.999999 -0.001041 0.000257 0.999999 -0.000389 -0.001757 0.999998 
0.000516 0.002107 0.999998 -0.005726 0.001376 0.999983 -0.005730 0.001414 0.999983 0.000497 0.002246 0.999997 
0.000382 0.001557 0.999999 -0.004058 0.000976 0.999991 -0.004062 0.001003 0.999991 0.000367 0.001656 0.999999 
0.000689 0.002810 0.999996 -0.004142 0.000996 0.999991 -0.004153 0.001025 0.999991 0.000646 0.002917 0.999996 
0.000584 0.002385 0.999997 -0.004468 0.001074 0.999989 -0.004476 0.001105 0.999989 0.000553 0.002497 0.999997 
0.000563 0.002297 0.999997 -0.003721 0.000895 0.999993 -0.003730 0.000921 0.999993 0.000530 0.002391 0.999997 
0.000522 0.002131 0.999998 -0.003630 0.000873 0.999993 -0.003638 0.000899 0.999993 0.000493 0.002223 0.999997 
0.001079 0.004402 0.999990 -0.005865 0.001411 0.999982 -0.005883 0.001453 0.999982 0.001010 0.004556 0.999989 
0.001440 0.005871 0.999982 -0.005326 0.001282 0.999985 -0.005354 0.001323 0.999985 0.001335 0.006020 0.999981 
0.001574 0.006411 0.999978 -0.003073 0.000740 0.999995 -0.003107 0.000769 0.999995 0.001446 0.006512 0.999978 
0.001730 0.007036 0.999974 -0.001559 0.000376 0.999999 -0.001600 0.000396 0.999999 0.001580 0.007107 0.999973 
0.001835 0.007764 0.999968 -0.004965 0.001151 0.999987 -0.005005 0.001192 0.999987 0.001685 0.007913 0.999967 
0.001705 0.007241 0.999972 -0.011401 0.002632 0.999932 -0.011429 0.002712 0.999931 0.001597 0.007531 0.999970 
0.002433 0.011036 0.999936 -0.014949 0.003225 0.999883 -0.014996 0.003331 0.999882 0.002252 0.011421 0.999932 
0.001129 0.004479 0.999989 -0.003593 0.000889 0.999993 -0.003615 0.000918 0.999993 0.001047 0.004583 0.999989 
0.001136 0.004702 0.999988 -0.007370 0.001747 0.999971 -0.007388 0.001799 0.999971 0.001067 0.004890 0.999987 
0.001504 0.006560 0.999977 -0.022553 0.005065 0.999733 -0.022562 0.005212 0.999732 0.001462 0.007096 0.999974 
0.001510 0.006561 0.999977 -0.023508 0.005297 0.999710 -0.023515 0.005450 0.999709 0.001471 0.007118 0.999974 
0.000684 0.002505 0.999997 -0.012672 0.003400 0.999914 -0.012667 0.003482 0.999914 0.000699 0.002803 0.999996 
0.000298 0.000996 0.999999 -0.000364 0.000107 1.000000 -0.000369 0.000111 1.000000 0.000278 0.001010 0.999999 
0.000646 0.002206 0.999997 -0.003118 0.000898 0.999995 -0.003126 0.000921 0.999995 0.000615 0.002290 0.999997 
0.000634 0.002513 0.999997 -0.015918 0.003942 0.999866 -0.015909 0.004043 0.999865 0.000659 0.002883 0.999996 
0.000747 0.003283 0.999994 -0.031596 0.007038 0.999476 -0.031573 0.007236 0.999475 0.000818 0.004006 0.999992 
0.000564 0.002525 0.999997 -0.034972 0.007651 0.999359 -0.034941 0.007868 0.999358 0.000664 0.003320 0.999994 
0.000348 0.001580 0.999999 -0.013642 0.002946 0.999903 -0.013633 0.003031 0.999902 0.000373 0.001892 0.999998 
0.000297 0.001346 0.999999 -0.008587 0.001855 0.999961 -0.008584 0.001909 0.999961 0.000305 0.001544 0.999999 
0.150592 -0.266595 0.951971 0.000349 0.002025 0.999998 0.000310 -0.000059 1.000000 0.003871 -0.001066 0.999992 -0.002503 -0.001405 0.999996 0.092858 -0.039321 0.994903 
0.131169 -0.218231 0.967042 0.000505 0.003334 0.999994 -0.003077 0.000523 0.999995 0.002256 -0.000637 0.999997 -0.001181 -0.000707 0.999999 0.074618 -0.031317 0.996720 
0.122672 -0.191138 0.973868 0.002910 0.028049 0.999602 -0.049703 0.005990 0.998746 -0.005368 0.001654 0.999984 -0.007658 -0.004873 0.999959 0.051587 -0.021326 0.998441 
0.113014 -0.174937 0.978072 0.004477 0.066302 0.997790 -0.131764 0.010125 0.991229 -0.017807 0.005983 0.999824 -0.004347 -0.002791 0.999987 0.019193 -0.007974 0.999784 
0.109287 -0.174996 0.978485 0.004765 0.097051 0.995268 -0.188828 0.009188 0.981967 -0.030830 0.011091 0.999463 -0.001585 -0.000985 0.999998 -0.001780 0.000757 0.999998 
0.108282 -0.180707 0.977558 0.005642 0.106197 0.994329 -0.192653 0.009727 0.981219 -0.037012 0.013904 0.999218 -0.000971 -0.000579 0.999999 -0.004809 0.002113 0.999986 
0.100094 -0.170306 0.980294 0.007049 0.094454 0.995504 -0.161181 0.012463 0.986846 -0.033280 0.012656 0.999366 -0.000745 -0.000436 1.000000 0.001355 -0.000613 0.999999 
0.081832 -0.139779 0.986795 0.007661 0.075900 0.997086 -0.118101 0.012992 0.992917 -0.022902 0.008546 0.999701 -0.001651 -0.000962 0.999998 0.008724 -0.004009 0.999954 
0.058998 -0.100449 0.993191 0.006608 0.054382 0.998498 -0.074574 0.010113 0.997164 -0.013548 0.004793 0.999897 -0.001707 -0.000998 0.999998 0.011827 -0.005406 0.999915 
0.042252 -0.072795 0.996452 0.006100 0.048107 0.998824 -0.066182 0.009387 0.997763 -0.011817 0.003956 0.999922 0.001288 0.000745 0.999999 0.005090 -0.002279 0.999984 
0.019639 -0.033591 0.999243 0.006293 0.047211 0.998865 -0.058786 0.008745 0.998232 -0.009544 0.002903 0.999950 0.010133 0.005907 0.999931 -0.005474 0.002352 0.999982 
-0.000441 0.000727 1.000000 0.006861 0.047608 0.998843 -0.053658 0.008577 0.998523 -0.007367 0.001957 0.999971 0.018676 0.011291 0.999762 -0.015340 0.006230 0.999863 
-0.000599 0.000973 0.999999 0.007833 0.056444 0.998375 -0.047609 0.007348 0.998839 -0.007440 0.001913 0.999970 0.026207 0.016072 0.999527 -0.013799 0.005495 0.999890 
-0.001579 0.002546 0.999996 0.008920 0.067209 0.997699 -0.040903 0.006062 0.999145 -0.007185 0.001813 0.999973 0.036487 0.022526 0.999080 -0.012522 0.004921 0.999909 
-0.002053 0.003296 0.999992 0.010145 0.079067 0.996818 -0.035010 0.005034 0.999374 -0.007232 0.001802 0.999972 0.044975 0.027884 0.998599 -0.010805 0.004208 0.999933 
-0.004350 0.007008 0.999966 0.011894 0.089003 0.995960 -0.030645 0.004571 0.999520 -0.004878 0.001214 0.999987 0.054282 0.033525 0.997963 -0.009506 0.003718 0.999948 
-0.009146 0.015027 0.999845 0.014799 0.093724 0.995488 -0.029690 0.005151 0.999546 0.001747 -0.000435 0.999998 0.065141 0.039372 0.997099 -0.009149 0.003653 0.999951 
-0.015731 0.026611 0.999522 0.017817 0.095616 0.995259 -0.030537 0.006165 0.999515 0.011706 -0.002917 0.999927 0.078315 0.045810 0.995876 -0.009347 0.003828 0.999949 
-0.021466 0.037469 0.999067 0.020084 0.096844 0.995097 -0.029347 0.006548 0.999548 0.020755 -0.005199 0.999771 0.089667 0.050628 0.994684 -0.008993 0.003764 0.999952 
-0.025208 0.045243 0.998658 0.021931 0.098037 0.994941 -0.023544 0.005654 0.999707 0.027223 -0.006885 0.999606 0.097974 0.053616 0.993744 -0.007310 0.003124 0.999968 
-0.027197 0.049614 0.998398 0.023438 0.099993 0.994712 -0.015365 0.003869 0.999874 0.031143 -0.007961 0.999483 0.104471 0.056113 0.992944 -0.004980 0.002164 0.999985 
-0.028172 0.051624 0.998269 0.024757 0.103897 0.994280 -0.005578 0.001432 0.999983 0.032937 -0.008508 0.999421 0.109499 0.058463 0.992266 -0.002140 0.000940 0.999997 
-0.028782 0.052471 0.998208 0.025457 0.107007 0.993932 0.000712 -0.000183 1.000000 0.034019 -0.008895 0.999382 0.112890 0.060532 0.991762 -0.000299 0.000132 1.000000 
-0.027812 0.049996 0.998362 0.013404 -0.003320 0.999905 0.017601 0.069196 0.997448 0.109018 0.059374 0.992265 -0.014028 0.005997 0.999884 
-0.020785 0.036365 0.999122 0.007630 0.019045 0.999790 0.003354 -0.000801 0.999994 0.120622 0.067727 0.990385 -0.021078 0.009027 0.999737 -0.032211 0.013003 0.999396 
-0.008148 0.013930 0.999870 0.004603 0.009483 0.999944 -0.016588 0.003816 0.999855 0.125511 0.072720 0.989423 -0.045149 0.023244 0.998710 -0.038525 0.013608 0.999165 
-0.000185 0.000306 1.000000 0.008761 0.017456 0.999809 -0.048778 0.010809 0.998751 0.114864 0.069154 0.990971 -0.087394 0.046323 0.995096 -0.048622 0.016013 0.998689 
0.000289 -0.000475 1.000000 0.013587 0.028446 0.999503 -0.057357 0.012266 0.998278 0.123569 0.074784 0.989514 -0.092978 0.046822 0.994567 -0.056534 0.018233 0.998234 
-0.001223 0.002199 0.999997 0.092100 0.250614 0.963696 -0.035313 0.006855 0.999353 0.147048 0.081336 0.985779 0.103304 -0.044743 0.993643 -0.059608 0.019290 0.998035 
-0.004554 0.009785 0.999942 0.046174 0.229293 0.972262 0.008047 -0.000955 0.999967 0.209116 0.096224 0.973145 0.172829 -0.047413 0.983810 -0.047377 0.011997 0.998805 
0.000247 -0.000518 1.000000 0.000419 0.001640 0.999999 0.027607 -0.002110 0.999617 0.251413 0.119349 0.960493 -0.089364 0.025104 0.995683 0.010796 -0.001895 0.999940 
0.002605 -0.004816 0.999985 0.000151 0.000554 1.000000 0.033133 -0.001965 0.999449 0.254246 0.137452 0.957322 -0.035469 0.010576 0.999315 0.001062 -0.000159 0.999999 
0.002360 -0.004220 0.999988 0.001472 0.005357 0.999985 0.039641 -0.002145 0.999212 0.259265 0.144893 0.954876 -0.015341 0.004612 0.999872 0.002269 -0.000323 0.999997 
0.004658 -0.008246 0.999955 0.001282 0.004667 0.999988 0.045809 -0.002501 0.998947 0.262285 0.148542 0.953489 -0.004552 0.001369 0.999989 0.006917 -0.000990 0.999976 
0.005921 -0.010492 0.999927 0.002434 0.008778 0.999959 0.054580 -0.003040 0.998505 0.269970 0.153088 0.950621 -0.000277 0.000084 1.000000 0.016080 -0.002316 0.999868 
0.004997 -0.008794 0.999949 0.002258 0.008147 0.999964 0.065050 -0.003479 0.997876 0.276590 0.157717 0.947957 -0.000280 0.000085 1.000000 0.026506 -0.003747 0.999642 
-0.000180 0.000311 1.000000 0.002784 0.010097 0.999945 0.075132 -0.003574 0.997167 0.280234 0.160890 0.946353 -0.000618 0.000187 1.000000 0.035040 -0.004712 0.999375 
-0.009512 0.016114 0.999825 0.003954 0.014342 0.999889 0.082835 -0.003228 0.996558 0.277897 0.160976 0.947027 -0.000558 0.000168 1.000000 0.039556 -0.004919 0.999205 
-0.023699 0.039379 0.998943 0.007098 0.025755 0.999643 0.085709 -0.002510 0.996317 0.270583 0.156640 0.949868 -0.000501 0.000151 1.000000 0.037598 -0.004268 0.999284 
-0.038076 0.061285 0.997394 0.014991 0.057678 0.998223 0.076246 -0.001454 0.997088 0.252933 0.148835 0.955967 -0.000480 0.000137 1.000000 0.026391 -0.002816 0.999648 
-0.050568 0.078629 0.995621 0.020136 0.081232 0.996492 0.066116 -0.000587 0.997812 0.241799 0.145616 0.959338 -0.000387 0.000106 1.000000 0.012913 -0.001267 0.999916 
-0.061479 0.093975 0.993674 0.022901 0.092457 0.995453 0.062086 -0.000054 0.998071 0.243164 0.147076 0.958770 -0.000254 0.000069 1.000000 0.003128 -0.000274 0.999995 
-0.063556 0.100139 0.992942 0.011847 0.046647 0.998841 0.054449 0.001010 0.998516 0.247571 0.144372 0.958053 0.003725 -0.001043 0.999993 -0.018704 0.001110 0.999824 
-0.064304 0.107744 0.992097 0.010503 0.049031 0.998742 0.038471 0.001639 0.999258 0.258220 0.140174 0.955863 -0.003652 0.000874 0.999993 -0.036536 0.001269 0.999332 
-0.063033 0.122467 0.990469 0.006641 0.049727 0.998741 0.016167 0.001342 0.999868 0.269857 0.123833 0.954905 -0.027933 0.004378 0.999600 -0.058082 -0.000247 0.998312 
-0.059353 0.135883 0.988945 0.002708 0.061589 0.998098 0.000074 0.000009 1.000000 0.283666 0.107484 0.952880 -0.040825 0.002680 0.999163 -0.075494 -0.003116 0.997141 
-0.059799 0.142244 0.988024 0.000121 0.035877 0.999356 0.003083 0.000465 0.999995 0.300370 0.107433 0.947753 -0.055799 0.001422 0.998441 -0.074879 -0.005462 0.997178 
-0.062432 0.142556 0.987816 -0.000147 0.039049 0.999237 0.020725 0.003389 0.999779 0.311088 0.115479 0.943339 -0.050297 0.000925 0.998734 -0.054210 -0.004761 0.998518 
-0.062897 0.138617 0.988347 -0.000473 0.042478 0.999097 0.045432 0.007876 0.998936 0.334832 0.127903 0.933557 -0.043179 0.000481 0.999067 -0.025246 -0.002506 0.999678 
-0.060028 0.133123 0.989280 -0.000051 0.007977 0.999968 0.078914 0.014106 0.996782 0.354858 0.134030 0.925263 0.003732 -0.000066 0.999993 -0.000212 -0.000023 1.000000 
-0.067055 0.148382 0.986654 -0.000097 0.025116 0.999685 0.083919 0.014681 0.996364 0.369573 0.135642 0.919248 0.002699 -0.000055 0.999996 0.002816 0.000303 0.999996 
-0.076498 0.170133 0.982447 -0.000086 0.025913 0.999664 0.091629 0.015830 0.995667 0.378291 0.132712 0.916124 0.004428 -0.000092 0.999990 0.005092 0.000551 0.999987 
-0.087598 0.192946 0.977291 -0.000076 0.027699 0.999616 0.100744 0.017553 0.994758 0.003516 -0.000075 0.999994 0.385024 0.130821 0.913588 0.010093 0.001146 0.999948 
-0.100546 0.215248 0.971370 -0.000111 0.040569 0.999177 0.109407 0.019560 0.993805 0.003171 -0.000068 0.999995 0.388810 0.130901 0.911971 0.016454 0.002013 0.999863 
-0.114837 0.236839 0.964738 -0.000369 0.065412 0.997858 0.115864 0.021299 0.993037 0.002839 -0.000053 0.999996 0.390167 0.131829 0.911258 0.022239 0.002906 0.999748 
-0.127051 0.252934 0.959105 -0.002071 0.103449 0.994633 0.118028 0.022241 0.992761 0.001609 -0.000007 0.999999 0.394169 0.134086 0.909204 0.026242 0.003542 0.999649 
-0.138593 0.272263 0.952190 -0.002843 0.129997 0.991510 0.120368 0.022571 0.992473 0.001296 -0.000003 0.999999 0.402447 0.132534 0.905799 0.026869 0.003677 0.999632 
-0.150843 0.295513 0.943355 -0.003414 0.155491 0.987831 0.118192 0.021899 0.992749 0.001123 -0.000003 0.999999 0.403970 0.127054 0.905906 0.021051 0.002901 0.999774 
-0.163476 0.321312 0.932756 -0.003790 0.182277 0.983240 0.111986 0.020421 0.993500 0.000962 -0.000004 1.000000 0.399305 0.119330 0.909019 0.010056 0.001390 0.999948 
-0.173264 0.343874 0.922892 -0.003693 0.212301 0.977197 0.106387 0.019017 0.994143 -0.000882 0.000006 1.000000 0.393952 0.111674 0.912322 0.002446 0.000337 0.999997 
-0.186568 0.367016 0.911313 -0.004314 0.244051 0.969753 0.106454 0.018673 0.994142 -0.008875 0.000044 0.999961 0.398678 0.106886 0.910841 0.002610 0.000358 0.999997 
-0.200821 0.391691 0.897914 -0.002457 0.270747 0.962647 0.107711 0.018277 0.994014 -0.017165 0.000190 0.999853 0.404212 0.101033 0.909068 0.002798 0.000382 0.999996 
-0.215054 0.419292 0.882013 0.003515 0.286963 0.957935 0.111980 0.017831 0.993551 -0.021980 0.000677 0.999758 0.413677 0.092062 0.905757 0.003007 0.000408 0.999995 
-0.229559 0.445661 0.865268 0.007965 0.305957 0.952012 0.115980 0.017447 0.993098 -0.024748 0.001073 0.999693 0.421168 0.082902 0.903186 0.003316 0.000447 0.999994 
-0.245482 0.471271 0.847138 0.011391 0.333235 0.942775 0.119267 0.017079 0.992715 -0.025656 0.001300 0.999670 0.426418 0.074038 0.901491 0.003707 0.000497 0.999993 
-0.263366 0.496832 0.826920 0.013589 0.368424 0.929559 -0.029932 0.001524 0.999551 0.419553 0.054936 0.906067 0.075096 0.010296 0.997123 0.430945 0.064866 0.900044 0.004024 0.000532 0.999992 
0.016621 0.406452 0.913521 0.076400 0.010084 0.997026 0.069669 0.009050 0.997529 -0.035411 0.001823 0.999371 -0.283334 0.523889 0.803282 0.420749 0.045062 0.906057 
0.020979 0.454836 0.890328 0.075518 0.009413 0.997100 0.070285 0.008609 0.997490 -0.043768 0.002221 0.999039 -0.307181 0.548616 0.777599 0.422279 0.036071 0.905748 
0.026474 0.501044 0.865017 0.075316 0.008852 0.997120 0.070657 0.008155 0.997467 -0.051772 0.002618 0.998655 -0.332734 0.573552 0.748549 0.421820 0.025591 0.906319 
0.027551 0.550643 0.834286 0.075364 0.008595 0.997119 0.070773 0.007809 0.997462 -0.055579 0.002339 0.998452 -0.360811 0.595705 0.717600 0.418840 0.016028 0.907919 
0.024033 0.606283 0.794886 0.076259 0.008678 0.997050 0.071115 0.007671 0.997439 -0.055830 0.001521 0.998439 -0.396460 0.614668 0.681911 0.413421 0.007902 0.910506 
-0.444703 0.624230 0.642321 -0.000714 -0.058303 0.998299 0.025996 0.661585 0.749419 0.408024 0.002949 0.912967 0.075152 0.008967 0.997132 -0.822684 0.530333 0.204790 0.031155 0.028315 0.999113 
-0.006570 -0.007253 0.999952 -0.501047 0.626474 0.597061 0.395830 0.000803 0.918324 0.071871 0.010229 0.997361 0.475138 -0.821868 0.314287 -0.139590 0.280959 0.949514 0.018183 0.699389 0.714510 0.000006 -0.002092 0.999998 
-0.570717 0.615403 0.543655 0.423586 -0.368064 0.827710 0.377810 0.001142 0.925883 0.065114 0.011242 0.997814 -0.771552 0.202075 0.603219 0.008890 0.011492 0.999894 0.006234 0.743964 0.668191 -0.000458 0.012409 0.999923 
-0.651439 0.580252 0.488810 0.252163 -0.203042 0.946144 0.361160 0.001470 0.932503 0.056721 0.011165 0.998328 -0.758291 -0.306913 0.575151 0.013329 0.017746 0.999754 0.009515 0.789396 0.613811 -0.000764 0.019238 0.999815 
-0.737643 0.509213 0.443380 0.351016 -0.294335 0.888906 0.355903 -0.003184 0.934518 0.053836 0.010998 0.998489 -0.782693 -0.113596 0.611953 0.010196 0.013646 0.999855 0.050717 0.822057 0.567142 -0.000842 0.023471 0.999724 
0.053926 0.012424 0.998468 -0.729606 -0.194880 0.655513 0.012113 0.016243 0.999795 0.313386 -0.285960 0.905548 -0.796585 0.407467 0.446567 0.381721 0.003709 0.924270 0.064850 0.848088 0.525872 -0.000701 0.020510 0.999789 
0.052629 0.013770 0.998519 -0.677011 -0.279692 0.680756 0.013726 0.018416 0.999736 0.245858 -0.240348 0.939035 -0.837079 0.342228 0.426825 0.375606 0.005841 0.926761 0.044284 0.862255 0.504534 -0.000691 0.022467 0.999747 
0.054063 0.016062 0.998408 -0.598318 -0.347539 0.721964 0.015783 0.021122 0.999652 0.137391 -0.153669 0.978524 -0.859312 0.321450 0.397810 0.349425 0.010992 0.936900 -0.008908 0.860450 0.509457 -0.000520 0.025385 0.999678 
0.045047 0.014600 0.998878 -0.473969 -0.399272 0.784816 0.019817 0.026387 0.999455 -0.031070 0.040035 0.998715 -0.001518 0.142717 0.989762 -0.872711 0.304929 0.381306 0.332283 0.019797 0.942972 
0.038103 0.013308 0.999185 -0.333710 -0.375337 0.864731 0.019468 0.025511 0.999485 -0.213507 0.307006 0.927449 -0.000538 0.136977 0.990574 -0.890619 0.268167 0.367265 0.320642 0.027061 0.946814 
0.032740 0.012374 0.999387 -0.285807 -0.318225 0.903906 0.012646 0.016256 0.999788 -0.273077 0.464243 0.842560 0.000203 0.122368 0.992485 -0.909895 0.221318 0.350870 0.307957 0.032642 0.950840 
0.025031 0.010178 0.999635 -0.317388 -0.316688 0.893853 -0.000827 -0.001043 0.999999 -0.235455 0.534905 0.811441 0.000931 0.098331 0.995153 -0.929065 0.167955 0.329589 0.290801 0.036339 0.956093 
0.012842 0.005533 0.999902 -0.389042 -0.342179 0.855313 -0.020937 -0.025844 0.999447 -0.153926 0.568185 0.808376 0.001003 0.062004 0.998075 -0.947302 0.105264 0.302555 0.268102 0.037854 0.962646 
-0.003723 -0.001674 0.999992 -0.476394 -0.376742 0.794427 -0.045619 -0.055542 0.997414 -0.063015 0.566008 0.821988 -0.961500 0.033267 0.272782 0.242086 0.037654 0.969524 0.041851 0.908452 0.415888 -0.001855 -0.148190 0.988957 
-0.023904 -0.011106 0.999653 -0.549158 -0.422237 0.721209 -0.071561 -0.087379 0.993602 0.000769 -0.147046 0.989129 0.105763 0.911113 0.398357 -0.969304 -0.057949 0.238939 0.211443 0.034803 0.976770 
-0.045502 -0.021571 0.998731 -0.590931 -0.470098 0.655598 -0.094314 -0.117515 0.988582 0.004625 -0.190683 0.981641 0.174370 0.898608 0.402614 -0.966644 -0.147492 0.209392 0.183059 0.031598 0.982594 
-0.070945 -0.033754 0.996909 -0.570710 -0.547782 0.611740 -0.111456 -0.145058 0.983125 0.010383 -0.212619 0.977080 0.242293 0.880828 0.406738 0.176211 0.030021 0.983895 -0.961889 -0.210399 0.174647 
-0.097554 -0.046833 0.994128 -0.499731 -0.624746 0.599967 -0.120224 -0.164895 0.978957 0.014573 -0.210109 0.977569 0.305919 0.859349 0.409795 0.145162 0.024703 0.989099 
-0.126996 -0.183907 0.974705 -0.123247 -0.059860 0.990569 0.017061 -0.194191 0.980815 0.361856 0.834263 0.416013 0.113478 0.019225 0.993355 
-0.128153 -0.194560 0.972483 0.082863 0.013926 0.996464 -0.333010 -0.164169 0.928522 0.018135 -0.175702 0.984276 0.412290 0.805760 0.425168 
-0.129614 -0.203810 0.970393 0.053309 0.008864 0.998539 -0.353580 -0.177245 0.918458 0.018085 -0.158705 0.987160 0.455720 0.776528 0.435114 
0.017207 -0.143821 0.989454 0.025272 0.004166 0.999672 -0.067026 -0.107459 0.991948 0.494231 0.747537 0.443762 -0.373044 -0.189659 0.908222 
0.015693 -0.129981 0.991392 -0.002002 -0.000326 0.999998 -0.071004 -0.114266 0.990910 0.529273 0.717468 0.452891 -0.391075 -0.201554 0.898018 
0.013596 -0.115581 0.993205 -0.026899 -0.004346 0.999629 -0.074377 -0.119199 0.990081 0.560834 0.686050 0.463466 -0.406994 -0.212953 0.888261 
0.011193 -0.100819 0.994842 -0.050889 -0.008128 0.998671 -0.077625 -0.123048 0.989360 0.588155 0.654893 0.474540 -0.421740 -0.223816 0.878659 
0.008642 -0.085213 0.996325 -0.073854 -0.011634 0.997201 -0.080703 -0.125890 0.988756 0.611478 0.624467 0.485938 -0.435613 -0.234167 0.869141 
0.006116 -0.068543 0.997629 -0.095212 -0.014804 0.995347 -0.083445 -0.127633 0.988305 0.630886 0.595213 0.497699 -0.448619 -0.243861 0.859810 
-0.085640 -0.128112 0.988055 0.003785 -0.050555 0.998714 -0.114844 -0.017624 0.993227 0.646264 0.567612 0.510059 -0.460630 -0.252735 0.850850 
-0.087083 -0.127201 0.988047 0.001842 -0.031242 0.999510 -0.132381 -0.020026 0.990997 0.657995 0.542546 0.522194 -0.471486 -0.260535 0.842510 
-0.087586 -0.124780 0.988311 0.000446 -0.010612 0.999944 0.872006 -0.454628 0.181434 -0.147787 -0.021948 0.988776 0.667137 0.520545 0.532881 -0.481038 -0.266981 0.835059 
-0.086948 -0.120745 0.988868 -0.000281 0.011477 0.999934 0.875726 -0.441622 0.195125 -0.160886 -0.023335 0.986697 0.674122 0.501759 0.542030 -0.489262 -0.271919 0.828663 
-0.084967 -0.114964 0.989729 -0.000237 0.035244 0.999379 0.877834 -0.432282 0.206250 -0.171764 -0.024144 0.984842 0.680154 0.485875 0.548923 -0.496216 -0.275156 0.823443 
-0.081385 -0.107273 0.990893 0.000680 0.061246 0.998122 0.878553 -0.426563 0.214914 -0.180436 -0.024339 0.983286 0.685279 0.472708 0.554022 -0.501982 -0.276751 0.819404 
-0.075982 -0.097540 0.992327 0.002643 0.090144 0.995925 0.877798 -0.424747 0.221496 -0.187072 -0.023994 0.982053 0.689768 0.461398 0.557972 -0.506862 -0.276885 0.816349 
-0.068825 -0.085949 0.993919 0.005794 0.121325 0.992596 0.876618 -0.425138 0.225387 -0.191306 -0.023120 0.981258 0.694194 0.452078 0.560107 -0.510925 -0.275298 0.814351 
-0.059983 -0.072785 0.995542 0.010167 0.154284 0.987974 0.875800 -0.426021 0.226892 -0.193618 -0.021767 0.980835 0.699227 0.444651 0.559793 -0.514183 -0.271972 0.813417 
-0.049213 -0.058030 0.997101 0.015753 0.189576 0.981740 0.872940 -0.431903 0.226795 -0.194037 -0.019978 0.980791 0.703227 0.439437 0.558898 -0.515835 -0.267712 0.813784 
-0.037395 -0.042926 0.998378 0.022255 0.221574 0.974890 0.868985 -0.443888 0.218698 -0.186347 -0.018157 0.982316 0.699663 0.444473 0.559388 -0.514532 -0.262348 0.816352 
-0.027384 -0.030738 0.999152 0.027014 0.242522 0.969770 0.868557 -0.451495 0.204352 -0.173548 -0.016591 0.984686 0.692386 0.459498 0.556294 -0.510540 -0.254941 0.821190 
0.028691 0.249178 0.968033 -0.439203 -0.453676 0.775422 -0.016484 -0.018194 0.999699 0.869402 -0.457656 0.186255 -0.157707 -0.015008 0.987372 0.686281 0.478105 0.548118 -0.504657 -0.245889 0.827563 
0.027450 0.244028 0.969380 -0.459024 -0.438992 0.772388 -0.013135 -0.014335 0.999811 -0.140489 -0.013282 0.989993 0.679280 0.500051 0.537148 -0.496972 -0.236017 0.835054 
0.024426 0.230748 0.972707 -0.476796 -0.432292 0.765369 -0.011825 -0.012835 0.999848 -0.123014 -0.011535 0.992338 0.669608 0.524369 0.525987 -0.488182 -0.226029 0.842965 
0.020825 0.213862 0.976642 -0.487852 -0.431272 0.758950 -0.011224 -0.012187 0.999863 -0.105877 -0.009806 0.994331 0.658389 0.547853 0.516122 -0.479130 -0.216565 0.850608 
0.017452 0.196893 0.980270 -0.490048 -0.433278 0.756388 -0.010159 -0.011086 0.999887 -0.088796 -0.008114 0.996017 0.645323 0.571111 0.507336 -0.469585 -0.207674 0.858115 
0.014345 0.185390 0.982560 -0.487596 -0.406286 0.772775 -0.007221 -0.007902 0.999943 -0.069523 -0.006388 0.997560 0.631592 0.594261 0.497941 -0.457325 -0.199390 0.866659 
0.012364 0.171268 0.985147 -0.043492 -0.004296 0.999045 0.609657 0.627436 0.484399 -0.438664 -0.191752 0.877955 -0.492802 -0.381529 0.782037 -0.002631 -0.002878 0.999992 
-0.010643 -0.001170 0.999943 -0.413140 -0.182657 0.892161 0.010361 0.145160 0.989354 0.580896 0.669936 0.462325 -0.510559 -0.358157 0.781699 0.001470 0.001596 0.999998 
0.029649 0.003707 0.999554 -0.379080 -0.171351 0.909361 -0.548302 -0.327162 0.769630 0.007385 0.104734 0.994473 0.535243 0.722008 0.438428 0.005681 0.006073 0.999965 
0.073804 0.010568 0.997217 -0.338626 -0.158203 0.927526 -0.601534 -0.277133 0.749236 -0.088676 -0.092640 0.991743 0.003349 0.050897 0.998698 0.464948 0.779920 0.418985 
0.118935 0.019036 0.992720 -0.300363 -0.142495 0.943121 -0.087062 -0.088326 0.992280 -0.648721 -0.201279 0.733927 -0.000639 -0.011389 0.999935 0.371893 0.834977 0.405598 
-0.076339 -0.037188 0.996388 -0.086280 -0.085560 0.992590 -0.678497 -0.140420 0.721057 -0.004390 -0.082017 0.996621 0.279408 0.876066 0.392989 0.160519 0.028557 0.986619 
-0.048022 -0.023535 0.998569 -0.086046 -0.084309 0.992718 -0.700026 -0.092924 0.708045 -0.007153 -0.147133 0.989091 0.200865 0.895923 0.396200 0.194693 0.036453 0.980187 -0.939858 -0.280545 0.194837 
-0.025792 -0.012581 0.999588 -0.084847 -0.083305 0.992905 -0.707890 -0.076316 0.702187 -0.008759 -0.194991 0.980766 0.141369 0.909772 0.390295 0.223109 0.042777 0.973854 -0.948885 -0.223245 0.223113 
-0.004074 -0.001999 0.999990 -0.082319 -0.081583 0.993261 -0.710007 -0.075110 0.700178 -0.009997 -0.234922 0.971963 0.074342 0.918090 0.389338 -0.949678 -0.179804 0.256479 0.228736 0.045114 0.972443 
-0.001271 -0.033325 0.999444 0.016934 0.008417 0.999821 -0.078412 -0.078827 0.993800 -0.706666 -0.086660 0.702220 -0.947938 -0.149647 0.281103 0.252631 0.050857 0.966225 
-0.001688 -0.049093 0.998793 0.030296 0.015167 0.999426 -0.073878 -0.075228 0.994426 -0.696056 -0.106700 0.710015 -0.946677 -0.123011 0.297776 0.268572 0.054433 0.961720 
-0.001693 -0.049074 0.998794 0.037026 0.018652 0.999140 -0.068668 -0.070974 0.995112 -0.679350 -0.132566 0.721741 -0.944913 -0.105737 0.309772 0.279867 0.057191 0.958334 
-0.001567 -0.043754 0.999041 0.041520 0.021013 0.998917 -0.660434 -0.155348 0.734638 -0.063488 -0.066496 0.995765 -0.942781 -0.097414 0.318863 0.288585 0.058982 0.955636 
-0.001451 -0.039575 0.999216 0.046292 0.023536 0.998651 -0.643627 -0.169515 0.746330 -0.058748 -0.062092 0.996340 -0.940335 -0.090567 0.327976 0.297240 0.061109 0.952845 
-0.001459 -0.038776 0.999247 0.052261 0.026655 0.998278 -0.633037 -0.171229 0.754947 -0.055013 -0.058253 0.996785 -0.938874 -0.081793 0.334404 0.303208 0.062513 0.950872 
-0.001227 -0.031758 0.999495 0.052169 0.026630 0.998283 -0.627523 -0.168939 0.760049 -0.052822 -0.055910 0.997038 -0.938325 -0.079390 0.336517 0.305169 0.063012 0.950211 
-0.001132 -0.028043 0.999606 0.051713 0.026440 0.998312 -0.627228 -0.162399 0.761716 -0.051792 -0.054570 0.997166 -0.937012 -0.080159 0.339975 0.308464 0.064133 0.949072 
-0.001131 -0.027125 0.999631 0.051708 0.026444 0.998312 -0.632510 -0.145231 0.760815 -0.052065 -0.054190 0.997172 -0.937169 -0.081124 0.339313 0.307857 0.063986 0.949279 
-0.001187 -0.028114 0.999604 0.051530 0.026350 0.998324 -0.052970 -0.054291 0.997119 -0.641897 -0.120244 0.757304 -0.936927 -0.080606 0.340105 0.308561 0.064308 0.949028 
-0.000837 -0.025435 0.999676 0.051025 0.025884 0.998362 -0.053971 -0.054698 0.997043 -0.634937 -0.088287 0.767502 -0.939443 -0.083551 0.332364 0.301405 0.061681 0.951499 
-0.000363 -0.013428 0.999910 0.045058 0.022237 0.998737 -0.054304 -0.055610 0.996975 -0.625343 -0.098748 0.774077 -0.943973 -0.070959 0.322302 0.291847 0.057111 0.954758 
0.000211 0.008200 0.999966 0.035579 0.016996 0.999222 -0.602359 -0.148776 0.784238 -0.051087 -0.053987 0.997234 -0.945784 -0.056289 0.319880 0.289699 0.054099 0.955588 
0.000604 0.027560 0.999620 0.031152 0.014712 0.999406 -0.558248 -0.205431 0.803839 -0.044408 -0.048843 0.997819 -0.945223 -0.042729 0.323615 0.293191 0.053595 0.954550 
0.000678 0.040245 0.999190 0.033041 0.015621 0.999332 -0.507906 -0.245146 0.825794 -0.037080 -0.042339 0.998415 -0.943982 -0.041581 0.327367 0.296969 0.053867 0.953367 
0.038252 0.018168 0.999103 -0.466636 -0.269214 0.842481 -0.031257 -0.036954 0.998828 -0.032063 0.575244 0.817353 -0.000031 -0.002316 0.999997 -0.943218 -0.041938 0.329516 0.299075 0.054341 0.952681 
0.042613 0.020163 0.998888 -0.434091 -0.286452 0.854114 -0.028818 -0.035003 0.998972 -0.069233 0.590085 0.804367 -0.000041 -0.004118 0.999992 -0.942961 -0.040110 0.330478 0.300139 0.053898 0.952372 
0.046401 0.021788 0.998685 -0.431310 -0.302496 0.849981 -0.030919 -0.038087 0.998796 -0.077288 0.594120 0.800655 -0.000083 -0.019157 0.999816 -0.940966 -0.031970 0.336987 0.306363 0.054492 0.950354 
0.049831 0.023364 0.998484 -0.442547 -0.318687 0.838207 -0.035057 -0.043475 0.998439 -0.071122 0.592174 0.802665 0.000086 -0.040059 0.999197 -0.937564 -0.021248 0.347163 0.315818 0.056391 0.947143 
0.049530 0.023269 0.998502 -0.462964 -0.326943 0.823877 -0.039509 -0.048862 0.998024 -0.053936 0.585013 0.809229 0.000365 -0.054852 0.998494 -0.935933 -0.016984 0.351767 0.320024 0.057490 0.945664 
0.049181 0.023352 0.998517 -0.468084 -0.313462 0.826220 -0.042831 -0.052595 0.997697 -0.032730 0.598222 0.800662 0.000438 -0.063424 0.997987 -0.938685 -0.040039 0.342442 0.311437 0.057581 0.948521 
0.047574 0.023498 0.998591 -0.477942 -0.290806 0.828856 -0.042330 -0.051299 0.997786 -0.019465 0.588129 0.808533 -0.000016 -0.059771 0.998212 -0.935534 -0.090232 0.341517 0.311307 0.061434 0.948322 
0.000078 0.011616 0.999933 0.042606 0.021509 0.998860 -0.488832 -0.250188 0.835733 -0.041229 -0.048273 0.997983 -0.937630 -0.111709 0.329198 0.299664 0.059410 0.952193 
0.000658 0.037301 0.999304 0.034895 0.017649 0.999235 -0.504095 -0.202639 0.839539 -0.039235 -0.044036 0.998259 -0.937612 -0.123360 0.325063 0.295997 0.058036 0.953424 
0.001657 0.061063 0.998133 0.030041 0.015132 0.999434 -0.512866 -0.158784 0.843656 -0.037310 -0.040267 0.998492 -0.939321 -0.127835 0.318330 0.289543 0.056281 0.955509 
0.002796 0.082838 0.996559 0.025265 0.012660 0.999601 -0.518388 -0.122530 0.846321 -0.036243 -0.037849 0.998626 -0.941332 -0.133462 0.309971 0.281509 0.054116 0.958031 
0.003752 0.100957 0.994884 0.019780 0.009867 0.999756 -0.036160 -0.036904 0.998664 -0.523464 -0.096325 0.846585 -0.941710 -0.146539 0.302833 0.274742 0.052212 0.960099 
0.015185 0.007542 0.999856 -0.036851 -0.037148 0.998630 -0.528639 -0.080617 0.845010 -0.004093 -0.107809 0.994163 0.036224 0.906641 0.420344 -0.941820 -0.155667 0.297897 0.269952 0.051207 0.961511 
0.012460 0.006173 0.999903 -0.038038 -0.038250 0.998544 -0.532849 -0.077641 0.842641 -0.003892 -0.106897 0.994262 0.044846 0.907011 0.418713 -0.942005 -0.157406 0.296395 0.268461 0.051001 0.961939 
0.012521 0.006216 0.999902 -0.039551 -0.039965 0.998418 -0.536740 -0.083648 0.839591 -0.004092 -0.113032 0.993583 0.044739 0.907402 0.417875 -0.941429 -0.160305 0.296672 0.268667 0.051460 0.961857 
0.014110 0.007038 0.999876 -0.041060 -0.041914 0.998277 -0.539467 -0.096597 0.836447 -0.004470 -0.122379 0.992473 0.038104 0.908655 0.415805 -0.940669 -0.161502 0.298426 0.270305 0.052286 0.961354 
0.003003 0.082923 0.996551 0.016312 0.008182 0.999833 -0.042249 -0.043716 0.998150 -0.539709 -0.113922 0.834108 -0.939818 -0.162126 0.300761 0.272498 0.053288 0.960680 
0.002544 0.072835 0.997341 0.018077 0.009100 0.999795 -0.537034 -0.133233 0.832973 -0.043091 -0.045265 0.998045 -0.939610 -0.162241 0.301347 0.273009 0.053709 0.960511 
0.002263 0.067540 0.997714 0.018086 0.009111 0.999795 -0.531771 -0.152295 0.833082 -0.043642 -0.046531 0.997963 -0.939856 -0.163896 0.299681 0.271375 0.053383 0.960992 
0.002219 0.068132 0.997674 0.015781 0.007941 0.999844 -0.524917 -0.168269 0.834355 -0.043930 -0.047419 0.997909 -0.940142 -0.168833 0.296021 0.267831 0.052458 0.962037 
0.012636 0.006353 0.999900 -0.519876 -0.178804 0.835319 -0.044419 -0.048314 0.997844 -0.004024 -0.126968 0.991899 0.034248 0.913082 0.406336 -0.940372 -0.175626 0.291301 0.263265 0.051173 0.963365 
0.008721 0.004381 0.999952 -0.519641 -0.182932 0.834571 -0.045480 -0.049555 0.997735 -0.003799 -0.122734 0.992432 0.044914 0.913658 0.403995 0.279175 0.053945 0.958724 -0.942310 -0.183201 0.280161 
0.004326 0.002170 0.999988 -0.524214 -0.182174 0.831873 -0.047252 -0.051344 0.997563 -0.003730 -0.120025 0.992764 0.058077 0.913940 0.401672 0.272701 0.052276 0.960678 -0.942188 -0.193594 0.273502 
-0.000656 -0.000328 1.000000 -0.531487 -0.178077 0.828137 -0.049470 -0.053441 0.997345 -0.003699 -0.117824 0.993028 0.073331 0.913860 0.399353 0.265604 0.050470 0.962760 -0.941697 -0.205710 0.266253 
-0.006185 -0.003092 0.999976 -0.540211 -0.171781 0.823810 -0.051934 -0.055686 0.997097 -0.003644 -0.115376 0.993315 0.090885 0.913129 0.397410 0.258096 0.048581 0.964897 -0.940640 -0.219762 0.258651 
-0.012109 -0.006044 0.999908 -0.550058 -0.164641 0.818736 -0.054605 -0.058105 0.996816 -0.003540 -0.112814 0.993610 0.110187 0.911619 0.395993 0.250476 0.046696 0.966996 -0.938916 -0.235426 0.251020 
-0.018152 -0.009048 0.999794 -0.560018 -0.158129 0.813250 -0.057373 -0.060647 0.996509 -0.003402 -0.110211 0.993902 0.129964 0.909527 0.394804 0.242795 0.044843 0.969041 -0.936543 -0.252258 0.243419 
-0.024235 -0.012066 0.999633 -0.568740 -0.153790 0.808012 -0.060074 -0.063207 0.996191 -0.003228 -0.107125 0.994240 0.149903 0.906898 0.393783 0.235032 0.043016 0.971035 -0.933436 -0.270331 0.235836 
-0.030335 -0.015089 0.999426 -0.575457 -0.152664 0.803457 -0.062627 -0.065744 0.995869 -0.003029 -0.103366 0.994639 0.169798 0.903810 0.392805 0.227167 0.041213 0.972983 -0.929525 -0.289622 0.228258 
-0.036160 -0.017980 0.999184 -0.580969 -0.153847 0.799254 -0.064819 -0.068003 0.995577 -0.002776 -0.099236 0.995060 0.189357 0.899250 0.394327 0.221282 0.039944 0.974391 -0.925937 -0.305052 0.222673 
