1.118903 0.038019 0.004438 1.246032 -0.025263 0.004486 1.128294 0.155389 0.004285 1.233267 0.113899 0.004311 
1.118868 0.038071 0.004489 1.246105 -0.025215 0.004533 1.128366 0.155435 0.004351 1.233232 0.113950 0.004375 
1.118811 0.038156 0.004532 1.246354 -0.025050 0.004572 1.128617 0.155594 0.004407 1.233176 0.114034 0.004430 
1.118818 0.038145 0.004572 1.246833 -0.024731 0.004609 1.129103 0.155901 0.004459 1.233184 0.114020 0.004480 
1.118940 0.037960 0.004609 1.247655 -0.024185 0.004643 1.129941 0.156432 0.004505 1.233311 0.113830 0.004526 
1.120256 0.035399 0.004544 1.245928 -0.025360 0.004622 1.128147 0.155260 0.003870 1.234593 0.111348 0.003895 
1.119502 0.036497 0.004530 1.247203 -0.024373 0.004321 1.129464 0.156232 0.004009 1.233857 0.112406 0.003815 
1.119510 0.036365 0.004457 1.248938 -0.023187 0.004130 1.131239 0.157386 0.003902 1.233877 0.112255 0.003633 
1.120262 0.034966 0.004322 1.250676 -0.022114 0.003984 1.133039 0.158440 0.003490 1.234647 0.110844 0.003246 
1.120190 0.035069 0.004352 1.254293 -0.019664 0.003870 1.136739 0.160827 0.003533 1.234602 0.110904 0.003238 
1.121501 0.032896 0.004475 1.257451 -0.017698 0.004043 1.140040 0.162782 0.003205 1.235959 0.108684 0.003063 
1.123186 0.029975 0.004618 1.259815 -0.016361 0.004231 1.142498 0.164097 0.002689 1.237669 0.105752 0.002766 
1.124381 0.027900 0.004808 1.262475 -0.014766 0.004364 1.145248 0.165658 0.002363 1.238889 0.103655 0.002607 
1.123556 0.029016 0.005064 1.265486 -0.012703 0.004160 1.148320 0.167666 0.002638 1.238083 0.104721 0.002634 
1.123587 0.028997 0.005600 1.267916 -0.011092 0.004334 1.150783 0.169222 0.002951 1.238118 0.104685 0.002842 
1.123670 0.028927 0.006398 1.268837 -0.010483 0.004609 1.151716 0.169811 0.003341 1.238194 0.104602 0.003038 
1.123769 0.028854 0.007328 1.268913 -0.010436 0.004934 1.151791 0.169857 0.003768 1.238277 0.104518 0.003215 
1.123870 0.028787 0.008241 1.268938 -0.010422 0.005251 1.151816 0.169871 0.004173 1.238358 0.104438 0.003377 
1.123964 0.028738 0.009131 1.268965 -0.010407 0.005555 1.151841 0.169886 0.004557 1.238428 0.104374 0.003523 
1.124046 0.028714 0.010004 1.268994 -0.010390 0.005849 1.151868 0.169902 0.004921 1.238483 0.104333 0.003655 
1.124116 0.028716 0.010865 1.269024 -0.010373 0.006133 1.151897 0.169919 0.005270 1.238523 0.104316 0.003773 
1.124178 0.028741 0.011720 1.269055 -0.010354 0.006411 1.151926 0.169936 0.005606 1.238550 0.104319 0.003880 
1.124238 0.028777 0.012576 1.269088 -0.010334 0.006686 1.151956 0.169955 0.005931 1.238571 0.104331 0.003977 
1.124302 0.028817 0.013439 1.269122 -0.010313 0.006960 1.151989 0.169974 0.006247 1.238593 0.104344 0.004064 
1.124373 0.028861 0.014312 1.269159 -0.010291 0.007234 1.152023 0.169996 0.006558 1.238615 0.104358 0.004144 
1.124450 0.028909 0.015204 1.269198 -0.010267 0.007512 1.152060 0.170018 0.006865 1.238639 0.104372 0.004217 
1.124534 0.028962 0.016121 1.269228 -0.010248 0.007796 1.152088 0.170036 0.007173 1.238663 0.104387 0.004283 
1.124627 0.029022 0.017069 1.269244 -0.010239 0.008088 1.152101 0.170045 0.007484 1.238689 0.104403 0.004342 
1.124729 0.029087 0.018055 1.269248 -0.010237 0.008390 1.152101 0.170045 0.007802 1.238715 0.104420 0.004397 
1.124843 0.029160 0.019082 1.269249 -0.010237 0.008704 1.152100 0.170045 0.008127 1.238744 0.104438 0.004446 
1.124968 0.029241 0.020154 1.269258 -0.010233 0.009029 1.152104 0.170049 0.008459 1.238773 0.104457 0.004490 
1.125108 0.029332 0.021277 1.269278 -0.010220 0.009367 1.152121 0.170060 0.008800 1.238805 0.104478 0.004530 
1.125263 0.029433 0.022458 1.269310 -0.010200 0.009719 1.152149 0.170079 0.009153 1.238838 0.104500 0.004566 
1.125436 0.029547 0.023703 1.269349 -0.010175 0.010089 1.152185 0.170103 0.009519 1.238874 0.104523 0.004599 
1.125631 0.029675 0.025023 1.269392 -0.010147 0.010480 1.152223 0.170129 0.009903 1.238912 0.104548 0.004629 
1.125850 0.029819 0.026425 1.269436 -0.010118 0.010896 1.152262 0.170156 0.010309 1.238952 0.104574 0.004656 
1.126095 0.029983 0.027916 1.269483 -0.010087 0.011338 1.152303 0.170185 0.010738 1.238995 0.104605 0.004681 
1.126369 0.030175 0.029504 1.269536 -0.010052 0.011810 1.152350 0.170218 0.011193 1.239036 0.104643 0.004703 
1.126672 0.030402 0.031198 1.269599 -0.010011 0.012313 1.152406 0.170257 0.011676 1.239074 0.104695 0.004723 
1.127007 0.030672 0.033007 1.269675 -0.009961 0.012850 1.152474 0.170304 0.012191 1.239105 0.104764 0.004742 
1.127378 0.030994 0.034939 1.269765 -0.009901 0.013425 1.152555 0.170359 0.012739 1.239127 0.104855 0.004759 
1.127789 0.031376 0.037006 1.269860 -0.009838 0.014045 1.152638 0.170418 0.013329 1.239138 0.104972 0.004774 
1.128255 0.031828 0.039247 1.269820 -0.009865 0.014766 1.152583 0.170389 0.014017 1.239139 0.105117 0.004788 
1.128787 0.032362 0.041672 1.269643 -0.009982 0.015607 1.152386 0.170272 0.014820 1.239128 0.105293 0.004801 
1.129390 0.032988 0.044283 1.269388 -0.010152 0.016561 1.152107 0.170104 0.015731 1.239102 0.105505 0.004812 
1.130079 0.033713 0.047085 1.269079 -0.010356 0.017633 1.151771 0.169901 0.016758 1.239062 0.105751 0.004823 
1.130868 0.034546 0.050085 1.268740 -0.010582 0.018832 1.151400 0.169679 0.017907 1.239011 0.106029 0.004833 
1.131776 0.035499 0.053294 1.268374 -0.010824 0.020173 1.150998 0.169439 0.019194 1.238947 0.106343 0.004843 
1.132818 0.036592 0.056719 1.268000 -0.011072 0.021667 1.150583 0.169193 0.020631 1.238868 0.106696 0.004851 
1.134049 0.037749 0.060383 1.267526 -0.011369 0.023375 1.149999 0.168859 0.022297 1.238770 0.107036 0.004850 
1.135443 0.039143 0.064252 1.267233 -0.011563 0.025194 1.149657 0.168665 0.024050 1.238677 0.107447 0.004858 
1.137109 0.040563 0.068376 1.266806 -0.011816 0.027299 1.149085 0.168358 0.026104 1.238579 0.107779 0.004849 
1.139010 0.042296 0.072719 1.266577 -0.011964 0.029575 1.148795 0.168209 0.028288 1.238508 0.108201 0.004854 
1.141181 0.044298 0.077312 1.266384 -0.012090 0.032133 1.148531 0.168081 0.030763 1.238406 0.108694 0.004863 
1.144671 0.044053 0.082098 1.267125 -0.011834 0.034357 1.148406 0.167785 0.032877 1.239032 0.107171 0.004876 
1.149992 0.041418 0.087331 1.267505 -0.012046 0.037447 1.147149 0.166527 0.035811 1.240723 0.103296 0.004887 
1.157955 0.035564 0.093073 1.267276 -0.012989 0.042025 1.144299 0.163883 0.040175 1.244099 0.096195 0.004901 
1.165567 0.031958 0.098986 1.267038 -0.013780 0.047126 1.142102 0.161818 0.045199 1.246831 0.090554 0.004942 
1.171302 0.033330 0.104529 1.268341 -0.012948 0.050738 1.143000 0.162399 0.048568 1.248027 0.088803 0.004924 
1.169765 0.043841 0.110969 1.264600 -0.014438 0.058397 1.141960 0.162942 0.055391 1.242000 0.093743 0.005307 
1.169250 0.054906 0.118504 1.260398 -0.014926 0.069320 1.141361 0.164966 0.063083 1.236972 0.097520 0.006878 
1.170802 0.064989 0.125295 1.259733 -0.013059 0.077222 1.143352 0.168460 0.067484 1.233545 0.100545 0.008443 
1.175198 0.071587 0.130624 1.265472 -0.008307 0.075048 1.149876 0.173330 0.062543 1.232908 0.101503 0.009677 
1.185399 0.073132 0.135701 1.274851 -0.002593 0.069510 1.157794 0.177639 0.054601 1.237337 0.098083 0.011034 
1.202177 0.072549 0.141559 1.287642 0.003586 0.064805 1.168022 0.181495 0.046158 1.248065 0.091609 0.013464 
1.228094 0.071109 0.146633 1.306551 0.012344 0.056644 1.182503 0.186642 0.035917 1.267060 0.085063 0.015533 
1.254851 0.080978 0.148508 1.319820 0.031528 0.050832 1.192012 0.203756 0.037380 1.282801 0.093277 0.014390 
1.201749 0.236871 0.072573 1.266427 0.121315 0.142447 1.284795 0.138129 0.007244 1.325067 0.060024 0.069975 
1.213834 0.272842 0.079529 1.275089 0.154392 0.146500 1.290453 0.176397 0.011684 1.331942 0.093047 0.066196 
1.222394 0.300152 0.092297 1.278472 0.183748 0.151899 1.289848 0.211673 0.017835 1.334814 0.118096 0.066307 
1.233226 0.321296 0.096061 1.289850 0.195984 0.156136 1.298527 0.232989 0.024070 1.343140 0.140759 0.055066 
1.243198 0.347529 0.093945 1.299701 0.208746 0.158532 1.307261 0.255169 0.029379 1.349799 0.169329 0.038477 
1.251425 0.377215 0.096486 1.306093 0.224588 0.166866 1.312531 0.278901 0.040748 1.352883 0.201013 0.028052 
1.254589 0.389952 0.127754 1.304412 0.244582 0.190421 1.306525 0.301470 0.065358 1.348259 0.212773 0.050859 
1.259627 0.388639 0.150805 1.309105 0.246774 0.206055 1.307546 0.305631 0.081920 1.349613 0.212050 0.068055 
1.264726 0.379997 0.160289 1.316928 0.236419 0.209087 1.312883 0.297603 0.086123 1.354336 0.205490 0.072727 
1.268640 0.368557 0.159786 1.324060 0.221775 0.202981 1.318726 0.285387 0.081278 1.359335 0.196624 0.068290 
1.270797 0.357138 0.154325 1.328259 0.208351 0.191710 1.322064 0.275059 0.071702 1.362315 0.188200 0.058141 
1.271707 0.347831 0.142328 1.330334 0.197359 0.173342 1.323987 0.268555 0.055941 1.364263 0.183129 0.039975 
1.270351 0.339315 0.148323 1.326119 0.196727 0.170791 1.318083 0.270632 0.055224 1.360760 0.176660 0.040533 
1.271051 0.334102 0.155652 1.323017 0.198068 0.175226 1.313820 0.274353 0.061357 1.358846 0.173133 0.043119 
1.272962 0.328939 0.159768 1.322743 0.196730 0.178126 1.312888 0.274741 0.065523 1.359444 0.169483 0.044045 
1.275190 0.323881 0.160497 1.325048 0.192145 0.178298 1.315100 0.270445 0.065906 1.361978 0.164880 0.044361 
1.276915 0.315501 0.159258 1.329609 0.181984 0.175544 1.319810 0.258821 0.062101 1.366137 0.155839 0.045845 
1.275437 0.307851 0.158246 1.327299 0.178427 0.175643 1.318144 0.251531 0.059716 1.365472 0.144565 0.050573 
1.274730 0.307262 0.149438 1.324352 0.178612 0.175958 1.316991 0.247680 0.057476 1.364434 0.139689 0.048428 
1.274674 0.308286 0.142472 1.322212 0.181323 0.176089 1.316232 0.246833 0.055544 1.363984 0.137232 0.047204 
1.272885 0.312494 0.135307 1.320750 0.183312 0.173519 1.316724 0.245716 0.051239 1.363120 0.138858 0.045859 
1.270660 0.316175 0.129458 1.318956 0.185562 0.170410 1.317267 0.244402 0.046300 1.362080 0.139802 0.046791 
1.269836 0.320314 0.125404 1.315536 0.193770 0.168971 1.316614 0.247835 0.042711 1.361039 0.140021 0.051147 
1.270015 0.325331 0.121979 1.311143 0.206691 0.167673 1.315450 0.254604 0.039052 1.359835 0.140249 0.058120 
1.270662 0.331975 0.114105 1.307950 0.218676 0.164199 1.316225 0.259484 0.033357 1.359118 0.142350 0.062580 
1.273451 0.339119 0.101002 1.308486 0.227042 0.158424 1.321431 0.260152 0.025787 1.361325 0.145984 0.063401 
1.278657 0.345568 0.085344 1.311683 0.234148 0.151532 1.329636 0.259005 0.017663 1.366133 0.149951 0.062823 
1.284460 0.351181 0.067682 1.314229 0.241912 0.144020 1.337795 0.258350 0.009711 1.371150 0.154096 0.060855 
1.316965 0.247350 0.141801 1.373419 0.157802 0.069527 1.287427 0.355225 0.061238 1.344340 0.255138 0.007409 
1.319518 0.246773 0.149931 1.372959 0.162944 0.084844 1.286599 0.359101 0.062133 1.349472 0.246128 0.015798 
1.319292 0.249818 0.158952 1.370670 0.169129 0.099590 1.285348 0.363345 0.061495 1.352213 0.240012 0.025823 
1.315432 0.258838 0.167710 1.366227 0.176318 0.114797 1.283968 0.367941 0.060366 1.351507 0.238975 0.036513 
1.310488 0.269983 0.176571 1.361007 0.184804 0.130074 1.282693 0.372510 0.058842 1.349709 0.239657 0.048297 
1.305399 0.282674 0.185041 1.355359 0.194966 0.145910 1.281473 0.377165 0.057693 1.347484 0.241619 0.060707 
1.300554 0.296032 0.193136 1.349938 0.206805 0.160419 1.280669 0.381576 0.055145 1.345481 0.244224 0.073897 
1.293642 0.312361 0.199500 1.345101 0.217618 0.170222 1.281258 0.384234 0.049686 1.341603 0.250987 0.086127 
1.293297 0.321398 0.215269 1.346225 0.226761 0.180567 1.282906 0.387391 0.052196 1.342484 0.255185 0.105142 
1.290732 0.338265 0.222247 1.343488 0.242794 0.186391 1.282005 0.400785 0.054022 1.340010 0.269163 0.113933 
1.284216 0.361035 0.224958 1.336080 0.262244 0.193104 1.277921 0.418641 0.057370 1.332783 0.288966 0.118289 
1.278699 0.379831 0.228478 1.329804 0.278138 0.201548 1.274392 0.431984 0.061782 1.326805 0.304553 0.123856 
1.276229 0.391323 0.234133 1.327108 0.288375 0.210698 1.273095 0.438448 0.066356 1.324512 0.312900 0.131935 
1.275157 0.398703 0.240711 1.326123 0.295059 0.220640 1.272759 0.440755 0.071647 1.323857 0.317254 0.141112 
1.273769 0.404407 0.243866 1.324041 0.301218 0.228191 1.271158 0.444255 0.076398 1.322613 0.321108 0.145887 
1.275190 0.404843 0.247282 1.324162 0.305482 0.231260 1.270761 0.447674 0.078784 1.324361 0.321322 0.149627 
1.275495 0.406173 0.249956 1.323100 0.310432 0.231993 1.269968 0.452295 0.079081 1.325003 0.322542 0.152528 
1.274556 0.409519 0.251812 1.321092 0.316362 0.230817 1.268864 0.458261 0.077637 1.324288 0.325773 0.154560 
1.272632 0.414982 0.252745 1.318948 0.322411 0.227797 1.268197 0.464405 0.074287 1.322530 0.330970 0.155779 
1.269844 0.422149 0.250657 1.317051 0.327584 0.221328 1.268127 0.470559 0.068279 1.319795 0.338277 0.153585 
1.267202 0.430339 0.243297 1.316305 0.331776 0.209304 1.269129 0.477732 0.058718 1.317152 0.347896 0.145018 
1.265262 0.439801 0.231286 1.316093 0.336940 0.193264 1.270223 0.488207 0.047741 1.314780 0.360350 0.130390 
1.265755 0.449493 0.213733 1.318328 0.342297 0.171279 1.273347 0.501339 0.034120 1.314674 0.375147 0.108783 
1.279130 0.439522 0.212786 1.326912 0.348237 0.158705 1.276904 0.513878 0.031295 1.326089 0.371517 0.102657 
1.296617 0.423805 0.213804 1.340723 0.345431 0.151198 1.285431 0.517049 0.034190 1.341758 0.362659 0.098924 
1.312154 0.409759 0.209175 1.355560 0.337588 0.139941 1.297038 0.515372 0.034272 1.356243 0.356132 0.090186 
1.323532 0.397551 0.202146 1.367111 0.329264 0.127205 1.306497 0.512877 0.033407 1.366637 0.351671 0.079614 
1.331525 0.388658 0.192810 1.375218 0.322066 0.114674 1.313376 0.511306 0.033731 1.373089 0.350809 0.067069 
1.338667 0.376550 0.183211 1.381123 0.315433 0.101941 1.316885 0.509532 0.035568 1.378287 0.347922 0.054448 
1.341791 0.367976 0.173947 1.382085 0.310321 0.093875 1.316371 0.508200 0.041122 1.378812 0.347569 0.042885 
1.339256 0.368228 0.167849 1.377535 0.307264 0.093753 1.313405 0.507756 0.048811 1.373631 0.351725 0.035565 
1.335692 0.369965 0.163365 1.372238 0.304887 0.094305 1.310081 0.507379 0.055274 1.367519 0.356142 0.030181 
1.335139 0.365717 0.158107 1.369519 0.301786 0.092244 1.307188 0.505794 0.061539 1.364576 0.356601 0.023982 
1.336655 0.358629 0.150810 1.370464 0.297605 0.083172 1.306791 0.502608 0.063586 1.364599 0.356502 0.016079 
1.335348 0.356698 0.142371 1.370837 0.293280 0.070167 1.307207 0.499066 0.062661 1.362364 0.362087 0.007583 
1.335476 0.351202 0.140623 1.370771 0.289524 0.065900 1.306963 0.495388 0.065809 1.361544 0.361160 0.005913 
1.307952 0.490577 0.069696 1.335148 0.348481 0.142037 1.360659 0.360959 0.007454 1.371124 0.284570 0.065444 
1.308833 0.487328 0.072439 1.334860 0.347039 0.142879 1.360159 0.360913 0.008410 1.371191 0.281131 0.065711 
1.309352 0.486262 0.075598 1.335520 0.345453 0.143525 1.360515 0.360417 0.009117 1.371300 0.279982 0.066980 
1.308146 0.485146 0.078961 1.336467 0.340366 0.144024 1.360777 0.356555 0.009608 1.370740 0.279119 0.068398 
1.303191 0.482414 0.090942 1.336078 0.333732 0.145773 1.357243 0.352857 0.011188 1.366932 0.276945 0.074847 
1.299788 0.477423 0.107692 1.337613 0.326515 0.148303 1.353857 0.350171 0.013740 1.364828 0.273047 0.082831 
1.301945 0.473055 0.113860 1.339159 0.324214 0.150811 1.353039 0.352252 0.016850 1.366489 0.269671 0.081106 
1.305282 0.463329 0.124257 1.344827 0.313774 0.153284 1.355822 0.348588 0.020655 1.371651 0.262680 0.080237 
1.308622 0.455877 0.138049 1.349894 0.307938 0.155373 1.357901 0.348348 0.024130 1.375634 0.257697 0.084328 
1.311149 0.454101 0.145287 1.350080 0.312680 0.157292 1.357122 0.353625 0.026196 1.376167 0.255567 0.089911 
1.311634 0.455196 0.145741 1.349860 0.314809 0.157068 1.357236 0.354390 0.025575 1.375760 0.255748 0.092445 
1.311807 0.458413 0.144088 1.349246 0.318701 0.155983 1.357676 0.354986 0.023606 1.374867 0.257205 0.096112 
1.312716 0.464233 0.140165 1.347731 0.327755 0.154444 1.358072 0.358466 0.020812 1.373472 0.260301 0.101119 
1.314978 0.471045 0.135419 1.347779 0.337541 0.152011 1.360230 0.361887 0.017265 1.373321 0.264607 0.106607 
1.348949 0.346690 0.150735 1.361650 0.367820 0.015472 1.373267 0.271294 0.112458 
1.349583 0.358101 0.151020 1.361707 0.378139 0.015567 
1.349079 0.366421 0.152432 1.360635 0.386793 0.017032 
1.349368 0.370121 0.155774 1.359882 0.394072 0.020928 1.376617 0.274598 0.112829 
1.326211 0.474792 0.152900 1.351221 0.366427 0.160916 1.358763 0.397029 0.027251 1.379977 0.269131 0.111422 
1.327591 0.460709 0.172200 1.355628 0.354232 0.166662 1.357891 0.394164 0.035284 1.384993 0.259788 0.114794 
1.332051 0.440571 0.196391 1.363744 0.336426 0.171183 1.359608 0.387195 0.043628 1.393345 0.246931 0.120259 
1.338597 0.418432 0.213421 1.374808 0.313042 0.172890 1.364781 0.375694 0.051025 1.403583 0.235211 0.117140 
1.347470 0.394257 0.228142 1.388054 0.288685 0.171264 1.371827 0.363543 0.057144 1.414797 0.224564 0.110954 
1.357253 0.370671 0.244502 1.397004 0.273848 0.172860 1.374612 0.358196 0.066674 1.423062 0.213624 0.109924 
1.366208 0.354362 0.253981 1.400657 0.271172 0.174914 1.374623 0.360743 0.074022 1.428315 0.204739 0.109285 
1.373158 0.339390 0.265179 1.399384 0.273773 0.182754 1.370462 0.366420 0.085594 1.430064 0.194055 0.113759 
1.376866 0.328300 0.270646 1.397620 0.274351 0.189026 1.367311 0.370067 0.095408 1.429557 0.187353 0.113508 
1.378628 0.321092 0.270548 1.397375 0.271709 0.192846 1.367008 0.370666 0.102734 1.428726 0.185136 0.108318 
1.382854 0.316453 0.269923 1.397652 0.274769 0.202433 1.367717 0.376230 0.115126 1.428735 0.183916 0.103741 
1.390915 0.311203 0.271384 1.399326 0.283792 0.218757 1.369451 0.387172 0.133919 1.430352 0.180976 0.101733 
1.399869 0.301454 0.273948 1.403262 0.287787 0.232675 1.372432 0.393713 0.151574 1.433379 0.175813 0.099550 
1.406260 0.290904 0.274227 1.408743 0.280255 0.234920 1.376908 0.389246 0.158430 1.437401 0.172210 0.094607 
2.973640 0.529772 0.592256 2.282833 0.399933 0.315310 2.259102 0.522442 0.334754 2.354408 0.568201 0.085729 1.381360 0.379522 0.154614 1.441792 0.169627 0.090684 
2.994602 0.479597 0.579636 2.290220 0.373384 0.307024 2.266304 0.497436 0.329778 2.350593 0.583220 0.096159 1.412486 0.276988 0.274656 1.416826 0.262313 0.223175 
3.008280 0.442333 0.564112 2.295608 0.354547 0.299259 2.271942 0.480307 0.323117 2.349915 0.588963 0.104063 1.414069 0.275389 0.275846 1.418132 0.261584 0.221773 
3.015177 0.416184 0.549292 2.299418 0.342204 0.293239 2.276325 0.469648 0.316729 2.351344 0.586193 0.107236 1.414991 0.275853 0.277554 1.418389 0.263728 0.221857 
3.017886 0.394400 0.535588 2.302257 0.332587 0.288376 2.279959 0.461640 0.311016 2.353845 0.579357 0.107352 1.388273 0.378227 0.148383 1.446081 0.161526 0.097419 
3.018622 0.370734 0.522001 2.304780 0.322282 0.283479 2.283408 0.452830 0.305544 2.357228 0.572357 0.106456 1.389272 0.379808 0.146581 1.446075 0.159406 0.101005 
3.019655 0.341573 0.506806 2.307230 0.309278 0.277342 2.286907 0.441372 0.299319 2.360758 0.567778 0.106916 1.390295 0.381428 0.145517 1.445593 0.157687 0.103942 
3.022028 0.307443 0.488432 2.310171 0.293814 0.268996 2.290886 0.427466 0.291439 2.364440 0.565695 0.109822 1.391964 0.382580 0.144735 1.445757 0.155467 0.106698 
3.028081 0.274354 0.462677 2.313853 0.278237 0.257055 2.295513 0.413553 0.280301 2.366585 0.563612 0.115128 1.394758 0.382431 0.142290 1.445814 0.155756 0.107499 
3.042257 0.244240 0.433514 2.318125 0.262633 0.243081 2.300570 0.399813 0.267352 2.366073 0.564355 0.130122 1.397312 0.384768 0.143697 1.445556 0.155787 0.108279 
3.050857 0.214591 0.413297 2.320585 0.247970 0.232966 2.303684 0.386479 0.258824 2.367930 0.567551 0.148228 1.399536 0.385962 0.145424 1.445473 0.155849 0.107847 
3.051168 0.191340 0.403421 2.321982 0.237248 0.228188 2.305652 0.376248 0.255889 2.371833 0.566577 0.158612 1.401982 0.384830 0.145801 1.446199 0.155730 0.106370 
3.048021 0.176642 0.400582 2.323080 0.230832 0.227443 2.307237 0.369882 0.256736 2.375366 0.561743 0.162084 1.423455 0.276850 0.284230 1.424650 0.272022 0.223245 
3.045353 0.169858 0.400685 2.324363 0.227794 0.228455 2.308836 0.366580 0.259339 2.377576 0.554777 0.162037 1.424453 0.274539 0.283591 1.425838 0.269829 0.223403 
3.044791 0.167496 0.400674 2.325686 0.226338 0.229342 2.310327 0.364710 0.261955 2.378444 0.548103 0.162254 1.425412 0.271345 0.283180 1.426789 0.267390 0.223757 
3.045609 0.165772 0.399068 2.326929 0.224863 0.229092 2.311619 0.362717 0.263614 2.378681 0.542519 0.163186 1.426344 0.267389 0.282914 1.427636 0.264485 0.223904 
3.047270 0.162384 0.395492 2.328358 0.222666 0.227487 2.313044 0.360115 0.263633 2.379200 0.538961 0.165475 1.427279 0.264413 0.282446 1.428770 0.261469 0.223020 
3.049524 0.157624 0.390179 2.329645 0.219906 0.224872 2.314368 0.357198 0.262191 2.379721 0.537076 0.168885 1.428166 0.262480 0.282190 1.429895 0.259230 0.221831 
3.051481 0.152217 0.384575 2.330511 0.217035 0.222175 2.315366 0.354433 0.260142 2.380250 0.536197 0.172500 1.428800 0.261670 0.282216 1.430599 0.258484 0.221413 
3.052702 0.146762 0.379612 2.331010 0.214281 0.219861 2.316039 0.351883 0.258174 2.380870 0.535884 0.175742 1.429233 0.261365 0.282429 1.431015 0.258446 0.221320 
3.053198 0.142159 0.375986 2.331276 0.212051 0.218241 2.316474 0.349868 0.256680 2.381544 0.535819 0.178134 1.429535 0.261342 0.282726 1.431276 0.258718 0.221301 
3.052862 0.138640 0.374098 2.331318 0.210459 0.217521 2.316675 0.348469 0.255906 2.382239 0.535835 0.179442 1.429683 0.261590 0.283008 1.431380 0.259207 0.221381 
3.052000 0.136281 0.373642 2.331189 0.209492 0.217503 2.316675 0.347658 0.255723 2.382834 0.535927 0.179853 1.429658 0.262145 0.283129 1.431352 0.259745 0.221451 
3.064615 0.143599 0.354982 2.330497 0.207568 0.213533 2.316571 0.347211 0.253195 2.373282 0.524456 0.190726 1.428518 0.267358 0.282953 1.429764 0.265643 0.224420 
3.111554 0.193618 0.290048 2.330242 0.204465 0.192277 2.317468 0.348511 0.235532 2.342085 0.474135 0.230569 1.427191 0.279620 0.283554 1.426968 0.281344 0.233326 
3.148164 0.263869 0.248694 2.335210 0.229486 0.172785 2.321762 0.375799 0.210011 2.332794 0.457908 0.257541 1.411630 0.405221 0.160414 1.441910 0.162658 0.107784 
3.158057 0.327325 0.241627 2.338871 0.251637 0.174847 2.325324 0.398682 0.204942 2.328034 0.435269 0.252205 1.413122 0.414325 0.159297 1.440776 0.165805 0.113522 
2.328513 0.417450 0.197761 3.160972 0.379241 0.229399 2.341560 0.270174 0.176158 1.415072 0.424249 0.157092 1.439604 0.169449 0.120001 
2.343253 0.278705 0.177595 2.331500 0.426826 0.192018 3.160212 0.408831 0.216942 1.417157 0.434105 0.152781 1.438879 0.172880 0.128050 
1.418548 0.443943 0.149745 1.438109 0.176867 0.134597 2.343806 0.281351 0.179508 3.157581 0.415876 0.213517 2.332896 0.430447 0.188676 
1.419564 0.452974 0.145657 1.437136 0.181822 0.140167 2.344014 0.285883 0.180893 3.156819 0.422458 0.210222 2.333661 0.435605 0.184414 
1.420285 0.461179 0.140553 1.436079 0.187172 0.145376 2.343834 0.290934 0.182000 3.156243 0.429305 0.206547 2.333978 0.441022 0.179800 
1.420750 0.468314 0.134961 1.435264 0.192185 0.150545 2.343461 0.296294 0.182757 3.155837 0.436720 0.202263 2.333992 0.446471 0.175019 
1.421070 0.473644 0.128570 1.434659 0.197619 0.154552 2.343038 0.301859 0.183163 3.155586 0.444512 0.197391 2.333826 0.451876 0.170114 
1.421274 0.478080 0.121885 1.434116 0.203354 0.157743 2.342599 0.307734 0.183231 3.155497 0.452675 0.191840 2.333542 0.457357 0.164948 
1.421549 0.482222 0.115094 1.433768 0.209230 0.160576 2.342277 0.313938 0.182971 3.155679 0.461043 0.185621 2.333296 0.462943 0.159423 
1.422095 0.486171 0.108051 1.433759 0.215378 0.163080 2.342211 0.320472 0.182385 3.156237 0.469438 0.178773 2.333249 0.468627 0.153457 
