0.001613 0.000678 0.999998 0.002355 -0.005674 0.999981 0.002496 -0.005655 0.999981 0.001652 0.000682 0.999998 
0.001460 0.000613 0.999999 0.002134 -0.005141 0.999985 0.002262 -0.005124 0.999984 0.001495 0.000617 0.999999 
0.001311 0.000551 0.999999 0.001918 -0.004621 0.999987 0.002033 -0.004606 0.999987 0.001343 0.000554 0.999999 
0.003886 0.001632 0.999991 0.003073 -0.007406 0.999968 0.003275 -0.007421 0.999967 0.003941 0.001627 0.999991 
0.002018 0.000847 0.999998 0.002562 -0.006179 0.999978 0.002718 -0.006164 0.999977 0.002061 0.000850 0.999998 
0.001815 0.000762 0.999998 0.002319 -0.005592 0.999982 0.002460 -0.005579 0.999981 0.001854 0.000765 0.999998 
0.000093 0.000039 1.000000 0.002395 -0.005775 0.999980 0.002524 -0.005722 0.999980 0.000128 0.000053 1.000000 
-0.000230 -0.000097 1.000000 0.002232 -0.005383 0.999983 0.002349 -0.005326 0.999983 -0.000198 -0.000082 1.000000 
-0.001889 -0.000792 0.999998 0.002829 -0.006830 0.999973 0.002961 -0.006723 0.999973 -0.001852 -0.000763 0.999998 
-0.003980 -0.001668 0.999991 0.003830 -0.009252 0.999950 0.003996 -0.009075 0.999951 -0.003933 -0.001620 0.999991 
-0.003654 -0.001531 0.999992 0.003417 -0.008255 0.999960 0.003564 -0.008095 0.999961 -0.003613 -0.001488 0.999992 
-0.001161 -0.000486 0.999999 0.002884 -0.006969 0.999972 0.003027 -0.006877 0.999972 -0.001121 -0.000461 0.999999 
-0.002046 -0.000857 0.999998 0.003073 -0.007426 0.999968 0.003217 -0.007309 0.999968 -0.002006 -0.000826 0.999998 
-0.001865 -0.000781 0.999998 0.002807 -0.006783 0.999973 0.002939 -0.006676 0.999973 -0.001829 -0.000753 0.999998 
-0.000573 -0.000240 1.000000 0.003100 -0.007489 0.999967 0.003260 -0.007405 0.999967 -0.000528 -0.000218 1.000000 
-0.003999 -0.001677 0.999991 0.004569 -0.011029 0.999929 0.004774 -0.010834 0.999930 -0.003941 -0.001625 0.999991 
-0.008105 -0.003401 0.999961 0.006140 -0.014808 0.999872 0.006389 -0.014486 0.999875 -0.008035 -0.003314 0.999962 
-0.007347 -0.003083 0.999968 0.005587 -0.013475 0.999894 0.005814 -0.013183 0.999896 -0.007284 -0.003004 0.999969 
-0.006659 -0.002794 0.999974 0.005100 -0.012301 0.999911 0.005307 -0.012035 0.999913 -0.006601 -0.002723 0.999975 
-0.006042 -0.002536 0.999979 0.004694 -0.011322 0.999925 0.004886 -0.011079 0.999927 -0.005989 -0.002470 0.999979 
-0.005494 -0.002305 0.999982 0.004362 -0.010522 0.999935 0.004542 -0.010299 0.999937 -0.005444 -0.002245 0.999983 
-0.005003 -0.002100 0.999985 0.004227 -0.010195 0.999939 0.004404 -0.009986 0.999940 -0.004954 -0.002043 0.999986 
-0.004558 -0.001913 0.999988 0.004344 -0.010478 0.999936 0.004531 -0.010276 0.999937 -0.004506 -0.001859 0.999988 
-0.004156 -0.001744 0.999990 0.004630 -0.011167 0.999927 0.004836 -0.010967 0.999928 -0.004099 -0.001691 0.999990 
-0.003791 -0.001591 0.999992 0.004858 -0.011717 0.999920 0.005080 -0.011521 0.999921 -0.003729 -0.001538 0.999992 
-0.003457 -0.001451 0.999993 0.005003 -0.012067 0.999915 0.005236 -0.011874 0.999916 -0.003392 -0.001399 0.999993 
-0.003152 -0.001323 0.999994 0.005066 -0.012219 0.999913 0.005305 -0.012031 0.999914 -0.003085 -0.001273 0.999994 
-0.002873 -0.001205 0.999995 0.005047 -0.012175 0.999913 0.005289 -0.011994 0.999914 -0.002805 -0.001157 0.999995 
-0.002616 -0.001098 0.999996 0.004947 -0.011933 0.999917 0.005186 -0.011760 0.999917 -0.002550 -0.001052 0.999996 
-0.002379 -0.000998 0.999997 0.004764 -0.011493 0.999923 0.004996 -0.011330 0.999923 -0.002315 -0.000955 0.999997 
-0.002160 -0.000906 0.999997 0.004498 -0.010851 0.999931 0.004717 -0.010698 0.999932 -0.002099 -0.000866 0.999997 
-0.001951 -0.000819 0.999998 0.004148 -0.010005 0.999941 0.004350 -0.009865 0.999942 -0.001895 -0.000781 0.999998 
-0.001737 -0.000729 0.999998 0.003735 -0.009009 0.999952 0.003917 -0.008884 0.999953 -0.001687 -0.000696 0.999998 
-0.001533 -0.000643 0.999999 0.003331 -0.008036 0.999962 0.003494 -0.007924 0.999962 -0.001488 -0.000614 0.999999 
-0.001342 -0.000563 0.999999 0.002955 -0.007128 0.999970 0.003100 -0.007030 0.999970 -0.001301 -0.000537 0.999999 
-0.001150 -0.000483 0.999999 0.002571 -0.006203 0.999977 0.002697 -0.006117 0.999978 -0.001115 -0.000460 0.999999 
-0.001002 -0.000420 0.999999 0.002240 -0.005403 0.999983 0.002350 -0.005329 0.999983 -0.000971 -0.000401 0.999999 
-0.000892 -0.000374 1.000000 0.001993 -0.004807 0.999986 0.002090 -0.004741 0.999987 -0.000864 -0.000357 1.000000 
-0.000787 -0.000330 1.000000 0.001761 -0.004247 0.999989 0.001847 -0.004189 0.999990 -0.000763 -0.000315 1.000000 
-0.000158 -0.000066 1.000000 0.001657 -0.003997 0.999991 0.001744 -0.003955 0.999991 -0.000134 -0.000055 1.000000 
-0.000109 -0.000046 1.000000 0.001424 -0.003435 0.999993 0.001499 -0.003400 0.999993 -0.000088 -0.000036 1.000000 
-0.000048 -0.000020 1.000000 0.001168 -0.002817 0.999995 0.001230 -0.002789 0.999995 -0.000030 -0.000013 1.000000 
0.000008 0.000004 1.000000 0.000912 -0.002199 0.999997 0.000960 -0.002178 0.999997 0.000022 0.000009 1.000000 
0.000014 0.000006 1.000000 0.000824 -0.001988 0.999998 0.000869 -0.001970 0.999998 0.000026 0.000011 1.000000 
0.000022 0.000009 1.000000 0.000750 -0.001808 0.999998 0.000790 -0.001791 0.999998 0.000033 0.000014 1.000000 
0.000033 0.000014 1.000000 0.000680 -0.001640 0.999998 0.000717 -0.001625 0.999998 0.000043 0.000018 1.000000 
0.000044 0.000019 1.000000 0.000614 -0.001482 0.999999 0.000648 -0.001469 0.999999 0.000054 0.000022 1.000000 
0.000057 0.000024 1.000000 0.000552 -0.001331 0.999999 0.000582 -0.001320 0.999999 0.000065 0.000027 1.000000 
0.000207 0.000087 1.000000 0.001139 -0.002747 0.999996 0.001202 -0.002725 0.999996 0.000224 0.000093 1.000000 
0.000669 0.000281 1.000000 0.001020 -0.002461 0.999996 0.001081 -0.002452 0.999996 0.000686 0.000283 1.000000 
0.002083 0.000874 0.999997 0.000919 -0.002216 0.999997 0.000988 -0.002240 0.999997 0.002102 0.000867 0.999997 
0.004487 0.001883 0.999988 0.000834 -0.002011 0.999998 0.000922 -0.002091 0.999997 0.004510 0.001861 0.999988 
0.007645 0.003209 0.999966 0.000751 -0.001812 0.999998 0.000866 -0.001964 0.999998 0.007676 0.003167 0.999966 
0.010752 0.004513 0.999932 0.000667 -0.001608 0.999998 0.000807 -0.001831 0.999998 0.010789 0.004452 0.999932 
0.013788 0.005787 0.999888 0.000580 -0.001399 0.999999 0.000745 -0.001690 0.999998 0.013831 0.005707 0.999888 
0.016796 0.007050 0.999834 0.000491 -0.001184 0.999999 0.000681 -0.001544 0.999999 0.016846 0.006950 0.999834 
0.019799 0.008311 0.999769 0.000394 -0.000950 0.999999 0.000608 -0.001379 0.999999 0.019856 0.008192 0.999769 
0.022801 0.009571 0.999694 0.000299 -0.000720 1.000000 0.000537 -0.001218 0.999999 0.022863 0.009433 0.999694 
0.025799 0.010829 0.999609 0.000208 -0.000501 1.000000 0.000471 -0.001067 0.999999 0.025868 0.010672 0.999608 
0.028798 0.012088 0.999512 0.000122 -0.000294 1.000000 0.000409 -0.000928 0.999999 0.028874 0.011912 0.999512 
0.031810 0.013352 0.999405 0.000041 -0.000099 1.000000 0.000354 -0.000802 1.000000 0.031892 0.013157 0.999405 
0.034850 0.014628 0.999285 -0.000035 0.000083 1.000000 0.000304 -0.000689 1.000000 0.034939 0.014414 0.999286 
0.037938 0.015924 0.999153 -0.000104 0.000252 1.000000 0.000260 -0.000590 1.000000 0.038034 0.015690 0.999153 
0.041100 0.017250 0.999006 -0.000168 0.000406 1.000000 0.000224 -0.000508 1.000000 0.041203 0.016998 0.999006 
0.044363 0.018620 0.998842 -0.000205 0.000494 1.000000 0.000217 -0.000492 1.000000 0.044474 0.018346 0.998842 
0.047754 0.020043 0.998658 -0.000213 0.000514 1.000000 0.000241 -0.000548 1.000000 0.047873 0.019749 0.998658 
0.051290 0.021527 0.998452 -0.000213 0.000513 1.000000 0.000276 -0.000627 1.000000 0.051418 0.021211 0.998452 
0.054993 0.023081 0.998220 -0.000213 0.000513 1.000000 0.000313 -0.000709 1.000000 0.055130 0.022742 0.998220 
0.058881 0.024713 0.997959 -0.000213 0.000513 1.000000 0.000350 -0.000794 1.000000 0.059029 0.024350 0.997959 
0.062977 0.026432 0.997665 -0.000213 0.000515 1.000000 0.000390 -0.000884 1.000000 0.063135 0.026044 0.997665 
0.067304 0.028248 0.997333 -0.000214 0.000516 1.000000 0.000431 -0.000978 0.999999 0.067474 0.027834 0.997333 
0.071892 0.030174 0.996956 -0.000214 0.000517 1.000000 0.000476 -0.001079 0.999999 0.072073 0.029731 0.996956 
0.076767 0.032220 0.996528 -0.000215 0.000518 1.000000 0.000523 -0.001186 0.999999 0.076961 0.031747 0.996529 
0.081962 0.034400 0.996042 -0.000215 0.000517 1.000000 0.000574 -0.001301 0.999999 0.082169 0.033896 0.996042 
0.087508 0.036728 0.995487 -0.000214 0.000516 1.000000 0.000628 -0.001425 0.999999 0.087730 0.036189 0.995487 
0.093442 0.039219 0.994852 -0.000213 0.000514 1.000000 0.000687 -0.001558 0.999999 0.093679 0.038643 0.994852 
0.099888 0.041925 0.994115 -0.000212 0.000511 1.000000 0.000751 -0.001704 0.999998 0.100142 0.041308 0.994115 
0.106889 0.044863 0.993258 -0.000210 0.000507 1.000000 0.000821 -0.001863 0.999998 0.107161 0.044203 0.993259 
0.114473 0.048047 0.992264 -0.000208 0.000501 1.000000 0.000898 -0.002037 0.999998 0.114765 0.047339 0.992264 
0.122677 0.051491 0.991110 -0.000204 0.000492 1.000000 0.000982 -0.002227 0.999997 0.122991 0.050732 0.991110 
0.131546 0.055214 0.989771 -0.000193 0.000465 1.000000 0.001080 -0.002450 0.999996 0.131883 0.054400 0.989771 
0.141117 0.059233 0.988219 -0.000190 0.000458 1.000000 0.001176 -0.002669 0.999996 0.141479 0.058357 0.988220 
0.151431 0.063563 0.986422 -0.000187 0.000450 1.000000 0.001280 -0.002905 0.999995 0.151821 0.062622 0.986422 
0.162485 0.068207 0.984351 -0.000158 0.000380 1.000000 0.001419 -0.003220 0.999994 0.162904 0.067195 0.984351 
0.173938 0.073040 0.982044 0.000071 -0.000171 1.000000 0.001771 -0.004019 0.999990 0.174392 0.071956 0.982044 
0.184315 0.080065 0.979601 0.000284 -0.000662 1.000000 0.002154 -0.004734 0.999986 0.184817 0.078915 0.979600 
0.188111 0.087229 0.978266 0.001035 -0.002261 0.999997 0.003099 -0.006399 0.999975 0.188668 0.086058 0.978263 
0.188024 0.089595 0.978069 0.001347 -0.002865 0.999995 0.003477 -0.006993 0.999970 0.188600 0.088426 0.978065 
0.189271 0.090832 0.977715 0.000619 -0.001305 0.999999 0.002744 -0.005477 0.999981 0.189845 0.089651 0.977712 
0.194392 0.092410 0.976561 0.000035 -0.000074 1.000000 0.002172 -0.004372 0.999988 0.194969 0.091192 0.976561 
0.206437 0.098125 0.973527 0.000048 -0.000102 1.000000 0.002317 -0.004666 0.999986 0.207052 0.096827 0.973527 
0.223247 0.108809 0.968670 0.000574 -0.001192 0.999999 0.003109 -0.006116 0.999976 0.223938 0.107401 0.968667 
0.241704 0.125348 0.962220 0.003930 -0.007708 0.999963 0.006966 -0.012970 0.999892 0.242545 0.123834 0.962204 
0.263909 0.139773 0.954367 0.010178 -0.018665 0.999774 0.006716 -0.012966 0.999893 0.264880 0.138122 0.954338 
0.285485 0.164209 0.944211 0.015752 -0.028425 0.999472 0.020039 -0.034430 0.999206 0.286717 0.162456 0.944141 
0.026255 -0.044681 0.998656 0.309945 0.182438 0.933087 0.311367 0.180540 0.932982 0.021404 -0.038227 0.999040 
0.034578 -0.057358 0.997755 0.334949 0.206123 0.919414 0.336617 0.204081 0.919261 0.029024 -0.050461 0.998304 
0.039665 -0.066142 0.997022 0.369029 0.230113 0.900481 0.370933 0.227826 0.900280 0.033511 -0.058520 0.997724 
0.051964 -0.081401 0.995326 0.392998 0.268986 0.879317 0.395290 0.266555 0.879030 0.044822 -0.073356 0.996298 
0.046915 -0.076724 0.995948 0.436843 0.288168 0.852131 0.439297 0.285301 0.851834 0.039554 -0.067544 0.996932 
0.024029 -0.044288 0.998730 0.508013 0.284940 0.812854 0.510345 0.281226 0.812687 0.017238 -0.033195 0.999300 
0.588616 0.260657 0.765238 -0.004395 0.009836 0.999942 0.001518 -0.003246 0.999994 0.590625 0.255920 0.765289 
0.654367 0.237991 0.717750 -0.013020 0.032876 0.999375 -0.007595 0.018315 0.999803 0.656170 0.232343 0.717954 
0.686947 0.247469 0.683274 -0.004937 0.013335 0.999899 0.000746 -0.001926 0.999998 0.689057 0.241285 0.683361 
0.014769 -0.038447 0.999152 0.701618 0.286019 0.652630 0.704410 0.279492 0.652450 0.008380 -0.022802 0.999705 
0.702244 0.368989 0.608851 0.039340 -0.101135 0.994095 0.031782 -0.085100 0.995865 0.706376 0.362249 0.608119 
0.694675 0.439926 0.569115 0.055839 -0.144615 0.987911 0.047635 -0.128138 0.990612 0.699945 0.433095 0.567895 
0.662489 0.523670 0.535610 0.073712 -0.187466 0.979501 0.064850 -0.170733 0.983181 0.668965 0.517212 0.533833 
0.599182 0.620147 0.506358 0.094303 -0.233781 0.967705 0.084827 -0.216893 0.972503 0.606807 0.614700 0.503913 
0.506839 0.704610 0.496628 0.117850 -0.283019 0.951846 0.107811 -0.266266 0.957851 0.514933 0.700907 0.493532 
0.399328 0.767664 0.501228 0.142954 -0.333297 0.931921 0.132455 -0.316844 0.939183 0.407107 0.765954 0.497573 
0.292089 0.805606 0.515444 0.167869 -0.380911 0.909245 0.157035 -0.364853 0.917727 0.298984 0.805672 0.511372 
0.195505 0.818691 0.539929 0.191337 -0.430212 0.882218 0.180342 -0.414617 0.891947 0.201173 0.820171 0.535583 
0.110308 0.809553 0.576590 0.215402 -0.485148 0.847487 0.204346 -0.470189 0.858583 0.114601 0.812130 0.572111 
0.023420 -0.048095 0.998568 -0.030259 -0.107995 0.993691 -0.444455 -0.069819 0.893076 0.340271 -0.506546 0.792229 
0.060810 -0.119656 0.990951 -0.039980 -0.145253 0.988587 -0.412573 -0.052388 0.909417 0.412950 -0.564223 0.714930 
0.100831 -0.192256 0.976151 -0.050922 -0.184040 0.981599 -0.372764 -0.036744 0.927198 0.481228 -0.609778 0.629754 
0.133861 -0.248857 0.959245 -0.067543 -0.240453 0.968308 -0.349860 -0.035725 0.936120 0.491749 -0.625063 0.606201 
0.151975 -0.272763 0.950002 -0.077264 -0.270076 0.959734 -0.332240 -0.045575 0.942093 0.467887 -0.624638 0.625227 
0.144967 -0.256596 0.955585 -0.064198 -0.247785 0.966686 -0.312073 -0.051582 0.948657 0.436215 -0.624548 0.647809 
0.118132 -0.209047 0.970744 -0.040887 -0.182990 0.982264 -0.293784 -0.055337 0.954269 0.402325 -0.619052 0.674470 
0.082748 -0.144800 0.985995 -0.021893 -0.113389 0.993309 -0.296390 -0.062694 0.953007 0.372827 -0.591774 0.714705 
-0.308224 -0.072959 0.948512 0.048878 -0.083434 0.995314 0.358161 -0.559440 0.747494 -0.008685 -0.049584 0.998732 
-0.322148 -0.085725 0.942800 0.021936 -0.036433 0.999095 0.346060 -0.523916 0.778303 -0.001274 -0.007713 0.999969 
-0.349503 -0.101835 0.931384 0.000675 -0.001084 0.999999 0.347265 -0.490648 0.799170 0.001898 0.012050 0.999926 
-0.366196 -0.115392 0.923355 -0.029520 0.046131 0.998499 0.346998 -0.465833 0.813998 0.009704 0.060440 0.998125 
-0.368192 -0.124000 0.921444 -0.042106 0.064126 0.997053 0.344587 -0.450620 0.823530 0.012344 0.078822 0.996812 
-0.368241 -0.128882 0.920754 -0.045627 0.068139 0.996632 0.346719 -0.444016 0.826218 0.011975 0.082779 0.996496 
-0.371084 -0.133308 0.918981 -0.048609 0.071139 0.996281 0.354842 -0.441127 0.824314 0.011660 0.086451 0.996188 
-0.372736 -0.136454 0.917850 -0.050078 0.072102 0.996139 0.364490 -0.440778 0.820282 0.011916 0.088954 0.995964 
-0.373578 -0.138705 0.917170 -0.049685 0.070687 0.996260 0.372924 -0.441023 0.816349 0.012045 0.088165 0.996033 
-0.375159 -0.138966 0.916485 -0.047748 0.067592 0.996570 0.380343 -0.443605 0.811513 0.011729 0.085348 0.996282 
-0.375790 -0.137298 0.916478 -0.043043 0.060922 0.997214 0.386635 -0.448499 0.805830 0.010674 0.078645 0.996846 
-0.376079 -0.134101 0.916832 -0.036581 0.051969 0.997978 0.393178 -0.455663 0.798613 0.009261 0.069831 0.997516 
-0.376797 -0.130606 0.917042 -0.030571 0.043670 0.998578 0.399252 -0.462933 0.791385 0.007943 0.061651 0.998066 
-0.377837 -0.126921 0.917132 -0.025135 0.036147 0.999030 0.405200 -0.470252 0.784013 0.006809 0.054395 0.998496 
-0.377122 -0.124544 0.917752 -0.020464 0.029529 0.999354 0.407966 -0.474789 0.779833 0.005838 0.047512 0.998854 
-0.375825 -0.124153 0.918336 -0.019924 0.028820 0.999386 0.405411 -0.474812 0.781150 0.005713 0.046596 0.998898 
-0.375488 -0.124356 0.918447 -0.020494 0.029658 0.999350 0.403086 -0.473826 0.782949 0.005740 0.047072 0.998875 
-0.374861 -0.124919 0.918626 -0.020310 0.029332 0.999363 0.402673 -0.472928 0.783705 0.005706 0.046447 0.998904 
-0.375917 -0.124747 0.918218 -0.020235 0.029200 0.999369 0.405245 -0.473842 0.781825 0.005726 0.046652 0.998895 
-0.377208 -0.124441 0.917730 -0.020540 0.029671 0.999349 0.407402 -0.474763 0.780143 0.005816 0.047510 0.998854 
-0.378525 -0.124053 0.917240 -0.021935 0.031772 0.999254 0.407416 -0.475136 0.779909 0.006066 0.050082 0.998727 
-0.378843 -0.124080 0.917106 -0.023720 0.034450 0.999125 0.404840 -0.474264 0.781779 0.006354 0.052942 0.998577 
-0.378666 -0.124364 0.917140 -0.025148 0.036566 0.999015 0.402096 -0.473010 0.783952 0.006579 0.055048 0.998462 
-0.378444 -0.125098 0.917132 -0.027061 0.039366 0.998858 0.399176 -0.470999 0.786650 0.006935 0.057821 0.998303 
-0.377873 -0.126100 0.917230 -0.028924 0.041993 0.998699 0.395933 -0.468491 0.789780 0.007260 0.060304 0.998154 
-0.375787 -0.129346 0.917635 -0.031967 0.045964 0.998432 0.391558 -0.462307 0.795584 0.007899 0.063819 0.997930 
-0.372746 -0.134651 0.918112 -0.037059 0.052533 0.997931 0.385378 -0.452220 0.804351 0.008915 0.069572 0.997537 
-0.369628 -0.139370 0.918668 -0.043160 0.060330 0.997245 0.377041 -0.441840 0.814013 0.009466 0.077044 0.996983 
-0.368639 -0.143290 0.918462 -0.050130 0.069326 0.996334 0.369953 -0.432867 0.822047 0.009733 0.086305 0.996221 
-0.367576 -0.145775 0.918497 -0.053721 0.073616 0.995839 0.366467 -0.427542 0.826383 0.009590 0.090859 0.995818 
-0.366279 -0.146519 0.918897 -0.053882 0.073475 0.995840 0.366445 -0.426365 0.827001 0.009379 0.091114 0.995796 
-0.366965 -0.146307 0.918657 -0.053305 0.072632 0.995933 0.369033 -0.427867 0.825073 0.009272 0.090707 0.995834 
-0.368835 -0.145431 0.918047 -0.052313 0.071376 0.996077 0.373818 -0.431306 0.821118 0.009218 0.090271 0.995875 
-0.371968 -0.143952 0.917016 -0.050406 0.068944 0.996346 0.380652 -0.436350 0.815293 0.008915 0.088498 0.996036 
-0.374427 -0.141643 0.916374 -0.046324 0.063584 0.996901 0.388412 -0.442731 0.808162 0.008288 0.083418 0.996480 
-0.375391 -0.138554 0.916452 -0.039098 0.053795 0.997786 0.397479 -0.450531 0.799395 0.007186 0.073389 0.997278 
-0.374717 -0.135009 0.917256 -0.029459 0.040613 0.998741 0.406820 -0.458964 0.789841 0.005759 0.059445 0.998215 
-0.374354 -0.131601 0.917900 -0.020366 0.028112 0.999397 0.416832 -0.467104 0.779785 0.004481 0.046442 0.998911 
-0.374428 -0.129223 0.918207 -0.013129 0.018134 0.999749 0.424955 -0.472835 0.771907 0.003421 0.035519 0.999363 
-0.008312 0.011493 0.999899 0.002740 0.028431 0.999592 -0.374778 -0.127400 0.918319 0.431083 -0.477000 0.765923 
-0.004996 0.006916 0.999964 0.002242 0.023252 0.999727 -0.374816 -0.126248 0.918463 0.434416 -0.479471 0.762489 
-0.002900 0.004015 0.999988 0.001930 0.019967 0.999799 -0.374295 -0.125679 0.918754 0.435760 -0.480715 0.760937 
-0.003145 0.004357 0.999986 0.002017 0.020831 0.999781 -0.374959 -0.125324 0.918531 0.437255 -0.481438 0.759622 
-0.004707 0.006533 0.999968 0.002262 0.023458 0.999722 -0.377606 -0.125014 0.917489 0.439788 -0.481885 0.757874 
-0.005102 0.007090 0.999962 0.002308 0.024021 0.999709 -0.379471 -0.124666 0.916766 0.442054 -0.482438 0.756202 
-0.003204 0.004445 0.999985 0.002005 0.020543 0.999787 -0.378119 -0.124983 0.917281 0.441760 -0.482205 0.756523 
-0.370313 -0.126939 0.920193 -0.002603 0.003596 0.999990 0.430565 -0.478325 0.765388 0.002001 0.019398 0.999810 
-0.363536 -0.131689 0.922225 -0.012445 0.017090 0.999776 0.412565 -0.466911 0.782166 0.003783 0.034864 0.999385 
-0.367816 -0.139067 0.919441 -0.031571 0.043158 0.998569 0.399726 -0.450993 0.798013 0.006932 0.061900 0.998058 
-0.372394 -0.144965 0.916683 -0.049585 0.067716 0.996472 0.385124 -0.436585 0.813064 0.009590 0.086874 0.996173 
-0.367595 -0.146333 0.918401 -0.053601 0.073271 0.995871 0.369829 -0.428196 0.824545 0.009809 0.091224 0.995782 
-0.363477 -0.146367 0.920033 -0.054610 0.074764 0.995705 0.360468 -0.423698 0.830989 0.009816 0.092040 0.995707 
-0.361274 -0.146469 0.920884 -0.055090 0.075460 0.995626 0.356401 -0.421444 0.833884 0.009907 0.092550 0.995659 
-0.361089 -0.146428 0.920963 -0.055079 0.075450 0.995627 0.356191 -0.421391 0.834001 0.009906 0.092588 0.995655 
-0.362436 -0.146108 0.920485 -0.054552 0.074749 0.995709 0.358939 -0.423302 0.831852 0.009818 0.092169 0.995695 
-0.365093 -0.145465 0.919536 -0.053560 0.073438 0.995861 0.364300 -0.426937 0.827653 0.009661 0.091381 0.995769 
-0.368776 -0.144528 0.918214 -0.052025 0.071389 0.996091 0.371751 -0.431780 0.821807 0.009401 0.089871 0.995909 
-0.371591 -0.142946 0.917326 -0.048476 0.066578 0.996603 0.379904 -0.437564 0.814991 0.008821 0.085245 0.996321 
-0.371887 -0.140477 0.917587 -0.041607 0.057180 0.997496 0.387938 -0.444408 0.807469 0.007755 0.075545 0.997112 
-0.371096 -0.137647 0.918336 -0.033658 0.046267 0.998362 0.396171 -0.451734 0.799365 0.006590 0.064469 0.997898 
-0.371310 -0.135189 0.918615 -0.027106 0.037295 0.998937 0.403922 -0.458085 0.791837 0.005615 0.055213 0.998459 
-0.371725 -0.132853 0.918788 -0.021399 0.029483 0.999336 0.411033 -0.463834 0.784799 0.004769 0.047222 0.998873 
-0.372459 -0.130874 0.918774 -0.016820 0.023210 0.999589 0.417131 -0.468535 0.778766 0.004074 0.040694 0.999163 
-0.372415 -0.129735 0.918953 -0.013605 0.018788 0.999731 0.420261 -0.471131 0.775510 0.003570 0.035809 0.999352 
-0.371936 -0.129362 0.919200 -0.012236 0.016897 0.999782 0.421023 -0.471970 0.774587 0.003365 0.033740 0.999425 
-0.371784 -0.129622 0.919225 -0.013024 0.017984 0.999753 0.419966 -0.471310 0.775561 0.003488 0.034960 0.999383 
-0.371761 -0.130413 0.919122 -0.015580 0.021512 0.999647 0.417223 -0.469350 0.778226 0.003882 0.038880 0.999236 
-0.371915 -0.131771 0.918867 -0.019705 0.027208 0.999436 0.412892 -0.466016 0.782528 0.004510 0.045027 0.998976 
-0.371808 -0.133080 0.918721 -0.023046 0.031808 0.999228 0.408961 -0.462847 0.786463 0.005022 0.049799 0.998747 
-0.371669 -0.134259 0.918606 -0.026143 0.036074 0.999007 0.405250 -0.459898 0.790105 0.005499 0.054229 0.998513 
-0.371754 -0.135477 0.918392 -0.029650 0.040905 0.998723 0.401455 -0.456795 0.793833 0.006035 0.059320 0.998221 
-0.371947 -0.136712 0.918131 -0.033365 0.046025 0.998383 0.397609 -0.453599 0.797593 0.006601 0.064745 0.997880 
-0.372176 -0.137809 0.917874 -0.036597 0.050478 0.998054 0.394293 -0.450757 0.800844 0.007090 0.069403 0.997564 
-0.372337 -0.138570 0.917694 -0.038830 0.053553 0.997810 0.392007 -0.448774 0.803077 0.007429 0.072610 0.997333 
-0.372426 -0.139014 0.917591 -0.040135 0.055351 0.997660 0.390669 -0.447609 0.804378 0.007628 0.074487 0.997193 
-0.372443 -0.139127 0.917567 -0.040470 0.055812 0.997621 0.390325 -0.447311 0.804711 0.007679 0.074973 0.997156 
-0.372406 -0.138984 0.917604 -0.040058 0.055244 0.997669 0.390744 -0.447684 0.804300 0.007617 0.074387 0.997200 
-0.372324 -0.138627 0.917691 -0.039022 0.053818 0.997788 0.391801 -0.448613 0.803267 0.007460 0.072907 0.997311 
