1.900215 -0.334606 0.004642 1.920910 -0.550859 0.004670 1.762903 -0.348350 0.003915 1.784611 -0.561438 0.003949 
1.900218 -0.334606 0.004673 1.920912 -0.550859 0.004697 1.762906 -0.348350 0.004015 1.784613 -0.561438 0.004045 
1.900124 -0.334580 0.004580 1.920813 -0.550834 0.004373 1.762810 -0.348320 0.004171 1.784512 -0.561409 0.003971 
1.900022 -0.334724 0.004366 1.920699 -0.550979 0.004312 1.762707 -0.348457 0.004167 1.784397 -0.561547 0.004116 
1.900128 -0.334654 0.004671 1.920754 -0.550913 0.004197 1.762810 -0.348354 0.004221 1.784451 -0.561448 0.003758 
1.900129 -0.334652 0.004697 1.920756 -0.550912 0.004269 1.762811 -0.348353 0.004291 1.784452 -0.561447 0.003873 
1.900131 -0.334651 0.004719 1.920757 -0.550911 0.004334 1.762813 -0.348352 0.004355 1.784453 -0.561446 0.003978 
1.900170 -0.334735 0.004619 1.920718 -0.551003 0.004459 1.762847 -0.348386 0.004324 1.784410 -0.561489 0.004169 
1.900169 -0.334740 0.004620 1.920716 -0.551007 0.004505 1.762846 -0.348390 0.004378 1.784408 -0.561493 0.004268 
1.900138 -0.334941 0.004199 1.920693 -0.551207 0.004684 1.762815 -0.348596 0.004122 1.784385 -0.561698 0.004602 
1.900028 -0.335046 0.003908 1.920569 -0.551313 0.004585 1.762704 -0.348692 0.004189 1.784261 -0.561794 0.004853 
1.900073 -0.335059 0.003980 1.920588 -0.551329 0.004646 1.762748 -0.348689 0.004182 1.784278 -0.561794 0.004837 
1.900073 -0.335060 0.004070 1.920587 -0.551330 0.004676 1.762748 -0.348690 0.004257 1.784278 -0.561795 0.004854 
1.900073 -0.335061 0.004150 1.920587 -0.551331 0.004708 1.762747 -0.348691 0.004326 1.784277 -0.561796 0.004874 
1.900045 -0.335119 0.003716 1.920515 -0.551390 0.004945 1.762717 -0.348719 0.004161 1.784204 -0.561826 0.005369 
1.900043 -0.335110 0.003834 1.920513 -0.551378 0.005516 1.762715 -0.348709 0.004247 1.784202 -0.561813 0.005902 
1.900041 -0.335091 0.003942 1.920510 -0.551350 0.006578 1.762713 -0.348689 0.004335 1.784199 -0.561783 0.006931 
1.900038 -0.335063 0.004040 1.920506 -0.551301 0.008037 1.762709 -0.348659 0.004425 1.784194 -0.561733 0.008361 
1.900034 -0.335030 0.004130 1.920501 -0.551232 0.009742 1.762706 -0.348624 0.004514 1.784189 -0.561663 0.010043 
1.900031 -0.334996 0.004212 1.920493 -0.551149 0.011465 1.762702 -0.348587 0.004598 1.784181 -0.561578 0.011746 
1.900037 -0.334966 0.004287 1.920464 -0.551062 0.013192 1.762706 -0.348536 0.004681 1.784150 -0.561470 0.013457 
1.900042 -0.334934 0.004358 1.920445 -0.550957 0.014924 1.762710 -0.348490 0.004765 1.784131 -0.561352 0.015179 
1.900038 -0.334898 0.004427 1.920434 -0.550833 0.016670 1.762706 -0.348451 0.004839 1.784119 -0.561227 0.016907 
1.900034 -0.334861 0.004499 1.920421 -0.550694 0.018440 1.762702 -0.348412 0.004897 1.784106 -0.561087 0.018638 
1.900030 -0.334823 0.004571 1.920404 -0.550538 0.020239 1.762697 -0.348372 0.004945 1.784089 -0.560932 0.020390 
1.900025 -0.334783 0.004640 1.920385 -0.550364 0.022075 1.762692 -0.348331 0.004990 1.784070 -0.560758 0.022177 
1.900020 -0.334742 0.004705 1.920364 -0.550170 0.023960 1.762687 -0.348288 0.005033 1.784049 -0.560564 0.024014 
1.900015 -0.334699 0.004768 1.920341 -0.549952 0.025908 1.762682 -0.348244 0.005074 1.784026 -0.560347 0.025916 
1.900010 -0.334654 0.004827 1.920316 -0.549706 0.027936 1.762677 -0.348197 0.005115 1.784001 -0.560103 0.027897 
1.900005 -0.334607 0.004891 1.920282 -0.549431 0.030058 1.762671 -0.348148 0.005151 1.783968 -0.559828 0.029962 
1.900022 -0.334609 0.004935 1.920216 -0.549172 0.032295 1.762685 -0.348114 0.005159 1.783899 -0.559538 0.032133 
1.900015 -0.334557 0.005012 1.920168 -0.548825 0.034621 1.762677 -0.348059 0.005189 1.783852 -0.559193 0.034380 
1.900008 -0.334502 0.005096 1.920113 -0.548433 0.037078 1.762670 -0.348001 0.005216 1.783797 -0.558802 0.036749 
1.899999 -0.334442 0.005185 1.920050 -0.547987 0.039686 1.762661 -0.347939 0.005242 1.783733 -0.558359 0.039258 
1.899991 -0.334377 0.005279 1.919986 -0.547478 0.042453 1.762653 -0.347874 0.005295 1.783671 -0.557856 0.041947 
1.899985 -0.334308 0.005376 1.919931 -0.546901 0.045374 1.762646 -0.347804 0.005394 1.783616 -0.557286 0.044831 
1.899977 -0.334231 0.005485 1.919867 -0.546243 0.048489 1.762639 -0.347728 0.005502 1.783553 -0.556636 0.047902 
1.899969 -0.334148 0.005604 1.919794 -0.545489 0.051818 1.762631 -0.347645 0.005622 1.783481 -0.555892 0.051187 
1.899960 -0.334057 0.005731 1.919711 -0.544624 0.055379 1.762622 -0.347554 0.005752 1.783399 -0.555038 0.054703 
1.899962 -0.333987 0.005853 1.919600 -0.543654 0.059215 1.762622 -0.347466 0.005880 1.783288 -0.554064 0.058493 
1.899951 -0.333876 0.006001 1.919491 -0.542513 0.063295 1.762611 -0.347356 0.006032 1.783180 -0.552937 0.062521 
1.899939 -0.333753 0.006161 1.919363 -0.541187 0.067705 1.762599 -0.347232 0.006196 1.783054 -0.551627 0.066876 
1.899926 -0.333616 0.006335 1.919215 -0.539647 0.072463 1.762586 -0.347095 0.006375 1.782908 -0.550107 0.071574 
1.899911 -0.333463 0.006521 1.919044 -0.537863 0.077574 1.762571 -0.346942 0.006567 1.782739 -0.548345 0.076622 
1.899877 -0.333310 0.006705 1.918881 -0.535793 0.083081 1.762540 -0.346825 0.006758 1.782582 -0.546338 0.082062 
1.899833 -0.333151 0.006895 1.918702 -0.533396 0.088990 1.762501 -0.346718 0.006957 1.782409 -0.544024 0.087899 
1.899813 -0.332940 0.007130 1.918435 -0.530635 0.095241 1.762481 -0.346507 0.007199 1.782146 -0.541298 0.094074 
1.899770 -0.332733 0.007357 1.918173 -0.527439 0.101934 1.762443 -0.346346 0.007434 1.781891 -0.538190 0.100683 
1.899744 -0.332471 0.007626 1.917816 -0.523754 0.109007 1.762417 -0.346082 0.007713 1.781539 -0.534551 0.107671 
1.899681 -0.332248 0.007944 1.917487 -0.519557 0.116535 1.762362 -0.345945 0.008037 1.781222 -0.530495 0.115103 
1.899650 -0.331925 0.008398 1.917022 -0.514771 0.124413 1.762331 -0.345619 0.008504 1.780763 -0.525769 0.122890 
1.899623 -0.331627 0.008861 1.916466 -0.509220 0.132839 1.762301 -0.345290 0.008998 1.780212 -0.520262 0.131235 
1.899582 -0.331201 0.009391 1.915842 -0.502787 0.141631 1.762259 -0.344858 0.009542 1.779595 -0.513907 0.139924 
1.899535 -0.330916 0.009895 1.915120 -0.495395 0.150954 1.762211 -0.344563 0.010081 1.778881 -0.506604 0.149158 
1.899485 -0.330573 0.010492 1.914262 -0.487004 0.160508 1.762161 -0.344210 0.010670 1.778034 -0.498315 0.158579 
1.899490 -0.330072 0.011203 1.913491 -0.477309 0.170322 1.762183 -0.343882 0.011327 1.777290 -0.488922 0.168212 
1.899434 -0.329432 0.011870 1.912662 -0.466129 0.180194 1.762147 -0.343441 0.012058 1.776492 -0.478086 0.178018 
1.899367 -0.328810 0.012603 1.911605 -0.453355 0.190178 1.762093 -0.342940 0.012889 1.775462 -0.465603 0.187968 
1.899260 -0.327841 0.013317 1.910405 -0.438961 0.199656 1.761993 -0.342045 0.013758 1.774285 -0.451470 0.197477 
1.899175 -0.326191 0.014013 1.909161 -0.422428 0.208519 1.761918 -0.340480 0.014662 1.773067 -0.435230 0.206432 
1.899098 -0.322572 0.014610 1.908049 -0.403569 0.215988 1.761855 -0.336976 0.015565 1.771983 -0.416700 0.214108 
1.899175 -0.318423 0.015325 1.906423 -0.380843 0.223279 1.761938 -0.332879 0.016397 1.770387 -0.394286 0.221422 
1.899016 -0.310163 0.016088 1.903636 -0.353827 0.228846 1.761801 -0.324860 0.016665 1.767659 -0.367771 0.226432 
1.758816 -0.338237 0.228798 1.898241 -0.299018 0.019417 
1.892275 -0.281365 0.016996 1.757645 -0.304742 0.231812 
1.751150 -0.284704 0.230264 1.891089 -0.256599 0.019444 
1.746224 -0.271596 0.229864 1.888292 -0.238812 0.021155 
1.740782 -0.262578 0.229287 1.885102 -0.224789 0.022983 
1.741361 -0.254028 0.228356 1.889308 -0.213158 0.025232 
1.757963 -0.246383 0.228876 1.913968 -0.199935 0.033114 
1.784450 -0.238571 0.227613 1.916456 -0.213677 0.253005 1.814472 -0.211509 0.017270 1.948191 -0.185984 0.039886 
1.806442 -0.231589 0.222210 1.936555 -0.204174 0.253974 1.845910 -0.202953 0.013644 1.977855 -0.174860 0.042719 
1.817389 -0.229264 0.219901 1.945976 -0.200968 0.256706 1.864447 -0.199065 0.013137 1.994960 -0.170060 0.047329 
1.824537 -0.229762 0.218754 1.952234 -0.200514 0.257841 1.874907 -0.198666 0.012905 2.004569 -0.168686 0.049415 
1.825867 -0.231848 0.218444 1.953298 -0.202257 0.258137 1.877099 -0.200497 0.012847 2.006505 -0.170167 0.049971 
1.825180 -0.234349 0.218326 1.952432 -0.204474 0.258377 1.877065 -0.203439 0.012826 2.006301 -0.172829 0.050313 
1.824645 -0.236445 0.218229 1.951792 -0.206477 0.258544 1.877021 -0.205831 0.012809 2.006157 -0.175131 0.050564 
1.824741 -0.236849 0.218286 1.951912 -0.206867 0.258514 1.877001 -0.206332 0.012822 2.006160 -0.175620 0.050489 
1.825260 -0.236559 0.218495 1.952543 -0.206581 0.258373 1.877023 -0.206305 0.012867 2.006287 -0.175602 0.050177 
1.826309 -0.236112 0.218881 1.953800 -0.206103 0.258065 1.877049 -0.206243 0.012941 2.006508 -0.175514 0.049547 
1.827336 -0.235704 0.219247 1.955037 -0.205732 0.257770 1.877106 -0.206203 0.013019 2.006764 -0.175516 0.048952 
1.828764 -0.235231 0.219727 1.956718 -0.205204 0.257358 1.877195 -0.206148 0.013121 2.007089 -0.175411 0.048148 
1.830004 -0.234703 0.220122 1.958177 -0.204661 0.256987 1.877269 -0.205898 0.013206 2.007367 -0.175150 0.047456 
1.831378 -0.234286 0.220542 1.959770 -0.204174 0.256577 1.877372 -0.205787 0.013298 2.007673 -0.174972 0.046705 
1.832509 -0.234007 0.220869 1.961078 -0.203850 0.256230 1.877455 -0.205681 0.013371 2.007920 -0.174824 0.046094 
1.833455 -0.233456 0.221148 1.962191 -0.203337 0.255929 1.877521 -0.205332 0.013434 2.008142 -0.174516 0.045569 
1.834673 -0.233119 0.221486 1.963608 -0.203042 0.255561 1.877683 -0.205297 0.013511 2.008489 -0.174527 0.044928 
1.836294 -0.232846 0.221715 1.965351 -0.202751 0.255305 1.878579 -0.205261 0.013560 2.009499 -0.174478 0.044484 
1.838316 -0.232635 0.221923 1.967436 -0.202348 0.255097 1.879957 -0.205251 0.013611 2.010930 -0.174276 0.044114 
1.839679 -0.232396 0.222082 1.968860 -0.202021 0.254934 1.880842 -0.205220 0.013648 2.011871 -0.174160 0.043824 
1.840275 -0.232254 0.222215 1.969522 -0.201851 0.254783 1.881009 -0.205212 0.013680 2.012098 -0.174124 0.043567 
1.840729 -0.232181 0.222311 1.970015 -0.201716 0.254667 1.881130 -0.205197 0.013703 2.012253 -0.174049 0.043375 
1.841030 -0.232166 0.222386 1.970342 -0.201629 0.254571 1.881151 -0.205201 0.013721 2.012296 -0.173979 0.043221 
1.841358 -0.232141 0.222467 1.970699 -0.201533 0.254466 1.881174 -0.205204 0.013741 2.012345 -0.173912 0.043050 
1.841788 -0.232076 0.222574 1.971173 -0.201402 0.254329 1.881219 -0.205199 0.013767 2.012429 -0.173841 0.042830 
1.842234 -0.232040 0.222684 1.971665 -0.201293 0.254181 1.881249 -0.205201 0.013793 2.012499 -0.173770 0.042595 
1.842623 -0.232056 0.222771 1.972086 -0.201224 0.254053 1.881277 -0.205208 0.013815 2.012554 -0.173690 0.042398 
1.843001 -0.232013 0.222865 1.972505 -0.201127 0.253925 1.881302 -0.205211 0.013837 2.012615 -0.173639 0.042196 
1.843426 -0.231914 0.222976 1.972986 -0.201006 0.253777 1.881329 -0.205205 0.013865 2.012693 -0.173613 0.041960 
1.843869 -0.231796 0.223093 1.973490 -0.200874 0.253621 1.881358 -0.205197 0.013893 2.012779 -0.173591 0.041711 
1.844301 -0.231672 0.223207 1.973983 -0.200744 0.253467 1.881385 -0.205188 0.013920 2.012861 -0.173579 0.041466 
1.844761 -0.231544 0.223328 1.974508 -0.200608 0.253301 1.881413 -0.205179 0.013949 2.012949 -0.173564 0.041205 
1.845224 -0.231414 0.223447 1.975036 -0.200471 0.253133 1.881442 -0.205170 0.013978 2.013036 -0.173549 0.040942 
1.845672 -0.231285 0.223561 1.975545 -0.200334 0.252971 1.881475 -0.205159 0.014006 2.013125 -0.173533 0.040691 
1.846080 -0.231166 0.223666 1.976010 -0.200212 0.252821 1.881500 -0.205151 0.014032 2.013202 -0.173522 0.040458 
1.846456 -0.231059 0.223761 1.976437 -0.200101 0.252682 1.881524 -0.205143 0.014056 2.013272 -0.173512 0.040244 
1.846810 -0.230959 0.223848 1.976837 -0.199995 0.252554 1.881552 -0.205134 0.014078 2.013342 -0.173499 0.040047 
1.847123 -0.230870 0.223927 1.977192 -0.199903 0.252437 1.881571 -0.205128 0.014097 2.013400 -0.173490 0.039869 
1.847410 -0.230790 0.223998 1.977518 -0.199819 0.252330 1.881589 -0.205122 0.014115 2.013453 -0.173482 0.039706 
1.847680 -0.230715 0.224065 1.977823 -0.199742 0.252229 1.881606 -0.205117 0.014133 2.013502 -0.173474 0.039554 
1.847931 -0.230644 0.224127 1.978107 -0.199668 0.252136 1.881622 -0.205112 0.014149 2.013548 -0.173468 0.039412 
1.848164 -0.230578 0.224185 1.978370 -0.199600 0.252049 1.881636 -0.205107 0.014164 2.013590 -0.173461 0.039281 
1.848382 -0.230516 0.224239 1.978617 -0.199536 0.251967 1.881650 -0.205102 0.014179 2.013629 -0.173456 0.039158 
1.848586 -0.230459 0.224289 1.978848 -0.199476 0.251890 1.881663 -0.205098 0.014192 2.013666 -0.173450 0.039042 
1.848778 -0.230404 0.224335 1.979064 -0.199420 0.251817 1.881675 -0.205094 0.014205 2.013701 -0.173445 0.038934 
1.848958 -0.230353 0.224379 1.979267 -0.199367 0.251749 1.881686 -0.205090 0.014217 2.013733 -0.173440 0.038833 
1.849127 -0.230306 0.224420 1.979458 -0.199318 0.251685 1.881697 -0.205087 0.014228 2.013763 -0.173435 0.038737 
1.849286 -0.230261 0.224459 1.979638 -0.199271 0.251625 1.881707 -0.205084 0.014238 2.013792 -0.173431 0.038647 
1.849436 -0.230219 0.224495 1.979807 -0.199227 0.251567 1.881717 -0.205080 0.014248 2.013818 -0.173426 0.038562 
1.849578 -0.230179 0.224528 1.979966 -0.199186 0.251514 1.881726 -0.205077 0.014257 2.013843 -0.173422 0.038482 
1.849710 -0.230142 0.224560 1.980115 -0.199147 0.251463 1.881734 -0.205075 0.014265 2.013867 -0.173418 0.038408 
1.849835 -0.230107 0.224590 1.980255 -0.199111 0.251415 1.881742 -0.205072 0.014273 2.013889 -0.173414 0.038337 
1.849952 -0.230074 0.224617 1.980387 -0.199077 0.251370 1.881750 -0.205069 0.014281 2.013909 -0.173411 0.038271 
1.850062 -0.230044 0.224643 1.980510 -0.199044 0.251328 1.881757 -0.205067 0.014288 2.013929 -0.173407 0.038209 
1.850165 -0.230015 0.224667 1.980626 -0.199014 0.251289 1.881763 -0.205065 0.014295 2.013947 -0.173404 0.038151 
1.850261 -0.229988 0.224690 1.980734 -0.198986 0.251251 1.881769 -0.205063 0.014301 2.013963 -0.173401 0.038097 
1.850352 -0.229963 0.224711 1.980836 -0.198960 0.251216 1.881775 -0.205061 0.014307 2.013979 -0.173398 0.038045 
1.850437 -0.229940 0.224731 1.980932 -0.198935 0.251184 1.881781 -0.205059 0.014312 2.013994 -0.173395 0.037997 
1.850518 -0.229918 0.224750 1.981022 -0.198911 0.251153 1.881786 -0.205057 0.014317 2.014008 -0.173392 0.037952 
1.850593 -0.229897 0.224767 1.981107 -0.198889 0.251123 1.881791 -0.205055 0.014322 2.014021 -0.173389 0.037910 
1.850664 -0.229877 0.224784 1.981187 -0.198868 0.251096 1.881795 -0.205054 0.014326 2.014034 -0.173387 0.037869 
1.850732 -0.229859 0.224799 1.981262 -0.198849 0.251070 1.881800 -0.205052 0.014331 2.014045 -0.173384 0.037832 
1.850797 -0.229841 0.224814 1.981334 -0.198830 0.251045 1.881804 -0.205051 0.014335 2.014056 -0.173382 0.037795 
1.850859 -0.229825 0.224829 1.981404 -0.198812 0.251021 1.881808 -0.205049 0.014339 2.014067 -0.173379 0.037760 
1.850917 -0.229809 0.224842 1.981469 -0.198795 0.250998 1.881812 -0.205048 0.014342 2.014077 -0.173376 0.037728 
1.850971 -0.229795 0.224854 1.981529 -0.198779 0.250977 1.881815 -0.205047 0.014346 2.014086 -0.173374 0.037697 
1.851020 -0.229782 0.224865 1.981584 -0.198765 0.250958 1.881819 -0.205045 0.014349 2.014095 -0.173371 0.037670 
1.851065 -0.229770 0.224876 1.981634 -0.198752 0.250941 1.881822 -0.205044 0.014352 2.014102 -0.173369 0.037645 
1.851107 -0.229759 0.224885 1.981681 -0.198740 0.250925 1.881824 -0.205043 0.014354 2.014109 -0.173367 0.037621 
1.851145 -0.229749 0.224894 1.981724 -0.198729 0.250910 1.881827 -0.205042 0.014357 2.014116 -0.173365 0.037600 
1.851182 -0.229740 0.224902 1.981764 -0.198718 0.250896 1.881830 -0.205041 0.014359 2.014122 -0.173363 0.037579 
1.851216 -0.229731 0.224910 1.981802 -0.198708 0.250882 1.881832 -0.205040 0.014361 2.014128 -0.173361 0.037560 
1.851248 -0.229722 0.224917 1.981839 -0.198699 0.250870 1.881834 -0.205039 0.014363 2.014133 -0.173360 0.037542 
1.851287 -0.229731 0.224913 1.981886 -0.198724 0.250844 1.881829 -0.205006 0.014358 2.014136 -0.173342 0.037515 
1.851321 -0.229722 0.224921 1.981923 -0.198714 0.250831 1.881831 -0.205005 0.014360 2.014142 -0.173340 0.037496 
1.851353 -0.229714 0.224929 1.981959 -0.198705 0.250820 1.881833 -0.205004 0.014363 2.014147 -0.173338 0.037479 
1.851381 -0.229709 0.224936 1.981990 -0.198699 0.250809 1.881835 -0.205003 0.014365 2.014152 -0.173337 0.037464 
1.851409 -0.229707 0.224941 1.982021 -0.198697 0.250799 1.881837 -0.205003 0.014367 2.014156 -0.173336 0.037450 
1.851435 -0.229709 0.224946 1.982050 -0.198697 0.250789 1.881839 -0.205002 0.014369 2.014161 -0.173335 0.037436 
1.851459 -0.229711 0.224951 1.982076 -0.198699 0.250780 1.881840 -0.205002 0.014370 2.014164 -0.173334 0.037424 
1.851481 -0.229714 0.224955 1.982100 -0.198702 0.250772 1.881842 -0.205002 0.014372 2.014168 -0.173333 0.037414 
1.851501 -0.229718 0.224958 1.982122 -0.198705 0.250765 1.881843 -0.205002 0.014373 2.014171 -0.173332 0.037404 
1.851519 -0.229721 0.224961 1.982142 -0.198708 0.250758 1.881845 -0.205002 0.014374 2.014174 -0.173332 0.037395 
1.851536 -0.229726 0.224964 1.982161 -0.198712 0.250752 1.881846 -0.205002 0.014375 2.014177 -0.173331 0.037387 
1.851552 -0.229730 0.224967 1.982178 -0.198716 0.250746 1.881847 -0.205002 0.014376 2.014179 -0.173331 0.037379 
1.851566 -0.229735 0.224969 1.982194 -0.198720 0.250740 1.881848 -0.205002 0.014377 2.014182 -0.173330 0.037373 
1.851579 -0.229740 0.224971 1.982209 -0.198725 0.250736 1.881849 -0.205002 0.014378 2.014184 -0.173330 0.037366 
1.851619 -0.229780 0.224953 1.982258 -0.198794 0.250701 1.881835 -0.204923 0.014366 2.014179 -0.173279 0.037338 
1.851648 -0.229773 0.224961 1.982291 -0.198786 0.250691 1.881837 -0.204922 0.014369 2.014184 -0.173277 0.037323 
1.851677 -0.229798 0.224946 1.982330 -0.198841 0.250662 1.881825 -0.204862 0.014359 2.014182 -0.173246 0.037298 
1.851695 -0.229793 0.224952 1.982351 -0.198836 0.250657 1.881826 -0.204861 0.014362 2.014185 -0.173245 0.037290 
1.851709 -0.229789 0.224957 1.982366 -0.198832 0.250653 1.881827 -0.204860 0.014365 2.014187 -0.173244 0.037284 
1.851721 -0.229786 0.224961 1.982379 -0.198828 0.250650 1.881828 -0.204860 0.014367 2.014189 -0.173243 0.037279 
1.851733 -0.229783 0.224965 1.982392 -0.198825 0.250647 1.881829 -0.204859 0.014369 2.014191 -0.173242 0.037274 
1.851772 -0.229811 0.224964 1.982433 -0.198848 0.250634 1.881832 -0.204825 0.014370 2.014195 -0.173202 0.037263 
1.851800 -0.229837 0.224949 1.982471 -0.198906 0.250604 1.881819 -0.204761 0.014360 2.014192 -0.173169 0.037238 
1.851846 -0.229860 0.224951 1.982519 -0.198924 0.250590 1.881823 -0.204729 0.014362 2.014197 -0.173131 0.037224 
1.851877 -0.229852 0.224960 1.982554 -0.198915 0.250579 1.881825 -0.204728 0.014366 2.014203 -0.173129 0.037208 
1.851913 -0.229870 0.224950 1.982600 -0.198960 0.250550 1.881815 -0.204672 0.014359 2.014202 -0.173100 0.037181 
1.851934 -0.229864 0.224957 1.982623 -0.198954 0.250544 1.881816 -0.204671 0.014362 2.014205 -0.173098 0.037172 
1.851956 -0.229885 0.224945 1.982654 -0.199000 0.250521 1.881806 -0.204619 0.014355 2.014203 -0.173071 0.037153 
1.851972 -0.229880 0.224952 1.982671 -0.198995 0.250518 1.881807 -0.204618 0.014358 2.014205 -0.173069 0.037147 
1.851985 -0.229876 0.224957 1.982685 -0.198990 0.250516 1.881808 -0.204617 0.014362 2.014208 -0.173068 0.037143 
1.852017 -0.229903 0.224957 1.982719 -0.199014 0.250506 1.881811 -0.204592 0.014364 2.014211 -0.173039 0.037135 
1.852039 -0.229897 0.224963 1.982742 -0.199003 0.250500 1.881813 -0.204586 0.014367 2.014214 -0.173029 0.037126 
1.852071 -0.229916 0.224952 1.982784 -0.199051 0.250472 1.881801 -0.204525 0.014359 2.014212 -0.172995 0.037101 
1.852088 -0.229911 0.224958 1.982803 -0.199046 0.250468 1.881802 -0.204524 0.014363 2.014215 -0.172994 0.037094 
1.852130 -0.229942 0.224950 1.982849 -0.199082 0.250445 1.881799 -0.204464 0.014359 2.014215 -0.172938 0.037076 
1.852180 -0.229958 0.224954 1.982900 -0.199086 0.250430 1.881804 -0.204436 0.014363 2.014220 -0.172896 0.037060 
1.852231 -0.229972 0.224959 1.982954 -0.199093 0.250413 1.881808 -0.204407 0.014367 2.014227 -0.172860 0.037041 
1.852280 -0.229987 0.224964 1.983005 -0.199100 0.250397 1.881813 -0.204380 0.014370 2.014233 -0.172825 0.037024 
1.852331 -0.230001 0.224969 1.983058 -0.199104 0.250380 1.881817 -0.204355 0.014373 2.014239 -0.172789 0.037005 
1.852386 -0.230012 0.224975 1.983115 -0.199107 0.250362 1.881822 -0.204329 0.014376 2.014246 -0.172755 0.036984 
1.852418 -0.230003 0.224983 1.983151 -0.199097 0.250351 1.881824 -0.204328 0.014380 2.014251 -0.172753 0.036967 
1.852459 -0.230017 0.224986 1.983194 -0.199104 0.250337 1.881828 -0.204302 0.014382 2.014256 -0.172719 0.036953 
1.852481 -0.230010 0.224992 1.983218 -0.199097 0.250330 1.881830 -0.204301 0.014385 2.014260 -0.172718 0.036942 
1.852484 -0.230009 0.224994 1.983222 -0.199095 0.250330 1.881830 -0.204301 0.014386 2.014260 -0.172717 0.036941 
1.852483 -0.230009 0.224995 1.983221 -0.199095 0.250331 1.881830 -0.204300 0.014387 2.014260 -0.172717 0.036943 
1.852482 -0.230008 0.224996 1.983220 -0.199095 0.250333 1.881830 -0.204300 0.014388 2.014260 -0.172716 0.036945 
1.852532 -0.230023 0.224994 1.983266 -0.199088 0.250321 1.881846 -0.204252 0.014389 2.014272 -0.172645 0.036936 
1.852591 -0.230059 0.224990 1.983325 -0.199112 0.250301 1.881853 -0.204199 0.014390 2.014278 -0.172579 0.036919 
1.852620 -0.230051 0.224998 1.983358 -0.199101 0.250290 1.881855 -0.204198 0.014392 2.014283 -0.172576 0.036903 
1.852648 -0.230044 0.225005 1.983389 -0.199093 0.250280 1.881856 -0.204197 0.014394 2.014288 -0.172574 0.036889 
1.852682 -0.230061 0.225004 1.983422 -0.199101 0.250268 1.881860 -0.204172 0.014395 2.014291 -0.172538 0.036878 
1.852723 -0.230075 0.225005 1.983464 -0.199105 0.250254 1.881865 -0.204146 0.014396 2.014296 -0.172502 0.036864 
1.852754 -0.230071 0.225008 1.983500 -0.199107 0.250238 1.881864 -0.204130 0.014396 2.014299 -0.172492 0.036844 
1.852763 -0.230068 0.225010 1.983510 -0.199104 0.250235 1.881864 -0.204129 0.014397 2.014301 -0.172491 0.036840 
1.852770 -0.230066 0.225013 1.983517 -0.199102 0.250233 1.881865 -0.204129 0.014398 2.014302 -0.172491 0.036837 
1.852798 -0.230084 0.225011 1.983545 -0.199109 0.250224 1.881869 -0.204102 0.014398 2.014304 -0.172452 0.036830 
1.852847 -0.230096 0.225014 1.983596 -0.199111 0.250206 1.881874 -0.204076 0.014400 2.014310 -0.172415 0.036811 
