-0.005246 -0.000525 0.999986 -0.000012 0.000128 1.000000 -0.000016 0.000160 1.000000 -0.005258 -0.000408 0.999986 
-0.004743 -0.000475 0.999989 -0.000010 0.000110 1.000000 -0.000014 0.000139 1.000000 -0.004754 -0.000369 0.999989 
-0.002947 -0.000295 0.999996 0.000091 -0.000948 1.000000 0.000095 -0.000929 1.000000 -0.002931 -0.000227 0.999996 
-0.001431 -0.000143 0.999999 0.000024 -0.000247 1.000000 0.000024 -0.000238 1.000000 -0.001428 -0.000111 0.999999 
-0.003246 -0.000324 0.999995 0.000207 -0.002171 0.999998 0.000218 -0.002150 0.999998 -0.003203 -0.000248 0.999995 
-0.002933 -0.000293 0.999996 0.000187 -0.001961 0.999998 0.000197 -0.001942 0.999998 -0.002895 -0.000224 0.999996 
-0.002626 -0.000262 0.999997 0.000168 -0.001766 0.999998 0.000178 -0.001749 0.999998 -0.002592 -0.000200 0.999997 
-0.002128 -0.000212 0.999998 0.000070 -0.000733 1.000000 0.000073 -0.000720 1.000000 -0.002115 -0.000163 0.999998 
-0.001743 -0.000173 0.999998 0.000050 -0.000524 1.000000 0.000052 -0.000513 1.000000 -0.001734 -0.000133 0.999998 
-0.000553 -0.000055 1.000000 -0.000211 0.002225 0.999998 -0.000225 0.002227 0.999997 -0.000604 -0.000046 1.000000 
0.002025 0.000201 0.999998 -0.000295 0.003101 0.999995 -0.000312 0.003087 0.999995 0.001959 0.000151 0.999998 
0.001459 0.000145 0.999999 -0.000289 0.003050 0.999995 -0.000307 0.003039 0.999995 0.001393 0.000107 0.999999 
0.001354 0.000134 0.999999 -0.000264 0.002781 0.999996 -0.000280 0.002771 0.999996 0.001294 0.000099 0.999999 
0.001268 0.000126 0.999999 -0.000243 0.002558 0.999997 -0.000258 0.002549 0.999997 0.001213 0.000093 0.999999 
0.003213 0.000318 0.999995 -0.000533 0.005634 0.999984 -0.000566 0.005611 0.999984 0.003093 0.000237 0.999995 
0.002980 0.000295 0.999996 -0.000730 0.007711 0.999970 -0.000775 0.007689 0.999970 0.002813 0.000215 0.999996 
0.002838 0.000281 0.999996 -0.001143 0.012081 0.999926 -0.001216 0.012056 0.999927 0.002573 0.000197 0.999997 
0.002773 0.000275 0.999996 -0.001734 0.018315 0.999831 -0.001844 0.018287 0.999831 0.002369 0.000181 0.999997 
0.002764 0.000274 0.999996 -0.002434 0.025717 0.999666 -0.002590 0.025685 0.999667 0.002195 0.000168 0.999998 
0.002784 0.000275 0.999996 -0.003146 0.033237 0.999443 -0.003348 0.033201 0.999443 0.002046 0.000157 0.999998 
0.002840 0.000281 0.999996 -0.003858 0.040809 0.999160 -0.004106 0.040767 0.999160 0.001934 0.000148 0.999998 
0.002939 0.000290 0.999996 -0.004574 0.048424 0.998816 -0.004868 0.048377 0.998817 0.001863 0.000142 0.999998 
0.002971 0.000293 0.999996 -0.005299 0.056107 0.998411 -0.005641 0.056056 0.998412 0.001723 0.000131 0.999999 
0.002870 0.000283 0.999996 -0.006035 0.063889 0.997939 -0.006424 0.063834 0.997940 0.001448 0.000110 0.999999 
0.002699 0.000266 0.999996 -0.006782 0.071805 0.997396 -0.007221 0.071746 0.997397 0.001100 0.000084 0.999999 
0.002526 0.000249 0.999997 -0.007546 0.079903 0.996774 -0.008035 0.079840 0.996775 0.000746 0.000057 1.000000 
0.002361 0.000233 0.999997 -0.008333 0.088240 0.996064 -0.008873 0.088174 0.996066 0.000395 0.000030 1.000000 
0.002213 0.000218 0.999998 -0.009149 0.096884 0.995254 -0.009743 0.096813 0.995255 0.000053 0.000004 1.000000 
0.002080 0.000205 0.999998 -0.009999 0.105902 0.994326 -0.010649 0.105827 0.994328 -0.000282 -0.000021 1.000000 
0.001875 0.000185 0.999998 -0.010887 0.115336 0.993267 -0.011596 0.115256 0.993268 -0.000698 -0.000053 1.000000 
0.001617 0.000159 0.999999 -0.011801 0.125386 0.992038 -0.012573 0.125302 0.992039 -0.001180 -0.000090 0.999999 
0.001275 0.000125 0.999999 -0.012763 0.135693 0.990669 -0.013600 0.135605 0.990670 -0.001753 -0.000133 0.999998 
0.000869 0.000085 1.000000 -0.013775 0.146574 0.989104 -0.014681 0.146482 0.989104 -0.002403 -0.000183 0.999997 
0.000410 0.000040 1.000000 -0.014846 0.158119 0.987308 -0.015825 0.158023 0.987309 -0.003121 -0.000237 0.999995 
0.000115 0.000011 1.000000 -0.015986 0.170369 0.985251 -0.017043 0.170267 0.985251 -0.003689 -0.000281 0.999993 
0.000130 0.000013 1.000000 -0.017199 0.183312 0.982904 -0.018339 0.183202 0.982904 -0.003963 -0.000302 0.999992 
0.000123 0.000012 1.000000 -0.018490 0.197090 0.980211 -0.019719 0.196971 0.980211 -0.004278 -0.000326 0.999991 
0.000132 0.000013 1.000000 -0.019868 0.211800 0.977111 -0.021193 0.211673 0.977111 -0.004598 -0.000351 0.999989 
0.000150 0.000015 1.000000 -0.021342 0.227538 0.973535 -0.022771 0.227401 0.973535 -0.004931 -0.000377 0.999988 
0.000198 0.000019 1.000000 -0.022907 0.244564 0.969363 -0.024450 0.244415 0.969362 -0.005263 -0.000402 0.999986 
0.000223 0.000022 1.000000 -0.024592 0.262585 0.964595 -0.026256 0.262424 0.964595 -0.005641 -0.000431 0.999984 
0.000252 0.000025 1.000000 -0.026412 0.282061 0.959033 -0.028210 0.281888 0.959033 -0.006046 -0.000463 0.999982 
0.000288 0.000028 1.000000 -0.028374 0.303073 0.952545 -0.030320 0.302885 0.952545 -0.006480 -0.000497 0.999979 
0.000328 0.000032 1.000000 -0.030481 0.325644 0.945001 -0.032588 0.325441 0.945001 -0.006943 -0.000534 0.999976 
0.000384 0.000038 1.000000 -0.032853 0.350034 0.936161 -0.035139 0.349812 0.936161 -0.007432 -0.000575 0.999972 
0.000443 0.000044 1.000000 -0.035452 0.376231 0.925848 -0.037936 0.375989 0.925847 -0.007958 -0.000621 0.999968 
0.000501 0.000050 1.000000 -0.038038 0.403805 0.914054 -0.040740 0.403542 0.914054 -0.008515 -0.000666 0.999964 
0.000557 0.000055 1.000000 -0.040966 0.433423 0.900259 -0.043910 0.433135 0.900259 -0.009120 -0.000720 0.999958 
0.000632 0.000063 1.000000 -0.043895 0.464606 0.884429 -0.047107 0.464292 0.884429 -0.009741 -0.000772 0.999952 
0.000669 0.000067 1.000000 -0.047305 0.497620 0.866104 -0.050818 0.497274 0.866104 -0.010441 -0.000838 0.999945 
0.000762 0.000076 1.000000 -0.050513 0.531642 0.845461 -0.054357 0.531263 0.845462 -0.011107 -0.000897 0.999938 
0.000987 0.000098 1.000000 -0.053884 0.568144 0.821163 -0.058114 0.567726 0.821164 -0.011696 -0.000948 0.999931 
0.001088 0.000108 0.999999 -0.057428 0.606010 0.793381 -0.062097 0.605548 0.793383 -0.012439 -0.001015 0.999922 
0.001338 0.000133 0.999999 -0.061252 0.646421 0.760518 -0.066448 0.645905 0.760521 -0.013091 -0.001077 0.999914 
0.001284 0.000128 0.999999 -0.064944 0.687492 0.723282 -0.070755 0.686916 0.723284 -0.014060 -0.001167 0.999900 
0.000891 0.000090 1.000000 -0.069335 0.729165 0.680817 -0.075883 0.728513 0.680816 -0.015382 -0.001311 0.999881 
0.001356 0.000138 0.999999 -0.074629 0.771221 0.632178 -0.082087 0.770461 0.632180 -0.015854 -0.001392 0.999873 
0.002055 0.000212 0.999998 -0.079930 0.813489 0.576061 -0.088562 0.812588 0.576070 -0.016098 -0.001448 0.999869 
0.003174 0.000328 0.999995 -0.085600 0.853467 0.514070 -0.095746 0.852375 0.514091 -0.015870 -0.001458 0.999873 
0.004676 0.000487 0.999989 -0.092415 0.890564 0.445371 -0.104631 0.889190 0.445415 -0.015198 -0.001430 0.999883 
0.006885 0.000723 0.999976 -0.101819 0.921370 0.375113 -0.116821 0.919553 0.375200 -0.013686 -0.001321 0.999905 
0.007723 0.000813 0.999970 -0.110403 0.950863 0.289261 -0.130468 0.948277 0.289393 -0.013516 -0.001336 0.999908 
0.004160 0.000446 0.999991 -0.103053 0.973925 0.202115 -0.132463 0.970344 0.202202 -0.017565 -0.001801 0.999844 
-0.046442 -0.004852 0.998909 -0.024411 -0.002613 0.999699 
0.004978 0.000670 0.999987 -0.017118 -0.002296 0.999851 
-0.045083 -0.006860 0.998960 -0.023057 -0.003525 0.999728 
-0.058680 -0.009456 0.998232 -0.036705 -0.005953 0.999308 
-0.072109 -0.010404 0.997342 -0.050133 -0.007321 0.998716 
-0.090873 -0.012239 0.995787 -0.068924 -0.009433 0.997577 
-0.135919 -0.021004 0.990497 -0.114129 -0.017903 0.993305 
-0.182522 -0.034420 0.982599 0.739179 0.644999 0.193883 0.729428 0.657516 0.188700 -0.160981 -0.030728 0.986479 
-0.227351 -0.047904 0.972634 0.792996 0.562856 0.233133 0.788144 0.571840 0.227657 -0.206071 -0.043876 0.977553 
-0.262930 -0.057860 0.963078 0.815104 0.514316 0.266617 0.812422 0.521367 0.261049 -0.241866 -0.053753 0.968820 
-0.278699 -0.063835 0.958255 0.819740 0.498521 0.281961 0.817767 0.504853 0.276369 -0.257761 -0.059598 0.964369 
-0.282817 -0.065674 0.956923 0.820540 0.494882 0.286016 0.818737 0.501034 0.280419 -0.261917 -0.061387 0.963136 
-0.285210 -0.066960 0.956123 0.825804 0.485121 0.287587 0.824243 0.491037 0.281969 -0.264335 -0.062609 0.962397 
-0.287030 -0.067652 0.955530 0.829385 0.478198 0.288872 0.827985 0.483958 0.283241 -0.266169 -0.063276 0.961847 
-0.286406 -0.067523 0.955726 0.829771 0.477951 0.288172 0.828366 0.483716 0.282539 -0.265542 -0.063141 0.962030 
-0.283926 -0.066870 0.956511 0.830298 0.478607 0.285553 0.828841 0.484425 0.279918 -0.263046 -0.062481 0.962758 
-0.279000 -0.065670 0.958043 0.830171 0.481790 0.280525 0.828576 0.487748 0.274887 -0.258089 -0.061261 0.964177 
-0.274327 -0.064385 0.959479 0.829994 0.484837 0.275757 0.828260 0.490940 0.270117 -0.253386 -0.059971 0.965505 
-0.267977 -0.062887 0.961371 0.828897 0.490265 0.269388 0.826949 0.496581 0.263748 -0.246999 -0.058448 0.967251 
-0.262541 -0.061535 0.962957 0.827082 0.496197 0.264053 0.824912 0.502733 0.258416 -0.241531 -0.057084 0.968713 
-0.256622 -0.060187 0.964636 0.824896 0.502846 0.258249 0.822476 0.509625 0.252616 -0.235581 -0.055712 0.970257 
-0.251821 -0.059067 0.965970 0.822231 0.509502 0.253660 0.819572 0.516508 0.248033 -0.230755 -0.054577 0.971480 
-0.247725 -0.057957 0.967095 0.820325 0.514514 0.249684 0.817460 0.521720 0.244064 -0.226634 -0.053467 0.972511 
-0.242732 -0.056623 0.968439 0.818383 0.519941 0.244766 0.815275 0.527383 0.239152 -0.221614 -0.052130 0.973740 
-0.239279 -0.055797 0.969346 0.817213 0.523379 0.241323 0.813941 0.530980 0.235711 -0.218143 -0.051293 0.974568 
-0.236246 -0.055415 0.970112 0.815989 0.526668 0.238292 0.812581 0.534389 0.232681 -0.215101 -0.050871 0.975266 
-0.233926 -0.055003 0.970697 0.815608 0.528334 0.235897 0.812106 0.536146 0.230285 -0.212772 -0.050437 0.975799 
-0.231892 -0.054549 0.971211 0.814734 0.530573 0.233880 0.811126 0.538486 0.228270 -0.210729 -0.049974 0.976266 
-0.230367 -0.054282 0.971589 0.813604 0.532940 0.232428 0.809902 0.540936 0.226820 -0.209198 -0.049694 0.976610 
-0.229127 -0.054109 0.971892 0.812338 0.535360 0.231291 0.808550 0.543426 0.225688 -0.207954 -0.049508 0.976885 
-0.227766 -0.053899 0.972223 0.811012 0.537907 0.230035 0.807129 0.546052 0.224435 -0.206590 -0.049284 0.977186 
-0.226016 -0.053582 0.972649 0.809536 0.540824 0.228387 0.805535 0.549070 0.222791 -0.204834 -0.048953 0.977572 
-0.224156 -0.053249 0.973098 0.807638 0.544370 0.226677 0.803499 0.552730 0.221087 -0.202967 -0.048606 0.977978 
-0.222591 -0.053011 0.973470 0.805523 0.548059 0.225308 0.801250 0.556525 0.219724 -0.201399 -0.048353 0.978315 
-0.220999 -0.052707 0.973849 0.803958 0.550954 0.223831 0.799564 0.559521 0.218252 -0.199801 -0.048038 0.978658 
-0.219150 -0.052281 0.974290 0.802580 0.553675 0.222056 0.798057 0.562353 0.216482 -0.197944 -0.047604 0.979057 
-0.217208 -0.051817 0.974749 0.801226 0.556380 0.220179 0.796566 0.565178 0.214608 -0.195993 -0.047135 0.979472 
-0.215298 -0.051347 0.975197 0.799945 0.558948 0.218322 0.795151 0.567864 0.212756 -0.194075 -0.046659 0.979876 
-0.213266 -0.050849 0.975670 0.798502 0.561770 0.216352 0.793560 0.570815 0.210791 -0.192033 -0.046157 0.980302 
-0.211221 -0.050349 0.976141 0.797005 0.564648 0.214373 0.791909 0.573825 0.208818 -0.189979 -0.045651 0.980726 
-0.209264 -0.049870 0.976587 0.795569 0.567384 0.212476 0.790323 0.576690 0.206925 -0.188014 -0.045167 0.981127 
-0.207456 -0.049423 0.976995 0.794212 0.569933 0.210723 0.788824 0.579361 0.205178 -0.186198 -0.044716 0.981494 
-0.205794 -0.049014 0.977367 0.792903 0.572342 0.209118 0.787380 0.581884 0.203577 -0.184528 -0.044303 0.981828 
-0.204260 -0.048641 0.977708 0.791656 0.574602 0.207639 0.786005 0.584252 0.202103 -0.182988 -0.043925 0.982133 
-0.202875 -0.048301 0.978013 0.790501 0.576668 0.206306 0.784733 0.586416 0.200774 -0.181598 -0.043582 0.982407 
-0.201607 -0.047990 0.978290 0.789417 0.578584 0.205086 0.783540 0.588423 0.199558 -0.180324 -0.043268 0.982655 
-0.200419 -0.047699 0.978548 0.788376 0.580405 0.203945 0.782393 0.590330 0.198422 -0.179131 -0.042974 0.982886 
-0.199309 -0.047427 0.978788 0.787397 0.582105 0.202879 0.781314 0.592112 0.197360 -0.178017 -0.042700 0.983101 
-0.198281 -0.047174 0.979009 0.786478 0.583688 0.201892 0.780302 0.593772 0.196376 -0.176985 -0.042445 0.983298 
-0.197316 -0.046938 0.979216 0.785600 0.585188 0.200967 0.779335 0.595344 0.195454 -0.176016 -0.042206 0.983482 
-0.196415 -0.046717 0.979407 0.784771 0.586594 0.200103 0.778421 0.596821 0.194594 -0.175111 -0.041983 0.983653 
-0.195569 -0.046510 0.979586 0.783979 0.587928 0.199293 0.777548 0.598218 0.193786 -0.174262 -0.041774 0.983813 
-0.194775 -0.046315 0.979754 0.783225 0.589189 0.198531 0.776718 0.599541 0.193028 -0.173464 -0.041578 0.983962 
-0.194027 -0.046132 0.979911 0.782506 0.590384 0.197816 0.775926 0.600794 0.192316 -0.172713 -0.041393 0.984102 
-0.193323 -0.045960 0.980058 0.781823 0.591513 0.197144 0.775172 0.601981 0.191646 -0.172006 -0.041219 0.984233 
-0.192661 -0.045799 0.980196 0.781169 0.592586 0.196511 0.774453 0.603105 0.191016 -0.171341 -0.041056 0.984356 
-0.192038 -0.045647 0.980325 0.780547 0.593602 0.195916 0.773768 0.604171 0.190423 -0.170716 -0.040903 0.984471 
-0.191453 -0.045505 0.980446 0.779957 0.594561 0.195358 0.773118 0.605176 0.189868 -0.170129 -0.040759 0.984579 
-0.190904 -0.045371 0.980560 0.779398 0.595465 0.194836 0.772502 0.606126 0.189347 -0.169577 -0.040624 0.984679 
-0.190388 -0.045246 0.980666 0.778866 0.596320 0.194345 0.771917 0.607023 0.188858 -0.169060 -0.040498 0.984773 
-0.189904 -0.045128 0.980765 0.778363 0.597126 0.193884 0.771363 0.607869 0.188400 -0.168574 -0.040379 0.984862 
-0.189451 -0.045018 0.980858 0.777886 0.597888 0.193452 0.770839 0.608666 0.187970 -0.168119 -0.040268 0.984944 
-0.189025 -0.044915 0.980944 0.777437 0.598602 0.193048 0.770344 0.609417 0.187567 -0.167691 -0.040164 0.985021 
-0.188626 -0.044818 0.981026 0.777013 0.599275 0.192669 0.769876 0.610124 0.187189 -0.167290 -0.040066 0.985093 
-0.188250 -0.044727 0.981102 0.776609 0.599913 0.192312 0.769432 0.610792 0.186834 -0.166913 -0.039974 0.985161 
-0.187897 -0.044642 0.981174 0.776225 0.600517 0.191976 0.769012 0.611423 0.186501 -0.166559 -0.039888 0.985224 
-0.187565 -0.044562 0.981241 0.775863 0.601085 0.191661 0.768613 0.612021 0.186187 -0.166226 -0.039807 0.985284 
-0.187252 -0.044486 0.981304 0.775518 0.601624 0.191364 0.768234 0.612585 0.185892 -0.165911 -0.039731 0.985340 
-0.186957 -0.044415 0.981363 0.775192 0.602132 0.191086 0.767874 0.613121 0.185614 -0.165615 -0.039659 0.985393 
-0.186672 -0.044347 0.981421 0.774872 0.602630 0.190816 0.767522 0.613642 0.185345 -0.165329 -0.039589 0.985444 
-0.186398 -0.044282 0.981476 0.774560 0.603112 0.190558 0.767179 0.614149 0.185088 -0.165054 -0.039523 0.985492 
-0.186144 -0.044221 0.981527 0.774267 0.603565 0.190318 0.766858 0.614621 0.184850 -0.164799 -0.039462 0.985537 
-0.185908 -0.044165 0.981574 0.773995 0.603983 0.190096 0.766558 0.615062 0.184629 -0.164563 -0.039406 0.985579 
-0.185693 -0.044114 0.981617 0.773744 0.604367 0.189893 0.766284 0.615463 0.184427 -0.164347 -0.039354 0.985617 
-0.185496 -0.044067 0.981656 0.773514 0.604721 0.189707 0.766032 0.615833 0.184242 -0.164149 -0.039306 0.985652 
-0.185315 -0.044024 0.981693 0.773302 0.605046 0.189537 0.765798 0.616174 0.184072 -0.163967 -0.039263 0.985684 
-0.185145 -0.043984 0.981726 0.773101 0.605352 0.189377 0.765579 0.616493 0.183914 -0.163797 -0.039222 0.985714 
-0.184988 -0.043946 0.981758 0.772914 0.605637 0.189229 0.765374 0.616793 0.183766 -0.163639 -0.039184 0.985742 
-0.184839 -0.043911 0.981787 0.772736 0.605908 0.189089 0.765179 0.617075 0.183628 -0.163490 -0.039148 0.985768 
-0.184697 -0.043877 0.981816 0.772566 0.606167 0.188956 0.764990 0.617349 0.183495 -0.163347 -0.039114 0.985793 
-0.184547 -0.043815 0.981847 0.771659 0.607333 0.188918 0.764034 0.618542 0.183461 -0.163196 -0.039056 0.985820 
-0.184400 -0.043780 0.981876 0.771483 0.607599 0.188779 0.763842 0.618820 0.183323 -0.163048 -0.039021 0.985846 
-0.184261 -0.043748 0.981903 0.771311 0.607857 0.188650 0.763653 0.619092 0.183195 -0.162909 -0.038987 0.985870 
-0.184139 -0.043719 0.981928 0.771136 0.608114 0.188539 0.763462 0.619359 0.183084 -0.162786 -0.038958 0.985892 
-0.184023 -0.043692 0.981950 0.770918 0.608420 0.188441 0.763228 0.619677 0.182987 -0.162670 -0.038931 0.985912 
-0.183919 -0.043667 0.981971 0.770691 0.608735 0.188357 0.762983 0.620003 0.182904 -0.162566 -0.038906 0.985930 
-0.183824 -0.043644 0.981990 0.770464 0.609044 0.188283 0.762741 0.620322 0.182831 -0.162471 -0.038883 0.985947 
-0.183738 -0.043624 0.982007 0.770246 0.609340 0.188218 0.762508 0.620627 0.182767 -0.162385 -0.038863 0.985962 
-0.183661 -0.043606 0.982022 0.770037 0.609622 0.188161 0.762286 0.620916 0.182711 -0.162307 -0.038844 0.985975 
-0.183591 -0.043589 0.982036 0.769837 0.609889 0.188111 0.762074 0.621191 0.182661 -0.162237 -0.038828 0.985988 
-0.183527 -0.043574 0.982048 0.769648 0.610142 0.188066 0.761869 0.621456 0.182617 -0.162172 -0.038812 0.985999 
-0.183467 -0.043560 0.982060 0.769462 0.610390 0.188025 0.761673 0.621707 0.182577 -0.162113 -0.038798 0.986009 
-0.183413 -0.043547 0.982071 0.769282 0.610626 0.187990 0.761482 0.621951 0.182543 -0.162059 -0.038785 0.986019 
-0.183366 -0.043536 0.982080 0.769113 0.610849 0.187961 0.761304 0.622178 0.182514 -0.162011 -0.038774 0.986027 
-0.183255 -0.043466 0.982104 0.767174 0.613236 0.188110 0.759273 0.624608 0.182672 -0.161899 -0.038711 0.986048 
-0.183128 -0.043436 0.982129 0.767011 0.613477 0.187992 0.759095 0.624859 0.182555 -0.161772 -0.038681 0.986070 
-0.183034 -0.043367 0.982150 0.765595 0.615213 0.188091 0.757609 0.626629 0.182660 -0.161677 -0.038619 0.986088 
-0.182954 -0.043348 0.982165 0.765492 0.615364 0.188016 0.757497 0.626786 0.182586 -0.161596 -0.038600 0.986102 
-0.182893 -0.043334 0.982177 0.765409 0.615484 0.187959 0.757409 0.626909 0.182530 -0.161536 -0.038586 0.986112 
-0.182843 -0.043322 0.982187 0.765342 0.615582 0.187912 0.757334 0.627013 0.182483 -0.161485 -0.038574 0.986121 
-0.182792 -0.043310 0.982197 0.765273 0.615681 0.187866 0.757260 0.627116 0.182437 -0.161434 -0.038562 0.986130 
-0.182703 -0.043296 0.982214 0.764172 0.617032 0.187917 0.756109 0.628487 0.182493 -0.161346 -0.038548 0.986145 
-0.182616 -0.043227 0.982234 0.762693 0.618824 0.188033 0.754558 0.630312 0.182615 -0.161256 -0.038485 0.986162 
-0.182496 -0.043205 0.982257 0.761631 0.620127 0.188045 0.753443 0.631640 0.182631 -0.161136 -0.038464 0.986182 
-0.182359 -0.043173 0.982284 0.761451 0.620386 0.187918 0.753247 0.631910 0.182505 -0.160999 -0.038431 0.986206 
-0.182228 -0.043100 0.982311 0.760109 0.622015 0.187968 0.751837 0.633571 0.182561 -0.160867 -0.038364 0.986230 
-0.182137 -0.043079 0.982329 0.759989 0.622187 0.187882 0.751708 0.633749 0.182477 -0.160776 -0.038343 0.986246 
-0.182068 -0.043024 0.982344 0.758787 0.623623 0.187981 0.750449 0.635210 0.182580 -0.160706 -0.038294 0.986259 
-0.181999 -0.043008 0.982358 0.758699 0.623750 0.187915 0.750351 0.635344 0.182515 -0.160636 -0.038277 0.986271 
-0.181945 -0.042995 0.982368 0.758628 0.623851 0.187865 0.750274 0.635448 0.182465 -0.160582 -0.038265 0.986280 
-0.181875 -0.042982 0.982382 0.757712 0.624949 0.187913 0.749317 0.636562 0.182518 -0.160512 -0.038252 0.986292 
-0.181786 -0.042968 0.982399 0.757525 0.625197 0.187840 0.749118 0.636817 0.182445 -0.160424 -0.038237 0.986307 
-0.181676 -0.042898 0.982422 0.756120 0.626872 0.187922 0.747642 0.638523 0.182534 -0.160312 -0.038174 0.986328 
-0.181603 -0.042881 0.982437 0.756024 0.627008 0.187854 0.747538 0.638665 0.182466 -0.160239 -0.038156 0.986340 
-0.181503 -0.042849 0.982456 0.754468 0.628846 0.187963 0.745911 0.640532 0.182581 -0.160139 -0.038127 0.986358 
-0.181357 -0.042832 0.982484 0.753476 0.630042 0.187936 0.744872 0.641746 0.182559 -0.159993 -0.038108 0.986382 
-0.181199 -0.042803 0.982514 0.752500 0.631220 0.187895 0.743845 0.642946 0.182522 -0.159835 -0.038079 0.986409 
-0.181052 -0.042778 0.982543 0.751558 0.632352 0.187861 0.742854 0.644100 0.182491 -0.159687 -0.038053 0.986434 
-0.180893 -0.042754 0.982573 0.750615 0.633485 0.187814 0.741865 0.645252 0.182448 -0.159529 -0.038028 0.986460 
-0.180719 -0.042722 0.982606 0.749680 0.634610 0.187749 0.740880 0.646399 0.182387 -0.159355 -0.037995 0.986490 
-0.180577 -0.042688 0.982634 0.749487 0.634877 0.187618 0.740667 0.646680 0.182256 -0.159212 -0.037961 0.986514 
-0.180457 -0.042670 0.982657 0.748622 0.635901 0.187604 0.739763 0.647717 0.182247 -0.159093 -0.037942 0.986534 
-0.180363 -0.042648 0.982675 0.748496 0.636074 0.187517 0.739622 0.647903 0.182160 -0.158998 -0.037920 0.986550 
-0.180349 -0.042644 0.982678 0.748477 0.636102 0.187503 0.739602 0.647929 0.182146 -0.158984 -0.037916 0.986553 
-0.180354 -0.042646 0.982677 0.748487 0.636088 0.187508 0.739611 0.647917 0.182150 -0.158989 -0.037918 0.986552 
-0.180358 -0.042647 0.982676 0.748493 0.636081 0.187511 0.739621 0.647905 0.182154 -0.158993 -0.037919 0.986551 
-0.180285 -0.042660 0.982689 0.747381 0.637366 0.187581 0.738458 0.649209 0.182227 -0.158921 -0.037929 0.986562 
-0.180158 -0.042647 0.982713 0.745758 0.639240 0.187665 0.736765 0.651104 0.182319 -0.158794 -0.037916 0.986583 
-0.180029 -0.042619 0.982738 0.745570 0.639493 0.187546 0.736561 0.651369 0.182201 -0.158665 -0.037888 0.986605 
-0.179907 -0.042590 0.982761 0.745399 0.639725 0.187434 0.736372 0.651613 0.182089 -0.158543 -0.037858 0.986626 
-0.179827 -0.042584 0.982776 0.744565 0.640689 0.187459 0.735502 0.652587 0.182118 -0.158462 -0.037851 0.986639 
-0.179715 -0.042571 0.982797 0.743702 0.641691 0.187454 0.734596 0.653607 0.182117 -0.158351 -0.037837 0.986658 
-0.179581 -0.042529 0.982824 0.743230 0.642263 0.187373 0.734094 0.654193 0.182037 -0.158216 -0.037796 0.986681 
-0.179543 -0.042520 0.982831 0.743175 0.642336 0.187338 0.734036 0.654267 0.182003 -0.158178 -0.037787 0.986687 
-0.179515 -0.042514 0.982836 0.743136 0.642388 0.187312 0.733992 0.654325 0.181977 -0.158150 -0.037781 0.986692 
-0.179459 -0.042516 0.982846 0.742325 0.643311 0.187361 0.733148 0.655255 0.182030 -0.158095 -0.037782 0.986701 
-0.179311 -0.042494 0.982874 0.741405 0.644382 0.187324 0.732180 0.656346 0.181996 -0.157947 -0.037759 0.986725 
