0.200735 -0.008356 0.004359 0.222849 0.127860 0.003870 -0.013545 0.027391 0.004597 0.011367 0.161812 0.004110 
0.200749 -0.008370 0.004460 0.222868 0.127845 0.003977 -0.013530 0.027383 0.004593 0.011386 0.161803 0.004113 
0.200842 -0.008299 0.004531 0.222942 0.127920 0.004288 -0.013441 0.027423 0.004290 0.011455 0.161847 0.004053 
0.200843 -0.008300 0.004569 0.222942 0.127919 0.004355 -0.013441 0.027422 0.004348 0.011455 0.161846 0.004139 
0.200843 -0.008301 0.004604 0.222942 0.127918 0.004416 -0.013441 0.027421 0.004401 0.011455 0.161845 0.004218 
0.200843 -0.008302 0.004636 0.222942 0.127917 0.004472 -0.013441 0.027420 0.004450 0.011455 0.161845 0.004290 
0.200832 -0.008324 0.004672 0.222949 0.127892 0.004514 -0.013447 0.027426 0.004501 0.011467 0.161847 0.004347 
0.200897 -0.008365 0.004686 0.223051 0.127845 0.004538 -0.013372 0.027443 0.004107 0.011579 0.161858 0.003968 
0.200890 -0.008341 0.004588 0.223046 0.127869 0.004576 -0.013379 0.027471 0.004114 0.011574 0.161885 0.004108 
0.200887 -0.008262 0.004363 0.223038 0.127949 0.004635 -0.013383 0.027543 0.004052 0.011564 0.161958 0.004327 
0.200846 -0.008055 0.003862 0.223008 0.128152 0.004627 -0.013421 0.027767 0.003833 0.011537 0.162178 0.004591 
0.200840 -0.008069 0.003936 0.223001 0.128137 0.004841 -0.013428 0.027751 0.003940 0.011530 0.162161 0.004836 
0.200900 -0.007715 0.004031 0.222796 0.128533 0.005030 -0.013437 0.027688 0.004031 0.011259 0.162146 0.005021 
0.201104 -0.007290 0.003621 0.222830 0.128978 0.005367 -0.013276 0.027850 0.003471 0.011252 0.162332 0.005202 
0.201103 -0.007297 0.003745 0.222827 0.128968 0.005741 -0.013278 0.027842 0.003605 0.011249 0.162320 0.005585 
0.201055 -0.007644 0.003863 0.222884 0.128542 0.008438 -0.013296 0.027677 0.003734 0.011334 0.162075 0.008267 
0.200962 -0.011773 0.003964 0.220622 0.124657 0.010641 -0.013920 0.020155 0.003853 0.008569 0.154841 0.010468 
0.200755 -0.016984 0.004046 0.219013 0.119645 0.010634 -0.014444 0.012733 0.003978 0.006661 0.147647 0.010504 
0.200759 -0.016951 0.004126 0.219024 0.119720 0.009738 -0.014440 0.012765 0.004066 0.006671 0.147722 0.009625 
0.200771 -0.016872 0.004197 0.219046 0.119874 0.007451 -0.014428 0.012843 0.004146 0.006693 0.147874 0.007369 
0.200776 -0.016847 0.004261 0.219054 0.119914 0.006769 -0.014423 0.012868 0.004270 0.006701 0.147914 0.006754 
0.200514 -0.016889 0.004335 0.220718 0.119572 0.008098 -0.014244 0.015864 0.004348 0.008782 0.150570 0.008075 
0.198747 -0.017860 0.004413 0.224107 0.117602 0.011536 -0.014619 0.022926 0.006721 0.013495 0.156530 0.013744 
0.010976 0.157906 0.018859 -0.022568 -0.387733 0.004453 -0.122003 -0.294020 0.008972 0.127725 -0.236903 0.027692 0.220774 0.115414 0.011335 0.192941 -0.019580 0.004552 
0.004363 0.157982 0.022160 -0.022637 -0.389080 0.004495 -0.122031 -0.295335 0.009225 0.127908 -0.237957 0.023877 0.214080 0.116237 0.009747 0.186626 -0.018906 0.004594 
0.003080 0.159324 0.022684 -0.029602 -0.397791 0.005232 -0.129080 -0.304202 0.011161 0.121029 -0.245825 0.014937 0.212967 0.119154 0.008140 0.186560 -0.016251 0.004623 
0.002701 0.158720 0.020890 -0.047082 -0.411287 0.010906 -0.146113 -0.317314 0.018092 0.104015 -0.259476 0.009888 0.212754 0.119383 0.006465 0.186995 -0.016180 0.004661 
0.002249 0.158493 0.018329 -0.067899 -0.424797 0.019316 -0.166762 -0.330765 0.027916 0.082752 -0.272920 0.008588 0.212514 0.119511 0.006219 0.187036 -0.016108 0.004690 
0.001694 0.158188 0.014260 -0.088281 -0.436440 0.026847 -0.187011 -0.342395 0.036737 0.061564 -0.284602 0.007628 0.212213 0.119574 0.005986 0.187030 -0.016102 0.004713 
0.001114 0.157571 0.009335 -0.105389 -0.442916 0.031608 -0.204084 -0.348992 0.042903 0.043375 -0.290992 0.005798 0.211814 0.119243 0.005564 0.186864 -0.016481 0.004845 
0.000402 0.156945 0.005057 -0.112978 -0.443563 0.031857 -0.211688 -0.349631 0.042947 0.035644 -0.291699 0.004903 0.211169 0.118800 0.004885 0.186353 -0.016950 0.004724 
0.000401 0.156946 0.005040 -0.112168 -0.444136 0.032876 -0.211349 -0.350650 0.043513 0.035649 -0.291670 0.004909 0.211168 0.118801 0.004887 0.186353 -0.016950 0.004750 
0.000401 0.156947 0.005019 -0.111408 -0.444334 0.035796 -0.210864 -0.351167 0.046671 0.035457 -0.291511 0.004915 0.211168 0.118802 0.004887 0.186353 -0.016949 0.004777 
0.000313 0.156741 0.004626 -0.112900 -0.442114 0.038855 -0.212484 -0.349245 0.051022 0.032928 -0.288907 0.005101 0.211105 0.118737 0.004604 0.186380 -0.017030 0.004824 
0.000237 0.156601 0.004543 -0.117437 -0.437785 0.041991 -0.216802 -0.344862 0.055469 0.211044 0.118676 0.004248 0.027927 -0.284683 0.005842 0.186371 -0.017098 0.005032 
0.000241 0.156629 0.004570 -0.122870 -0.433950 0.046105 -0.221748 -0.340645 0.060497 0.211048 0.118705 0.004311 0.022493 -0.281481 0.007369 0.186378 -0.017063 0.005932 
0.000248 0.156674 0.004595 -0.127387 -0.431078 0.050860 -0.225860 -0.337444 0.065880 0.211055 0.118748 0.004369 0.017861 -0.279204 0.009445 0.186389 -0.016999 0.007284 
0.000257 0.156722 0.004623 -0.130846 -0.428772 0.055566 -0.228988 -0.334872 0.071085 0.211063 0.118795 0.004420 0.014179 -0.277421 0.011543 0.186404 -0.016915 0.008742 
0.000264 0.156768 0.004649 -0.133987 -0.427113 0.060398 -0.231837 -0.332990 0.076397 0.211070 0.118839 0.004466 0.010703 -0.276242 0.013703 0.186420 -0.016824 0.010111 
0.000272 0.156811 0.004673 -0.137076 -0.425965 0.065403 -0.234659 -0.331651 0.081901 0.211078 0.118882 0.004508 0.007162 -0.275547 0.015931 0.186437 -0.016725 0.011409 
0.000279 0.156854 0.004695 -0.140331 -0.424781 0.070397 -0.237622 -0.330263 0.087440 0.211085 0.118925 0.004546 0.003411 -0.274846 0.018097 0.186457 -0.016615 0.012698 
0.000286 0.156897 0.004715 -0.143777 -0.423515 0.075422 -0.240747 -0.328775 0.093057 0.211092 0.118968 0.004580 -0.000573 -0.274103 0.020228 0.186478 -0.016493 0.013994 
0.003014 0.166466 0.019556 -0.147220 -0.424735 0.077904 -0.243354 -0.329094 0.095247 0.212118 0.120510 0.013111 -0.003508 -0.277053 0.019469 0.182448 -0.014146 0.018724 
0.004826 0.178467 0.029590 -0.151086 -0.429078 0.076730 -0.246162 -0.332195 0.092979 0.213265 0.131718 0.013926 -0.006415 -0.283932 0.014435 0.183253 -0.002863 0.019529 
0.012557 0.203689 0.041462 -0.155438 -0.438625 0.073122 -0.249819 -0.340877 0.088205 -0.010632 -0.295689 0.006202 0.218846 0.153430 0.013234 0.186759 0.019350 0.019320 
0.020741 0.218665 0.050645 -0.157392 -0.441964 0.065076 -0.253276 -0.345175 0.076385 0.230933 0.195591 0.016516 -0.011041 -0.297313 0.005618 0.216698 0.058483 0.023072 
0.045262 0.242889 0.064818 -0.155857 -0.446815 0.058055 -0.254348 -0.352457 0.067331 0.257018 0.233408 0.034042 -0.011091 -0.297996 0.005392 0.251455 0.095644 0.039895 
0.077653 0.261976 0.069035 -0.154573 -0.450016 0.053853 -0.254991 -0.357465 0.060206 0.291764 0.261026 0.063293 -0.011064 -0.298591 0.005341 0.291073 0.123162 0.069386 
0.116398 0.283807 0.073671 -0.153078 -0.452947 0.050353 -0.255209 -0.362144 0.054068 0.328942 0.285851 0.100101 -0.011030 -0.299094 0.005304 0.329196 0.148011 0.106748 
0.144022 0.299941 0.065647 -0.151251 -0.454775 0.050928 -0.254711 -0.365423 0.052298 0.353821 0.299648 0.108794 -0.010929 -0.299484 0.005409 0.351801 0.161877 0.116475 
0.155047 0.315579 0.064124 -0.150707 -0.454777 0.053133 -0.254510 -0.365817 0.054012 0.362294 0.310955 0.118019 -0.011169 -0.299406 0.005523 0.363053 0.173846 0.102373 
0.161208 0.319645 0.030439 -0.149159 -0.454035 0.060069 -0.253289 -0.365458 0.060993 0.365385 0.313993 0.094919 -0.011295 -0.299351 0.005809 0.369092 0.178226 0.070475 
0.160765 0.320119 0.028450 -0.147310 -0.450155 0.073009 -0.252867 -0.363439 0.078286 0.360296 0.313538 0.106052 -0.015589 -0.294020 0.008595 0.363990 0.177309 0.084330 
0.158883 0.320743 0.025804 -0.149440 -0.445993 0.100529 -0.255447 -0.360437 0.112048 0.355799 0.317375 0.110011 0.361171 0.180747 0.091364 
0.156808 0.321476 0.021693 -0.144605 -0.445834 0.144964 -0.250503 -0.360847 0.160858 0.354614 0.323629 0.103826 0.361861 0.186584 0.089333 
0.154829 0.322281 0.016223 -0.127044 -0.446854 0.201675 -0.233277 -0.362734 0.219793 0.355896 0.330699 0.089564 0.364768 0.193296 0.080303 
0.153442 0.322671 0.009307 -0.099967 -0.443137 0.265441 -0.206633 -0.359803 0.284608 0.358633 0.337396 0.068952 0.369061 0.199819 0.066170 
0.152646 0.323005 0.005957 -0.067100 -0.430763 0.331504 -0.173767 -0.347766 0.352086 0.361718 0.342659 0.048151 0.373780 0.205220 0.051163 
0.149846 0.323149 0.004976 -0.027759 -0.410385 0.397714 -0.133775 -0.327352 0.421295 0.361657 0.347393 0.025627 0.376137 0.210496 0.035296 
0.144075 0.322876 0.008547 0.019258 -0.382669 0.463769 -0.085345 -0.299184 0.491666 0.356520 0.349922 0.004932 0.373858 0.213978 0.021137 
0.145792 0.323415 0.025899 0.071616 -0.353526 0.532017 -0.030905 -0.269747 0.566080 0.357012 0.352113 0.004913 0.377430 0.217819 0.029248 
0.147602 0.326926 0.041763 0.113853 -0.328358 0.597134 0.008783 -0.245746 0.625863 0.357083 0.352183 0.004920 0.378155 0.219146 0.034939 
0.161163 0.324999 0.060255 0.147281 -0.296642 0.657330 0.041046 -0.214194 0.681953 0.369577 0.349840 0.017544 0.392642 0.219121 0.055286 
0.176853 0.322558 0.075086 0.177572 -0.263446 0.709185 0.069879 -0.181662 0.729268 0.384587 0.346883 0.028905 0.409405 0.218941 0.074281 
0.189868 0.317150 0.086374 0.205707 -0.228036 0.757272 0.096231 -0.147478 0.771945 0.396795 0.340255 0.036126 0.423390 0.215782 0.089449 
0.203414 0.310840 0.090363 0.229868 -0.192210 0.800575 0.118397 -0.113470 0.808572 0.409950 0.332553 0.037929 0.255084 -0.144409 0.593314 0.437806 0.211797 0.098642 
0.220572 0.306382 0.092014 0.248670 -0.170391 0.829645 0.135433 -0.093853 0.832660 0.427025 0.330500 0.040316 0.275203 -0.132105 0.620581 0.456713 0.212066 0.104627 
0.235368 0.303089 0.093058 0.270226 -0.158492 0.842094 0.155204 -0.084604 0.842638 0.441278 0.330689 0.040931 0.297577 -0.123907 0.632491 0.473457 0.214043 0.107281 
0.247351 0.302000 0.090234 0.292608 -0.152143 0.846695 0.175813 -0.081093 0.845855 0.452490 0.332282 0.036577 0.320165 -0.119242 0.636848 0.486853 0.216702 0.103692 
0.258746 0.303275 0.084800 0.314029 -0.151043 0.842768 0.195689 -0.082604 0.841575 0.463090 0.336751 0.030022 0.341526 -0.117449 0.633023 0.499587 0.221604 0.096755 
0.268285 0.305735 0.076033 0.335098 -0.154452 0.831737 0.215327 -0.088544 0.830874 0.471639 0.342269 0.019554 0.362277 -0.118492 0.622343 0.510242 0.227026 0.084920 
0.277254 0.309589 0.064792 0.355413 -0.162453 0.813464 0.234377 -0.098891 0.813637 0.479604 0.349649 0.007110 0.382012 -0.122320 0.604755 0.520257 0.233842 0.070198 
0.280391 0.308985 0.065260 0.375274 -0.173367 0.789554 0.253249 -0.111794 0.792494 0.481574 0.350869 0.004852 0.400311 -0.125298 0.582334 0.524073 0.235273 0.067105 
0.281677 0.306989 0.068027 0.393199 -0.181666 0.775376 0.270224 -0.122162 0.780491 0.481637 0.350780 0.004971 0.416321 -0.128009 0.569308 0.526011 0.235463 0.066427 
0.282414 0.304986 0.068957 0.407420 -0.188166 0.766547 0.283604 -0.130592 0.773216 0.481678 0.350632 0.005018 0.428580 -0.131114 0.561182 0.527312 0.235465 0.065831 
0.282700 0.303203 0.068650 0.415613 -0.193222 0.760445 0.291277 -0.136895 0.768038 0.481690 0.350447 0.005019 0.435566 -0.134068 0.555554 0.528026 0.235224 0.065193 
0.282712 0.302088 0.067911 0.419960 -0.197409 0.753648 0.295366 -0.141770 0.762044 0.481676 0.350392 0.004998 0.439189 -0.136175 0.549300 0.528315 0.235102 0.064805 
0.282607 0.301423 0.067115 0.421489 -0.200423 0.746999 0.296767 -0.145153 0.755914 0.481659 0.350379 0.004991 0.440566 -0.137255 0.543226 0.528385 0.235055 0.064665 
0.282423 0.300808 0.066105 0.421354 -0.203020 0.740089 0.296588 -0.147919 0.749425 0.481636 0.350370 0.004987 0.440549 -0.137921 0.536935 0.528370 0.235042 0.064648 
0.282256 0.300204 0.065099 0.420143 -0.205226 0.733653 0.295408 -0.150111 0.743328 0.481624 0.350367 0.004984 0.439611 -0.138391 0.531090 0.528367 0.235033 0.064626 
0.282069 0.299535 0.063995 0.418739 -0.207556 0.726698 0.294044 -0.152416 0.736735 0.481600 0.350356 0.004981 0.438511 -0.138869 0.524786 0.528350 0.235015 0.064602 
0.281893 0.298883 0.062914 0.417218 -0.209738 0.720049 0.292573 -0.154550 0.730430 0.481575 0.350345 0.004979 0.437296 -0.139299 0.518771 0.528334 0.234995 0.064577 
0.281710 0.298179 0.061739 0.415671 -0.212035 0.712913 0.291071 -0.156816 0.723659 0.481549 0.350334 0.004976 0.436069 -0.139731 0.512329 0.528317 0.234972 0.064546 
0.281539 0.297495 0.060591 0.414198 -0.214184 0.706232 0.289609 -0.158977 0.717157 0.481523 0.350322 0.004974 0.435107 -0.140199 0.506315 0.528300 0.234956 0.064527 
0.281362 0.296756 0.059343 0.413062 -0.216446 0.699367 0.288437 -0.161339 0.710398 0.481495 0.350310 0.004972 0.434547 -0.140762 0.500148 0.528280 0.234931 0.064495 
0.281200 0.296047 0.058142 0.412054 -0.218544 0.693024 0.287393 -0.163540 0.704164 0.481469 0.350298 0.004971 0.434045 -0.141297 0.494462 0.528262 0.234906 0.064461 
0.281037 0.295293 0.056856 0.411094 -0.220729 0.686296 0.286388 -0.165851 0.697549 0.481440 0.350284 0.004969 0.433606 -0.141835 0.488441 0.528242 0.234877 0.064422 
0.280890 0.294571 0.055620 0.410107 -0.222758 0.679955 0.285364 -0.167987 0.691315 0.481413 0.350272 0.004968 0.433114 -0.142326 0.482777 0.528224 0.234850 0.064386 
0.280742 0.293801 0.054294 0.409151 -0.224877 0.673184 0.284362 -0.170234 0.684655 0.481384 0.350258 0.004966 0.432674 -0.142812 0.476741 0.528205 0.234819 0.064344 
0.280609 0.293063 0.053014 0.408157 -0.226855 0.666780 0.283330 -0.172320 0.678356 0.481356 0.350245 0.004965 0.432171 -0.143260 0.471043 0.528186 0.234791 0.064305 
0.280477 0.292275 0.051639 0.407192 -0.228921 0.659935 0.282319 -0.174516 0.671620 0.481326 0.350231 0.004963 0.431719 -0.143700 0.464964 0.528167 0.234759 0.064260 
0.280359 0.291518 0.050310 0.406182 -0.230854 0.653454 0.281270 -0.176559 0.665242 0.481296 0.350218 0.004962 0.431197 -0.144110 0.459219 0.528148 0.234729 0.064219 
0.280245 0.290709 0.048882 0.405200 -0.232873 0.646528 0.280241 -0.178709 0.658423 0.481265 0.350203 0.004961 0.430725 -0.144510 0.453090 0.528129 0.234695 0.064172 
0.280145 0.289930 0.047497 0.404166 -0.234767 0.639967 0.279169 -0.180714 0.651963 0.481235 0.350189 0.004961 0.430178 -0.144887 0.447294 0.528110 0.234663 0.064127 
0.280050 0.289098 0.046010 0.403160 -0.236744 0.632957 0.278117 -0.182824 0.645058 0.481203 0.350173 0.004960 0.429681 -0.145254 0.441113 0.528091 0.234628 0.064076 
0.279969 0.288296 0.044562 0.402097 -0.238605 0.626312 0.277014 -0.184796 0.638512 0.481171 0.350159 0.004959 0.429101 -0.145605 0.435263 0.528072 0.234593 0.064027 
0.279896 0.287437 0.043007 0.401063 -0.240548 0.619216 0.275932 -0.186874 0.631520 0.481138 0.350142 0.004958 0.428571 -0.145947 0.429028 0.528053 0.234555 0.063971 
0.279840 0.286596 0.041479 0.399959 -0.242395 0.612490 0.274790 -0.188835 0.624892 0.481107 0.350122 0.004957 0.427946 -0.146297 0.423124 0.528036 0.234511 0.063914 
0.279794 0.285787 0.039983 0.398840 -0.244198 0.605972 0.273635 -0.190746 0.618479 0.481074 0.350106 0.004956 0.427269 -0.146666 0.417406 0.528016 0.234476 0.063864 
0.279763 0.284973 0.038484 0.397685 -0.245808 0.600284 0.272452 -0.192436 0.612854 0.481042 0.350090 0.004956 0.426541 -0.147055 0.412420 0.528002 0.234432 0.063794 
0.279743 0.284164 0.036974 0.396620 -0.247470 0.594269 0.271352 -0.194200 0.606926 0.481010 0.350075 0.004955 0.425883 -0.147423 0.407155 0.527986 0.234392 0.063733 
0.279738 0.283347 0.035449 0.395526 -0.249036 0.588599 0.270227 -0.195854 0.601320 0.480977 0.350058 0.004955 0.425198 -0.147788 0.402196 0.527973 0.234349 0.063664 
0.279744 0.282526 0.033896 0.394472 -0.250664 0.582564 0.269137 -0.197589 0.595369 0.480944 0.350042 0.004954 0.424544 -0.148137 0.396926 0.527958 0.234309 0.063601 
0.279765 0.281694 0.032320 0.393360 -0.252210 0.576856 0.267994 -0.199224 0.589722 0.480911 0.350025 0.004954 0.423838 -0.148494 0.391945 0.527947 0.234264 0.063529 
0.279801 0.280849 0.030705 0.392281 -0.253823 0.570773 0.266876 -0.200947 0.583717 0.480879 0.350004 0.004953 0.423158 -0.148842 0.386645 0.527935 0.234218 0.063463 
0.279852 0.279996 0.029063 0.391132 -0.255363 0.565007 0.265695 -0.202576 0.578009 0.480844 0.349986 0.004953 0.422413 -0.149206 0.381623 0.527924 0.234172 0.063388 
0.279919 0.279131 0.027379 0.390016 -0.256976 0.558856 0.264542 -0.204299 0.571936 0.480809 0.349969 0.004953 0.421693 -0.149563 0.376272 0.527912 0.234129 0.063317 
0.280003 0.278254 0.025665 0.388829 -0.258520 0.553014 0.263321 -0.205935 0.566149 0.480772 0.349951 0.004953 0.420907 -0.149940 0.371193 0.527904 0.234082 0.063237 
0.280105 0.277364 0.023902 0.387668 -0.260138 0.546787 0.262122 -0.207663 0.559996 0.480735 0.349932 0.004952 0.420141 -0.150313 0.365785 0.527893 0.234038 0.063162 
0.280227 0.276465 0.022114 0.386434 -0.261683 0.540861 0.260856 -0.209298 0.554121 0.480698 0.349914 0.004951 0.419310 -0.150699 0.360640 0.527886 0.233989 0.063079 
0.272658 0.254528 0.020711 0.379814 -0.262702 0.529664 0.254316 -0.210249 0.543404 0.445928 0.380394 0.024328 0.412329 -0.151195 0.349700 0.525523 0.269782 0.046089 
0.387073 0.376831 0.038106 0.362599 -0.264531 0.504083 0.400475 -0.151955 0.325843 0.502015 0.300517 0.041031 0.269032 0.198170 0.033196 0.237212 -0.211176 0.515090 
0.362666 0.341870 0.053321 0.347357 -0.270970 0.462806 0.391339 -0.153954 0.288879 0.488755 0.285819 0.055273 0.276002 0.145995 0.053493 0.222038 -0.217024 0.471460 
0.353495 0.318662 0.064533 0.341362 -0.281870 0.416601 0.391387 -0.158903 0.248511 0.482534 0.269919 0.068684 0.278116 0.118180 0.066174 0.215571 -0.228635 0.422301 
0.276065 0.105408 0.064927 0.341777 0.309202 0.070171 0.340169 -0.295192 0.370397 0.213678 -0.243380 0.372691 0.395403 -0.166761 0.208124 0.472930 0.266535 0.074918 
0.339535 -0.309617 0.317306 0.321392 0.284832 0.076263 0.265087 0.078751 0.060833 0.212514 -0.259097 0.315521 0.400399 -0.176045 0.161320 0.454276 0.247914 0.081057 
0.340310 -0.321665 0.254736 0.297035 0.247465 0.074308 0.245927 0.040008 0.059233 0.212955 -0.272386 0.248242 0.407576 -0.181543 0.107363 0.430732 0.213830 0.080461 
0.412619 -0.185409 0.045348 0.340441 -0.332723 0.183066 0.276273 0.205683 0.078300 0.410383 0.174148 0.086305 0.228169 -0.002839 0.069235 0.213065 -0.283993 0.173550 
0.415497 -0.201049 0.019431 0.341691 -0.351898 0.152377 0.263186 0.179403 0.074331 0.396873 0.149571 0.091128 0.218327 -0.029733 0.063036 0.214400 -0.303023 0.142468 
0.414264 -0.219411 0.022811 0.335204 -0.368555 0.154656 0.246227 0.155707 0.088010 0.378699 0.127738 0.114712 0.203037 -0.054055 0.084519 0.208864 -0.318036 0.141390 
0.413404 -0.232509 0.028021 0.329602 -0.379030 0.159879 0.221991 0.140338 0.103685 0.352220 0.106832 0.134698 0.164716 -0.065054 0.123973 0.203902 -0.328537 0.141442 
0.411202 -0.237930 0.032541 0.131061 -0.065967 0.141579 0.199446 0.134589 0.110300 0.328098 0.095259 0.141054 0.323705 -0.383007 0.163593 0.198520 -0.333082 0.140658 
0.402439 -0.239332 0.034875 0.118826 -0.071544 0.136807 0.189885 0.127949 0.104698 0.317450 0.087713 0.138640 0.312245 -0.383264 0.165361 0.187656 -0.332954 0.140135 
0.393468 -0.240103 0.037132 0.118080 -0.087220 0.124407 0.189832 0.111900 0.091535 0.314945 0.073828 0.135593 0.300298 -0.382696 0.166995 0.176460 -0.331677 0.139592 
0.389799 -0.241729 0.041032 0.121248 -0.102773 0.110227 0.194131 0.095863 0.076917 0.315622 0.060231 0.131820 0.292579 -0.382708 0.169681 0.169724 -0.331564 0.138364 
0.385322 -0.241314 0.045497 0.115393 -0.122487 0.080027 0.189079 0.077000 0.054474 0.310887 0.038426 0.106616 0.283236 -0.380235 0.172607 0.161738 -0.328822 0.136764 
0.371712 -0.239407 0.046222 0.267345 -0.376725 0.173223 0.187562 0.067036 0.019269 0.312355 0.026400 0.061923 0.119503 -0.135935 0.026239 0.146655 -0.323905 0.136699 
0.355203 -0.238533 0.044089 0.251304 -0.374901 0.172489 0.187997 0.059439 0.004930 0.313702 0.019203 0.045224 0.122882 -0.144614 0.005604 0.130724 -0.320121 0.138586 
0.347990 -0.238990 0.043570 0.243664 -0.374409 0.172625 0.185047 0.057450 0.004934 0.310371 0.016696 0.045885 0.118566 -0.146152 0.007038 0.123354 -0.318690 0.139294 
0.346591 -0.239218 0.043346 0.242285 -0.374222 0.172853 0.182679 0.057468 0.004938 0.307692 0.015726 0.045845 0.114288 -0.145486 0.008120 0.122023 -0.318246 0.139784 
0.346550 -0.239404 0.042019 0.243509 -0.374590 0.172346 0.180848 0.057546 0.004946 0.306069 0.014861 0.044209 0.111097 -0.144936 0.008599 0.122950 -0.318447 0.140670 
0.347152 -0.239622 0.039765 0.246348 -0.375491 0.171126 0.180625 0.058676 0.004951 0.306486 0.015486 0.041523 0.110749 -0.143777 0.007764 0.125266 -0.319199 0.141798 
0.347972 -0.240002 0.036763 0.250040 -0.377103 0.169014 0.180877 0.060141 0.005135 0.307509 0.016527 0.038392 0.111253 -0.142416 0.006170 0.128335 -0.320638 0.142754 
0.348683 -0.240801 0.033920 0.253467 -0.379239 0.166760 0.181560 0.060214 0.006426 0.308942 0.016665 0.036777 0.112743 -0.142620 0.005927 0.131223 -0.322664 0.143402 
0.349201 -0.242184 0.031862 0.255910 -0.381524 0.165124 0.182267 0.058453 0.008317 0.310150 0.015106 0.036797 0.114025 -0.144575 0.007560 0.133335 -0.324836 0.143875 
0.349497 -0.243698 0.030586 0.257437 -0.383553 0.164165 0.182725 0.056460 0.009788 0.310946 0.013295 0.036998 0.114898 -0.146707 0.009026 0.134663 -0.326817 0.144228 
0.349705 -0.245095 0.029710 0.258531 -0.385270 0.163561 0.182994 0.054982 0.010221 0.311423 0.011940 0.036627 0.115458 -0.148282 0.009349 0.135619 -0.328523 0.144529 
0.349727 -0.246712 0.029239 0.258835 -0.387051 0.163110 0.181836 0.051609 0.008690 0.310171 0.008026 0.034664 0.113265 -0.151310 0.009014 0.135918 -0.330156 0.144561 
0.349668 -0.249021 0.029268 0.258756 -0.389149 0.163346 0.180527 0.048829 0.005451 0.308678 0.004658 0.031340 0.110901 -0.153727 0.006521 0.135863 -0.332204 0.144786 
0.349661 -0.251106 0.029519 0.258771 -0.390810 0.164053 0.179271 0.046475 0.004977 0.307314 0.001981 0.030846 0.108914 -0.155818 0.007298 0.135860 -0.333977 0.145270 
0.349656 -0.252354 0.029689 0.258746 -0.391749 0.164529 0.178384 0.044259 0.004977 0.306304 -0.000507 0.030990 0.107354 -0.157780 0.008585 0.135838 -0.334960 0.145597 
0.349619 -0.253739 0.029895 0.258643 -0.392734 0.165104 0.177286 0.041741 0.004978 0.305033 -0.003399 0.031188 0.105358 -0.159945 0.010183 0.135755 -0.335964 0.145988 
0.349581 -0.254859 0.030124 0.258496 -0.393510 0.165613 0.176341 0.039628 0.004978 0.303936 -0.005814 0.031412 0.103670 -0.161751 0.011535 0.135630 -0.336763 0.146286 
0.349531 -0.256143 0.030419 0.101657 -0.163772 0.013126 0.175218 0.037226 0.004978 0.302621 -0.008576 0.031712 0.258282 -0.394383 0.166218 0.135449 -0.337659 0.146612 
0.349475 -0.257207 0.030745 0.099818 -0.165518 0.014535 0.174166 0.035128 0.004979 0.301391 -0.010986 0.032022 0.258041 -0.395067 0.166806 0.135239 -0.338387 0.146889 
0.349424 -0.258428 0.031117 0.097717 -0.167384 0.016109 0.172965 0.032845 0.004979 0.299982 -0.013626 0.032390 0.257776 -0.395871 0.167453 0.135007 -0.339244 0.147180 
0.349359 -0.259455 0.031491 0.095909 -0.169018 0.017465 0.171917 0.030844 0.004979 0.298748 -0.015916 0.032753 0.257486 -0.396507 0.168070 0.134752 -0.339936 0.147435 
0.349279 -0.260792 0.031911 0.093517 -0.170985 0.019190 0.170529 0.028376 0.004980 0.297119 -0.018776 0.033188 0.257149 -0.397379 0.168783 0.134457 -0.340868 0.147738 
0.349189 -0.262004 0.032386 0.091370 -0.172822 0.020768 0.169272 0.026074 0.004980 0.295635 -0.021405 0.033655 0.256755 -0.398112 0.169529 0.134112 -0.341668 0.148022 
0.349105 -0.263348 0.032909 0.088848 -0.174728 0.022523 0.167789 0.023611 0.004980 0.293883 -0.024255 0.034191 0.256335 -0.398946 0.170330 0.133744 -0.342584 0.148313 
0.349007 -0.264488 0.033459 0.086743 -0.176418 0.024035 0.166542 0.021437 0.004980 0.292396 -0.026719 0.034743 0.255853 -0.399602 0.171097 0.133325 -0.343317 0.148540 
0.084134 -0.178016 0.025747 0.348891 -0.265582 0.033877 0.255384 -0.400213 0.171749 0.132936 -0.343919 0.148784 0.165140 0.019176 0.004981 0.290697 -0.029488 0.035166 
0.082374 -0.179232 0.026874 0.348897 -0.266382 0.033939 0.255429 -0.400775 0.172070 0.132978 -0.344506 0.149058 0.164145 0.017521 0.004981 0.289549 -0.031495 0.035235 
0.080132 -0.180766 0.028318 0.348896 -0.267447 0.033940 0.255495 -0.401601 0.172348 0.133045 -0.345325 0.149352 0.162868 0.015418 0.004981 0.288083 -0.034050 0.035283 
0.078266 -0.182114 0.029534 0.348906 -0.268397 0.033967 0.255586 -0.402306 0.172666 0.133126 -0.346055 0.149660 0.161799 0.013583 0.004981 0.286857 -0.036257 0.035319 
0.075976 -0.183731 0.031019 0.348895 -0.269709 0.033974 0.255681 -0.403299 0.173051 0.133215 -0.347054 0.150062 0.160476 0.011357 0.004981 0.285343 -0.038941 0.035347 
0.074073 -0.185112 0.032236 0.348916 -0.270744 0.033972 0.255819 -0.404099 0.173353 0.133336 -0.347883 0.150383 0.159357 0.009468 0.004982 0.284070 -0.041206 0.035363 
0.071899 -0.186636 0.033624 0.348944 -0.271998 0.033939 0.255992 -0.405087 0.173670 0.133493 -0.348885 0.150753 0.158072 0.007353 0.004982 0.282609 -0.043752 0.035362 
0.069959 -0.187997 0.034860 0.348963 -0.273094 0.033937 0.256138 -0.405926 0.173997 0.133621 -0.349755 0.151102 0.156923 0.005451 0.004982 0.281298 -0.046035 0.035379 
0.067794 -0.189457 0.036224 0.348996 -0.274338 0.033890 0.256332 -0.406917 0.174296 0.133795 -0.350762 0.151468 0.155625 0.003383 0.004982 0.279823 -0.048529 0.035377 
0.065822 -0.190784 0.037468 0.349021 -0.275423 0.033892 0.256476 -0.407748 0.174616 0.133923 -0.351621 0.151803 0.154445 0.001487 0.004982 0.278474 -0.050812 0.035404 
0.063615 -0.192209 0.038843 0.349051 -0.276689 0.033840 0.256660 -0.408761 0.174904 0.134091 -0.352641 0.152162 0.153106 -0.000578 0.004982 0.276952 -0.053309 0.035405 
0.061458 -0.193570 0.040167 0.349074 -0.277909 0.033846 0.256818 -0.409688 0.175271 0.134230 -0.353603 0.152544 0.151788 -0.002572 0.004982 0.275451 -0.055722 0.035423 
0.059184 -0.194964 0.041546 0.349113 -0.279277 0.033813 0.257038 -0.410763 0.175628 0.134424 -0.354711 0.152956 0.150380 -0.004638 0.004982 0.273854 -0.058227 0.035422 
0.057098 -0.196261 0.042821 0.349142 -0.280473 0.033818 0.257197 -0.411673 0.175983 0.134566 -0.355654 0.153325 0.149094 -0.006569 0.004983 0.272386 -0.060560 0.035448 
0.054702 -0.197649 0.044259 0.349169 -0.281904 0.033765 0.257395 -0.412808 0.176310 0.134747 -0.356796 0.153728 0.147592 -0.008688 0.004983 0.270682 -0.063141 0.035443 
0.052372 -0.199007 0.045649 0.349178 -0.283292 0.033797 0.257536 -0.413830 0.176763 0.134872 -0.357854 0.154172 0.146125 -0.010768 0.004983 0.269013 -0.065665 0.035460 
0.049785 -0.200402 0.047168 0.349215 -0.284943 0.033757 0.257771 -0.415119 0.177179 0.135085 -0.359167 0.154653 0.144478 -0.012969 0.004983 0.267145 -0.068361 0.035455 
0.047539 -0.201705 0.048477 0.349225 -0.286325 0.033755 0.257935 -0.416182 0.177564 0.135230 -0.360262 0.155064 0.143025 -0.014974 0.004983 0.265503 -0.070787 0.035448 
0.044956 -0.202939 0.049925 0.349267 -0.287784 0.033700 0.258171 -0.417356 0.177890 0.135440 -0.361462 0.155464 0.141345 -0.017018 0.004983 0.263599 -0.073311 0.035462 
0.042942 -0.203798 0.051039 0.349185 -0.288299 0.034014 0.257805 -0.417523 0.178336 0.135136 -0.361620 0.155602 0.140135 -0.018569 0.004983 0.262154 -0.075234 0.035716 
0.040737 -0.204602 0.052374 0.349059 -0.288987 0.034455 0.257255 -0.417723 0.178942 0.134681 -0.361791 0.155772 0.138923 -0.020226 0.005014 0.260626 -0.077297 0.036243 
0.038720 -0.205277 0.053506 0.348970 -0.289508 0.034787 0.256861 -0.417872 0.179412 0.134354 -0.361928 0.155914 0.137726 -0.021627 0.005049 0.259178 -0.079065 0.036584 
0.036592 -0.206072 0.054833 0.348834 -0.290248 0.035236 0.256280 -0.418100 0.180030 0.133877 -0.362117 0.156088 0.136576 -0.023298 0.005087 0.257709 -0.081128 0.037126 
0.034612 -0.206742 0.055940 0.348737 -0.290738 0.035575 0.255859 -0.418217 0.180491 0.133530 -0.362217 0.156213 0.135395 -0.024703 0.005122 0.256280 -0.082891 0.037451 
0.032373 -0.207421 0.057239 0.348592 -0.291349 0.036044 0.255244 -0.418332 0.181093 0.133024 -0.362299 0.156348 0.134155 -0.026297 0.005159 0.254706 -0.084883 0.038008 
0.030296 -0.207973 0.058350 0.348484 -0.291829 0.036415 0.254778 -0.418419 0.181577 0.132640 -0.362370 0.156464 0.132920 -0.027639 0.005194 0.253199 -0.086593 0.038380 
0.028285 -0.208628 0.060066 0.348092 -0.293007 0.037951 0.252195 -0.418367 0.182748 0.130621 -0.361828 0.156047 0.132702 -0.029836 0.005218 0.252243 -0.089164 0.040346 
0.025090 -0.207695 0.061920 0.348251 -0.293771 0.041716 0.247889 -0.417040 0.185278 0.127361 -0.360217 0.154717 0.132626 -0.031351 0.005206 0.250714 -0.091059 0.044376 
0.021131 -0.205050 0.063210 0.349854 -0.293274 0.046279 0.244381 -0.414599 0.187818 0.125106 -0.357858 0.152551 0.132408 -0.031486 0.005153 0.248559 -0.091459 0.049382 
0.015738 -0.200958 0.064385 0.351397 -0.290724 0.052558 0.239809 -0.409946 0.191165 0.122265 -0.353349 0.150299 0.132131 -0.031216 0.005071 0.245416 -0.091443 0.055895 
0.008930 -0.194770 0.065556 0.349913 -0.287229 0.062798 0.230945 -0.402627 0.198473 0.115962 -0.345732 0.151233 0.131915 -0.030196 0.004994 0.241310 -0.090789 0.063349 
0.005840 -0.186242 0.064532 0.342737 -0.282257 0.071401 0.219904 -0.394324 0.206422 0.106536 -0.336452 0.156539 0.131673 -0.023457 0.004993 0.239129 -0.084312 0.066587 
0.005985 -0.176958 0.062434 0.332691 -0.275468 0.075402 0.209494 -0.385591 0.211686 0.096541 -0.325992 0.162907 0.131270 -0.013001 0.004994 0.239074 -0.074589 0.065238 
0.006995 -0.168588 0.060694 0.325576 -0.269086 0.075219 0.203282 -0.378546 0.212843 0.090286 -0.317279 0.166282 0.131145 -0.003177 0.004983 0.239900 -0.065777 0.062409 
0.008918 -0.162012 0.059406 0.324197 -0.263232 0.068225 0.205037 -0.374662 0.207013 0.091107 -0.312300 0.164341 0.131187 0.005220 0.004987 0.241451 -0.058354 0.058320 
0.012052 -0.158067 0.058035 0.327996 -0.257453 0.053402 0.214457 -0.374041 0.192664 0.098702 -0.311290 0.155883 0.131113 0.011898 0.004990 0.243630 -0.052441 0.052365 
0.014754 -0.156368 0.056353 0.332186 -0.253970 0.038770 0.228663 -0.376904 0.180361 0.110030 -0.315013 0.152334 0.128321 0.017833 0.005029 0.244212 -0.046909 0.042736 
0.016990 -0.154963 0.053221 0.335652 -0.253137 0.030071 0.243821 -0.381605 0.174780 0.122473 -0.321509 0.155993 0.124189 0.024138 0.005167 0.243312 -0.040434 0.031328 
0.021638 -0.155397 0.051008 0.338035 -0.252321 0.022410 0.256166 -0.385399 0.168921 0.133176 -0.326646 0.158370 0.123162 0.027834 0.006319 0.244554 -0.035608 0.023142 
0.029985 -0.159275 0.052946 0.339727 -0.252487 0.018570 0.262559 -0.387091 0.166234 0.139152 -0.328615 0.159818 0.127872 0.026170 0.009289 0.250501 -0.035737 0.022469 
0.040672 -0.166268 0.055457 0.340154 -0.253895 0.021976 0.257392 -0.385980 0.168883 0.135031 -0.325846 0.158812 0.138762 0.018660 0.010098 0.261294 -0.042125 0.028405 
0.047003 -0.169383 0.052606 0.343365 -0.254907 0.028894 0.251273 -0.383358 0.173452 0.130407 -0.321929 0.155912 0.148354 0.013488 0.006085 0.269421 -0.047070 0.032909 
0.043456 -0.166311 0.053632 0.346938 -0.254777 0.035291 0.247890 -0.380091 0.177992 0.128210 -0.318563 0.153893 0.149449 0.013347 0.004988 0.268402 -0.048035 0.038548 
0.039458 -0.163341 0.055454 0.353370 -0.253495 0.040809 0.249515 -0.377149 0.181527 0.130522 -0.316781 0.151761 0.149265 0.013504 0.004994 0.266236 -0.048148 0.044501 
0.360972 -0.251065 0.045429 0.687461 1.336464 0.091491 0.036470 -0.161091 0.056583 0.253612 -0.374390 0.183786 0.135080 -0.315697 0.149217 0.748123 1.348257 0.114668 0.750246 1.331452 0.117660 
0.363735 -0.249168 0.047824 0.707409 1.328474 0.097710 0.034635 -0.159837 0.056823 0.254278 -0.372505 0.184516 0.136170 -0.314489 0.147443 0.769089 1.336526 0.119773 0.770383 1.319569 0.122343 
0.362416 -0.248780 0.048082 0.713344 1.327246 0.103177 0.034028 -0.159555 0.056819 0.252487 -0.371917 0.184577 0.134543 -0.313741 0.147233 0.775167 1.334204 0.125212 0.776263 1.317193 0.127507 
0.362002 -0.249430 0.047106 0.706734 1.328661 0.105480 0.034576 -0.159990 0.056685 0.252993 -0.372801 0.184126 0.134821 -0.314446 0.147795 0.768375 1.336946 0.127564 0.769856 1.319957 0.129805 
0.362669 -0.250487 0.045448 0.695843 1.329908 0.105087 0.035841 -0.160904 0.056407 0.255567 -0.374549 0.183345 0.136865 -0.316224 0.148734 0.757177 1.340263 0.127154 0.759199 1.323341 0.129476 
