0.074500 0.012703 0.004499 0.212317 0.062985 0.004103 -0.000186 0.099472 0.004336 0.096683 0.148115 0.004013 
0.074739 0.012655 0.004538 0.212336 0.062985 0.004207 -0.000165 0.099484 0.004335 0.096927 0.148068 0.004058 
0.075897 0.012530 0.004390 0.212608 0.064223 0.004401 0.000132 0.100710 0.004160 0.098074 0.147952 0.004149 
0.075701 0.012562 0.004440 0.212581 0.064056 0.004455 0.000101 0.100539 0.004235 0.097876 0.147982 0.004227 
0.075861 0.012534 0.004486 0.212509 0.063611 0.004505 0.000019 0.100099 0.004302 0.098034 0.147956 0.004299 
0.076551 0.012418 0.004528 0.212372 0.062762 0.004551 -0.000134 0.099269 0.004364 0.098720 0.147845 0.004365 
0.077672 0.012224 0.004574 0.212131 0.061266 0.004591 -0.000398 0.097832 0.004420 0.099850 0.147657 0.004417 
0.080591 0.011740 0.004361 0.211873 0.059115 0.004613 -0.000681 0.095811 0.004036 0.102797 0.147186 0.004214 
0.081855 0.011554 0.004325 0.211511 0.056953 0.004582 -0.001086 0.093689 0.004111 0.104051 0.147010 0.004313 
0.083053 0.011428 0.004192 0.211136 0.054762 0.004489 -0.001508 0.091526 0.004183 0.105230 0.146894 0.004463 
0.083940 0.011490 0.003846 0.210742 0.052763 0.004204 -0.001945 0.089574 0.004181 0.106116 0.146960 0.004607 
0.085839 0.011156 0.003938 0.209905 0.047643 0.004306 -0.002888 0.084515 0.004319 0.107984 0.146642 0.004838 
0.087538 0.011010 0.004031 0.208973 0.042519 0.004399 -0.004006 0.079036 0.004409 0.109388 0.146554 0.005025 
0.089459 0.011010 0.003543 0.208782 0.040868 0.004238 -0.004281 0.077170 0.004106 0.111129 0.146587 0.005280 
0.090579 0.010819 0.003673 0.208009 0.036024 0.004379 -0.005157 0.072370 0.004261 0.112219 0.146404 0.005659 
0.092262 0.010283 0.003798 0.209441 0.044677 0.005621 -0.003486 0.081206 0.005540 0.114064 0.145791 0.008350 
0.093868 0.004140 0.003909 0.210410 0.053790 0.007173 -0.002768 0.086943 0.007133 0.113593 0.139892 0.010553 
0.095477 -0.002446 0.004012 0.209917 0.051580 0.007352 -0.003519 0.082573 0.007356 0.113826 0.133515 0.010570 
0.098399 -0.002816 0.004098 0.209033 0.044957 0.006668 -0.004542 0.076038 0.006672 0.116716 0.133211 0.009683 
0.101460 -0.003159 0.004173 0.207173 0.031031 0.005337 -0.006704 0.062226 0.005325 0.119705 0.132973 0.007413 
0.104367 -0.003535 0.004265 0.206441 0.025545 0.005039 -0.007548 0.056824 0.005079 0.122583 0.132634 0.006763 
0.107342 -0.002679 0.004341 0.207386 0.029528 0.005615 -0.006036 0.063880 0.005676 0.127504 0.133206 0.008088 
0.102679 0.000504 0.005452 0.210699 0.045984 0.007770 -0.000893 0.088156 0.010150 0.128079 0.135351 0.012542 
0.114939 0.136850 0.015131 -0.172024 -0.246877 0.011245 -0.011541 0.081382 0.017185 0.312094 -0.051874 0.056199 0.206723 0.047262 0.007911 0.176420 -0.074635 0.010414 
0.101301 0.138686 0.016423 -0.172959 -0.247301 0.011649 -0.014268 0.091163 0.020254 0.308963 -0.056206 0.047187 0.199623 0.045072 0.007034 0.177364 -0.053456 0.007635 
0.098172 0.141125 0.016095 -0.184452 -0.252108 0.014461 -0.015028 0.095812 0.021105 0.291309 -0.074036 0.025908 0.197975 0.042282 0.006143 0.186454 -0.016622 0.004639 
0.102178 0.140091 0.014059 -0.204497 -0.261911 0.022328 -0.018241 0.091729 0.020496 0.266797 -0.095926 0.008791 0.197240 0.037733 0.005378 0.193341 0.002425 0.004261 
0.113224 0.137919 0.011938 -0.226526 -0.273920 0.033114 -0.023458 0.084074 0.019787 0.241069 -0.113315 -0.002685 0.197701 0.040661 0.005330 0.196729 0.007762 0.004328 
0.128912 0.134854 0.009260 -0.247161 -0.285098 0.042761 -0.028811 0.077267 0.017893 0.217162 -0.126933 -0.012330 0.198167 0.043903 0.005276 0.200057 0.011775 0.004410 
0.146428 0.131137 0.006734 -0.264251 -0.291733 0.049789 -0.032858 0.073706 0.014892 0.197175 -0.133927 -0.020885 0.198385 0.046189 0.005177 0.204969 0.018154 0.004725 
0.160762 0.127923 0.004926 -0.268393 -0.295671 0.049317 -0.032997 0.077173 0.011023 0.195331 -0.128529 -0.024057 0.198508 0.049543 0.004803 0.208927 0.024202 0.004697 
0.163668 0.127397 0.004922 -0.266188 -0.298959 0.049395 -0.030146 0.083718 0.010590 0.198081 -0.124128 -0.025824 0.199794 0.056577 0.004825 0.212715 0.031106 0.004723 
0.167373 0.126728 0.004915 -0.266454 -0.299093 0.052749 -0.028480 0.087485 0.010713 0.195956 -0.124501 -0.028833 0.201163 0.064068 0.004843 0.216857 0.038555 0.004749 
0.171472 0.125882 0.004608 -0.270596 -0.295051 0.058123 -0.027682 0.090175 0.010730 0.191454 -0.122359 -0.031593 0.202231 0.070011 0.004683 0.221238 0.044729 0.004761 
0.174101 0.125322 0.004299 -0.276126 -0.289384 0.063516 -0.026810 0.094109 0.010889 0.203033 0.074593 0.004502 0.186188 -0.117996 -0.033514 0.225487 0.048960 0.004832 
0.177924 0.124664 0.004352 -0.281478 -0.284282 0.069192 -0.026153 0.097504 0.011220 0.203555 0.077468 0.004804 0.180790 -0.115446 -0.034812 0.229648 0.052752 0.005552 
0.181984 0.123978 0.004400 -0.285368 -0.280860 0.074956 -0.025698 0.099973 0.011627 0.203593 0.077682 0.005251 0.175957 -0.113898 -0.035632 0.233637 0.056513 0.006678 
0.186233 0.123262 0.004444 -0.288160 -0.278259 0.080442 -0.025172 0.102193 0.011995 0.203491 0.077126 0.005747 0.171984 -0.112733 -0.036360 0.237685 0.060652 0.007909 
0.190601 0.122522 0.004484 -0.290734 -0.276336 0.086028 -0.024709 0.104071 0.012369 0.203440 0.076847 0.006214 0.168140 -0.112079 -0.037106 0.241506 0.064503 0.008986 
0.195096 0.121757 0.004520 -0.293313 -0.274960 0.091817 -0.024317 0.105686 0.012756 0.203432 0.076807 0.006649 0.164139 -0.111842 -0.037911 0.245175 0.068076 0.009928 
0.199726 0.120968 0.004554 -0.296021 -0.273528 0.097670 -0.023875 0.107398 0.013096 0.203429 0.076789 0.007080 0.159887 -0.111628 -0.038837 0.249050 0.071688 0.010852 
0.204510 0.120152 0.004584 -0.298870 -0.271988 0.103628 -0.023372 0.109227 0.013386 0.203425 0.076770 0.007512 0.155355 -0.111415 -0.039870 0.253162 0.075344 0.011772 
0.188564 0.125687 0.013837 -0.301905 -0.270843 0.105810 -0.012106 0.136052 0.024201 0.208360 0.103455 0.013822 0.152808 -0.116419 -0.044090 0.260547 0.096273 0.018410 
0.166393 0.142230 0.017449 -0.305057 -0.272179 0.103044 -0.003429 0.161671 0.031675 0.208613 0.110858 0.014795 0.150856 -0.126145 -0.053286 0.265346 0.118791 0.021733 
0.138803 0.172931 0.024187 -0.309648 -0.278913 0.097766 0.006829 0.191801 0.042482 0.148316 -0.138795 -0.067252 0.209856 0.115865 0.014939 0.265809 0.145515 0.024573 
0.131596 0.206496 0.032646 -0.296482 -0.301561 0.081481 0.022724 0.222745 0.050459 0.223067 0.119830 0.020139 0.180721 -0.107778 -0.072290 0.276923 0.152572 0.027688 
0.153173 0.238057 0.049135 -0.282261 -0.325715 0.069960 0.049647 0.251603 0.064781 0.252951 0.132693 0.038321 0.209503 -0.071229 -0.074855 0.301270 0.170334 0.046442 
0.231618 0.261293 0.064906 -0.266637 -0.346731 0.060942 0.080760 0.267762 0.069117 0.291187 0.145832 0.068384 0.232156 -0.041955 -0.076878 0.338026 0.188704 0.079339 
0.317775 0.285743 0.098712 -0.251933 -0.365057 0.053949 0.114984 0.281349 0.073596 0.329173 0.160316 0.106155 0.253496 -0.012583 -0.078587 0.372511 0.204934 0.119663 
0.362278 0.299637 0.110533 -0.239089 -0.378915 0.052091 0.136751 0.287808 0.065403 0.351961 0.172770 0.115867 0.266595 0.007645 -0.084615 0.389659 0.210028 0.128066 
0.389490 0.310348 0.125091 -0.236598 -0.381168 0.053861 0.147429 0.302906 0.063936 0.362546 0.265537 0.112836 0.278671 0.023323 -0.093369 0.394372 0.213454 0.110479 
0.419669 0.312491 0.112063 -0.234425 -0.381505 0.060826 0.149653 0.300546 0.031290 0.365483 0.310402 0.094273 0.281879 0.029592 -0.109577 0.395584 0.211487 0.074979 
0.441193 0.310870 0.137515 -0.232389 -0.380262 0.077262 0.156596 0.313229 0.028953 0.360285 0.313939 0.106116 0.266424 0.040265 -0.129315 0.409389 0.233682 0.093388 
0.452421 0.315723 0.151329 -0.235999 -0.376134 0.109934 0.158928 0.320817 0.025795 0.355673 0.320576 0.110448 0.389467 0.215477 0.090857 
0.459253 0.324769 0.147275 -0.232787 -0.375065 0.158199 0.157606 0.322812 0.021421 0.354365 0.328336 0.104324 0.392703 0.225096 0.085946 
0.465632 0.335294 0.129591 -0.215082 -0.377141 0.216690 0.154032 0.320875 0.016641 0.355508 0.336709 0.089969 0.394187 0.231589 0.073043 
0.471997 0.345532 0.101905 -0.187354 -0.374864 0.281144 0.150188 0.316504 0.011795 0.358104 0.344378 0.069093 0.394678 0.234935 0.055286 
0.476290 0.353429 0.071274 -0.154114 -0.363059 0.348294 0.148299 0.314073 0.010567 0.360706 0.354184 0.047899 0.395438 0.236461 0.037392 
0.477193 0.360617 0.036891 -0.114340 -0.342574 0.416972 0.144940 0.311896 0.012178 0.360249 0.360696 0.024687 0.393524 0.237222 0.019695 
0.474255 0.364910 0.002928 -0.066000 -0.314624 0.486506 0.139302 0.309935 0.018599 0.354560 0.365289 0.003100 0.387593 0.237088 0.003992 
0.478128 0.368569 -0.007121 -0.010103 -0.286745 0.559169 0.141666 0.309565 0.038513 0.354970 0.365546 0.002479 0.390465 0.242173 0.007817 
0.472070 0.366047 -0.015304 0.031821 -0.263859 0.619563 0.142080 0.304147 0.064997 0.354767 0.366805 0.001620 0.384218 0.231706 0.022042 
0.483502 0.363419 -0.005803 0.064664 -0.232524 0.676479 0.156035 0.301982 0.086794 0.366979 0.364564 0.013293 0.397456 0.229240 0.043473 
0.497641 0.360121 0.003772 0.094944 -0.200697 0.724594 0.172058 0.299959 0.104407 0.381719 0.361664 0.023663 0.413484 0.227430 0.063108 
0.508769 0.352758 0.008936 0.122851 -0.167067 0.768377 0.185283 0.294402 0.119940 0.393710 0.354694 0.029941 0.426221 0.221554 0.080765 
0.520816 0.344208 0.009784 0.145038 -0.132289 0.806661 0.198510 0.286366 0.131788 0.406753 0.346411 0.030962 0.308208 -0.043702 0.156659 0.451184 0.237876 0.062425 
0.535888 0.343218 0.013055 0.160454 -0.110765 0.831994 0.215038 0.280369 0.140152 0.423573 0.344273 0.032836 0.330580 -0.052202 0.184249 0.467395 0.232320 0.074263 
0.548713 0.345089 0.013734 0.179946 -0.100498 0.842521 0.229921 0.276747 0.143990 0.437519 0.344315 0.033181 0.354522 -0.051899 0.196084 0.482637 0.231683 0.079867 
0.557473 0.347779 0.009117 0.200864 -0.096332 0.846035 0.242169 0.274249 0.144970 0.448414 0.345990 0.028617 0.377388 -0.050920 0.201084 0.494061 0.231230 0.080635 
0.565916 0.353596 0.002458 0.220992 -0.097238 0.841830 0.253985 0.274145 0.141931 0.458682 0.350658 0.021963 0.398557 -0.047770 0.197987 0.505396 0.234065 0.077046 
0.571565 0.360222 -0.008199 0.240757 -0.102537 0.831058 0.264114 0.274685 0.135478 0.466863 0.356528 0.011467 0.418600 -0.043969 0.188400 0.514579 0.237152 0.069169 
0.577003 0.368932 -0.020655 0.259891 -0.112289 0.813600 0.273781 0.276510 0.125434 0.474445 0.364344 -0.000895 0.437137 -0.039145 0.172215 0.523547 0.242317 0.057479 
0.578976 0.371146 -0.024394 0.280811 -0.125701 0.791830 0.278426 0.278517 0.117918 0.475690 0.366872 -0.003766 0.452632 -0.024846 0.149298 0.528915 0.249379 0.046948 
0.579210 0.372149 -0.025798 0.300257 -0.136694 0.779242 0.280911 0.278273 0.115700 0.475345 0.367133 -0.003744 0.465005 -0.015032 0.135419 0.531395 0.253301 0.041748 
0.580525 0.373275 -0.026699 0.316240 -0.145768 0.771458 0.282492 0.276528 0.114969 0.475177 0.367039 -0.003645 0.473255 -0.010655 0.127574 0.532731 0.255586 0.038641 
0.582550 0.374393 -0.027233 0.325701 -0.152490 0.765936 0.283256 0.274681 0.113976 0.474955 0.367195 -0.003728 0.477751 -0.009001 0.122358 0.533457 0.256919 0.036386 
0.584759 0.375418 -0.027597 0.331196 -0.157771 0.759630 0.283518 0.273814 0.112129 0.474841 0.367286 -0.003766 0.479892 -0.006562 0.116759 0.534006 0.258809 0.033868 
0.586608 0.376191 -0.027763 0.333691 -0.161516 0.753275 0.283484 0.273753 0.109793 0.474777 0.367363 -0.003797 0.481005 -0.003355 0.111280 0.534473 0.260867 0.031487 
0.588638 0.376990 -0.027841 0.334435 -0.164633 0.746593 0.283270 0.273964 0.106982 0.474753 0.367355 -0.003800 0.481300 0.000288 0.105628 0.534997 0.263182 0.029014 
0.590569 0.377779 -0.027866 0.333800 -0.167075 0.740350 0.283013 0.274300 0.104114 0.474732 0.367374 -0.003810 0.481003 0.003705 0.100421 0.535584 0.265400 0.026693 
0.592670 0.378647 -0.027869 0.333014 -0.169649 0.733598 0.282728 0.274678 0.100995 0.474696 0.367389 -0.003823 0.480610 0.007380 0.094873 0.536237 0.267835 0.024206 
0.594672 0.379493 -0.027835 0.332059 -0.172033 0.727142 0.282454 0.275067 0.097974 0.474663 0.367398 -0.003832 0.480101 0.010879 0.089641 0.536897 0.270200 0.021857 
0.596843 0.380424 -0.027772 0.331138 -0.174572 0.720203 0.282177 0.275491 0.094745 0.474622 0.367421 -0.003847 0.479618 0.014633 0.084099 0.537623 0.272775 0.019369 
0.598917 0.381333 -0.027673 0.330037 -0.176891 0.713612 0.281920 0.275909 0.091639 0.474598 0.367401 -0.003842 0.479804 0.017957 0.078957 0.538308 0.275246 0.017080 
0.601176 0.382335 -0.027541 0.329269 -0.179394 0.706784 0.281678 0.276255 0.088479 0.474565 0.367401 -0.003845 0.480536 0.021233 0.073737 0.538979 0.277814 0.014768 
0.603302 0.383301 -0.027376 0.328633 -0.181737 0.700479 0.281463 0.276538 0.085565 0.474536 0.367394 -0.003843 0.481169 0.024232 0.068972 0.539609 0.280216 0.012672 
0.605578 0.384349 -0.027172 0.328087 -0.184201 0.693786 0.281252 0.276840 0.082494 0.474499 0.367400 -0.003848 0.481903 0.027415 0.063982 0.540282 0.282800 0.010480 
0.607716 0.385356 -0.026937 0.327478 -0.186478 0.687480 0.281059 0.277137 0.079580 0.474469 0.367394 -0.003847 0.482522 0.030404 0.059332 0.540939 0.285273 0.008452 
0.610008 0.386451 -0.026656 0.326942 -0.188879 0.680741 0.280869 0.277464 0.076487 0.474431 0.367401 -0.003852 0.483243 0.033612 0.054426 0.541645 0.287950 0.006323 
0.612161 0.387504 -0.026344 0.326331 -0.191106 0.674368 0.280698 0.277788 0.073539 0.474399 0.367396 -0.003850 0.483846 0.036628 0.049839 0.542340 0.290519 0.004348 
0.614468 0.388650 -0.025978 0.325791 -0.193456 0.667552 0.280533 0.278145 0.070406 0.474360 0.367403 -0.003855 0.484549 0.039867 0.044994 0.543086 0.293302 0.002277 
0.616637 0.389754 -0.025582 0.325168 -0.195640 0.661099 0.280385 0.278498 0.067415 0.474327 0.367397 -0.003853 0.485129 0.042906 0.040459 0.543822 0.295977 0.000359 
0.618959 0.390955 -0.025123 0.324619 -0.197945 0.654199 0.280245 0.278884 0.064236 0.474286 0.367404 -0.003856 0.485807 0.046169 0.035670 0.544613 0.298872 -0.001649 
0.621142 0.392113 -0.024634 0.323979 -0.200091 0.647662 0.280123 0.279264 0.061197 0.474253 0.367397 -0.003853 0.486357 0.049224 0.031185 0.545395 0.301655 -0.003503 
0.623477 0.393371 -0.024074 0.323411 -0.202355 0.640675 0.280011 0.279679 0.057966 0.474211 0.367403 -0.003855 0.487003 0.052500 0.026449 0.546235 0.304667 -0.005439 
0.625672 0.394588 -0.023483 0.322748 -0.204470 0.634052 0.279918 0.280083 0.054872 0.474176 0.367395 -0.003851 0.487514 0.055558 0.022012 0.547066 0.307561 -0.007220 
0.628011 0.395907 -0.022811 0.322155 -0.206700 0.626975 0.279839 0.280519 0.051590 0.474134 0.367398 -0.003851 0.488116 0.058831 0.017334 0.547957 0.310685 -0.009070 
0.630219 0.397186 -0.022101 0.321458 -0.208804 0.620268 0.279779 0.280926 0.048437 0.474099 0.367385 -0.003846 0.488567 0.061854 0.012951 0.548844 0.313679 -0.010764 
0.632303 0.398432 -0.021360 0.320750 -0.210860 0.613772 0.279736 0.281357 0.045361 0.474073 0.367351 -0.003829 0.488880 0.064708 0.008741 0.549736 0.316645 -0.012355 
0.634348 0.399687 -0.020581 0.319906 -0.212660 0.608091 0.279711 0.281574 0.042574 0.474036 0.367346 -0.003823 0.489107 0.067060 0.005094 0.550554 0.319227 -0.013697 
0.636374 0.400953 -0.019761 0.319217 -0.214555 0.602090 0.279703 0.281889 0.039684 0.474005 0.367325 -0.003810 0.489358 0.069595 0.001276 0.551416 0.322009 -0.015073 
0.638382 0.402238 -0.018897 0.318446 -0.216320 0.596425 0.279713 0.282113 0.036907 0.473968 0.367315 -0.003801 0.489586 0.071918 -0.002293 0.552255 0.324635 -0.016320 
0.640380 0.403543 -0.017981 0.317772 -0.218185 0.590400 0.279742 0.282441 0.033996 0.473938 0.367291 -0.003787 0.489824 0.074432 -0.006058 0.553151 0.327477 -0.017601 
0.642364 0.404873 -0.017012 0.316986 -0.219931 0.584694 0.279789 0.282678 0.031180 0.473902 0.367275 -0.003775 0.490021 0.076726 -0.009592 0.554032 0.330169 -0.018759 
0.644343 0.406223 -0.015981 0.316292 -0.221782 0.578617 0.279860 0.283014 0.028220 0.473873 0.367244 -0.003759 0.490231 0.079201 -0.013324 0.554975 0.333079 -0.019944 
0.646302 0.407603 -0.014895 0.315469 -0.223522 0.572850 0.279948 0.283261 0.025349 0.473838 0.367222 -0.003743 0.490382 0.081454 -0.016836 0.555906 0.335844 -0.021008 
0.648252 0.409013 -0.013740 0.314740 -0.225373 0.566703 0.280061 0.283613 0.022331 0.473808 0.367184 -0.003721 0.490538 0.083886 -0.020552 0.556900 0.338839 -0.022088 
0.650180 0.410448 -0.012524 0.313883 -0.227119 0.560857 0.280196 0.283872 0.019394 0.473774 0.367155 -0.003701 0.490641 0.086095 -0.024056 0.557883 0.341681 -0.023049 
0.652101 0.411916 -0.011234 0.313115 -0.228977 0.554631 0.280360 0.284239 0.016303 0.473746 0.367109 -0.003676 0.490746 0.088477 -0.027767 0.558935 0.344761 -0.024017 
0.653984 0.413402 -0.009884 0.312210 -0.230721 0.548698 0.280548 0.284517 0.013295 0.473714 0.367070 -0.003652 0.490804 0.090649 -0.031270 0.559976 0.347683 -0.024865 
0.654512 0.531913 0.028683 0.309599 -0.233355 0.537351 0.273203 0.268356 0.005160 0.438588 0.390593 0.022322 0.482179 0.088345 -0.036899 0.551492 0.366363 -0.023567 
0.461510 0.327409 0.040000 0.293598 -0.235169 0.510141 0.480437 0.085705 -0.050439 0.524070 0.398793 -0.020831 0.548787 0.621590 0.044832 0.272386 0.241327 -0.017610 
0.490818 0.284902 0.055304 0.277869 -0.241057 0.467605 0.482984 0.089866 -0.073524 0.520138 0.427497 -0.019987 0.486505 0.621769 0.053076 0.289286 0.235360 -0.049399 
0.501543 0.262739 0.069296 0.270250 -0.251775 0.419823 0.494960 0.095693 -0.099510 0.522784 0.459285 -0.010726 0.464139 0.612937 0.062124 0.303035 0.256354 -0.075711 
0.439232 0.611442 0.077948 0.511082 0.254124 0.076298 0.267904 -0.265591 0.371707 0.308535 0.286931 -0.095245 0.509085 0.097575 -0.125866 0.512894 0.489890 0.006253 
0.265436 -0.280146 0.316265 0.513807 0.231375 0.083205 0.409968 0.609027 0.100537 0.301328 0.311651 -0.114738 0.524252 0.095764 -0.156098 0.488489 0.517142 0.030088 
0.265454 -0.292700 0.250919 0.508156 0.194352 0.084024 0.383622 0.598936 0.099847 0.278178 0.345575 -0.125646 0.543076 0.100717 -0.189503 0.449450 0.533422 0.058715 
0.556263 0.107767 -0.228731 0.264066 -0.303505 0.177360 0.498482 0.153431 0.091563 0.408110 0.539631 0.127937 0.363605 0.584250 0.094758 0.251228 0.426402 -0.090023 
0.564867 0.104241 -0.249626 0.253467 -0.318023 0.145509 0.496272 0.127390 0.103617 0.377229 0.519376 0.166748 0.347500 0.572472 0.095560 0.225038 0.437432 -0.072746 
0.577251 0.088059 -0.248997 0.231306 -0.327009 0.143746 0.488852 0.104482 0.136915 0.341627 0.489592 0.210505 0.329318 0.559255 0.094727 0.191908 0.450031 -0.024080 
0.586088 0.069414 -0.243689 0.220588 -0.335240 0.143890 0.452245 0.081098 0.158518 0.290226 0.450669 0.242789 0.336030 0.549288 0.063291 0.091206 0.429217 0.091203 
0.590899 0.060022 -0.236610 0.338972 0.543788 0.046480 0.418808 0.067528 0.162737 0.246979 0.420489 0.246975 0.216095 -0.340091 0.143878 0.020461 0.371971 0.143090 
0.587400 0.055828 -0.232710 0.336883 0.540638 0.038272 0.406976 0.059475 0.162461 0.232301 0.415375 0.242601 0.206591 -0.340600 0.143969 0.004963 0.360897 0.131302 
0.584721 0.052601 -0.229442 0.341434 0.532611 0.022081 0.405324 0.046325 0.167420 0.229201 0.416628 0.243109 0.196164 -0.339795 0.143952 0.009388 0.367907 0.096135 
0.589850 0.048369 -0.223694 0.351191 0.523918 0.005136 0.405069 0.033997 0.172241 0.227782 0.417812 0.239331 0.190925 -0.340389 0.143768 0.020913 0.370776 0.051990 
0.595187 0.044279 -0.215814 0.355197 0.526728 -0.003135 0.395058 0.011770 0.142648 0.209867 0.418077 0.189565 0.185457 -0.338859 0.143761 0.017662 0.312624 -0.039617 
0.586358 0.043005 -0.214971 0.172517 -0.335224 0.144525 0.395270 -0.000600 0.090264 0.221388 0.433756 0.085985 0.346461 0.540921 0.002996 0.070648 0.202287 -0.172516 
0.568802 0.041819 -0.219881 0.156655 -0.331901 0.145876 0.396943 -0.007441 0.071907 0.244816 0.447006 0.047107 0.342230 0.542757 0.003333 0.109780 0.148626 -0.216583 
0.562281 0.039168 -0.221514 0.149017 -0.330575 0.146404 0.393150 -0.010223 0.072933 0.246566 0.450361 0.049811 0.342813 0.540617 -0.000060 0.110368 0.149231 -0.219383 
0.560720 0.037931 -0.222517 0.148466 -0.330554 0.147055 0.389873 -0.011714 0.072737 0.241887 0.447012 0.050072 0.345237 0.539865 -0.002627 0.101186 0.147150 -0.214903 
0.558079 0.038115 -0.225524 0.150055 -0.331070 0.147791 0.387801 -0.012999 0.069837 0.237900 0.443046 0.047897 0.347074 0.540091 -0.003761 0.091538 0.141387 -0.209340 
0.554228 0.039489 -0.230084 0.152900 -0.332046 0.148492 0.388734 -0.012738 0.065423 0.238632 0.441151 0.044457 0.347211 0.541329 -0.001754 0.087593 0.136020 -0.206020 
0.549397 0.041981 -0.235246 0.156177 -0.333555 0.148761 0.390385 -0.012016 0.060157 0.240748 0.439782 0.041079 0.346853 0.543022 0.002667 0.085118 0.130267 -0.202805 
0.544622 0.044082 -0.239442 0.158798 -0.335426 0.148671 0.392677 -0.011962 0.056729 0.243639 0.439742 0.041472 0.345514 0.543464 0.007616 0.084989 0.127785 -0.200545 
0.541125 0.044474 -0.242294 0.160233 -0.337276 0.148538 0.394342 -0.013432 0.055547 0.245696 0.439759 0.044943 0.344821 0.542069 0.010120 0.084840 0.127884 -0.198475 
0.538748 0.043807 -0.244017 0.161187 -0.339073 0.148535 0.395366 -0.015124 0.054912 0.247047 0.439262 0.047625 0.344275 0.540359 0.011604 0.084770 0.127836 -0.197064 
0.537016 0.042885 -0.245275 0.161722 -0.340575 0.148570 0.395994 -0.016403 0.054016 0.247901 0.438443 0.048104 0.343837 0.539071 0.012299 0.084764 0.126116 -0.196446 
0.536788 0.042111 -0.246274 0.160751 -0.341650 0.148308 0.393083 -0.020130 0.051444 0.244007 0.434118 0.043738 0.345950 0.537266 0.007914 0.079319 0.116709 -0.194118 
0.536972 0.039682 -0.246972 0.159708 -0.343253 0.148388 0.390062 -0.023392 0.047781 0.240170 0.428647 0.034803 0.347912 0.535786 0.002878 0.074863 0.103941 -0.193094 
0.536592 0.036224 -0.247177 0.159605 -0.344957 0.148899 0.387669 -0.025941 0.047080 0.236517 0.425114 0.033064 0.348809 0.533935 -0.000616 0.070271 0.099679 -0.190568 
0.536360 0.033925 -0.247235 0.159362 -0.345829 0.149220 0.385625 -0.028265 0.047120 0.233444 0.422755 0.033176 0.349963 0.532301 -0.003738 0.066439 0.096725 -0.188221 
0.536140 0.031231 -0.247313 0.158911 -0.346661 0.149590 0.383020 -0.030956 0.047188 0.229631 0.419963 0.033374 0.351560 0.530411 -0.007635 0.061630 0.093280 -0.185188 
0.536072 0.029021 -0.247282 0.158488 -0.347320 0.149881 0.380802 -0.033190 0.047336 0.226337 0.417573 0.033601 0.352853 0.528761 -0.010948 0.057616 0.090442 -0.182641 
0.536077 0.026470 -0.247202 0.354385 0.526787 -0.014867 0.378175 -0.035738 0.047566 0.222413 0.414722 0.033922 0.157941 -0.348046 0.150202 0.052877 0.087239 -0.179565 
0.536138 0.024236 -0.247024 0.355691 0.525014 -0.018353 0.375787 -0.037952 0.047836 0.218769 0.412092 0.034216 0.157522 -0.348672 0.150503 0.048623 0.084334 -0.176760 
0.536263 0.021771 -0.246826 0.357156 0.522962 -0.022265 0.373091 -0.040374 0.048167 0.214619 0.409029 0.034588 0.157061 -0.349417 0.150822 0.043779 0.081204 -0.173480 
0.536395 0.019559 -0.246558 0.358372 0.521128 -0.025651 0.370752 -0.042462 0.048520 0.210993 0.406358 0.034940 0.156646 -0.350028 0.151116 0.039681 0.078401 -0.170676 
0.536543 0.016836 -0.246299 0.359951 0.518728 -0.029972 0.367713 -0.045070 0.048918 0.206267 0.402773 0.035413 0.156089 -0.350831 0.151449 0.034275 0.074841 -0.166824 
0.536757 0.014186 -0.245905 0.361331 0.516428 -0.033943 0.364956 -0.047451 0.049386 0.201951 0.399480 0.035875 0.155534 -0.351528 0.151779 0.029513 0.071534 -0.163396 
0.537037 0.011343 -0.245474 0.362889 0.513798 -0.038377 0.361784 -0.050030 0.049920 0.196925 0.395541 0.036440 0.154953 -0.352335 0.152122 0.023971 0.067830 -0.159248 
0.537422 0.008794 -0.244929 0.364163 0.511423 -0.042210 0.359094 -0.052240 0.050517 0.192650 0.392214 0.037007 0.154337 -0.352969 0.152408 0.019429 0.064760 -0.155880 
0.366283 0.508815 -0.046583 0.537755 0.006344 -0.244596 0.153679 -0.353456 0.152675 0.013934 0.060625 -0.151234 0.355796 -0.054719 0.050817 0.187772 0.388083 0.037446 
0.367588 0.507036 -0.049489 0.537469 0.004755 -0.244741 0.153640 -0.354001 0.152941 0.010110 0.056783 -0.147607 0.353563 -0.056515 0.050678 0.184338 0.384909 0.037532 
0.369201 0.504672 -0.053219 0.537154 0.002952 -0.245034 0.153355 -0.354659 0.153166 0.005283 0.052015 -0.142892 0.350701 -0.058788 0.050437 0.179995 0.380790 0.037671 
0.370530 0.502593 -0.056371 0.536767 0.001174 -0.245248 0.153311 -0.355327 0.153452 0.001365 0.047696 -0.138857 0.348303 -0.060746 0.050225 0.176347 0.377189 0.037728 
0.372101 0.499945 -0.060228 0.536250 -0.001204 -0.245561 0.153081 -0.356178 0.153791 -0.003313 0.042507 -0.133883 0.345365 -0.063119 0.049944 0.171972 0.372730 0.037797 
0.373344 0.497688 -0.063401 0.535792 -0.003057 -0.245810 0.153071 -0.356941 0.154084 -0.007107 0.037855 -0.129605 0.342924 -0.065119 0.049700 0.168245 0.368785 0.037846 
0.374722 0.495062 -0.067028 0.535269 -0.005219 -0.246155 0.152932 -0.357804 0.154390 -0.011338 0.032623 -0.124662 0.340132 -0.067356 0.049394 0.164039 0.364223 0.037905 
0.375942 0.492655 -0.070267 0.534762 -0.007216 -0.246408 0.152920 -0.358603 0.154709 -0.014964 0.027784 -0.120205 0.337631 -0.069355 0.049147 0.160285 0.360043 0.037959 
0.377232 0.489944 -0.073845 0.534217 -0.009334 -0.246760 0.152811 -0.359477 0.155011 -0.018906 0.022437 -0.115165 0.334846 -0.071528 0.048843 0.156122 0.355282 0.038036 
0.378423 0.487418 -0.077120 0.533745 -0.011300 -0.246995 0.152787 -0.360261 0.155315 -0.022340 0.017432 -0.110548 0.332294 -0.073506 0.048605 0.152322 0.350838 0.038109 
0.379664 0.484561 -0.080742 0.533218 -0.013426 -0.247347 0.152619 -0.361124 0.155600 -0.026062 0.011933 -0.105350 0.329449 -0.075662 0.048301 0.148136 0.345794 0.038200 
0.380840 0.481746 -0.084237 0.532664 -0.015667 -0.247589 0.152609 -0.362012 0.155951 -0.029491 0.006435 -0.100278 0.326667 -0.077734 0.048031 0.144074 0.340758 0.038238 
0.381987 0.478725 -0.087876 0.532032 -0.018068 -0.247916 0.152586 -0.363014 0.156314 -0.032959 0.000671 -0.094893 0.323755 -0.079884 0.047724 0.139862 0.335329 0.038286 
0.383065 0.475872 -0.091251 0.531494 -0.020267 -0.248134 0.152579 -0.363882 0.156653 -0.035963 -0.004783 -0.089928 0.321058 -0.081874 0.047475 0.135991 0.330221 0.038344 
0.384185 0.472596 -0.095054 0.530889 -0.022703 -0.248486 0.152379 -0.364848 0.156974 -0.039271 -0.010812 -0.084256 0.317977 -0.084064 0.047148 0.131666 0.324331 0.038417 
0.385254 0.469358 -0.098741 0.530244 -0.025376 -0.248675 0.152351 -0.365831 0.157391 -0.042231 -0.016860 -0.078792 0.314965 -0.086193 0.046857 0.127506 0.318493 0.038397 
0.386314 0.465715 -0.102755 0.529510 -0.028284 -0.249016 0.152220 -0.366981 0.157799 -0.045371 -0.023295 -0.072733 0.311662 -0.088463 0.046513 0.123038 0.311936 0.038435 
0.387170 0.462474 -0.106226 0.528866 -0.030796 -0.249232 0.152187 -0.367990 0.158173 -0.047855 -0.029221 -0.067472 0.308774 -0.090505 0.046211 0.119145 0.306003 0.038407 
0.388078 0.458894 -0.110059 0.528220 -0.033247 -0.249552 0.152070 -0.369036 0.158503 -0.050569 -0.035588 -0.061492 0.305496 -0.092603 0.045907 0.114783 0.299258 0.038522 
0.389254 0.456194 -0.113062 0.528474 -0.034761 -0.249148 0.151712 -0.369174 0.158674 -0.052422 -0.040550 -0.057118 0.302855 -0.094136 0.045968 0.111306 0.294067 0.038667 
0.390893 0.452931 -0.116526 0.528913 -0.036780 -0.248611 0.151131 -0.369297 0.158882 -0.054534 -0.045190 -0.052486 0.300029 -0.095775 0.046354 0.107697 0.288780 0.039337 
0.392091 0.450200 -0.119444 0.529201 -0.038336 -0.248202 0.150750 -0.369416 0.159059 -0.056245 -0.049723 -0.048186 0.297433 -0.097158 0.046517 0.104408 0.283663 0.039680 
0.393731 0.446789 -0.122857 0.529651 -0.040470 -0.247639 0.150095 -0.369534 0.159260 -0.058098 -0.054191 -0.043719 0.294663 -0.098770 0.046900 0.101034 0.278423 0.040375 
0.394882 0.443990 -0.125717 0.529968 -0.041989 -0.247199 0.149673 -0.369607 0.159417 -0.059539 -0.058760 -0.039501 0.292076 -0.100121 0.047024 0.097886 0.273187 0.040664 
0.396488 0.440534 -0.129071 0.530479 -0.043925 -0.246579 0.149041 -0.369642 0.159591 -0.061180 -0.063465 -0.034881 0.289202 -0.101647 0.047407 0.094461 0.267515 0.041359 
0.397675 0.437600 -0.131942 0.530848 -0.045471 -0.246087 0.148599 -0.369693 0.159745 -0.062478 -0.068014 -0.030590 0.286534 -0.102932 0.047577 0.091351 0.262012 0.041718 
0.402302 0.431799 -0.136397 0.534688 -0.049081 -0.243792 0.144718 -0.368384 0.159143 -0.065139 -0.068771 -0.027556 0.284055 -0.104952 0.049695 0.088751 0.258534 0.044432 
0.410538 0.424387 -0.141362 0.543871 -0.053501 -0.238108 0.141372 -0.366823 0.158269 -0.069580 -0.066508 -0.023981 0.281517 -0.106634 0.054594 0.085266 0.252791 0.048890 
0.420481 0.417835 -0.145145 0.556302 -0.055799 -0.230763 0.140579 -0.365219 0.157126 -0.073536 -0.065924 -0.018132 0.279450 -0.107409 0.061145 0.080888 0.242597 0.054519 
0.434216 0.409333 -0.148874 0.571158 -0.055929 -0.220416 0.139888 -0.361835 0.156425 -0.076345 -0.069229 -0.009880 0.276010 -0.107707 0.069621 0.075515 0.228032 0.061246 
0.451855 0.397935 -0.152553 0.584849 -0.059342 -0.205133 0.134046 -0.354680 0.158663 -0.077946 -0.072239 -0.003986 0.269829 -0.106585 0.078562 0.071030 0.217213 0.064214 
0.458957 0.399937 -0.149865 0.585046 -0.061183 -0.194952 0.124374 -0.345558 0.164388 -0.078072 -0.061068 -0.012139 0.268142 -0.100743 0.083217 0.073547 0.232035 0.058894 
0.456587 0.412733 -0.144158 0.574738 -0.059105 -0.192356 0.113369 -0.334871 0.170174 -0.075306 -0.043170 -0.027760 0.269585 -0.092020 0.082288 0.082219 0.261985 0.048207 
0.452866 0.425466 -0.139385 0.564787 -0.054976 -0.193980 0.105487 -0.325521 0.172546 -0.071958 -0.027640 -0.039395 0.270845 -0.083589 0.078749 0.091316 0.286814 0.040194 
0.447553 0.437924 -0.135818 0.556586 -0.045920 -0.202443 0.105174 -0.319999 0.169609 -0.070638 -0.016539 -0.042167 0.272542 -0.076280 0.073358 0.096088 0.301563 0.040920 
0.438986 0.451399 -0.132175 0.549490 -0.030010 -0.218274 0.112842 -0.318955 0.160376 -0.071792 -0.009807 -0.036643 0.275344 -0.070576 0.065718 0.095946 0.306437 0.050551 
0.421733 0.467901 -0.127572 0.533737 -0.014629 -0.236897 0.126407 -0.323557 0.156204 -0.069116 -0.016716 -0.028137 0.278013 -0.065792 0.053733 0.095261 0.303666 0.049450 
0.400998 0.486610 -0.118915 0.513827 -0.003880 -0.250699 0.141349 -0.330857 0.158915 -0.061081 -0.031696 -0.022845 0.279090 -0.059828 0.039185 0.096413 0.297943 0.033328 
0.385392 0.501108 -0.109109 0.496649 0.005504 -0.261439 0.151716 -0.335502 0.159961 -0.053744 -0.039662 -0.021551 0.281789 -0.055068 0.028302 0.099694 0.300214 0.024277 
0.380781 0.505299 -0.103507 0.488409 0.006860 -0.265938 0.154922 -0.336088 0.160638 -0.049193 -0.036455 -0.024568 0.288187 -0.054763 0.026519 0.106449 0.314195 0.028762 
0.392228 0.496514 -0.107112 0.499947 0.001128 -0.261665 0.146180 -0.331325 0.159729 -0.046644 -0.018603 -0.040182 0.298527 -0.060595 0.033969 0.119981 0.337353 0.039927 
0.410457 0.486412 -0.114222 0.522586 -0.004929 -0.252432 0.139092 -0.326343 0.157172 -0.041343 -0.007797 -0.056822 0.305671 -0.065203 0.040941 0.129643 0.345803 0.040500 
0.423593 0.478023 -0.120827 0.540018 -0.010491 -0.242887 0.137690 -0.323437 0.155802 -0.045712 -0.006131 -0.051850 0.303215 -0.065999 0.048370 0.123188 0.334238 0.044570 
0.433411 0.471126 -0.125581 0.556098 -0.012117 -0.233882 0.144012 -0.323625 0.155136 -0.050060 -0.012503 -0.039220 0.301107 -0.066527 0.056279 0.112760 0.313551 0.051005 
0.571401 -0.009346 -0.225755 0.466841 1.293574 0.007199 0.359107 0.581109 0.073883 0.153838 -0.324985 0.154687 -0.051549 -0.023090 -0.026103 0.849692 0.544506 0.257787 0.546331 0.502473 0.079823 
0.579031 -0.006571 -0.221043 0.504776 1.302021 0.025231 0.369305 0.580521 0.077162 0.157386 -0.324911 0.154103 -0.052185 -0.027597 -0.020664 0.831034 0.524904 0.242798 0.557947 0.500050 0.083414 
0.578639 -0.006576 -0.220396 0.515822 1.305017 0.032777 0.372015 0.580188 0.079884 0.156085 -0.324366 0.154054 -0.052956 -0.026125 -0.021425 0.827688 0.519399 0.235138 0.560136 0.499383 0.086028 
0.576179 -0.007034 -0.222108 0.500120 1.300892 0.031457 0.368856 0.580352 0.080952 0.155948 -0.324879 0.154291 -0.052149 -0.026365 -0.022137 0.839061 0.525761 0.234581 0.556738 0.499899 0.086592 
0.572806 -0.007073 -0.225109 0.476783 1.292922 0.026275 0.364057 0.580469 0.080615 0.157705 -0.326463 0.154810 -0.050207 -0.028610 -0.022233 0.853216 0.536449 0.237444 0.551928 0.500682 0.085553 
