-0.653843 -0.756628 -0.001693 0.759458 -0.650516 -0.007305 -0.744762 0.667290 0.007342 0.649203 0.760613 0.001738 
-0.653799 -0.756668 -0.000764 0.759491 -0.650475 -0.007453 -0.744797 0.667250 0.007469 0.649159 0.760652 0.000810 
-0.653917 -0.756565 -0.001217 0.759391 -0.650591 -0.007473 -0.744694 0.667364 0.007499 0.649278 0.760550 0.001263 
-0.653849 -0.756625 0.000287 0.759449 -0.650536 -0.006274 -0.744753 0.667310 0.006266 0.649210 0.760609 -0.000249 
-0.653950 -0.756536 -0.001590 0.759370 -0.650630 -0.006088 -0.744672 0.667402 0.006123 0.649311 0.760521 0.001627 
-0.653950 -0.756536 -0.001453 0.759372 -0.650634 -0.005463 -0.744674 0.667405 0.005495 0.649310 0.760522 0.001486 
-0.653583 -0.756849 -0.002783 0.759693 -0.650282 -0.000839 -0.745003 0.667060 0.000901 0.648942 0.760833 0.002788 
-0.653509 -0.756911 -0.003261 0.759754 -0.650210 -0.000086 -0.745067 0.666990 0.000159 0.648868 0.760894 0.003262 
-0.652883 -0.757459 -0.000857 0.760286 -0.649575 0.004068 -0.745612 0.666368 -0.004048 0.648238 0.761437 0.000832 
-0.652728 -0.757592 0.000704 0.760419 -0.649410 0.005409 -0.745748 0.666206 -0.005424 0.648083 0.761570 -0.000737 
-0.652727 -0.757593 0.000568 0.760420 -0.649409 0.005432 -0.745749 0.666205 -0.005444 0.648081 0.761571 -0.000601 
-0.652725 -0.757595 0.000392 0.760406 -0.649396 0.008200 -0.745736 0.666191 -0.008207 0.648080 0.761572 -0.000442 
-0.652725 -0.757594 0.000317 0.760363 -0.649356 0.013577 -0.745692 0.666152 -0.013582 0.648080 0.761572 -0.000400 
-0.652726 -0.757594 0.000248 0.760281 -0.649286 0.020002 -0.745611 0.666082 -0.020004 0.648081 0.761571 -0.000371 
-0.652727 -0.757594 0.000187 0.760161 -0.649183 0.026776 -0.745490 0.665979 -0.026776 0.648082 0.761570 -0.000350 
-0.652727 -0.757593 0.000131 0.760004 -0.649050 0.033571 -0.745334 0.665846 -0.033568 0.648084 0.761569 -0.000336 
-0.652727 -0.757593 0.000079 0.759816 -0.648891 0.040244 -0.745146 0.665687 -0.040240 0.648085 0.761568 -0.000325 
-0.652728 -0.757593 0.000026 0.759598 -0.648705 0.046840 -0.744927 0.665500 -0.046833 0.648087 0.761566 -0.000313 
-0.652728 -0.757593 -0.000005 0.759347 -0.648491 0.053399 -0.744677 0.665286 -0.053391 0.648089 0.761565 -0.000322 
-0.652727 -0.757593 -0.000013 0.759064 -0.648248 0.059964 -0.744394 0.665043 -0.059955 0.648090 0.761563 -0.000354 
-0.652728 -0.757593 -0.000021 0.758746 -0.647974 0.066589 -0.744075 0.664770 -0.066578 0.648092 0.761562 -0.000387 
-0.652728 -0.757593 -0.000029 0.758387 -0.647666 0.073332 -0.743717 0.664462 -0.073320 0.648094 0.761560 -0.000420 
-0.652727 -0.757593 -0.000036 0.757984 -0.647319 0.080245 -0.743313 0.664115 -0.080232 0.648096 0.761558 -0.000454 
-0.652727 -0.757593 -0.000044 0.757529 -0.646929 0.087364 -0.742860 0.663724 -0.087350 0.648099 0.761556 -0.000490 
-0.644784 -0.764364 -0.001486 0.764673 -0.639500 0.079462 -0.750179 0.656448 -0.079417 0.640111 0.768281 0.001000 
-0.643743 -0.765241 -0.001479 0.766060 -0.638877 0.070623 -0.751589 0.655845 -0.070580 0.639062 0.769154 0.001047 
-0.642120 -0.766603 -0.001448 0.767723 -0.637499 0.064785 -0.753287 0.654498 -0.064743 0.637429 0.770508 0.001052 
-0.632462 -0.774565 -0.006423 0.775148 -0.627895 0.069959 -0.760927 0.645072 -0.069805 0.627726 0.778411 0.005995 
-0.628404 -0.777861 -0.006449 0.777947 -0.623518 0.077608 -0.763816 0.640769 -0.077453 0.623651 0.781680 0.005975 
-0.631862 -0.775081 -0.000437 0.774600 -0.625902 0.090783 -0.760392 0.643092 -0.090760 0.627130 0.778915 -0.000118 
-0.631860 -0.775083 -0.000392 0.772917 -0.624532 0.112067 -0.758710 0.641722 -0.112041 0.627137 0.778909 -0.000294 
-0.631856 -0.775086 -0.000360 0.770970 -0.622942 0.132470 -0.756763 0.640132 -0.132442 0.627145 0.778902 -0.000450 
-0.631854 -0.775088 -0.000348 0.769411 -0.621673 0.146728 -0.755204 0.638863 -0.146698 0.627152 0.778896 -0.000549 
-0.631852 -0.775089 -0.000306 0.768226 -0.620700 0.156720 -0.754019 0.637890 -0.156689 0.627159 0.778891 -0.000652 
-0.631851 -0.775090 -0.000277 0.766908 -0.619622 0.167094 -0.752701 0.636813 -0.167063 0.627166 0.778886 -0.000745 
-0.631850 -0.775090 -0.000250 0.765370 -0.618365 0.178420 -0.751164 0.635556 -0.178387 0.627174 0.778879 -0.000841 
-0.631850 -0.775091 -0.000226 0.763896 -0.617161 0.188614 -0.749691 0.634351 -0.188580 0.627183 0.778872 -0.000928 
-0.631850 -0.775091 -0.000209 0.761798 -0.615450 0.202200 -0.747593 0.632641 -0.202165 0.627196 0.778861 -0.001027 
-0.631692 -0.775219 -0.000334 0.759183 -0.613101 0.218514 -0.744981 0.630295 -0.218474 0.627054 0.778975 -0.001003 
-0.631206 -0.775614 -0.001563 0.756603 -0.610591 0.233945 -0.742413 0.627794 -0.233875 0.626584 0.779354 0.000132 
-0.625649 -0.780104 -0.000768 0.759212 -0.603550 0.243567 -0.745145 0.620855 -0.243513 0.621011 0.783802 -0.000722 
-0.625752 -0.780022 -0.000685 0.755631 -0.600831 0.260813 -0.741563 0.618134 -0.260758 0.621135 0.783703 -0.000910 
-0.625748 -0.780025 -0.000583 0.749727 -0.596074 0.287413 -0.735659 0.613378 -0.287356 0.621167 0.783677 -0.001175 
0.621013 0.783799 -0.001306 -0.686898 -0.726566 0.016559 0.727201 -0.683676 0.061368 0.971230 -0.226042 0.074942 -0.727216 0.606342 -0.321722 -0.972761 0.231809 -0.000340 
0.606119 0.795135 -0.019508 -0.675590 -0.737253 0.005953 0.736724 -0.672118 0.074126 0.962753 -0.249750 0.103592 -0.730107 0.577860 -0.364720 -0.965133 0.261704 -0.005344 
0.608429 0.791982 -0.050778 -0.674143 -0.738581 0.005410 0.737439 -0.670096 0.084585 0.947746 -0.287989 0.137262 -0.725770 0.562555 -0.395967 -0.951429 0.307419 -0.016605 
0.615040 0.784363 -0.080619 -0.673696 -0.738991 0.005060 0.736552 -0.668379 0.103736 0.929695 -0.323539 0.176036 -0.719074 0.550992 -0.423486 -0.935764 0.350525 -0.038449 
0.620475 0.778045 -0.098273 -0.673828 -0.738873 0.004735 0.734465 -0.666609 0.127250 0.916891 -0.340057 0.208980 -0.711323 0.541604 -0.447979 -0.925835 0.372577 -0.063366 
0.622266 0.775668 -0.105475 -0.673994 -0.738724 0.004406 0.732015 -0.664595 0.149888 0.912144 -0.337877 0.232020 -0.704782 0.532709 -0.468511 -0.923643 0.373838 -0.084428 
0.622109 0.775385 -0.108438 -0.674068 -0.738658 0.004033 0.729322 -0.662226 0.171889 0.911682 -0.326498 0.249467 -0.698981 0.523736 -0.486957 -0.925425 0.364863 -0.102297 
0.620967 0.775709 -0.112589 -0.673007 -0.739627 0.003732 0.727263 -0.658398 0.193908 0.911535 -0.313720 0.265863 -0.694002 0.513298 -0.504862 -0.927457 0.354610 -0.118643 
0.620265 0.775067 -0.120589 -0.671806 -0.740706 0.005567 0.725250 -0.653789 0.215807 0.909894 -0.303983 0.282289 -0.689426 0.501442 -0.522730 -0.927817 0.348131 -0.134016 
0.621507 0.772321 -0.131337 -0.672016 -0.740447 0.011561 0.722298 -0.649455 0.237685 0.906740 -0.297850 0.298509 -0.684134 0.489791 -0.540431 -0.926338 0.345634 -0.149782 
0.623102 0.768925 -0.143172 -0.672985 -0.739361 0.020871 0.718964 -0.644706 0.259701 0.903341 -0.292010 0.314173 -0.678860 0.477555 -0.557755 -0.924341 0.343453 -0.166237 
0.624888 0.765100 -0.155358 -0.673791 -0.738258 0.031315 0.715755 -0.638907 0.281944 0.899951 -0.285146 0.329818 -0.673343 0.464615 -0.575102 -0.922352 0.340190 -0.183132 
0.626381 0.761136 -0.168279 -0.674192 -0.737317 0.042778 0.712852 -0.631768 0.304485 0.896628 -0.276972 0.345463 -0.667858 0.450187 -0.592704 -0.920440 0.335692 -0.200253 
0.627547 0.757011 -0.181986 -0.674188 -0.736471 0.055497 0.710278 -0.623149 0.327399 0.893495 -0.267211 0.360921 -0.662475 0.434222 -0.610392 -0.918706 0.329637 -0.217528 
0.628622 0.752522 -0.196332 -0.674124 -0.735336 0.069551 0.707719 -0.613228 0.350836 0.890580 -0.255700 0.376143 -0.656989 0.416911 -0.628133 -0.917163 0.321786 -0.235086 
0.629642 0.747576 -0.211379 -0.674050 -0.733778 0.085004 0.705061 -0.601816 0.375109 0.887875 -0.242367 0.391071 -0.651347 0.398136 -0.645938 -0.915780 0.312025 -0.252957 
0.630585 0.742066 -0.227377 -0.674004 -0.731597 0.102391 0.702347 -0.588628 0.400281 0.885306 -0.227384 0.405622 -0.645594 0.377641 -0.663774 -0.914421 0.300474 -0.271201 
0.631445 0.735873 -0.244475 -0.674035 -0.728547 0.122050 0.699579 -0.573383 0.426405 0.882841 -0.210773 0.419721 -0.639728 0.355194 -0.681605 -0.913006 0.287074 -0.289843 
0.630805 0.730325 -0.262127 -0.673319 -0.725915 0.140318 0.696786 -0.556367 0.452709 0.880676 -0.195908 0.431312 -0.634095 0.329566 -0.699506 -0.911549 0.275892 -0.304898 
-0.671713 -0.724815 0.153119 0.630593 0.720026 -0.289680 -0.632152 0.299552 -0.714599 -0.908665 0.273509 -0.315469 0.693542 -0.539426 0.477514 0.876012 -0.184170 0.445739 
-0.668236 -0.725335 0.165375 0.629249 0.707319 -0.322095 -0.632292 0.265008 -0.727995 -0.904164 0.273829 -0.327880 0.691510 -0.520428 0.500967 0.868790 -0.171759 0.464437 
-0.664563 -0.724610 0.182473 0.628131 0.692039 -0.355715 -0.631719 0.227185 -0.741160 -0.899005 0.271175 -0.343881 0.689254 -0.496935 0.527242 0.861015 -0.156180 0.484005 
-0.661138 -0.722212 0.203239 0.627152 0.675124 -0.388444 -0.629557 0.186495 -0.754240 -0.893791 0.262315 -0.363771 0.686204 -0.469348 0.555731 0.853050 -0.135118 0.504033 
-0.657060 -0.718564 0.227898 -0.840345 0.225902 -0.492736 0.625759 0.655685 -0.422496 0.682967 -0.436247 0.585871 0.844734 -0.108601 0.524053 
-0.651571 -0.713516 0.257584 -0.835200 0.198059 -0.513044 0.623181 0.633356 -0.458809 0.680926 -0.397227 0.615264 0.836402 -0.077011 0.542680 
-0.645626 -0.705365 0.292621 -0.831498 0.162792 -0.531139 0.619285 0.608707 -0.495945 0.679278 -0.352139 0.643878 0.636280 -0.021938 0.771146 0.897834 -0.045332 0.437994 
-0.641757 -0.690975 0.332720 -0.829110 0.119938 -0.546069 0.617081 0.581677 -0.529964 0.677156 -0.303618 0.670281 0.631164 0.033428 0.774929 0.895210 -0.007603 0.445579 
-0.641348 -0.667782 0.377810 -0.828880 0.065172 -0.555618 0.617196 0.563637 -0.548983 0.674541 -0.252779 0.693612 0.620404 0.077657 0.780428 0.901426 0.041969 0.430895 
-0.660034 -0.632885 0.404736 -0.827003 0.006731 -0.562157 0.628173 0.568457 -0.531277 0.656809 -0.221188 0.720887 0.591655 0.091669 0.800963 0.916749 0.093646 0.388332 
-0.690716 -0.597493 0.407325 -0.814414 -0.028951 -0.579562 0.650396 0.571879 -0.499940 0.627900 -0.212496 0.748724 0.550722 0.095487 0.829209 0.920160 0.119227 0.372949 
-0.732625 -0.557527 0.390417 -0.787019 -0.036174 -0.615867 0.691750 0.556930 -0.459686 0.583590 -0.215445 0.782947 0.496181 0.093039 0.863220 0.910923 0.114244 0.396443 
-0.778933 -0.513550 0.359903 -0.746153 -0.024194 -0.665335 0.527097 -0.220985 0.820570 0.891220 0.088568 0.444839 0.744489 0.527378 -0.409401 0.430573 0.086272 0.898423 
-0.812445 -0.484950 0.323662 -0.700272 -0.005806 -0.713853 0.473728 -0.221062 0.852475 0.859303 0.061051 0.507810 0.787535 0.492049 -0.371048 0.376699 0.088826 0.922067 
-0.835291 -0.475046 0.276805 -0.649311 0.010107 -0.760456 0.417774 -0.216764 0.882314 0.814895 0.041655 0.578110 0.818757 0.462177 -0.340631 0.332011 0.099363 0.938027 
-0.852691 -0.468889 0.230352 -0.597871 0.017063 -0.801410 0.361352 -0.206694 0.909232 0.769014 0.032936 0.638383 0.844171 0.438844 -0.307882 0.287249 0.110915 0.951413 
-0.860500 -0.468095 0.201062 -0.556874 0.010292 -0.830533 0.320048 -0.185522 0.929059 0.729273 0.038217 0.683155 0.234755 0.123303 0.964203 0.861410 0.422211 -0.282331 
-0.865348 -0.468890 0.176961 -0.521861 -0.010066 -0.852971 0.281491 -0.158579 0.946370 0.698206 0.057983 0.713545 0.201181 0.147976 0.968313 0.871300 0.414399 -0.262886 
-0.875562 -0.461800 0.141887 -0.481339 -0.038755 -0.875677 0.228782 -0.133686 0.964255 0.671549 0.083681 0.736219 0.147534 0.168149 0.974659 0.882426 0.414019 -0.223411 
-0.889422 -0.448724 0.087032 -0.425866 -0.070033 -0.902072 0.155874 -0.114748 0.981089 0.638617 0.108706 0.761808 0.065844 0.182399 0.981017 0.893396 0.421112 -0.156552 
0.612859 0.116134 0.781612 0.890376 0.454381 -0.027716 -0.902992 -0.429426 -0.014095 -0.348890 -0.087504 -0.933069 
0.549368 0.100602 0.829502 0.891372 0.449404 0.059090 -0.898359 -0.427313 -0.101758 -0.146964 0.122509 0.981526 -0.266564 -0.067598 -0.961444 
0.408704 0.057487 0.910855 0.902846 0.415206 0.111680 -0.114507 -0.154696 0.981304 -0.881870 -0.438293 -0.173793 -0.202380 0.135990 0.969819 
0.265269 0.031596 0.963656 0.899032 0.397093 0.184548 -0.192452 -0.184095 0.963884 -0.853853 -0.451737 -0.258588 -0.278866 0.144974 0.949324 
0.874099 0.393684 0.284540 -0.876313 -0.392793 -0.278909 
-0.835951 -0.392075 -0.384011 0.833085 0.392907 0.389350 
0.710205 0.448045 0.543014 -0.790524 -0.386096 -0.475396 -0.283017 -0.039224 0.958312 0.505219 0.209778 -0.837106 0.559503 -0.133884 -0.817943 
-0.742582 -0.376057 -0.554214 -0.380886 -0.046590 0.923447 0.636523 -0.132486 -0.759793 0.188185 -0.001143 -0.982133 0.651533 0.444454 0.614790 0.588133 0.213080 -0.780190 
-0.690529 -0.347694 -0.634254 -0.464887 -0.060590 0.883295 0.705622 -0.123521 -0.697739 0.272790 0.019666 -0.961873 0.603362 0.411985 0.682806 0.659995 0.219791 -0.718400 
-0.636013 -0.320739 -0.701865 -0.546880 -0.070964 0.834198 0.764195 -0.125410 -0.632676 0.366849 0.035368 -0.929608 0.547998 0.389992 0.740003 0.723274 0.220748 -0.654328 
-0.578360 -0.302955 -0.757442 -0.620492 -0.072881 0.780819 0.813652 -0.131938 -0.566183 0.452378 0.040397 -0.890911 0.484675 0.376695 0.789425 0.781447 0.216373 -0.585255 
-0.522398 -0.284979 -0.803671 -0.684224 -0.067037 0.726184 0.853202 -0.144468 -0.501175 0.526372 0.038014 -0.849404 0.422942 0.362547 0.830470 0.832315 0.204407 -0.515237 
-0.468423 -0.263713 -0.843229 -0.738275 -0.056480 0.672131 0.884063 -0.162699 -0.438135 0.590601 0.032676 -0.806302 0.369683 0.344900 0.862773 0.872704 0.187350 -0.450874 
-0.418376 -0.244173 -0.874838 -0.782029 -0.045452 0.621583 0.906551 -0.182560 -0.380575 0.646100 0.026611 -0.762788 0.326982 0.329917 0.885572 0.901137 0.170954 -0.398406 
-0.372532 -0.239222 -0.896656 -0.815557 -0.030741 0.577859 0.923323 -0.198660 -0.328646 0.687261 0.013935 -0.726277 0.283946 0.325282 0.901979 0.923842 0.156624 -0.349264 
-0.328661 -0.243188 -0.912602 -0.842487 -0.009396 0.538634 0.936372 -0.213932 -0.278283 0.716047 -0.005248 -0.698033 0.238552 0.323887 0.915527 0.944873 0.137992 -0.296940 
-0.247137 -0.261985 -0.932892 -0.876685 0.015911 0.480802 0.956925 -0.219570 -0.189954 0.746152 -0.024719 -0.665317 0.157722 0.317355 0.935098 0.969783 0.126735 -0.208467 
-0.131603 -0.265784 -0.955008 -0.922975 0.026811 0.383926 0.972267 -0.223140 -0.070037 0.805698 -0.028549 -0.591639 0.039907 0.302523 0.952306 0.988633 0.125309 -0.083086 
-0.052595 0.287219 0.956420 -0.039388 -0.224687 -0.973635 -0.963071 0.019406 0.268546 0.968563 -0.247976 0.019852 0.993268 0.114361 0.018437 0.883833 -0.017850 -0.467462 
-0.983610 0.001519 0.180300 -0.095013 0.261121 0.960619 0.960413 -0.273442 0.053254 0.992616 0.099569 0.069280 0.936774 -0.002372 -0.349927 
-0.989482 -0.008017 0.144432 -0.110945 0.230296 0.966775 0.958296 -0.280920 0.052472 0.991998 0.087275 0.091228 0.953768 0.005765 -0.300487 
-0.986771 -0.008089 0.161916 -0.100826 0.197508 0.975102 0.960380 -0.277241 0.028423 0.993465 0.075457 0.085635 0.945379 0.010613 -0.325800 
0.961989 -0.272817 0.012154 0.995174 0.064532 0.073914 0.919722 0.019919 -0.392065 -0.979241 0.000233 0.202697 
-0.974539 0.009972 0.223996 0.959655 -0.280888 0.012848 0.995838 0.055308 0.072438 0.903151 0.029394 -0.428316 
0.953670 -0.298471 0.037799 0.995707 0.043430 0.081740 0.639560 0.021779 -0.768433 -0.985036 0.020495 -0.171126 
0.948001 -0.316539 0.033114 0.794054 0.032284 -0.606990 -0.982004 0.039415 -0.184701 
0.943222 -0.330722 0.030896 0.812172 0.032940 -0.582487 -0.974913 0.052943 -0.216199 
0.940295 -0.338816 0.032389 0.831408 0.031565 -0.554765 -0.964526 0.063951 -0.256126 
0.937496 -0.345798 0.039044 0.846421 0.029058 -0.531722 -0.955195 0.073414 -0.286728 
0.934871 -0.351610 0.048857 0.855759 0.025461 -0.516748 -0.949430 0.079768 -0.303676 
0.933050 -0.354778 0.059579 0.859659 0.022231 -0.510384 -0.166740 0.065553 0.983819 -0.947513 0.082441 -0.308906 
0.932701 -0.355335 0.061694 0.856958 0.019143 -0.515030 -0.166399 0.066329 0.983825 -0.949661 0.082905 -0.302111 
0.933231 -0.354326 0.059448 0.849472 0.015895 -0.527395 -0.954008 0.082328 -0.288254 
0.933620 -0.353409 0.058790 0.840444 0.013340 -0.541734 -0.958833 0.081583 -0.271998 
0.933891 -0.352894 0.057566 0.830555 0.011509 -0.556817 -0.964057 0.080468 -0.253218 
0.934023 -0.352786 0.056063 0.820975 0.009583 -0.570883 -0.969400 0.078992 -0.232432 
0.934270 -0.352610 0.052974 0.813232 0.005151 -0.581916 -0.973302 0.076833 -0.216288 
0.934809 -0.352013 0.047117 0.806701 -0.001890 -0.590957 -0.975694 0.074147 -0.206211 
0.935230 -0.351800 0.039780 0.995463 -0.008234 0.094792 0.658426 -0.009598 -0.752584 -0.977798 0.071571 -0.196949 
0.935485 -0.351997 0.031090 0.996616 -0.008157 0.081795 0.648402 -0.020245 -0.761029 -0.980096 0.069469 -0.185974 
0.935695 -0.352806 -0.001452 0.997779 -0.008129 0.066117 0.912225 -0.036610 -0.408050 -0.973238 0.071175 0.218497 
0.935207 -0.353842 -0.013563 0.998818 -0.008304 0.047887 0.904526 -0.043478 -0.424197 -0.968992 0.075401 0.235306 
0.934374 -0.355271 -0.026976 0.999571 -0.008924 0.027910 0.895749 -0.051149 -0.441609 -0.963976 0.080286 0.253582 
0.933116 -0.357159 -0.041616 -0.958095 0.085934 0.273256 0.999930 -0.010073 0.006198 0.885804 -0.059740 -0.460198 
0.931337 -0.359534 -0.057852 0.017704 0.175344 0.984348 -0.951118 0.092394 0.294683 0.874386 -0.069297 -0.480258 0.999774 -0.011798 -0.017669 
0.928892 -0.362461 -0.076041 0.044299 0.193243 0.980150 -0.942760 0.099745 0.318205 0.861131 -0.079877 -0.502068 0.998924 -0.014190 -0.044146 
0.926208 -0.364965 -0.094542 0.071817 0.210167 0.975024 -0.145320 -0.109240 -0.983336 -0.932909 0.107678 0.343636 0.845349 -0.090616 -0.526474 0.997289 -0.016288 -0.071752 
0.923743 -0.366496 -0.111267 0.096433 0.226117 0.969315 -0.170400 -0.128064 -0.977018 -0.922830 0.115155 0.367591 0.829041 -0.100265 -0.550126 0.995159 -0.018044 -0.096612 
0.121963 0.242443 0.962469 0.992281 -0.021827 -0.122072 -0.196698 -0.145013 -0.969681 -0.912292 0.123428 0.390498 0.920182 -0.369419 -0.129595 0.813034 -0.111337 -0.571472 
0.142353 0.258667 0.955420 0.989499 -0.026584 -0.142077 -0.217942 -0.162787 -0.962290 -0.902719 0.132709 0.409250 0.917196 -0.371894 -0.142987 0.797878 -0.123230 -0.590089 
0.159130 0.275637 0.947999 0.986884 -0.031834 -0.158259 -0.234798 -0.180206 -0.955194 -0.895034 0.142725 0.422544 0.913903 -0.376490 -0.151777 0.786670 -0.136159 -0.602172 
0.172769 0.292966 0.940384 0.984544 -0.037484 -0.171077 -0.248418 -0.197323 -0.948342 -0.888830 0.152979 0.431947 0.910776 -0.381771 -0.157285 0.778091 -0.149519 -0.610097 
-0.259324 -0.214213 -0.941735 -0.883807 0.163070 0.438513 0.908108 -0.386884 -0.160191 0.771225 -0.162707 -0.615417 0.183321 0.310159 0.932842 0.982601 -0.043095 -0.180659 
-0.268059 -0.229937 -0.935561 -0.879797 0.172545 0.442928 0.905853 -0.391633 -0.161411 0.765807 -0.175137 -0.618762 0.191422 0.326330 0.925671 0.981033 -0.048482 -0.187682 
-0.275194 -0.244461 -0.929789 -0.877085 0.179120 0.445689 0.904112 -0.395512 -0.161712 0.762540 -0.183895 -0.620254 0.192650 0.341426 0.919953 0.980753 -0.049986 -0.188745 
-0.284478 -0.248181 -0.926001 -0.873683 0.180974 0.451582 0.901964 -0.397515 -0.168652 0.758762 -0.187034 -0.623938 0.199079 0.347293 0.916381 0.979402 -0.050923 -0.195393 
-0.289333 -0.243323 -0.925786 -0.870092 0.180367 0.458702 0.901037 -0.396679 -0.175438 0.752861 -0.184981 -0.631651 0.206213 0.340506 0.917350 0.977900 -0.051465 -0.202641 
-0.290015 -0.235099 -0.927696 -0.868373 0.178092 0.462829 0.900733 -0.395578 -0.179439 0.749891 -0.180512 -0.636458 0.211937 0.330035 0.919869 0.976673 -0.051468 -0.208472 
-0.287945 -0.230212 -0.929564 -0.868942 0.175833 0.462626 0.901145 -0.394601 -0.179522 0.750583 -0.177123 -0.636595 0.211855 0.324336 0.921913 0.976697 -0.050399 -0.208623 
-0.283835 -0.227271 -0.931550 -0.870979 0.174126 0.459431 0.902033 -0.393762 -0.176884 0.753346 -0.174888 -0.633943 0.207782 0.321396 0.923868 0.977603 -0.049510 -0.204550 
-0.277445 -0.224523 -0.934138 -0.874112 0.172716 0.453979 0.903249 -0.393189 -0.171882 0.757676 -0.172967 -0.629292 0.201438 0.318668 0.926214 0.978982 -0.048852 -0.198009 
-0.268735 -0.221584 -0.937380 -0.878475 0.171070 0.446112 0.904842 -0.392590 -0.164725 0.763868 -0.170896 -0.622335 0.192732 0.316072 0.928953 0.980796 -0.048148 -0.189002 
-0.257701 -0.218254 -0.941252 -0.883866 0.169162 0.436079 0.906783 -0.391862 -0.155529 0.771549 -0.168513 -0.613445 0.181665 0.313143 0.932169 0.982972 -0.047314 -0.177560 
0.168129 0.309604 0.935883 0.985441 -0.046420 -0.163558 -0.244192 -0.214495 -0.945707 -0.890141 0.167150 0.423922 0.909009 -0.391049 -0.144160 0.780463 -0.165872 -0.602797 
0.152444 0.305061 0.940052 0.988039 -0.045346 -0.147384 -0.228320 -0.209604 -0.950756 -0.897236 0.164632 0.409712 0.911398 -0.390116 -0.131011 0.790689 -0.162589 -0.590233 
0.137429 0.299683 0.944089 0.990264 -0.045023 -0.131723 -0.213992 -0.202406 -0.955636 -0.904027 0.161542 0.395778 0.913057 -0.389758 -0.120063 0.801051 -0.158672 -0.577184 
0.123181 0.291775 0.948522 0.992129 -0.044982 -0.116863 -0.200401 -0.193099 -0.960496 -0.910037 0.158342 0.383093 0.914333 -0.389563 -0.110618 0.810235 -0.154048 -0.565498 
0.109720 0.281434 0.953287 0.993672 -0.044865 -0.102970 -0.186668 -0.182541 -0.965315 -0.915332 0.155263 0.371565 0.915451 -0.389403 -0.101565 0.818188 -0.148896 -0.555337 
0.095934 0.269789 0.958129 0.995039 -0.044688 -0.088885 -0.172609 -0.170675 -0.970091 -0.920560 0.151751 0.359918 0.916496 -0.389133 -0.092795 0.826136 -0.143062 -0.545007 
0.081433 0.256869 0.963009 0.996258 -0.044173 -0.074291 -0.157853 -0.157563 -0.974811 -0.925872 0.147555 0.347835 0.917618 -0.388488 -0.083992 0.834286 -0.136322 -0.534213 
0.918679 -0.387677 -0.075734 0.066780 0.242470 0.967858 -0.142980 -0.142958 -0.979346 -0.931037 0.142849 0.335805 0.842314 -0.128797 -0.523373 0.997264 -0.043585 -0.059709 
0.919633 -0.386868 -0.067886 0.051893 0.226520 0.972623 -0.127868 -0.126799 -0.983652 -0.936072 0.137813 0.323692 0.850260 -0.120638 -0.512352 0.998055 -0.043121 -0.045018 
0.920177 -0.386552 -0.062064 0.040025 0.207166 0.977487 -0.940964 0.131977 0.311718 0.858658 -0.111792 -0.500210 0.998504 -0.043188 -0.033534 
0.920498 -0.386480 -0.057590 0.029159 0.192020 0.980958 -0.945175 0.127052 0.300836 0.866161 -0.104703 -0.488675 0.998787 -0.043554 -0.022958 
0.019983 0.179036 0.983640 0.920480 -0.387059 -0.053867 -0.947898 0.124422 0.293272 0.998902 -0.044734 -0.013941 0.870792 -0.099541 -0.481470 
0.920135 -0.388180 -0.051646 -0.949736 0.122890 0.287924 0.998893 -0.046506 -0.007120 0.873971 -0.095595 -0.476484 
0.919687 -0.389378 -0.050596 -0.950964 0.121837 0.284294 0.998828 -0.048364 -0.001973 0.876099 -0.092245 -0.473225 
0.919139 -0.390594 -0.051194 0.998737 -0.050227 0.001077 0.877547 -0.089251 -0.471110 -0.951717 0.120854 0.282187 
0.918492 -0.391764 -0.053794 0.998644 -0.052027 0.001733 0.878115 -0.086552 -0.470556 -0.951893 0.119892 0.282001 
0.917763 -0.392793 -0.058528 0.998558 -0.053687 -0.000118 0.877496 -0.083999 -0.472170 -0.951369 0.118949 0.284162 
0.916933 -0.393727 -0.064904 0.998466 -0.055209 -0.004147 0.875677 -0.081665 -0.475942 -0.950161 0.118178 0.288494 
0.915976 -0.394659 -0.072339 -0.948455 0.117673 0.294256 0.873047 -0.079796 -0.481063 0.998345 -0.056678 -0.009752 
0.914863 -0.395563 -0.080970 -0.946188 0.117386 0.301579 0.869514 -0.078328 -0.487658 0.998167 -0.058062 -0.017050 
0.913556 -0.396415 -0.090941 -0.943277 0.117279 0.310603 0.864963 -0.077203 -0.495861 0.997895 -0.059336 -0.026173 
0.912377 -0.396845 -0.100409 -0.939948 0.117747 0.320365 0.859426 -0.076536 -0.505500 0.997520 -0.060654 -0.035719 
0.911034 -0.398665 -0.105279 -0.937615 0.120267 0.326211 0.855662 -0.078593 -0.511532 0.997152 -0.063189 -0.041175 
0.909519 -0.401722 -0.106747 -0.935935 0.124430 0.329458 0.853136 -0.082837 -0.515070 0.996827 -0.066316 -0.044025 
0.908071 -0.405176 -0.106014 -0.934801 0.129376 0.330769 0.851578 -0.088350 -0.516729 0.996539 -0.069727 -0.045264 
0.906711 -0.408822 -0.103632 -0.934157 0.134771 0.330434 0.850933 -0.094849 -0.516639 0.996282 -0.073217 -0.045411 
0.905460 -0.412704 -0.099080 -0.934059 0.140648 0.328257 0.851268 -0.102286 -0.514666 0.996083 -0.076596 -0.044167 
0.903637 -0.417123 -0.097201 -0.933439 0.146208 0.327589 0.851457 -0.110237 -0.512707 0.995800 -0.079373 -0.045641 
0.902079 -0.420339 -0.097819 -0.931494 0.151847 0.330546 0.848900 -0.118104 -0.515189 0.995345 -0.082307 -0.050137 
0.900416 -0.423617 -0.098992 0.067691 0.160476 0.984716 -0.928734 0.158167 0.335316 0.844876 -0.126580 -0.519771 0.994771 -0.085223 -0.056282 
0.898419 -0.427478 -0.100526 0.076676 0.174791 0.981615 -0.925366 0.165619 0.340980 0.839988 -0.136526 -0.525148 0.994019 -0.088749 -0.063636 
0.896083 -0.431776 -0.102979 0.087630 0.190285 0.977810 -0.155370 -0.083608 -0.984312 -0.921176 0.173991 0.348083 0.833848 -0.147701 -0.531867 0.993023 -0.092815 -0.072732 
0.894809 -0.434388 -0.103073 0.095191 0.204314 0.974266 -0.163946 -0.100816 -0.981304 -0.916742 0.182041 0.355592 0.826256 -0.157297 -0.540887 0.992342 -0.095106 -0.078820 
0.892942 -0.437980 -0.104056 0.103650 0.218070 0.970413 -0.172703 -0.115690 -0.978156 -0.912774 0.189990 0.361590 0.820162 -0.167260 -0.547137 0.991439 -0.098649 -0.085542 
0.890885 -0.442010 -0.104649 0.111383 0.231312 0.966483 -0.180500 -0.128964 -0.975084 -0.909431 0.197728 0.365840 0.815421 -0.177210 -0.551077 0.990501 -0.102749 -0.091381 
0.118097 0.243438 0.962700 0.989592 -0.107068 -0.096151 -0.187068 -0.140750 -0.972211 -0.906584 0.205173 0.368793 0.888831 -0.446131 -0.104625 0.811571 -0.186799 -0.553588 
0.123579 0.254633 0.959109 0.988783 -0.111201 -0.099716 -0.192447 -0.151667 -0.969516 -0.904161 0.212196 0.370764 0.886969 -0.450002 -0.103849 0.808328 -0.195785 -0.555225 
0.127809 0.264864 0.955778 0.988064 -0.115463 -0.101972 -0.197470 -0.161250 -0.966956 -0.901960 0.218865 0.372246 0.885107 -0.453787 -0.103260 0.805395 -0.204232 -0.556443 
0.131689 0.272841 0.953004 0.987395 -0.119159 -0.104174 -0.201793 -0.168555 -0.964816 -0.900075 0.224338 0.373547 0.883432 -0.457078 -0.103094 0.802971 -0.211127 -0.557371 
0.135649 0.278167 0.950906 0.986738 -0.122170 -0.106875 -0.205742 -0.173338 -0.963132 -0.898328 0.228464 0.375248 0.881937 -0.459793 -0.103819 0.800750 -0.216205 -0.558619 
0.139965 0.280904 0.949475 0.986061 -0.124494 -0.110381 -0.209889 -0.175912 -0.961770 -0.896396 0.231424 0.378043 0.880588 -0.461908 -0.105856 0.798144 -0.219562 -0.561034 
0.143998 0.281814 0.948602 0.985453 -0.126040 -0.114003 -0.213818 -0.176736 -0.960753 -0.894611 0.233154 0.381195 0.879514 -0.463296 -0.108679 0.795677 -0.221365 -0.563823 
0.147426 0.281282 0.948233 0.984969 -0.126684 -0.117416 -0.217213 -0.176149 -0.960099 -0.893143 0.233612 0.384345 0.878812 -0.463867 -0.111883 0.793595 -0.221670 -0.566630 
0.150387 0.279490 0.948298 0.984579 -0.126670 -0.120664 -0.220187 -0.174322 -0.959755 -0.891913 0.233085 0.387508 0.878366 -0.463842 -0.115432 0.791811 -0.220784 -0.569465 
0.152711 0.276707 0.948743 0.984295 -0.126141 -0.123500 -0.222557 -0.171517 -0.959714 -0.890980 0.231781 0.390426 0.878152 -0.463345 -0.119001 0.790421 -0.218958 -0.572095 
0.154134 0.273197 0.949529 0.984159 -0.125110 -0.125614 -0.224058 -0.168006 -0.959985 -0.890459 0.229791 0.392783 0.878214 -0.462389 -0.122216 0.789591 -0.216337 -0.574234 
0.154378 0.269125 0.950652 0.984220 -0.123506 -0.126718 -0.224419 -0.163963 -0.960600 -0.890481 0.227095 0.394298 0.878633 -0.460909 -0.124765 0.789497 -0.212939 -0.575632 
0.153472 0.264577 0.952074 0.984469 -0.121412 -0.126803 -0.223662 -0.159470 -0.961532 -0.891027 0.223794 0.394951 0.879382 -0.458976 -0.126601 0.790118 -0.208878 -0.576266 
0.151758 0.259504 0.953744 0.984835 -0.119109 -0.126143 -0.222101 -0.154463 -0.962711 -0.891925 0.220148 0.394974 0.880299 -0.456837 -0.127961 0.791240 -0.204386 -0.576338 
0.148418 0.254193 0.955698 0.985382 -0.117108 -0.123722 -0.218647 -0.149486 -0.964286 -0.893404 0.216761 0.393503 0.881519 -0.454584 -0.127583 0.793021 -0.200096 -0.575395 
0.143917 0.248692 0.957831 0.986052 -0.115253 -0.120072 -0.214229 -0.144015 -0.966108 -0.895377 0.213409 0.390841 0.882600 -0.452818 -0.126389 0.795776 -0.195780 -0.573071 
0.138475 0.242506 0.960216 0.986821 -0.113298 -0.115532 -0.208868 -0.137858 -0.968178 -0.897719 0.209763 0.387428 0.883812 -0.450934 -0.124640 0.799076 -0.191043 -0.570071 
0.132037 0.235542 0.962853 0.987685 -0.111191 -0.110071 -0.202512 -0.130917 -0.970489 -0.900444 0.205744 0.383237 0.885177 -0.448881 -0.122342 0.802943 -0.185799 -0.566358 
0.886697 -0.446658 -0.119435 0.124517 0.227740 0.965728 -0.195073 -0.123128 -0.973029 -0.903570 0.201344 0.378183 0.807411 -0.180026 -0.561852 0.988634 -0.108943 -0.103603 
0.888371 -0.444270 -0.115847 0.115812 0.219029 0.968821 -0.186454 -0.114431 -0.975777 -0.907114 0.196557 0.372168 0.812517 -0.173703 -0.556457 0.989657 -0.106570 -0.096027 
