-0.475696 -0.879610 -0.000000 0.682958 0.730458 0.000000 -0.731658 0.681671 0.000000 -0.994845 0.101412 0.000000 0.867911 -0.496719 0.000000 0.994759 -0.102246 0.000000 
-0.475674 -0.879621 -0.000000 0.683067 0.730355 0.000000 -0.731556 0.681781 0.000000 -0.994848 0.101374 0.000000 0.867922 -0.496700 0.000000 0.994764 -0.102200 0.000000 
-0.475617 -0.879653 -0.000000 0.683314 0.730124 0.000000 -0.731326 0.682028 0.000000 -0.994853 0.101330 0.000000 0.867955 -0.496643 0.000000 0.994769 -0.102146 0.000000 
-0.475631 -0.879645 -0.000000 0.683683 0.729779 0.000000 -0.730982 0.682397 0.000000 -0.994847 0.101385 0.000000 0.867947 -0.496657 0.000000 0.994765 -0.102189 0.000000 
-0.475812 -0.879547 -0.000000 0.684182 0.729311 0.000000 -0.730514 0.682897 0.000000 -0.994845 0.101403 0.000000 0.867844 -0.496836 0.000000 0.994767 -0.102174 0.000000 
-0.475832 -0.879536 -0.000000 0.685101 0.728448 0.000000 -0.729653 0.683818 0.000000 -0.994849 0.101370 0.000000 0.867833 -0.496856 0.000000 0.994775 -0.102096 0.000000 
-0.475717 -0.879599 -0.000000 0.686248 0.727367 0.000000 -0.728574 0.684967 0.000000 -0.994859 0.101266 0.000000 0.867896 -0.496746 0.000000 0.994791 -0.101940 0.000000 
-0.475492 -0.879720 -0.000000 0.687412 0.726268 0.000000 -0.727477 0.686132 0.000000 -0.994839 0.101471 0.000000 0.868027 -0.496517 0.000000 0.994771 -0.102131 0.000000 
-0.475806 -0.879550 -0.000000 0.688267 0.725458 0.000000 -0.726668 0.686988 0.000000 -0.994845 0.101408 0.000000 0.867848 -0.496830 0.000000 0.994785 -0.101998 0.000000 
-0.476448 -0.879202 -0.000000 0.688458 0.725276 0.000000 -0.726488 0.687180 0.000000 -0.994848 0.101380 0.000000 0.867485 -0.497464 0.000000 0.994794 -0.101910 0.000000 
-0.477117 -0.878840 -0.000000 0.688367 0.725363 0.000000 -0.726574 0.687088 0.000000 -0.994854 0.101319 0.000000 0.867105 -0.498125 0.000000 0.994805 -0.101798 0.000000 
-0.477589 -0.878583 -0.000000 0.688323 0.725404 0.000000 -0.726615 0.687045 0.000000 -0.994863 0.101234 0.000000 0.866838 -0.498590 0.000000 0.994818 -0.101672 0.000000 
-0.478039 -0.878339 -0.000000 0.688287 0.725439 0.000000 -0.726649 0.687009 0.000000 -0.994867 0.101188 0.000000 0.866583 -0.499034 0.000000 0.994826 -0.101589 0.000000 
-0.477069 -0.878866 -0.000000 0.688024 0.725688 0.000000 -0.726900 0.686743 0.000000 -0.994862 0.101237 0.000000 0.867124 -0.498091 0.000000 0.994813 -0.101722 0.000000 
-0.476354 -0.879253 -0.000000 0.687238 0.726432 0.000000 -0.727643 0.685956 0.000000 -0.994882 0.101047 0.000000 0.867525 -0.497394 0.000000 0.994826 -0.101597 0.000000 
-0.475119 -0.879921 -0.000000 0.685684 0.727899 0.000000 -0.729108 0.684399 0.000000 -0.994912 0.100750 0.000000 0.868219 -0.496181 0.000000 0.994843 -0.101424 0.000000 
-0.471780 -0.881716 -0.000000 0.683221 0.730212 0.000000 -0.731423 0.681924 0.000000 -0.995079 0.099082 0.000000 0.870090 -0.492893 0.000000 0.994994 -0.099932 0.000000 
-0.465346 -0.885129 -0.000000 0.679199 0.733954 0.000000 -0.735258 0.677787 0.000000 -0.995365 0.096172 0.000000 0.873653 -0.486550 0.000000 0.995251 -0.097340 0.000000 
-0.454666 -0.890662 -0.000000 0.673939 0.738787 0.000000 -0.740305 0.672271 0.000000 -0.995847 0.091041 0.000000 0.879438 -0.476014 0.000000 0.995700 -0.092636 0.000000 
-0.438324 -0.898817 -0.000000 0.663694 0.748004 0.000000 -0.749785 0.661682 0.000000 -0.996923 0.078393 0.000000 0.888000 -0.459844 0.000000 0.996771 -0.080296 0.000000 
-0.397891 -0.917433 -0.000000 0.668598 0.743624 0.000000 -0.745087 0.666968 0.000000 -0.998897 0.046947 0.000000 0.907602 -0.419832 0.000000 0.998819 -0.048596 0.000000 
-0.390197 -0.920731 -0.000000 0.625032 0.780599 0.000000 -0.781644 0.623725 0.000000 -0.999981 -0.006192 -0.000000 0.911077 -0.412236 0.000000 0.999973 0.007289 0.000000 
-0.382796 -0.923833 -0.000000 0.607397 0.794399 0.000000 -0.795523 0.605923 0.000000 -0.999651 -0.026423 -0.000000 0.914356 -0.404911 0.000000 0.999601 0.028234 0.000000 
-0.381995 -0.924164 -0.000000 0.607874 0.794033 0.000000 -0.795228 0.606310 0.000000 -0.999648 -0.026529 -0.000000 0.914707 -0.404118 0.000000 0.999596 0.028434 0.000000 
-0.362722 -0.931897 -0.000000 0.623616 0.781731 0.000000 -0.782892 0.622158 0.000000 -0.999808 -0.019588 -0.000000 0.923438 -0.383747 0.000000 0.999809 0.019550 0.000000 
-0.340736 -0.940159 -0.000000 0.634786 0.772688 0.000000 -0.773819 0.633406 0.000000 -0.999758 -0.021986 -0.000000 0.933519 -0.358528 0.000000 0.999811 0.019425 0.000000 
-0.309459 -0.950913 -0.000000 0.642280 0.766470 0.000000 -0.767600 0.640929 0.000000 -0.998814 -0.048682 -0.000000 0.943759 -0.330635 0.000000 0.998789 0.049197 0.000000 
-0.271582 -0.962415 -0.000000 0.646560 0.762863 0.000000 -0.764009 0.645206 0.000000 -0.996263 -0.086377 -0.000000 0.956117 -0.292985 0.000000 0.995952 0.089890 0.000000 
-0.242451 -0.970164 -0.000000 0.642997 0.765868 0.000000 -0.767020 0.641623 0.000000 -0.991711 -0.128487 -0.000000 0.964402 -0.264442 0.000000 0.990680 0.136210 0.000000 
-0.215988 -0.976396 -0.000000 0.629256 0.777198 0.000000 -0.778338 0.627845 0.000000 -0.986115 -0.166063 -0.000000 0.970916 -0.239422 0.000000 0.984198 0.177073 0.000000 
-0.201685 -0.979450 -0.000000 0.634443 0.772970 0.000000 -0.774722 0.632302 0.000000 -0.985274 -0.170983 -0.000000 0.974313 -0.225199 0.000000 0.983054 0.183316 0.000000 
-0.206716 -0.978401 -0.000000 0.649503 0.760359 0.000000 -0.763912 0.645320 0.000000 -0.984233 -0.176877 -0.000000 0.973146 -0.230190 0.000000 0.981064 0.193685 0.000000 
-0.213789 -0.976880 -0.000000 0.646744 0.762708 0.000000 -0.767292 0.641297 0.000000 -0.982459 -0.186480 -0.000000 0.971458 -0.237213 0.000000 0.978622 0.205666 0.000000 
-0.215194 -0.976571 -0.000000 0.641408 0.767200 0.000000 -0.772192 0.635390 0.000000 -0.981160 -0.193198 -0.000000 0.971120 -0.238592 0.000000 0.977014 0.213175 0.000000 
-0.215362 -0.976534 -0.000000 0.640891 0.767632 0.000000 -0.773045 0.634351 0.000000 -0.980668 -0.195677 -0.000000 0.971081 -0.238751 0.000000 0.976345 0.216220 0.000000 
-0.215483 -0.976508 -0.000000 0.643966 0.765054 0.000000 -0.771106 0.636706 0.000000 -0.980662 -0.195707 -0.000000 0.971051 -0.238872 0.000000 0.976196 0.216889 0.000000 
-0.215859 -0.976425 -0.000000 0.648300 0.761385 0.000000 -0.768223 0.640183 0.000000 -0.980859 -0.194718 -0.000000 0.970956 -0.239260 0.000000 0.976268 0.216564 0.000000 
-0.221160 -0.975238 -0.000000 0.652208 0.758040 0.000000 -0.765542 0.643386 0.000000 -0.981525 -0.191336 -0.000000 0.969644 -0.244523 0.000000 0.976943 0.213499 0.000000 
-0.220569 -0.975371 -0.000000 0.656109 0.754666 0.000000 -0.761399 0.648283 0.000000 -0.981866 -0.189575 -0.000000 0.969792 -0.243935 0.000000 0.977422 0.211296 0.000000 
-0.217167 -0.976134 -0.000000 0.654239 0.756288 0.000000 -0.762281 0.647247 0.000000 -0.981694 -0.190465 -0.000000 0.970662 -0.240448 0.000000 0.977424 0.211288 0.000000 
-0.213525 -0.976938 -0.000000 0.647858 0.761761 0.000000 -0.767058 0.641578 0.000000 -0.981409 -0.191928 -0.000000 0.971605 -0.236608 0.000000 0.977402 0.211389 0.000000 
-0.211113 -0.977462 -0.000000 0.640545 0.767921 0.000000 -0.772761 0.634697 0.000000 -0.981134 -0.193331 -0.000000 0.972273 -0.233851 0.000000 0.977382 0.211482 0.000000 
-0.210354 -0.977625 -0.000000 0.635063 0.772460 0.000000 -0.777050 0.629438 0.000000 -0.980920 -0.194410 -0.000000 0.972545 -0.232716 0.000000 0.977344 0.211655 0.000000 
-0.210077 -0.977685 -0.000000 0.629984 0.776608 0.000000 -0.781385 0.624049 0.000000 -0.980668 -0.195680 -0.000000 0.972664 -0.232216 0.000000 0.977178 0.212423 0.000000 
-0.208213 -0.978083 -0.000000 0.626221 0.779646 0.000000 -0.784122 0.620607 0.000000 -0.980515 -0.196443 -0.000000 0.973135 -0.230234 0.000000 0.977156 0.212524 0.000000 
-0.205269 -0.978706 -0.000000 0.623807 0.781579 0.000000 -0.785808 0.618470 0.000000 -0.980400 -0.197017 -0.000000 0.973843 -0.227222 0.000000 0.977145 0.212572 0.000000 
-0.203182 -0.979141 -0.000000 0.622655 0.782496 0.000000 -0.786555 0.617520 0.000000 -0.980336 -0.197338 -0.000000 0.974325 -0.225147 0.000000 0.977139 0.212603 0.000000 
-0.202736 -0.979233 -0.000000 0.622004 0.783014 0.000000 -0.786921 0.617054 0.000000 -0.980314 -0.197445 -0.000000 0.974405 -0.224798 0.000000 0.977139 0.212601 0.000000 
-0.203284 -0.979120 -0.000000 0.622306 0.782774 0.000000 -0.786549 0.617528 0.000000 -0.980332 -0.197356 -0.000000 0.974242 -0.225504 0.000000 0.977143 0.212584 0.000000 
-0.204496 -0.978867 -0.000000 0.623480 0.781839 0.000000 -0.785472 0.618897 0.000000 -0.980380 -0.197115 -0.000000 0.973916 -0.226907 0.000000 0.977151 0.212546 0.000000 
-0.205890 -0.978575 -0.000000 0.624780 0.780801 0.000000 -0.784262 0.620430 0.000000 -0.980437 -0.196835 -0.000000 0.973543 -0.228505 0.000000 0.977164 0.212485 0.000000 
-0.207392 -0.978258 -0.000000 0.626886 0.779111 0.000000 -0.782405 0.622770 0.000000 -0.980514 -0.196447 -0.000000 0.973136 -0.230229 0.000000 0.977178 0.212422 0.000000 
-0.209350 -0.977841 -0.000000 0.629188 0.777253 0.000000 -0.780357 0.625334 0.000000 -0.980606 -0.195991 -0.000000 0.972618 -0.232411 0.000000 0.977199 0.212326 0.000000 
-0.211324 -0.977416 -0.000000 0.631544 0.775340 0.000000 -0.778220 0.627991 0.000000 -0.980695 -0.195545 -0.000000 0.972096 -0.234584 0.000000 0.977221 0.212226 0.000000 
-0.213173 -0.977014 -0.000000 0.633752 0.773536 0.000000 -0.776156 0.630541 0.000000 -0.980769 -0.195172 -0.000000 0.971611 -0.236585 0.000000 0.977237 0.212150 0.000000 
-0.213546 -0.976933 -0.000000 0.633570 0.773686 0.000000 -0.775982 0.630755 0.000000 -0.980748 -0.195278 -0.000000 0.971514 -0.236984 0.000000 0.977233 0.212169 0.000000 
-0.213747 -0.976889 -0.000000 0.631417 0.775444 0.000000 -0.777421 0.628981 0.000000 -0.980676 -0.195637 -0.000000 0.971464 -0.237185 0.000000 0.977227 0.212196 0.000000 
-0.213756 -0.976887 -0.000000 0.628811 0.777558 0.000000 -0.779175 0.626807 0.000000 -0.980569 -0.196172 -0.000000 0.971462 -0.237196 0.000000 0.977196 0.212341 0.000000 
-0.213789 -0.976880 -0.000000 0.625141 0.780512 0.000000 -0.781766 0.623571 0.000000 -0.980424 -0.196896 -0.000000 0.971453 -0.237230 0.000000 0.977151 0.212547 0.000000 
-0.214647 -0.976692 -0.000000 0.620507 0.784201 0.000000 -0.785335 0.619071 0.000000 -0.980251 -0.197760 -0.000000 0.971244 -0.238088 0.000000 0.977080 0.212874 0.000000 
-0.214650 -0.976691 -0.000000 0.616947 0.787005 0.000000 -0.788104 0.615542 0.000000 -0.980053 -0.198735 -0.000000 0.971243 -0.238090 0.000000 0.976957 0.213435 0.000000 
-0.214768 -0.976665 -0.000000 0.612807 0.790233 0.000000 -0.791265 0.611474 0.000000 -0.979829 -0.199840 -0.000000 0.971214 -0.238209 0.000000 0.976817 0.214076 0.000000 
-0.214769 -0.976665 -0.000000 0.608822 0.793307 0.000000 -0.794205 0.607650 0.000000 -0.979604 -0.200940 -0.000000 0.971214 -0.238210 0.000000 0.976674 0.214726 0.000000 
-0.214767 -0.976665 -0.000000 0.604816 0.796365 0.000000 -0.797142 0.603792 0.000000 -0.979381 -0.202022 -0.000000 0.971214 -0.238208 0.000000 0.976530 0.215382 0.000000 
-0.214125 -0.976806 -0.000000 0.601369 0.798971 0.000000 -0.799642 0.600477 0.000000 -0.979175 -0.203020 -0.000000 0.971369 -0.237577 0.000000 0.976391 0.216009 0.000000 
-0.213030 -0.977046 -0.000000 0.598454 0.801157 0.000000 -0.801755 0.597652 0.000000 -0.978992 -0.203897 -0.000000 0.971632 -0.236499 0.000000 0.976269 0.216563 0.000000 
-0.212201 -0.977226 -0.000000 0.596638 0.802511 0.000000 -0.803074 0.595879 0.000000 -0.978872 -0.204476 -0.000000 0.971829 -0.235686 0.000000 0.976186 0.216937 0.000000 
-0.211973 -0.977276 -0.000000 0.595863 0.803086 0.000000 -0.803645 0.595109 0.000000 -0.978820 -0.204723 -0.000000 0.971881 -0.235471 0.000000 0.976151 0.217092 0.000000 
-0.211970 -0.977276 -0.000000 0.595671 0.803228 0.000000 -0.803806 0.594891 0.000000 -0.978805 -0.204794 -0.000000 0.971879 -0.235482 0.000000 0.976143 0.217128 0.000000 
-0.211970 -0.977276 -0.000000 0.595614 0.803271 0.000000 -0.803886 0.594783 0.000000 -0.978798 -0.204826 -0.000000 0.971877 -0.235491 0.000000 0.976142 0.217134 0.000000 
-0.211973 -0.977276 -0.000000 0.595720 0.803192 0.000000 -0.803858 0.594821 0.000000 -0.978801 -0.204814 -0.000000 0.971874 -0.235500 0.000000 0.976147 0.217110 0.000000 
-0.211979 -0.977274 -0.000000 0.596051 0.802946 0.000000 -0.803674 0.595070 0.000000 -0.978816 -0.204743 -0.000000 0.971872 -0.235510 0.000000 0.976161 0.217045 0.000000 
-0.211989 -0.977272 -0.000000 0.596485 0.802624 0.000000 -0.803427 0.595404 0.000000 -0.978836 -0.204644 -0.000000 0.971869 -0.235520 0.000000 0.976181 0.216960 0.000000 
-0.212002 -0.977269 -0.000000 0.596877 0.802333 0.000000 -0.803222 0.595679 0.000000 -0.978855 -0.204553 -0.000000 0.971867 -0.235529 0.000000 0.976199 0.216877 0.000000 
-0.212023 -0.977265 -0.000000 0.597164 0.802119 0.000000 -0.803109 0.595832 0.000000 -0.978872 -0.204474 -0.000000 0.971864 -0.235545 0.000000 0.976217 0.216796 0.000000 
-0.212714 -0.977115 -0.000000 0.597265 0.802044 0.000000 -0.803083 0.595867 0.000000 -0.978887 -0.204402 -0.000000 0.971699 -0.236224 0.000000 0.976237 0.216706 0.000000 
-0.214397 -0.976747 -0.000000 0.597264 0.802044 0.000000 -0.803082 0.595868 0.000000 -0.978907 -0.204304 -0.000000 0.971300 -0.237856 0.000000 0.976260 0.216602 0.000000 
-0.216087 -0.976374 -0.000000 0.597249 0.802056 0.000000 -0.803092 0.595855 0.000000 -0.978929 -0.204202 -0.000000 0.970910 -0.239445 0.000000 0.976286 0.216483 0.000000 
-0.217569 -0.976045 -0.000000 0.597275 0.802037 0.000000 -0.803073 0.595881 0.000000 -0.978949 -0.204104 -0.000000 0.970572 -0.240809 0.000000 0.976314 0.216358 0.000000 
-0.218933 -0.975740 -0.000000 0.597276 0.802036 0.000000 -0.803072 0.595882 0.000000 -0.978965 -0.204028 -0.000000 0.970270 -0.242025 0.000000 0.976340 0.216242 0.000000 
-0.220107 -0.975476 -0.000000 0.597254 0.802052 0.000000 -0.803086 0.595863 0.000000 -0.978984 -0.203938 -0.000000 0.969993 -0.243132 0.000000 0.976369 0.216109 0.000000 
-0.221178 -0.975234 -0.000000 0.597285 0.802029 0.000000 -0.803063 0.595895 0.000000 -0.979003 -0.203845 -0.000000 0.969735 -0.244159 0.000000 0.976399 0.215976 0.000000 
-0.222224 -0.974996 -0.000000 0.597318 0.802004 0.000000 -0.803038 0.595928 0.000000 -0.979019 -0.203771 -0.000000 0.969495 -0.245111 0.000000 0.976425 0.215855 0.000000 
-0.222950 -0.974830 -0.000000 0.597318 0.802004 0.000000 -0.803038 0.595927 0.000000 -0.979028 -0.203727 -0.000000 0.969327 -0.245773 0.000000 0.976446 0.215761 0.000000 
-0.223633 -0.974673 -0.000000 0.597298 0.802020 0.000000 -0.803053 0.595907 0.000000 -0.979036 -0.203685 -0.000000 0.969171 -0.246389 0.000000 0.976467 0.215666 0.000000 
-0.224168 -0.974551 -0.000000 0.597296 0.802021 0.000000 -0.803055 0.595905 0.000000 -0.979043 -0.203652 -0.000000 0.969051 -0.246861 0.000000 0.976486 0.215580 0.000000 
-0.224881 -0.974386 -0.000000 0.597294 0.802022 0.000000 -0.803057 0.595902 0.000000 -0.979052 -0.203611 -0.000000 0.968892 -0.247483 0.000000 0.976507 0.215488 0.000000 
-0.225900 -0.974151 -0.000000 0.597293 0.802023 0.000000 -0.803058 0.595901 0.000000 -0.979057 -0.203586 -0.000000 0.968661 -0.248386 0.000000 0.976521 0.215420 0.000000 
-0.227006 -0.973893 -0.000000 0.597292 0.802024 0.000000 -0.803058 0.595901 0.000000 -0.979063 -0.203556 -0.000000 0.968410 -0.249362 0.000000 0.976537 0.215349 0.000000 
-0.227814 -0.973705 -0.000000 0.597356 0.801976 0.000000 -0.803009 0.595966 0.000000 -0.979081 -0.203469 -0.000000 0.968226 -0.250078 0.000000 0.976567 0.215214 0.000000 
-0.228626 -0.973514 -0.000000 0.597355 0.801977 0.000000 -0.803010 0.595966 0.000000 -0.979098 -0.203388 -0.000000 0.968043 -0.250786 0.000000 0.976596 0.215080 0.000000 
-0.229265 -0.973364 -0.000000 0.597404 0.801941 0.000000 -0.802974 0.596014 0.000000 -0.979115 -0.203308 -0.000000 0.967892 -0.251367 0.000000 0.976624 0.214955 0.000000 
-0.229908 -0.973212 -0.000000 0.597404 0.801940 0.000000 -0.802974 0.596014 0.000000 -0.979130 -0.203233 -0.000000 0.967746 -0.251929 0.000000 0.976650 0.214837 0.000000 
-0.229469 -0.973316 -0.000000 0.597640 0.801764 0.000000 -0.802798 0.596251 0.000000 -0.979118 -0.203293 -0.000000 0.967842 -0.251559 0.000000 0.976659 0.214797 0.000000 
-0.229904 -0.973213 -0.000000 0.597640 0.801765 0.000000 -0.802799 0.596250 0.000000 -0.979132 -0.203224 -0.000000 0.967745 -0.251933 0.000000 0.976682 0.214691 0.000000 
-0.230101 -0.973167 -0.000000 0.597639 0.801766 0.000000 -0.802800 0.596248 0.000000 -0.979139 -0.203192 -0.000000 0.967708 -0.252075 0.000000 0.976696 0.214626 0.000000 
-0.230276 -0.973125 -0.000000 0.597637 0.801767 0.000000 -0.802801 0.596247 0.000000 -0.979141 -0.203182 -0.000000 0.967674 -0.252202 0.000000 0.976704 0.214593 0.000000 
-0.230409 -0.973094 -0.000000 0.597637 0.801767 0.000000 -0.802802 0.596246 0.000000 -0.979143 -0.203175 -0.000000 0.967649 -0.252302 0.000000 0.976709 0.214570 0.000000 
-0.230484 -0.973076 -0.000000 0.597637 0.801767 0.000000 -0.802803 0.596245 0.000000 -0.979143 -0.203171 -0.000000 0.967634 -0.252356 0.000000 0.976711 0.214557 0.000000 
-0.230523 -0.973067 -0.000000 0.597685 0.801731 0.000000 -0.802766 0.596294 0.000000 -0.979145 -0.203160 -0.000000 0.967626 -0.252390 0.000000 0.976713 0.214549 0.000000 
-0.230510 -0.973070 -0.000000 0.597685 0.801731 0.000000 -0.802765 0.596295 0.000000 -0.979145 -0.203161 -0.000000 0.967628 -0.252380 0.000000 0.976713 0.214550 0.000000 
-0.230461 -0.973081 -0.000000 0.597686 0.801731 0.000000 -0.802765 0.596296 0.000000 -0.979145 -0.203161 -0.000000 0.967639 -0.252340 0.000000 0.976712 0.214553 0.000000 
-0.230378 -0.973101 -0.000000 0.597686 0.801730 0.000000 -0.802764 0.596297 0.000000 -0.979145 -0.203162 -0.000000 0.967657 -0.252270 0.000000 0.976711 0.214558 0.000000 
-0.230262 -0.973129 -0.000000 0.597687 0.801729 0.000000 -0.802763 0.596298 0.000000 -0.979145 -0.203163 -0.000000 0.967683 -0.252170 0.000000 0.976710 0.214565 0.000000 
-0.230126 -0.973161 -0.000000 0.597688 0.801729 0.000000 -0.802762 0.596300 0.000000 -0.979145 -0.203164 -0.000000 0.967713 -0.252055 0.000000 0.976708 0.214574 0.000000 
-0.229907 -0.973213 -0.000000 0.597788 0.801654 0.000000 -0.802685 0.596403 0.000000 -0.979150 -0.203141 -0.000000 0.967753 -0.251900 0.000000 0.976709 0.214569 0.000000 
-0.229748 -0.973250 -0.000000 0.597789 0.801653 0.000000 -0.802684 0.596405 0.000000 -0.979149 -0.203143 -0.000000 0.967786 -0.251772 0.000000 0.976706 0.214584 0.000000 
-0.229549 -0.973297 -0.000000 0.597791 0.801652 0.000000 -0.802683 0.596406 0.000000 -0.979148 -0.203146 -0.000000 0.967828 -0.251612 0.000000 0.976702 0.214602 0.000000 
-0.229289 -0.973358 -0.000000 0.597792 0.801651 0.000000 -0.802682 0.596407 0.000000 -0.979146 -0.203159 -0.000000 0.967885 -0.251392 0.000000 0.976695 0.214631 0.000000 
-0.229018 -0.973422 -0.000000 0.597793 0.801651 0.000000 -0.802681 0.596408 0.000000 -0.979143 -0.203173 -0.000000 0.967945 -0.251162 0.000000 0.976689 0.214661 0.000000 
-0.228753 -0.973485 -0.000000 0.597794 0.801650 0.000000 -0.802680 0.596410 0.000000 -0.979140 -0.203187 -0.000000 0.968002 -0.250942 0.000000 0.976682 0.214692 0.000000 
-0.228474 -0.973550 -0.000000 0.597801 0.801645 0.000000 -0.802675 0.596417 0.000000 -0.979139 -0.203193 -0.000000 0.968058 -0.250727 0.000000 0.976676 0.214717 0.000000 
-0.228243 -0.973604 -0.000000 0.597816 0.801633 0.000000 -0.802664 0.596431 0.000000 -0.979136 -0.203206 -0.000000 0.968108 -0.250535 0.000000 0.976669 0.214750 0.000000 
-0.228032 -0.973654 -0.000000 0.597817 0.801632 0.000000 -0.802663 0.596433 0.000000 -0.979134 -0.203218 -0.000000 0.968152 -0.250362 0.000000 0.976662 0.214781 0.000000 
-0.227817 -0.973704 -0.000000 0.597819 0.801631 0.000000 -0.802662 0.596434 0.000000 -0.979131 -0.203229 -0.000000 0.968198 -0.250184 0.000000 0.976655 0.214813 0.000000 
-0.227579 -0.973760 -0.000000 0.597919 0.801556 0.000000 -0.802586 0.596537 0.000000 -0.979131 -0.203230 -0.000000 0.968251 -0.249982 0.000000 0.976648 0.214844 0.000000 
-0.227380 -0.973806 -0.000000 0.597927 0.801551 0.000000 -0.802582 0.596542 0.000000 -0.979131 -0.203231 -0.000000 0.968293 -0.249816 0.000000 0.976644 0.214865 0.000000 
-0.227162 -0.973857 -0.000000 0.597928 0.801550 0.000000 -0.802581 0.596543 0.000000 -0.979128 -0.203244 -0.000000 0.968344 -0.249621 0.000000 0.976637 0.214896 0.000000 
-0.226934 -0.973910 -0.000000 0.597930 0.801548 0.000000 -0.802581 0.596544 0.000000 -0.979125 -0.203257 -0.000000 0.968396 -0.249416 0.000000 0.976630 0.214928 0.000000 
-0.226668 -0.973972 -0.000000 0.597934 0.801545 0.000000 -0.802579 0.596546 0.000000 -0.979126 -0.203253 -0.000000 0.968448 -0.249215 0.000000 0.976627 0.214940 0.000000 
-0.226313 -0.974055 -0.000000 0.597938 0.801542 0.000000 -0.802575 0.596551 0.000000 -0.979126 -0.203253 -0.000000 0.968528 -0.248904 0.000000 0.976625 0.214949 0.000000 
-0.226060 -0.974113 -0.000000 0.597940 0.801541 0.000000 -0.802574 0.596552 0.000000 -0.979123 -0.203268 -0.000000 0.968599 -0.248629 0.000000 0.976620 0.214974 0.000000 
-0.225728 -0.974190 -0.000000 0.598015 0.801485 0.000000 -0.802517 0.596629 0.000000 -0.979119 -0.203288 -0.000000 0.968677 -0.248323 0.000000 0.976610 0.215019 0.000000 
-0.225459 -0.974253 -0.000000 0.598017 0.801484 0.000000 -0.802517 0.596630 0.000000 -0.979116 -0.203303 -0.000000 0.968740 -0.248078 0.000000 0.976604 0.215047 0.000000 
-0.225187 -0.974316 -0.000000 0.598018 0.801482 0.000000 -0.802516 0.596630 0.000000 -0.979113 -0.203317 -0.000000 0.968804 -0.247829 0.000000 0.976598 0.215073 0.000000 
-0.224903 -0.974381 -0.000000 0.598020 0.801481 0.000000 -0.802516 0.596631 0.000000 -0.979110 -0.203331 -0.000000 0.968870 -0.247569 0.000000 0.976593 0.215098 0.000000 
-0.224610 -0.974449 -0.000000 0.598026 0.801476 0.000000 -0.802511 0.596637 0.000000 -0.979111 -0.203329 -0.000000 0.968935 -0.247315 0.000000 0.976592 0.215102 0.000000 
-0.224268 -0.974527 -0.000000 0.598028 0.801475 0.000000 -0.802510 0.596639 0.000000 -0.979107 -0.203346 -0.000000 0.969013 -0.247011 0.000000 0.976585 0.215131 0.000000 
-0.223913 -0.974609 -0.000000 0.598030 0.801474 0.000000 -0.802509 0.596640 0.000000 -0.979103 -0.203363 -0.000000 0.969092 -0.246700 0.000000 0.976578 0.215161 0.000000 
-0.223544 -0.974694 -0.000000 0.598032 0.801472 0.000000 -0.802508 0.596641 0.000000 -0.979100 -0.203381 -0.000000 0.969173 -0.246381 0.000000 0.976572 0.215191 0.000000 
-0.223170 -0.974780 -0.000000 0.598033 0.801471 0.000000 -0.802507 0.596643 0.000000 -0.979096 -0.203399 -0.000000 0.969255 -0.246057 0.000000 0.976566 0.215220 0.000000 
-0.222794 -0.974866 -0.000000 0.598035 0.801470 0.000000 -0.802506 0.596644 0.000000 -0.979092 -0.203417 -0.000000 0.969338 -0.245730 0.000000 0.976559 0.215248 0.000000 
-0.222424 -0.974950 -0.000000 0.598037 0.801469 0.000000 -0.802505 0.596645 0.000000 -0.979088 -0.203435 -0.000000 0.969420 -0.245408 0.000000 0.976553 0.215276 0.000000 
-0.222060 -0.975033 -0.000000 0.598038 0.801467 0.000000 -0.802504 0.596647 0.000000 -0.979085 -0.203453 -0.000000 0.969500 -0.245090 0.000000 0.976547 0.215304 0.000000 
-0.221702 -0.975114 -0.000000 0.598040 0.801466 0.000000 -0.802503 0.596648 0.000000 -0.979081 -0.203470 -0.000000 0.969579 -0.244778 0.000000 0.976541 0.215331 0.000000 
-0.221347 -0.975195 -0.000000 0.598042 0.801465 0.000000 -0.802502 0.596649 0.000000 -0.979078 -0.203487 -0.000000 0.969657 -0.244468 0.000000 0.976535 0.215358 0.000000 
-0.220999 -0.975274 -0.000000 0.598043 0.801464 0.000000 -0.802501 0.596650 0.000000 -0.979074 -0.203504 -0.000000 0.969734 -0.244163 0.000000 0.976529 0.215384 0.000000 
-0.220652 -0.975353 -0.000000 0.598045 0.801463 0.000000 -0.802500 0.596652 0.000000 -0.979071 -0.203521 -0.000000 0.969811 -0.243858 0.000000 0.976524 0.215409 0.000000 
-0.220458 -0.975396 -0.000000 0.598047 0.801461 0.000000 -0.802499 0.596654 0.000000 -0.979069 -0.203531 -0.000000 0.969854 -0.243687 0.000000 0.976520 0.215429 0.000000 
-0.220437 -0.975401 -0.000000 0.598175 0.801366 0.000000 -0.802402 0.596784 0.000000 -0.979070 -0.203523 -0.000000 0.969859 -0.243669 0.000000 0.976516 0.215446 0.000000 
-0.220362 -0.975418 -0.000000 0.598191 0.801354 0.000000 -0.802390 0.596800 0.000000 -0.979072 -0.203514 -0.000000 0.969874 -0.243608 0.000000 0.976516 0.215445 0.000000 
-0.220356 -0.975420 -0.000000 0.598193 0.801352 0.000000 -0.802389 0.596801 0.000000 -0.979072 -0.203515 -0.000000 0.969875 -0.243603 0.000000 0.976514 0.215455 0.000000 
-0.220340 -0.975423 -0.000000 0.598239 0.801318 0.000000 -0.802355 0.596848 0.000000 -0.979071 -0.203518 -0.000000 0.969879 -0.243589 0.000000 0.976510 0.215470 0.000000 
-0.220331 -0.975425 -0.000000 0.598241 0.801316 0.000000 -0.802353 0.596850 0.000000 -0.979071 -0.203519 -0.000000 0.969880 -0.243582 0.000000 0.976508 0.215480 0.000000 
-0.220313 -0.975429 -0.000000 0.598244 0.801314 0.000000 -0.802351 0.596852 0.000000 -0.979071 -0.203520 -0.000000 0.969884 -0.243567 0.000000 0.976506 0.215490 0.000000 
-0.220282 -0.975436 -0.000000 0.598246 0.801312 0.000000 -0.802349 0.596855 0.000000 -0.979070 -0.203522 -0.000000 0.969891 -0.243539 0.000000 0.976504 0.215501 0.000000 
-0.220240 -0.975446 -0.000000 0.598249 0.801311 0.000000 -0.802347 0.596857 0.000000 -0.979070 -0.203525 -0.000000 0.969901 -0.243500 0.000000 0.976501 0.215511 0.000000 
-0.220187 -0.975458 -0.000000 0.598261 0.801302 0.000000 -0.802339 0.596869 0.000000 -0.979069 -0.203526 -0.000000 0.969913 -0.243450 0.000000 0.976500 0.215519 0.000000 
-0.220097 -0.975478 -0.000000 0.598330 0.801250 0.000000 -0.802287 0.596939 0.000000 -0.979072 -0.203515 -0.000000 0.969935 -0.243364 0.000000 0.976500 0.215518 0.000000 
-0.220006 -0.975498 -0.000000 0.598416 0.801186 0.000000 -0.802223 0.597024 0.000000 -0.979075 -0.203500 -0.000000 0.969957 -0.243276 0.000000 0.976501 0.215511 0.000000 
-0.219925 -0.975517 -0.000000 0.598509 0.801116 0.000000 -0.802154 0.597117 0.000000 -0.979079 -0.203481 -0.000000 0.969977 -0.243198 0.000000 0.976504 0.215501 0.000000 
-0.219856 -0.975532 -0.000000 0.598609 0.801041 0.000000 -0.802079 0.597218 0.000000 -0.979083 -0.203460 -0.000000 0.969993 -0.243132 0.000000 0.976507 0.215487 0.000000 
-0.219796 -0.975546 -0.000000 0.598720 0.800958 0.000000 -0.801997 0.597328 0.000000 -0.979088 -0.203436 -0.000000 0.970008 -0.243075 0.000000 0.976511 0.215468 0.000000 
-0.219744 -0.975558 -0.000000 0.598833 0.800874 0.000000 -0.801912 0.597443 0.000000 -0.979094 -0.203410 -0.000000 0.970020 -0.243024 0.000000 0.976516 0.215447 0.000000 
-0.219684 -0.975571 -0.000000 0.598934 0.800798 0.000000 -0.801837 0.597543 0.000000 -0.979099 -0.203386 -0.000000 0.970035 -0.242965 0.000000 0.976520 0.215425 0.000000 
-0.219621 -0.975585 -0.000000 0.598982 0.800762 0.000000 -0.801800 0.597592 0.000000 -0.979101 -0.203377 -0.000000 0.970050 -0.242904 0.000000 0.976523 0.215413 0.000000 
-0.219593 -0.975592 -0.000000 0.598996 0.800752 0.000000 -0.801791 0.597605 0.000000 -0.979101 -0.203375 -0.000000 0.970057 -0.242876 0.000000 0.976524 0.215410 0.000000 
-0.219584 -0.975594 -0.000000 0.598999 0.800750 0.000000 -0.801788 0.597608 0.000000 -0.979101 -0.203375 -0.000000 0.970060 -0.242867 0.000000 0.976524 0.215410 0.000000 
-0.219576 -0.975595 -0.000000 0.599002 0.800748 0.000000 -0.801787 0.597610 0.000000 -0.979101 -0.203375 -0.000000 0.970062 -0.242859 0.000000 0.976524 0.215409 0.000000 
-0.219567 -0.975597 -0.000000 0.599005 0.800745 0.000000 -0.801784 0.597614 0.000000 -0.979101 -0.203375 -0.000000 0.970064 -0.242850 0.000000 0.976524 0.215408 0.000000 
-0.219558 -0.975600 -0.000000 0.599010 0.800742 0.000000 -0.801781 0.597618 0.000000 -0.979101 -0.203375 -0.000000 0.970067 -0.242839 0.000000 0.976524 0.215407 0.000000 
-0.219547 -0.975602 -0.000000 0.599017 0.800737 0.000000 -0.801776 0.597625 0.000000 -0.979101 -0.203374 -0.000000 0.970069 -0.242828 0.000000 0.976525 0.215405 0.000000 
-0.219531 -0.975606 -0.000000 0.599029 0.800727 0.000000 -0.801766 0.597638 0.000000 -0.979102 -0.203372 -0.000000 0.970073 -0.242811 0.000000 0.976526 0.215401 0.000000 
-0.219509 -0.975611 -0.000000 0.599048 0.800713 0.000000 -0.801752 0.597657 0.000000 -0.979102 -0.203368 -0.000000 0.970079 -0.242789 0.000000 0.976527 0.215396 0.000000 
-0.219480 -0.975617 -0.000000 0.599072 0.800695 0.000000 -0.801735 0.597680 0.000000 -0.979103 -0.203364 -0.000000 0.970086 -0.242760 0.000000 0.976528 0.215389 0.000000 
-0.219449 -0.975624 -0.000000 0.599098 0.800676 0.000000 -0.801715 0.597706 0.000000 -0.979104 -0.203358 -0.000000 0.970094 -0.242729 0.000000 0.976530 0.215381 0.000000 
-0.219417 -0.975631 -0.000000 0.599126 0.800655 0.000000 -0.801694 0.597734 0.000000 -0.979106 -0.203353 -0.000000 0.970102 -0.242696 0.000000 0.976532 0.215372 0.000000 
-0.219383 -0.975639 -0.000000 0.599151 0.800636 0.000000 -0.801676 0.597759 0.000000 -0.979107 -0.203348 -0.000000 0.970111 -0.242661 0.000000 0.976534 0.215365 0.000000 
-0.219346 -0.975647 -0.000000 0.599169 0.800622 0.000000 -0.801662 0.597778 0.000000 -0.979107 -0.203345 -0.000000 0.970120 -0.242625 0.000000 0.976535 0.215358 0.000000 
-0.219307 -0.975656 -0.000000 0.599180 0.800614 0.000000 -0.801654 0.597788 0.000000 -0.979107 -0.203343 -0.000000 0.970130 -0.242585 0.000000 0.976536 0.215353 0.000000 
-0.219265 -0.975665 -0.000000 0.599184 0.800611 0.000000 -0.801651 0.597793 0.000000 -0.979107 -0.203344 -0.000000 0.970141 -0.242543 0.000000 0.976537 0.215350 0.000000 
-0.219222 -0.975675 -0.000000 0.599187 0.800609 0.000000 -0.801649 0.597795 0.000000 -0.979107 -0.203345 -0.000000 0.970151 -0.242500 0.000000 0.976538 0.215347 0.000000 
-0.219178 -0.975685 -0.000000 0.599189 0.800607 0.000000 -0.801647 0.597798 0.000000 -0.979107 -0.203347 -0.000000 0.970163 -0.242455 0.000000 0.976538 0.215344 0.000000 
-0.219130 -0.975696 -0.000000 0.599192 0.800605 0.000000 -0.801645 0.597800 0.000000 -0.979107 -0.203348 -0.000000 0.970175 -0.242407 0.000000 0.976539 0.215341 0.000000 
-0.219080 -0.975707 -0.000000 0.599195 0.800603 0.000000 -0.801643 0.597803 0.000000 -0.979106 -0.203350 -0.000000 0.970187 -0.242357 0.000000 0.976539 0.215339 0.000000 
-0.219031 -0.975718 -0.000000 0.599197 0.800601 0.000000 -0.801641 0.597806 0.000000 -0.979106 -0.203351 -0.000000 0.970199 -0.242308 0.000000 0.976540 0.215336 0.000000 
-0.218982 -0.975729 -0.000000 0.599200 0.800599 0.000000 -0.801639 0.597808 0.000000 -0.979106 -0.203353 -0.000000 0.970212 -0.242259 0.000000 0.976540 0.215334 0.000000 
-0.218935 -0.975739 -0.000000 0.599203 0.800597 0.000000 -0.801637 0.597812 0.000000 -0.979105 -0.203354 -0.000000 0.970223 -0.242212 0.000000 0.976541 0.215332 0.000000 
-0.218889 -0.975750 -0.000000 0.599212 0.800590 0.000000 -0.801630 0.597820 0.000000 -0.979105 -0.203355 -0.000000 0.970235 -0.242165 0.000000 0.976542 0.215328 0.000000 
-0.218844 -0.975760 -0.000000 0.599232 0.800576 0.000000 -0.801615 0.597841 0.000000 -0.979106 -0.203352 -0.000000 0.970246 -0.242120 0.000000 0.976543 0.215323 0.000000 
-0.218803 -0.975769 -0.000000 0.599209 0.800592 0.000000 -0.801629 0.597821 0.000000 -0.979111 -0.203328 -0.000000 0.970257 -0.242079 0.000000 0.976550 0.215289 0.000000 
-0.218762 -0.975778 -0.000000 0.599255 0.800558 0.000000 -0.801595 0.597867 0.000000 -0.979113 -0.203318 -0.000000 0.970267 -0.242038 0.000000 0.976553 0.215277 0.000000 
-0.218723 -0.975787 -0.000000 0.599291 0.800531 0.000000 -0.801568 0.597903 0.000000 -0.979114 -0.203311 -0.000000 0.970277 -0.241999 0.000000 0.976555 0.215266 0.000000 
-0.218682 -0.975796 -0.000000 0.599324 0.800507 0.000000 -0.801544 0.597935 0.000000 -0.979116 -0.203304 -0.000000 0.970287 -0.241957 0.000000 0.976558 0.215257 0.000000 
-0.218640 -0.975806 -0.000000 0.599357 0.800482 0.000000 -0.801520 0.597969 0.000000 -0.979117 -0.203298 -0.000000 0.970298 -0.241914 0.000000 0.976560 0.215247 0.000000 
-0.218599 -0.975815 -0.000000 0.599392 0.800456 0.000000 -0.801494 0.598003 0.000000 -0.979118 -0.203291 -0.000000 0.970308 -0.241873 0.000000 0.976562 0.215238 0.000000 
-0.218561 -0.975823 -0.000000 0.599427 0.800430 0.000000 -0.801468 0.598038 0.000000 -0.979120 -0.203284 -0.000000 0.970317 -0.241835 0.000000 0.976563 0.215230 0.000000 
-0.218525 -0.975831 -0.000000 0.599459 0.800405 0.000000 -0.801444 0.598069 0.000000 -0.979121 -0.203278 -0.000000 0.970326 -0.241799 0.000000 0.976565 0.215222 0.000000 
-0.218490 -0.975839 -0.000000 0.599490 0.800382 0.000000 -0.801421 0.598101 0.000000 -0.979122 -0.203272 -0.000000 0.970335 -0.241763 0.000000 0.976567 0.215214 0.000000 
-0.218456 -0.975847 -0.000000 0.599521 0.800359 0.000000 -0.801398 0.598131 0.000000 -0.979124 -0.203266 -0.000000 0.970344 -0.241728 0.000000 0.976569 0.215206 0.000000 
-0.218426 -0.975853 -0.000000 0.599597 0.800302 0.000000 -0.801343 0.598205 0.000000 -0.979129 -0.203242 -0.000000 0.970351 -0.241698 0.000000 0.976574 0.215183 0.000000 
-0.218400 -0.975859 -0.000000 0.599637 0.800272 0.000000 -0.801313 0.598245 0.000000 -0.979130 -0.203233 -0.000000 0.970358 -0.241672 0.000000 0.976576 0.215172 0.000000 
-0.218371 -0.975866 -0.000000 0.599676 0.800243 0.000000 -0.801284 0.598285 0.000000 -0.979132 -0.203225 -0.000000 0.970365 -0.241642 0.000000 0.976578 0.215162 0.000000 
-0.218340 -0.975873 -0.000000 0.599714 0.800215 0.000000 -0.801256 0.598322 0.000000 -0.979134 -0.203217 -0.000000 0.970373 -0.241611 0.000000 0.976580 0.215153 0.000000 
-0.218308 -0.975880 -0.000000 0.599750 0.800188 0.000000 -0.801229 0.598358 0.000000 -0.979135 -0.203209 -0.000000 0.970381 -0.241579 0.000000 0.976582 0.215144 0.000000 
-0.218276 -0.975887 -0.000000 0.599783 0.800163 0.000000 -0.801203 0.598392 0.000000 -0.979137 -0.203203 -0.000000 0.970389 -0.241546 0.000000 0.976584 0.215136 0.000000 
-0.218244 -0.975894 -0.000000 0.599815 0.800139 0.000000 -0.801179 0.598424 0.000000 -0.979138 -0.203196 -0.000000 0.970398 -0.241513 0.000000 0.976586 0.215128 0.000000 
-0.218212 -0.975901 -0.000000 0.599847 0.800115 0.000000 -0.801156 0.598456 0.000000 -0.979139 -0.203190 -0.000000 0.970406 -0.241481 0.000000 0.976588 0.215120 0.000000 
-0.218181 -0.975908 -0.000000 0.599879 0.800091 0.000000 -0.801132 0.598488 0.000000 -0.979141 -0.203184 -0.000000 0.970413 -0.241449 0.000000 0.976589 0.215112 0.000000 
-0.218150 -0.975915 -0.000000 0.599911 0.800066 0.000000 -0.801107 0.598521 0.000000 -0.979142 -0.203177 -0.000000 0.970421 -0.241419 0.000000 0.976591 0.215103 0.000000 
