-0.075360 -0.093572 0.004741 0.085853 0.052041 0.003781 -0.167414 0.009239 0.004499 -0.007589 0.151833 0.003555 
-0.075361 -0.093574 0.004765 0.085852 0.052040 0.003895 -0.167415 0.009237 0.004545 -0.007590 0.151831 0.003689 
-0.075362 -0.093576 0.004784 0.085851 0.052038 0.003994 -0.167416 0.009236 0.004586 -0.007591 0.151830 0.003808 
-0.075530 -0.093601 0.004829 0.085733 0.051953 0.003433 -0.167546 0.009243 0.004878 -0.007673 0.151779 0.003502 
-0.075627 -0.093604 0.004849 0.085610 0.051973 0.002877 -0.167660 0.009226 0.004860 -0.007812 0.151784 0.002916 
-0.075414 -0.093696 0.004980 0.085791 0.051916 0.003068 -0.167471 0.009112 0.004682 -0.007654 0.151705 0.002800 
-0.075262 -0.093767 0.005032 0.085921 0.051867 0.002916 -0.167336 0.009025 0.004430 -0.007541 0.151640 0.002350 
-0.075264 -0.093772 0.005026 0.085919 0.051864 0.003108 -0.167338 0.009020 0.004483 -0.007542 0.151637 0.002597 
-0.075266 -0.093776 0.005022 0.085918 0.051861 0.003283 -0.167340 0.009016 0.004530 -0.007543 0.151634 0.002821 
-0.075268 -0.093780 0.005018 0.085917 0.051859 0.003442 -0.167341 0.009013 0.004573 -0.007544 0.151632 0.003023 
-0.075278 -0.093779 0.005017 0.085935 0.051830 0.003598 -0.167332 0.009031 0.004603 -0.007507 0.151621 0.003208 
-0.075238 -0.093676 0.004968 0.085965 0.051945 0.003705 -0.167299 0.009128 0.004561 -0.007484 0.151730 0.003320 
-0.075288 -0.093568 0.004913 0.085943 0.052023 0.003557 -0.167328 0.009254 0.004681 -0.007487 0.151826 0.003347 
-0.074999 -0.093542 0.005216 0.086132 0.052155 0.003587 -0.167111 0.009212 0.004193 -0.007367 0.151889 0.002596 
-0.075276 -0.093559 0.005350 0.085915 0.052059 0.002750 -0.167342 0.009240 0.004799 -0.007540 0.151838 0.002241 
-0.075172 -0.093347 0.005323 0.086012 0.052283 0.003023 -0.167244 0.009447 0.004805 -0.007447 0.152057 0.002543 
-0.074725 -0.092154 0.005168 0.086140 0.053835 0.003402 -0.167023 0.010435 0.004485 -0.007539 0.153402 0.002750 
-0.074247 -0.090757 0.004812 0.086309 0.055566 0.002485 -0.166757 0.011643 0.004791 -0.007577 0.154941 0.002497 
-0.074018 -0.090494 0.004989 0.086339 0.056048 0.002795 -0.166668 0.011780 0.004894 -0.007682 0.155295 0.002733 
-0.073668 -0.089422 0.005159 0.086441 0.057391 0.003026 -0.166493 0.012693 0.004869 -0.007749 0.156477 0.002769 
-0.073202 -0.086990 0.005086 0.086677 0.060079 0.003317 -0.166187 0.014980 0.004903 -0.007669 0.159017 0.003160 
-0.073031 -0.086891 0.004797 0.086844 0.060188 0.003592 -0.166020 0.015075 0.004620 -0.007506 0.159122 0.003434 
-0.072956 -0.086791 0.004331 0.086918 0.060294 0.004058 -0.165947 0.015174 0.004211 -0.007434 0.159226 0.003943 
-0.072868 -0.086836 0.004315 0.087000 0.060256 0.004414 -0.165862 0.015123 0.003908 -0.007355 0.159183 0.004010 
-0.072867 -0.086837 0.004377 0.087001 0.060255 0.004470 -0.165861 0.015123 0.004007 -0.007354 0.159183 0.004101 
-0.072797 -0.086856 0.004391 0.087056 0.060251 0.004666 -0.165801 0.015095 0.003899 -0.007308 0.159170 0.004175 
-0.072759 -0.086834 0.004283 0.087076 0.060293 0.004795 -0.165776 0.015106 0.003844 -0.007301 0.159200 0.004354 
-0.072743 -0.086792 0.004140 0.087068 0.060360 0.004772 -0.165776 0.015133 0.003842 -0.007325 0.159253 0.004468 
-0.072904 -0.086857 0.004385 0.087048 0.060142 0.004658 -0.165840 0.015157 0.003994 -0.007250 0.159125 0.004267 
-0.072913 -0.086907 0.004497 0.087044 0.060088 0.004545 -0.165846 0.015110 0.004134 -0.007251 0.159073 0.004185 
-0.072787 -0.086829 0.004186 0.087304 0.060018 0.005054 -0.165624 0.015274 0.003517 -0.006898 0.159090 0.004380 
-0.072708 -0.086837 0.004265 0.087321 0.060078 0.005060 -0.165588 0.015226 0.003636 -0.006923 0.159110 0.004426 
-0.071410 -0.086584 0.003905 0.087712 0.061310 0.005106 -0.164916 0.014907 0.003637 -0.007140 0.159762 0.004824 
-0.070517 -0.086732 0.004349 0.087838 0.061987 0.004792 -0.164549 0.014272 0.003750 -0.007523 0.159945 0.004192 
-0.070515 -0.086732 0.004407 0.087840 0.061986 0.004807 -0.164547 0.014271 0.003865 -0.007522 0.159944 0.004264 
-0.070514 -0.086733 0.004460 0.087841 0.061985 0.004825 -0.164546 0.014271 0.003967 -0.007520 0.159943 0.004331 
-0.070528 -0.086744 0.004509 0.087857 0.061942 0.004846 -0.164539 0.014278 0.004058 -0.007484 0.159920 0.004394 
-0.070586 -0.086793 0.004557 0.087893 0.061793 0.004963 -0.164534 0.014289 0.004138 -0.007387 0.159831 0.004542 
-0.070626 -0.086829 0.004603 0.087912 0.061694 0.005382 -0.164533 0.014291 0.004215 -0.007329 0.159770 0.004986 
-0.070628 -0.086830 0.004641 0.087914 0.061688 0.005353 -0.164532 0.014294 0.004283 -0.007324 0.159767 0.004989 
-0.070531 -0.086775 0.004672 0.087763 0.062008 0.005393 -0.164604 0.014191 0.004348 -0.007639 0.159928 0.005061 
-0.070479 -0.086778 0.004753 0.087761 0.062064 0.005229 -0.164589 0.014153 0.004394 -0.007677 0.159948 0.004866 
-0.068644 -0.085531 0.004720 0.085759 0.067280 0.006212 -0.165288 0.012977 0.004415 -0.012135 0.162708 0.005889 
0.083048 0.073019 0.008894 -0.066589 -0.084417 0.004833 -0.017713 0.165414 0.008495 -0.166196 0.011094 0.004487 
0.079839 0.078194 0.013114 -0.064428 -0.084022 0.004945 -0.023919 0.167209 0.012662 -0.167137 0.008145 0.004605 
0.076440 0.082626 0.018562 -0.062233 -0.084053 0.005089 -0.030186 0.168186 0.017984 -0.167916 0.004688 0.004696 
0.073666 0.082892 0.024793 -0.127027 -0.290873 0.004993 -0.035565 0.165095 0.023847 -0.337671 -0.252056 0.004861 -0.312424 -0.116387 0.005502 
0.071397 0.080005 0.032135 -0.126248 -0.285473 0.006232 -0.039545 0.159871 0.030403 -0.337794 -0.251952 0.004825 -0.315976 -0.115709 0.007276 
0.068808 0.078748 0.041526 -0.126404 -0.285141 0.011008 -0.043257 0.156955 0.037672 -0.337921 -0.251972 0.004841 -0.316417 -0.115709 0.008577 
0.065071 0.071384 0.049851 -0.126211 -0.282369 0.015484 -0.048850 0.146469 0.041247 -0.338020 -0.252338 0.004861 -0.318693 -0.115809 0.010370 
0.055118 0.063295 0.051274 -0.125479 -0.282398 0.017582 -0.060831 0.134873 0.040219 -0.337966 -0.258613 0.004873 -0.322769 -0.121604 0.011311 
0.038476 0.062729 0.046079 -0.124696 -0.288797 0.017556 -0.080277 0.129575 0.035159 -0.337956 -0.273401 0.004883 -0.328081 -0.135847 0.009918 
0.022991 0.069009 0.040070 -0.124053 -0.294249 0.015189 -0.098889 0.130181 0.030414 -0.337916 -0.288391 0.004898 -0.334048 -0.150482 0.008079 
0.018255 0.076924 0.036890 -0.123747 -0.290909 0.011582 -0.105685 0.133801 0.027209 -0.337829 -0.292339 0.004904 -0.338590 -0.154366 0.007561 
0.014213 0.083784 0.033705 -0.123695 -0.283998 0.008003 -0.111416 0.136804 0.023898 -0.337700 -0.292362 0.004899 -0.342885 -0.154487 0.007660 
0.010167 0.090149 0.031435 -0.123522 -0.277788 0.005350 -0.116922 0.139468 0.021150 -0.337216 -0.292360 0.004904 -0.346366 -0.154693 0.007743 
0.006527 0.095288 0.030611 -0.121827 -0.273539 0.004981 -0.121666 0.141503 0.019632 -0.335155 -0.292734 0.004981 -0.347279 -0.155291 0.007535 
0.003430 0.099274 0.030900 -0.118655 -0.269372 0.005500 -0.125576 0.142992 0.019232 -0.331567 -0.292736 0.004979 -0.346382 -0.155558 0.007570 
0.000497 0.102820 0.031293 -0.113903 -0.266050 0.006899 -0.129204 0.144271 0.019078 -0.326414 -0.292752 0.004987 -0.343396 -0.155823 0.007423 
-0.001906 0.105547 0.031589 -0.108632 -0.263409 0.008654 -0.132097 0.145245 0.018772 -0.320765 -0.292779 0.004860 -0.339484 -0.156070 0.006934 
-0.003651 0.107567 0.031553 -0.104589 -0.261384 0.010061 -0.134175 0.145966 0.018185 -0.316403 -0.292778 0.004867 -0.336430 -0.156247 0.006399 
-0.004682 0.108839 0.030987 -0.101707 -0.260101 0.011091 -0.135393 0.146429 0.017144 -0.313302 -0.292767 0.004883 -0.334140 -0.156351 0.005700 
-0.005171 0.109561 0.030132 -0.099573 -0.259321 0.011948 -0.135965 0.146706 0.015884 -0.311030 -0.292725 0.005015 -0.332330 -0.156379 0.005234 
-0.005287 0.109831 0.029153 -0.098106 -0.258595 0.012654 -0.136073 0.146836 0.014470 -0.309438 -0.292671 0.005221 -0.331159 -0.156391 0.005021 
-0.005323 0.110036 0.028185 -0.097184 -0.257856 0.013412 -0.136080 0.146936 0.012998 -0.308394 -0.292592 0.005593 -0.330527 -0.156380 0.004995 
-0.005305 0.110170 0.027246 -0.096388 -0.257554 0.014653 -0.136020 0.147005 0.011547 -0.307541 -0.292538 0.006387 -0.329804 -0.156353 0.004993 
-0.117508 -0.250868 0.027851 -0.138547 0.148042 0.008636 -0.006572 0.114992 0.022056 -0.062784 -0.094819 0.018432 -0.329394 -0.279581 0.015306 -0.347367 -0.142856 0.010077 
-0.159274 -0.236431 0.025365 -0.137039 0.147719 0.004894 -0.004900 0.114676 0.016620 -0.061401 -0.095089 0.016775 -0.372330 -0.256396 0.016094 -0.384701 -0.119074 0.010288 
-0.004763 0.114639 0.015416 -0.423103 -0.226690 0.015422 -0.209304 -0.213998 0.017953 -0.061263 -0.095126 0.015562 -0.136996 0.147708 0.004888 -0.430990 -0.088970 0.011544 
-0.004903 0.114679 0.016640 -0.461491 -0.201151 0.014881 -0.247541 -0.191221 0.012736 -0.061404 -0.095086 0.016807 -0.137038 0.147720 0.004881 -0.467658 -0.063295 0.013657 
-0.005140 0.114712 0.018481 -0.488465 -0.183200 0.010293 -0.274425 -0.176004 0.006705 -0.061694 -0.095039 0.018675 -0.137102 0.147738 0.004875 -0.492855 -0.045270 0.010547 
-0.005408 0.114930 0.020583 -0.499900 -0.178948 0.005029 -0.285781 -0.173385 0.005143 -0.062175 -0.094764 0.020802 -0.137119 0.148027 0.004874 -0.503241 -0.040988 0.004807 
-0.005473 0.115775 0.022086 -0.509851 -0.178957 0.005167 -0.295714 -0.174130 0.005265 -0.061410 -0.094141 0.022285 -0.137141 0.148306 0.004908 -0.512718 -0.040987 0.004822 
-0.005721 0.116167 0.023927 -0.517092 -0.178957 0.005578 -0.302930 -0.175410 0.005659 -0.061313 -0.093840 0.024141 -0.137206 0.148416 0.004914 -0.519133 -0.040973 0.004840 
-0.005950 0.116363 0.025485 -0.519868 -0.178949 0.005845 -0.305700 -0.175812 0.005917 -0.061418 -0.093678 0.025689 -0.137237 0.148476 0.004929 -0.521646 -0.040964 0.004849 
-0.005920 0.116962 0.026376 -0.519890 -0.178984 0.006093 -0.305722 -0.175806 0.006147 -0.060767 -0.093241 0.026787 -0.137173 0.148632 0.004941 -0.521694 -0.041001 0.004849 
-0.005784 0.117399 0.026948 -0.519904 -0.178971 0.006457 -0.305737 -0.175787 0.006499 -0.060125 -0.092934 0.027760 -0.137033 0.148689 0.004940 -0.521712 -0.040993 0.004859 
-0.005582 0.117593 0.027442 -0.519907 -0.178956 0.006859 -0.305739 -0.175766 0.006889 -0.059817 -0.092766 0.028600 -0.136777 0.148760 0.004940 -0.521719 -0.040982 0.004868 
-0.004539 0.117736 0.028089 -0.519957 -0.178946 0.007385 -0.305790 -0.175778 0.007387 -0.058823 -0.092608 0.029693 -0.135632 0.148857 0.004935 -0.521755 -0.040981 0.004881 
-0.004298 0.117686 0.028450 -0.520052 -0.178918 0.007919 -0.305883 -0.175894 0.007918 -0.058795 -0.092598 0.030539 -0.135310 0.148871 0.004935 -0.521757 -0.040962 0.004885 
-0.004070 0.117605 0.028761 -0.520275 -0.178899 0.008495 -0.306102 -0.176185 0.008471 -0.058922 -0.092582 0.031302 -0.134991 0.148948 0.004946 -0.521781 -0.040955 0.004896 
-0.004020 0.117474 0.028987 -0.520534 -0.178866 0.009066 -0.306355 -0.176549 0.009042 -0.059191 -0.092625 0.031880 -0.134863 0.148965 0.004938 -0.521783 -0.040934 0.004899 
-0.004080 0.117371 0.029142 -0.520795 -0.178829 0.009647 -0.306613 -0.176914 0.009622 -0.059506 -0.092656 0.032382 -0.134866 0.148974 0.004936 -0.521785 -0.040914 0.004902 
-0.003999 0.117266 0.029240 -0.521059 -0.178806 0.010239 -0.306874 -0.177258 0.010189 -0.059767 -0.092664 0.032841 -0.134725 0.149037 0.004926 -0.521814 -0.040911 0.004914 
-0.003973 0.117124 0.029308 -0.521251 -0.178780 0.010775 -0.307064 -0.177497 0.010715 -0.060109 -0.092700 0.033302 -0.134640 0.149079 0.004918 -0.521836 -0.040905 0.004919 
-0.003988 0.116979 0.029340 -0.521402 -0.178743 0.011270 -0.307213 -0.177682 0.011290 -0.060486 -0.092741 0.033739 -0.134605 0.149113 0.004916 -0.521841 -0.040889 0.004921 
-0.003918 0.116740 0.029301 -0.521959 -0.178787 0.011993 -0.307768 -0.178444 0.012079 -0.060983 -0.092819 0.034013 -0.134461 0.149197 0.004913 -0.521934 -0.040970 0.004891 
-0.003908 0.116368 0.029222 -0.522602 -0.178774 0.012662 -0.308412 -0.179345 0.012891 -0.061691 -0.092991 0.034059 -0.134356 0.149264 0.004911 -0.521984 -0.040994 0.004894 
-0.003872 0.115978 0.029124 -0.523190 -0.178752 0.013272 -0.309004 -0.180159 0.013677 -0.062416 -0.093168 0.034036 -0.134218 0.149347 0.004910 -0.522026 -0.041011 0.004897 
-0.003798 0.115580 0.029019 -0.523669 -0.178705 0.013859 -0.309490 -0.180808 0.014396 -0.063096 -0.093352 0.034024 -0.134041 0.149416 0.004900 -0.522052 -0.041005 0.004909 
-0.003837 0.115161 0.028948 -0.524133 -0.178661 0.014457 -0.309962 -0.181430 0.015160 -0.063891 -0.093550 0.034137 -0.133973 0.149455 0.004900 -0.522080 -0.041008 0.004904 
-0.003874 0.114753 0.028875 -0.524571 -0.178606 0.015006 -0.310409 -0.182011 0.015866 -0.064669 -0.093738 0.034270 -0.133905 0.149493 0.004899 -0.522100 -0.040999 0.004908 
-0.003827 0.114416 0.028798 -0.524988 -0.178570 0.015505 -0.310836 -0.182544 0.016483 -0.065285 -0.093877 0.034333 -0.133763 0.149560 0.004898 -0.522144 -0.041005 0.004924 
-0.003839 0.114140 0.028757 -0.525310 -0.178521 0.015929 -0.311168 -0.182965 0.017038 -0.065812 -0.093997 0.034434 -0.133698 0.149594 0.004897 -0.522156 -0.040996 0.004929 
-0.003868 0.113937 0.028760 -0.525550 -0.178476 0.016292 -0.311416 -0.183269 0.017536 -0.066228 -0.094080 0.034612 -0.133666 0.149614 0.004896 -0.522163 -0.040986 0.004933 
-0.003852 0.113812 0.028778 -0.525728 -0.178443 0.016587 -0.311601 -0.183466 0.017929 -0.066488 -0.094117 0.034769 -0.133604 0.149646 0.004895 -0.522187 -0.040981 0.004938 
-0.003879 0.113760 0.028833 -0.525814 -0.178412 0.016818 -0.311689 -0.183553 0.018279 -0.066644 -0.094124 0.035015 -0.133604 0.149651 0.004894 -0.522190 -0.040972 0.004939 
-0.003866 0.113786 0.028918 -0.525853 -0.178406 0.016988 -0.311729 -0.183556 0.018537 -0.066658 -0.094086 0.035254 -0.133577 0.149672 0.004893 -0.522217 -0.040980 0.004948 
-0.003875 0.113828 0.029010 -0.525853 -0.178393 0.017096 -0.311730 -0.183530 0.018732 -0.066642 -0.094047 0.035490 -0.133579 0.149676 0.004894 -0.522220 -0.040976 0.004948 
-0.003880 0.113882 0.029103 -0.525847 -0.178381 0.017190 -0.311724 -0.183498 0.018901 -0.066600 -0.094003 0.035709 -0.133581 0.149680 0.004894 -0.522222 -0.040973 0.004947 
-0.003882 0.113945 0.029193 -0.525830 -0.178371 0.017272 -0.311707 -0.183452 0.019050 -0.066539 -0.093955 0.035918 -0.133583 0.149684 0.004894 -0.522224 -0.040970 0.004947 
-0.003882 0.114017 0.029280 -0.525794 -0.178364 0.017341 -0.311669 -0.183379 0.019181 -0.066460 -0.093903 0.036123 -0.133584 0.149688 0.004894 -0.522226 -0.040968 0.004947 
-0.003852 0.114101 0.029370 -0.525770 -0.178366 0.017410 -0.311644 -0.183310 0.019301 -0.066353 -0.093839 0.036310 -0.133556 0.149707 0.004895 -0.522244 -0.040974 0.004951 
-0.003849 0.114175 0.029449 -0.525728 -0.178360 0.017463 -0.311601 -0.183232 0.019405 -0.066265 -0.093788 0.036490 -0.133557 0.149710 0.004895 -0.522246 -0.040972 0.004950 
-0.003791 0.114258 0.029536 -0.525710 -0.178363 0.017517 -0.311582 -0.183163 0.019500 -0.066147 -0.093720 0.036646 -0.133496 0.149742 0.004895 -0.522271 -0.040979 0.004954 
-0.003789 0.114316 0.029601 -0.525676 -0.178359 0.017558 -0.311547 -0.183093 0.019581 -0.066081 -0.093679 0.036795 -0.133498 0.149745 0.004895 -0.522277 -0.040978 0.004953 
-0.003788 0.114367 0.029658 -0.525643 -0.178355 0.017596 -0.311513 -0.183031 0.019661 -0.066022 -0.093642 0.036929 -0.133499 0.149747 0.004896 -0.522278 -0.040977 0.004952 
-0.003788 0.114405 0.029706 -0.525623 -0.178351 0.017635 -0.311493 -0.182989 0.019741 -0.065983 -0.093613 0.037046 -0.133499 0.149750 0.004896 -0.522279 -0.040975 0.004951 
-0.003706 0.114450 0.029772 -0.525656 -0.178370 0.017708 -0.311526 -0.182983 0.019837 -0.065911 -0.093564 0.037142 -0.133405 0.149792 0.004896 -0.522327 -0.041000 0.004965 
-0.003709 0.114462 0.029806 -0.525656 -0.178365 0.017747 -0.311526 -0.182973 0.019910 -0.065911 -0.093551 0.037231 -0.133405 0.149794 0.004896 -0.522328 -0.040998 0.004963 
-0.003713 0.114471 0.029836 -0.525659 -0.178360 0.017784 -0.311529 -0.182967 0.019979 -0.065916 -0.093540 0.037311 -0.133406 0.149796 0.004897 -0.522329 -0.040997 0.004961 
-0.003688 0.114487 0.029872 -0.525672 -0.178362 0.017826 -0.311542 -0.182966 0.020047 -0.065900 -0.093520 0.037382 -0.133373 0.149810 0.004897 -0.522342 -0.041003 0.004963 
-0.003691 0.114494 0.029896 -0.525675 -0.178358 0.017855 -0.311545 -0.182962 0.020102 -0.065904 -0.093511 0.037446 -0.133373 0.149812 0.004897 -0.522343 -0.041002 0.004961 
-0.003694 0.114501 0.029917 -0.525677 -0.178354 0.017881 -0.311547 -0.182958 0.020151 -0.065907 -0.093503 0.037503 -0.133373 0.149813 0.004897 -0.522344 -0.041001 0.004960 
-0.003696 0.114506 0.029935 -0.525679 -0.178351 0.017904 -0.311549 -0.182954 0.020195 -0.065910 -0.093496 0.037553 -0.133373 0.149814 0.004897 -0.522345 -0.041000 0.004958 
-0.003698 0.114511 0.029951 -0.525680 -0.178349 0.017923 -0.311551 -0.182951 0.020232 -0.065912 -0.093490 0.037596 -0.133373 0.149815 0.004897 -0.522345 -0.041000 0.004956 
-0.003669 0.114523 0.029978 -0.525689 -0.178351 0.017947 -0.311560 -0.182951 0.020269 -0.065892 -0.093476 0.037637 -0.133339 0.149828 0.004897 -0.522354 -0.041004 0.004958 
-0.003670 0.114527 0.029990 -0.525690 -0.178349 0.017961 -0.311561 -0.182949 0.020295 -0.065894 -0.093471 0.037668 -0.133339 0.149829 0.004897 -0.522355 -0.041004 0.004957 
-0.003671 0.114530 0.029999 -0.525691 -0.178348 0.017972 -0.311563 -0.182947 0.020317 -0.065895 -0.093467 0.037693 -0.133339 0.149830 0.004897 -0.522356 -0.041003 0.004955 
-0.003672 0.114532 0.030007 -0.525692 -0.178346 0.017980 -0.311564 -0.182945 0.020334 -0.065895 -0.093464 0.037713 -0.133338 0.149830 0.004897 -0.522356 -0.041003 0.004954 
-0.003482 0.114545 0.030093 -0.525764 -0.178373 0.018024 -0.311635 -0.182961 0.020362 -0.065756 -0.093438 0.037772 -0.133122 0.149868 0.004883 -0.522435 -0.041032 0.004971 
-0.003482 0.114547 0.030100 -0.525763 -0.178373 0.018024 -0.311634 -0.182958 0.020369 -0.065756 -0.093435 0.037789 -0.133122 0.149869 0.004884 -0.522436 -0.041032 0.004968 
-0.003482 0.114548 0.030105 -0.525762 -0.178373 0.018022 -0.311633 -0.182956 0.020372 -0.065756 -0.093434 0.037799 -0.133121 0.149869 0.004886 -0.522436 -0.041032 0.004966 
-0.003482 0.114550 0.030108 -0.525761 -0.178374 0.018018 -0.311632 -0.182954 0.020370 -0.065755 -0.093432 0.037807 -0.133121 0.149870 0.004887 -0.522437 -0.041033 0.004963 
-0.003450 0.114558 0.030126 -0.525791 -0.178391 0.018031 -0.311662 -0.182954 0.020373 -0.065733 -0.093421 0.037829 -0.133085 0.149882 0.004888 -0.522478 -0.041050 0.004971 
-0.003449 0.114562 0.030129 -0.525785 -0.178393 0.018017 -0.311655 -0.182945 0.020362 -0.065730 -0.093417 0.037847 -0.133084 0.149882 0.004888 -0.522479 -0.041051 0.004969 
-0.003448 0.114566 0.030130 -0.525776 -0.178395 0.018001 -0.311646 -0.182933 0.020348 -0.065726 -0.093413 0.037868 -0.133084 0.149883 0.004889 -0.522479 -0.041051 0.004966 
-0.003414 0.114578 0.030148 -0.525765 -0.178397 0.017983 -0.311635 -0.182918 0.020332 -0.065696 -0.093399 0.037900 -0.133046 0.149895 0.004890 -0.522480 -0.041052 0.004964 
-0.003412 0.114583 0.030148 -0.525753 -0.178401 0.017960 -0.311622 -0.182902 0.020309 -0.065691 -0.093394 0.037924 -0.133046 0.149896 0.004891 -0.522480 -0.041053 0.004962 
-0.003409 0.114588 0.030145 -0.525741 -0.178404 0.017933 -0.311610 -0.182886 0.020281 -0.065685 -0.093390 0.037941 -0.133045 0.149896 0.004891 -0.522481 -0.041054 0.004960 
-0.003374 0.114597 0.030158 -0.525736 -0.178410 0.017911 -0.311604 -0.182874 0.020252 -0.065657 -0.093378 0.037960 -0.133006 0.149908 0.004892 -0.522488 -0.041058 0.004958 
-0.003338 0.114606 0.030169 -0.525750 -0.178431 0.017907 -0.311617 -0.182868 0.020222 -0.065627 -0.093367 0.037974 -0.132968 0.149920 0.004893 -0.522521 -0.041077 0.004967 
-0.003238 0.114633 0.030216 -0.525809 -0.178494 0.017941 -0.311676 -0.182888 0.020212 -0.065546 -0.093336 0.038003 -0.132856 0.149956 0.004893 -0.522610 -0.041141 0.004977 
-0.003234 0.114634 0.030204 -0.525796 -0.178499 0.017900 -0.311662 -0.182873 0.020161 -0.065538 -0.093335 0.037997 -0.132855 0.149956 0.004893 -0.522610 -0.041143 0.004973 
-0.003198 0.114642 0.030207 -0.525810 -0.178520 0.017882 -0.311675 -0.182870 0.020111 -0.065506 -0.093327 0.037982 -0.132818 0.149967 0.004894 -0.522642 -0.041161 0.004980 
-0.003162 0.114647 0.030206 -0.525824 -0.178541 0.017860 -0.311689 -0.182870 0.020055 -0.065473 -0.093322 0.037954 -0.132781 0.149977 0.004894 -0.522672 -0.041179 0.004986 
-0.003157 0.114643 0.030183 -0.525816 -0.178547 0.017811 -0.311680 -0.182866 0.019981 -0.065466 -0.093328 0.037899 -0.132779 0.149977 0.004895 -0.522672 -0.041181 0.004982 
-0.003152 0.114636 0.030155 -0.525809 -0.178554 0.017759 -0.311672 -0.182866 0.019900 -0.065458 -0.093337 0.037828 -0.132778 0.149976 0.004895 -0.522672 -0.041183 0.004978 
-0.002981 0.114649 0.030204 -0.525859 -0.178591 0.017756 -0.311721 -0.182885 0.019833 -0.065313 -0.093319 0.037797 -0.132590 0.150008 0.004883 -0.522737 -0.041218 0.004995 
-0.002975 0.114641 0.030172 -0.525850 -0.178599 0.017693 -0.311712 -0.182884 0.019735 -0.065303 -0.093330 0.037713 -0.132588 0.150007 0.004884 -0.522737 -0.041220 0.004990 
-0.002968 0.114632 0.030136 -0.525842 -0.178607 0.017626 -0.311703 -0.182885 0.019628 -0.065294 -0.093342 0.037617 -0.132587 0.150005 0.004886 -0.522736 -0.041223 0.004986 
-0.002961 0.114622 0.030095 -0.525833 -0.178617 0.017554 -0.311693 -0.182886 0.019512 -0.065284 -0.093356 0.037512 -0.132585 0.150004 0.004887 -0.522736 -0.041225 0.004982 
-0.002859 0.114636 0.030106 -0.525846 -0.178788 0.017604 -0.311706 -0.183025 0.019549 -0.065201 -0.093339 0.037452 -0.132476 0.150036 0.004888 -0.522769 -0.041414 0.004845 
-0.002818 0.114638 0.030077 -0.525827 -0.178800 0.017530 -0.311686 -0.183014 0.019422 -0.065158 -0.093339 0.037366 -0.132439 0.150046 0.004889 -0.522768 -0.041417 0.004855 
-0.002745 0.114648 0.030063 -0.525870 -0.178847 0.017489 -0.311728 -0.183020 0.019300 -0.065087 -0.093332 0.037267 -0.132366 0.150067 0.004890 -0.522843 -0.041457 0.004884 
-0.002735 0.114635 0.030005 -0.525855 -0.178859 0.017399 -0.311711 -0.183016 0.019145 -0.065072 -0.093348 0.037131 -0.132364 0.150065 0.004891 -0.522842 -0.041460 0.004890 
-0.002723 0.114619 0.029939 -0.525842 -0.178872 0.017303 -0.311698 -0.183020 0.018975 -0.065056 -0.093369 0.036963 -0.132362 0.150062 0.004891 -0.522841 -0.041464 0.004894 
-0.002680 0.114607 0.029882 -0.525860 -0.178903 0.017220 -0.311715 -0.183035 0.018798 -0.065015 -0.093385 0.036777 -0.132325 0.150070 0.004892 -0.522875 -0.041485 0.004909 
-0.002607 0.114603 0.029838 -0.525906 -0.178951 0.017145 -0.311760 -0.183059 0.018615 -0.064947 -0.093391 0.036586 -0.132253 0.150090 0.004892 -0.522943 -0.041524 0.004932 
-0.002593 0.114580 0.029752 -0.525894 -0.178967 0.017018 -0.311746 -0.183068 0.018393 -0.064929 -0.093420 0.036358 -0.132251 0.150086 0.004893 -0.522941 -0.041529 0.004933 
-0.002578 0.114554 0.029657 -0.525881 -0.178985 0.016881 -0.311733 -0.183079 0.018151 -0.064909 -0.093453 0.036103 -0.132248 0.150082 0.004894 -0.522939 -0.041534 0.004934 
-0.002531 0.114534 0.029571 -0.525897 -0.179019 0.016754 -0.311748 -0.183102 0.017900 -0.064864 -0.093478 0.035834 -0.132210 0.150089 0.004894 -0.522970 -0.041556 0.004945 
-0.002514 0.114503 0.029460 -0.525883 -0.179039 0.016591 -0.311733 -0.183115 0.017616 -0.064842 -0.093516 0.035535 -0.132207 0.150084 0.004894 -0.522967 -0.041562 0.004944 
-0.002465 0.114479 0.029358 -0.525896 -0.179076 0.016436 -0.311746 -0.183139 0.017319 -0.064794 -0.093546 0.035224 -0.132169 0.150090 0.004895 -0.522997 -0.041585 0.004953 
-0.002414 0.114453 0.029246 -0.525908 -0.179114 0.016264 -0.311756 -0.183163 0.016997 -0.064744 -0.093578 0.034890 -0.132131 0.150096 0.004895 -0.523026 -0.041608 0.004961 
-0.002392 0.114415 0.029105 -0.525889 -0.179139 0.016055 -0.311737 -0.183176 0.016634 -0.064716 -0.093624 0.034512 -0.132127 0.150090 0.004895 -0.523023 -0.041615 0.004959 
-0.002369 0.114374 0.028952 -0.525870 -0.179165 0.015831 -0.311717 -0.183192 0.016242 -0.064686 -0.093674 0.034098 -0.132123 0.150083 0.004896 -0.523020 -0.041624 0.004958 
-0.002314 0.114337 0.028803 -0.525879 -0.179208 0.015609 -0.311726 -0.183223 0.015829 -0.064632 -0.093717 0.033658 -0.132084 0.150088 0.004896 -0.523046 -0.041648 0.004965 
-0.002287 0.114288 0.028621 -0.525859 -0.179238 0.015346 -0.311705 -0.183242 0.015369 -0.064599 -0.093775 0.033168 -0.132079 0.150079 0.004896 -0.523042 -0.041658 0.004963 
-0.002260 0.114228 0.028426 -0.525850 -0.179269 0.015069 -0.311697 -0.183268 0.015010 -0.064585 -0.093838 0.032673 -0.132073 0.150071 0.004897 -0.523040 -0.041668 0.004961 
-0.002201 0.114170 0.028247 -0.525853 -0.179300 0.014782 -0.311700 -0.183299 0.014724 -0.064564 -0.093890 0.032216 -0.132029 0.150077 0.004897 -0.523043 -0.041679 0.004960 
-0.002175 0.114097 0.028034 -0.525854 -0.179333 0.014471 -0.311701 -0.183332 0.014415 -0.064563 -0.093962 0.031665 -0.132024 0.150067 0.004898 -0.523044 -0.041690 0.004959 
-0.002029 0.114041 0.027897 -0.525894 -0.179392 0.014180 -0.311740 -0.183381 0.014094 -0.064470 -0.094007 0.031142 -0.131879 0.150092 0.004890 -0.523091 -0.041728 0.004972 
-0.001999 0.113966 0.027673 -0.525895 -0.179428 0.013833 -0.311741 -0.183416 0.013751 -0.064464 -0.094081 0.030549 -0.131870 0.150082 0.004892 -0.523091 -0.041741 0.004970 
-0.001943 0.113895 0.027471 -0.525901 -0.179474 0.013468 -0.311747 -0.183447 0.013382 -0.064439 -0.094148 0.029928 -0.131830 0.150085 0.004893 -0.523107 -0.041764 0.004971 
-0.001918 0.113812 0.027243 -0.525902 -0.179511 0.013080 -0.311748 -0.183483 0.013003 -0.064437 -0.094229 0.029251 -0.131824 0.150073 0.004895 -0.523107 -0.041778 0.004966 
-0.001892 0.113726 0.027006 -0.525903 -0.179549 0.012676 -0.311749 -0.183521 0.012604 -0.064434 -0.094312 0.028546 -0.131818 0.150060 0.004897 -0.523108 -0.041793 0.004965 
-0.001864 0.113637 0.026756 -0.525904 -0.179587 0.012255 -0.311750 -0.183559 0.012186 -0.064431 -0.094397 0.027805 -0.131812 0.150047 0.004899 -0.523108 -0.041808 0.004964 
-0.001835 0.113546 0.026493 -0.525906 -0.179625 0.011815 -0.311751 -0.183597 0.011750 -0.064425 -0.094483 0.027026 -0.131805 0.150033 0.004900 -0.523109 -0.041824 0.004963 
-0.001789 0.113495 0.026199 -0.525906 -0.179662 0.011376 -0.311752 -0.183634 0.011315 -0.064389 -0.094532 0.026493 -0.131796 0.150024 0.004902 -0.523109 -0.041840 0.004962 
-0.001736 0.113478 0.025915 -0.525907 -0.179696 0.010965 -0.311753 -0.183667 0.010908 -0.064336 -0.094549 0.026204 -0.131786 0.150021 0.004904 -0.523110 -0.041855 0.004962 
-0.001666 0.113458 0.025652 -0.525896 -0.179735 0.010533 -0.311742 -0.183673 0.010480 -0.064274 -0.094566 0.025935 -0.131753 0.150019 0.004907 -0.523120 -0.041876 0.004965 
-0.001601 0.113436 0.025400 -0.525845 -0.179857 0.010111 -0.311688 -0.183688 0.010061 -0.064219 -0.094584 0.025675 -0.131723 0.150016 0.004910 -0.523136 -0.041980 0.004952 
-0.001552 0.113420 0.025131 -0.525681 -0.180163 0.009654 -0.311519 -0.183728 0.009608 -0.064170 -0.094600 0.025399 -0.131713 0.150013 0.004913 -0.523143 -0.042266 0.004953 
-0.001503 0.113404 0.024860 -0.525481 -0.180524 0.009188 -0.311315 -0.183768 0.009147 -0.064121 -0.094616 0.025120 -0.131704 0.150010 0.004916 -0.523150 -0.042609 0.004954 
-0.001449 0.113381 0.024595 -0.525283 -0.180881 0.008735 -0.311112 -0.183805 0.008697 -0.064076 -0.094637 0.024847 -0.131685 0.150005 0.004919 -0.523157 -0.042949 0.004955 
-0.001404 0.113366 0.024340 -0.525089 -0.181226 0.008297 -0.310914 -0.183839 0.008262 -0.064031 -0.094652 0.024583 -0.131676 0.150002 0.004923 -0.523163 -0.043280 0.004956 
-0.001363 0.113353 0.024103 -0.524906 -0.181550 0.007876 -0.310728 -0.183870 0.007843 -0.063990 -0.094665 0.024338 -0.131667 0.149999 0.004926 -0.523169 -0.043592 0.004958 
-0.001326 0.113340 0.023884 -0.524735 -0.181850 0.007473 -0.310554 -0.183899 0.007442 -0.063952 -0.094678 0.024111 -0.131659 0.149996 0.004930 -0.523173 -0.043882 0.004959 
-0.001291 0.113329 0.023681 -0.524558 -0.182158 0.007086 -0.310375 -0.183925 0.007055 -0.063918 -0.094690 0.023899 -0.131652 0.149994 0.004933 -0.523178 -0.044182 0.004961 
-0.001259 0.113318 0.023492 -0.524372 -0.182479 0.006713 -0.310186 -0.183950 0.006683 -0.063885 -0.094700 0.023701 -0.131645 0.149992 0.004937 -0.523182 -0.044495 0.004963 
-0.001230 0.113308 0.023316 -0.524182 -0.182802 0.006359 -0.309994 -0.183972 0.006330 -0.063856 -0.094710 0.023516 -0.131639 0.149989 0.004941 -0.523185 -0.044813 0.004965 
-0.001202 0.113299 0.023152 -0.524001 -0.183108 0.006030 -0.309812 -0.183992 0.006000 -0.063828 -0.094720 0.023344 -0.131633 0.149987 0.004944 -0.523189 -0.045115 0.004967 
-0.001177 0.113290 0.023001 -0.523839 -0.183380 0.005730 -0.309649 -0.184009 0.005701 -0.063803 -0.094728 0.023185 -0.131628 0.149985 0.004948 -0.523191 -0.045384 0.004970 
-0.001155 0.113282 0.022864 -0.523703 -0.183609 0.005465 -0.309512 -0.184024 0.005435 -0.063780 -0.094736 0.023041 -0.131623 0.149984 0.004951 -0.523193 -0.045611 0.004972 
-0.001135 0.113276 0.022743 -0.523593 -0.183794 0.005238 -0.309402 -0.184035 0.005207 -0.063760 -0.094743 0.022914 -0.131619 0.149982 0.004954 -0.523194 -0.045795 0.004974 
-0.001120 0.113271 0.022651 -0.523532 -0.183894 0.005158 -0.309341 -0.184040 0.005126 -0.063745 -0.094748 0.022818 -0.131616 0.149981 0.004956 -0.523195 -0.045894 0.004976 
-0.001107 0.113266 0.022573 -0.523502 -0.183942 0.005145 -0.309311 -0.184042 0.005112 -0.063732 -0.094752 0.022737 -0.131613 0.149980 0.004959 -0.523195 -0.045943 0.004978 
-0.001097 0.113263 0.022511 -0.523486 -0.183969 0.005133 -0.309295 -0.184042 0.005099 -0.063722 -0.094756 0.022670 -0.131610 0.149979 0.004962 -0.523196 -0.045969 0.004980 
-0.001088 0.113259 0.022455 -0.523478 -0.183980 0.005171 -0.309288 -0.184043 0.005090 -0.063713 -0.094759 0.022611 -0.131608 0.149978 0.004964 -0.523195 -0.045980 0.005028 
-0.001080 0.113257 0.022408 -0.523476 -0.183982 0.005212 -0.309286 -0.184043 0.005088 -0.063706 -0.094761 0.022564 -0.131607 0.149978 0.004963 -0.523194 -0.045982 0.005072 
-0.001078 0.113257 0.022389 -0.523474 -0.183985 0.005204 -0.309283 -0.184043 0.005088 -0.063703 -0.094762 0.022547 -0.131606 0.149978 0.004961 -0.523194 -0.045986 0.005066 
-0.001078 0.113257 0.022391 -0.523474 -0.183986 0.005198 -0.309283 -0.184043 0.005092 -0.063703 -0.094762 0.022551 -0.131606 0.149978 0.004960 -0.523194 -0.045986 0.005053 
-0.001082 0.113258 0.022415 -0.523477 -0.183982 0.005175 -0.309286 -0.184042 0.005108 -0.063707 -0.094760 0.022577 -0.131607 0.149978 0.004959 -0.523195 -0.045982 0.005013 
-0.001087 0.113260 0.022445 -0.523478 -0.183979 0.005189 -0.309288 -0.184041 0.005137 -0.063712 -0.094759 0.022608 -0.131608 0.149978 0.004959 -0.523196 -0.045980 0.004996 
-0.001091 0.113262 0.022472 -0.523478 -0.183978 0.005229 -0.309288 -0.184040 0.005179 -0.063716 -0.094757 0.022637 -0.131609 0.149979 0.004958 -0.523196 -0.045978 0.004994 
-0.001096 0.113264 0.022502 -0.523479 -0.183975 0.005287 -0.309288 -0.184037 0.005237 -0.063721 -0.094755 0.022669 -0.131611 0.149979 0.004956 -0.523196 -0.045976 0.004993 
-0.001102 0.113266 0.022537 -0.523479 -0.183973 0.005356 -0.309288 -0.184035 0.005306 -0.063727 -0.094753 0.022707 -0.131612 0.149980 0.004955 -0.523196 -0.045973 0.004991 
-0.001109 0.113268 0.022577 -0.523479 -0.183970 0.005430 -0.309288 -0.184032 0.005381 -0.063733 -0.094751 0.022749 -0.131614 0.149980 0.004954 -0.523196 -0.045971 0.004990 
-0.001116 0.113270 0.022623 -0.523479 -0.183966 0.005508 -0.309288 -0.184029 0.005459 -0.063740 -0.094749 0.022795 -0.131615 0.149981 0.004954 -0.523196 -0.045968 0.004989 
