0.863938 -0.503597 -0.000694 0.499828 0.866123 -0.001667 -0.519018 -0.854762 0.001682 -0.867002 0.498304 0.000704 
0.863998 -0.503496 0.000100 0.499728 0.866181 -0.001527 -0.518919 -0.854822 0.001525 -0.867061 0.498202 -0.000091 
0.863981 -0.503518 -0.002563 0.499751 0.866169 -0.000696 -0.518941 -0.854810 0.000753 -0.867044 0.498225 0.002567 
0.864048 -0.503406 -0.001961 0.499638 0.866234 -0.000548 -0.518830 -0.854877 0.000592 -0.867111 0.498111 0.001965 
0.864122 -0.503281 -0.000403 0.499513 0.866306 -0.001132 -0.518706 -0.854952 0.001141 -0.867184 0.497987 0.000410 
0.864159 -0.503219 -0.000899 0.499451 0.866341 0.001417 -0.518646 -0.854988 -0.001397 -0.867220 0.497924 0.000891 
0.864316 -0.502946 -0.001627 0.499180 0.866491 0.003703 -0.518378 -0.855144 -0.003667 -0.867376 0.497651 0.001605 
0.864397 -0.502803 -0.002730 0.499041 0.866570 0.003831 -0.518241 -0.855226 -0.003770 -0.867456 0.497507 0.002706 
0.864397 -0.502804 -0.002479 0.499040 0.866572 0.003494 -0.518240 -0.855228 -0.003438 -0.867456 0.497507 0.002457 
0.864417 -0.502768 -0.002576 0.499005 0.866589 0.004060 -0.518206 -0.855247 -0.004002 -0.867476 0.497472 0.002551 
0.864507 -0.502602 -0.004297 0.498850 0.866672 0.005380 -0.518052 -0.855333 -0.005283 -0.867565 0.497306 0.004264 
0.864508 -0.502604 -0.003924 0.498848 0.866675 0.004962 -0.518051 -0.855336 -0.004873 -0.867566 0.497307 0.003893 
0.864508 -0.502606 -0.003597 0.498848 0.866677 0.004605 -0.518050 -0.855338 -0.004524 -0.867566 0.497309 0.003569 
0.864504 -0.502606 -0.004504 0.498853 0.866674 0.004579 -0.518056 -0.855335 -0.004478 -0.867562 0.497309 0.004476 
0.864487 -0.502584 -0.008439 0.498861 0.866669 0.004754 -0.518063 -0.855330 -0.004565 -0.867545 0.497288 0.008410 
0.864432 -0.502533 -0.014748 0.498883 0.866650 0.005800 -0.518084 -0.855312 -0.005470 -0.867490 0.497236 0.014713 
0.864309 -0.502504 -0.021446 0.498978 0.866581 0.007709 -0.518176 -0.855244 -0.007230 -0.867367 0.497208 0.021399 
0.864212 -0.502357 -0.027834 0.498994 0.866549 0.009856 -0.518190 -0.855216 -0.009234 -0.867271 0.497061 0.027774 
0.864196 -0.502038 -0.033508 0.498854 0.866606 0.011748 -0.518050 -0.855280 -0.010999 -0.867254 0.496742 0.033436 
0.864231 -0.501604 -0.038716 0.498610 0.866723 0.013369 -0.517807 -0.855406 -0.012504 -0.867287 0.496307 0.038634 
0.864271 -0.501114 -0.043835 0.498326 0.866865 0.014733 -0.517523 -0.855559 -0.013753 -0.867325 0.495816 0.043745 
0.864315 -0.500567 -0.048902 0.497999 0.867033 0.015848 -0.517197 -0.855739 -0.014756 -0.867368 0.495268 0.048805 
0.864365 -0.499963 -0.053947 0.497625 0.867231 0.016725 -0.516825 -0.855950 -0.015519 -0.867416 0.494662 0.053845 
0.867918 -0.492817 -0.062050 0.490842 0.871073 0.017489 -0.510122 -0.859952 -0.016103 -0.870926 0.487494 0.061943 
0.869967 -0.488685 -0.065912 0.486756 0.873407 0.015112 -0.506083 -0.862377 -0.013640 -0.872951 0.483347 0.065820 
0.870699 -0.488119 -0.060181 0.485847 0.873944 0.013174 -0.505190 -0.862927 -0.011830 -0.873678 0.482778 0.060101 
0.872258 -0.485824 -0.056037 0.483303 0.875379 0.011413 -0.502680 -0.864413 -0.010162 -0.875221 0.480474 0.055968 
0.874066 -0.484275 -0.038548 0.481012 0.876693 0.006004 -0.500431 -0.865761 -0.005143 -0.877015 0.478916 0.038512 
0.858358 -0.511201 -0.043533 0.508213 0.861196 0.007818 -0.527277 -0.849666 -0.006846 -0.861473 0.505938 0.043486 
0.864373 -0.498558 -0.065568 0.496331 0.868089 0.008800 -0.515531 -0.856840 -0.007336 -0.867415 0.493253 0.065515 
0.877102 -0.476289 -0.061968 0.473404 0.880845 0.000683 -0.492892 -0.870090 0.000699 -0.880005 0.470906 0.061964 
0.883639 -0.467102 -0.031578 0.463510 0.886091 0.001127 -0.483144 -0.875541 -0.000423 -0.886481 0.461687 0.031571 
0.882410 -0.469902 -0.023350 0.466210 0.884673 0.001434 -0.485816 -0.874060 -0.000913 -0.885268 0.464495 0.023341 
0.892488 -0.449739 -0.034635 0.446179 0.894941 0.002153 -0.466013 -0.884777 -0.001380 -0.895224 0.444269 0.034623 
0.906675 -0.418389 -0.053769 0.415762 0.909332 0.016025 -0.435917 -0.899865 -0.014824 -0.909225 0.412830 0.053672 
0.892935 -0.445470 -0.064994 0.443595 0.895999 0.020244 -0.463440 -0.885929 -0.018791 -0.895655 0.439993 0.064870 
0.870392 -0.489168 -0.055976 0.486052 0.873928 -0.001541 -0.505388 -0.862888 0.002789 -0.873371 0.483826 0.055985 
0.872996 -0.486108 -0.039718 0.482656 0.875810 -0.000670 -0.502050 -0.864837 0.001555 -0.875954 0.480755 0.039723 
0.859560 -0.508999 -0.045573 0.505529 0.862789 -0.005950 -0.524620 -0.851308 0.006965 -0.862659 0.503726 0.045610 
0.831584 -0.553883 -0.041010 0.550617 0.834753 -0.002820 -0.569077 -0.822275 0.003734 -0.834959 0.548781 0.041027 
0.835407 -0.548993 -0.026491 0.545589 0.838049 0.002329 -0.564136 -0.825680 -0.001738 -0.838751 0.543871 0.026477 
0.823517 -0.564361 -0.057587 0.561833 0.827245 0.002933 -0.580112 -0.814535 -0.001648 -0.826960 0.559306 0.057569 
0.817567 -0.565815 -0.106947 0.565717 0.824595 0.002792 -0.583863 -0.811852 -0.000407 -0.821033 0.560776 0.106931 
0.815333 -0.568719 -0.108587 0.568387 0.822760 -0.001280 -0.586483 -0.809953 0.003701 -0.818816 0.563691 0.108595 
0.316776 0.948499 -0.001414 -0.570470 -0.821311 -0.003459 -0.832152 0.548358 0.082621 -0.705834 0.687974 -0.168791 0.908213 -0.304750 0.286837 0.669475 -0.742560 0.020201 
0.380294 0.924618 0.021392 -0.593570 -0.804781 0.001804 -0.815996 0.572131 0.082565 -0.722892 0.678329 -0.131517 0.884077 -0.372066 0.282798 0.691203 -0.722635 -0.006016 
0.392458 0.919486 0.022863 -0.596905 -0.802307 0.002889 -0.810190 0.573222 0.122512 -0.729527 0.676540 -0.100419 0.884879 -0.386083 0.260632 0.696789 -0.716408 -0.035283 
0.378248 0.925700 0.002655 -0.595833 -0.803103 0.002808 -0.803386 0.566723 0.182748 -0.734449 0.675909 -0.061088 0.910590 -0.374478 0.174908 0.693385 -0.718134 -0.059164 
0.362741 0.931868 0.006384 -0.592550 -0.805533 0.001290 -0.802494 0.560773 0.203805 -0.736961 0.674792 -0.039289 0.925209 -0.362800 0.111195 0.691259 -0.719384 -0.068173 
0.351785 0.936041 0.008702 -0.589149 -0.808024 0.000242 -0.806779 0.558523 0.192767 -0.735923 0.676616 -0.024661 0.933153 -0.353202 0.066880 0.687127 -0.723453 -0.066876 
0.338590 0.940915 0.006046 -0.584610 -0.811314 -0.000045 -0.813301 0.556376 0.170257 -0.733258 0.679890 -0.009090 0.940015 -0.340292 0.023931 0.681267 -0.729466 -0.061278 
0.328237 0.944594 0.001479 -0.579382 -0.815056 -0.000349 -0.819925 0.553260 0.147055 -0.727305 0.686314 0.001018 0.944016 -0.329900 0.000175 0.673143 -0.737459 -0.055071 
0.327172 0.944965 0.000191 -0.584181 -0.811623 0.000703 -0.818847 0.559846 0.126736 -0.717953 0.696091 0.001024 0.944387 -0.328835 -0.000003 0.660947 -0.748835 -0.048937 
0.328053 0.944659 0.000640 -0.591467 -0.806326 0.002356 -0.814646 0.568073 0.116813 -0.710101 0.704099 0.000676 0.944080 -0.329715 -0.000311 0.650442 -0.758167 -0.045913 
0.328126 0.944634 0.000733 -0.594360 -0.804188 0.004307 -0.812378 0.571125 0.117716 -0.707619 0.706594 0.000462 0.944054 -0.329790 -0.000033 0.646879 -0.761156 -0.046778 
0.328740 0.944420 -0.000527 -0.594944 -0.803727 0.008051 -0.811815 0.572164 0.116553 -0.707467 0.706746 0.000404 0.943840 -0.330403 0.000435 0.646563 -0.761409 -0.047037 
0.329247 0.944241 -0.002359 -0.594190 -0.804237 0.011833 -0.812486 0.572023 0.112499 -0.707290 0.706923 0.000811 0.943661 -0.330912 -0.001049 0.646663 -0.761402 -0.045756 
0.329651 0.944099 -0.002624 -0.592983 -0.805093 0.014058 -0.813576 0.571241 0.108524 -0.707273 0.706941 0.000768 0.943518 -0.331317 -0.001602 0.647081 -0.761123 -0.044480 
0.332534 0.943078 -0.004996 -0.592592 -0.805366 0.014809 -0.814209 0.571142 0.104214 -0.707315 0.706898 0.000880 0.942500 -0.334205 -0.001218 0.647971 -0.760472 -0.042609 
0.332525 0.943069 -0.006955 -0.592183 -0.805663 0.015013 -0.815025 0.571032 0.098266 -0.707332 0.706881 0.000794 0.942500 -0.334203 -0.001473 0.648250 -0.760391 -0.039724 
0.332512 0.943041 -0.010421 -0.592176 -0.805672 0.014860 -0.815640 0.571322 0.091224 -0.707361 0.706852 0.000710 0.942499 -0.334204 -0.001439 0.648458 -0.760395 -0.036068 
0.332494 0.942993 -0.014559 -0.591743 -0.805981 0.015327 -0.816545 0.571232 0.083361 -0.707391 0.706822 0.000630 0.942499 -0.334207 -0.001287 0.648780 -0.760297 -0.032139 
0.332346 0.942972 -0.018697 -0.591073 -0.806461 0.015920 -0.817552 0.570862 0.075664 -0.707420 0.706794 0.000554 0.942542 -0.334084 -0.001151 0.649133 -0.760149 -0.028302 
0.330912 0.943380 -0.023065 -0.589233 -0.807790 0.016723 -0.819285 0.569256 0.068697 -0.707435 0.706778 0.000486 0.943037 -0.332686 -0.001131 0.649582 -0.759890 -0.024701 
0.327697 0.944383 -0.027498 -0.586289 -0.809921 0.017131 -0.821639 0.566417 0.063885 -0.707467 0.706746 0.000417 0.944141 -0.329535 -0.001968 0.650058 -0.759581 -0.021478 
0.324284 0.945433 -0.031582 -0.583175 -0.812160 0.017407 -0.823942 0.563328 0.061500 -0.707463 0.706751 0.000368 0.945295 -0.326202 -0.003086 0.650485 -0.759277 -0.019150 
0.320581 0.946576 -0.034962 -0.579602 -0.814721 0.017058 -0.826497 0.559709 0.060235 -0.707464 0.706749 0.000322 0.946538 -0.322570 -0.003823 0.650990 -0.758886 -0.017422 
0.317320 0.947598 -0.036951 -0.576839 -0.816695 0.016297 -0.828468 0.556879 0.059388 -0.707483 0.706730 0.000274 0.947629 -0.319348 -0.004073 0.651328 -0.758621 -0.016279 
0.315624 0.948142 -0.037526 -0.575585 -0.817594 0.015541 -0.829371 0.555570 0.059045 -0.707493 0.706720 0.000230 0.948199 -0.317654 -0.003883 0.651450 -0.758526 -0.015851 
0.314571 0.948510 -0.037076 -0.575016 -0.818016 0.014368 -0.829797 0.554924 0.059132 -0.707501 0.706712 0.000181 0.948561 -0.316576 -0.003377 0.651466 -0.758512 -0.015855 
0.313643 0.948862 -0.035907 -0.574609 -0.818331 0.012588 -0.830121 0.554401 0.059492 -0.707503 0.706710 0.000149 0.948886 -0.315607 -0.002627 0.651450 -0.758521 -0.016102 
0.313042 0.949128 -0.034075 -0.574364 -0.818535 0.010353 -0.830324 0.554006 0.060336 -0.707503 0.706710 0.000122 0.949106 -0.314953 -0.001740 0.651434 -0.758523 -0.016643 
0.313156 0.949181 -0.031440 -0.574507 -0.818462 0.007802 -0.830244 0.553969 0.061754 -0.707500 0.706713 0.000098 0.949089 -0.315007 -0.000806 0.651412 -0.758521 -0.017547 
0.313417 0.949194 -0.028300 -0.574802 -0.818259 0.007427 -0.829988 0.554209 0.063024 -0.707483 0.706730 0.000073 0.949017 -0.315225 -0.000362 0.651314 -0.758574 -0.018862 
0.313570 0.949235 -0.025043 -0.575282 -0.817924 0.007109 -0.829575 0.554624 0.064797 -0.707432 0.706781 0.000078 0.948976 -0.315349 -0.000322 0.651111 -0.758711 -0.020280 
0.313600 0.949311 -0.021550 -0.576059 -0.817385 0.006152 -0.828998 0.555307 0.066306 -0.707401 0.706812 0.000124 0.948975 -0.315351 -0.000298 0.650836 -0.758913 -0.021529 
0.313939 0.949275 -0.017868 -0.576691 -0.816951 0.004196 -0.828562 0.555785 0.067737 -0.707396 0.706817 0.000221 0.948871 -0.315665 -0.000234 0.650708 -0.758991 -0.022612 
0.313963 0.949332 -0.014038 -0.576759 -0.816911 0.002453 -0.828543 0.555724 0.068468 -0.707382 0.706831 0.000350 0.948870 -0.315669 -0.000218 0.650683 -0.758985 -0.023530 
0.313984 0.949373 -0.010244 -0.576764 -0.816907 0.002369 -0.828532 0.555719 0.068637 -0.707358 0.706856 0.000348 0.948868 -0.315674 -0.000202 0.650638 -0.758992 -0.024512 
0.313998 0.949402 -0.006412 -0.576770 -0.816904 0.002223 -0.828539 0.555720 0.068547 -0.707334 0.706879 0.000354 0.948867 -0.315677 -0.000191 0.650599 -0.758997 -0.025394 
0.314008 0.949417 -0.002601 -0.577055 -0.816704 0.001594 -0.828372 0.555975 0.068493 -0.707304 0.706909 0.000454 0.948865 -0.315681 -0.000183 0.650482 -0.759068 -0.026247 
0.314027 0.949414 0.000011 -0.577888 -0.816116 0.000326 -0.827838 0.556735 0.068771 -0.707262 0.706952 0.000550 0.948860 -0.315698 0.000001 0.650209 -0.759281 -0.026838 
0.314028 0.949414 0.000013 -0.578294 -0.815825 -0.002210 -0.827649 0.556998 0.068925 -0.707265 0.706948 0.001032 0.948859 -0.315699 0.000004 0.650141 -0.759344 -0.026710 
0.314030 0.949413 0.000028 -0.578326 -0.815803 -0.002312 -0.827615 0.557010 0.069227 -0.707264 0.706948 0.001039 0.948859 -0.315701 0.000009 0.650130 -0.759350 -0.026813 
0.314322 0.949315 0.001488 -0.578445 -0.815718 -0.002586 -0.827559 0.557128 0.068948 -0.707402 0.706811 0.000729 0.948760 -0.315995 0.001338 0.650285 -0.759202 -0.027226 
0.314636 0.949198 0.005266 -0.578575 -0.815624 -0.002935 -0.827519 0.557268 0.068293 -0.707878 0.706335 0.000115 0.948646 -0.316325 0.002929 0.650762 -0.758770 -0.027880 
0.315070 0.949055 0.005103 -0.578659 -0.815563 -0.003157 -0.827505 0.557369 0.067643 -0.707864 0.706348 -0.000017 0.948494 -0.316763 0.004466 0.650825 -0.758711 -0.027997 
0.315146 0.949031 0.004749 -0.578679 -0.815548 -0.003433 -0.827532 0.557398 0.067063 -0.707862 0.706351 0.000112 0.948471 -0.316836 0.004114 0.650846 -0.758708 -0.027602 
0.315574 0.948887 0.005176 -0.578776 -0.815478 -0.003714 -0.827499 0.557501 0.066612 -0.707892 0.706321 0.000004 0.948323 -0.317269 0.004878 0.650939 -0.758626 -0.027657 
0.315671 0.948853 0.005497 -0.578841 -0.815430 -0.004058 -0.827484 0.557563 0.066286 -0.707872 0.706341 -0.000030 0.948292 -0.317367 0.004481 0.650931 -0.758644 -0.027346 
0.315674 0.948850 0.005708 -0.578861 -0.815415 -0.004325 -0.827490 0.557576 0.066097 -0.707873 0.706339 -0.000041 0.948293 -0.317369 0.004088 0.650937 -0.758648 -0.027101 
0.315678 0.948849 0.005749 -0.578864 -0.815412 -0.004427 -0.827494 0.557576 0.066048 -0.707875 0.706338 -0.000042 0.948294 -0.317372 0.003730 0.650942 -0.758649 -0.026929 
0.315687 0.948847 0.005490 -0.578853 -0.815421 -0.004195 -0.827491 0.557575 0.066103 -0.707875 0.706338 -0.000036 0.948293 -0.317378 0.003406 0.650944 -0.758651 -0.026826 
0.315691 0.948849 0.005002 -0.578849 -0.815426 -0.003871 -0.827475 0.557581 0.066249 -0.707877 0.706335 0.000014 0.948294 -0.317378 0.003090 0.650942 -0.758656 -0.026765 
0.315894 0.948783 0.004678 -0.578853 -0.815423 -0.003782 -0.827450 0.557576 0.066597 -0.707916 0.706296 0.000001 0.948221 -0.317584 0.004300 0.651014 -0.758575 -0.027285 
0.315900 0.948783 0.004205 -0.578894 -0.815395 -0.003501 -0.827391 0.557616 0.067001 -0.707916 0.706296 0.000074 0.948222 -0.317586 0.003870 0.650995 -0.758591 -0.027292 
0.315905 0.948783 0.003728 -0.578930 -0.815371 -0.003151 -0.827340 0.557660 0.067261 -0.707917 0.706296 0.000127 0.948223 -0.317588 0.003459 0.650978 -0.758608 -0.027251 
0.315909 0.948784 0.003182 -0.578976 -0.815340 -0.002816 -0.827282 0.557713 0.067534 -0.707917 0.706295 0.000208 0.948224 -0.317589 0.003016 0.650958 -0.758626 -0.027205 
0.316020 0.948749 0.002650 -0.579030 -0.815303 -0.002426 -0.827213 0.557776 0.067855 -0.707921 0.706292 0.000267 0.948189 -0.317697 0.002623 0.650957 -0.758627 -0.027195 
0.316023 0.948749 0.002017 -0.579070 -0.815276 -0.001990 -0.827153 0.557828 0.068159 -0.707921 0.706291 0.000354 0.948190 -0.317698 0.002148 0.650936 -0.758646 -0.027158 
0.316399 0.948626 0.000233 -0.579030 -0.815305 -0.001183 -0.827128 0.557817 0.068547 -0.707886 0.706327 0.000466 0.948062 -0.318067 0.003470 0.650969 -0.758600 -0.027663 
0.316476 0.948600 0.000314 -0.579074 -0.815275 -0.000547 -0.827036 0.557870 0.069222 -0.707903 0.706309 0.000513 0.948037 -0.318146 0.003161 0.650968 -0.758588 -0.028018 
0.316500 0.948592 0.000301 -0.579095 -0.815260 -0.000213 -0.826979 0.557889 0.069750 -0.707910 0.706302 0.000508 0.948030 -0.318170 0.002679 0.650963 -0.758589 -0.028109 
0.316547 0.948577 -0.000047 -0.579099 -0.815257 -0.000226 -0.826952 0.557875 0.070192 -0.707888 0.706325 0.000548 0.948015 -0.318216 0.002609 0.650948 -0.758598 -0.028197 
0.316862 0.948472 -0.000200 -0.579113 -0.815247 -0.000212 -0.826913 0.557868 0.070699 -0.707920 0.706292 0.000520 0.947906 -0.318529 0.003666 0.651029 -0.758509 -0.028731 
0.317042 0.948411 -0.000720 -0.579134 -0.815232 -0.000203 -0.826861 0.557865 0.071327 -0.707893 0.706320 0.000605 0.947846 -0.318707 0.003597 0.651028 -0.758504 -0.028892 
0.317118 0.948386 -0.000956 -0.579142 -0.815227 -0.000158 -0.826827 0.557856 0.071785 -0.707863 0.706349 0.000703 0.947823 -0.318784 0.003001 0.651008 -0.758521 -0.028881 
0.317119 0.948385 -0.000891 -0.579148 -0.815223 -0.000129 -0.826806 0.557852 0.072069 -0.707863 0.706350 0.000686 0.947823 -0.318786 0.002711 0.651004 -0.758524 -0.028886 
0.317367 0.948300 -0.002281 -0.579099 -0.815257 -0.000129 -0.826815 0.557784 0.072482 -0.707801 0.706412 0.000697 0.947738 -0.319027 0.003928 0.651011 -0.758508 -0.029171 
0.317458 0.948268 -0.002769 -0.579110 -0.815250 -0.000034 -0.826769 0.557778 0.073052 -0.707775 0.706438 0.000677 0.947707 -0.319114 0.004299 0.650996 -0.758511 -0.029412 
0.317458 0.948269 -0.002512 -0.579119 -0.815243 0.000063 -0.826723 0.557767 0.073655 -0.707773 0.706440 0.000661 0.947708 -0.319116 0.003876 0.650983 -0.758517 -0.029552 
0.317580 0.948226 -0.003192 -0.579128 -0.815237 0.000161 -0.826678 0.557757 0.074228 -0.707692 0.706520 0.000765 0.947667 -0.319237 0.003803 0.650924 -0.758562 -0.029691 
0.317670 0.948195 -0.003539 -0.579133 -0.815233 0.000248 -0.826637 0.557745 0.074781 -0.707666 0.706546 0.000803 0.947637 -0.319327 0.003826 0.650912 -0.758565 -0.029878 
0.317737 0.948172 -0.003726 -0.579143 -0.815226 0.000327 -0.826599 0.557739 0.075245 -0.707652 0.706561 0.000770 0.947615 -0.319391 0.004001 0.650904 -0.758565 -0.030063 
0.317828 0.948140 -0.003971 -0.579151 -0.815220 0.000417 -0.826563 0.557735 0.075660 -0.707628 0.706585 0.000737 0.947583 -0.319480 0.004254 0.650893 -0.758566 -0.030247 
0.317852 0.948133 -0.003676 -0.579161 -0.815213 0.000485 -0.826530 0.557733 0.076043 -0.707619 0.706594 0.000722 0.947576 -0.319507 0.003838 0.650883 -0.758573 -0.030309 
0.317908 0.948115 -0.003514 -0.579173 -0.815204 0.000523 -0.826501 0.557735 0.076343 -0.707620 0.706593 0.000696 0.947557 -0.319565 0.003715 0.650890 -0.758563 -0.030401 
0.318003 0.948081 -0.004117 -0.579186 -0.815195 0.000536 -0.826476 0.557738 0.076582 -0.707593 0.706620 0.000679 0.947524 -0.319655 0.004368 0.650882 -0.758563 -0.030576 
0.318049 0.948066 -0.003966 -0.579202 -0.815184 0.000522 -0.826450 0.557740 0.076856 -0.707586 0.706627 0.000670 0.947509 -0.319702 0.004192 0.650880 -0.758562 -0.030637 
0.318048 0.948068 -0.003602 -0.579217 -0.815173 0.000509 -0.826422 0.557743 0.077136 -0.707585 0.706628 0.000662 0.947510 -0.319704 0.003782 0.650872 -0.758567 -0.030667 
0.318048 0.948069 -0.003273 -0.579233 -0.815162 0.000473 -0.826395 0.557744 0.077412 -0.707583 0.706630 0.000657 0.947510 -0.319706 0.003414 0.650865 -0.758572 -0.030699 
0.318093 0.948054 -0.003180 -0.579249 -0.815151 0.000459 -0.826365 0.557745 0.077727 -0.707564 0.706649 0.000727 0.947496 -0.319754 0.002898 0.650850 -0.758585 -0.030705 
0.318141 0.948039 -0.002947 -0.579261 -0.815142 0.000439 -0.826341 0.557744 0.077990 -0.707567 0.706646 0.000713 0.947480 -0.319802 0.002960 0.650857 -0.758573 -0.030867 
0.318141 0.948040 -0.002690 -0.579277 -0.815131 0.000430 -0.826312 0.557747 0.078269 -0.707566 0.706647 0.000699 0.947480 -0.319803 0.002681 0.650849 -0.758578 -0.030915 
0.318321 0.947975 -0.003890 -0.579290 -0.815122 0.000400 -0.826288 0.557747 0.078520 -0.707507 0.706706 0.000715 0.947418 -0.319976 0.003841 0.650829 -0.758585 -0.031157 
0.318387 0.947953 -0.003743 -0.579310 -0.815107 0.000370 -0.826263 0.557757 0.078725 -0.707499 0.706714 0.000754 0.947396 -0.320044 0.003477 0.650830 -0.758584 -0.031160 
0.318448 0.947933 -0.003780 -0.579325 -0.815097 0.000377 -0.826233 0.557758 0.079022 -0.707464 0.706749 0.000860 0.947377 -0.320107 0.002834 0.650803 -0.758609 -0.031116 
0.318483 0.947922 -0.003409 -0.579335 -0.815089 0.000364 -0.826212 0.557758 0.079244 -0.707473 0.706739 0.000812 0.947365 -0.320143 0.002942 0.650815 -0.758592 -0.031285 
0.318485 0.947923 -0.003105 -0.579349 -0.815080 0.000354 -0.826187 0.557759 0.079502 -0.707473 0.706740 0.000789 0.947365 -0.320146 0.002668 0.650809 -0.758595 -0.031330 
0.318552 0.947899 -0.003479 -0.579362 -0.815070 0.000355 -0.826165 0.557765 0.079683 -0.707448 0.706765 0.000766 0.947341 -0.320211 0.003119 0.650795 -0.758602 -0.031456 
0.318552 0.947900 -0.003165 -0.579378 -0.815059 0.000360 -0.826140 0.557771 0.079898 -0.707446 0.706767 0.000749 0.947341 -0.320213 0.002818 0.650787 -0.758607 -0.031486 
0.318803 0.947812 -0.004244 -0.579402 -0.815042 0.000347 -0.826116 0.557790 0.080018 -0.707355 0.706858 0.000756 0.947255 -0.320455 0.004071 0.650747 -0.758631 -0.031739 
0.318847 0.947799 -0.003812 -0.579414 -0.815033 0.000351 -0.826092 0.557791 0.080262 -0.707373 0.706840 0.000814 0.947241 -0.320504 0.003381 0.650765 -0.758616 -0.031730 
0.318964 0.947754 -0.004919 -0.579432 -0.815021 0.000347 -0.826070 0.557802 0.080404 -0.707304 0.706909 0.000800 0.947200 -0.320612 0.004599 0.650722 -0.758643 -0.031955 
0.318963 0.947757 -0.004456 -0.579451 -0.815007 0.000363 -0.826049 0.557816 0.080528 -0.707302 0.706911 0.000779 0.947201 -0.320614 0.004150 0.650715 -0.758651 -0.031931 
0.319002 0.947745 -0.004068 -0.579546 -0.814939 -0.000919 -0.826003 0.557799 0.081114 -0.707174 0.707039 0.000876 0.947187 -0.320655 0.004053 0.650603 -0.758744 -0.031982 
0.319002 0.947747 -0.003700 -0.579568 -0.814923 -0.000835 -0.825976 0.557822 0.081229 -0.707171 0.707042 0.000855 0.947188 -0.320658 0.003661 0.650593 -0.758754 -0.031969 
0.319027 0.947740 -0.003422 -0.579585 -0.814911 -0.000737 -0.825949 0.557838 0.081392 -0.707164 0.707049 0.000859 0.947180 -0.320685 0.003244 0.650584 -0.758762 -0.031967 
0.319082 0.947721 -0.003555 -0.579599 -0.814901 -0.000657 -0.825923 0.557848 0.081588 -0.707147 0.707066 0.000837 0.947162 -0.320738 0.003401 0.650572 -0.758767 -0.032066 
0.319136 0.947702 -0.003702 -0.579615 -0.814890 -0.000572 -0.825895 0.557860 0.081787 -0.707129 0.707084 0.000816 0.947143 -0.320792 0.003573 0.650560 -0.758773 -0.032170 
0.319261 0.947661 -0.003348 -0.579630 -0.814880 -0.000474 -0.825868 0.557871 0.081994 -0.707129 0.707084 0.000779 0.947101 -0.320919 0.003306 0.650576 -0.758757 -0.032224 
0.319463 0.947593 -0.003445 -0.579642 -0.814871 -0.000385 -0.825838 0.557879 0.082234 -0.707084 0.707129 0.000781 0.947033 -0.321120 0.003228 0.650564 -0.758765 -0.032284 
0.319464 0.947593 -0.003135 -0.579653 -0.814863 -0.000306 -0.825806 0.557880 0.082551 -0.707081 0.707132 0.000765 0.947033 -0.321124 0.002914 0.650554 -0.758770 -0.032366 
0.319526 0.947572 -0.003148 -0.579678 -0.814846 -0.000198 -0.825770 0.557902 0.082762 -0.707123 0.707090 0.000632 0.947010 -0.321181 0.003965 0.650595 -0.758719 -0.032744 
0.319554 0.947563 -0.002999 -0.579690 -0.814837 -0.000155 -0.825740 0.557904 0.083045 -0.707111 0.707102 0.000685 0.947001 -0.321212 0.003458 0.650583 -0.758729 -0.032754 
0.319647 0.947530 -0.003490 -0.579705 -0.814827 -0.000108 -0.825708 0.557908 0.083339 -0.707078 0.707135 0.000760 0.946969 -0.321304 0.003605 0.650565 -0.758738 -0.032876 
0.319718 0.947506 -0.003620 -0.579715 -0.814819 -0.000046 -0.825669 0.557902 0.083762 -0.707033 0.707180 0.000887 0.946947 -0.321377 0.002905 0.650529 -0.758770 -0.032868 
0.319830 0.947466 -0.004143 -0.579720 -0.814816 0.000033 -0.825637 0.557894 0.084134 -0.706976 0.707237 0.000926 0.946909 -0.321487 0.003091 0.650495 -0.758793 -0.033002 
0.319833 0.947466 -0.003776 -0.579728 -0.814810 0.000107 -0.825605 0.557891 0.084466 -0.706973 0.707240 0.000891 0.946908 -0.321492 0.002801 0.650485 -0.758798 -0.033095 
0.319907 0.947441 -0.003888 -0.579754 -0.814792 0.000193 -0.825567 0.557912 0.084692 -0.706995 0.707218 0.000786 0.946881 -0.321562 0.003765 0.650511 -0.758760 -0.033441 
0.319945 0.947430 -0.003488 -0.579832 -0.814736 -0.000897 -0.825531 0.557890 0.085190 -0.706899 0.707314 0.000825 0.946868 -0.321599 0.003945 0.650430 -0.758824 -0.033563 
0.320042 0.947394 -0.004241 -0.579852 -0.814722 -0.000820 -0.825505 0.557909 0.085313 -0.706871 0.707342 0.000807 0.946833 -0.321691 0.004716 0.650420 -0.758827 -0.033714 
0.320042 0.947396 -0.003860 -0.579873 -0.814706 -0.000747 -0.825481 0.557932 0.085403 -0.706869 0.707344 0.000797 0.946834 -0.321693 0.004258 0.650410 -0.758836 -0.033676 
0.320041 0.947397 -0.003514 -0.579896 -0.814690 -0.000654 -0.825452 0.557955 0.085529 -0.706867 0.707346 0.000786 0.946835 -0.321696 0.003842 0.650399 -0.758846 -0.033663 
0.320206 0.947337 -0.004653 -0.579914 -0.814678 -0.000543 -0.825421 0.557972 0.085718 -0.706814 0.707399 0.000826 0.946778 -0.321853 0.004709 0.650377 -0.758857 -0.033842 
0.320205 0.947339 -0.004233 -0.579933 -0.814664 -0.000457 -0.825396 0.557991 0.085834 -0.706811 0.707402 0.000809 0.946779 -0.321855 0.004253 0.650367 -0.758867 -0.033820 
0.320204 0.947341 -0.003858 -0.579954 -0.814649 -0.000379 -0.825364 0.558007 0.086036 -0.706809 0.707404 0.000793 0.946780 -0.321858 0.003844 0.650355 -0.758876 -0.033837 
0.320281 0.947311 -0.004804 -0.579971 -0.814637 -0.000282 -0.825326 0.558017 0.086341 -0.706661 0.707552 0.000999 0.946756 -0.321935 0.003218 0.650229 -0.758991 -0.033689 
0.320395 0.947272 -0.004843 -0.579986 -0.814626 -0.000213 -0.825303 0.558031 0.086465 -0.706742 0.707471 0.000858 0.946715 -0.322043 0.004369 0.650319 -0.758898 -0.034051 
0.320395 0.947274 -0.004408 -0.580003 -0.814614 -0.000138 -0.825274 0.558043 0.086668 -0.706739 0.707474 0.000838 0.946716 -0.322046 0.003947 0.650308 -0.758906 -0.034074 
0.320395 0.947276 -0.004005 -0.580020 -0.814602 -0.000048 -0.825241 0.558054 0.086909 -0.706738 0.707475 0.000816 0.946716 -0.322049 0.003569 0.650298 -0.758913 -0.034122 
0.320795 0.947129 -0.006091 -0.580038 -0.814589 0.000045 -0.825208 0.558068 0.087124 -0.706654 0.707559 0.000892 0.946577 -0.322432 0.005366 0.650293 -0.758902 -0.034455 
0.320795 0.947133 -0.005529 -0.580050 -0.814581 0.000090 -0.825186 0.558075 0.087298 -0.706651 0.707561 0.000870 0.946578 -0.322437 0.004850 0.650286 -0.758908 -0.034454 
0.320882 0.947098 -0.006368 -0.580065 -0.814570 0.000135 -0.825154 0.558079 0.087571 -0.706599 0.707614 0.000858 0.946547 -0.322515 0.005788 0.650249 -0.758928 -0.034703 
0.320880 0.947102 -0.005787 -0.580084 -0.814556 0.000196 -0.825126 0.558095 0.087728 -0.706596 0.707617 0.000836 0.946548 -0.322519 0.005235 0.650239 -0.758938 -0.034689 
0.320916 0.947092 -0.005471 -0.580104 -0.814542 0.000250 -0.825093 0.558108 0.087962 -0.706589 0.707624 0.000813 0.946537 -0.322558 0.004966 0.650232 -0.758941 -0.034744 
0.320914 0.947095 -0.004986 -0.580123 -0.814529 0.000313 -0.825059 0.558118 0.088216 -0.706586 0.707627 0.000792 0.946538 -0.322561 0.004495 0.650220 -0.758950 -0.034777 
0.320913 0.947098 -0.004536 -0.580142 -0.814515 0.000374 -0.825027 0.558131 0.088429 -0.706584 0.707629 0.000773 0.946539 -0.322563 0.004065 0.650209 -0.758958 -0.034802 
0.321014 0.947060 -0.005180 -0.580160 -0.814503 0.000297 -0.824984 0.558118 0.088918 -0.706533 0.707680 0.000705 0.946504 -0.322659 0.004748 0.650178 -0.758975 -0.035003 
0.321130 0.947018 -0.005771 -0.580236 -0.814448 -0.000602 -0.824943 0.558106 0.089367 -0.706405 0.707807 0.000774 0.946463 -0.322768 0.005437 0.650084 -0.759050 -0.035127 
0.321128 0.947021 -0.005244 -0.580260 -0.814431 -0.000536 -0.824916 0.558130 0.089471 -0.706402 0.707810 0.000767 0.946464 -0.322771 0.004915 0.650073 -0.759061 -0.035106 
0.321304 0.946956 -0.006212 -0.580290 -0.814410 -0.000459 -0.824882 0.558159 0.089601 -0.706364 0.707848 0.000750 0.946402 -0.322936 0.006007 0.650064 -0.759058 -0.035329 
0.321320 0.946953 -0.005718 -0.580313 -0.814393 -0.000387 -0.824852 0.558180 0.089744 -0.706358 0.707854 0.000780 0.946398 -0.322959 0.005346 0.650054 -0.759068 -0.035297 
0.321318 0.946957 -0.005203 -0.580336 -0.814377 -0.000297 -0.824819 0.558200 0.089920 -0.706355 0.707857 0.000767 0.946399 -0.322962 0.004837 0.650041 -0.759079 -0.035307 
0.321392 0.946931 -0.005399 -0.580356 -0.814363 -0.000199 -0.824782 0.558215 0.090166 -0.706330 0.707882 0.000799 0.946375 -0.323035 0.004847 0.650023 -0.759089 -0.035405 
0.321425 0.946916 -0.005972 -0.580375 -0.814350 -0.000114 -0.824755 0.558232 0.090314 -0.706266 0.707946 0.000844 0.946363 -0.323065 0.005086 0.649966 -0.759135 -0.035468 
0.321424 0.946920 -0.005441 -0.580394 -0.814336 -0.000052 -0.824722 0.558246 0.090529 -0.706263 0.707949 0.000824 0.946364 -0.323069 0.004608 0.649954 -0.759144 -0.035494 
0.321423 0.946923 -0.004958 -0.580415 -0.814321 0.000020 -0.824687 0.558259 0.090766 -0.706260 0.707952 0.000806 0.946366 -0.323071 0.004172 0.649941 -0.759153 -0.035538 
0.321597 0.946859 -0.005852 -0.580445 -0.814300 0.000199 -0.824637 0.558289 0.091033 -0.706227 0.707985 0.000797 0.946305 -0.323237 0.005014 0.649931 -0.759151 -0.035770 
0.321596 0.946862 -0.005333 -0.580464 -0.814286 0.000263 -0.824611 0.558306 0.091159 -0.706224 0.707988 0.000781 0.946306 -0.323241 0.004540 0.649920 -0.759160 -0.035765 
0.321594 0.946865 -0.004857 -0.580483 -0.814272 0.000321 -0.824579 0.558319 0.091379 -0.706221 0.707991 0.000766 0.946307 -0.323243 0.004108 0.649909 -0.759169 -0.035802 
0.321646 0.946848 -0.004728 -0.580501 -0.814259 0.000384 -0.824545 0.558330 0.091613 -0.706195 0.708017 0.000844 0.946290 -0.323299 0.003494 0.649886 -0.759189 -0.035775 
0.321644 0.946841 -0.006150 -0.580515 -0.814250 0.000448 -0.824511 0.558332 0.091907 -0.706076 0.708136 0.000927 0.946290 -0.323288 0.004403 0.649772 -0.759278 -0.035964 
0.321960 0.946730 -0.006629 -0.580579 -0.814204 -0.000290 -0.824475 0.558320 0.092297 -0.705995 0.708216 0.000951 0.946180 -0.323595 0.005375 0.649757 -0.759279 -0.036199 
0.322136 0.946671 -0.006557 -0.580599 -0.814189 -0.000236 -0.824444 0.558335 0.092490 -0.705974 0.708237 0.000934 0.946120 -0.323772 0.005317 0.649765 -0.759270 -0.036262 
0.322272 0.946626 -0.006273 -0.580625 -0.814171 -0.000179 -0.824410 0.558355 0.092670 -0.706006 0.708206 0.000866 0.946072 -0.323905 0.005764 0.649811 -0.759218 -0.036518 
0.322424 0.946572 -0.006691 -0.580642 -0.814159 -0.000111 -0.824380 0.558367 0.092861 -0.705970 0.708241 0.000834 0.946019 -0.324051 0.006289 0.649808 -0.759214 -0.036666 
0.322541 0.946526 -0.007497 -0.580668 -0.814140 -0.000036 -0.824349 0.558392 0.092989 -0.705924 0.708288 0.000830 0.945976 -0.324157 0.007171 0.649781 -0.759227 -0.036858 
0.322537 0.946532 -0.006815 -0.580691 -0.814124 0.000047 -0.824318 0.558415 0.093129 -0.705920 0.708291 0.000813 0.945979 -0.324162 0.006487 0.649769 -0.759239 -0.036823 
0.322630 0.946497 -0.007309 -0.580714 -0.814108 0.000137 -0.824290 0.558439 0.093233 -0.705892 0.708319 0.000789 0.945946 -0.324248 0.007073 0.649755 -0.759244 -0.036957 
0.322698 0.946473 -0.007360 -0.580734 -0.814093 0.000232 -0.824264 0.558461 0.093330 -0.705876 0.708335 0.000767 0.945922 -0.324315 0.007187 0.649749 -0.759247 -0.037023 
0.322800 0.946443 -0.006834 -0.580756 -0.814078 0.000307 -0.824233 0.558480 0.093485 -0.705859 0.708352 0.000830 0.945890 -0.324425 0.006340 0.649745 -0.759253 -0.036964 
0.322800 0.946447 -0.006221 -0.580777 -0.814063 0.000376 -0.824199 0.558496 0.093697 -0.705856 0.708355 0.000809 0.945891 -0.324433 0.005742 0.649733 -0.759263 -0.036965 
0.322890 0.946409 -0.007181 -0.580802 -0.814045 0.000454 -0.824161 0.558516 0.093905 -0.705835 0.708376 0.000830 0.945858 -0.324511 0.006700 0.649727 -0.759257 -0.037201 
0.322993 0.946374 -0.007182 -0.580829 -0.814025 0.000500 -0.824124 0.558536 0.094119 -0.705822 0.708389 0.000807 0.945822 -0.324614 0.006778 0.649726 -0.759253 -0.037298 
0.323056 0.946357 -0.006623 -0.580854 -0.814007 0.000541 -0.824085 0.558551 0.094359 -0.705827 0.708383 0.000772 0.945800 -0.324681 0.006680 0.649733 -0.759239 -0.037464 
0.323156 0.946322 -0.006661 -0.580877 -0.813991 0.000565 -0.824055 0.558567 0.094528 -0.705814 0.708396 0.000737 0.945766 -0.324778 0.006811 0.649735 -0.759234 -0.037539 
0.323213 0.946301 -0.006930 -0.580901 -0.813974 0.000600 -0.824022 0.558584 0.094720 -0.705786 0.708424 0.000744 0.945745 -0.324833 0.007060 0.649713 -0.759247 -0.037651 
0.323241 0.946295 -0.006473 -0.580924 -0.813957 0.000644 -0.823984 0.558596 0.094977 -0.705772 0.708439 0.000799 0.945738 -0.324869 0.006237 0.649697 -0.759263 -0.037608 
0.323323 0.946264 -0.006809 -0.580947 -0.813941 0.000693 -0.823952 0.558613 0.095153 -0.705738 0.708472 0.000778 0.945709 -0.324947 0.006631 0.649675 -0.759276 -0.037729 
