-0.000635 -0.000359 1.000000 0.002208 -0.003947 0.999990 0.002287 -0.003883 0.999990 -0.000613 -0.000341 1.000000 
-0.002263 -0.001278 0.999997 0.001245 -0.002227 0.999997 0.001265 -0.002148 0.999997 -0.002257 -0.001257 0.999997 
-0.002245 -0.001268 0.999997 0.001114 -0.001993 0.999997 0.001129 -0.001918 0.999998 -0.002241 -0.001248 0.999997 
-0.002045 -0.001155 0.999997 0.001190 -0.002128 0.999997 0.001210 -0.002055 0.999997 -0.002039 -0.001135 0.999997 
-0.001058 -0.000598 0.999999 0.001228 -0.002197 0.999997 0.001263 -0.002145 0.999997 -0.001048 -0.000584 0.999999 
-0.000790 -0.000446 1.000000 0.000984 -0.001759 0.999998 0.001012 -0.001719 0.999998 -0.000782 -0.000436 1.000000 
-0.000733 -0.000414 1.000000 0.001110 -0.001986 0.999997 0.001145 -0.001944 0.999997 -0.000724 -0.000403 1.000000 
-0.000255 -0.000144 1.000000 0.001136 -0.002031 0.999997 0.001178 -0.002000 0.999997 -0.000243 -0.000135 1.000000 
0.000278 0.000157 1.000000 0.000698 -0.001249 0.999999 0.000729 -0.001239 0.999999 0.000286 0.000160 1.000000 
-0.000263 -0.000148 1.000000 -0.000480 0.000860 1.000000 -0.000503 0.000854 1.000000 -0.000269 -0.000149 1.000000 
-0.000264 -0.000149 1.000000 -0.000810 0.001450 0.999999 -0.000845 0.001437 0.999999 -0.000274 -0.000152 1.000000 
-0.000993 -0.000560 0.999999 -0.001017 0.001823 0.999998 -0.001071 0.001821 0.999998 -0.001007 -0.000560 0.999999 
-0.000932 -0.000525 0.999999 -0.001113 0.001994 0.999997 -0.001169 0.001989 0.999997 -0.000947 -0.000526 0.999999 
0.000368 0.000208 1.000000 -0.002362 0.004235 0.999988 -0.002451 0.004172 0.999988 0.000344 0.000191 1.000000 
-0.003624 -0.002041 0.999991 -0.005604 0.010055 0.999934 -0.005873 0.010006 0.999933 -0.003698 -0.002053 0.999991 
-0.003303 -0.001860 0.999993 -0.005683 0.010196 0.999932 -0.005951 0.010138 0.999931 -0.003377 -0.001874 0.999993 
-0.003003 -0.001691 0.999994 -0.006791 0.012185 0.999903 -0.007099 0.012094 0.999902 -0.003087 -0.001714 0.999994 
-0.002735 -0.001541 0.999995 -0.008256 0.014811 0.999856 -0.008618 0.014682 0.999855 -0.002836 -0.001574 0.999995 
-0.002503 -0.001409 0.999996 -0.009691 0.017386 0.999802 -0.010107 0.017218 0.999801 -0.002618 -0.001453 0.999996 
-0.002294 -0.001292 0.999997 -0.011012 0.019757 0.999744 -0.011478 0.019554 0.999743 -0.002423 -0.001345 0.999996 
-0.002106 -0.001186 0.999997 -0.012230 0.021942 0.999684 -0.012742 0.021706 0.999683 -0.002248 -0.001248 0.999997 
-0.001936 -0.001091 0.999998 -0.013350 0.023950 0.999624 -0.013904 0.023686 0.999623 -0.002090 -0.001160 0.999997 
-0.001783 -0.001004 0.999998 -0.014372 0.025785 0.999564 -0.014965 0.025494 0.999563 -0.001947 -0.001081 0.999998 
-0.001632 -0.000919 0.999998 -0.015291 0.027434 0.999507 -0.015918 0.027118 0.999505 -0.001806 -0.001003 0.999998 
-0.001495 -0.000842 0.999999 -0.016116 0.028913 0.999452 -0.016774 0.028575 0.999451 -0.001677 -0.000931 0.999998 
-0.001370 -0.000772 0.999999 -0.016859 0.030245 0.999400 -0.017545 0.029887 0.999399 -0.001560 -0.000866 0.999998 
-0.001257 -0.000708 0.999999 -0.017525 0.031440 0.999352 -0.018236 0.031064 0.999351 -0.001454 -0.000807 0.999999 
-0.001153 -0.000649 0.999999 -0.018118 0.032504 0.999307 -0.018851 0.032112 0.999306 -0.001356 -0.000753 0.999999 
-0.001057 -0.000595 0.999999 -0.018643 0.033444 0.999267 -0.019395 0.033038 0.999266 -0.001266 -0.000703 0.999999 
-0.000969 -0.000546 0.999999 -0.019101 0.034266 0.999230 -0.019870 0.033848 0.999229 -0.001183 -0.000657 0.999999 
-0.000888 -0.000500 0.999999 -0.019497 0.034977 0.999198 -0.020281 0.034547 0.999197 -0.001105 -0.000614 0.999999 
-0.000813 -0.000458 1.000000 -0.019833 0.035580 0.999170 -0.020630 0.035141 0.999169 -0.001034 -0.000574 0.999999 
-0.000743 -0.000418 1.000000 -0.020111 0.036077 0.999147 -0.020917 0.035630 0.999146 -0.000966 -0.000537 0.999999 
-0.000678 -0.000382 1.000000 -0.020329 0.036468 0.999128 -0.021143 0.036015 0.999128 -0.000903 -0.000501 0.999999 
-0.000616 -0.000347 1.000000 -0.020491 0.036759 0.999114 -0.021311 0.036301 0.999114 -0.000843 -0.000468 1.000000 
-0.000558 -0.000314 1.000000 -0.020599 0.036952 0.999105 -0.021422 0.036490 0.999104 -0.000786 -0.000437 1.000000 
-0.000503 -0.000283 1.000000 -0.020652 0.037048 0.999100 -0.021477 0.036583 0.999100 -0.000732 -0.000406 1.000000 
-0.000450 -0.000254 1.000000 -0.020652 0.037048 0.999100 -0.021477 0.036582 0.999100 -0.000679 -0.000377 1.000000 
-0.000400 -0.000225 1.000000 -0.020599 0.036952 0.999105 -0.021420 0.036486 0.999105 -0.000627 -0.000348 1.000000 
-0.000351 -0.000198 1.000000 -0.020491 0.036759 0.999114 -0.021308 0.036295 0.999114 -0.000577 -0.000321 1.000000 
-0.000304 -0.000171 1.000000 -0.020330 0.036468 0.999128 -0.021139 0.036007 0.999128 -0.000529 -0.000293 1.000000 
-0.000259 -0.000146 1.000000 -0.020113 0.036079 0.999147 -0.020913 0.035621 0.999147 -0.000480 -0.000267 1.000000 
-0.000214 -0.000121 1.000000 -0.019839 0.035587 0.999170 -0.020628 0.035135 0.999170 -0.000433 -0.000240 1.000000 
-0.000171 -0.000096 1.000000 -0.019506 0.034990 0.999197 -0.020281 0.034545 0.999197 -0.000386 -0.000214 1.000000 
-0.000129 -0.000073 1.000000 -0.019110 0.034280 0.999230 -0.019869 0.033843 0.999230 -0.000339 -0.000188 1.000000 
-0.000088 -0.000049 1.000000 -0.018648 0.033451 0.999266 -0.019388 0.033024 0.999266 -0.000293 -0.000163 1.000000 
-0.000047 -0.000027 1.000000 -0.018119 0.032501 0.999307 -0.018837 0.032085 0.999308 -0.000246 -0.000137 1.000000 
-0.000008 -0.000004 1.000000 -0.017520 0.031426 0.999353 -0.018214 0.031023 0.999353 -0.000200 -0.000111 1.000000 
0.000001 0.000000 1.000000 -0.016852 0.030229 0.999401 -0.017520 0.029841 0.999401 -0.000184 -0.000102 1.000000 
0.000000 0.000000 1.000000 -0.016113 0.028903 0.999452 -0.016751 0.028532 0.999453 -0.000177 -0.000098 1.000000 
0.000001 0.000001 1.000000 -0.015296 0.027437 0.999506 -0.015902 0.027085 0.999507 -0.000167 -0.000093 1.000000 
0.000002 0.000001 1.000000 -0.014394 0.025819 0.999563 -0.014964 0.025488 0.999563 -0.000156 -0.000087 1.000000 
0.000004 0.000002 1.000000 -0.013400 0.024036 0.999621 -0.013931 0.023728 0.999621 -0.000143 -0.000080 1.000000 
0.000009 0.000005 1.000000 -0.012307 0.022077 0.999681 -0.012795 0.021793 0.999681 -0.000126 -0.000070 1.000000 
0.000016 0.000009 1.000000 -0.011110 0.019929 0.999740 -0.011550 0.019673 0.999740 -0.000106 -0.000059 1.000000 
0.000026 0.000015 1.000000 -0.009802 0.017582 0.999797 -0.010190 0.017356 0.999797 -0.000082 -0.000045 1.000000 
0.000037 0.000021 1.000000 -0.008374 0.015021 0.999852 -0.008705 0.014828 0.999852 -0.000055 -0.000030 1.000000 
0.000049 0.000028 1.000000 -0.006820 0.012233 0.999902 -0.007089 0.012075 0.999902 -0.000025 -0.000014 1.000000 
0.000062 0.000035 1.000000 -0.005128 0.009199 0.999945 -0.005331 0.009080 0.999945 0.000006 0.000003 1.000000 
0.000083 0.000047 1.000000 -0.003291 0.005903 0.999977 -0.003420 0.005825 0.999977 0.000047 0.000026 1.000000 
0.000102 0.000057 1.000000 -0.001367 0.002452 0.999996 -0.001420 0.002418 0.999996 0.000087 0.000048 1.000000 
0.000090 0.000051 1.000000 -0.001137 0.002039 0.999997 -0.001181 0.002011 0.999997 0.000078 0.000043 1.000000 
0.000089 0.000050 1.000000 -0.000910 0.001633 0.999998 -0.000945 0.001610 0.999998 0.000079 0.000044 1.000000 
0.001928 0.001087 0.999998 -0.001872 0.003356 0.999993 -0.001921 0.003270 0.999993 0.001915 0.001064 0.999998 
0.001716 0.000967 0.999998 -0.001697 0.003043 0.999994 -0.001742 0.002966 0.999994 0.001703 0.000946 0.999998 
0.001521 0.000857 0.999998 -0.001534 0.002750 0.999995 -0.001575 0.002681 0.999995 0.001509 0.000838 0.999999 
0.001325 0.000747 0.999999 -0.001378 0.002470 0.999996 -0.001415 0.002409 0.999996 0.001315 0.000730 0.999999 
0.001167 0.000658 0.999999 -0.001230 0.002206 0.999997 -0.001264 0.002152 0.999997 0.001158 0.000643 0.999999 
0.001035 0.000583 0.999999 -0.001090 0.001954 0.999997 -0.001120 0.001906 0.999998 0.001027 0.000570 0.999999 
0.001025 0.000577 0.999999 -0.000808 0.001448 0.999999 -0.000826 0.001406 0.999999 0.001019 0.000566 0.999999 
0.000843 0.000475 1.000000 -0.000630 0.001129 0.999999 -0.000644 0.001096 0.999999 0.000839 0.000466 1.000000 
0.000495 0.000279 1.000000 -0.000253 0.000454 1.000000 -0.000257 0.000437 1.000000 0.000494 0.000274 1.000000 
0.001481 0.000835 0.999999 0.002061 -0.003695 0.999991 0.002162 -0.003680 0.999991 0.001509 0.000838 0.999999 
-0.000344 -0.000194 1.000000 0.002078 -0.003726 0.999991 0.002156 -0.003671 0.999991 -0.000323 -0.000179 1.000000 
-0.000389 -0.000219 1.000000 0.001035 -0.001857 0.999998 0.001071 -0.001824 0.999998 -0.000379 -0.000210 1.000000 
-0.004540 -0.002555 0.999986 0.001972 -0.003538 0.999992 0.001991 -0.003393 0.999992 -0.004534 -0.002515 0.999987 
-0.005429 -0.003056 0.999981 0.002770 -0.004971 0.999984 0.002809 -0.004787 0.999985 -0.005417 -0.003006 0.999981 
-0.004912 -0.002765 0.999984 0.002495 -0.004478 0.999987 0.002531 -0.004312 0.999987 -0.004901 -0.002720 0.999984 
-0.004446 -0.002503 0.999987 0.002250 -0.004038 0.999989 0.002282 -0.003888 0.999990 -0.004436 -0.002462 0.999987 
-0.004020 -0.002263 0.999989 0.002032 -0.003647 0.999991 0.002061 -0.003512 0.999992 -0.004011 -0.002226 0.999989 
-0.003636 -0.002047 0.999991 0.001830 -0.003284 0.999993 0.001856 -0.003162 0.999993 -0.003628 -0.002013 0.999991 
-0.004595 -0.002585 0.999986 0.001113 -0.001998 0.999997 0.001097 -0.001871 0.999998 -0.004599 -0.002550 0.999986 
-0.002337 -0.001316 0.999996 0.002305 -0.004135 0.999989 0.002366 -0.004030 0.999989 -0.002319 -0.001287 0.999996 
-0.003237 -0.001823 0.999993 0.002371 -0.004254 0.999988 0.002423 -0.004128 0.999989 -0.003222 -0.001789 0.999993 
-0.000038 -0.000022 1.000000 0.003085 -0.005532 0.999980 0.003207 -0.005460 0.999980 -0.000005 -0.000003 1.000000 
-0.001432 -0.000807 0.999999 0.003467 -0.006217 0.999975 0.003585 -0.006105 0.999975 -0.001399 -0.000777 0.999999 
-0.002493 -0.001405 0.999996 0.003619 -0.006487 0.999972 0.003729 -0.006349 0.999973 -0.002461 -0.001367 0.999996 
-0.002254 -0.001270 0.999997 0.003283 -0.005885 0.999977 0.003383 -0.005760 0.999978 -0.002226 -0.001236 0.999997 
-0.002037 -0.001148 0.999997 0.002982 -0.005346 0.999981 0.003074 -0.005233 0.999982 -0.002011 -0.001117 0.999997 
0.000345 0.000195 1.000000 0.005612 -0.010050 0.999934 0.005838 -0.009929 0.999934 0.000408 0.000227 1.000000 
-0.000300 -0.000169 1.000000 0.005252 -0.009407 0.999942 0.005456 -0.009279 0.999942 -0.000244 -0.000136 1.000000 
-0.003328 -0.001876 0.999993 0.006251 -0.011200 0.999918 0.006455 -0.010983 0.999919 -0.003271 -0.001818 0.999993 
-0.002139 -0.001207 0.999997 0.006379 -0.011424 0.999914 0.006603 -0.011230 0.999915 -0.002077 -0.001155 0.999997 
-0.001674 -0.000945 0.999998 0.010012 -0.017919 0.999789 0.010386 -0.017651 0.999790 -0.001570 -0.000873 0.999998 
-0.002828 -0.001596 0.999995 0.010181 -0.018220 0.999782 0.010547 -0.017923 0.999784 -0.002726 -0.001517 0.999995 
-0.002554 -0.001442 0.999996 0.009335 -0.016705 0.999817 0.009670 -0.016434 0.999818 -0.002461 -0.001369 0.999996 
-0.002135 -0.001203 0.999997 0.008815 -0.015801 0.999836 0.009136 -0.015551 0.999837 -0.002046 -0.001136 0.999997 
-0.001808 -0.001017 0.999998 0.010683 -0.019188 0.999759 0.011083 -0.018903 0.999760 -0.001697 -0.000941 0.999998 
-0.001657 -0.000911 0.999998 0.015071 -0.027680 0.999503 0.015661 -0.027296 0.999505 -0.001493 -0.000809 0.999999 
-0.001544 -0.000825 0.999998 0.022491 -0.042522 0.998842 0.023412 -0.041968 0.998845 -0.001289 -0.000679 0.999999 
0.002433 0.001249 0.999996 0.030928 -0.060946 0.997662 0.032306 -0.060284 0.997658 0.002814 0.001422 0.999995 
0.015103 0.007549 0.999857 0.039742 -0.080697 0.995946 0.041706 -0.080109 0.995913 0.015642 0.007700 0.999848 
0.034881 0.017143 0.999244 0.051322 -0.100922 0.993570 0.048678 -0.101282 0.993666 0.035603 0.017230 0.999217 
0.058886 0.028934 0.997845 0.058544 -0.123316 0.990639 0.061947 -0.123259 0.990439 0.059812 0.028940 0.997790 
0.084587 0.041668 0.995544 0.068198 -0.145676 0.986979 0.072381 -0.145967 0.986638 0.085724 0.041584 0.995451 
0.085667 -0.170999 0.981540 0.109561 0.055673 0.992420 0.110928 0.055525 0.992276 0.080632 -0.170435 0.982064 
0.100195 -0.200806 0.974494 0.134727 0.070067 0.988402 0.136352 0.069870 0.988193 0.094203 -0.199986 0.975260 
0.120823 -0.239938 0.963240 0.159551 0.086975 0.983351 0.161496 0.086784 0.983050 0.113616 -0.238999 0.964350 
0.147324 -0.286594 0.946657 0.179696 0.104771 0.978127 0.181998 0.104676 0.977711 0.138697 -0.285773 0.948207 
0.179353 -0.336430 0.924471 0.192500 0.122453 0.973627 0.195156 0.122560 0.973084 0.169180 -0.336036 0.926530 
0.220765 -0.389608 0.894130 0.194216 0.138041 0.971198 0.197203 0.138507 0.970529 0.208864 -0.390175 0.896738 
0.268604 -0.442678 0.855504 0.187688 0.149888 0.970725 0.190948 0.150826 0.969943 0.254826 -0.444677 0.858677 
0.177386 0.157703 0.971424 0.317709 -0.493859 0.809422 0.301899 -0.497602 0.813172 0.180852 0.159159 0.970547 
0.164210 0.163517 0.972778 0.002454 0.003064 0.999992 0.048034 -0.055888 0.997281 0.369168 -0.537716 0.758008 0.018427 -0.012913 0.999747 
0.166378 0.184055 0.968732 0.105146 0.090640 0.990317 0.338566 -0.486339 0.805511 0.080645 -0.085618 0.993059 0.397383 -0.558458 0.728156 0.061059 -0.038571 0.997389 
0.179079 0.217725 0.959441 0.195402 0.152517 0.968791 0.272597 -0.541259 0.795443 0.083771 -0.087168 0.992665 0.405928 -0.576551 0.709092 0.062241 -0.038263 0.997327 
0.205444 0.259895 0.943529 0.382248 -0.600533 0.702315 0.083702 -0.089332 0.992479 0.227685 -0.561152 0.795781 0.264233 0.204474 0.942534 0.069293 -0.043627 0.996642 
0.244574 0.309969 0.918751 0.332195 -0.623954 0.707338 0.080852 -0.090529 0.992606 0.190555 -0.552360 0.811534 0.328809 0.261622 0.907435 0.078964 -0.052422 0.995498 
0.296798 0.374059 0.878630 0.263470 -0.633701 0.727329 0.076201 -0.089567 0.993062 0.163832 -0.520886 0.837757 0.386881 0.322066 0.864058 0.093280 -0.065563 0.993479 
0.356836 0.442818 0.822545 0.190091 -0.620168 0.761089 0.066822 -0.082834 0.994320 0.145570 -0.489417 0.859814 0.435242 0.390937 0.811007 0.104460 -0.078386 0.991435 
0.107211 -0.085659 0.990539 0.425060 0.510272 0.747627 0.122781 -0.576296 0.807965 0.048855 -0.063336 0.996796 0.447888 0.468612 0.761445 0.143210 -0.483244 0.863693 
0.095223 -0.078902 0.992324 0.517811 0.532090 0.669889 0.080386 -0.483554 0.871615 0.015789 -0.020758 0.999660 0.400084 0.502202 0.766633 0.170868 -0.520878 0.836356 
0.592949 0.536103 0.600837 0.062198 -0.394472 0.916800 0.067240 -0.055213 0.996208 -0.023941 0.030685 0.999242 0.390372 0.562498 0.728839 0.147529 -0.546093 0.824632 
0.683549 0.529931 0.501931 0.041034 -0.293578 0.955054 0.052740 -0.043292 0.997669 -0.056976 0.070217 0.995903 0.380677 0.631904 0.675117 0.119722 -0.539429 0.833476 
0.776790 0.471671 0.417281 0.024144 -0.204993 0.978466 0.040486 -0.034021 0.998601 -0.082256 0.099642 0.991618 0.375633 0.686095 0.623036 0.096062 -0.516155 0.851091 
0.010681 -0.114175 0.993403 0.021922 -0.019098 0.999577 0.878976 0.326950 0.347139 -0.109549 0.132209 0.985150 0.362900 0.738618 0.568108 0.070868 -0.489848 0.868923 
0.001736 -0.022441 0.999747 -0.000447 0.000401 1.000000 0.952430 0.085417 0.292544 -0.139520 0.166099 0.976189 0.336123 0.792474 0.508926 0.047310 -0.457259 0.888074 
-0.004208 0.058005 0.998307 -0.026538 0.023832 0.999364 0.941988 -0.187103 0.278658 -0.171395 0.198057 0.965089 0.321486 0.833051 0.450193 0.028879 -0.414350 0.909660 
-0.010125 0.133541 0.990992 -0.057089 0.050703 0.997081 0.851507 -0.443122 0.280318 -0.207107 0.229058 0.951125 0.243544 0.891817 0.381245 0.013066 -0.366096 0.930485 
-0.315641 0.270734 0.909436 -0.017536 0.209965 0.977552 0.648744 -0.702520 0.292570 -0.042265 0.044016 0.998136 0.058986 0.946828 0.316287 0.000663 -0.315697 0.948860 
-0.336055 0.266126 0.903462 -0.062927 0.065393 0.995873 -0.027553 0.289337 0.956831 0.408174 -0.850357 0.332094 -0.005321 -0.258630 0.965962 -0.152326 0.952805 0.262602 
-0.343193 0.252503 0.904688 -0.072244 0.075064 0.994558 -0.043402 0.371486 0.927424 0.219673 -0.890297 0.398893 -0.004903 -0.187390 0.982273 -0.358354 0.911259 0.202952 
-0.330085 0.230822 0.915295 -0.065527 0.069031 0.995460 0.081410 -0.881197 0.465686 -0.069993 0.463678 0.883235 -0.002017 -0.114947 0.993370 
-0.300519 0.206843 0.931077 -0.010032 -0.847233 0.531127 -0.097934 0.518117 0.849685 -0.106158 0.115487 0.987620 0.000102 -0.036591 0.999330 
-0.177035 0.125066 0.976226 -0.059925 -0.809385 0.584213 -0.120872 0.558857 0.820408 -0.084973 0.097045 0.991646 -0.001547 0.050361 0.998730 
-0.138921 0.101962 0.985040 -0.062665 -0.762672 0.643742 -0.144819 0.611204 0.778111 -0.015336 0.018353 0.999714 -0.008924 0.144342 0.989488 
-0.125611 0.093940 0.987622 -0.048280 -0.715977 0.696452 -0.169822 0.659388 0.732371 -0.021008 0.025667 0.999450 -0.016930 0.217418 0.975932 
-0.133676 0.098986 0.986069 -0.027101 -0.690366 0.722952 -0.173198 0.690312 0.702476 -0.034737 0.041926 0.998517 -0.023652 0.248084 0.968450 
-0.165117 0.115029 0.979543 -0.004809 -0.665501 0.746382 -0.195255 0.710173 0.676410 -0.060785 0.069936 0.995698 -0.024032 0.249366 0.968111 
-0.205526 0.134185 0.969409 0.014523 -0.647953 0.761542 -0.210891 0.723158 0.657699 -0.090574 0.099373 0.990919 -0.027053 0.261716 0.964766 
-0.240348 0.147917 0.959351 0.036869 -0.638451 0.768779 -0.216326 0.731890 0.646173 -0.036435 0.297213 0.954116 -0.175632 0.183974 0.967113 0.641895 -0.674895 0.363987 
-0.276872 0.160024 0.947489 0.067185 -0.634365 0.770109 -0.211940 0.738315 0.640291 -0.201749 0.200101 0.958779 -0.050193 0.339977 0.939093 0.625929 -0.665049 0.407336 
-0.311988 0.167468 0.935210 -0.229489 0.214052 0.949482 0.100160 -0.623172 0.775645 -0.213290 0.746331 0.630474 -0.061940 0.362973 0.929739 0.628851 -0.645512 0.433430 
-0.338796 0.170257 0.925327 -0.250760 0.221962 0.942259 0.129675 -0.613430 0.779030 -0.216945 0.750202 0.624605 -0.070741 0.372980 0.925139 0.642482 -0.621043 0.448912 
-0.347737 0.167574 0.922495 -0.076892 0.372387 0.924887 0.151725 -0.607776 0.779479 -0.222165 0.749688 0.623386 -0.258140 0.220932 0.940507 0.669747 -0.583807 0.458921 
0.290804 0.128699 0.948087 -0.339274 0.160787 0.926845 0.153014 -0.000555 0.988224 -0.621854 0.078009 0.779238 0.165004 -0.607893 0.776685 -0.228523 0.744998 0.626702 
0.277368 0.133514 0.951442 -0.319838 0.150924 0.935374 0.153882 0.003004 0.988085 -0.592335 0.078632 0.801846 0.173818 -0.611237 0.772125 -0.237379 0.737438 0.632326 
0.256454 0.133193 0.957335 -0.294428 0.138244 0.945622 0.152686 0.006634 0.988252 -0.596070 0.075283 0.799395 0.180190 -0.618924 0.764503 -0.248211 0.725692 0.641688 
0.151532 0.010287 0.988399 -0.603164 0.074835 0.794099 0.617523 0.366935 0.695718 0.227949 0.127395 0.965303 0.186880 -0.631315 0.752673 -0.255839 0.710323 0.655734 0.818276 -0.368545 0.441133 -0.365112 0.170553 0.915208 
0.150518 0.013912 0.988509 -0.607987 0.076609 0.790242 0.572667 0.392337 0.719809 0.207388 0.123955 0.970374 0.198175 -0.646299 0.736902 -0.260262 0.691858 0.673496 0.849814 -0.302367 0.431729 -0.340816 0.158768 0.926627 
0.150831 0.017617 0.988403 -0.606653 0.079552 0.790977 0.534485 0.411268 0.738366 0.190959 0.121134 0.974095 0.216185 -0.663610 0.716160 -0.261366 0.669410 0.695398 0.875694 -0.238078 0.420095 -0.322961 0.148332 0.934716 
0.153468 0.021494 0.987920 -0.598136 0.082094 0.797179 0.505217 0.427434 0.749704 0.177980 0.119078 0.976803 0.239285 -0.683161 0.689952 -0.259186 0.642392 0.721218 0.898856 -0.164278 0.406289 -0.307176 0.138358 0.941541 
0.158407 0.025980 0.987032 -0.568444 0.087018 0.818107 0.481196 0.451512 0.751390 0.169178 0.119059 0.978368 0.275527 -0.692586 0.666640 -0.257910 0.618186 0.742515 0.917116 -0.053447 0.395021 -0.290228 0.127451 0.948432 
0.170017 0.031583 0.984935 -0.525594 0.087761 0.846197 0.461031 0.481505 0.745388 0.168557 0.123942 0.977869 0.300582 -0.698752 0.649151 -0.263387 0.596914 0.757840 0.923095 0.076252 0.376937 -0.270683 0.114804 0.955799 
0.186199 0.038049 0.981775 -0.494720 0.082825 0.865096 0.440956 0.505207 0.741838 0.171864 0.131734 0.976273 0.307154 -0.714799 0.628267 -0.267408 0.572047 0.775406 0.919472 0.171683 0.353688 -0.250153 0.102838 0.962729 
0.200318 0.043554 0.978762 -0.496471 0.067937 0.865391 0.434363 0.518794 0.736330 0.172950 0.136344 0.975448 0.304881 -0.733649 0.607295 -0.271197 0.546282 0.792482 0.912050 0.245159 0.328727 -0.230629 0.091866 0.968695 
0.213059 0.048813 0.975819 -0.503357 0.054511 0.862357 0.433584 0.527192 0.730803 0.172030 0.138827 0.975260 0.301550 -0.752059 0.586067 -0.272496 0.520644 0.809120 0.900697 0.301002 0.313276 -0.209435 0.081102 0.974453 
0.299409 -0.768938 0.564879 -0.270668 0.496323 0.824865 0.433567 0.532974 0.726607 0.167882 0.138822 0.975984 -0.509144 0.043864 0.859563 0.224524 0.054029 0.972970 0.894468 0.318423 0.313901 -0.182368 0.069174 0.980794 
0.294768 -0.784159 0.546083 -0.268516 0.474381 0.838369 0.429957 0.537065 0.725740 0.163157 0.138076 0.976890 -0.512509 0.036607 0.857901 0.234803 0.059193 0.970239 0.889898 0.328350 0.316650 -0.154504 0.057553 0.986314 
0.289303 -0.796474 0.530973 -0.266299 0.456522 0.848925 0.421072 0.541613 0.727567 0.159984 0.138005 0.977425 -0.511316 0.032445 0.858780 0.242878 0.063751 0.967960 0.875886 0.368534 0.311458 -0.133155 0.048765 0.989895 
0.286288 -0.806506 0.517288 -0.262219 0.441914 0.857877 -0.117565 0.042619 0.992150 0.849605 0.430658 0.304474 -0.505177 0.032207 0.862414 0.248618 0.067487 0.966248 0.407641 0.545814 0.732063 0.157408 0.137865 0.977863 
0.283681 -0.815393 0.504638 -0.257138 0.429412 0.865728 -0.103494 0.037394 0.993927 0.814571 0.495882 0.300957 -0.495665 0.034592 0.867825 0.253198 0.070580 0.964836 0.392419 0.548944 0.738016 0.154846 0.137171 0.978369 
0.281694 -0.823455 0.492515 -0.250705 0.418787 0.872791 -0.092873 0.033670 0.995109 0.380753 0.551088 0.742515 -0.485062 0.038023 0.873653 0.256880 0.072679 0.963707 0.779255 0.549763 0.300870 0.153101 0.136380 0.978755 
0.279801 -0.831096 0.480616 -0.243185 0.409413 0.879342 -0.085193 0.031193 0.995876 0.369188 0.551645 0.747922 -0.473942 0.042281 0.879541 0.259776 0.074168 0.962816 0.754903 0.582138 0.302055 0.151731 0.135572 0.979080 
0.277862 -0.838091 0.469464 -0.235226 0.401403 0.885180 -0.080687 0.029966 0.996289 0.357145 0.550575 0.754529 -0.461374 0.047542 0.885931 0.262002 0.075149 0.962137 0.737753 0.603247 0.303006 0.151036 0.135099 0.979253 
0.275939 -0.844190 0.459567 -0.227472 0.394861 0.890136 -0.078026 0.029490 0.996515 0.345835 0.547751 0.761819 -0.447202 0.053827 0.892812 0.263632 0.075648 0.961653 0.724479 0.618629 0.304021 0.150716 0.134689 0.979359 
0.273757 -0.849430 0.451139 -0.220305 0.389682 0.894211 -0.076325 0.029416 0.996649 0.335630 0.543757 0.769208 -0.432345 0.060116 0.899702 0.264931 0.075767 0.961286 0.714293 0.629900 0.304978 0.150708 0.134313 0.979412 
0.270070 -0.853883 0.444911 -0.214320 0.386172 0.897183 -0.074170 0.029177 0.996819 0.327799 0.538090 0.776536 0.184897 0.164183 0.968946 -0.415386 0.067560 0.907133 0.266181 0.075636 0.960951 
0.264213 -0.857755 0.440963 -0.209756 0.384176 0.899117 -0.071591 0.028725 0.997020 0.321829 0.532110 0.783125 0.185289 0.163741 0.968946 -0.401686 0.073432 0.912829 0.267478 0.075279 0.960619 
0.256837 -0.861182 0.438635 -0.206311 0.383168 0.900343 -0.069210 0.028274 0.997201 0.319018 0.526978 0.787732 0.186016 0.163214 0.968896 -0.394036 0.077549 0.915818 0.268875 0.074627 0.960280 
0.248335 -0.864161 0.437670 -0.203836 0.382980 0.900987 -0.066922 0.027784 0.997371 0.318188 0.522499 0.791045 0.186981 0.162683 0.968799 -0.390312 0.080829 0.917128 0.270353 0.073830 0.959926 
0.239395 -0.866399 0.438226 -0.202327 0.383872 0.900947 -0.065247 0.027485 0.997491 0.317362 0.517860 0.794420 0.188160 0.162376 0.968623 -0.387960 0.083848 0.917854 0.271679 0.073013 0.959614 
0.230392 -0.867756 0.440362 -0.201855 0.385892 0.900190 -0.063670 0.027166 0.997601 0.316690 0.513308 0.797636 0.189348 0.162148 0.968429 -0.386363 0.086664 0.918266 0.272815 0.072195 0.959354 
0.221751 -0.868135 0.444036 -0.202427 0.389023 0.898713 -0.062137 0.026806 0.997708 0.316634 0.509425 0.800143 0.190498 0.161953 0.968237 -0.385462 0.089155 0.918407 0.273734 0.071352 0.959155 
0.214096 -0.867462 0.449079 -0.203936 0.393209 0.896547 -0.061106 0.026603 0.997777 0.317610 0.506570 0.801568 0.191659 0.161819 0.968030 -0.385307 0.091251 0.918266 0.274329 0.070439 0.959053 
0.208157 -0.865718 0.455195 -0.206162 0.398352 0.893763 -0.061143 0.026815 0.997769 0.319631 0.504450 0.802101 0.192806 0.161687 0.967824 -0.386571 0.093071 0.917551 0.274390 0.069396 0.959111 
0.204390 -0.862965 0.462078 -0.208850 0.404349 0.890440 -0.062871 0.027733 0.997636 0.322574 0.502809 0.801953 -0.389411 0.094686 0.916184 0.273758 0.068190 0.959378 0.739594 0.606301 0.292233 0.159082 0.132543 0.978328 
0.202867 -0.859224 0.469658 -0.211899 0.411219 0.886565 -0.066802 0.029588 0.997327 0.326389 0.501582 0.801178 -0.393919 0.096061 0.914112 0.272335 0.066802 0.959881 0.757326 0.584772 0.290688 0.160227 0.132716 0.978117 
0.203985 -0.854324 0.478038 -0.215403 0.419083 0.882027 -0.073170 0.032474 0.996791 0.331064 0.500785 0.799757 -0.400325 0.097088 0.911216 0.269976 0.065223 0.960655 0.777354 0.558531 0.289420 0.161461 0.132980 0.977879 
0.207759 -0.848064 0.487466 -0.219560 0.428097 0.876656 -0.081541 0.036178 0.996013 0.336812 0.500520 0.797519 -0.408274 0.097696 0.907617 0.266636 0.063469 0.961705 0.798637 0.527862 0.289034 0.162633 0.133208 0.977653 
0.213220 -0.840486 0.498118 -0.224366 0.438357 0.870347 -0.091647 0.040581 0.994964 0.343728 0.500504 0.794573 -0.417603 0.097985 0.903331 0.262413 0.061526 0.962992 0.820775 0.492375 0.289646 0.163780 0.133395 0.977436 
0.219424 -0.831562 0.510253 -0.229866 0.450025 0.862925 -0.103425 0.045655 0.993589 0.351845 0.500304 0.791139 -0.428802 0.097958 0.898072 0.257374 0.059359 0.964487 0.843431 0.451519 0.291125 0.164992 0.133551 0.977211 
0.225984 -0.821189 0.524004 -0.235965 0.463283 0.854219 -0.116611 0.051294 0.991852 0.865114 0.406603 0.293687 -0.441403 0.097146 0.892035 0.251849 0.057032 0.966085 0.361231 0.500378 0.786851 0.166552 0.133930 0.976895 
0.230466 -0.810485 0.538516 -0.242629 0.476836 0.844842 -0.129423 0.056670 0.989969 0.886978 0.353391 0.297296 -0.455145 0.095828 0.885245 0.246547 0.054770 0.967582 0.372022 0.500075 0.782001 0.168321 0.134429 0.976523 
0.234014 -0.799040 0.553871 -0.249895 0.490916 0.834598 0.383775 0.499288 0.776806 0.170279 0.134982 0.976107 -0.469641 0.093826 0.877858 0.241036 0.052485 0.969096 0.906294 0.295571 0.302107 -0.142751 0.062120 0.987807 
0.237252 -0.786407 0.570329 -0.257646 0.505995 0.823157 0.396252 0.497939 0.771389 0.172474 0.135597 0.975636 -0.484827 0.090907 0.869873 0.234915 0.050072 0.970725 0.921624 0.236235 0.307900 -0.157517 0.068012 0.985171 
0.240253 -0.772382 0.587966 -0.265818 0.522218 0.810326 0.409425 0.495882 0.765814 0.174899 0.136237 0.975115 -0.500583 0.086942 0.861312 0.228006 0.047501 0.972500 0.932595 0.176477 0.314838 -0.174034 0.074452 0.981921 
0.242518 -0.756944 0.606812 -0.274443 0.539552 0.795968 0.423581 0.492881 0.760031 0.177607 0.136925 0.974529 -0.516746 0.081938 0.852209 0.220469 0.044814 0.974364 0.939256 0.114766 0.323462 -0.191968 0.081264 0.978031 
0.243837 -0.740008 0.626842 -0.283425 0.558009 0.779933 0.438777 0.488526 0.754200 0.180479 0.137544 0.973914 -0.533409 0.075850 0.842450 0.212184 0.041998 0.976327 0.941061 0.051835 0.334241 -0.211242 0.088364 0.973431 
0.244021 -0.721324 0.648186 -0.292780 0.577719 0.761919 0.455086 0.482607 0.748323 0.183602 0.138125 0.973248 -0.550451 0.068515 0.832051 0.203110 0.039058 0.978377 0.937641 -0.011247 0.347422 -0.232003 0.095752 0.967991 
0.242756 -0.700821 0.670760 -0.302458 0.598587 0.741763 0.472524 0.474756 0.742515 0.186966 0.138635 0.972535 -0.567825 0.059749 0.820978 0.193261 0.036018 0.980486 0.928728 -0.073748 0.363352 -0.254112 0.103290 0.961643 
0.184128 0.033224 0.982341 -0.590392 0.042549 0.805994 0.489762 0.465641 0.737096 0.190389 0.139818 0.971701 0.247288 -0.686559 0.683730 -0.299495 0.615871 0.728702 0.916029 -0.129774 0.379540 -0.278281 0.112339 0.953907 
0.178897 0.032015 0.983347 -0.605039 0.026249 0.795763 0.499667 0.460710 0.733538 0.195918 0.143017 0.970135 0.249756 -0.678362 0.690976 -0.299067 0.624636 0.721380 0.904949 -0.173416 0.388580 -0.301148 0.118703 0.946160 
0.174962 0.031377 0.984075 -0.606334 0.021821 0.794911 0.510909 0.458108 0.727399 0.202810 0.146734 0.968162 0.256201 -0.669962 0.696787 -0.302037 0.630060 0.715401 0.894409 -0.215125 0.392115 -0.325617 0.124218 0.937307 
0.171765 0.030825 0.984656 -0.604086 0.019471 0.796682 0.524245 0.456013 0.719180 0.208288 0.149500 0.966574 0.263268 -0.664467 0.699409 -0.302881 0.632931 0.712504 0.890606 -0.235664 0.388952 -0.345880 0.128489 0.929439 
0.169388 0.030713 0.985071 -0.601576 0.018239 0.798607 0.531356 0.455846 0.714049 0.209317 0.150326 0.966224 0.270821 -0.662834 0.698074 -0.301517 0.632408 0.713546 0.892530 -0.233534 0.385813 -0.355471 0.130181 0.925577 
0.168599 0.031240 0.985189 -0.598410 0.018740 0.800971 0.531011 0.458583 0.712551 0.206023 0.149300 0.967091 0.278428 -0.665794 0.692240 -0.299342 0.627168 0.719065 0.898748 -0.212475 0.383544 -0.353548 0.129068 0.926469 
0.169055 0.032083 0.985084 -0.595961 0.019770 0.802770 0.526409 0.462207 0.713624 0.200372 0.146922 0.968641 0.285932 -0.672998 0.682141 -0.295619 0.617884 0.728580 0.908389 -0.178173 0.378265 -0.345123 0.126702 0.929966 
0.169997 0.033109 0.984888 -0.587549 0.024368 0.808822 0.519117 0.469841 0.713980 0.193228 0.143307 0.970632 0.294912 -0.675802 0.675514 -0.295898 0.610500 0.734666 0.920915 -0.112719 0.373108 -0.329510 0.121976 0.936240 
0.173151 0.034303 0.984298 -0.575296 0.031388 0.817343 0.512054 0.478408 0.713391 0.187286 0.140085 0.972265 0.297469 -0.678600 0.671576 -0.298279 0.604881 0.738342 0.928835 -0.032062 0.369103 -0.308799 0.115605 0.944076 
