0.713996 0.700149 0.000000 0.697075 -0.716999 0.000000 -0.712892 0.701273 0.000000 -0.718264 -0.695770 -0.000000 
0.714006 0.700139 0.000000 0.697036 -0.717036 0.000000 -0.712855 0.701311 0.000000 -0.718274 -0.695760 -0.000000 
0.714263 0.699878 0.000000 0.696782 -0.717283 0.000000 -0.712606 0.701565 0.000000 -0.718529 -0.695497 -0.000000 
0.714260 0.699881 0.000000 0.696781 -0.717284 0.000000 -0.712604 0.701566 0.000000 -0.718527 -0.695499 -0.000000 
0.714265 0.699875 0.000000 0.696763 -0.717301 0.000000 -0.712586 0.701584 0.000000 -0.718532 -0.695494 -0.000000 
0.714281 0.699859 0.000000 0.696735 -0.717328 0.000000 -0.712559 0.701613 0.000000 -0.718548 -0.695478 -0.000000 
0.714265 0.699875 0.000000 0.696749 -0.717315 0.000000 -0.712572 0.701599 0.000000 -0.718533 -0.695493 -0.000000 
0.714547 0.699588 0.000000 0.696480 -0.717576 0.000000 -0.712309 0.701866 0.000000 -0.718812 -0.695204 -0.000000 
0.714546 0.699589 0.000000 0.696479 -0.717577 0.000000 -0.712307 0.701868 0.000000 -0.718811 -0.695205 -0.000000 
0.715182 0.698938 0.000000 0.695816 -0.718220 0.000000 -0.711659 0.702525 0.000000 -0.719444 -0.694551 -0.000000 
0.715190 0.698930 0.000000 0.695808 -0.718228 0.000000 -0.711651 0.702533 0.000000 -0.719452 -0.694543 -0.000000 
0.715190 0.698930 0.000000 0.695808 -0.718228 0.000000 -0.711651 0.702533 0.000000 -0.719452 -0.694543 -0.000000 
0.715190 0.698930 0.000000 0.695808 -0.718228 0.000000 -0.711651 0.702534 0.000000 -0.719451 -0.694543 -0.000000 
0.715190 0.698930 0.000000 0.695807 -0.718229 0.000000 -0.711650 0.702534 0.000000 -0.719451 -0.694543 -0.000000 
0.715189 0.698932 0.000000 0.695807 -0.718229 0.000000 -0.711651 0.702533 0.000000 -0.719450 -0.694545 -0.000000 
0.724584 0.689186 0.000000 0.686025 -0.727578 0.000000 -0.702081 0.712097 0.000000 -0.728785 -0.684742 -0.000000 
0.730462 0.682953 0.000000 0.679767 -0.733428 0.000000 -0.695955 0.718085 0.000000 -0.734625 -0.678473 -0.000000 
0.729595 0.683880 0.000000 0.680697 -0.732565 0.000000 -0.696866 0.717201 0.000000 -0.733763 -0.679405 -0.000000 
0.729365 0.684125 0.000000 0.680942 -0.732337 0.000000 -0.697106 0.716968 0.000000 -0.733535 -0.679652 -0.000000 
0.729359 0.684131 0.000000 0.680948 -0.732332 0.000000 -0.697111 0.716964 0.000000 -0.733529 -0.679658 -0.000000 
0.724279 0.689507 0.000000 0.686345 -0.727276 0.000000 -0.702398 0.711785 0.000000 -0.728481 -0.685066 -0.000000 
0.726787 0.686863 0.000000 0.683689 -0.729774 0.000000 -0.699796 0.714343 0.000000 -0.730973 -0.682406 -0.000000 
0.711390 0.702798 0.000000 0.699693 -0.714444 0.000000 -0.715451 0.698663 0.000000 -0.715675 -0.698434 -0.000000 
0.999372 0.035431 0.000000 -0.712458 -0.701715 -0.000000 -0.718654 0.695368 0.000000 0.130434 0.991457 0.000000 0.032578 -0.999469 0.000000 -0.087985 -0.996122 -0.000000 
0.998939 0.046057 0.000000 -0.712704 -0.701465 -0.000000 -0.718410 0.695620 0.000000 0.136649 0.990619 0.000000 0.043409 -0.999057 0.000000 -0.114744 -0.993395 -0.000000 
0.998773 0.049523 0.000000 -0.713317 -0.700841 -0.000000 -0.717796 0.696253 0.000000 0.146291 0.989242 0.000000 0.047187 -0.998886 0.000000 -0.133138 -0.991097 -0.000000 
0.998701 0.050946 0.000000 -0.713805 -0.700345 -0.000000 -0.717312 0.696752 0.000000 0.140031 0.990147 0.000000 0.048947 -0.998801 0.000000 -0.123290 -0.992371 -0.000000 
0.998682 0.051334 0.000000 -0.713925 -0.700222 -0.000000 -0.717192 0.696875 0.000000 0.124482 0.992222 0.000000 0.049790 -0.998760 0.000000 -0.097394 -0.995246 -0.000000 
0.998714 0.050693 0.000000 -0.714092 -0.700052 -0.000000 -0.717031 0.697042 0.000000 0.107490 0.994206 0.000000 0.049779 -0.998760 0.000000 -0.068308 -0.997664 -0.000000 
0.998804 0.048894 0.000000 -0.713670 -0.700482 -0.000000 -0.717459 0.696600 0.000000 0.094682 0.995508 0.000000 0.048736 -0.998812 0.000000 -0.045700 -0.998955 -0.000000 
0.998899 0.046916 0.000000 -0.713685 -0.700467 -0.000000 -0.717443 0.696617 0.000000 0.088922 0.996039 0.000000 0.047461 -0.998873 0.000000 -0.034695 -0.999398 -0.000000 
0.998990 0.044931 0.000000 -0.713684 -0.700468 -0.000000 -0.717443 0.696617 0.000000 0.088281 0.996096 0.000000 0.046108 -0.998936 0.000000 -0.032505 -0.999472 -0.000000 
0.999069 0.043147 0.000000 -0.713562 -0.700592 -0.000000 -0.717577 0.696479 0.000000 0.089796 0.995960 0.000000 0.044938 -0.998990 0.000000 -0.034232 -0.999414 -0.000000 
0.999078 0.042927 0.000000 -0.712815 -0.701352 -0.000000 -0.718346 0.695686 0.000000 0.090656 0.995882 0.000000 0.044791 -0.998996 0.000000 -0.035958 -0.999353 -0.000000 
0.998939 0.046051 0.000000 -0.710030 -0.704171 -0.000000 -0.721143 0.692786 0.000000 0.089546 0.995983 0.000000 0.048188 -0.998838 0.000000 -0.036591 -0.999330 -0.000000 
0.998744 0.050111 0.000000 -0.706675 -0.707538 -0.000000 -0.724469 0.689308 0.000000 0.088317 0.996092 0.000000 0.052556 -0.998618 0.000000 -0.037660 -0.999291 -0.000000 
0.998491 0.054923 0.000000 -0.702930 -0.711259 -0.000000 -0.728127 0.685442 0.000000 0.086978 0.996210 0.000000 0.057648 -0.998337 0.000000 -0.039013 -0.999239 -0.000000 
0.998122 0.061262 0.000000 -0.698198 -0.715905 -0.000000 -0.732670 0.680584 0.000000 0.085215 0.996363 0.000000 0.064169 -0.997939 0.000000 -0.040660 -0.999173 -0.000000 
0.997704 0.067726 0.000000 -0.693431 -0.720523 -0.000000 -0.737169 0.675708 0.000000 0.083534 0.996505 0.000000 0.070724 -0.997496 0.000000 -0.042509 -0.999096 -0.000000 
0.997343 0.072855 0.000000 -0.690025 -0.723786 -0.000000 -0.740327 0.672247 0.000000 0.082621 0.996581 0.000000 0.075976 -0.997110 0.000000 -0.044562 -0.999007 -0.000000 
0.997070 0.076490 0.000000 -0.687932 -0.725775 -0.000000 -0.742231 0.670144 0.000000 0.082060 0.996627 0.000000 0.079753 -0.996815 0.000000 -0.046028 -0.998940 -0.000000 
0.996944 0.078125 0.000000 -0.687461 -0.726222 -0.000000 -0.742660 0.669669 0.000000 0.082048 0.996628 0.000000 0.081577 -0.996667 0.000000 -0.046875 -0.998901 -0.000000 
0.996911 0.078538 0.000000 -0.687338 -0.726338 -0.000000 -0.742771 0.669546 0.000000 0.082127 0.996622 0.000000 0.082188 -0.996617 0.000000 -0.047230 -0.998884 -0.000000 
0.996921 0.078408 0.000000 -0.687304 -0.726370 -0.000000 -0.742795 0.669519 0.000000 0.082192 0.996616 0.000000 0.082224 -0.996614 0.000000 -0.047265 -0.998882 -0.000000 
0.996947 0.078083 0.000000 -0.687262 -0.726410 -0.000000 -0.742837 0.669473 0.000000 0.082242 0.996612 0.000000 0.082030 -0.996630 0.000000 -0.047242 -0.998883 -0.000000 
0.996983 0.077615 0.000000 -0.687419 -0.726261 -0.000000 -0.742517 0.669827 0.000000 0.083232 0.996530 0.000000 0.081678 -0.996659 0.000000 -0.048742 -0.998811 -0.000000 
0.997041 0.076869 0.000000 -0.687429 -0.726252 -0.000000 -0.742512 0.669833 0.000000 0.083348 0.996520 0.000000 0.081035 -0.996711 0.000000 -0.048487 -0.998824 -0.000000 
0.997109 0.075979 0.000000 -0.687576 -0.726113 -0.000000 -0.742379 0.669980 0.000000 0.083503 0.996507 0.000000 0.080243 -0.996775 0.000000 -0.048172 -0.998839 -0.000000 
0.997243 0.074203 0.000000 -0.688541 -0.725197 -0.000000 -0.741488 0.670966 0.000000 0.083888 0.996475 0.000000 0.078573 -0.996908 0.000000 -0.047519 -0.998870 -0.000000 
0.997387 0.072243 0.000000 -0.689832 -0.723969 -0.000000 -0.740264 0.672316 0.000000 0.084428 0.996430 0.000000 0.076729 -0.997052 0.000000 -0.046933 -0.998898 -0.000000 
0.997527 0.070282 0.000000 -0.691022 -0.722834 -0.000000 -0.739094 0.673603 0.000000 0.085089 0.996373 0.000000 0.074868 -0.997193 0.000000 -0.046645 -0.998912 -0.000000 
0.997638 0.068691 0.000000 -0.692003 -0.721895 -0.000000 -0.738134 0.674654 0.000000 0.085587 0.996331 0.000000 0.073351 -0.997306 0.000000 -0.046295 -0.998928 -0.000000 
0.997742 0.067169 0.000000 -0.693132 -0.720811 -0.000000 -0.736931 0.675968 0.000000 0.086482 0.996253 0.000000 0.071905 -0.997411 0.000000 -0.046718 -0.998908 -0.000000 
0.997831 0.065831 0.000000 -0.693942 -0.720031 -0.000000 -0.736195 0.676769 0.000000 0.086835 0.996223 0.000000 0.070642 -0.997502 0.000000 -0.046235 -0.998931 -0.000000 
0.997905 0.064703 0.000000 -0.694777 -0.719226 -0.000000 -0.735316 0.677724 0.000000 0.087625 0.996154 0.000000 0.069592 -0.997576 0.000000 -0.046729 -0.998908 -0.000000 
0.997967 0.063737 0.000000 -0.695670 -0.718361 -0.000000 -0.734339 0.678782 0.000000 0.088524 0.996074 0.000000 0.068708 -0.997637 0.000000 -0.047506 -0.998871 -0.000000 
0.998008 0.063082 0.000000 -0.696134 -0.717912 -0.000000 -0.733798 0.679368 0.000000 0.089172 0.996016 0.000000 0.068122 -0.997677 0.000000 -0.048151 -0.998840 -0.000000 
0.998057 0.062306 0.000000 -0.696542 -0.717516 -0.000000 -0.733455 0.679738 0.000000 0.089410 0.995995 0.000000 0.067438 -0.997723 0.000000 -0.047897 -0.998852 -0.000000 
0.998099 0.061631 0.000000 -0.697075 -0.716998 -0.000000 -0.732835 0.680406 0.000000 0.090201 0.995924 0.000000 0.066856 -0.997763 0.000000 -0.048766 -0.998810 -0.000000 
0.998127 0.061168 0.000000 -0.697324 -0.716756 -0.000000 -0.732571 0.680691 0.000000 0.090542 0.995893 0.000000 0.066486 -0.997787 0.000000 -0.048991 -0.998799 -0.000000 
0.998149 0.060813 0.000000 -0.697583 -0.716504 -0.000000 -0.732310 0.680971 0.000000 0.090876 0.995862 0.000000 0.066231 -0.997804 0.000000 -0.049255 -0.998786 -0.000000 
0.998166 0.060536 0.000000 -0.697698 -0.716392 -0.000000 -0.732224 0.681064 0.000000 0.090995 0.995851 0.000000 0.066075 -0.997815 0.000000 -0.049206 -0.998789 -0.000000 
0.998187 0.060196 0.000000 -0.697881 -0.716214 -0.000000 -0.732060 0.681241 0.000000 0.091095 0.995842 0.000000 0.065861 -0.997829 0.000000 -0.049102 -0.998794 -0.000000 
0.998204 0.059906 0.000000 -0.698038 -0.716061 -0.000000 -0.731912 0.681399 0.000000 0.091169 0.995835 0.000000 0.065694 -0.997840 0.000000 -0.049008 -0.998798 -0.000000 
0.998219 0.059656 0.000000 -0.698176 -0.715926 -0.000000 -0.731760 0.681562 0.000000 0.091224 0.995830 0.000000 0.065572 -0.997848 0.000000 -0.048929 -0.998802 -0.000000 
0.998239 0.059328 0.000000 -0.698461 -0.715648 -0.000000 -0.731291 0.682066 0.000000 0.091802 0.995777 0.000000 0.065366 -0.997861 0.000000 -0.049842 -0.998757 -0.000000 
0.998247 0.059179 0.000000 -0.698492 -0.715618 -0.000000 -0.731261 0.682097 0.000000 0.091838 0.995774 0.000000 0.065345 -0.997863 0.000000 -0.049819 -0.998758 -0.000000 
0.998252 0.059106 0.000000 -0.698492 -0.715618 -0.000000 -0.731233 0.682127 0.000000 0.091860 0.995772 0.000000 0.065405 -0.997859 0.000000 -0.049835 -0.998757 -0.000000 
0.998254 0.059074 0.000000 -0.698465 -0.715645 -0.000000 -0.731211 0.682151 0.000000 0.091871 0.995771 0.000000 0.065511 -0.997852 0.000000 -0.049873 -0.998756 -0.000000 
0.998255 0.059058 0.000000 -0.698425 -0.715683 -0.000000 -0.731192 0.682172 0.000000 0.091879 0.995770 0.000000 0.065638 -0.997844 0.000000 -0.049924 -0.998753 -0.000000 
0.998255 0.059053 0.000000 -0.698381 -0.715726 -0.000000 -0.731175 0.682190 0.000000 0.091883 0.995770 0.000000 0.065776 -0.997834 0.000000 -0.049979 -0.998750 -0.000000 
0.999038 0.043848 0.000000 -0.665470 -0.746424 -0.000000 -0.760845 0.648934 0.000000 0.073262 0.997313 0.000000 0.050294 -0.998734 0.000000 -0.024059 -0.999711 -0.000000 
0.999936 0.011285 0.000000 -0.835883 0.548908 0.000000 0.019910 0.999802 0.000000 -0.566380 -0.824144 -0.000000 0.035266 -0.999378 0.000000 
-0.453339 -0.891338 -0.000000 0.999989 -0.004744 0.000000 0.092797 -0.995685 0.000000 -0.902369 0.430964 0.000000 0.023787 0.999717 0.000000 -0.083144 0.996538 0.000000 
-0.419424 -0.907790 -0.000000 0.999852 0.017184 0.000000 0.122886 -0.992421 0.000000 -0.918077 0.396402 0.000000 0.004198 0.999991 0.000000 -0.120493 0.992714 0.000000 
-0.397715 -0.917509 -0.000000 0.999373 0.035403 0.000000 0.115740 -0.993280 0.000000 -0.926857 0.375415 0.000000 -0.012278 0.999925 0.000000 -0.116654 0.993173 0.000000 
-0.383795 -0.923418 -0.000000 0.998710 0.050783 0.000000 0.113697 -0.993515 0.000000 -0.932385 0.361467 0.000000 -0.026913 0.999638 0.000000 -0.115037 0.993361 0.000000 
-0.383589 -0.923504 -0.000000 0.998540 0.054023 0.000000 0.113676 -0.993518 0.000000 -0.932466 0.361259 0.000000 -0.030060 0.999548 0.000000 -0.113956 0.993486 0.000000 
-0.383579 -0.923508 -0.000000 0.998493 0.054880 0.000000 0.113742 -0.993510 0.000000 -0.932470 0.361248 0.000000 -0.030831 0.999525 0.000000 -0.113729 0.993512 0.000000 
-0.383186 -0.923671 -0.000000 0.998435 0.055933 0.000000 0.114432 -0.993431 0.000000 -0.932623 0.360853 0.000000 -0.031763 0.999495 0.000000 -0.114203 0.993457 0.000000 
-0.382836 -0.923816 -0.000000 0.998405 0.056455 0.000000 0.118353 -0.992972 0.000000 -0.932761 0.360495 0.000000 -0.032051 0.999486 0.000000 -0.118075 0.993005 0.000000 
-0.382388 -0.924002 -0.000000 0.998383 0.056843 0.000000 0.121772 -0.992558 0.000000 -0.932939 0.360035 0.000000 -0.032127 0.999484 0.000000 -0.121537 0.992587 0.000000 
-0.382119 -0.924113 -0.000000 0.998379 0.056923 0.000000 0.123217 -0.992380 0.000000 -0.933044 0.359761 0.000000 -0.031861 0.999492 0.000000 -0.123067 0.992398 0.000000 
-0.382131 -0.924108 -0.000000 0.998411 0.056353 0.000000 0.123462 -0.992349 0.000000 -0.933042 0.359769 0.000000 -0.030938 0.999521 0.000000 -0.123509 0.992343 0.000000 
-0.382136 -0.924106 -0.000000 0.998451 0.055639 0.000000 0.123711 -0.992318 0.000000 -0.933043 0.359766 0.000000 -0.029882 0.999553 0.000000 -0.123983 0.992284 0.000000 
-0.382141 -0.924104 -0.000000 0.998483 0.055067 0.000000 0.124618 -0.992205 0.000000 -0.933044 0.359762 0.000000 -0.028992 0.999580 0.000000 -0.125024 0.992154 0.000000 
-0.382146 -0.924102 -0.000000 0.998499 0.054779 0.000000 0.125946 -0.992037 0.000000 -0.933045 0.359759 0.000000 -0.028419 0.999596 0.000000 -0.126336 0.991987 0.000000 
-0.382150 -0.924100 -0.000000 0.998500 0.054754 0.000000 0.127289 -0.991866 0.000000 -0.933048 0.359753 0.000000 -0.028138 0.999604 0.000000 -0.127521 0.991836 0.000000 
-0.382154 -0.924099 -0.000000 0.998501 0.054728 0.000000 0.128526 -0.991706 0.000000 -0.933050 0.359747 0.000000 -0.027890 0.999611 0.000000 -0.128538 0.991705 0.000000 
-0.369872 -0.929083 -0.000000 0.999039 0.043828 0.000000 0.092821 -0.995683 0.000000 -0.937728 0.347371 0.000000 -0.018948 0.999820 0.000000 -0.101352 0.994851 0.000000 
0.997904 0.064707 0.000000 -0.949556 0.313598 0.000000 -0.016754 0.999860 0.000000 -0.336392 -0.941722 -0.000000 0.062525 -0.998043 0.000000 -0.065306 -0.997865 -0.000000 
0.997173 0.075144 0.000000 -0.963629 0.267244 0.000000 0.078662 0.996901 0.000000 -0.314422 -0.949283 -0.000000 0.070451 -0.997515 0.000000 
0.223492 0.974706 0.000000 0.999480 0.032246 0.000000 -0.975532 0.219859 0.000000 0.028035 -0.999607 0.000000 -0.463890 -0.885893 -0.000000 
0.999897 0.014359 0.000000 -0.977238 0.212147 0.000000 0.229682 0.973266 0.000000 0.507195 0.861831 0.000000 0.012651 -0.999920 0.000000 -0.623697 -0.781666 -0.000000 
1.000000 -0.000976 0.000000 -0.975840 0.218486 0.000000 0.236003 0.971752 0.000000 0.633257 0.773941 0.000000 -0.004239 -0.999991 -0.000000 -0.694270 -0.719714 -0.000000 
0.999980 -0.006320 0.000000 -0.975217 0.221252 0.000000 0.238771 0.971076 0.000000 0.665069 0.746782 0.000000 -0.009986 -0.999950 -0.000000 -0.713336 -0.700823 -0.000000 
0.999982 -0.005974 0.000000 -0.975218 0.221245 0.000000 0.238777 0.971074 0.000000 0.676427 0.736510 0.000000 -0.009628 -0.999954 -0.000000 -0.720228 -0.693737 -0.000000 
0.999993 -0.003768 0.000000 -0.975220 0.221239 0.000000 0.238781 0.971074 0.000000 0.674335 0.738425 0.000000 -0.006873 -0.999976 -0.000000 -0.719453 -0.694541 -0.000000 
1.000000 -0.000422 0.000000 -0.975221 0.221232 0.000000 0.238783 0.971073 0.000000 0.663754 0.747951 0.000000 -0.002484 -0.999997 -0.000000 -0.713886 -0.700262 -0.000000 
0.999995 0.003139 0.000000 -0.975223 0.221223 0.000000 0.238785 0.971072 0.000000 0.648161 0.761503 0.000000 0.002641 -0.999997 0.000000 -0.705660 -0.708550 -0.000000 
0.999939 0.011003 0.000000 -0.977881 0.209163 0.000000 0.226791 0.973943 0.000000 0.656731 0.754125 0.000000 0.009974 -0.999950 0.000000 -0.707559 -0.706654 -0.000000 
0.999628 0.027276 0.000000 -0.982065 0.188542 0.000000 0.206290 0.978491 0.000000 0.669330 0.742966 0.000000 0.026011 -0.999662 0.000000 -0.709769 -0.704434 -0.000000 
0.999087 0.042720 0.000000 -0.985744 0.168252 0.000000 0.186162 0.982519 0.000000 0.680104 0.733116 0.000000 0.041331 -0.999146 0.000000 -0.711441 -0.702746 -0.000000 
0.998323 0.057886 0.000000 -0.989041 0.147640 0.000000 0.165745 0.986169 0.000000 0.689964 0.723844 0.000000 0.056459 -0.998405 0.000000 -0.712947 -0.701218 -0.000000 
0.997397 0.072100 0.000000 -0.991977 0.126422 0.000000 0.144745 0.989469 0.000000 0.699114 0.715010 0.000000 0.070666 -0.997500 0.000000 -0.714388 -0.699750 -0.000000 
0.996931 0.078291 0.000000 0.076551 -0.997066 0.000000 0.124745 0.992189 0.000000 0.700324 0.713825 0.000000 -0.994345 0.106203 0.000000 -0.712289 -0.701886 -0.000000 
0.995886 0.090615 0.000000 0.088818 -0.996048 0.000000 0.102297 0.994754 0.000000 0.707381 0.706832 0.000000 -0.996542 0.083091 0.000000 -0.713353 -0.700805 -0.000000 
0.080823 0.996728 0.000000 0.105677 -0.994400 0.000000 0.994203 0.107518 0.000000 0.715637 0.698472 0.000000 -0.998259 0.058982 0.000000 -0.715672 -0.698436 -0.000000 
0.064944 0.997889 0.000000 0.122586 -0.992458 0.000000 0.992220 0.124499 0.000000 0.719194 0.694809 0.000000 -0.999255 0.038586 0.000000 -0.716037 -0.698063 -0.000000 
0.050376 0.998730 0.000000 0.137667 -0.990479 0.000000 0.990153 0.139990 0.000000 0.720326 0.693636 0.000000 -0.999855 0.017015 0.000000 -0.715884 -0.698219 -0.000000 
0.033858 0.999427 0.000000 0.151437 -0.988467 0.000000 0.987943 0.154820 0.000000 0.714067 0.700077 0.000000 -0.999989 -0.004654 -0.000000 -0.710814 -0.703380 -0.000000 
0.014393 0.999896 0.000000 0.166357 -0.986066 0.000000 0.985156 0.171663 0.000000 0.700222 0.713925 0.000000 -0.999606 -0.028085 -0.000000 -0.699677 -0.714459 -0.000000 
-0.006416 0.999979 0.000000 0.183690 -0.982984 0.000000 0.981408 0.191932 0.000000 0.681606 0.731720 0.000000 -0.998464 -0.055410 -0.000000 -0.684737 -0.728790 -0.000000 
-0.028597 0.999591 0.000000 0.202649 -0.979252 0.000000 0.976592 0.215101 0.000000 0.660972 0.750411 0.000000 -0.996034 -0.088970 -0.000000 -0.668185 -0.743996 -0.000000 
-0.051491 0.998673 0.000000 0.222520 -0.974928 0.000000 0.970614 0.240642 0.000000 0.640116 0.768278 0.000000 -0.991600 -0.129343 -0.000000 -0.651546 -0.758610 -0.000000 
-0.077262 0.997011 0.000000 0.245713 -0.969343 0.000000 0.962654 0.270735 0.000000 0.616065 0.787695 0.000000 -0.983953 -0.178428 -0.000000 -0.632078 -0.774905 -0.000000 
0.799838 -0.600215 0.000000 -0.111967 0.993712 0.000000 0.585302 0.810815 0.000000 0.950904 0.309486 0.000000 -0.992493 0.122300 0.000000 -0.390004 -0.920813 -0.000000 -0.967098 -0.254405 -0.000000 
-0.161636 0.986850 0.000000 0.563940 0.825816 0.000000 0.932465 0.361259 0.000000 0.191633 -0.981467 0.000000 0.847112 -0.531414 0.000000 -0.761050 -0.648693 -0.000000 -0.997073 0.076456 0.000000 
-0.182249 0.983252 0.000000 0.556921 0.830566 0.000000 0.919722 0.392570 0.000000 0.767431 -0.641131 0.000000 0.869551 -0.493842 0.000000 -0.425835 -0.904801 -0.000000 -0.998367 0.057125 0.000000 
-0.177799 0.984067 0.000000 -0.998967 0.045439 0.000000 0.538897 0.842372 0.000000 0.918351 0.395766 0.000000 -0.103148 -0.994666 -0.000000 0.878230 -0.478239 0.000000 
-0.173837 0.984774 0.000000 0.508832 0.860866 0.000000 0.916669 0.399647 0.000000 0.080969 -0.996717 0.000000 0.880740 -0.473600 0.000000 -0.995056 -0.099316 -0.000000 -0.999420 0.034051 0.000000 
-0.176446 0.984310 0.000000 0.483920 0.875112 0.000000 0.904180 0.427152 0.000000 0.111853 -0.993725 0.000000 0.881947 -0.471349 0.000000 -0.992869 -0.119213 -0.000000 -0.999717 0.023788 0.000000 
-0.169583 0.985516 0.000000 0.469552 0.882905 0.000000 0.889828 0.456296 0.000000 0.102988 -0.994683 0.000000 0.882812 -0.469726 0.000000 -0.994732 -0.102511 -0.000000 -0.999762 0.021828 0.000000 
-0.156656 0.987653 0.000000 0.465381 0.885110 0.000000 0.882904 0.469553 0.000000 0.105202 -0.994451 0.000000 0.886410 -0.462902 0.000000 -0.994421 -0.105486 -0.000000 -0.999777 0.021097 0.000000 
-0.141831 0.989891 0.000000 0.462861 0.886431 0.000000 0.876635 0.481157 0.000000 0.101780 -0.994807 0.000000 0.891503 -0.453014 0.000000 -0.994720 -0.102627 -0.000000 -0.999814 0.019308 0.000000 
-0.124784 0.992184 0.000000 0.456055 0.889952 0.000000 0.867343 0.497711 0.000000 0.100631 -0.994924 0.000000 0.896454 -0.443136 0.000000 -0.994994 -0.099935 -0.000000 -0.999854 0.017080 0.000000 
-0.107255 0.994232 0.000000 0.451441 0.892301 0.000000 0.857832 0.513931 0.000000 0.119527 -0.992831 0.000000 0.900965 -0.433892 0.000000 -0.992864 -0.119254 -0.000000 -0.999890 0.014834 0.000000 
-0.087025 0.996206 0.000000 0.454902 0.890542 0.000000 0.857462 0.514547 0.000000 0.116399 -0.993203 0.000000 0.904206 -0.427096 0.000000 -0.992934 -0.118667 -0.000000 -0.999879 0.015548 0.000000 
-0.072413 0.997375 0.000000 0.470175 0.882573 0.000000 0.865636 0.500674 0.000000 0.115463 -0.993312 0.000000 0.905905 -0.423480 0.000000 -0.993253 -0.115965 -0.000000 -0.999870 0.016106 0.000000 
-0.062707 0.998032 0.000000 0.485596 0.874184 0.000000 0.874335 0.485324 0.000000 0.118906 -0.992906 0.000000 0.906974 -0.421186 0.000000 -0.992845 -0.119407 -0.000000 -0.999859 0.016820 0.000000 
-0.056282 0.998415 0.000000 0.494875 0.868964 0.000000 0.880084 0.474817 0.000000 0.132781 -0.991145 0.000000 0.907697 -0.419626 0.000000 -0.991037 -0.133588 -0.000000 -0.999848 0.017463 0.000000 
-0.048969 0.998800 0.000000 0.503325 0.864097 0.000000 0.885620 0.464411 0.000000 0.151102 -0.988518 0.000000 0.908203 -0.418531 0.000000 -0.987486 -0.157708 -0.000000 -0.999834 0.018197 0.000000 
-0.041469 0.999140 0.000000 0.511680 0.859176 0.000000 0.890910 0.454180 0.000000 0.167462 -0.985879 0.000000 0.908554 -0.417766 0.000000 -0.983309 -0.181943 -0.000000 -0.999822 0.018859 0.000000 
-0.034446 0.999407 0.000000 0.519362 0.854554 0.000000 0.895395 0.445273 0.000000 0.176768 -0.984252 0.000000 0.908825 -0.417178 0.000000 -0.981803 -0.189901 -0.000000 -0.999812 0.019408 0.000000 
-0.027894 0.999611 0.000000 0.525528 0.850777 0.000000 0.898560 0.438851 0.000000 0.180843 -0.983512 0.000000 0.909185 -0.416392 0.000000 -0.982450 -0.186528 -0.000000 -0.999804 0.019799 0.000000 
-0.022430 0.999748 0.000000 0.530385 0.847757 0.000000 0.900565 0.434722 0.000000 0.182645 -0.983179 0.000000 0.909517 -0.415668 0.000000 -0.983124 -0.182941 -0.000000 -0.999801 0.019954 0.000000 
-0.016878 0.999858 0.000000 0.534546 0.845139 0.000000 0.902256 0.431200 0.000000 0.184129 -0.982902 0.000000 0.909615 -0.415453 0.000000 -0.982383 -0.186877 -0.000000 -0.999791 0.020422 0.000000 
-0.011355 0.999936 0.000000 0.538100 0.842881 0.000000 0.903848 0.427853 0.000000 0.185003 -0.982738 0.000000 0.909649 -0.415379 0.000000 -0.982134 -0.188181 -0.000000 -0.999785 0.020757 0.000000 
-0.006519 0.999979 0.000000 0.541249 0.840862 0.000000 0.905024 0.425360 0.000000 0.179301 -0.983794 0.000000 0.909475 -0.415759 0.000000 -0.983288 -0.182058 -0.000000 -0.999765 0.021688 0.000000 
-0.004125 0.999991 0.000000 0.543984 0.839096 0.000000 0.906152 0.422952 0.000000 0.175413 -0.984495 0.000000 0.909332 -0.416072 0.000000 -0.984233 -0.176880 -0.000000 -0.999757 0.022058 0.000000 
-0.000805 1.000000 0.000000 0.546181 0.837667 0.000000 0.907316 0.420450 0.000000 0.172438 -0.985020 0.000000 0.909254 -0.416243 0.000000 -0.984932 -0.172940 -0.000000 -0.999746 0.022552 0.000000 
0.001643 0.999999 0.000000 0.548093 0.836417 0.000000 0.908493 0.417900 0.000000 0.170345 -0.985385 0.000000 0.909170 -0.416424 0.000000 -0.985332 -0.170646 -0.000000 -0.999738 0.022879 0.000000 
0.003348 0.999994 0.000000 0.549945 0.835201 0.000000 0.909585 0.415519 0.000000 0.169144 -0.985591 0.000000 0.909163 -0.416440 0.000000 -0.985548 -0.169396 -0.000000 -0.999734 0.023042 0.000000 
0.004629 0.999989 0.000000 0.551522 0.834160 0.000000 0.910510 0.413487 0.000000 0.167437 -0.985883 0.000000 0.909179 -0.416405 0.000000 -0.985867 -0.167530 -0.000000 -0.999731 0.023203 0.000000 
0.006502 0.999979 0.000000 0.552814 0.833304 0.000000 0.911275 0.411799 0.000000 0.164664 -0.986350 0.000000 0.909196 -0.416368 0.000000 -0.986151 -0.165849 -0.000000 -0.999723 0.023526 0.000000 
0.007216 0.999974 0.000000 0.553885 0.832593 0.000000 0.911911 0.410387 0.000000 0.160707 -0.987002 0.000000 0.909120 -0.416534 0.000000 -0.986433 -0.164162 -0.000000 -0.999712 0.023990 0.000000 
0.007558 0.999971 0.000000 0.554597 0.832119 0.000000 0.912376 0.409354 0.000000 0.157474 -0.987523 0.000000 0.909166 -0.416433 0.000000 -0.986882 -0.161443 -0.000000 -0.999709 0.024112 0.000000 
0.007385 0.999973 0.000000 0.554924 0.831901 0.000000 0.912642 0.408760 0.000000 0.154593 -0.987978 0.000000 0.909176 -0.416411 0.000000 -0.987053 -0.160392 -0.000000 -0.999707 0.024189 0.000000 
0.006993 0.999976 0.000000 0.555034 0.831828 0.000000 0.912809 0.408388 0.000000 0.151898 -0.988396 0.000000 0.909189 -0.416384 0.000000 -0.986939 -0.161096 -0.000000 -0.999706 0.024247 0.000000 
0.006648 0.999978 0.000000 0.555173 0.831735 0.000000 0.913025 0.407904 0.000000 0.149323 -0.988789 0.000000 0.909244 -0.416264 0.000000 -0.986616 -0.163061 -0.000000 -0.999704 0.024313 0.000000 
0.006002 0.999982 0.000000 0.555235 0.831694 0.000000 0.913223 0.407460 0.000000 0.146089 -0.989271 0.000000 0.909161 -0.416446 0.000000 -0.986212 -0.165489 -0.000000 -0.999696 0.024663 0.000000 
0.004964 0.999988 0.000000 0.555162 0.831742 0.000000 0.913340 0.407197 0.000000 0.143861 -0.989598 0.000000 0.909148 -0.416472 0.000000 -0.985794 -0.167956 -0.000000 -0.999695 0.024687 0.000000 
0.003711 0.999993 0.000000 0.554997 0.831852 0.000000 0.913379 0.407111 0.000000 0.141683 -0.989912 0.000000 0.909118 -0.416538 0.000000 -0.985384 -0.170349 -0.000000 -0.999695 0.024683 0.000000 
0.002395 0.999997 0.000000 0.554805 0.831980 0.000000 0.913395 0.407075 0.000000 0.139515 -0.990220 0.000000 0.909079 -0.416624 0.000000 -0.985018 -0.172453 -0.000000 -0.999696 0.024670 0.000000 
0.001091 0.999999 0.000000 0.554614 0.832108 0.000000 0.913408 0.407046 0.000000 0.137407 -0.990515 0.000000 0.909036 -0.416718 0.000000 -0.984680 -0.174371 -0.000000 -0.999696 0.024656 0.000000 
-0.000080 1.000000 0.000000 0.554408 0.832245 0.000000 0.913405 0.407053 0.000000 0.135420 -0.990788 0.000000 0.909009 -0.416776 0.000000 -0.984335 -0.176309 -0.000000 -0.999696 0.024639 0.000000 
-0.001174 0.999999 0.000000 0.554236 0.832360 0.000000 0.913423 0.407011 0.000000 0.133802 -0.991008 0.000000 0.908970 -0.416862 0.000000 -0.983944 -0.178478 -0.000000 -0.999697 0.024621 0.000000 
-0.002166 0.999998 0.000000 0.554076 0.832466 0.000000 0.913474 0.406898 0.000000 0.132467 -0.991187 0.000000 0.908923 -0.416964 0.000000 -0.983521 -0.180793 -0.000000 -0.999697 0.024606 0.000000 
-0.003090 0.999995 0.000000 0.553907 0.832579 0.000000 0.913515 0.406806 0.000000 0.131179 -0.991359 0.000000 0.908881 -0.417056 0.000000 -0.983122 -0.182953 -0.000000 -0.999698 0.024588 0.000000 
-0.004048 0.999992 0.000000 0.553714 0.832707 0.000000 0.913574 0.406673 0.000000 0.129821 -0.991537 0.000000 0.908829 -0.417170 0.000000 -0.982821 -0.184561 -0.000000 -0.999698 0.024572 0.000000 
-0.004883 0.999988 0.000000 0.553495 0.832852 0.000000 0.913614 0.406584 0.000000 0.128415 -0.991720 0.000000 0.908787 -0.417260 0.000000 -0.982566 -0.185913 -0.000000 -0.999699 0.024551 0.000000 
-0.005641 0.999984 0.000000 0.553194 0.833052 0.000000 0.913609 0.406594 0.000000 0.127051 -0.991896 0.000000 0.908760 -0.417319 0.000000 -0.982327 -0.187175 -0.000000 -0.999699 0.024527 0.000000 
-0.006331 0.999980 0.000000 0.553037 0.833157 0.000000 0.913657 0.406486 0.000000 0.125941 -0.992038 0.000000 0.908724 -0.417398 0.000000 -0.982089 -0.188417 -0.000000 -0.999700 0.024504 0.000000 
-0.006896 0.999976 0.000000 0.552872 0.833266 0.000000 0.913704 0.406381 0.000000 0.125057 -0.992150 0.000000 0.908698 -0.417455 0.000000 -0.981831 -0.189760 -0.000000 -0.999700 0.024479 0.000000 
-0.007322 0.999973 0.000000 0.552716 0.833370 0.000000 0.913741 0.406296 0.000000 0.124293 -0.992246 0.000000 0.908692 -0.417467 0.000000 -0.981569 -0.191108 -0.000000 -0.999701 0.024451 0.000000 
-0.007720 0.999970 0.000000 0.552646 0.833416 0.000000 0.913776 0.406218 0.000000 0.123588 -0.992334 0.000000 0.908683 -0.417486 0.000000 -0.981369 -0.192132 -0.000000 -0.999701 0.024434 0.000000 
-0.007989 0.999968 0.000000 0.552600 0.833446 0.000000 0.913815 0.406130 0.000000 0.122938 -0.992414 0.000000 0.908679 -0.417495 0.000000 -0.981205 -0.192968 -0.000000 -0.999702 0.024421 0.000000 
-0.007976 0.999968 0.000000 0.552595 0.833450 0.000000 0.913865 0.406019 0.000000 0.122325 -0.992490 0.000000 0.908677 -0.417501 0.000000 -0.981075 -0.193629 -0.000000 -0.999702 0.024404 0.000000 
-0.007978 0.999968 0.000000 0.552606 0.833442 0.000000 0.913914 0.405908 0.000000 0.121804 -0.992554 0.000000 0.908679 -0.417496 0.000000 -0.980958 -0.194222 -0.000000 -0.999702 0.024404 0.000000 
-0.007893 0.999969 0.000000 0.552620 0.833433 0.000000 0.913971 0.405779 0.000000 0.121337 -0.992611 0.000000 0.908672 -0.417510 0.000000 -0.980849 -0.194772 -0.000000 -0.999702 0.024403 0.000000 
-0.007791 0.999970 0.000000 0.552647 0.833416 0.000000 0.914030 0.405646 0.000000 0.121045 -0.992647 0.000000 0.908676 -0.417502 0.000000 -0.980715 -0.195442 -0.000000 -0.999702 0.024411 0.000000 
-0.007772 0.999970 0.000000 0.552659 0.833407 0.000000 0.914050 0.405601 0.000000 0.120727 -0.992686 0.000000 0.908675 -0.417503 0.000000 -0.980616 -0.195939 -0.000000 -0.999702 0.024404 0.000000 
-0.007699 0.999970 0.000000 0.552653 0.833411 0.000000 0.914121 0.405443 0.000000 0.120460 -0.992718 0.000000 0.908677 -0.417499 0.000000 -0.980484 -0.196599 -0.000000 -0.999702 0.024402 0.000000 
-0.007618 0.999971 0.000000 0.552684 0.833391 0.000000 0.914172 0.405327 0.000000 0.120218 -0.992747 0.000000 0.908677 -0.417500 0.000000 -0.980390 -0.197067 -0.000000 -0.999702 0.024406 0.000000 
-0.007565 0.999971 0.000000 0.552713 0.833372 0.000000 0.914222 0.405213 0.000000 0.119961 -0.992779 0.000000 0.908676 -0.417502 0.000000 -0.980308 -0.197476 -0.000000 -0.999702 0.024412 0.000000 
-0.007555 0.999971 0.000000 0.552696 0.833383 0.000000 0.914243 0.405167 0.000000 0.119232 -0.992866 0.000000 0.908608 -0.417651 0.000000 -0.980178 -0.198118 -0.000000 -0.999698 0.024587 0.000000 
-0.007531 0.999972 0.000000 0.552706 0.833376 0.000000 0.914294 0.405051 0.000000 0.118760 -0.992923 0.000000 0.908610 -0.417646 0.000000 -0.980187 -0.198075 -0.000000 -0.999697 0.024596 0.000000 
-0.007546 0.999972 0.000000 0.552718 0.833368 0.000000 0.914315 0.405004 0.000000 0.118369 -0.992970 0.000000 0.908610 -0.417646 0.000000 -0.980146 -0.198277 -0.000000 -0.999697 0.024595 0.000000 
-0.007533 0.999972 0.000000 0.552728 0.833362 0.000000 0.914334 0.404962 0.000000 0.117990 -0.993015 0.000000 0.908607 -0.417652 0.000000 -0.980087 -0.198567 -0.000000 -0.999698 0.024593 0.000000 
-0.007432 0.999972 0.000000 0.552746 0.833350 0.000000 0.914405 0.404800 0.000000 0.117625 -0.993058 0.000000 0.908605 -0.417658 0.000000 -0.980010 -0.198946 -0.000000 -0.999697 0.024604 0.000000 
-0.007345 0.999973 0.000000 0.552780 0.833327 0.000000 0.914487 0.404614 0.000000 0.117294 -0.993097 0.000000 0.908606 -0.417655 0.000000 -0.979920 -0.199390 -0.000000 -0.999697 0.024616 0.000000 
-0.007315 0.999973 0.000000 0.552809 0.833308 0.000000 0.914561 0.404449 0.000000 0.116929 -0.993140 0.000000 0.908598 -0.417671 0.000000 -0.979842 -0.199775 -0.000000 -0.999697 0.024625 0.000000 
-0.007299 0.999973 0.000000 0.552832 0.833293 0.000000 0.914608 0.404341 0.000000 0.116514 -0.993189 0.000000 0.908602 -0.417663 0.000000 -0.979787 -0.200042 -0.000000 -0.999697 0.024628 0.000000 
-0.007365 0.999973 0.000000 0.552856 0.833277 0.000000 0.914641 0.404267 0.000000 0.116073 -0.993241 0.000000 0.908606 -0.417653 0.000000 -0.979744 -0.200255 -0.000000 -0.999697 0.024626 0.000000 
-0.007395 0.999973 0.000000 0.552867 0.833269 0.000000 0.914671 0.404199 0.000000 0.115587 -0.993297 0.000000 0.908611 -0.417644 0.000000 -0.979708 -0.200430 -0.000000 -0.999697 0.024625 0.000000 
-0.007384 0.999973 0.000000 0.552887 0.833257 0.000000 0.914716 0.404098 0.000000 0.115139 -0.993349 0.000000 0.908613 -0.417639 0.000000 -0.979657 -0.200680 -0.000000 -0.999697 0.024625 0.000000 
-0.007302 0.999973 0.000000 0.552880 0.833261 0.000000 0.914790 0.403929 0.000000 0.114671 -0.993404 0.000000 0.908647 -0.417564 0.000000 -0.979529 -0.201305 -0.000000 -0.999697 0.024625 0.000000 
-0.007223 0.999974 0.000000 0.552926 0.833230 0.000000 0.914879 0.403728 0.000000 0.114352 -0.993440 0.000000 0.908647 -0.417565 0.000000 -0.979430 -0.201783 -0.000000 -0.999697 0.024626 0.000000 
-0.007183 0.999974 0.000000 0.552954 0.833212 0.000000 0.914935 0.403601 0.000000 0.114032 -0.993477 0.000000 0.908649 -0.417560 0.000000 -0.979351 -0.202166 -0.000000 -0.999697 0.024632 0.000000 
-0.007093 0.999975 0.000000 0.552953 0.833212 0.000000 0.914997 0.403460 0.000000 0.113228 -0.993569 0.000000 0.908592 -0.417684 0.000000 -0.979239 -0.202711 -0.000000 -0.999693 0.024790 0.000000 
-0.007048 0.999975 0.000000 0.552922 0.833233 0.000000 0.915089 0.403251 0.000000 0.112705 -0.993629 0.000000 0.908650 -0.417558 0.000000 -0.979092 -0.203416 -0.000000 -0.999693 0.024776 0.000000 
-0.007058 0.999975 0.000000 0.552929 0.833229 0.000000 0.915102 0.403223 0.000000 0.112399 -0.993663 0.000000 0.908654 -0.417551 0.000000 -0.979033 -0.203702 -0.000000 -0.999693 0.024766 0.000000 
-0.007065 0.999975 0.000000 0.552931 0.833227 0.000000 0.915108 0.403208 0.000000 0.112104 -0.993697 0.000000 0.908656 -0.417545 0.000000 -0.978976 -0.203973 -0.000000 -0.999693 0.024760 0.000000 
-0.007015 0.999975 0.000000 0.552931 0.833227 0.000000 0.915118 0.403185 0.000000 0.111792 -0.993732 0.000000 0.908654 -0.417551 0.000000 -0.978935 -0.204173 -0.000000 -0.999694 0.024756 0.000000 
-0.007040 0.999975 0.000000 0.552941 0.833220 0.000000 0.915133 0.403151 0.000000 0.111489 -0.993766 0.000000 0.908657 -0.417544 0.000000 -0.978906 -0.204312 -0.000000 -0.999694 0.024753 0.000000 
-0.007027 0.999975 0.000000 0.552950 0.833215 0.000000 0.915155 0.403102 0.000000 0.111161 -0.993802 0.000000 0.908659 -0.417538 0.000000 -0.978897 -0.204356 -0.000000 -0.999694 0.024753 0.000000 
-0.006861 0.999976 0.000000 0.552956 0.833210 0.000000 0.915221 0.402953 0.000000 0.110822 -0.993840 0.000000 0.908684 -0.417484 0.000000 -0.978822 -0.204714 -0.000000 -0.999694 0.024757 0.000000 
-0.006836 0.999977 0.000000 0.552983 0.833193 0.000000 0.915279 0.402821 0.000000 0.110606 -0.993864 0.000000 0.908684 -0.417486 0.000000 -0.978777 -0.204930 -0.000000 -0.999693 0.024765 0.000000 
-0.006774 0.999977 0.000000 0.552987 0.833190 0.000000 0.915319 0.402728 0.000000 0.110099 -0.993921 0.000000 0.908640 -0.417580 0.000000 -0.978649 -0.205538 -0.000000 -0.999690 0.024904 0.000000 
-0.006803 0.999977 0.000000 0.553004 0.833178 0.000000 0.915344 0.402673 0.000000 0.109600 -0.993976 0.000000 0.908640 -0.417581 0.000000 -0.978747 -0.205072 -0.000000 -0.999690 0.024911 0.000000 
