2.254823 -0.546177 0.004668 2.385960 -0.589155 0.004679 2.188476 -0.749833 0.004972 2.317406 -0.795295 0.004988 
2.254823 -0.546161 0.004715 2.385962 -0.589132 0.004715 2.188485 -0.749820 0.004926 2.317418 -0.795276 0.004929 
2.254822 -0.546161 0.004738 2.385962 -0.589132 0.004739 2.188485 -0.749820 0.004926 2.317417 -0.795277 0.004930 
2.254828 -0.546161 0.004768 2.385970 -0.589124 0.004788 2.188504 -0.749824 0.004872 2.317439 -0.795272 0.004894 
2.254816 -0.546266 0.004522 2.385967 -0.589200 0.004715 2.188535 -0.749943 0.004692 2.317480 -0.795363 0.004886 
2.254644 -0.546288 0.004613 2.385794 -0.589226 0.004521 2.188359 -0.749965 0.004842 2.317303 -0.795388 0.004754 
2.254653 -0.546278 0.004657 2.385801 -0.589222 0.004580 2.188358 -0.749951 0.004813 2.317300 -0.795380 0.004739 
2.254612 -0.546249 0.004787 2.385766 -0.589177 0.004616 2.188343 -0.749931 0.004768 2.317291 -0.795344 0.004598 
2.254600 -0.546232 0.004858 2.385757 -0.589149 0.004667 2.188346 -0.749918 0.004718 2.317297 -0.795321 0.004527 
2.254376 -0.546153 0.005072 2.385539 -0.589050 0.004535 2.188154 -0.749850 0.004792 2.317111 -0.795232 0.004256 
2.254362 -0.546150 0.005074 2.385523 -0.589052 0.004584 2.188131 -0.749843 0.004811 2.317086 -0.795231 0.004322 
2.254194 -0.545986 0.005459 2.385376 -0.588821 0.004716 2.188064 -0.749711 0.004676 2.317041 -0.795033 0.003929 
2.254193 -0.545983 0.005413 2.385375 -0.588819 0.004736 2.188062 -0.749709 0.004705 2.317040 -0.795031 0.004026 
2.254191 -0.545981 0.005373 2.385373 -0.588817 0.004756 2.188061 -0.749707 0.004732 2.317039 -0.795030 0.004112 
2.254189 -0.545979 0.005340 2.385372 -0.588815 0.004774 2.188059 -0.749705 0.004758 2.317037 -0.795028 0.004190 
2.254188 -0.545977 0.005312 2.385370 -0.588813 0.004791 2.188058 -0.749703 0.004783 2.317036 -0.795026 0.004259 
2.254187 -0.545976 0.005289 2.385370 -0.588812 0.004806 2.188057 -0.749702 0.004806 2.317035 -0.795025 0.004321 
2.254186 -0.545974 0.005270 2.385369 -0.588811 0.004820 2.188056 -0.749700 0.004828 2.317035 -0.795024 0.004377 
2.254186 -0.545973 0.005259 2.385368 -0.588810 0.004833 2.188056 -0.749699 0.004854 2.317034 -0.795023 0.004426 
2.254185 -0.545972 0.005254 2.385368 -0.588809 0.004845 2.188056 -0.749699 0.004882 2.317034 -0.795023 0.004471 
2.254185 -0.545971 0.005248 2.385368 -0.588808 0.004854 2.188055 -0.749698 0.004907 2.317034 -0.795022 0.004512 
2.254185 -0.545970 0.005239 2.385367 -0.588807 0.004860 2.188055 -0.749697 0.004929 2.317033 -0.795021 0.004549 
2.254184 -0.545969 0.005220 2.385367 -0.588807 0.004868 2.188054 -0.749696 0.004938 2.317033 -0.795020 0.004585 
2.254183 -0.545969 0.005198 2.385366 -0.588806 0.004874 2.188053 -0.749695 0.004943 2.317032 -0.795019 0.004618 
2.254183 -0.545968 0.005178 2.385365 -0.588805 0.004880 2.188053 -0.749694 0.004948 2.317031 -0.795019 0.004649 
2.254182 -0.545967 0.005159 2.385365 -0.588804 0.004885 2.188052 -0.749694 0.004952 2.317030 -0.795018 0.004678 
2.254181 -0.545966 0.005141 2.385364 -0.588803 0.004889 2.188051 -0.749693 0.004955 2.317030 -0.795017 0.004703 
2.254181 -0.545965 0.005123 2.385364 -0.588803 0.004892 2.188051 -0.749692 0.004958 2.317029 -0.795017 0.004727 
2.254180 -0.545965 0.005106 2.385363 -0.588802 0.004894 2.188050 -0.749691 0.004960 2.317029 -0.795016 0.004749 
2.254180 -0.545964 0.005089 2.385362 -0.588802 0.004896 2.188050 -0.749691 0.004962 2.317029 -0.795016 0.004770 
2.254179 -0.545964 0.005072 2.385362 -0.588801 0.004897 2.188049 -0.749690 0.004963 2.317028 -0.795015 0.004788 
2.254179 -0.545963 0.005055 2.385362 -0.588800 0.004897 2.188049 -0.749690 0.004964 2.317028 -0.795014 0.004806 
2.254178 -0.545962 0.005038 2.385361 -0.588800 0.004896 2.188048 -0.749689 0.004964 2.317027 -0.795014 0.004823 
2.254050 -0.545946 0.004972 2.385297 -0.588587 0.005008 2.188226 -0.749770 0.004262 2.317272 -0.794902 0.004287 
2.253509 -0.546014 0.005209 2.384769 -0.588609 0.004492 2.187753 -0.749860 0.004567 2.316813 -0.794946 0.003847 
2.253469 -0.546259 0.004602 2.384722 -0.588877 0.004175 2.187679 -0.750096 0.004709 2.316733 -0.795205 0.004288 
2.253247 -0.546154 0.004876 2.384520 -0.588712 0.004227 2.187549 -0.750020 0.004671 2.316622 -0.795070 0.004025 
2.253205 -0.546376 0.004552 2.384456 -0.588999 0.003963 2.187409 -0.750210 0.004938 2.316460 -0.795324 0.004360 
2.253232 -0.546554 0.004126 2.384471 -0.589218 0.003800 2.187374 -0.750366 0.005028 2.316412 -0.795521 0.004717 
2.253231 -0.546555 0.004204 2.384470 -0.589219 0.003911 2.187372 -0.750368 0.005017 2.316411 -0.795522 0.004738 
2.253229 -0.546556 0.004273 2.384468 -0.589220 0.004013 2.187371 -0.750370 0.005007 2.316409 -0.795524 0.004760 
2.253194 -0.546584 0.004235 2.384426 -0.589271 0.003948 2.187301 -0.750386 0.005107 2.316332 -0.795562 0.004834 
2.253615 -0.546937 0.003415 2.384776 -0.589839 0.003874 2.187381 -0.750623 0.004974 2.316336 -0.796012 0.005451 
2.253610 -0.546901 0.003560 2.384763 -0.589828 0.003991 2.187338 -0.750577 0.004913 2.316285 -0.795990 0.005360 
2.253610 -0.546904 0.003693 2.384763 -0.589831 0.004083 2.187339 -0.750581 0.004919 2.316286 -0.795994 0.005323 
2.253611 -0.546905 0.003812 2.384764 -0.589833 0.004167 2.187339 -0.750583 0.004978 2.316286 -0.795996 0.005346 
2.253613 -0.546901 0.003921 2.384767 -0.589828 0.004246 2.187342 -0.750576 0.005337 2.316289 -0.795990 0.005679 
2.253618 -0.546889 0.004020 2.384771 -0.589816 0.004326 2.187347 -0.750560 0.006032 2.316294 -0.795973 0.006363 
2.253624 -0.546871 0.004110 2.384777 -0.589798 0.004405 2.187355 -0.750532 0.007009 2.316303 -0.795944 0.007342 
2.253631 -0.546852 0.004192 2.384784 -0.589778 0.004479 2.187366 -0.750498 0.008043 2.316314 -0.795910 0.008382 
2.253637 -0.546833 0.004266 2.384791 -0.589758 0.004549 2.187378 -0.750461 0.009058 2.316326 -0.795871 0.009406 
2.253643 -0.546813 0.004333 2.384798 -0.589738 0.004613 2.187391 -0.750419 0.010061 2.316339 -0.795829 0.010420 
2.253650 -0.546794 0.004394 2.384804 -0.589718 0.004674 2.187405 -0.750374 0.011059 2.316354 -0.795782 0.011430 
2.253656 -0.546774 0.004451 2.384811 -0.589697 0.004731 2.187420 -0.750324 0.012058 2.316370 -0.795731 0.012444 
2.253663 -0.546754 0.004503 2.384818 -0.589676 0.004785 2.187437 -0.750269 0.013065 2.316387 -0.795675 0.013467 
2.253669 -0.546733 0.004551 2.384825 -0.589655 0.004836 2.187456 -0.750209 0.014092 2.316406 -0.795613 0.014511 
2.253676 -0.546711 0.004595 2.384832 -0.589632 0.004884 2.187477 -0.750142 0.015147 2.316427 -0.795545 0.015584 
2.253684 -0.546689 0.004643 2.384840 -0.589609 0.004924 2.187501 -0.750068 0.016234 2.316452 -0.795470 0.016678 
2.253692 -0.546666 0.004690 2.384848 -0.589585 0.004959 2.187528 -0.749987 0.017357 2.316479 -0.795387 0.017803 
2.253700 -0.546641 0.004737 2.384856 -0.589560 0.004990 2.187558 -0.749897 0.018523 2.316510 -0.795296 0.018970 
2.253709 -0.546616 0.004781 2.384866 -0.589534 0.005021 2.187592 -0.749797 0.019737 2.316545 -0.795194 0.020187 
2.253719 -0.546589 0.004823 2.384875 -0.589506 0.005050 2.187630 -0.749685 0.021007 2.316583 -0.795080 0.021462 
2.253728 -0.546560 0.004864 2.384885 -0.589477 0.005079 2.187672 -0.749560 0.022341 2.316626 -0.794953 0.022803 
2.253739 -0.546530 0.004903 2.384896 -0.589446 0.005108 2.187719 -0.749419 0.023746 2.316673 -0.794809 0.024217 
2.253750 -0.546497 0.004941 2.384907 -0.589413 0.005136 2.187771 -0.749260 0.025230 2.316727 -0.794649 0.025712 
2.253761 -0.546463 0.004978 2.384919 -0.589377 0.005165 2.187830 -0.749082 0.026801 2.316787 -0.794467 0.027297 
2.253774 -0.546426 0.005015 2.384932 -0.589339 0.005194 2.187897 -0.748880 0.028469 2.316854 -0.794262 0.028980 
2.253787 -0.546386 0.005052 2.384945 -0.589299 0.005223 2.187973 -0.748652 0.030244 2.316931 -0.794030 0.030772 
2.253801 -0.546343 0.005088 2.384960 -0.589255 0.005253 2.188058 -0.748393 0.032135 2.317018 -0.793767 0.032683 
2.253817 -0.546297 0.005126 2.384975 -0.589208 0.005284 2.188155 -0.748098 0.034155 2.317116 -0.793468 0.034725 
2.253833 -0.546247 0.005164 2.384992 -0.589158 0.005316 2.188265 -0.747762 0.036316 2.317228 -0.793128 0.036911 
2.253851 -0.546194 0.005203 2.385010 -0.589104 0.005349 2.188391 -0.747378 0.038634 2.317356 -0.792738 0.039255 
2.253871 -0.546136 0.005260 2.385031 -0.589044 0.005376 2.188544 -0.746941 0.041143 2.317511 -0.792294 0.041769 
2.253893 -0.546076 0.005350 2.385054 -0.588982 0.005407 2.188725 -0.746451 0.043828 2.317695 -0.791796 0.044432 
2.253915 -0.546009 0.005447 2.385076 -0.588914 0.005501 2.188910 -0.745887 0.046688 2.317883 -0.791224 0.047328 
2.253939 -0.545935 0.005558 2.385100 -0.588840 0.005607 2.189123 -0.745241 0.049759 2.318099 -0.790570 0.050437 
2.253966 -0.545854 0.005680 2.385127 -0.588759 0.005722 2.189370 -0.744496 0.053077 2.318348 -0.789815 0.053793 
2.253996 -0.545763 0.005815 2.385157 -0.588667 0.005849 2.189657 -0.743626 0.056693 2.318640 -0.788933 0.057451 
2.254030 -0.545661 0.005962 2.385191 -0.588565 0.005988 2.189994 -0.742607 0.060640 2.318981 -0.787900 0.061444 
2.254068 -0.545547 0.006123 2.385229 -0.588451 0.006141 2.190387 -0.741415 0.064932 2.319380 -0.786693 0.065786 
2.254110 -0.545419 0.006299 2.385271 -0.588323 0.006307 2.190846 -0.740026 0.069573 2.319844 -0.785286 0.070482 
2.254157 -0.545277 0.006488 2.385319 -0.588180 0.006485 2.191380 -0.738414 0.074568 2.320385 -0.783653 0.075534 
2.254210 -0.545118 0.006693 2.385371 -0.588022 0.006677 2.191997 -0.736548 0.079917 2.321009 -0.781764 0.080944 
2.254268 -0.544942 0.006912 2.385429 -0.587847 0.006884 2.192709 -0.734394 0.085628 2.321731 -0.779582 0.086720 
2.254326 -0.544784 0.007122 2.385488 -0.587684 0.007098 2.193525 -0.731938 0.091705 2.322559 -0.777088 0.092886 
2.254398 -0.544565 0.007375 2.385560 -0.587467 0.007336 2.194473 -0.729072 0.098173 2.323519 -0.774186 0.099426 
2.254479 -0.544321 0.007646 2.385640 -0.587224 0.007591 2.195569 -0.725754 0.105060 2.324630 -0.770827 0.106392 
2.254582 -0.544072 0.007921 2.385735 -0.587001 0.007858 2.196817 -0.721915 0.112387 2.325886 -0.766961 0.113812 
2.254443 -0.543853 0.008359 2.385581 -0.586827 0.008201 2.198060 -0.717535 0.120312 2.327133 -0.762566 0.121749 
2.254563 -0.543514 0.008852 2.385691 -0.586519 0.008688 2.199699 -0.712468 0.128527 2.328784 -0.757464 0.130068 
2.254692 -0.543106 0.009392 2.385797 -0.586181 0.009215 2.201560 -0.706552 0.137220 2.330646 -0.751539 0.138864 
2.254839 -0.542626 0.009970 2.385897 -0.585844 0.009781 2.203658 -0.699630 0.146381 2.332726 -0.744666 0.148136 
2.254679 -0.542797 0.010554 2.385672 -0.586213 0.010467 2.205775 -0.691841 0.156404 2.334811 -0.736960 0.158394 
2.254857 -0.542302 0.011131 2.385799 -0.585871 0.011168 2.208450 -0.682838 0.165965 2.337470 -0.727988 0.168206 
2.255070 -0.541643 0.011774 2.385950 -0.585397 0.011913 2.211568 -0.672437 0.175719 2.340568 -0.717632 0.178191 
2.255322 -0.540841 0.012461 2.386167 -0.584699 0.012679 2.215279 -0.660633 0.185447 2.344294 -0.705774 0.188125 
2.255606 -0.539750 0.013181 2.386427 -0.583679 0.013472 2.219570 -0.647046 0.195023 2.348619 -0.692080 0.197899 
2.255983 -0.537686 0.013894 2.386771 -0.581713 0.014215 2.224442 -0.631178 0.204005 2.353522 -0.676113 0.207028 
2.256416 -0.533578 0.014557 2.387133 -0.577816 0.014892 2.229520 -0.612736 0.211758 2.358595 -0.657675 0.214896 
2.256863 -0.526584 0.015299 2.387485 -0.571100 0.015491 2.235063 -0.590843 0.218457 2.364118 -0.635845 0.221539 
2.257410 -0.515975 0.016075 2.387914 -0.560839 0.015986 2.241365 -0.564220 0.224144 2.370384 -0.609339 0.227018 
2.256368 -0.491835 0.019989 2.386643 -0.537210 0.016303 2.246937 -0.537050 0.229140 2.375823 -0.582632 0.228467 
2.254581 -0.465405 0.044350 2.384283 -0.511691 0.035455 2.253293 -0.510384 0.253761 2.381727 -0.556865 0.247932 
2.264755 -0.447921 0.069345 2.394619 -0.493792 0.060682 2.265032 -0.488004 0.279752 2.393650 -0.534004 0.274167 
2.281925 -0.437304 0.090432 2.408686 -0.516068 0.299488 
2.304587 -0.430316 0.107920 2.427711 -0.500103 0.322272 
2.450992 -0.484182 0.339819 2.334013 -0.423917 0.119227 
2.474607 -0.467559 0.348586 2.363303 -0.413888 0.123403 
2.489131 -0.451679 0.349195 2.380171 -0.399941 0.122419 
2.496842 -0.436712 0.343725 2.385522 -0.383810 0.118368 
2.500344 -0.422959 0.334005 2.383913 -0.367662 0.111828 
2.502194 -0.411033 0.320213 2.381620 -0.352915 0.100985 
2.502681 -0.402392 0.302254 2.381433 -0.340838 0.084340 
2.504778 -0.397002 0.279641 2.520356 -0.362469 0.065729 2.385946 -0.331477 0.061554 
2.509331 -0.394554 0.252978 2.528760 -0.354979 0.040258 2.376366 -0.364062 0.244001 2.394246 -0.324756 0.034208 
2.513783 -0.395106 0.235203 2.537241 -0.353966 0.023187 2.381025 -0.364469 0.223946 2.402879 -0.323618 0.014825 
2.512604 -0.396815 0.236743 2.537796 -0.357774 0.024529 2.379945 -0.366292 0.224099 2.403509 -0.327511 0.014770 
2.512903 -0.396357 0.236794 2.537911 -0.357406 0.024541 2.380147 -0.366256 0.224165 2.403527 -0.327568 0.014799 
2.513758 -0.395952 0.236355 2.538066 -0.356324 0.024147 2.380871 -0.366246 0.224169 2.403562 -0.326895 0.014850 
2.514265 -0.397207 0.235850 2.538168 -0.356414 0.023816 2.381296 -0.367727 0.224018 2.403586 -0.327229 0.014875 
2.512816 -0.398317 0.237653 2.538001 -0.360753 0.025172 2.379975 -0.368765 0.224624 2.403530 -0.331451 0.015028 
2.509412 -0.399905 0.240470 2.538737 -0.365755 0.027944 2.376968 -0.370024 0.224489 2.404608 -0.336071 0.014820 
2.505411 -0.400135 0.242450 2.538198 -0.367897 0.030131 2.373323 -0.370027 0.224114 2.404380 -0.337958 0.014627 
2.500542 -0.399208 0.244521 2.537464 -0.368678 0.032628 2.368958 -0.368667 0.223478 2.404097 -0.338276 0.014386 
2.493520 -0.395880 0.247671 2.536448 -0.369034 0.036412 2.362803 -0.364712 0.222547 2.403869 -0.337948 0.014041 
2.484286 -0.391482 0.251315 2.534894 -0.369027 0.041248 2.354766 -0.359985 0.220942 2.403416 -0.337546 0.013560 
2.472563 -0.386825 0.255077 2.532694 -0.368920 0.047093 2.344821 -0.354857 0.218335 2.402877 -0.336899 0.012945 
2.458615 -0.382599 0.258273 2.529790 -0.368022 0.053541 2.333307 -0.349954 0.214431 2.402273 -0.335270 0.012179 
2.442262 -0.378050 0.260932 2.526037 -0.366912 0.060803 2.320234 -0.344791 0.209038 2.401653 -0.333493 0.011248 
2.422766 -0.372660 0.263341 2.521040 -0.365951 0.069716 2.305300 -0.338804 0.202142 2.401056 -0.331866 0.010673 
2.400411 -0.366022 0.264374 2.514501 -0.364259 0.079512 2.288966 -0.331654 0.193039 2.400372 -0.329587 0.010112 
2.375354 -0.358187 0.263188 2.506487 -0.361842 0.090028 2.271770 -0.323620 0.180937 2.400052 -0.326892 0.009442 
2.348941 -0.348567 0.259069 2.497085 -0.357778 0.100443 2.254869 -0.314569 0.165879 2.400013 -0.323323 0.008607 
2.324457 -0.338613 0.252846 2.486889 -0.352531 0.109263 2.239939 -0.306244 0.150382 2.399259 -0.319655 0.007852 
2.303001 -0.329798 0.245018 2.476961 -0.347690 0.116131 2.227872 -0.298587 0.135148 2.398647 -0.315927 0.007034 
2.285491 -0.320703 0.237142 2.468184 -0.342819 0.121694 2.218700 -0.292071 0.121345 2.398164 -0.313600 0.006423 
2.272750 -0.313885 0.230274 2.461356 -0.338063 0.125217 2.212468 -0.286482 0.110671 2.397824 -0.310055 0.005956 
2.263964 -0.309793 0.224859 2.456431 -0.334825 0.127271 2.208539 -0.282122 0.102989 2.397748 -0.306535 0.005615 
2.255384 -0.305925 0.219193 2.451355 -0.331815 0.129089 2.204828 -0.277968 0.095289 2.397538 -0.303222 0.005274 
2.246018 -0.301436 0.212562 2.445605 -0.328290 0.131090 2.200988 -0.273576 0.086523 2.397315 -0.299781 0.004997 
2.236212 -0.296982 0.205018 2.439330 -0.324670 0.133113 2.197295 -0.269148 0.076953 2.397162 -0.296176 0.004840 
2.232127 -0.296265 0.200194 2.437572 -0.321143 0.134110 2.196782 -0.267304 0.071346 2.398978 -0.291552 0.004964 
2.229337 -0.295362 0.196299 2.436468 -0.317911 0.134799 2.196710 -0.265741 0.066886 2.400593 -0.287686 0.005016 
2.227552 -0.294200 0.194454 2.435490 -0.314972 0.135089 2.196048 -0.264581 0.064762 2.400738 -0.284775 0.004995 
2.226665 -0.293318 0.193590 2.435035 -0.312584 0.135243 2.195592 -0.263850 0.063760 2.400713 -0.282560 0.004995 
2.226625 -0.293770 0.193496 2.435142 -0.311710 0.135251 2.195436 -0.264453 0.063659 2.400700 -0.281859 0.004994 
2.226828 -0.295179 0.193567 2.435452 -0.311466 0.135216 2.195353 -0.266032 0.063761 2.400718 -0.281808 0.004993 
2.227834 -0.297484 0.194295 2.436345 -0.311510 0.134961 2.195467 -0.268408 0.064692 2.400713 -0.281957 0.004957 
2.229811 -0.299598 0.195871 2.437876 -0.311591 0.134561 2.195966 -0.270557 0.066639 2.400759 -0.282102 0.004959 
2.232678 -0.301704 0.198144 2.439994 -0.311534 0.133978 2.196792 -0.272715 0.069452 2.400826 -0.282128 0.004962 
2.236346 -0.303780 0.200990 2.442608 -0.311376 0.133224 2.197941 -0.274927 0.072997 2.400912 -0.282138 0.004964 
2.239889 -0.305843 0.203612 2.445091 -0.311081 0.132489 2.199090 -0.277255 0.076302 2.400993 -0.282145 0.004966 
2.241537 -0.307009 0.203924 2.446644 -0.310665 0.132429 2.200282 -0.278804 0.076675 2.402088 -0.282138 0.004973 
2.244591 -0.307850 0.199918 2.451451 -0.309848 0.133594 2.206289 -0.280370 0.071592 2.409850 -0.282076 0.004978 
2.249925 -0.309166 0.192457 2.459552 -0.308741 0.135447 2.217060 -0.282503 0.062462 2.423401 -0.281827 0.005014 
2.259586 -0.311401 0.188370 2.470807 -0.305499 0.137928 2.230125 -0.284713 0.057566 2.438072 -0.278639 0.006585 
2.265028 -0.311020 0.191771 2.477495 -0.301727 0.147444 2.238934 -0.285674 0.059989 2.448141 -0.276270 0.015027 
2.263214 -0.308002 0.202128 2.476806 -0.298235 0.163701 2.240752 -0.285025 0.069247 2.451103 -0.275177 0.030091 
2.256418 -0.303440 0.215270 2.471142 -0.294596 0.183505 2.238249 -0.283344 0.081271 2.449757 -0.274433 0.048671 
2.462092 -0.290919 0.203927 2.233188 -0.281200 0.092905 
2.450365 -0.287158 0.224000 2.226224 -0.278780 0.103549 
2.434865 -0.283803 0.242758 2.216137 -0.276014 0.112700 
2.415685 -0.282390 0.256176 2.203102 -0.273612 0.116358 
2.395313 -0.281659 0.266736 2.189371 -0.271354 0.117406 
2.376392 -0.280741 0.276004 2.177039 -0.269237 0.118069 
2.361248 -0.279122 0.284599 2.168171 -0.267557 0.119053 
2.350374 -0.277160 0.291931 2.374287 -0.271166 0.156151 2.136605 -0.272468 0.253528 2.163291 -0.266597 0.119576 
2.341726 -0.275063 0.298564 2.370199 -0.269926 0.163631 2.129368 -0.271058 0.252938 2.160551 -0.266027 0.119927 
2.333431 -0.272604 0.305700 2.366277 -0.268431 0.171731 2.122665 -0.269464 0.253150 2.158156 -0.265374 0.121189 
2.324325 -0.270372 0.312132 2.361248 -0.267121 0.179203 2.115262 -0.267772 0.253142 2.154769 -0.264589 0.122303 
2.313987 -0.268622 0.317364 2.354661 -0.266226 0.185517 2.106682 -0.265956 0.252469 2.149880 -0.263620 0.122784 
2.303479 -0.267023 0.321886 2.347492 -0.265484 0.191101 2.097897 -0.263989 0.251739 2.144377 -0.262508 0.123181 
2.293240 -0.265648 0.325521 2.340117 -0.264919 0.195729 2.089262 -0.261998 0.250865 2.138557 -0.261326 0.123352 
2.284100 -0.264662 0.327962 2.333287 -0.264587 0.199026 2.081507 -0.260262 0.249667 2.133070 -0.260250 0.123053 
2.277081 -0.264191 0.329066 2.327956 -0.264512 0.200787 2.075552 -0.259102 0.248108 2.128773 -0.259491 0.122183 
2.272710 -0.264084 0.329298 2.324657 -0.264572 0.201450 2.071879 -0.258537 0.246654 2.126152 -0.259097 0.121179 
2.270925 -0.264202 0.329042 2.323287 -0.264698 0.201363 2.070370 -0.258411 0.245749 2.125048 -0.258984 0.120451 
2.271630 -0.264427 0.328586 2.323735 -0.264833 0.200801 2.070908 -0.258591 0.245700 2.125334 -0.259075 0.120292 
2.274212 -0.264786 0.327853 2.325551 -0.265005 0.199758 2.072991 -0.259043 0.246177 2.126666 -0.259341 0.120445 
2.278444 -0.265407 0.326538 2.328558 -0.265298 0.197959 2.076443 -0.259841 0.246798 2.128916 -0.259811 0.120559 
2.284275 -0.266305 0.324539 2.332712 -0.265717 0.195320 2.081242 -0.260998 0.247447 2.132068 -0.260490 0.120536 
2.291455 -0.267315 0.322116 2.337780 -0.266172 0.192129 2.087180 -0.262341 0.248354 2.135933 -0.261278 0.120636 
2.299962 -0.268397 0.319254 2.343731 -0.266636 0.188391 2.094268 -0.263841 0.249519 2.140508 -0.262160 0.120877 
2.309808 -0.269598 0.315731 2.350575 -0.267129 0.183912 2.102561 -0.265555 0.250722 2.145849 -0.263166 0.121067 
2.320896 -0.270996 0.311242 2.358352 -0.267665 0.178464 2.112077 -0.267637 0.251436 2.152107 -0.264385 0.120758 
2.330844 -0.274437 0.302285 2.364478 -0.269572 0.168534 2.120395 -0.270516 0.248530 2.156662 -0.265752 0.116804 
2.336855 -0.278475 0.292493 2.365167 -0.272396 0.157565 2.124482 -0.271690 0.247269 2.155505 -0.265763 0.114257 
2.342191 -0.280441 0.287353 2.128084 -0.270663 0.251908 2.153081 -0.264533 0.117642 
2.350806 -0.280781 0.283743 2.154065 -0.263171 0.123118 
2.363275 -0.281568 0.275732 2.159069 -0.262619 0.124872 
2.377317 -0.282811 0.264675 2.165964 -0.262573 0.124183 
2.391652 -0.283934 0.251964 2.173164 -0.262392 0.123059 
2.404820 -0.285019 0.238878 2.179439 -0.261909 0.122745 
2.417253 -0.286266 0.224923 2.185372 -0.261350 0.122803 2.396612 -0.272506 0.089171 
2.218441 -0.276177 0.256341 2.430332 -0.287366 0.209749 2.192435 -0.260997 0.122988 2.401074 -0.271881 0.075778 
2.236045 -0.278032 0.254815 2.444230 -0.288535 0.193641 2.200945 -0.261207 0.123763 2.405844 -0.271400 0.062199 
2.257333 -0.281841 0.250646 2.460617 -0.290359 0.174507 2.212818 -0.263311 0.122720 2.412795 -0.271531 0.046435 
2.284006 -0.287697 0.240876 2.480647 -0.291920 0.148636 2.229203 -0.267153 0.117327 2.422533 -0.271118 0.025210 
2.309417 -0.292592 0.231025 2.498707 -0.293182 0.124429 2.245396 -0.270772 0.112218 2.431391 -0.271145 0.005994 
2.319348 -0.295722 0.236567 2.503808 -0.298822 0.121857 2.250485 -0.273453 0.120585 2.431672 -0.276296 0.006388 
