0.885148 0.256260 0.004323 0.763603 0.321610 0.004042 0.987188 0.448044 0.004647 0.865365 0.510083 0.004364 
0.885096 0.256249 0.004393 0.763558 0.321613 0.004239 0.987158 0.448023 0.004503 0.865341 0.510075 0.004349 
0.885118 0.256226 0.004517 0.763578 0.321586 0.004305 0.987174 0.448002 0.004486 0.865356 0.510051 0.004276 
0.885130 0.256461 0.004095 0.763595 0.321831 0.004074 0.987201 0.448228 0.004688 0.865388 0.510287 0.004659 
0.885130 0.256462 0.004174 0.763595 0.321832 0.004160 0.987202 0.448229 0.004711 0.865389 0.510288 0.004689 
0.885131 0.256463 0.004248 0.763596 0.321833 0.004237 0.987203 0.448230 0.004734 0.865389 0.510289 0.004715 
0.885132 0.256464 0.004316 0.763597 0.321834 0.004306 0.987203 0.448231 0.004756 0.865390 0.510290 0.004740 
0.885132 0.256464 0.004377 0.763597 0.321834 0.004368 0.987204 0.448232 0.004776 0.865390 0.510291 0.004762 
0.885133 0.256465 0.004431 0.763597 0.321835 0.004425 0.987204 0.448233 0.004794 0.865390 0.510291 0.004784 
0.885115 0.256583 0.004055 0.763579 0.321950 0.004227 0.987183 0.448351 0.004869 0.865368 0.510407 0.005028 
0.885116 0.256585 0.004141 0.763579 0.321952 0.004298 0.987183 0.448354 0.004879 0.865368 0.510409 0.005025 
0.885233 0.257102 0.003845 0.762974 0.321107 0.004279 0.985152 0.449992 0.005674 0.862651 0.510682 0.006079 
0.885280 0.257050 0.004002 0.762407 0.319868 0.004437 0.983327 0.450904 0.005105 0.860244 0.510405 0.005521 
0.885282 0.257057 0.004090 0.762420 0.319896 0.004486 0.983362 0.450895 0.004908 0.860289 0.510417 0.005290 
0.885282 0.257059 0.004171 0.762419 0.319898 0.004533 0.983362 0.450898 0.004904 0.860289 0.510420 0.005253 
0.885280 0.257061 0.004247 0.762419 0.319901 0.004571 0.983362 0.450900 0.004895 0.860289 0.510423 0.005207 
0.885460 0.255607 0.004339 0.760772 0.314736 0.005197 0.977692 0.452241 0.009075 0.852893 0.508049 0.009858 
0.885326 0.241381 0.004647 0.760419 0.300049 0.005151 0.976816 0.438344 0.010010 0.851811 0.493692 0.010434 
0.883766 0.226352 0.005069 0.761339 0.290036 0.005018 0.983163 0.419487 0.008673 0.860504 0.479856 0.008571 
0.883328 0.225322 0.004979 0.761562 0.290260 0.004984 0.984719 0.417451 0.004782 0.862686 0.479076 0.004790 
0.883709 0.225238 0.005860 0.762026 0.290316 0.004386 0.985338 0.417234 0.004150 0.863384 0.478999 0.002714 
0.884095 0.226062 0.004700 0.762357 0.291045 0.003592 0.985559 0.418153 0.004717 0.863553 0.479823 0.003619 
0.884491 0.226381 0.004069 0.762609 0.291101 0.003555 0.985534 0.418692 0.004762 0.863392 0.480098 0.004244 
0.883951 0.225944 0.004484 0.762389 0.291259 0.003691 0.985932 0.417758 0.005474 0.864092 0.479761 0.004675 
0.882330 0.223446 0.005027 0.762494 0.291871 0.003851 0.989198 0.412562 0.007854 0.869000 0.477684 0.006650 
0.881073 0.220741 0.005114 0.763343 0.292732 0.004056 0.993527 0.406534 0.010498 0.875337 0.475234 0.009375 
0.809357 0.032351 0.004955 0.603417 0.091227 0.004986 0.994325 0.405555 0.012949 0.641584 0.223844 0.005479 0.876457 0.474811 0.012168 
0.809355 0.032344 0.004952 0.603415 0.091220 0.004976 0.994379 0.405371 0.014789 0.641581 0.223836 0.005661 0.876491 0.474592 0.013963 
0.809351 0.032335 0.004952 0.603411 0.091211 0.004965 0.994285 0.405642 0.016518 0.641577 0.223825 0.005918 0.876271 0.474648 0.015700 
0.809347 0.032322 0.004952 0.603406 0.091197 0.004953 0.994632 0.405910 0.018277 0.641571 0.223808 0.006298 0.876496 0.474705 0.017362 
0.809346 0.032310 0.004949 0.603403 0.091176 0.004949 0.995756 0.406237 0.020344 0.641561 0.223785 0.006697 0.877457 0.474742 0.018923 
0.809343 0.032301 0.004944 0.603400 0.091165 0.004944 0.998201 0.406326 0.022445 0.641555 0.223770 0.006996 0.879854 0.474730 0.020252 
0.809350 0.032326 0.004939 0.603397 0.091159 0.004939 0.998964 0.406503 0.023613 0.641531 0.223767 0.007156 0.880544 0.474762 0.020939 
0.809461 0.032894 0.004917 0.603353 0.091180 0.004961 0.998639 0.407156 0.024156 0.641134 0.223887 0.007246 0.880019 0.475051 0.021118 
0.809702 0.033761 0.004923 0.603352 0.091181 0.004951 0.998230 0.407998 0.024276 0.640576 0.224048 0.007171 0.879367 0.475453 0.020921 
0.809928 0.034581 0.004929 0.603352 0.091188 0.004942 0.997841 0.408815 0.024051 0.640054 0.224203 0.006945 0.878759 0.475871 0.020453 
0.810147 0.035392 0.004934 0.603355 0.091200 0.004934 0.997550 0.409524 0.023380 0.639543 0.224361 0.006586 0.878288 0.476248 0.019589 
0.810375 0.036245 0.004937 0.603358 0.091214 0.004933 0.997329 0.410183 0.022218 0.639007 0.224524 0.006177 0.877905 0.476609 0.018293 
0.810593 0.037075 0.004942 0.603361 0.091228 0.004933 0.997169 0.410767 0.020728 0.638486 0.224681 0.005764 0.877608 0.476938 0.016688 
0.810791 0.037838 0.004946 0.603365 0.091243 0.004933 0.997063 0.411265 0.018986 0.638008 0.224824 0.005322 0.877387 0.477224 0.014879 
0.810978 0.038359 0.004952 0.603418 0.091241 0.004944 0.997062 0.411563 0.017070 0.637725 0.224909 0.005106 0.877325 0.477409 0.012934 
0.811243 0.038894 0.004997 0.603526 0.091160 0.004991 0.997087 0.411783 0.015118 0.637436 0.224929 0.004997 0.877309 0.477556 0.010987 
0.811272 0.038937 0.005036 0.603543 0.091150 0.004998 0.997376 0.411454 0.013103 0.637418 0.224927 0.004996 0.877705 0.477425 0.009030 
0.811602 0.039250 0.005181 0.603780 0.091094 0.005101 0.997618 0.411197 0.011103 0.637418 0.224931 0.004992 0.878029 0.477321 0.007113 
0.811758 0.039411 0.005692 0.603894 0.091089 0.005696 0.997770 0.411083 0.009038 0.637425 0.224952 0.004990 0.878218 0.477278 0.005114 
0.811878 0.039407 0.006710 0.604010 0.091064 0.006329 0.997795 0.411017 0.008489 0.637529 0.224923 0.004784 0.878254 0.477247 0.004829 
0.811769 0.039149 0.007978 0.603995 0.091174 0.007114 0.997775 0.411044 0.008501 0.637754 0.224961 0.004794 0.878265 0.477329 0.004831 
0.812246 0.038639 0.009360 0.604622 0.091249 0.007881 0.997734 0.411124 0.008589 0.638767 0.224923 0.004787 0.878275 0.477497 0.004836 
0.813420 0.038198 0.010679 0.605902 0.091204 0.008512 0.997729 0.411126 0.008679 0.640314 0.224793 0.004807 0.878273 0.477498 0.004843 
0.814686 0.037780 0.011760 0.607255 0.091097 0.009010 0.997732 0.411122 0.008716 0.641881 0.224617 0.004825 0.878279 0.477499 0.004847 
0.815646 0.037240 0.012648 0.608262 0.090712 0.009416 0.997731 0.411122 0.008735 0.643000 0.224189 0.004841 0.878279 0.477499 0.004852 
0.816362 0.036641 0.013302 0.608990 0.090137 0.009717 0.997732 0.411121 0.008729 0.643754 0.223598 0.004856 0.878280 0.477499 0.004857 
0.816625 0.036384 0.013583 0.609256 0.089881 0.009856 0.997731 0.411128 0.008698 0.644025 0.223336 0.004862 0.878289 0.477526 0.004861 
0.816635 0.036390 0.013580 0.609263 0.089875 0.009845 0.997730 0.411128 0.008719 0.644024 0.223333 0.004874 0.878288 0.477526 0.004866 
0.816669 0.036409 0.013421 0.609287 0.089860 0.009744 0.997730 0.411127 0.008716 0.644025 0.223328 0.004884 0.878289 0.477526 0.004869 
0.816720 0.036436 0.013146 0.609324 0.089837 0.009562 0.997732 0.411126 0.008693 0.644025 0.223321 0.004894 0.878290 0.477525 0.004872 
0.816784 0.036470 0.012797 0.609369 0.089807 0.009313 0.997734 0.411124 0.008650 0.644025 0.223312 0.004902 0.878292 0.477524 0.004876 
0.816899 0.036546 0.012344 0.609452 0.089762 0.008977 0.997738 0.411122 0.008590 0.644025 0.223299 0.004908 0.878294 0.477523 0.004880 
0.817014 0.036617 0.011795 0.609534 0.089714 0.008578 0.997743 0.411119 0.008510 0.644024 0.223284 0.004914 0.878296 0.477521 0.004884 
0.817130 0.036686 0.011185 0.609617 0.089665 0.008147 0.997748 0.411115 0.008409 0.644024 0.223268 0.004918 0.878300 0.477519 0.004889 
0.817268 0.036776 0.010538 0.609716 0.089613 0.007706 0.997755 0.411111 0.008291 0.644025 0.223251 0.004922 0.878304 0.477517 0.004895 
0.817416 0.036877 0.009873 0.609822 0.089561 0.007270 0.997762 0.411107 0.008153 0.644026 0.223235 0.004925 0.878308 0.477514 0.004902 
0.817558 0.036975 0.009203 0.609924 0.089513 0.006857 0.997771 0.411102 0.007994 0.644028 0.223219 0.004927 0.878313 0.477511 0.004910 
0.817699 0.037074 0.008533 0.610025 0.089468 0.006483 0.997746 0.411161 0.007817 0.644031 0.223204 0.004929 0.878266 0.477538 0.004919 
0.817900 0.037232 0.007855 0.610170 0.089415 0.006142 0.997663 0.411328 0.007721 0.644036 0.223190 0.004930 0.878128 0.477616 0.005018 
0.818256 0.037540 0.007226 0.610427 0.089337 0.005843 0.997457 0.411727 0.007647 0.644041 0.223178 0.004932 0.877801 0.477804 0.005143 
0.818665 0.037901 0.006592 0.610723 0.089252 0.005598 0.997222 0.412191 0.007421 0.644047 0.223167 0.004934 0.877427 0.478022 0.005148 
0.819069 0.038260 0.005921 0.611017 0.089170 0.005375 0.996988 0.412655 0.007098 0.644055 0.223157 0.004936 0.877053 0.478240 0.005102 
0.819538 0.038684 0.005211 0.611360 0.089078 0.005167 0.996718 0.413187 0.006729 0.644065 0.223146 0.004938 0.876624 0.478490 0.005030 
0.819556 0.038696 0.005093 0.611373 0.089070 0.005072 0.996613 0.413396 0.006535 0.644064 0.223142 0.004961 0.876454 0.478585 0.005081 
0.819556 0.038693 0.005010 0.611373 0.089066 0.005003 0.996576 0.413471 0.006408 0.644064 0.223138 0.004983 0.876393 0.478619 0.005137 
0.819598 0.038711 0.004938 0.611415 0.089084 0.004881 0.996539 0.413538 0.006157 0.644106 0.223156 0.004923 0.876332 0.478645 0.005095 
0.819598 0.038711 0.004943 0.611415 0.089084 0.004892 0.996535 0.413561 0.005813 0.644106 0.223156 0.004927 0.876319 0.478655 0.004996 
0.819598 0.038711 0.004949 0.611415 0.089085 0.004904 0.996546 0.413555 0.005525 0.644106 0.223157 0.004931 0.876328 0.478650 0.004991 
0.819599 0.038711 0.004956 0.611416 0.089085 0.004918 0.996553 0.413551 0.005307 0.644107 0.223157 0.004934 0.876335 0.478647 0.004984 
0.819599 0.038712 0.004963 0.611416 0.089086 0.004933 0.996554 0.413551 0.005274 0.644107 0.223158 0.004937 0.876336 0.478646 0.004978 
0.819611 0.038704 0.004966 0.611430 0.089087 0.004942 0.996909 0.413495 0.005662 0.644127 0.223158 0.004940 0.876713 0.478625 0.004785 
0.819611 0.038704 0.004967 0.611430 0.089087 0.004949 0.996913 0.413495 0.005582 0.644127 0.223158 0.004945 0.876716 0.478625 0.004796 
0.819618 0.038700 0.004968 0.611438 0.089087 0.004956 0.997084 0.413324 0.005513 0.644138 0.223157 0.004949 0.876892 0.478458 0.004358 
0.819616 0.038672 0.004930 0.611438 0.089067 0.004978 0.997383 0.413535 0.005930 0.644143 0.223136 0.004931 0.877196 0.478676 0.004603 
0.819616 0.038671 0.004935 0.611439 0.089067 0.004997 0.997389 0.413535 0.005847 0.644144 0.223136 0.004949 0.877201 0.478676 0.004635 
0.819617 0.038671 0.004944 0.611440 0.089069 0.005077 0.997394 0.413535 0.005774 0.644146 0.223137 0.005028 0.877205 0.478676 0.004664 
0.819626 0.038668 0.004950 0.611453 0.089083 0.005091 0.997538 0.413543 0.005924 0.644171 0.223148 0.005042 0.877356 0.478692 0.004654 
0.819651 0.038582 0.004988 0.611488 0.089042 0.005093 0.997542 0.413550 0.005875 0.644234 0.223100 0.005007 0.877358 0.478697 0.004677 
0.819666 0.038576 0.004991 0.611505 0.089040 0.005074 0.997621 0.413558 0.005943 0.644254 0.223098 0.004990 0.877437 0.478705 0.004680 
0.819666 0.038576 0.004992 0.611505 0.089040 0.005068 0.997626 0.413558 0.005861 0.644254 0.223098 0.004988 0.877442 0.478705 0.004705 
0.819666 0.038576 0.004993 0.611504 0.089040 0.005060 0.997631 0.413558 0.005790 0.644254 0.223098 0.004985 0.877446 0.478705 0.004728 
0.819665 0.038576 0.004993 0.611504 0.089040 0.005052 0.997636 0.413558 0.005735 0.644254 0.223098 0.004982 0.877449 0.478706 0.004749 
0.819665 0.038576 0.004994 0.611504 0.089040 0.005045 0.997639 0.413559 0.005690 0.644254 0.223098 0.004979 0.877452 0.478706 0.004769 
0.819665 0.038576 0.004995 0.611504 0.089040 0.005042 0.997642 0.413559 0.005656 0.644254 0.223098 0.004978 0.877455 0.478706 0.004787 
0.819665 0.038576 0.004998 0.611504 0.089040 0.005040 0.997644 0.413558 0.005637 0.644254 0.223098 0.004977 0.877457 0.478706 0.004805 
0.819665 0.038576 0.005003 0.611504 0.089040 0.005041 0.997647 0.413558 0.005620 0.644254 0.223098 0.004975 0.877460 0.478707 0.004820 
0.819665 0.038576 0.005009 0.611504 0.089040 0.005044 0.997649 0.413558 0.005598 0.644254 0.223098 0.004974 0.877462 0.478707 0.004835 
0.819669 0.038575 0.005015 0.611508 0.089041 0.005046 0.997843 0.413558 0.005812 0.644258 0.223098 0.004972 0.877662 0.478714 0.004793 
0.819658 0.038558 0.004952 0.611496 0.089019 0.005069 0.997997 0.413607 0.006019 0.644243 0.223078 0.004960 0.877819 0.478764 0.004758 
0.819606 0.038557 0.004788 0.611439 0.088999 0.005160 0.997999 0.413597 0.005932 0.644174 0.223060 0.004980 0.877820 0.478754 0.004756 
0.819626 0.038550 0.004825 0.611460 0.088994 0.005140 0.998001 0.413584 0.005868 0.644196 0.223054 0.004954 0.877822 0.478741 0.004751 
0.819616 0.038512 0.004853 0.611470 0.089039 0.005144 0.997992 0.413579 0.005826 0.644260 0.223086 0.004954 0.877814 0.478741 0.004772 
0.819616 0.038512 0.004883 0.611470 0.089039 0.005148 0.997995 0.413578 0.005782 0.644260 0.223087 0.004954 0.877818 0.478741 0.004791 
0.819616 0.038512 0.004910 0.611470 0.089039 0.005150 0.997998 0.413578 0.005756 0.644259 0.223087 0.004953 0.877820 0.478742 0.004809 
0.819616 0.038513 0.004934 0.611470 0.089039 0.005153 0.998000 0.413578 0.005738 0.644259 0.223087 0.004954 0.877822 0.478742 0.004825 
0.819615 0.038513 0.004956 0.611470 0.089039 0.005156 0.998002 0.413578 0.005743 0.644259 0.223087 0.004954 0.877824 0.478742 0.004839 
0.819615 0.038513 0.004977 0.611469 0.089039 0.005160 0.998004 0.413577 0.005754 0.644259 0.223087 0.004955 0.877827 0.478742 0.004852 
0.819639 0.038498 0.005025 0.611492 0.089022 0.005153 0.998002 0.413576 0.005773 0.644280 0.223070 0.004918 0.877826 0.478743 0.004864 
0.819637 0.038493 0.005048 0.611494 0.089029 0.005159 0.997994 0.413575 0.005783 0.644289 0.223075 0.004921 0.877819 0.478745 0.004874 
0.819633 0.038479 0.005071 0.611495 0.089036 0.005172 0.997987 0.413573 0.005795 0.644303 0.223079 0.004922 0.877814 0.478746 0.004884 
0.819633 0.038479 0.005087 0.611495 0.089036 0.005180 0.997988 0.413572 0.005810 0.644303 0.223079 0.004928 0.877815 0.478746 0.004894 
0.819633 0.038479 0.005102 0.611495 0.089036 0.005187 0.997988 0.413572 0.005824 0.644303 0.223079 0.004933 0.877816 0.478746 0.004902 
0.819634 0.038479 0.005115 0.611495 0.089036 0.005193 0.997989 0.413572 0.005836 0.644303 0.223079 0.004937 0.877817 0.478746 0.004910 
0.819634 0.038479 0.005125 0.611495 0.089036 0.005198 0.997989 0.413572 0.005847 0.644303 0.223079 0.004941 0.877817 0.478747 0.004917 
0.819634 0.038479 0.005134 0.611495 0.089036 0.005201 0.997989 0.413572 0.005857 0.644303 0.223079 0.004945 0.877818 0.478747 0.004924 
0.819635 0.038473 0.005146 0.611499 0.089038 0.005207 0.997979 0.413574 0.005863 0.644313 0.223080 0.004946 0.877809 0.478750 0.004930 
0.819636 0.038473 0.005155 0.611499 0.089038 0.005211 0.997980 0.413574 0.005871 0.644313 0.223080 0.004949 0.877809 0.478750 0.004935 
0.819636 0.038473 0.005164 0.611499 0.089038 0.005216 0.997980 0.413574 0.005879 0.644313 0.223080 0.004952 0.877809 0.478750 0.004940 
0.819632 0.038453 0.005188 0.611506 0.089062 0.005211 0.997971 0.413574 0.005885 0.644348 0.223097 0.004950 0.877801 0.478753 0.004945 
0.819632 0.038454 0.005196 0.611506 0.089062 0.005219 0.997971 0.413573 0.005890 0.644348 0.223097 0.004953 0.877802 0.478753 0.004949 
0.819633 0.038454 0.005204 0.611506 0.089062 0.005227 0.997971 0.413573 0.005895 0.644349 0.223097 0.004957 0.877802 0.478753 0.004953 
0.819633 0.038454 0.005212 0.611507 0.089062 0.005234 0.997971 0.413573 0.005899 0.644349 0.223097 0.004960 0.877803 0.478753 0.004956 
0.819633 0.038454 0.005219 0.611507 0.089062 0.005241 0.997971 0.413572 0.005903 0.644349 0.223097 0.004963 0.877803 0.478753 0.004959 
0.819633 0.038454 0.005225 0.611507 0.089062 0.005247 0.997972 0.413572 0.005907 0.644349 0.223097 0.004965 0.877803 0.478753 0.004962 
0.819633 0.038454 0.005230 0.611507 0.089062 0.005252 0.997972 0.413571 0.005910 0.644349 0.223097 0.004968 0.877804 0.478753 0.004964 
0.819634 0.038454 0.005234 0.611507 0.089062 0.005256 0.997972 0.413571 0.005913 0.644349 0.223097 0.004970 0.877804 0.478753 0.004966 
0.819634 0.038454 0.005238 0.611508 0.089062 0.005259 0.997972 0.413571 0.005915 0.644350 0.223097 0.004972 0.877804 0.478753 0.004968 
0.819634 0.038454 0.005241 0.611508 0.089062 0.005262 0.997972 0.413570 0.005917 0.644350 0.223097 0.004973 0.877805 0.478752 0.004970 
0.819634 0.038454 0.005243 0.611508 0.089062 0.005265 0.997972 0.413570 0.005919 0.644350 0.223097 0.004975 0.877805 0.478752 0.004972 
0.819634 0.038454 0.005246 0.611508 0.089062 0.005267 0.997972 0.413569 0.005920 0.644350 0.223097 0.004977 0.877805 0.478752 0.004974 
0.819635 0.038454 0.005248 0.611508 0.089062 0.005269 0.997972 0.413569 0.005922 0.644350 0.223097 0.004978 0.877806 0.478752 0.004975 
0.819635 0.038454 0.005250 0.611508 0.089062 0.005271 0.997972 0.413568 0.005923 0.644350 0.223097 0.004979 0.877806 0.478752 0.004976 
0.819635 0.038454 0.005253 0.611509 0.089062 0.005274 0.997972 0.413568 0.005925 0.644350 0.223097 0.004980 0.877806 0.478752 0.004978 
0.819635 0.038455 0.005255 0.611509 0.089062 0.005276 0.997973 0.413567 0.005926 0.644351 0.223097 0.004981 0.877806 0.478752 0.004979 
0.819635 0.038455 0.005257 0.611509 0.089062 0.005278 0.997973 0.413567 0.005927 0.644351 0.223097 0.004982 0.877807 0.478752 0.004980 
0.819636 0.038455 0.005258 0.611509 0.089062 0.005280 0.997973 0.413566 0.005928 0.644351 0.223097 0.004983 0.877807 0.478751 0.004981 
0.819636 0.038455 0.005260 0.611509 0.089062 0.005281 0.997973 0.413566 0.005929 0.644351 0.223097 0.004984 0.877807 0.478751 0.004981 
0.819636 0.038455 0.005261 0.611510 0.089062 0.005283 0.997973 0.413565 0.005929 0.644351 0.223097 0.004984 0.877807 0.478751 0.004982 
0.819636 0.038455 0.005263 0.611510 0.089062 0.005284 0.997973 0.413565 0.005930 0.644351 0.223097 0.004985 0.877808 0.478751 0.004983 
0.819636 0.038455 0.005264 0.611510 0.089062 0.005285 0.997973 0.413564 0.005931 0.644352 0.223097 0.004986 0.877808 0.478751 0.004984 
0.819636 0.038455 0.005265 0.611510 0.089062 0.005286 0.997973 0.413563 0.005931 0.644352 0.223097 0.004986 0.877808 0.478751 0.004984 
0.819637 0.038455 0.005266 0.611510 0.089062 0.005287 0.997973 0.413563 0.005931 0.644352 0.223097 0.004987 0.877808 0.478750 0.004985 
0.819637 0.038455 0.005266 0.611510 0.089062 0.005288 0.997973 0.413562 0.005932 0.644352 0.223097 0.004987 0.877809 0.478750 0.004985 
0.819637 0.038455 0.005267 0.611510 0.089062 0.005288 0.997973 0.413562 0.005932 0.644352 0.223097 0.004988 0.877809 0.478750 0.004986 
0.819637 0.038455 0.005268 0.611511 0.089062 0.005289 0.997973 0.413561 0.005933 0.644352 0.223097 0.004988 0.877809 0.478750 0.004986 
0.819637 0.038454 0.005268 0.611511 0.089062 0.005290 0.997973 0.413561 0.005933 0.644353 0.223097 0.004988 0.877809 0.478750 0.004986 
0.819637 0.038455 0.005269 0.611511 0.089062 0.005290 0.997973 0.413560 0.005933 0.644353 0.223097 0.004989 0.877810 0.478749 0.004987 
0.819637 0.038455 0.005270 0.611511 0.089062 0.005291 0.997973 0.413560 0.005934 0.644353 0.223097 0.004989 0.877810 0.478749 0.004987 
0.819638 0.038454 0.005270 0.611511 0.089062 0.005292 0.997973 0.413559 0.005934 0.644353 0.223097 0.004989 0.877810 0.478749 0.004987 
0.819638 0.038455 0.005271 0.611511 0.089062 0.005292 0.997973 0.413559 0.005934 0.644353 0.223097 0.004989 0.877810 0.478749 0.004987 
0.819638 0.038454 0.005272 0.611511 0.089062 0.005293 0.997973 0.413558 0.005934 0.644353 0.223097 0.004989 0.877810 0.478749 0.004987 
0.819638 0.038454 0.005272 0.611512 0.089062 0.005293 0.997973 0.413558 0.005934 0.644354 0.223097 0.004989 0.877811 0.478749 0.004987 
0.819638 0.038454 0.005273 0.611512 0.089062 0.005293 0.997973 0.413557 0.005935 0.644354 0.223097 0.004989 0.877811 0.478748 0.004987 
0.819638 0.038454 0.005273 0.611512 0.089062 0.005294 0.997973 0.413557 0.005935 0.644354 0.223097 0.004989 0.877811 0.478748 0.004987 
0.819638 0.038454 0.005274 0.611512 0.089062 0.005294 0.997973 0.413556 0.005935 0.644354 0.223097 0.004989 0.877811 0.478748 0.004987 
0.819638 0.038454 0.005274 0.611512 0.089062 0.005294 0.997973 0.413556 0.005935 0.644354 0.223097 0.004989 0.877811 0.478748 0.004987 
0.819639 0.038454 0.005274 0.611512 0.089062 0.005295 0.997973 0.413555 0.005935 0.644354 0.223097 0.004989 0.877811 0.478748 0.004987 
0.819639 0.038454 0.005275 0.611512 0.089062 0.005295 0.997973 0.413555 0.005935 0.644354 0.223097 0.004989 0.877812 0.478748 0.004987 
0.819639 0.038454 0.005275 0.611513 0.089063 0.005295 0.997973 0.413554 0.005935 0.644355 0.223097 0.004989 0.877812 0.478747 0.004987 
0.819630 0.038440 0.005284 0.611509 0.089067 0.005302 0.997962 0.413556 0.005933 0.644363 0.223099 0.004985 0.877801 0.478752 0.004987 
0.819631 0.038440 0.005285 0.611509 0.089067 0.005303 0.997961 0.413556 0.005935 0.644363 0.223099 0.004985 0.877802 0.478752 0.004987 
0.819631 0.038440 0.005286 0.611509 0.089067 0.005304 0.997961 0.413556 0.005934 0.644363 0.223099 0.004986 0.877802 0.478752 0.004986 
0.819631 0.038440 0.005286 0.611509 0.089067 0.005304 0.997961 0.413555 0.005934 0.644363 0.223099 0.004986 0.877802 0.478752 0.004986 
0.819631 0.038440 0.005287 0.611509 0.089067 0.005305 0.997961 0.413555 0.005934 0.644363 0.223099 0.004986 0.877802 0.478752 0.004986 
0.819631 0.038440 0.005288 0.611509 0.089067 0.005306 0.997961 0.413555 0.005935 0.644364 0.223099 0.004986 0.877802 0.478752 0.004986 
0.819631 0.038440 0.005289 0.611509 0.089067 0.005307 0.997961 0.413554 0.005935 0.644364 0.223099 0.004986 0.877802 0.478752 0.004986 
0.819631 0.038440 0.005290 0.611509 0.089068 0.005308 0.997961 0.413554 0.005937 0.644364 0.223099 0.004986 0.877802 0.478752 0.004985 
0.819631 0.038440 0.005291 0.611509 0.089068 0.005309 0.997961 0.413554 0.005938 0.644364 0.223099 0.004986 0.877802 0.478752 0.004985 
0.819631 0.038440 0.005292 0.611510 0.089068 0.005310 0.997961 0.413554 0.005940 0.644364 0.223099 0.004986 0.877802 0.478752 0.004985 
0.819631 0.038440 0.005294 0.611510 0.089068 0.005312 0.997961 0.413553 0.005943 0.644364 0.223100 0.004986 0.877802 0.478752 0.004985 
0.819622 0.038423 0.005306 0.611505 0.089073 0.005322 0.997948 0.413555 0.005947 0.644374 0.223101 0.004983 0.877791 0.478757 0.004985 
0.819622 0.038423 0.005308 0.611506 0.089073 0.005325 0.997948 0.413555 0.005951 0.644374 0.223101 0.004983 0.877791 0.478757 0.004985 
0.819613 0.038406 0.005319 0.611502 0.089076 0.005333 0.997935 0.413558 0.005950 0.644384 0.223101 0.004979 0.877780 0.478763 0.004985 
0.819612 0.038405 0.005323 0.611502 0.089077 0.005338 0.997935 0.413556 0.005959 0.644385 0.223102 0.004980 0.877781 0.478762 0.004985 
0.819612 0.038405 0.005326 0.611502 0.089077 0.005341 0.997935 0.413556 0.005965 0.644385 0.223102 0.004981 0.877781 0.478762 0.004985 
0.819613 0.038405 0.005328 0.611502 0.089077 0.005344 0.997935 0.413556 0.005971 0.644385 0.223102 0.004982 0.877781 0.478762 0.004985 
0.819613 0.038405 0.005330 0.611502 0.089077 0.005347 0.997935 0.413555 0.005977 0.644385 0.223102 0.004982 0.877781 0.478762 0.004985 
0.819613 0.038405 0.005333 0.611502 0.089078 0.005350 0.997934 0.413555 0.005984 0.644386 0.223102 0.004983 0.877781 0.478762 0.004985 
0.819613 0.038405 0.005336 0.611502 0.089078 0.005353 0.997934 0.413555 0.005993 0.644386 0.223102 0.004983 0.877780 0.478762 0.004985 
0.819613 0.038405 0.005340 0.611502 0.089078 0.005357 0.997934 0.413554 0.006002 0.644386 0.223102 0.004984 0.877780 0.478762 0.004985 
0.819613 0.038405 0.005344 0.611503 0.089078 0.005362 0.997933 0.413554 0.006013 0.644386 0.223103 0.004984 0.877780 0.478762 0.004985 
0.819613 0.038406 0.005348 0.611503 0.089078 0.005366 0.997933 0.413554 0.006025 0.644386 0.223103 0.004985 0.877780 0.478762 0.004985 
0.819613 0.038406 0.005352 0.611503 0.089079 0.005371 0.997932 0.413554 0.006038 0.644387 0.223103 0.004985 0.877780 0.478762 0.004985 
0.819614 0.038406 0.005357 0.611503 0.089079 0.005376 0.997932 0.413554 0.006051 0.644387 0.223103 0.004985 0.877779 0.478762 0.004985 
0.819614 0.038406 0.005362 0.611503 0.089079 0.005381 0.997931 0.413554 0.006065 0.644387 0.223103 0.004986 0.877779 0.478762 0.004986 
0.819614 0.038406 0.005367 0.611503 0.089079 0.005386 0.997931 0.413553 0.006080 0.644387 0.223104 0.004986 0.877779 0.478762 0.004986 
0.819614 0.038406 0.005373 0.611504 0.089079 0.005392 0.997930 0.413553 0.006095 0.644387 0.223104 0.004986 0.877779 0.478762 0.004986 
0.819614 0.038406 0.005378 0.611504 0.089080 0.005397 0.997929 0.413553 0.006110 0.644388 0.223104 0.004986 0.877778 0.478762 0.004986 
0.819614 0.038407 0.005383 0.611504 0.089080 0.005402 0.997929 0.413553 0.006125 0.644388 0.223104 0.004986 0.877778 0.478763 0.004986 
0.819615 0.038407 0.005388 0.611504 0.089080 0.005408 0.997928 0.413553 0.006139 0.644388 0.223104 0.004987 0.877778 0.478763 0.004986 
0.819615 0.038407 0.005393 0.611504 0.089080 0.005412 0.997928 0.413552 0.006154 0.644388 0.223104 0.004987 0.877778 0.478763 0.004986 
0.819615 0.038407 0.005398 0.611505 0.089080 0.005417 0.997927 0.413552 0.006168 0.644388 0.223104 0.004987 0.877777 0.478763 0.004986 
0.819615 0.038407 0.005403 0.611505 0.089080 0.005422 0.997927 0.413552 0.006182 0.644389 0.223105 0.004987 0.877777 0.478763 0.004986 
0.819615 0.038407 0.005407 0.611505 0.089081 0.005427 0.997926 0.413552 0.006196 0.644389 0.223105 0.004987 0.877777 0.478763 0.004986 
0.819611 0.038401 0.005416 0.611503 0.089083 0.005434 0.997911 0.413554 0.006205 0.644393 0.223106 0.004985 0.877764 0.478768 0.004986 
0.819611 0.038401 0.005422 0.611503 0.089084 0.005441 0.997911 0.413553 0.006222 0.644393 0.223106 0.004986 0.877764 0.478768 0.004986 
0.819611 0.038401 0.005427 0.611503 0.089084 0.005445 0.997911 0.413553 0.006236 0.644393 0.223107 0.004986 0.877764 0.478768 0.004986 
0.819611 0.038401 0.005431 0.611503 0.089084 0.005450 0.997910 0.413552 0.006249 0.644394 0.223107 0.004986 0.877764 0.478768 0.004986 
0.819612 0.038401 0.005435 0.611504 0.089084 0.005454 0.997910 0.413552 0.006261 0.644394 0.223107 0.004986 0.877764 0.478768 0.004986 
0.819612 0.038401 0.005439 0.611504 0.089084 0.005458 0.997909 0.413552 0.006272 0.644394 0.223107 0.004986 0.877764 0.478768 0.004986 
0.819612 0.038401 0.005443 0.611504 0.089085 0.005461 0.997909 0.413552 0.006283 0.644394 0.223107 0.004986 0.877763 0.478768 0.004986 
0.819612 0.038401 0.005446 0.611504 0.089085 0.005465 0.997908 0.413551 0.006293 0.644394 0.223107 0.004987 0.877763 0.478768 0.004986 
0.819612 0.038402 0.005450 0.611504 0.089085 0.005468 0.997908 0.413551 0.006303 0.644395 0.223107 0.004987 0.877763 0.478768 0.004986 
0.819612 0.038402 0.005453 0.611504 0.089085 0.005472 0.997908 0.413551 0.006314 0.644395 0.223108 0.004987 0.877763 0.478768 0.004986 
