-0.868642 0.495438 0.001289 0.499218 0.866473 0.002320 -0.479773 -0.877390 -0.002348 0.865596 -0.500742 -0.001303 
-0.868405 0.495849 -0.002610 0.499627 0.866240 0.000488 -0.480186 -0.877166 -0.000430 0.865356 -0.501151 0.002607 
-0.868405 0.495850 -0.002363 0.499627 0.866240 0.000444 -0.480187 -0.877166 -0.000392 0.865356 -0.501152 0.002361 
-0.868406 0.495850 -0.002144 0.499628 0.866240 0.000406 -0.480187 -0.877166 -0.000358 0.865357 -0.501152 0.002141 
-0.868406 0.495850 -0.001945 0.499628 0.866240 0.000357 -0.480187 -0.877166 -0.000313 0.865357 -0.501152 0.001943 
-0.868406 0.495850 -0.001757 0.499628 0.866240 0.000296 -0.480187 -0.877166 -0.000257 0.865358 -0.501152 0.001756 
-0.868407 0.495850 -0.001584 0.499628 0.866240 0.000243 -0.480187 -0.877166 -0.000207 0.865358 -0.501152 0.001583 
-0.868407 0.495850 -0.001417 0.499629 0.866239 -0.000794 -0.480188 -0.877165 0.000826 0.865358 -0.501152 0.001422 
-0.868195 0.496223 -0.001086 0.500000 0.866020 -0.003128 -0.480564 -0.876954 0.003152 0.865143 -0.501523 0.001105 
-0.868103 0.496383 0.000343 0.500152 0.865925 -0.004703 -0.480718 -0.876863 0.004695 0.865051 -0.501683 -0.000315 
-0.868073 0.496436 0.000860 0.500200 0.865892 -0.005491 -0.480767 -0.876831 0.005471 0.865021 -0.501736 -0.000826 
-0.868050 0.496465 0.003415 0.500214 0.865878 -0.006489 -0.480781 -0.876817 0.006412 0.864998 -0.501765 -0.003376 
-0.867875 0.496755 0.005153 0.500502 0.865715 -0.005959 -0.481072 -0.876661 0.005843 0.864821 -0.502054 -0.005117 
-0.867610 0.497223 0.004701 0.500972 0.865446 -0.005545 -0.481549 -0.876403 0.005439 0.864553 -0.502520 -0.004668 
-0.867608 0.497232 0.004233 0.500982 0.865440 -0.005613 -0.481559 -0.876397 0.005518 0.864550 -0.502529 -0.004198 
-0.867498 0.497439 0.001257 0.501188 0.865303 -0.007860 -0.481768 -0.876264 0.007830 0.864440 -0.502735 -0.001209 
-0.867500 0.497437 0.001149 0.501189 0.865306 -0.007456 -0.481768 -0.876267 0.007429 0.864441 -0.502733 -0.001103 
-0.870800 0.491634 0.001640 0.495370 0.868598 -0.012057 -0.475876 -0.879430 0.012019 0.867777 -0.496951 -0.001566 
-0.879663 0.475594 0.001900 0.479339 0.877493 -0.015497 -0.459650 -0.887966 0.015452 0.876738 -0.480965 -0.001806 
-0.884507 0.466477 0.006816 0.470182 0.882427 -0.015859 -0.450386 -0.892696 0.015705 0.881638 -0.471878 -0.006719 
-0.888573 0.458630 0.009851 0.462352 0.886587 -0.013944 -0.442467 -0.896680 0.013723 0.885752 -0.464056 -0.009766 
-0.889323 0.457088 0.013195 0.460823 0.887410 -0.012069 -0.440922 -0.897468 0.011773 0.886512 -0.462520 -0.013121 
-0.890383 0.454908 0.016654 0.458652 0.888546 -0.011160 -0.438727 -0.898555 0.010787 0.887585 -0.460346 -0.016586 
-0.891304 0.452976 0.019714 0.456735 0.889541 -0.010460 -0.436790 -0.899508 0.010019 0.888518 -0.458421 -0.019650 
-0.893807 0.447884 0.022558 0.451663 0.892132 -0.010071 -0.431663 -0.901984 0.009566 0.891052 -0.453344 -0.022496 
-0.897941 0.439162 0.028966 0.442882 0.896486 -0.012981 -0.422791 -0.906143 0.012333 0.895239 -0.444648 -0.028887 
-0.901567 0.430769 0.040188 0.434485 0.900566 -0.014278 -0.414315 -0.910035 0.013380 0.898917 -0.436280 -0.040101 
-0.902562 0.427944 0.047388 0.431873 0.901869 -0.010806 -0.411681 -0.911276 0.009748 0.899928 -0.433463 -0.047322 
-0.905439 0.421189 0.052716 0.425344 0.904999 -0.007727 -0.405089 -0.914254 0.006551 0.902845 -0.426728 -0.052670 
-0.907075 0.416870 0.058611 0.421242 0.906931 -0.005619 -0.400951 -0.916090 0.004311 0.904506 -0.422420 -0.058577 
-0.923516 0.378057 0.064732 0.382285 0.923993 -0.009747 -0.361633 -0.932284 0.008302 0.921186 -0.383711 -0.064673 
-0.939645 0.330498 0.088532 0.335771 0.941942 -0.001806 -0.314766 -0.949169 -0.000169 0.937599 -0.336262 -0.088522 
-0.956485 0.263347 0.125638 0.271082 0.962486 0.011641 -0.249712 -0.968213 -0.014441 0.954834 -0.269236 -0.125710 
-0.969499 0.185511 0.160177 -0.175562 -0.983838 -0.035212 0.197212 0.979850 0.031645 0.968301 -0.191505 -0.160372 
-0.995020 0.029549 0.095191 -0.416957 0.903693 -0.097395 -0.094536 -0.993456 -0.064093 0.907245 0.404059 -0.116805 0.970578 -0.240481 -0.012137 
-0.992107 0.003617 0.125346 -0.453722 0.883986 -0.112715 -0.044830 -0.994555 -0.094082 0.890739 0.441346 -0.108619 0.977757 -0.206704 -0.035571 
-0.988606 -0.021019 0.149054 -0.456282 0.885114 -0.091540 -0.044556 -0.994468 -0.095118 0.889574 0.446731 -0.095344 0.981432 -0.176928 -0.074084 
-0.985472 -0.044963 0.163781 -0.459667 0.886524 -0.052741 -0.052678 -0.994289 -0.092813 0.887619 0.453445 -0.080745 0.982622 -0.150403 -0.108781 
-0.983196 -0.082499 0.162846 -0.487184 0.872984 -0.023453 -0.032311 -0.994853 -0.096038 0.872859 0.483284 -0.067473 0.986232 -0.113295 -0.120459 
-0.521509 0.853246 -0.000025 0.001933 -0.995943 -0.089969 -0.979612 -0.137828 0.146163 0.991319 -0.061084 -0.116424 0.853046 0.519322 -0.051162 
-0.553933 0.832561 -0.000009 0.047422 -0.995682 -0.079798 -0.972240 -0.199481 0.122296 0.995191 -0.003377 -0.097894 0.833004 0.552113 -0.035727 
-0.592969 0.805225 0.000149 0.089158 -0.993617 -0.069115 -0.961085 -0.258287 0.097998 0.995415 0.053208 -0.079482 0.806138 0.591458 -0.017875 
-0.629515 0.776988 -0.000017 0.127275 -0.990056 -0.059920 -0.947136 -0.311467 0.076952 0.992179 0.106920 -0.064417 0.778095 0.628146 0.000543 
-0.657953 0.753008 0.008787 0.152647 -0.986091 -0.065747 -0.936223 -0.345281 0.065332 0.754213 0.656615 0.004413 0.980335 0.136837 -0.142194 0.989484 0.144640 -0.000137 
-0.683065 0.730351 0.003083 0.117496 -0.992610 -0.030342 -0.927814 -0.364445 0.079630 0.731498 0.681659 0.015862 0.991738 0.095763 -0.085354 0.976067 0.204892 -0.072889 
-0.686110 0.727497 -0.000468 0.133274 -0.990894 -0.019162 -0.920923 -0.378781 0.091794 0.728438 0.684594 0.026627 0.992359 0.110260 -0.055366 0.965859 0.231632 -0.116029 
-0.686346 0.727275 -0.000580 0.126825 -0.991485 -0.029538 -0.913502 -0.389898 0.116164 0.728016 0.684653 0.035244 0.991310 0.104901 -0.079369 0.955036 0.262056 -0.138682 
-0.684236 0.729260 -0.000558 0.109759 -0.991559 -0.069015 -0.902310 -0.409848 0.133642 0.729467 0.682054 0.051774 0.991395 0.091960 -0.093165 0.940128 0.306176 -0.149720 
-0.663407 0.748259 -0.000347 0.154397 -0.986148 -0.060606 -0.876929 -0.459668 0.140357 0.985182 0.136250 -0.104178 0.747588 0.660492 0.069729 0.909798 0.379919 -0.167121 
-0.653487 0.756937 -0.000356 0.203730 -0.977134 -0.060853 -0.848009 -0.513560 0.130910 0.980615 0.184024 -0.067300 0.754365 0.648987 0.098738 0.872385 0.454013 -0.181155 
-0.639151 0.769081 -0.000503 0.368670 -0.929015 -0.031828 -0.811658 -0.573439 0.111264 0.937298 0.347128 -0.031217 0.763544 0.632345 0.130918 0.842563 0.502831 -0.192998 
-0.657573 0.753390 -0.001466 0.421879 -0.891653 0.164236 -0.775850 -0.626601 0.073678 0.914025 0.405657 0.000954 0.743214 0.646688 0.171547 0.800306 0.561028 -0.211563 
-0.686752 0.726879 -0.004225 0.435624 -0.871243 0.226204 -0.754199 -0.654702 0.050484 0.902640 0.429764 0.023328 0.710951 0.670513 0.212040 0.780469 0.590131 -0.206432 
-0.707267 0.706923 -0.005859 0.447139 -0.864132 0.230961 -0.742708 -0.669249 0.022141 0.893910 0.446184 0.042950 0.683869 0.683819 0.254392 0.774453 0.606926 -0.178505 
-0.728015 0.685507 -0.008684 0.456043 -0.850525 0.261977 -0.731093 -0.682277 0.001172 0.887629 0.459065 0.037063 0.653773 0.695521 0.298046 0.767255 0.622083 -0.155990 
-0.735182 0.677847 -0.005613 0.442591 -0.841215 0.310598 -0.720905 -0.690418 -0.060148 0.886546 0.459058 0.057466 0.633763 0.687704 0.354128 0.763632 0.638376 -0.096657 
-0.743503 0.668709 0.005573 0.420244 -0.857951 0.295492 -0.719674 -0.690775 -0.069999 0.898468 0.434271 0.064528 0.618145 0.681383 0.391936 0.757361 0.645880 -0.096145 
-0.736425 0.675356 0.039650 0.402898 -0.876356 0.263957 -0.720639 -0.688250 -0.083613 0.896721 0.423520 0.128535 0.629521 0.659742 0.410419 0.753315 0.647054 -0.117630 
-0.726991 0.682384 0.076398 0.382594 -0.896087 0.225054 0.886675 0.406891 0.219654 -0.660181 -0.620730 -0.422914 -0.724317 -0.688541 -0.035730 0.644155 0.636130 0.424740 0.748782 0.647833 -0.140133 
0.361613 -0.914417 0.181874 -0.721439 -0.689396 -0.065260 0.873786 0.379675 0.303882 -0.720799 0.684090 0.111667 -0.669583 -0.598559 -0.439756 0.653698 0.613991 0.442374 0.742848 0.652983 -0.147618 
0.348203 -0.927498 0.136020 -0.715686 -0.690586 -0.104330 0.854575 0.351015 0.382741 0.744071 0.668034 -0.009381 -0.716843 0.681511 0.147237 -0.675878 -0.576380 -0.459320 
0.345471 -0.933978 0.091294 -0.707254 -0.689997 -0.153934 0.835474 0.326482 0.442032 0.739731 0.672511 0.022955 -0.719250 0.671572 0.177959 -0.673073 -0.555715 -0.488009 
0.351488 -0.935016 0.046909 -0.698172 -0.682888 -0.214988 0.822018 0.307330 0.479410 0.734528 0.673511 0.082777 -0.728099 0.655524 0.200403 -0.658878 -0.532763 -0.531077 
0.362674 -0.931879 0.008345 -0.684518 -0.670562 -0.285975 0.809788 0.293887 0.507814 0.725019 0.669350 0.162229 -0.741807 0.635415 0.214405 -0.634019 -0.504571 -0.586027 
0.365921 -0.930585 -0.010668 -0.666104 -0.651975 -0.362262 0.803090 0.283929 0.523861 0.710659 0.657350 0.250707 -0.755938 0.613476 0.228484 -0.604508 -0.464695 -0.647015 
0.371972 -0.926575 -0.055644 -0.646712 -0.628670 -0.431900 0.796372 0.260970 0.545607 0.691151 0.642167 0.331561 -0.774415 0.581305 0.249732 -0.572482 -0.418325 -0.705173 
0.370278 -0.921999 -0.113194 -0.633447 -0.602626 -0.485373 0.789475 0.220643 0.572753 0.678121 0.625731 0.385502 -0.785070 0.552485 0.280045 -0.556787 -0.370891 -0.743256 
0.368074 -0.913220 -0.174786 -0.630278 -0.570123 -0.526981 0.779355 0.172481 0.602376 0.677334 0.601631 0.423390 -0.785318 0.535472 0.310719 -0.554063 -0.322250 -0.767574 
0.365562 -0.899031 -0.241056 -0.631697 -0.529918 -0.565814 0.767047 0.115936 0.631029 0.682250 0.570116 0.457716 -0.780758 0.522151 0.343183 -0.556185 -0.268694 -0.786424 
0.366726 -0.876452 -0.312001 -0.631233 -0.482982 -0.606855 0.752598 0.053828 0.656277 0.685062 0.532479 0.497148 -0.777932 0.504410 0.374690 -0.554458 -0.209051 -0.805527 
0.378389 -0.841465 -0.385692 -0.625008 -0.428750 -0.652332 0.735043 -0.008809 0.677963 0.681298 0.486984 0.546516 -0.781107 0.478711 0.400883 -0.543463 -0.143955 -0.826998 
0.389362 -0.801570 -0.453744 -0.611914 -0.366392 -0.700941 0.719884 -0.071168 0.690436 0.669808 0.433270 0.603021 -0.789368 0.445141 0.422786 -0.525636 -0.073056 -0.847567 
0.653811 0.365337 0.662616 -0.594419 -0.291957 -0.749284 0.393708 -0.762485 -0.513430 0.707277 -0.133778 0.694163 -0.798647 0.409953 0.440569 -0.501958 0.010222 -0.864832 
0.638149 0.286081 0.714790 -0.580762 -0.207416 -0.787206 0.383115 -0.720377 -0.578169 0.703302 -0.205550 0.680526 -0.806822 0.375848 0.455826 -0.476233 0.101065 -0.873492 
0.648351 0.189177 0.737464 -0.591019 -0.102314 -0.800143 0.366939 -0.648148 -0.667278 0.716445 -0.286426 0.636134 -0.473000 0.213822 -0.854723 -0.795794 0.306635 0.522194 
0.686563 0.107327 0.719105 -0.633017 -0.045779 -0.772783 0.356045 -0.631953 -0.688380 0.734857 -0.291245 0.612504 -0.485245 0.271291 -0.831227 -0.758389 0.336968 0.557942 
0.703153 0.081189 0.706388 -0.644998 -0.014651 -0.764043 0.339977 -0.616408 -0.710251 0.722798 -0.336115 0.603813 -0.496595 0.291465 -0.817583 -0.738937 0.346678 0.577742 
0.699418 0.068920 0.711382 -0.634661 0.007382 -0.772755 0.319438 -0.618068 -0.718297 0.697405 -0.382696 0.605946 -0.486490 0.308633 -0.817357 -0.734671 0.356488 0.577213 
0.680395 0.042460 0.731614 -0.610669 0.037311 -0.791007 0.299176 -0.626046 -0.720111 0.666795 -0.424411 0.612585 -0.452811 0.334797 -0.826361 -0.737689 0.374995 0.561421 
-0.584557 0.072350 -0.808120 0.659435 0.002555 0.751757 -0.259004 -0.247952 -0.933508 -0.950586 -0.213360 -0.225529 -0.408472 0.363368 -0.837326 -0.732326 0.412780 0.541582 0.720741 -0.693022 -0.015895 0.953998 -0.034517 0.297820 
-0.561656 0.102987 -0.820936 0.688479 -0.725200 0.009059 -0.256389 -0.255053 -0.932316 -0.960999 -0.167334 -0.220185 -0.367534 0.383972 -0.847044 -0.719598 0.455695 0.523947 0.641050 -0.033808 0.766754 0.952368 -0.070811 0.296616 
-0.543419 0.128810 -0.829520 0.657508 -0.753416 0.006872 -0.287904 -0.259662 -0.921785 -0.968950 -0.121910 -0.215112 -0.334866 0.398722 -0.853748 -0.700014 0.497715 0.512114 0.628021 -0.063184 0.775627 0.950007 -0.107653 0.293083 
-0.535543 0.156512 -0.829878 0.632256 -0.774728 -0.006934 0.850867 -0.128074 0.509532 -0.342726 -0.271646 -0.899304 -0.973949 -0.079149 -0.212507 -0.313743 0.414940 -0.854044 -0.673103 0.533885 0.511761 
-0.538837 0.190161 -0.820666 0.612552 -0.789717 -0.033557 0.852651 -0.162296 0.496635 -0.419241 -0.288611 -0.860779 -0.975828 -0.041769 -0.214511 -0.306084 0.438779 -0.844859 -0.642098 0.556801 0.526956 
-0.550587 0.230409 -0.802350 0.597095 -0.799436 -0.066180 0.856342 -0.195423 0.478004 -0.499795 -0.306223 -0.810205 -0.975887 -0.010348 -0.218031 -0.309489 0.471075 -0.826018 -0.608761 0.565860 0.556069 
-0.567247 0.277147 -0.775513 0.582687 -0.805866 -0.105143 0.861205 -0.228158 0.454170 -0.580628 -0.322278 -0.747668 -0.974878 0.016800 -0.222107 -0.319333 0.510920 -0.798115 -0.572824 0.563429 0.595332 
-0.592794 0.322735 -0.737860 0.563157 -0.814014 -0.142249 0.867376 -0.258375 0.425326 -0.658329 -0.337914 -0.672619 -0.973775 0.039002 -0.224147 -0.334453 0.548494 -0.766352 -0.522900 0.564981 0.638257 
-0.614676 0.362375 -0.700612 0.533446 -0.827287 -0.176156 0.874187 -0.281020 0.396011 -0.738098 -0.353579 -0.574624 -0.972125 0.056333 -0.227596 -0.352234 0.580558 -0.734086 -0.477463 0.559481 0.677503 
-0.634070 0.397043 -0.663561 0.490327 -0.854818 -0.169897 0.881272 -0.296926 0.367688 -0.801591 -0.365813 -0.472898 -0.971659 0.063230 -0.227772 -0.367456 0.608542 -0.703315 -0.430974 0.554957 0.711536 
-0.649697 0.427880 -0.628341 0.453000 -0.879640 -0.144997 0.886791 -0.313112 0.339946 -0.841504 -0.368188 -0.395359 -0.972795 0.069893 -0.220871 -0.379332 0.632093 -0.675696 -0.383656 0.553269 0.739393 
-0.662155 0.456786 -0.594052 0.418952 -0.899098 -0.126891 0.890969 -0.333054 0.308624 -0.871302 -0.358739 -0.334871 -0.975871 0.082230 -0.202270 -0.388021 0.653525 -0.649880 -0.334904 0.553085 0.762848 
-0.671593 0.483944 -0.561036 0.386497 -0.913492 -0.127089 0.893807 -0.357054 0.271331 -0.897827 -0.341127 -0.278458 -0.980170 0.102742 -0.169442 -0.286398 0.559589 0.777712 -0.400283 0.684662 -0.609107 
-0.678140 0.509695 -0.529470 0.354898 -0.923825 -0.143513 0.894733 -0.383854 0.228273 -0.922171 -0.320666 -0.216273 -0.983758 0.129950 -0.123829 -0.232805 0.564973 0.791585 -0.402547 0.701197 -0.588455 
-0.679819 0.536825 -0.499664 0.324307 -0.932530 -0.158787 0.893921 -0.408956 0.183465 -0.942475 -0.304141 -0.138705 -0.985778 0.152178 -0.071303 -0.180604 0.572222 0.799965 -0.402671 0.714613 -0.572001 
-0.682602 0.564236 -0.464428 0.298064 -0.941540 -0.157037 0.892395 -0.429278 0.139106 -0.954509 -0.295438 -0.040353 -0.985979 0.165208 -0.023503 -0.125182 0.582520 0.803119 -0.403056 0.724889 -0.558643 
-0.696179 0.605567 -0.385516 0.274983 -0.950505 -0.144653 0.890879 -0.445023 0.091049 -0.957073 -0.284955 0.053027 -0.985530 0.168629 -0.017200 -0.073854 0.536021 0.840968 -0.411309 0.765215 -0.495249 
0.113395 0.781726 0.613226 0.250606 -0.960864 -0.118056 0.879767 -0.472250 0.054678 -0.947888 -0.268326 0.171783 -0.986363 0.163866 -0.015345 -0.712068 0.665883 -0.222618 -0.570971 0.574022 -0.586934 
0.120680 0.931262 0.343783 -0.704723 0.675425 -0.217180 0.211704 -0.971525 -0.106401 -0.940075 -0.232198 0.249685 -0.983793 0.178390 -0.018139 0.621328 -0.342555 0.704704 0.866926 -0.498313 -0.011132 
0.071176 0.988558 0.132991 -0.700792 0.687160 -0.191576 0.607956 -0.150433 0.779589 -0.937682 -0.195437 0.287328 -0.979907 0.197618 -0.027027 0.174366 -0.979846 -0.097455 0.850179 -0.526492 -0.001390 
-0.095988 0.988275 0.118740 -0.685361 0.684551 -0.248337 0.526700 -0.052563 0.848424 -0.927523 -0.165931 0.334916 -0.975205 0.220543 -0.018347 0.137925 -0.984763 -0.105919 0.850101 -0.526614 0.002496 
-0.309618 0.943919 0.114686 -0.627187 0.689143 -0.362929 0.368077 0.005901 0.929777 -0.915612 -0.143455 0.375600 -0.968552 0.248772 0.004485 0.097589 -0.985540 -0.138516 0.851259 -0.524567 0.013718 
-0.395233 0.917118 0.051815 -0.512130 0.718767 -0.470210 0.184727 0.022177 0.982540 -0.908008 -0.129129 0.398555 -0.961292 0.272882 0.038112 0.057019 -0.980553 -0.187789 0.835277 -0.548710 0.035064 
-0.895246 -0.131293 0.425789 -0.953261 0.293083 0.073453 0.029378 -0.970918 -0.237604 -0.389453 0.920711 -0.024854 -0.381715 0.752283 -0.536996 0.810061 -0.584413 0.047566 
-0.887412 -0.135330 0.440666 0.004589 -0.958480 -0.285123 0.783801 -0.620081 0.033997 -0.294705 0.784745 -0.545275 -0.711177 0.247210 -0.658115 -0.924627 0.310126 0.221103 -0.324286 0.945865 -0.013354 
-0.882200 -0.138725 0.449977 -0.012742 -0.948235 -0.317313 0.754237 -0.648100 0.105326 -0.235142 0.762515 0.602726 -0.688239 0.289908 -0.665042 -0.919119 0.324575 0.223321 -0.191805 0.686967 -0.700919 -0.256640 0.965429 0.045639 
-0.889123 -0.133860 0.437655 -0.027933 -0.938620 -0.343820 0.724812 -0.686263 0.060751 -0.231771 0.757422 0.610405 -0.670017 0.313552 -0.672876 -0.914904 0.334974 0.225264 -0.148339 0.977573 0.149491 -0.137806 0.647879 -0.749174 
0.047922 0.952310 0.301346 -0.035156 -0.928603 -0.369405 0.686092 -0.727442 -0.010311 -0.905811 -0.126556 0.404339 -0.251809 0.762441 0.596050 -0.157153 0.804110 -0.573333 -0.653076 0.303258 -0.693921 -0.913268 0.338968 0.225926 
0.248439 0.783306 0.569833 -0.019934 -0.928541 -0.370694 0.657345 -0.748375 -0.088497 -0.907847 -0.138507 0.395764 -0.269089 0.755470 0.597374 -0.160279 0.905617 -0.392642 -0.641245 0.304710 -0.704242 -0.919595 0.330173 0.212909 
-0.000165 -0.931375 -0.364062 0.643922 -0.745481 -0.172112 -0.903592 -0.155826 0.399049 0.375602 0.426593 0.822765 -0.057379 0.907880 -0.415286 -0.277459 0.749455 0.601110 -0.159141 0.972592 -0.169526 -0.631507 0.311696 -0.709961 -0.926292 0.320220 0.198600 
0.562114 0.225629 0.795688 -0.884263 -0.173513 0.433558 -0.274587 0.717690 0.639941 0.017534 -0.940093 -0.340466 0.630159 -0.745024 -0.218721 -0.623053 0.357124 -0.695894 -0.933856 0.315750 0.167973 -0.011086 0.971355 -0.237373 -0.150296 0.987449 -0.048529 
0.702288 0.108526 0.703572 -0.871033 -0.178078 0.457810 -0.266857 0.691796 0.670974 0.027820 -0.948363 -0.315964 0.622660 -0.748172 -0.229202 -0.615169 0.397259 -0.680994 -0.937462 0.316609 0.144652 0.048099 0.984994 -0.165751 -0.151535 0.988444 0.003966 
0.811263 -0.030529 0.583884 -0.867282 -0.176273 0.465565 0.137950 0.985485 -0.098938 0.032430 -0.953231 -0.300499 0.612839 -0.752781 -0.240309 -0.612120 0.415086 -0.673062 -0.938649 0.316972 0.135893 -0.261469 0.680737 0.684274 -0.139833 0.988650 0.054931 
0.908538 -0.184822 0.374699 -0.863789 -0.176061 0.472093 0.241801 0.969330 -0.043959 0.036250 -0.956250 -0.290297 0.598716 -0.759722 -0.253695 -0.610245 0.426320 -0.667722 -0.939558 0.315862 0.132146 -0.258437 0.673166 0.692862 -0.099712 0.985114 0.140030 
0.928352 -0.342526 0.144352 -0.613450 0.432096 -0.661039 0.368984 0.929435 -0.000905 0.043916 -0.958271 -0.282468 0.588212 -0.763159 -0.267571 -0.859446 -0.180391 0.478342 -0.941775 0.309108 0.132335 -0.257948 0.664797 0.701077 -0.041133 0.973903 0.223206 
0.895694 -0.443524 -0.031936 -0.619154 0.436350 -0.652875 0.465222 0.885194 0.000998 0.055339 -0.959553 -0.276036 0.582378 -0.764157 -0.277310 -0.852817 -0.189201 0.486731 -0.944438 0.299159 0.136163 -0.256182 0.656678 0.709327 0.018800 0.960377 0.278068 
0.885853 -0.459730 -0.062546 -0.626170 0.437793 -0.645174 -0.255332 0.649409 0.716292 0.070249 -0.960234 -0.270215 0.579836 -0.761907 -0.288595 -0.845368 -0.201110 0.494882 -0.947349 0.286599 0.142796 0.481878 0.876238 -0.000319 0.052276 0.955831 0.289230 
0.890334 -0.453076 -0.045032 -0.632553 0.435247 -0.640654 -0.253729 0.647599 0.718497 0.081998 -0.959497 -0.269521 0.579725 -0.758808 -0.296866 -0.838600 -0.212558 0.501566 -0.948733 0.276519 0.153108 0.474810 0.880087 -0.001483 0.064042 0.958004 0.279511 
0.895280 -0.445031 -0.020517 -0.639142 0.423311 -0.642110 -0.259735 0.649474 0.714648 0.092477 -0.958262 -0.270522 0.578782 -0.756567 -0.304331 -0.834461 -0.222807 0.504015 -0.950373 0.264851 0.163233 0.466522 0.884509 -0.001245 0.076166 0.960201 0.268724 
0.883115 -0.469144 -0.003526 -0.649249 0.403161 -0.644932 -0.269828 0.652999 0.707662 0.106025 -0.957252 -0.269123 0.583984 -0.752932 -0.303409 -0.831376 -0.233816 0.504126 -0.953098 0.248664 0.172541 0.489695 0.870838 -0.042887 0.078204 0.965137 0.249789 
-0.283956 0.661242 0.694354 0.862739 -0.505231 -0.020550 -0.656906 0.376636 -0.653161 0.525411 0.850528 -0.023352 0.088760 0.966645 0.240250 0.125054 -0.956376 -0.264020 0.590852 -0.747070 -0.304600 -0.824893 -0.248083 0.507944 -0.956349 0.231669 0.178119 
-0.287973 0.662904 0.691108 0.864488 -0.501955 -0.026472 -0.656574 0.371854 -0.656228 0.521968 0.852504 -0.028042 0.088384 0.966312 0.241722 0.146563 -0.957085 -0.250014 0.600787 -0.741548 -0.298600 -0.817049 -0.259605 0.514818 -0.960364 0.221326 0.169456 
-0.293290 0.661920 0.689814 0.867216 -0.497247 -0.026104 -0.655042 0.369502 -0.659081 0.517310 0.855321 -0.028565 0.084903 0.966174 0.243514 0.163536 -0.958639 -0.232952 0.609452 -0.737532 -0.290887 -0.813944 -0.264539 0.517218 -0.964527 0.212648 0.156422 
-0.299322 0.660694 0.688396 0.869269 -0.493857 -0.021825 -0.653191 0.366996 -0.662310 0.514087 0.857329 -0.026487 0.079968 0.966506 0.243869 0.174035 -0.960251 -0.218243 0.615964 -0.735154 -0.283086 -0.815494 -0.264769 0.514652 -0.967905 0.206132 0.143773 
-0.305713 0.659863 0.686382 0.871158 -0.490724 -0.016569 -0.650781 0.364256 -0.666184 0.511123 0.859163 -0.024318 0.075014 0.966951 0.243678 0.180252 -0.961182 -0.208898 0.620783 -0.733638 -0.276412 -0.818988 -0.264280 0.509327 -0.970282 0.201625 0.133795 
-0.311186 0.659035 0.684716 0.872722 -0.488060 -0.012417 -0.649082 0.361630 -0.669266 0.508561 0.860692 -0.023991 0.070889 0.967409 0.243092 0.185421 -0.961570 -0.202490 0.624454 -0.732299 -0.271653 -0.819063 -0.265085 0.508788 -0.971791 0.198651 0.127124 
-0.314311 0.659861 0.682490 0.873717 -0.486349 -0.009114 -0.648068 0.358875 -0.671727 0.506911 0.861647 -0.024598 0.068327 0.968071 0.241183 0.187753 -0.961970 -0.198398 0.626564 -0.731853 -0.267971 -0.819494 -0.264768 0.508260 -0.972564 0.197203 0.123409 
-0.315672 0.661257 0.680508 0.874019 -0.485844 -0.006746 -0.647329 0.356923 -0.673477 0.506431 0.861891 -0.025911 0.067410 0.968670 0.239028 0.188573 -0.962358 -0.195723 0.627363 -0.732132 -0.265328 -0.820007 -0.263966 0.507849 -0.972857 0.196949 0.121491 
-0.316341 0.662508 0.678979 0.874087 -0.485742 -0.005072 -0.646796 0.355558 -0.674709 0.506341 0.861905 -0.027186 0.067086 0.969130 0.237250 0.188350 -0.962608 -0.194705 0.627412 -0.732659 -0.263750 -0.820483 -0.263186 0.507485 -0.972843 0.197393 0.120885 
-0.316752 0.663300 0.678012 0.874111 -0.485710 -0.004002 -0.646430 0.354728 -0.675497 0.506319 0.861893 -0.027971 0.066914 0.969413 0.236139 0.187493 -0.962713 -0.195014 0.627076 -0.733179 -0.263104 -0.820872 -0.262604 0.507157 -0.972660 0.198162 0.121093 
-0.316900 0.663603 0.677647 0.874112 -0.485711 -0.003596 -0.646285 0.354426 -0.675795 0.506323 0.861880 -0.028288 0.066866 0.969518 0.235721 0.186445 -0.962710 -0.196028 0.626585 -0.733569 -0.263189 -0.821138 -0.262249 0.506910 -0.972424 0.198922 0.121745 
-0.316814 0.663470 0.677818 0.874103 -0.485726 -0.003792 -0.646353 0.354576 -0.675651 0.506334 0.861876 -0.028200 0.066912 0.969467 0.235915 0.185546 -0.962616 -0.197342 0.626110 -0.733750 -0.263813 -0.821227 -0.262191 0.506795 -0.972205 0.199469 0.122599 
-0.316530 0.662975 0.678434 0.874074 -0.485773 -0.004475 -0.646576 0.355123 -0.675149 0.506374 0.861867 -0.027763 0.067056 0.969284 0.236626 0.184939 -0.962442 -0.198752 0.625727 -0.733713 -0.264824 -0.821109 -0.262448 0.506854 -0.972031 0.199754 0.123503 
-0.316063 0.662133 0.679474 0.874024 -0.485851 -0.005620 -0.646943 0.356054 -0.674307 0.506440 0.861853 -0.026991 0.067293 0.968972 0.237834 0.184600 -0.962206 -0.200207 0.625429 -0.733474 -0.266185 -0.820815 -0.262974 0.507058 -0.971907 0.199788 0.124421 
-0.315584 0.661241 0.680564 0.873970 -0.485932 -0.006809 -0.647314 0.357035 -0.673432 0.506511 0.861837 -0.026159 0.067539 0.968640 0.239111 0.184227 -0.961940 -0.201820 0.625111 -0.733216 -0.267639 -0.820499 -0.263564 0.507263 -0.971769 0.199839 0.125420 
-0.315137 0.660409 0.681579 0.873920 -0.486006 -0.007918 -0.647659 0.357949 -0.672614 0.506578 0.861820 -0.025388 0.067770 0.968330 0.240302 0.183792 -0.961667 -0.203512 0.624764 -0.732989 -0.269067 -0.820196 -0.264144 0.507451 -0.971610 0.199949 0.126472 
-0.314718 0.659628 0.682528 0.873871 -0.486075 -0.008955 -0.647982 0.358805 -0.671847 0.506641 0.861804 -0.024665 0.067986 0.968037 0.241416 0.183361 -0.961403 -0.205143 0.624427 -0.732777 -0.270422 -0.819912 -0.264693 0.507624 -0.971452 0.200068 0.127489 
-0.314309 0.658889 0.683429 0.873826 -0.486138 -0.009939 -0.648287 0.359623 -0.671115 0.506702 0.861788 -0.023974 0.068187 0.967758 0.242477 0.182996 -0.961158 -0.206608 0.624131 -0.732566 -0.271675 -0.819648 -0.265206 0.507782 -0.971316 0.200150 0.128396 
-0.313877 0.658207 0.684284 0.873782 -0.486195 -0.010873 -0.648579 0.360417 -0.670406 0.506759 0.861773 -0.023308 0.068368 0.967494 0.243479 0.182713 -0.960939 -0.207876 0.623884 -0.732352 -0.272818 -0.819405 -0.265679 0.507928 -0.971202 0.200195 0.129184 
-0.313448 0.657567 0.685096 0.873741 -0.486250 -0.011762 -0.648860 0.361176 -0.669726 0.506813 0.861758 -0.022677 0.068538 0.967242 0.244428 0.182491 -0.960745 -0.208965 0.623678 -0.732139 -0.273860 -0.819180 -0.266109 0.508066 -0.971110 0.200202 0.129863 
-0.313037 0.656959 0.685866 0.873700 -0.486301 -0.012607 -0.649126 0.361898 -0.669078 0.506865 0.861743 -0.022076 0.068698 0.967002 0.245330 0.182291 -0.960573 -0.209930 0.623488 -0.731940 -0.274821 -0.818984 -0.266483 0.508185 -0.971030 0.200198 0.130463 
-0.312644 0.656384 0.686596 0.873662 -0.486348 -0.013408 -0.649379 0.362582 -0.668462 0.506914 0.861728 -0.021510 0.068850 0.966775 0.246184 0.182056 -0.960421 -0.210827 0.623291 -0.731769 -0.275722 -0.818828 -0.266789 0.508276 -0.970952 0.200212 0.131022 
-0.312270 0.655841 0.687285 0.873626 -0.486392 -0.014166 -0.649618 0.363229 -0.667878 0.506961 0.861714 -0.020973 0.068994 0.966559 0.246990 0.181768 -0.960282 -0.211704 0.623076 -0.731627 -0.276583 -0.818706 -0.267040 0.508340 -0.970869 0.200259 0.131570 
-0.311912 0.655328 0.687936 0.873591 -0.486433 -0.014882 -0.649844 0.363842 -0.667324 0.507005 0.861700 -0.020469 0.069129 0.966354 0.247753 0.181441 -0.960148 -0.212589 0.622844 -0.731509 -0.277417 -0.818606 -0.267256 0.508388 -0.970777 0.200338 0.132126 
-0.311571 0.654842 0.688553 0.873558 -0.486472 -0.015562 -0.650059 0.364425 -0.666796 0.507047 0.861687 -0.019989 0.069257 0.966159 0.248476 0.181035 -0.960021 -0.213511 0.622597 -0.731409 -0.278232 -0.818522 -0.267427 0.508433 -0.970676 0.200451 0.132695 
-0.311241 0.654379 0.689142 0.873526 -0.486508 -0.016211 -0.650265 0.364981 -0.666292 0.507086 0.861674 -0.019535 0.069379 0.965973 0.249165 0.180573 -0.959896 -0.214459 0.622342 -0.731323 -0.279028 -0.818447 -0.267570 0.508479 -0.970568 0.200587 0.133275 
-0.310922 0.653936 0.689707 0.873495 -0.486541 -0.016835 -0.650462 0.365515 -0.665806 0.507125 0.861661 -0.019096 0.069495 0.965793 0.249827 0.180091 -0.959775 -0.215404 0.622085 -0.731245 -0.279804 -0.818379 -0.267694 0.508523 -0.970458 0.200734 0.133853 
-0.310611 0.653507 0.690253 0.873465 -0.486574 -0.017438 -0.650653 0.366033 -0.665335 0.507163 0.861648 -0.018674 0.069608 0.965619 0.250467 0.179624 -0.959654 -0.216330 0.621834 -0.731170 -0.280558 -0.818315 -0.267810 0.508565 -0.970350 0.200881 0.134417 
-0.310306 0.653089 0.690786 0.873436 -0.486605 -0.018027 -0.650839 0.366538 -0.664875 0.507200 0.861635 -0.018261 0.069717 0.965449 0.251092 0.179162 -0.959539 -0.217223 0.621591 -0.731096 -0.281289 -0.818252 -0.267925 0.508607 -0.970246 0.201020 0.134960 
-0.310005 0.652678 0.691309 0.873409 -0.486631 -0.018608 -0.651026 0.367031 -0.664420 0.507231 0.861625 -0.017873 0.069822 0.965282 0.251704 0.178730 -0.959426 -0.218077 0.621359 -0.731020 -0.281998 -0.818192 -0.268033 0.508645 -0.970147 0.201145 0.135484 
-0.309709 0.652267 0.691830 0.873383 -0.486655 -0.019183 -0.651211 0.367520 -0.663967 0.507262 0.861615 -0.017461 0.069925 0.965116 0.252312 0.178320 -0.959314 -0.218901 0.621139 -0.730936 -0.282699 -0.818128 -0.268151 0.508686 -0.970053 0.201254 0.135991 
-0.309411 0.651860 0.692346 0.873388 -0.486629 -0.019614 -0.651392 0.368011 -0.663518 0.507243 0.861634 -0.017052 0.070010 0.964958 0.252891 0.177926 -0.959202 -0.219713 0.620921 -0.730851 -0.283397 -0.818061 -0.268272 0.508730 -0.969961 0.201363 0.136488 
-0.309115 0.651455 0.692860 0.873424 -0.486553 -0.019916 -0.651571 0.368500 -0.663071 0.507179 0.861680 -0.016642 0.070081 0.964808 0.253445 0.177535 -0.959089 -0.220522 0.620703 -0.730763 -0.284101 -0.817994 -0.268395 0.508774 -0.969869 0.201471 0.136983 
-0.308819 0.651048 0.693374 0.873459 -0.486477 -0.020217 -0.651750 0.368988 -0.662624 0.507112 0.861727 -0.016228 0.070151 0.964657 0.253999 0.177137 -0.958974 -0.221340 0.620483 -0.730675 -0.284806 -0.817925 -0.268522 0.508818 -0.969776 0.201579 0.137482 
-0.308522 0.650640 0.693889 0.873501 -0.486391 -0.020494 -0.651928 0.369477 -0.662175 0.507036 0.861780 -0.015810 0.070217 0.964507 0.254550 0.176733 -0.958857 -0.222167 0.620259 -0.730587 -0.285518 -0.817857 -0.268647 0.508860 -0.969680 0.201691 0.137988 
-0.308226 0.650267 0.694370 0.873533 -0.486321 -0.020765 -0.652100 0.369940 -0.661748 0.506977 0.861822 -0.015418 0.070291 0.964367 0.255061 0.176324 -0.958737 -0.223010 0.620030 -0.730509 -0.286215 -0.817789 -0.268775 0.508901 -0.969579 0.201818 0.138514 
-0.307915 0.649941 0.694813 0.873558 -0.486268 -0.020981 -0.652258 0.370382 -0.661344 0.506934 0.861853 -0.015087 0.070389 0.964240 0.255511 0.175909 -0.958619 -0.223844 0.619787 -0.730452 -0.286885 -0.817721 -0.268891 0.508950 -0.969470 0.201970 0.139054 
-0.307609 0.649640 0.695229 0.873581 -0.486217 -0.021189 -0.652410 0.370799 -0.660961 0.506890 0.861884 -0.014783 0.070474 0.964122 0.255932 0.175450 -0.958513 -0.224656 0.619536 -0.730415 -0.287521 -0.817678 -0.268962 0.508981 -0.969358 0.202143 0.139580 
-0.307327 0.649351 0.695625 0.873609 -0.486160 -0.021351 -0.652550 0.371197 -0.660599 0.506842 0.861918 -0.014479 0.070557 0.964011 0.256327 0.174980 -0.958419 -0.225422 0.619284 -0.730393 -0.288122 -0.817656 -0.268993 0.509001 -0.969250 0.202321 0.140072 
-0.307050 0.649082 0.695998 0.873632 -0.486111 -0.021511 -0.652683 0.371578 -0.660254 0.506799 0.861947 -0.014197 0.070636 0.963906 0.256700 0.174509 -0.958338 -0.226131 0.619037 -0.730380 -0.288683 -0.817649 -0.268992 0.509012 -0.969146 0.202501 0.140530 
-0.306784 0.648829 0.696351 0.873663 -0.486050 -0.021627 -0.652810 0.371937 -0.659926 0.506747 0.861982 -0.013930 0.070704 0.963809 0.257046 0.174054 -0.958265 -0.226789 0.618802 -0.730372 -0.289208 -0.817650 -0.268980 0.509017 -0.969049 0.202673 0.140954 
-0.306529 0.648591 0.696685 0.873690 -0.485997 -0.021744 -0.652930 0.372278 -0.659615 0.506698 0.862015 -0.013677 0.070768 0.963717 0.257373 0.173629 -0.958197 -0.227401 0.618582 -0.730362 -0.289702 -0.817651 -0.268966 0.509023 -0.968958 0.202832 0.141351 
-0.306285 0.648367 0.697000 0.873726 -0.485929 -0.021817 -0.653044 0.372602 -0.659319 0.506641 0.862053 -0.013439 0.070822 0.963633 0.257675 0.173242 -0.958130 -0.227979 0.618378 -0.730349 -0.290171 -0.817647 -0.268961 0.509032 -0.968872 0.202980 0.141727 
-0.306054 0.648150 0.697304 0.873757 -0.485871 -0.021893 -0.653148 0.372918 -0.659038 0.506587 0.862088 -0.013214 0.070873 0.963551 0.257967 0.172874 -0.958064 -0.228536 0.618186 -0.730334 -0.290616 -0.817638 -0.268966 0.509044 -0.968790 0.203120 0.142082 
-0.305839 0.647931 0.697601 0.873795 -0.485800 -0.021927 -0.653240 0.373229 -0.658770 0.506523 0.862128 -0.013004 0.070914 0.963472 0.258248 0.172531 -0.957996 -0.229076 0.618003 -0.730319 -0.291044 -0.817627 -0.268976 0.509056 -0.968713 0.203258 0.142415 
-0.305636 0.647722 0.697884 0.873829 -0.485737 -0.021967 -0.653327 0.373527 -0.658515 0.506465 0.862165 -0.012805 0.070954 0.963398 0.258516 0.172187 -0.957932 -0.229602 0.617825 -0.730307 -0.291452 -0.817617 -0.268982 0.509069 -0.968637 0.203394 0.142737 
-0.305438 0.647530 0.698150 0.873870 -0.485663 -0.021970 -0.653410 0.373808 -0.658273 0.506397 0.862208 -0.012617 0.070984 0.963330 0.258760 0.171843 -0.957872 -0.230113 0.617650 -0.730299 -0.291844 -0.817613 -0.268980 0.509077 -0.968561 0.203534 0.143054 
-0.305247 0.647349 0.698401 0.873907 -0.485596 -0.021981 -0.653490 0.374074 -0.658042 0.506335 0.862247 -0.012438 0.071013 0.963265 0.258992 0.171496 -0.957814 -0.230609 0.617475 -0.730296 -0.292219 -0.817615 -0.268963 0.509081 -0.968485 0.203677 0.143361 
-0.305063 0.647177 0.698641 0.873957 -0.485508 -0.021954 -0.653569 0.374327 -0.657820 0.506252 0.862298 -0.012283 0.071020 0.963207 0.259207 0.171141 -0.957762 -0.231092 0.617305 -0.730297 -0.292576 -0.817631 -0.268932 0.509073 -0.968411 0.203820 0.143658 
-0.304900 0.647009 0.698868 0.873998 -0.485434 -0.021946 -0.653644 0.374560 -0.657613 0.506184 0.862340 -0.012116 0.071039 0.963151 0.259411 0.170805 -0.957708 -0.231561 0.617140 -0.730298 -0.292922 -0.817641 -0.268906 0.509071 -0.968339 0.203954 0.143949 
-0.304737 0.646891 0.699048 0.874043 -0.485356 -0.021865 -0.653703 0.374760 -0.657440 0.506110 0.862386 -0.011988 0.071046 0.963112 0.259554 0.170457 -0.957660 -0.232017 0.616977 -0.730312 -0.293230 -0.817652 -0.268870 0.509072 -0.968264 0.204109 0.144237 
-0.304592 0.646809 0.699187 0.874084 -0.485288 -0.021754 -0.653742 0.374930 -0.657304 0.506045 0.862425 -0.011891 0.071048 0.963085 0.259654 0.170106 -0.957622 -0.232430 0.616818 -0.730344 -0.293485 -0.817673 -0.268810 0.509070 -0.968190 0.204280 0.144495 
-0.304480 0.646752 0.699288 0.874134 -0.485206 -0.021577 -0.653766 0.375062 -0.657205 0.505966 0.862473 -0.011827 0.071035 0.963071 0.259708 0.169770 -0.957597 -0.232779 0.616670 -0.730390 -0.293682 -0.817714 -0.268712 0.509055 -0.968122 0.204451 0.144703 
-0.304378 0.646707 0.699373 0.874181 -0.485128 -0.021407 -0.653787 0.375175 -0.657120 0.505890 0.862518 -0.011785 0.071019 0.963061 0.259749 0.169447 -0.957591 -0.233038 0.616536 -0.730442 -0.293832 -0.817775 -0.268579 0.509027 -0.968067 0.204605 0.144856 
-0.304269 0.646664 0.699461 0.874229 -0.485050 -0.021219 -0.653805 0.375297 -0.657032 0.505814 0.862563 -0.011725 0.071006 0.963052 0.259787 0.169163 -0.957596 -0.233224 0.616416 -0.730493 -0.293959 -0.817838 -0.268441 0.508999 -0.968022 0.204743 0.144964 
-0.304162 0.646632 0.699538 0.874271 -0.484982 -0.021040 -0.653818 0.375411 -0.656954 0.505747 0.862603 -0.011685 0.070995 0.963045 0.259816 0.168900 -0.957603 -0.233385 0.616303 -0.730545 -0.294066 -0.817900 -0.268305 0.508971 -0.967979 0.204876 0.145058 
-0.304064 0.646605 0.699605 0.874323 -0.484897 -0.020833 -0.653833 0.375509 -0.656883 0.505664 0.862652 -0.011644 0.070970 0.963042 0.259832 0.168637 -0.957609 -0.233554 0.616195 -0.730593 -0.294172 -0.817962 -0.268174 0.508942 -0.967937 0.205006 0.145157 
-0.303976 0.646559 0.699686 0.874376 -0.484810 -0.020661 -0.653854 0.375611 -0.656804 0.505579 0.862702 -0.011591 0.070937 0.963034 0.259873 0.168380 -0.957607 -0.233745 0.616093 -0.730630 -0.294294 -0.818019 -0.268058 0.508911 -0.967896 0.205124 0.145264 
-0.303889 0.646497 0.699780 0.874433 -0.484714 -0.020476 -0.653873 0.375729 -0.656717 0.505486 0.862758 -0.011549 0.070904 0.963022 0.259926 0.168128 -0.957595 -0.233976 0.615990 -0.730660 -0.294437 -0.818060 -0.267970 0.508890 -0.967852 0.205242 0.145390 
-0.303791 0.646432 0.699883 0.874482 -0.484631 -0.020329 -0.653899 0.375854 -0.656620 0.505407 0.862805 -0.011458 0.070877 0.963006 0.259992 0.167882 -0.957573 -0.234244 0.615885 -0.730680 -0.294607 -0.818088 -0.267908 0.508878 -0.967804 0.205361 0.145543 
-0.303697 0.646370 0.699981 0.874536 -0.484542 -0.020157 -0.653921 0.375974 -0.656529 0.505321 0.862856 -0.011391 0.070849 0.962993 0.260049 0.167612 -0.957545 -0.234549 0.615772 -0.730703 -0.294786 -0.818110 -0.267853 0.508871 -0.967750 0.205490 0.145721 
-0.303610 0.646341 0.700046 0.874596 -0.484443 -0.019920 -0.653931 0.376072 -0.656464 0.505225 0.862913 -0.011337 0.070808 0.962993 0.260059 0.167327 -0.957515 -0.234874 0.615653 -0.730738 -0.294948 -0.818134 -0.267792 0.508865 -0.967688 0.205646 0.145911 
-0.303533 0.646331 0.700088 0.874635 -0.484379 -0.019740 -0.653933 0.376147 -0.656418 0.505162 0.862951 -0.011315 0.070786 0.962995 0.260058 0.167022 -0.957498 -0.235163 0.615530 -0.730789 -0.295076 -0.818172 -0.267695 0.508855 -0.967627 0.205809 0.146082 
-0.303453 0.646320 0.700134 0.874682 -0.484303 -0.019542 -0.653940 0.376223 -0.656368 0.505086 0.862995 -0.011282 0.070755 0.962997 0.260060 0.166721 -0.957496 -0.235386 0.615412 -0.730846 -0.295181 -0.818236 -0.267558 0.508825 -0.967575 0.205963 0.146209 
-0.303379 0.646293 0.700191 0.874731 -0.484222 -0.019344 -0.653944 0.376311 -0.656314 0.505008 0.863041 -0.011238 0.070721 0.962996 0.260073 0.166433 -0.957504 -0.235556 0.615303 -0.730902 -0.295270 -0.818308 -0.267406 0.508789 -0.967532 0.206106 0.146295 
-0.303307 0.646264 0.700248 0.874783 -0.484136 -0.019136 -0.653949 0.376398 -0.656259 0.504924 0.863091 -0.011190 0.070685 0.962995 0.260086 0.166170 -0.957514 -0.235700 0.615203 -0.730953 -0.295352 -0.818379 -0.267258 0.508752 -0.967494 0.206233 0.146367 
-0.303234 0.646245 0.700297 0.874831 -0.484057 -0.018942 -0.653955 0.376474 -0.656209 0.504846 0.863137 -0.011175 0.070651 0.962995 0.260093 0.165925 -0.957520 -0.235847 0.615109 -0.731001 -0.295429 -0.818440 -0.267131 0.508721 -0.967457 0.206354 0.146444 
-0.303161 0.646226 0.700347 0.874883 -0.483971 -0.018741 -0.653963 0.376550 -0.656157 0.504763 0.863186 -0.011155 0.070615 0.962997 0.260098 0.165700 -0.957520 -0.236006 0.615021 -0.731041 -0.295515 -0.818491 -0.267022 0.508696 -0.967419 0.206468 0.146531 
-0.303089 0.646204 0.700398 0.874933 -0.483889 -0.018543 -0.653971 0.376627 -0.656105 0.504681 0.863234 -0.011125 0.070578 0.962998 0.260105 0.165483 -0.957513 -0.236189 0.614934 -0.731075 -0.295610 -0.818531 -0.266934 0.508677 -0.967379 0.206582 0.146632 
-0.303017 0.646179 0.700452 0.874985 -0.483803 -0.018344 -0.653979 0.376707 -0.656051 0.504598 0.863283 -0.011088 0.070539 0.962998 0.260115 0.165255 -0.957502 -0.236392 0.614846 -0.731106 -0.295716 -0.818566 -0.266856 0.508662 -0.967338 0.206697 0.146745 
-0.302945 0.646157 0.700504 0.875036 -0.483718 -0.018147 -0.653988 0.376784 -0.655998 0.504515 0.863333 -0.011041 0.070500 0.962999 0.260121 0.165027 -0.957487 -0.236610 0.614754 -0.731138 -0.295828 -0.818602 -0.266778 0.508646 -0.967293 0.206817 0.146870 
-0.302875 0.646137 0.700552 0.875086 -0.483635 -0.017956 -0.653997 0.376856 -0.655947 0.504434 0.863380 -0.011016 0.070463 0.963000 0.260126 0.164778 -0.957475 -0.236831 0.614658 -0.731175 -0.295936 -0.818641 -0.266690 0.508629 -0.967247 0.206943 0.146997 
-0.302801 0.646116 0.700604 0.875138 -0.483547 -0.017753 -0.654007 0.376933 -0.655893 0.504349 0.863430 -0.010973 0.070423 0.963002 0.260129 0.164521 -0.957467 -0.237044 0.614560 -0.731213 -0.296046 -0.818684 -0.266594 0.508609 -0.967201 0.207069 0.147121 
-0.302733 0.646099 0.700649 0.875189 -0.483463 -0.017559 -0.654017 0.377000 -0.655845 0.504266 0.863479 -0.010969 0.070387 0.963004 0.260132 0.164265 -0.957460 -0.237249 0.614460 -0.731257 -0.296144 -0.818736 -0.266485 0.508583 -0.967156 0.207197 0.147239 
-0.302662 0.646076 0.700701 0.875238 -0.483381 -0.017372 -0.654026 0.377075 -0.655792 0.504186 0.863526 -0.010927 0.070348 0.963005 0.260139 0.164017 -0.957455 -0.237443 0.614364 -0.731298 -0.296242 -0.818787 -0.266377 0.508557 -0.967113 0.207322 0.147347 
-0.302594 0.646054 0.700750 0.875287 -0.483298 -0.017184 -0.654036 0.377149 -0.655741 0.504104 0.863574 -0.010885 0.070309 0.963006 0.260145 0.163770 -0.957451 -0.237627 0.614272 -0.731337 -0.296338 -0.818838 -0.266271 0.508532 -0.967071 0.207440 0.147450 
-0.302526 0.646035 0.700797 0.875336 -0.483216 -0.016998 -0.654046 0.377218 -0.655691 0.504025 0.863621 -0.010862 0.070270 0.963008 0.260149 0.163539 -0.957446 -0.237809 0.614184 -0.731374 -0.296430 -0.818884 -0.266174 0.508509 -0.967031 0.207555 0.147553 
-0.302457 0.646013 0.700847 0.875391 -0.483124 -0.016799 -0.654058 0.377287 -0.655639 0.503934 0.863674 -0.010849 0.070227 0.963011 0.260151 0.163311 -0.957440 -0.237988 0.614099 -0.731408 -0.296522 -0.818927 -0.266081 0.508487 -0.966992 0.207663 0.147655 
-0.302391 0.645997 0.700891 0.875438 -0.483045 -0.016622 -0.654069 0.377351 -0.655591 0.503858 0.863719 -0.010811 0.070189 0.963013 0.260152 0.163101 -0.957431 -0.238168 0.614017 -0.731439 -0.296615 -0.818966 -0.265997 0.508468 -0.966953 0.207769 0.147761 
-0.302324 0.645978 0.700937 0.875485 -0.482965 -0.016442 -0.654079 0.377419 -0.655542 0.503779 0.863765 -0.010783 0.070151 0.963015 0.260156 0.162890 -0.957422 -0.238350 0.613935 -0.731470 -0.296708 -0.819004 -0.265915 0.508450 -0.966914 0.207877 0.147866 
-0.302258 0.645958 0.700984 0.875533 -0.482884 -0.016260 -0.654089 0.377488 -0.655492 0.503699 0.863812 -0.010751 0.070112 0.963017 0.260160 0.162672 -0.957413 -0.238533 0.613852 -0.731501 -0.296802 -0.819043 -0.265832 0.508431 -0.966875 0.207984 0.147970 
