-0.971756 0.235987 0.001108 0.240211 0.970712 -0.004042 -0.234269 -0.972163 0.004035 0.966252 -0.257597 -0.001018 
-0.971798 0.235811 0.001126 0.240039 0.970761 -0.002133 -0.234097 -0.972211 0.002126 0.966298 -0.257423 -0.001078 
-0.971843 0.235627 -0.001368 0.239854 0.970807 0.001708 -0.233913 -0.972256 -0.001700 0.966347 -0.257240 0.001330 
-0.971768 0.235909 -0.003704 0.240149 0.970733 -0.002507 -0.234207 -0.972183 0.002530 0.966266 -0.257520 0.003759 
-0.971769 0.235910 -0.003354 0.240149 0.970733 -0.002270 -0.234207 -0.972184 0.002291 0.966267 -0.257521 0.003404 
-0.971770 0.235911 -0.003037 0.240147 0.970734 -0.002058 -0.234206 -0.972185 0.002077 0.966268 -0.257522 0.003083 
-0.971825 0.235703 -0.001104 0.239933 0.970789 -0.000533 -0.233992 -0.972238 0.000539 0.966327 -0.257315 0.001116 
-0.971780 0.235888 -0.000613 0.240118 0.970743 -0.001464 -0.234177 -0.972193 0.001467 0.966278 -0.257499 0.000645 
-0.971791 0.235845 -0.000529 0.240075 0.970753 -0.001399 -0.234134 -0.972203 0.001402 0.966290 -0.257456 0.000560 
-0.971826 0.235701 -0.000149 0.239931 0.970788 -0.002121 -0.233989 -0.972237 0.002122 0.966328 -0.257313 0.000196 
-0.971883 0.235466 -0.000095 0.239696 0.970845 -0.002397 -0.233754 -0.972293 0.002398 0.966390 -0.257080 0.000149 
-0.972658 0.232240 -0.000091 0.236474 0.971635 -0.002411 -0.230527 -0.973063 0.002412 0.967238 -0.253872 0.000145 
-0.974058 0.226291 0.001941 0.230518 0.973053 -0.005451 -0.224562 -0.974445 0.005440 0.968770 -0.247955 -0.001819 
-0.974028 0.226430 -0.000082 0.230667 0.973017 -0.005503 -0.224711 -0.974410 0.005503 0.968736 -0.248093 0.000205 
-0.973941 0.226796 -0.001651 0.231042 0.972918 -0.007100 -0.225086 -0.974313 0.007110 0.968641 -0.248457 0.001809 
-0.971866 0.235528 -0.001582 0.239764 0.970802 -0.007522 -0.233822 -0.972250 0.007532 0.966372 -0.257142 0.001750 
-0.960845 0.277083 -0.001385 0.281256 0.959526 -0.014293 -0.275381 -0.961229 0.014301 0.954427 -0.298439 0.001704 
-0.969223 0.246186 0.000101 0.250280 0.967664 -0.031391 -0.244354 -0.969178 0.031390 0.963495 -0.267727 0.000599 
-0.971855 0.235580 0.001002 0.239724 0.970564 -0.023204 -0.233782 -0.972012 0.023199 0.966362 -0.257187 -0.000484 
-0.971072 0.238782 0.001434 0.243008 0.970024 -0.000570 -0.237071 -0.971492 0.000561 0.965506 -0.260377 -0.001421 
-0.971094 0.238689 0.001841 0.242915 0.970047 -0.000931 -0.236977 -0.971515 0.000919 0.965530 -0.260285 -0.001820 
-0.963017 0.269436 0.001862 0.273626 0.961836 -0.000860 -0.267739 -0.963491 0.000849 0.956769 -0.290844 -0.001842 
-0.945435 0.325809 0.001525 0.329917 0.944004 -0.003437 -0.324137 -0.946004 0.003428 0.937934 -0.346810 -0.001449 
-0.940698 0.339245 0.000412 0.343324 0.939180 -0.008321 -0.337573 -0.941263 0.008318 0.932899 -0.360137 -0.000227 
-0.948618 0.316420 -0.001450 0.320532 0.947112 -0.015414 -0.314733 -0.949055 0.015423 0.941327 -0.337492 0.001793 
-0.957914 0.287053 -0.000790 0.291156 0.956367 -0.024306 -0.285300 -0.958130 0.024311 0.951277 -0.308336 0.001332 
-0.961189 0.275889 0.000679 0.280026 0.959858 -0.016033 -0.274150 -0.961553 0.016029 0.954799 -0.297251 -0.000321 
-0.960801 0.277237 0.000602 0.281416 0.959582 -0.002707 -0.275542 -0.961285 0.002703 0.954380 -0.298593 -0.000542 
-0.959678 0.281100 0.000549 0.285273 0.958439 -0.003817 -0.279406 -0.960166 0.003814 0.953171 -0.302430 -0.000464 
-0.570371 0.800762 0.182913 0.321361 0.946861 0.013477 0.948539 -0.316656 -0.001554 -0.814453 -0.580152 -0.009499 -0.115383 -0.989983 -0.081365 
-0.566718 0.817343 0.103830 0.326401 0.945231 0.001075 0.946261 -0.323381 -0.003911 -0.820745 -0.571295 0.000503 -0.119388 -0.992023 -0.040449 
-0.555929 0.830426 0.036532 0.938671 -0.344731 0.007516 0.327864 0.943986 -0.037351 0.310604 0.950532 -0.003640 -0.829901 -0.557893 0.004438 -0.116153 -0.993231 -0.000310 
-0.562129 0.827038 0.004346 0.935311 -0.352275 0.033094 0.336985 0.937454 -0.087305 0.259884 0.965218 -0.028547 -0.826020 -0.563602 0.006648 -0.096012 -0.994657 0.037939 
-0.567369 0.823453 0.004272 0.934526 -0.352010 0.052443 0.339020 0.932785 -0.122383 0.223286 0.973300 -0.053203 -0.822427 -0.568834 0.006495 -0.079134 -0.995020 0.060598 
-0.582739 0.812655 0.002867 0.937378 -0.344127 0.053847 0.331429 0.933152 -0.139223 0.217789 0.973860 -0.064537 -0.811607 -0.584175 0.005868 -0.073421 -0.994560 0.073893 
-0.588992 0.808136 0.002108 0.937363 -0.344537 0.051428 0.331468 0.934164 -0.132160 0.216826 0.973745 -0.069337 -0.807061 -0.590409 0.008405 -0.070504 -0.994701 0.074826 
-0.588985 0.808142 0.001860 0.936330 -0.348185 0.045316 0.334245 0.935850 -0.111643 0.222321 0.972510 -0.069259 -0.807035 -0.590385 0.011883 -0.070933 -0.995147 0.068201 
-0.586741 0.809773 0.001642 0.936565 -0.348778 0.034626 0.333626 0.938587 -0.088028 0.235557 0.969678 -0.065100 -0.808640 -0.588123 0.014589 -0.074506 -0.995485 0.058806 
-0.582387 0.812911 0.001285 0.936550 -0.349630 0.025142 0.333669 0.940107 -0.069747 0.250903 0.966173 -0.059641 -0.811790 -0.583774 0.014332 -0.080846 -0.995423 0.050963 
-0.577396 0.816464 0.000852 0.935952 -0.351717 0.017012 0.335238 0.940216 -0.060083 0.267658 0.962069 -0.052742 -0.815383 -0.578801 0.011773 -0.090567 -0.994829 0.045961 
-0.575337 0.817916 0.000268 0.936419 -0.350792 0.007980 0.333829 0.941050 -0.054627 0.286950 0.956966 -0.043316 -0.816878 -0.576763 0.007336 -0.101764 -0.993922 0.041977 
-0.575061 0.818110 0.000203 0.937777 -0.347237 -0.000767 0.329868 0.942661 -0.050764 0.303645 0.952269 -0.031351 -0.817093 -0.576500 0.002408 -0.111287 -0.993100 0.036967 
-0.574200 0.818710 0.002927 0.939128 -0.343495 -0.007023 0.325939 0.944302 -0.045362 0.313079 0.949542 -0.018770 -0.817702 -0.575635 -0.002652 -0.116815 -0.992722 0.029292 
-0.574180 0.818724 0.002741 0.940520 -0.339526 -0.011998 0.322015 0.946095 -0.034784 0.316721 0.948512 -0.003515 -0.817716 -0.575617 -0.002369 -0.117819 -0.992879 0.017626 
-0.574156 0.818742 0.002521 0.942225 -0.334910 -0.006903 0.317900 0.948098 -0.007002 0.316665 0.948537 0.000442 -0.817729 -0.575580 -0.005114 -0.116340 -0.993200 0.004332 
-0.575154 0.817996 0.008987 0.942848 -0.333223 0.000073 0.316250 0.948675 -0.001472 0.314979 0.949080 0.006023 -0.817013 -0.576470 -0.013103 -0.114548 -0.993413 -0.003132 
-0.578415 0.815485 0.020517 0.943220 -0.332142 -0.004146 0.315174 0.949030 0.002703 0.307274 0.951510 0.014573 -0.814723 -0.579696 -0.013427 -0.108066 -0.994061 -0.012856 
-0.581234 0.813162 0.030577 0.943222 -0.332136 -0.004260 0.315168 0.949033 0.002453 0.296683 0.954650 0.024953 -0.812686 -0.582534 -0.013976 -0.100419 -0.994695 -0.022327 
-0.583210 0.811384 0.039003 0.943247 -0.332031 -0.006419 0.315069 0.949066 0.002251 0.289508 0.956550 0.034595 -0.811224 -0.584540 -0.015105 -0.095245 -0.994997 -0.030140 
-0.583926 0.810488 0.046252 0.943655 -0.330771 -0.010299 0.313820 0.949480 0.002081 0.287944 0.956628 0.044164 -0.810682 -0.585206 -0.018094 -0.093824 -0.994915 -0.036608 
-0.583835 0.810162 0.052677 0.943630 -0.330713 -0.013847 0.313779 0.949494 0.001933 0.288188 0.956129 0.052586 -0.810731 -0.585028 -0.021389 -0.094424 -0.994639 -0.042157 
-0.583135 0.810317 0.057783 0.943583 -0.330694 -0.017127 0.313781 0.949494 0.001803 0.290171 0.955167 0.058788 -0.811223 -0.584241 -0.024098 -0.096239 -0.994287 -0.046168 
-0.582122 0.810784 0.061337 0.943530 -0.330676 -0.020100 0.313783 0.949493 0.001686 0.293049 0.954062 0.062359 -0.811936 -0.583186 -0.025574 -0.098528 -0.993953 -0.048464 
-0.581102 0.811371 0.063231 0.943475 -0.330661 -0.022751 0.313787 0.949492 0.001568 0.295716 0.953202 0.062916 -0.812639 -0.582229 -0.025049 -0.100403 -0.993742 -0.048947 
-0.579967 0.812153 0.063599 0.943422 -0.330646 -0.025072 0.313790 0.949491 0.001456 0.297446 0.952837 0.060223 -0.813393 -0.581299 -0.021976 -0.101365 -0.993707 -0.047651 
-0.578953 0.812958 0.062550 0.943372 -0.330632 -0.027068 0.313792 0.949491 0.001349 0.298810 0.952732 0.054899 -0.814035 -0.580560 -0.017234 -0.101894 -0.993786 -0.044793 
-0.577869 0.813906 0.060205 0.943325 -0.330618 -0.028820 0.313794 0.949490 0.001244 0.300221 0.952701 0.047208 -0.814699 -0.579778 -0.011057 -0.102321 -0.993926 -0.040509 
-0.576705 0.814985 0.056671 0.943280 -0.330605 -0.030374 0.313795 0.949490 0.001140 0.301706 0.952675 0.037213 -0.815388 -0.578904 -0.003534 -0.102687 -0.994103 -0.034862 
-0.575411 0.816213 0.051950 0.943239 -0.330595 -0.031742 0.313795 0.949490 0.001034 0.303319 0.952563 0.024930 -0.816127 -0.577848 0.005324 -0.103012 -0.994289 -0.027874 
-0.573857 0.817662 0.046020 0.943201 -0.330585 -0.032934 0.313796 0.949490 0.000926 0.305254 0.952214 0.010381 -0.817006 -0.576421 0.015481 -0.103406 -0.994447 -0.019565 
-0.573344 0.818576 0.034787 0.943160 -0.330574 -0.034219 0.313796 0.949490 0.000815 0.306877 0.951749 -0.000119 -0.817491 -0.575590 0.020115 -0.103675 -0.994559 -0.010171 
-0.573053 0.819320 0.018021 0.943191 -0.329937 -0.039136 0.313205 0.949685 0.000539 0.306595 0.951840 -0.000120 -0.818090 -0.574766 0.019281 -0.103206 -0.994658 -0.002233 
-0.574090 0.818786 0.003200 0.943977 -0.327046 -0.044144 0.310184 0.950669 -0.003638 0.306345 0.951921 -0.000139 -0.817585 -0.575475 0.019570 -0.101758 -0.994790 0.006218 
-0.574498 0.818506 0.000501 0.944467 -0.324521 -0.051656 0.307313 0.951537 -0.011649 0.305954 0.952046 -0.000180 -0.817334 -0.575840 0.019315 -0.100457 -0.994866 0.012264 
-0.575132 0.818061 0.000745 0.943873 -0.325026 -0.058846 0.307342 0.951385 -0.020184 0.306234 0.951956 -0.001163 -0.816823 -0.576435 0.022855 -0.100956 -0.994748 0.016879 
-0.574931 0.818202 0.000749 0.309349 0.950868 -0.012425 0.942967 -0.326877 -0.062961 -0.816904 -0.576195 0.025823 -0.104228 -0.994343 0.020475 
-0.574477 0.818521 0.000736 0.312713 0.949750 -0.013638 0.942269 -0.328091 -0.066969 -0.817201 -0.575727 0.026866 -0.108060 -0.993893 0.022342 
-0.574069 0.818807 0.000821 0.315480 0.948851 -0.012380 0.941791 -0.328777 -0.070256 -0.817499 -0.575330 0.026288 -0.110943 -0.993582 0.022051 
-0.573326 0.819326 0.001236 0.315375 0.948903 -0.011068 0.941893 -0.328313 -0.071050 -0.818032 -0.574608 0.025504 -0.110971 -0.993601 0.021016 
-0.572540 0.819870 0.003314 0.315561 0.948866 -0.008677 0.941902 -0.328333 -0.070835 -0.818583 -0.573886 0.024026 -0.111291 -0.993620 0.018256 
-0.572630 0.819761 0.009297 0.315621 0.948872 -0.004986 0.942068 -0.327778 -0.071194 -0.818476 -0.574128 0.021759 -0.111397 -0.993689 0.013121 
-0.573103 0.819296 0.017501 0.315398 0.948959 -0.001202 0.942473 -0.326478 -0.071806 -0.818056 -0.574803 0.019639 -0.111217 -0.993771 0.007080 
-0.572973 0.819091 0.028143 0.315444 0.948944 -0.000256 0.942721 -0.326252 -0.069544 -0.817925 -0.574986 0.019744 -0.111405 -0.993774 0.001578 
-0.572870 0.818713 0.039095 0.315529 0.948916 -0.000221 0.942686 -0.326240 -0.070074 -0.817625 -0.575321 0.022238 -0.111606 -0.993748 -0.003084 
-0.540476 0.841288 0.011011 0.333818 0.942505 0.015828 0.944550 -0.322913 -0.059595 -0.840045 -0.542062 0.022214 -0.132926 -0.991075 -0.010058 
-0.474805 0.880090 0.001151 0.374746 0.926739 0.026857 0.946058 -0.320648 -0.046464 -0.878985 -0.476240 0.024090 -0.181391 -0.983212 -0.019768 
-0.384659 0.923000 -0.010424 0.947273 -0.318994 -0.030263 0.444144 0.894870 0.044096 -0.922340 -0.386138 0.013635 -0.261478 -0.964687 -0.031754 
-0.279640 0.960099 -0.003368 0.947551 -0.319091 -0.018100 0.519054 0.852663 0.059571 -0.959605 -0.281313 0.004700 -0.296247 -0.955111 -0.000068 -0.374319 -0.924480 -0.072264 
-0.214311 0.976477 -0.023730 0.946324 -0.322892 -0.014527 0.591452 0.802767 0.075824 -0.975521 -0.216800 -0.036830 -0.300060 -0.953920 -0.000090 -0.487777 -0.870254 -0.068788 
-0.058965 0.994275 -0.089106 0.949481 -0.313804 -0.003641 0.635907 0.765587 0.097465 -0.996291 -0.054920 0.066235 -0.290859 -0.956761 0.002983 -0.568876 -0.817055 -0.093816 
0.103496 0.994035 -0.034380 -0.991146 0.104267 0.082206 0.955724 -0.294261 -0.001432 0.710845 0.693688 0.116173 -0.271182 -0.962528 0.000452 -0.684940 -0.715938 -0.135241 
-0.265057 -0.964232 0.001011 0.289033 0.957097 0.020631 -0.957705 0.286900 0.022111 -0.814404 -0.558308 -0.158237 0.957575 -0.288181 -0.001384 0.812406 0.564945 0.144335 
-0.283028 -0.959111 0.000804 0.426257 0.904565 -0.008206 -0.904782 0.424056 -0.039306 -0.906062 -0.402456 -0.130692 0.952021 -0.306024 -0.002325 0.894200 0.419987 0.154976 
-0.316221 -0.948685 0.000584 0.491052 0.868636 -0.065880 -0.871786 0.486346 -0.058794 -0.948658 -0.297397 -0.107719 0.940802 -0.338956 -0.001287 0.934086 0.316164 0.165899 
-0.373274 -0.927721 0.000207 0.515434 0.854578 -0.063435 -0.857677 0.510992 -0.057249 -0.966846 -0.249313 -0.055249 0.918472 -0.395487 0.000271 0.957817 0.266755 0.106906 
-0.411209 -0.911541 -0.000026 0.528044 0.845565 -0.078675 -0.849829 0.526617 -0.021576 -0.969543 -0.244922 -0.000323 0.901375 -0.433018 0.004378 0.963865 0.262734 0.043995 
-0.425807 -0.904801 0.004905 0.530103 0.847932 -0.001220 -0.848865 0.528610 0.000035 -0.969546 -0.244908 -0.000322 0.894305 -0.447435 0.004545 0.965518 0.260320 -0.002828 
-0.435131 -0.899972 0.026681 0.529287 0.848430 0.004566 -0.849373 0.527790 0.001742 -0.971679 -0.236217 0.006355 0.889415 -0.457018 -0.008657 0.968112 0.249783 -0.019156 
-0.446768 -0.893538 0.044578 0.531785 0.846879 -0.000959 -0.847812 0.530287 -0.003182 -0.975511 -0.219267 0.017322 0.882561 -0.469492 -0.025765 0.972506 0.231016 -0.029389 
-0.456400 -0.888347 0.050383 0.537819 0.843060 0.000355 -0.843987 0.536325 -0.006526 -0.978905 -0.203311 0.020228 0.877005 -0.479445 -0.031526 0.976209 0.214329 -0.032836 
-0.461053 -0.886098 0.047536 0.542362 0.840145 0.000140 -0.841079 0.540868 -0.006898 -0.981740 -0.189468 0.016994 0.874758 -0.483780 -0.027494 0.979303 0.200277 -0.029243 
-0.460940 -0.886484 0.040989 0.542836 0.839839 0.000079 -0.840777 0.541345 -0.006375 -0.983702 -0.179431 0.011574 0.875308 -0.483172 -0.019522 0.981492 0.190089 -0.023234 
-0.459440 -0.887367 0.038670 0.545020 0.838421 0.002064 -0.839326 0.543533 -0.010149 -0.984249 -0.176707 0.005340 0.876522 -0.481293 -0.008152 0.982044 0.187695 -0.018968 
-0.457370 -0.888607 0.034512 0.546453 0.837490 0.000776 -0.838351 0.544927 -0.014940 -0.984122 -0.177467 0.002937 0.877879 -0.478881 0.001113 0.981889 0.188839 -0.015314 
-0.456893 -0.889082 0.027957 0.548593 0.836089 -0.000358 -0.836844 0.546973 -0.022632 -0.984102 -0.177585 0.002525 0.878211 -0.478261 0.003432 0.981857 0.189375 -0.009721 
-0.456677 -0.889336 0.022962 0.550937 0.834540 -0.003289 -0.835167 0.549120 -0.031040 -0.984086 -0.177677 0.002281 0.878372 -0.477934 0.006464 0.981795 0.189898 -0.004170 
-0.457098 -0.889164 0.021183 0.553418 0.832861 -0.008424 -0.833333 0.551197 -0.041677 -0.984071 -0.177762 0.002055 0.878161 -0.478234 0.011201 0.981702 0.190420 0.001069 
-0.470896 -0.882071 0.014417 0.550079 0.834090 -0.041320 -0.836052 0.547514 -0.035284 -0.980838 -0.194598 -0.009387 0.870591 -0.491825 0.013398 0.977924 0.206988 0.028658 
-0.499355 -0.866397 -0.001004 0.520935 0.849062 -0.087866 -0.854488 0.517437 -0.045925 -0.969491 -0.244949 -0.009368 0.854084 -0.520040 0.009902 0.965710 0.252828 0.059012 
0.459855 0.878347 -0.130537 -0.517381 -0.855755 -0.000691 0.843048 -0.537818 0.004652 0.940966 0.330320 0.073966 -0.888799 0.453698 -0.064759 -0.942997 -0.332797 -0.001546 
0.369479 0.917759 -0.145617 0.815948 -0.578108 0.004396 0.897943 0.432277 0.082675 -0.929841 0.361683 -0.067691 -0.558312 -0.829631 -0.000553 -0.886337 -0.462960 -0.008681 
0.297862 0.952399 -0.064920 0.815607 -0.578600 0.002478 0.838518 0.541045 0.064483 -0.955111 0.295933 -0.013637 -0.558811 -0.829295 0.000054 -0.802687 -0.594923 -0.041941 
0.184744 0.972317 -0.143072 0.812073 -0.583555 0.001088 0.777546 0.621546 0.095408 -0.982547 0.185889 0.006880 -0.563848 -0.825879 0.000073 -0.712483 -0.699718 -0.052553 
0.085864 0.985017 -0.149560 0.809044 -0.587698 0.007620 0.713859 0.689875 0.120321 -0.995855 0.088323 0.021740 -0.568073 -0.822978 -0.000979 -0.613306 -0.784663 -0.090325 
-0.999876 -0.004541 0.015075 0.798833 -0.601390 0.014016 -0.526392 -0.845585 -0.088864 -0.003651 0.998294 -0.058277 0.644497 0.756020 0.114274 
-0.997881 -0.061066 0.022438 0.795286 -0.606096 0.012953 -0.458797 -0.883340 -0.095995 -0.058805 0.998017 0.022443 0.591811 0.806068 -0.003854 0.567789 0.811339 0.139083 
-0.993678 -0.098810 0.053289 0.802191 -0.596816 0.017310 -0.406938 -0.909647 -0.083332 -0.094551 0.994378 0.047671 0.582571 0.812548 -0.019409 0.495441 0.862591 0.102352 
-0.988420 -0.143881 0.048218 0.809592 -0.586636 0.020457 -0.377257 -0.924698 -0.051098 -0.138036 0.987215 0.079708 0.572351 0.819188 -0.036682 0.460495 0.886580 0.043821 
-0.983675 -0.177320 0.030683 0.821494 -0.569918 0.018487 -0.363461 -0.931602 -0.003647 -0.174660 0.984151 0.030667 0.555276 0.830371 -0.046409 0.454029 0.890987 -0.000773 
-0.982662 -0.185373 0.003508 0.823284 -0.567132 0.023745 -0.358407 -0.933425 0.016170 -0.183645 0.982993 -0.000597 0.552489 0.830909 -0.065923 0.448555 0.893746 -0.004073 
-0.982574 -0.185843 0.003293 0.814672 -0.578709 0.037484 -0.359276 -0.932644 0.033102 -0.184107 0.982904 0.001876 0.564531 0.819148 -0.101501 0.442541 0.896520 -0.020231 
-0.982060 -0.188508 0.004879 0.809748 -0.584901 0.046885 -0.359979 -0.931310 0.055463 -0.186776 0.982402 0.000870 0.570403 0.808955 -0.142241 0.438966 0.897592 -0.040468 
-0.981518 -0.191155 0.009020 0.806353 -0.589169 0.051716 -0.360158 -0.930022 0.073114 -0.189432 0.981894 0.000301 0.573890 0.800898 -0.170914 0.436612 0.897788 -0.057854 
-0.981439 -0.191142 0.015582 0.803602 -0.592877 0.052157 -0.360671 -0.929068 0.082152 -0.189433 0.981894 0.000271 0.576966 0.796331 -0.181569 0.435945 0.897332 -0.068903 
-0.981271 -0.191109 0.024167 0.801697 -0.595663 0.049667 -0.360678 -0.928726 0.085900 -0.189430 0.981894 0.000234 0.579242 0.794528 -0.182218 0.435598 0.896956 -0.075662 
-0.981059 -0.191062 0.031914 0.801099 -0.596799 0.045513 -0.359915 -0.928885 0.087375 -0.189424 0.981895 0.000189 0.579922 0.794914 -0.178333 0.434985 0.896853 -0.080265 
-0.980852 -0.191014 0.037997 0.801733 -0.596264 0.041150 -0.358565 -0.929304 0.088460 -0.189417 0.981897 0.000137 0.578926 0.796469 -0.174588 0.433983 0.897009 -0.083871 
-0.980707 -0.190789 0.042583 0.802759 -0.595206 0.036165 -0.357839 -0.929480 0.089541 -0.189228 0.981933 0.000104 0.577202 0.798132 -0.172694 0.433843 0.896852 -0.086239 
-0.980616 -0.190765 0.044729 0.804087 -0.593766 0.029781 -0.358033 -0.929398 0.089615 -0.189224 0.981934 0.000051 0.574939 0.800269 -0.170335 0.435225 0.896178 -0.086277 
-0.980585 -0.190769 0.045381 0.805851 -0.591715 0.021863 -0.358632 -0.929327 0.087943 -0.189235 0.981932 0.000006 0.572016 0.803205 -0.166310 0.437516 0.895319 -0.083572 
-0.980473 -0.191523 0.044641 0.808478 -0.588413 0.011608 -0.359409 -0.929379 0.084139 -0.189969 0.981790 0.000313 0.567807 0.807511 -0.159755 0.440851 0.894200 -0.077821 
-0.980527 -0.191532 0.043391 0.810767 -0.585369 0.000438 -0.360641 -0.929467 0.077641 -0.189970 0.981790 0.000271 0.564160 0.811934 -0.149956 0.444761 0.893008 -0.068731 
-0.980611 -0.191548 0.041377 0.813011 -0.582130 -0.011703 -0.361925 -0.929665 0.068800 -0.189973 0.981789 0.000245 0.560632 0.816577 -0.137456 0.448852 0.891809 -0.056640 
-0.980716 -0.191572 0.038673 0.815093 -0.578813 -0.024476 -0.363161 -0.929917 0.058032 -0.189978 0.981788 0.000236 0.557373 0.821105 -0.122967 0.452813 0.890617 -0.041977 
-0.980647 -0.192615 0.035077 0.817036 -0.575357 -0.037631 -0.363987 -0.930296 0.045416 -0.190996 0.981591 0.000249 0.554385 0.825412 -0.106546 0.456273 0.889494 -0.024813 
-0.982683 -0.182711 0.030849 0.888285 -0.458871 -0.019661 -0.350189 -0.936429 0.021658 -0.181058 0.983472 0.000261 0.469856 0.882338 -0.026724 
-0.170630 0.985334 0.001547 0.931481 -0.363130 -0.021883 0.457920 0.888446 -0.031205 -0.984865 -0.172364 0.018208 -0.341237 -0.939008 -0.042686 -0.341252 -0.938523 0.052169 
-0.153703 0.988085 0.007935 0.963009 -0.268400 -0.023993 0.437069 0.897299 -0.061848 -0.987749 -0.155535 0.012695 -0.245749 -0.968954 -0.027111 -0.352987 -0.932280 0.079078 
-0.137081 0.990521 0.008742 0.981887 -0.188497 -0.019165 0.410367 0.906559 -0.098740 -0.990249 -0.138915 0.010509 -0.164480 -0.986220 0.017766 -0.351196 -0.930751 0.101801 
-0.991356 -0.131030 0.006652 0.987651 -0.156157 -0.012665 -0.131696 -0.990410 0.041757 -0.335297 -0.936370 0.103861 -0.128947 0.990944 0.037462 0.385180 0.915384 -0.117083 
-0.112159 0.991935 0.059028 0.997320 -0.066255 0.031044 0.363538 0.926485 -0.097289 -0.993402 -0.114496 0.006648 -0.040740 -0.998096 -0.046301 -0.335666 -0.937544 0.091323 
0.981383 0.180855 -0.064640 -0.999530 -0.028835 0.010420 -0.026130 0.996330 0.081511 0.287648 0.953939 -0.085199 0.201454 -0.978193 -0.050543 -0.318203 -0.944423 0.082531 
0.326701 -0.945127 -0.001251 -0.999881 0.009450 0.012192 -0.257689 -0.965045 0.047789 0.952415 0.303797 -0.024749 0.012366 0.995074 0.098365 0.193974 0.977954 -0.077326 
0.346549 -0.937862 -0.017827 -0.999847 -0.016702 0.005219 -0.232164 -0.972630 0.009468 0.945992 0.324068 -0.008853 -0.014160 0.992088 0.124740 0.169625 0.984707 -0.039744 
0.358685 -0.933044 -0.027825 -0.999682 -0.025062 0.002763 -0.217508 -0.975370 -0.036642 0.941798 0.336162 0.003458 -0.022496 0.985914 0.165736 0.154085 0.988058 0.000119 
0.355253 -0.934770 0.000409 -0.999933 -0.009309 0.006874 -0.216668 -0.974795 -0.053192 0.943046 0.332658 -0.001539 -0.005960 0.979166 0.202974 0.151450 0.988464 0.001463 
0.351599 -0.936151 0.000363 -0.999655 0.013317 0.022637 -0.220802 -0.973479 -0.059879 0.944338 0.328973 -0.001340 0.019773 0.974872 0.221887 0.151183 0.988504 0.001629 
0.348894 -0.937162 0.000505 -0.998027 0.040605 0.047890 -0.228285 -0.971304 -0.066749 0.945285 0.326244 -0.001245 0.052447 0.971101 0.232836 0.152389 0.988318 0.002377 
0.341502 -0.939876 0.003153 -0.995835 0.061806 0.067031 -0.235616 -0.968126 -0.084959 0.947824 0.318793 0.000632 0.079045 0.962114 0.260938 0.156058 0.987680 0.011577 
0.334435 -0.942411 0.003909 -0.993682 0.071653 0.086383 -0.239100 -0.964907 -0.108560 0.950192 0.311658 -0.001925 0.096194 0.949534 0.298550 0.157869 0.987122 0.025850 
0.329733 -0.944073 0.001337 -0.991320 0.074660 0.108212 -0.239299 -0.962036 -0.131233 0.951717 0.306907 -0.006577 0.108879 0.935694 0.335593 0.156590 0.986843 0.040245 
0.329461 -0.944169 0.001199 -0.988417 0.074009 0.132491 -0.237188 -0.959862 -0.149686 0.951801 0.306632 -0.007262 0.119923 0.922926 0.365821 0.152152 0.987085 0.050122 
0.329461 -0.944169 0.001029 -0.984538 0.073696 0.158912 -0.235796 -0.958394 -0.160875 0.951734 0.306604 -0.014029 0.132438 0.912915 0.386066 0.147741 0.987489 0.055114 
0.329466 -0.944167 0.000837 -0.979676 0.076143 0.185575 -0.237057 -0.957206 -0.166016 0.147309 0.981139 0.125167 0.951512 0.306523 -0.025864 
0.329470 -0.944166 0.000622 -0.973982 0.080330 0.211909 -0.240581 -0.956258 -0.166405 0.150481 0.980705 0.124796 0.950939 0.306322 -0.043387 
0.329471 -0.944166 0.000399 -0.967404 0.084580 0.238697 -0.244903 -0.955732 -0.163090 0.154243 0.980519 0.121619 0.949811 0.305931 -0.065307 
0.323688 -0.946164 0.000238 -0.959750 0.088463 0.266559 -0.250202 -0.955605 -0.155622 0.159279 0.980662 0.113718 0.950507 0.299723 -0.081872 
0.306615 -0.951834 0.000120 -0.951121 0.104100 0.290742 -0.264309 -0.954601 -0.137400 0.173185 0.980189 0.096105 0.954626 0.282224 -0.095074 
0.280014 -0.959990 0.003246 -0.940044 0.129580 0.315478 -0.284929 -0.951921 -0.112522 0.193820 0.978373 0.072247 0.960545 0.254736 -0.111642 
0.273457 -0.961882 0.001834 -0.933039 0.120743 0.338908 -0.287246 -0.950908 -0.115167 0.196433 0.977637 0.075095 0.959173 0.247413 -0.137018 
0.286697 -0.958020 0.001508 -0.926274 0.114788 0.358944 -0.286398 -0.951425 -0.112994 0.194315 0.978023 0.075577 0.950309 0.259003 -0.172716 
0.297146 -0.954832 0.000947 -0.916829 0.109171 0.384065 -0.288457 -0.951101 -0.110446 0.194938 0.977905 0.075506 0.939976 0.267115 -0.212354 
0.305942 -0.952048 -0.001915 -0.904207 0.105765 0.413791 0.197099 0.977483 0.075359 0.928917 0.273739 -0.249361 -0.293535 -0.955486 -0.029745 -0.273170 -0.882970 -0.381762 
0.313322 -0.949599 -0.009530 -0.887103 0.108307 0.448685 0.201058 0.976755 0.074334 0.918212 0.280436 -0.279717 -0.295734 -0.954855 -0.028159 -0.293243 -0.878372 -0.377454 
0.317240 -0.948059 -0.023282 -0.865189 0.111789 0.488826 0.205827 0.975897 0.072535 0.906323 0.285547 -0.311516 -0.298113 -0.954187 -0.025618 -0.316379 -0.873912 -0.369028 
0.315934 -0.947863 -0.041729 -0.839037 0.111930 0.532436 0.211480 0.974832 0.070557 0.892782 0.287462 -0.346851 -0.301309 -0.953278 -0.021779 -0.339147 -0.869166 -0.359903 
0.310569 -0.948244 -0.066184 -0.808053 0.109275 0.578886 0.218021 0.973534 0.068539 0.874688 0.288299 -0.389620 -0.304781 -0.952297 -0.015446 -0.362642 -0.863405 -0.350745 
0.301650 -0.948688 -0.094861 -0.772799 0.102704 0.626285 0.224512 0.972226 0.066106 0.851455 0.289122 -0.437530 -0.308192 -0.951297 -0.007198 -0.383565 -0.858885 -0.339402 
0.290662 -0.948274 -0.127641 -0.733944 0.093512 0.672742 0.230791 0.970950 0.063182 0.819276 0.292160 -0.493386 -0.310785 -0.950473 0.003799 -0.401546 -0.856020 -0.325562 
0.276072 -0.947279 -0.162624 -0.311501 -0.950126 0.015114 0.235966 0.969919 0.059805 0.782936 0.296653 -0.546817 -0.690153 0.082739 0.718918 -0.418198 -0.854102 -0.309226 
0.256382 -0.945333 -0.201530 -0.310979 -0.950025 0.027285 0.240952 0.968940 0.055662 0.742135 0.303247 -0.597726 -0.640079 0.072513 0.764880 -0.434717 -0.853069 -0.288608 
0.230992 -0.942364 -0.242059 -0.309349 -0.950107 0.040001 0.245744 0.967982 0.051197 0.696708 0.311258 -0.646310 -0.585070 0.061389 0.808656 -0.449170 -0.853054 -0.265604 
0.198769 -0.939008 -0.280633 -0.303687 -0.951278 0.053324 0.245969 0.968222 0.045218 0.654098 0.317956 -0.686338 -0.528413 0.049239 0.847558 -0.453556 -0.858857 -0.238016 
0.179138 -0.934415 -0.307860 -0.287038 -0.955240 0.071599 0.234369 0.971636 0.031534 0.611618 0.328616 -0.719677 -0.470413 0.043593 0.881369 -0.447329 -0.871586 -0.200586 
0.172409 -0.932345 -0.317817 -0.264072 -0.959541 0.097712 0.216855 0.976175 0.007466 0.560390 0.335888 -0.757062 -0.407091 0.048116 0.912119 -0.439988 -0.884616 -0.154483 
0.188795 -0.937569 -0.292099 -0.243250 -0.961899 0.124818 0.198183 0.979936 -0.021200 0.541430 0.324943 -0.775413 -0.388206 0.064179 0.919335 -0.433480 -0.892384 -0.125484 
0.201618 -0.944759 -0.258421 0.521778 0.303919 -0.797108 -0.428831 -0.898738 -0.091509 -0.227956 -0.960653 0.158689 -0.371173 0.087829 0.924401 0.184690 0.981168 -0.056551 
0.201756 -0.953026 -0.225910 0.500472 0.275276 -0.820823 -0.429027 -0.901963 -0.048980 -0.220392 -0.954893 0.199014 -0.349508 0.120618 0.929137 0.179526 0.978939 -0.097205 
0.193069 -0.962204 -0.192062 0.477395 0.239534 -0.845409 -0.430615 -0.902535 -0.001423 -0.216681 -0.945190 0.244266 -0.323586 0.157743 0.932957 0.178540 0.973636 -0.141972 
0.182142 -0.969222 -0.165629 0.450403 0.208187 -0.868214 -0.428979 -0.902600 0.035936 -0.210741 -0.935936 0.282156 -0.297487 0.183516 0.936922 0.176093 0.968132 -0.178081 
0.173332 -0.974540 -0.142224 0.423208 0.180169 -0.887938 -0.428530 -0.900336 0.075880 -0.203697 -0.926107 0.317542 -0.268654 0.211901 0.939640 0.172602 0.961729 -0.212807 
0.165783 -0.978966 -0.118918 0.396094 0.152489 -0.905459 -0.426567 -0.896983 0.116031 -0.195759 -0.915641 0.351114 -0.239137 0.240277 0.940787 0.167873 0.954512 -0.246424 
0.158912 -0.982601 -0.096142 0.369387 0.125347 -0.920783 -0.423099 -0.892697 0.155172 -0.187135 -0.904611 0.382962 -0.210021 0.267863 0.940288 0.162238 0.946604 -0.278604 
0.152012 -0.985635 -0.073592 0.343683 0.098326 -0.933924 -0.418348 -0.887504 0.193189 -0.178637 -0.892943 0.413208 -0.181770 0.294794 0.938113 0.156411 0.937972 -0.309426 
0.144521 -0.988171 -0.051301 0.318699 0.071330 -0.945168 -0.413002 -0.881139 0.230268 -0.170453 -0.880754 0.441835 -0.153370 0.321056 0.934559 0.150675 0.928681 -0.338893 
0.136405 -0.990211 -0.029580 -0.407192 -0.873757 0.265975 -0.162869 -0.868174 0.468773 0.294603 0.044800 -0.954569 -0.125973 0.346635 0.929502 0.145401 0.918860 -0.366817 
0.127800 -0.991763 -0.008530 -0.401191 -0.865589 0.299667 -0.155950 -0.855433 0.493877 0.271762 0.019036 -0.962176 -0.099194 0.370703 0.923439 0.140559 0.908737 -0.392989 
0.118819 -0.992848 0.011613 -0.394943 -0.856885 0.331314 -0.149674 -0.842812 0.516977 0.250194 -0.005616 -0.968179 -0.072759 0.393036 0.916640 0.136063 0.898552 -0.417243 
0.109865 -0.993472 0.030700 -0.388723 -0.848031 0.360191 -0.144022 -0.830663 0.537826 0.230470 -0.028787 -0.972654 -0.047395 0.413134 0.909436 0.131893 0.888621 -0.439268 
-0.383018 -0.839908 0.384515 -0.138499 -0.819640 0.555885 -0.026181 0.430223 0.902343 0.127844 0.879575 -0.458262 0.212737 -0.048900 -0.975885 0.102806 -0.993565 0.047543 
-0.380509 -0.831937 0.403850 -0.134045 -0.810071 0.570803 -0.009595 0.444450 0.895752 0.125060 0.871605 -0.473989 0.197359 -0.065418 -0.978146 0.098086 -0.993268 0.061622 
-0.380241 -0.824569 0.418930 -0.130610 -0.801922 0.582977 0.003457 0.455879 0.890035 0.123314 0.864738 -0.486850 0.184258 -0.079035 -0.979695 0.094859 -0.992783 0.073373 
-0.380382 -0.818662 0.430234 -0.127556 -0.795395 0.592517 0.012721 0.464704 0.885375 0.121713 0.859226 -0.496906 0.173554 -0.089376 -0.980760 0.093603 -0.992190 0.082449 
-0.379219 -0.814406 0.439245 -0.124450 -0.790394 0.599824 0.019991 0.471536 0.881620 0.119646 0.855016 -0.504611 0.165321 -0.097163 -0.981442 0.092810 -0.991672 0.089294 
-0.377129 -0.811488 0.446386 -0.121570 -0.786736 0.605200 0.025803 0.476721 0.878676 0.117390 0.851932 -0.510325 0.159409 -0.103037 -0.981821 0.092167 -0.991251 0.094485 
-0.375401 -0.809659 0.451138 -0.119379 -0.784336 0.608742 0.029469 0.480190 0.876669 0.115606 0.849913 -0.514085 0.155490 -0.106816 -0.982045 0.092002 -0.990939 0.097850 
-0.374425 -0.808691 0.453678 -0.118019 -0.783040 0.610671 0.031229 0.482113 0.875552 0.114489 0.848819 -0.516139 0.153312 -0.108851 -0.982164 0.092226 -0.990734 0.099700 
-0.374194 -0.808445 0.454308 -0.117565 -0.782714 0.611177 0.031530 0.482642 0.875250 0.114125 0.848542 -0.516674 0.152724 -0.109348 -0.982201 0.092454 -0.990666 0.100170 
-0.374579 -0.808814 0.453333 -0.118034 -0.783212 0.610448 0.030777 0.481935 0.875666 0.114520 0.848962 -0.515896 0.153539 -0.108550 -0.982162 0.092437 -0.990740 0.099451 
-0.375673 -0.809806 0.450649 -0.119475 -0.784512 0.608495 0.028151 0.480198 0.876708 0.115819 0.850062 -0.513791 0.155766 -0.106390 -0.982048 0.092253 -0.990952 0.097488 
-0.377422 -0.811432 0.446240 -0.121767 -0.786718 0.605184 0.024664 0.477038 0.878536 0.117786 0.851922 -0.510250 0.159478 -0.102809 -0.981833 0.091895 -0.991301 0.094222 
-0.378458 -0.817151 0.434780 -0.122427 -0.789545 0.601358 0.011783 0.469587 0.882808 0.118651 0.855062 -0.504768 0.163298 -0.096406 -0.981855 0.096687 -0.991335 0.088914 
-0.364080 -0.830915 0.420744 -0.111200 -0.798036 0.592261 -0.005591 0.457854 0.889010 0.104959 0.862689 -0.494723 0.174300 -0.086150 -0.980917 0.115736 -0.989809 0.082969 
-0.342030 -0.848776 0.403231 -0.095375 -0.812298 0.575392 -0.023619 0.440905 0.897243 0.084788 0.874480 -0.477593 0.191463 -0.066822 -0.979223 0.140267 -0.987618 0.070250 
-0.321289 -0.868914 0.376513 -0.082545 -0.829696 0.552078 -0.049135 0.416540 0.907789 0.067697 0.888903 -0.453065 0.211865 -0.036208 -0.976628 0.164073 -0.985305 0.047487 
0.188044 -0.981963 0.019720 -0.295720 -0.889857 0.347426 -0.069475 -0.850074 0.522060 0.234127 0.000809 -0.972206 -0.068922 0.386827 0.919573 0.048415 0.904949 -0.422756 
0.208051 -0.978083 -0.008332 -0.273534 -0.904013 0.328541 -0.060181 -0.870754 0.488022 0.253879 0.037638 -0.966503 -0.070523 0.363719 0.928835 0.031163 0.919459 -0.391950 
0.207577 -0.977711 -0.031529 0.276448 0.065004 -0.958828 -0.264480 -0.915767 0.302358 -0.066324 -0.886081 0.458761 -0.078286 0.337129 0.938198 0.031475 0.931079 -0.363458 
0.203081 -0.977155 -0.062659 0.296662 0.097947 -0.949946 -0.275417 -0.921957 0.272289 -0.082434 -0.897789 0.432642 -0.100428 0.313592 0.944232 0.045827 0.940791 -0.335874 
0.197462 -0.976494 -0.086420 0.311550 0.121764 -0.942396 -0.299110 -0.922497 0.243992 -0.102087 -0.903680 0.415861 -0.128544 0.296683 0.946285 0.067182 0.946254 -0.316370 
