1.783318 0.375488 0.003680 1.917393 0.342810 0.003855 1.732963 0.167306 0.005146 1.865031 0.131979 0.005340 
1.783517 0.375545 0.003745 1.917525 0.342594 0.003992 1.732739 0.167462 0.004689 1.864734 0.131867 0.004947 
1.783554 0.375474 0.003617 1.917557 0.342505 0.003956 1.732746 0.167400 0.004751 1.864736 0.131786 0.005103 
1.784112 0.375491 0.002921 1.918100 0.342494 0.004452 1.733254 0.167426 0.003657 1.865229 0.131787 0.005183 
1.784115 0.375488 0.003117 1.918105 0.342492 0.004496 1.733258 0.167424 0.003778 1.865234 0.131783 0.005154 
1.784119 0.375486 0.003294 1.918110 0.342489 0.004538 1.733262 0.167421 0.003891 1.865240 0.131780 0.005131 
1.784122 0.375485 0.003453 1.918114 0.342486 0.004576 1.733266 0.167419 0.003993 1.865244 0.131778 0.005112 
1.784124 0.375482 0.003597 1.918118 0.342485 0.004611 1.733271 0.167416 0.004092 1.865250 0.131775 0.005103 
1.784126 0.375474 0.003728 1.918122 0.342486 0.004643 1.733286 0.167405 0.004191 1.865268 0.131773 0.005104 
1.784125 0.375459 0.003847 1.918127 0.342491 0.004673 1.733317 0.167382 0.004304 1.865305 0.131769 0.005128 
1.784121 0.375427 0.003957 1.918134 0.342504 0.004699 1.733384 0.167333 0.004478 1.865385 0.131765 0.005221 
1.784207 0.375864 0.004060 1.918068 0.342325 0.004720 1.732513 0.168006 0.004722 1.864350 0.131832 0.005384 
1.784234 0.375982 0.004154 1.918057 0.342289 0.004745 1.732301 0.168185 0.005240 1.864096 0.131859 0.005840 
1.784249 0.376130 0.004215 1.918048 0.342342 0.004846 1.732169 0.168368 0.004749 1.863938 0.131948 0.005382 
1.784168 0.375758 0.004285 1.918096 0.342488 0.004856 1.732893 0.167796 0.004769 1.864802 0.131886 0.005341 
1.784167 0.375745 0.004350 1.918100 0.342491 0.004864 1.732918 0.167776 0.004787 1.864832 0.131882 0.005302 
1.785581 0.379007 0.004490 1.917727 0.339244 0.004892 1.724224 0.173793 0.004939 1.854225 0.131491 0.005344 
1.788880 0.387785 0.005054 1.918475 0.340359 0.004893 1.715646 0.186558 0.009740 1.842951 0.136724 0.009647 
1.786330 0.403621 0.005648 1.918225 0.363036 0.004934 1.723736 0.198835 0.010361 1.853470 0.155726 0.009721 
1.785014 0.409990 0.005008 1.917479 0.371298 0.004945 1.725322 0.204284 0.004915 1.855662 0.163038 0.004851 
1.784558 0.409648 0.004719 1.917070 0.371117 0.004463 1.725117 0.203871 0.005209 1.855507 0.162782 0.004963 
1.784871 0.409062 0.004788 1.917358 0.370447 0.004616 1.725299 0.203322 0.004957 1.855663 0.162151 0.004789 
1.785831 0.408706 0.004724 1.918045 0.369165 0.004644 1.724821 0.203388 0.004816 1.854893 0.161305 0.004739 
1.785903 0.408706 0.004736 1.918116 0.369162 0.004695 1.724887 0.203390 0.005116 1.854959 0.161304 0.005081 
1.922960 0.752859 0.017505 2.033671 0.569636 0.010425 1.854675 0.161387 0.005365 1.805012 0.681239 0.019232 1.724650 0.203616 0.005387 
1.915485 0.758978 0.013792 2.027339 0.576421 0.007508 1.854669 0.161377 0.004951 1.798021 0.686614 0.016913 1.724644 0.203607 0.004975 
1.918343 0.755986 0.007203 2.029759 0.573069 0.004858 1.854735 0.161292 0.005578 1.800674 0.683981 0.010875 1.724704 0.203503 0.005437 
1.918767 0.756237 0.004978 2.030019 0.573205 0.004864 1.854769 0.161368 0.008139 1.801023 0.684382 0.009121 1.724735 0.203571 0.007963 
1.918779 0.756246 0.004948 2.030029 0.573213 0.004874 1.855072 0.161508 0.012075 1.801044 0.684399 0.009454 1.724989 0.203557 0.011870 
1.918966 0.756406 0.004971 2.030230 0.573381 0.004939 1.855426 0.161717 0.015708 1.801242 0.684555 0.009697 1.725236 0.203433 0.015634 
1.918998 0.756927 0.004938 2.030453 0.574019 0.004867 1.855595 0.161913 0.018151 1.801358 0.684957 0.009963 1.725317 0.203356 0.018231 
1.919202 0.758380 0.004929 2.031395 0.575923 0.004877 1.855633 0.161984 0.019357 1.801854 0.685935 0.009960 1.725235 0.203044 0.019796 
1.919206 0.758383 0.004921 2.031786 0.576165 0.004885 1.856141 0.161904 0.020111 1.802016 0.685692 0.010079 1.725653 0.202674 0.020723 
1.919207 0.758384 0.004915 2.032004 0.576300 0.004893 1.856558 0.161790 0.020211 1.802104 0.685555 0.010111 1.725991 0.202308 0.020904 
1.919188 0.758392 0.004916 2.032081 0.576367 0.004897 1.856687 0.161723 0.019925 1.802121 0.685499 0.010020 1.726092 0.202151 0.020586 
1.919182 0.758388 0.004914 2.032075 0.576364 0.004905 1.856668 0.161665 0.019283 1.802108 0.685492 0.009816 1.726072 0.202089 0.019900 
1.919172 0.758383 0.004914 2.032065 0.576358 0.004911 1.856646 0.161574 0.018189 1.802089 0.685481 0.009491 1.726046 0.201985 0.018744 
1.919164 0.758377 0.004917 2.032060 0.576355 0.004917 1.856560 0.161457 0.016466 1.802075 0.685468 0.009227 1.725962 0.201878 0.016829 
1.919161 0.758359 0.004923 2.032084 0.576354 0.004922 1.856469 0.161311 0.014239 1.802081 0.685432 0.009150 1.725875 0.201747 0.014475 
1.919141 0.758217 0.004941 2.032288 0.576350 0.004927 1.856423 0.161177 0.011895 1.802146 0.685143 0.009000 1.725829 0.201610 0.012076 
1.918841 0.757681 0.005168 2.032295 0.576006 0.004937 1.856390 0.161073 0.009716 1.801968 0.684404 0.009073 1.725795 0.201504 0.009880 
1.918784 0.755630 0.005239 2.032293 0.573989 0.004942 1.856368 0.160999 0.007801 1.801932 0.682315 0.009048 1.725772 0.201428 0.007949 
1.919082 0.752137 0.005079 2.032331 0.570334 0.004953 1.856353 0.160949 0.006196 1.802123 0.678991 0.008865 1.725757 0.201376 0.006329 
1.919173 0.748218 0.004988 2.032145 0.566242 0.005009 1.856345 0.160918 0.004944 1.802101 0.675254 0.008785 1.725748 0.201343 0.005064 
1.919535 0.744004 0.004989 2.031990 0.561709 0.005464 1.856414 0.160860 0.004987 1.802258 0.671382 0.009020 1.725802 0.201237 0.005039 
1.921384 0.740432 0.004992 2.033231 0.557766 0.006076 1.856150 0.160856 0.004693 1.803858 0.668209 0.008946 1.725523 0.201179 0.005293 
1.924367 0.737550 0.005015 2.035452 0.554425 0.006826 1.856002 0.160809 0.004718 1.806531 0.665822 0.008701 1.725383 0.201157 0.005463 
1.926662 0.735524 0.005183 2.037126 0.552029 0.007467 1.855995 0.160802 0.004743 1.808576 0.664195 0.008621 1.725376 0.201152 0.005417 
1.927274 0.734948 0.005728 2.037553 0.551342 0.007982 1.855992 0.160802 0.004759 1.809114 0.663735 0.009001 1.725373 0.201151 0.005373 
1.927156 0.735152 0.006290 2.037465 0.551562 0.008346 1.855963 0.160786 0.004742 1.809007 0.663915 0.009458 1.725350 0.201155 0.005319 
1.927032 0.735381 0.006562 2.037349 0.551794 0.008510 1.855820 0.160660 0.004860 1.808886 0.664136 0.009678 1.725219 0.201066 0.005492 
1.926877 0.735350 0.006466 2.037225 0.551782 0.008467 1.855818 0.160659 0.004864 1.808743 0.664086 0.009588 1.725216 0.201065 0.005439 
1.926712 0.735227 0.006083 2.037102 0.551686 0.008245 1.855815 0.160658 0.004868 1.808594 0.663939 0.009266 1.725213 0.201063 0.005391 
1.926618 0.735022 0.005453 2.037014 0.551488 0.007859 1.855813 0.160657 0.004873 1.808503 0.663735 0.008754 1.725211 0.201062 0.005346 
1.926612 0.734939 0.004966 2.036983 0.551391 0.007438 1.855583 0.160604 0.004841 1.808488 0.663671 0.008390 1.724985 0.201019 0.005596 
1.926616 0.735106 0.004966 2.036942 0.551528 0.007235 1.855602 0.160560 0.004915 1.808477 0.663866 0.008440 1.725005 0.200982 0.005527 
1.926628 0.735108 0.004971 2.036832 0.551455 0.007061 1.855599 0.160558 0.004919 1.808444 0.663946 0.008508 1.725002 0.200981 0.005479 
1.926624 0.735120 0.004975 2.036648 0.551358 0.006891 1.855597 0.160557 0.004922 1.808373 0.664074 0.008586 1.725000 0.200979 0.005437 
1.926626 0.735143 0.004973 2.036510 0.551296 0.006816 1.855595 0.160556 0.004926 1.808322 0.664187 0.008622 1.724997 0.200978 0.005400 
1.926625 0.735207 0.004973 2.036494 0.551351 0.006846 1.855592 0.160555 0.004929 1.808314 0.664261 0.008601 1.724995 0.200977 0.005363 
1.926623 0.735208 0.004973 2.036498 0.551356 0.006901 1.855590 0.160554 0.004930 1.808314 0.664257 0.008570 1.724993 0.200976 0.005326 
1.926621 0.735218 0.004982 2.036523 0.551383 0.006975 1.855589 0.160553 0.004932 1.808320 0.664250 0.008531 1.724991 0.200975 0.005293 
1.926618 0.735219 0.004981 2.036558 0.551408 0.007052 1.855587 0.160552 0.004933 1.808331 0.664226 0.008484 1.724990 0.200974 0.005263 
1.926622 0.735463 0.004955 2.036577 0.551660 0.007033 1.855532 0.160392 0.004982 1.808340 0.664460 0.008412 1.724949 0.200861 0.005194 
1.926624 0.735525 0.004934 2.036608 0.551740 0.007046 1.855274 0.160323 0.004967 1.808353 0.664502 0.008369 1.724701 0.200824 0.005485 
1.926623 0.735550 0.004939 2.036622 0.551774 0.007083 1.855271 0.160321 0.004964 1.808357 0.664518 0.008347 1.724698 0.200822 0.005439 
1.926622 0.735552 0.004919 2.036627 0.551780 0.007094 1.855255 0.160183 0.005034 1.808358 0.664517 0.008317 1.724679 0.200675 0.005416 
1.926622 0.735598 0.004925 2.036615 0.551819 0.007079 1.855247 0.160177 0.004971 1.808353 0.664569 0.008297 1.724671 0.200670 0.005322 
1.926622 0.735653 0.004930 2.036610 0.551871 0.007091 1.855310 0.160113 0.004969 1.808351 0.664627 0.008278 1.724730 0.200594 0.005164 
1.926622 0.735679 0.004935 2.036610 0.551898 0.007109 1.855308 0.160111 0.004966 1.808350 0.664653 0.008268 1.724728 0.200592 0.005143 
1.926621 0.735680 0.004939 2.036608 0.551898 0.007134 1.855307 0.160110 0.004964 1.808349 0.664655 0.008268 1.724727 0.200590 0.005126 
1.926621 0.735719 0.004919 2.036602 0.551933 0.007094 1.855260 0.159963 0.004979 1.808346 0.664697 0.008243 1.724680 0.200444 0.005103 
1.926620 0.735722 0.004928 2.036597 0.551934 0.007100 1.855258 0.159961 0.004976 1.808344 0.664703 0.008243 1.724679 0.200442 0.005092 
1.926620 0.735722 0.004933 2.036598 0.551935 0.007113 1.855257 0.159959 0.004973 1.808344 0.664703 0.008245 1.724677 0.200440 0.005081 
1.926620 0.735723 0.004937 2.036597 0.551935 0.007130 1.855256 0.159957 0.004969 1.808344 0.664704 0.008250 1.724677 0.200438 0.005071 
1.926619 0.735822 0.004918 2.036595 0.552034 0.007107 1.855192 0.159904 0.004964 1.808342 0.664803 0.008238 1.724621 0.200412 0.005093 
1.926619 0.735822 0.004924 2.036594 0.552034 0.007126 1.855191 0.159902 0.004962 1.808342 0.664804 0.008243 1.724620 0.200410 0.005083 
1.926621 0.735884 0.004906 2.036603 0.552099 0.007098 1.855164 0.159766 0.004981 1.808347 0.664862 0.008223 1.724590 0.200267 0.005073 
1.926620 0.736069 0.004912 2.036612 0.552290 0.007045 1.854877 0.159628 0.004988 1.808349 0.665040 0.008203 1.724325 0.200197 0.005385 
1.926620 0.736070 0.004918 2.036607 0.552287 0.007058 1.854875 0.159625 0.004984 1.808347 0.665043 0.008202 1.724323 0.200194 0.005347 
1.926621 0.736122 0.004903 2.036577 0.552320 0.006897 1.854459 0.159252 0.004981 1.808337 0.665114 0.008157 1.723937 0.199911 0.005654 
1.926620 0.736123 0.004911 2.036558 0.552310 0.006944 1.854455 0.159247 0.004975 1.808328 0.665127 0.008156 1.723932 0.199906 0.005588 
1.926620 0.736197 0.004917 2.036578 0.552397 0.006990 1.854334 0.159220 0.004950 1.808335 0.665187 0.008141 1.723816 0.199894 0.005679 
1.926619 0.736198 0.004923 2.036568 0.552392 0.007030 1.854330 0.159216 0.004948 1.808331 0.665194 0.008143 1.723811 0.199890 0.005613 
1.926619 0.736199 0.004928 2.036551 0.552383 0.007062 1.854326 0.159213 0.004946 1.808324 0.665206 0.008149 1.723807 0.199886 0.005552 
1.926618 0.736300 0.004932 2.036531 0.552473 0.007057 1.854125 0.159101 0.004978 1.808316 0.665320 0.008154 1.723618 0.199811 0.005767 
1.926618 0.736301 0.004937 2.036499 0.552455 0.007073 1.854121 0.159098 0.004974 1.808303 0.665342 0.008161 1.723614 0.199807 0.005694 
1.926618 0.736366 0.004941 2.036465 0.552498 0.006980 1.853888 0.158888 0.004973 1.808291 0.665426 0.008141 1.723401 0.199662 0.005793 
1.926618 0.736366 0.004944 2.036446 0.552487 0.007006 1.853884 0.158884 0.004968 1.808283 0.665439 0.008141 1.723397 0.199658 0.005715 
1.926617 0.736378 0.004948 2.036435 0.552494 0.007033 1.853841 0.158866 0.004967 1.808278 0.665457 0.008144 1.723357 0.199648 0.005717 
1.926617 0.736378 0.004951 2.036416 0.552483 0.007055 1.853837 0.158863 0.004964 1.808270 0.665470 0.008152 1.723352 0.199645 0.005647 
1.926616 0.736379 0.004953 2.036395 0.552472 0.007074 1.853833 0.158860 0.004962 1.808262 0.665485 0.008159 1.723348 0.199641 0.005584 
1.926616 0.736379 0.004956 2.036373 0.552459 0.007089 1.853830 0.158857 0.004960 1.808254 0.665499 0.008165 1.723345 0.199638 0.005528 
1.926616 0.736380 0.004958 2.036352 0.552447 0.007104 1.853828 0.158855 0.004960 1.808246 0.665513 0.008169 1.723342 0.199636 0.005480 
1.926615 0.736384 0.004960 2.036337 0.552443 0.007109 1.853793 0.158894 0.004824 1.808239 0.665526 0.008166 1.723308 0.199677 0.005391 
1.926592 0.736399 0.004957 2.036313 0.552458 0.007105 1.853618 0.158873 0.004832 1.808215 0.665543 0.008169 1.723144 0.199690 0.005581 
1.926591 0.736412 0.004959 2.036289 0.552456 0.007115 1.853623 0.158841 0.004907 1.808205 0.665570 0.008164 1.723153 0.199668 0.005523 
1.926591 0.736412 0.004962 2.036275 0.552449 0.007135 1.853621 0.158839 0.004911 1.808200 0.665579 0.008162 1.723150 0.199666 0.005472 
1.926591 0.736413 0.004963 2.036261 0.552442 0.007158 1.853618 0.158837 0.004915 1.808194 0.665588 0.008161 1.723147 0.199665 0.005428 
1.926590 0.736413 0.004965 2.036246 0.552434 0.007179 1.853616 0.158836 0.004919 1.808188 0.665598 0.008158 1.723145 0.199663 0.005388 
1.926589 0.736418 0.004967 2.036230 0.552431 0.007196 1.853614 0.158840 0.004909 1.808181 0.665613 0.008150 1.723142 0.199666 0.005344 
1.926588 0.736419 0.004968 2.036222 0.552427 0.007223 1.853612 0.158838 0.004913 1.808177 0.665618 0.008141 1.723140 0.199664 0.005313 
1.926586 0.736432 0.004974 2.036215 0.552438 0.007243 1.853375 0.158802 0.004940 1.808172 0.665635 0.008131 1.722918 0.199672 0.005585 
1.926582 0.736426 0.004949 2.036201 0.552425 0.007240 1.853181 0.158787 0.004921 1.808165 0.665635 0.008106 1.722735 0.199691 0.005772 
1.926581 0.736433 0.004952 2.036175 0.552418 0.007250 1.853216 0.158740 0.004959 1.808154 0.665657 0.008097 1.722769 0.199640 0.005644 
1.926580 0.736433 0.004955 2.036160 0.552410 0.007264 1.853213 0.158739 0.004958 1.808148 0.665667 0.008088 1.722765 0.199638 0.005581 
1.926579 0.736439 0.004958 2.036149 0.552410 0.007281 1.853207 0.158739 0.004949 1.808142 0.665679 0.008080 1.722759 0.199638 0.005524 
1.926579 0.736439 0.004960 2.036138 0.552404 0.007303 1.853204 0.158738 0.004950 1.808138 0.665686 0.008075 1.722756 0.199636 0.005474 
1.926578 0.736440 0.004962 2.036127 0.552398 0.007324 1.853202 0.158736 0.004951 1.808133 0.665693 0.008071 1.722753 0.199635 0.005429 
1.926577 0.736451 0.004964 2.036115 0.552404 0.007341 1.853202 0.158726 0.004971 1.808127 0.665712 0.008063 1.722754 0.199630 0.005383 
1.926574 0.736441 0.004942 2.036106 0.552391 0.007345 1.852978 0.158697 0.004988 1.808122 0.665706 0.008048 1.722545 0.199645 0.005636 
1.926572 0.736429 0.004922 2.036083 0.552367 0.007344 1.852980 0.158689 0.004988 1.808112 0.665708 0.008034 1.722548 0.199641 0.005555 
1.926569 0.736471 0.004906 2.036044 0.552386 0.007255 1.852739 0.158378 0.004979 1.808095 0.665772 0.008010 1.722344 0.199446 0.005572 
1.926568 0.736475 0.004913 2.036022 0.552377 0.007257 1.852742 0.158372 0.004983 1.808086 0.665789 0.008004 1.722346 0.199440 0.005509 
1.926566 0.736481 0.004920 2.036015 0.552380 0.007276 1.852749 0.158357 0.004989 1.808082 0.665798 0.007998 1.722354 0.199428 0.005433 
1.926565 0.736515 0.004933 2.035994 0.552401 0.007228 1.852584 0.158199 0.004995 1.808073 0.665844 0.007983 1.722205 0.199319 0.005495 
1.926565 0.736515 0.004939 2.035990 0.552399 0.007257 1.852581 0.158197 0.004990 1.808071 0.665846 0.007974 1.722202 0.199316 0.005446 
1.926562 0.736559 0.004942 2.035963 0.552428 0.007186 1.852592 0.157997 0.004990 1.808059 0.665905 0.007948 1.722209 0.199108 0.005256 
1.926562 0.736559 0.004946 2.035980 0.552440 0.007218 1.852590 0.157994 0.004985 1.808065 0.665893 0.007939 1.722207 0.199105 0.005231 
1.926561 0.736560 0.004950 2.035997 0.552451 0.007266 1.852588 0.157991 0.004982 1.808071 0.665883 0.007933 1.722205 0.199102 0.005208 
1.926559 0.736564 0.004953 2.036001 0.552458 0.007298 1.852574 0.157996 0.004964 1.808071 0.665883 0.007933 1.722191 0.199105 0.005195 
1.926559 0.736565 0.004956 2.036000 0.552459 0.007321 1.852579 0.157980 0.004986 1.808070 0.665885 0.007936 1.722195 0.199088 0.005198 
1.926559 0.736565 0.004959 2.035991 0.552455 0.007345 1.852577 0.157977 0.004984 1.808067 0.665891 0.007939 1.722194 0.199086 0.005180 
1.926558 0.736566 0.004961 2.035978 0.552448 0.007364 1.852576 0.157976 0.004983 1.808061 0.665900 0.007942 1.722192 0.199084 0.005164 
1.926555 0.736553 0.004943 2.035963 0.552428 0.007339 1.852320 0.157942 0.004979 1.808053 0.665895 0.007935 1.721953 0.199101 0.005454 
1.926555 0.736553 0.004947 2.035950 0.552421 0.007356 1.852318 0.157940 0.004978 1.808048 0.665903 0.007937 1.721951 0.199098 0.005412 
1.926554 0.736554 0.004950 2.035939 0.552415 0.007376 1.852316 0.157938 0.004977 1.808044 0.665911 0.007941 1.721948 0.199096 0.005374 
1.926553 0.736568 0.004953 2.035912 0.552414 0.007363 1.852203 0.157831 0.004980 1.808033 0.665942 0.007944 1.721859 0.199064 0.005374 
1.926554 0.736585 0.004955 2.035881 0.552411 0.007277 1.852041 0.157669 0.004980 1.808022 0.665978 0.007931 1.721710 0.198943 0.005466 
1.926554 0.736678 0.004958 2.035864 0.552494 0.007245 1.851870 0.157608 0.004960 1.808016 0.666081 0.007924 1.721551 0.198916 0.005615 
1.926554 0.736678 0.004961 2.035854 0.552489 0.007271 1.851867 0.157605 0.004960 1.808011 0.666088 0.007924 1.721547 0.198913 0.005555 
1.926554 0.736679 0.004963 2.035843 0.552483 0.007292 1.851864 0.157603 0.004960 1.808007 0.666096 0.007932 1.721544 0.198910 0.005502 
1.926554 0.736679 0.004965 2.035822 0.552470 0.007298 1.851861 0.157600 0.004961 1.807999 0.666111 0.007947 1.721541 0.198907 0.005456 
1.926554 0.736679 0.004967 2.035797 0.552456 0.007299 1.851859 0.157598 0.004963 1.807990 0.666127 0.007964 1.721538 0.198905 0.005415 
1.926555 0.736680 0.004969 2.035775 0.552443 0.007299 1.851856 0.157596 0.004964 1.807982 0.666142 0.007979 1.721536 0.198903 0.005377 
1.926551 0.736726 0.004969 2.035742 0.552471 0.007224 1.851452 0.157274 0.005087 1.807968 0.666206 0.007982 1.721182 0.198735 0.005737 
1.926552 0.736724 0.004971 2.035701 0.552444 0.007166 1.851448 0.157269 0.004993 1.807953 0.666231 0.007985 1.721177 0.198729 0.005586 
1.926552 0.736724 0.004973 2.035683 0.552433 0.007167 1.851445 0.157266 0.004991 1.807946 0.666244 0.007997 1.721174 0.198726 0.005530 
1.926551 0.736726 0.004974 2.035663 0.552423 0.007152 1.851463 0.157240 0.004990 1.807938 0.666258 0.008009 1.721190 0.198695 0.005443 
1.926552 0.736726 0.004975 2.035653 0.552417 0.007145 1.851445 0.157221 0.004979 1.807935 0.666265 0.008023 1.721172 0.198674 0.005431 
1.926545 0.736737 0.004948 2.035600 0.552399 0.006977 1.851338 0.156951 0.004986 1.807911 0.666304 0.008007 1.721065 0.198407 0.005377 
1.926545 0.736737 0.004951 2.035613 0.552407 0.006982 1.851330 0.156961 0.004932 1.807916 0.666296 0.008007 1.721057 0.198416 0.005317 
1.926544 0.736738 0.004955 2.035629 0.552418 0.007017 1.851333 0.156941 0.004985 1.807921 0.666286 0.008010 1.721062 0.198404 0.005289 
1.926543 0.736738 0.004958 2.035640 0.552425 0.007047 1.851331 0.156938 0.004983 1.807925 0.666280 0.008018 1.721060 0.198401 0.005263 
1.926542 0.736739 0.004961 2.035632 0.552422 0.007047 1.851348 0.156913 0.004994 1.807922 0.666285 0.008030 1.721076 0.198372 0.005219 
1.926543 0.736739 0.004963 2.035625 0.552418 0.007057 1.851347 0.156911 0.004992 1.807920 0.666290 0.008044 1.721074 0.198370 0.005203 
1.926542 0.736740 0.004965 2.035625 0.552418 0.007065 1.851089 0.156736 0.005302 1.807919 0.666290 0.008052 1.720840 0.198268 0.005714 
1.926543 0.736738 0.004967 2.035568 0.552382 0.006980 1.851084 0.156716 0.004988 1.807899 0.666324 0.008050 1.720836 0.198250 0.005370 
1.926543 0.736738 0.004969 2.035552 0.552373 0.006995 1.851082 0.156714 0.004986 1.807892 0.666335 0.008050 1.720834 0.198247 0.005338 
1.926541 0.736738 0.004971 2.035546 0.552370 0.007001 1.851109 0.156670 0.004993 1.807888 0.666338 0.008042 1.720858 0.198197 0.005261 
1.926540 0.736739 0.004972 2.035553 0.552375 0.007038 1.851108 0.156668 0.004991 1.807890 0.666334 0.008038 1.720857 0.198194 0.005241 
1.926540 0.736739 0.004974 2.035549 0.552375 0.007064 1.851111 0.156666 0.004993 1.807888 0.666337 0.008039 1.720860 0.198192 0.005218 
1.926539 0.736740 0.004975 2.035544 0.552373 0.007089 1.851110 0.156664 0.004992 1.807886 0.666340 0.008038 1.720858 0.198190 0.005200 
1.926526 0.736697 0.004909 2.035515 0.552322 0.007087 1.851113 0.156661 0.004996 1.807867 0.666310 0.008027 1.720862 0.198187 0.005181 
1.926526 0.736697 0.004917 2.035500 0.552313 0.007107 1.851112 0.156659 0.004996 1.807861 0.666320 0.008036 1.720860 0.198185 0.005167 
1.926526 0.736698 0.004924 2.035486 0.552305 0.007125 1.851111 0.156657 0.004996 1.807856 0.666328 0.008044 1.720860 0.198183 0.005155 
1.926526 0.736698 0.004930 2.035477 0.552300 0.007141 1.851110 0.156656 0.004995 1.807853 0.666335 0.008051 1.720859 0.198182 0.005145 
1.926526 0.736698 0.004936 2.035472 0.552297 0.007157 1.851109 0.156655 0.004995 1.807850 0.666338 0.008055 1.720858 0.198181 0.005136 
1.926525 0.736698 0.004941 2.035470 0.552297 0.007172 1.851108 0.156654 0.004997 1.807850 0.666339 0.008058 1.720857 0.198180 0.005128 
1.926525 0.736698 0.004946 2.035470 0.552297 0.007188 1.851108 0.156653 0.005001 1.807849 0.666339 0.008059 1.720856 0.198179 0.005123 
1.926525 0.736698 0.004950 2.035469 0.552297 0.007203 1.851107 0.156652 0.005013 1.807849 0.666340 0.008061 1.720856 0.198178 0.005127 
1.926524 0.736698 0.004954 2.035471 0.552299 0.007213 1.851048 0.156618 0.005105 1.807849 0.666338 0.008063 1.720801 0.198158 0.005273 
1.926524 0.736698 0.004958 2.035467 0.552297 0.007224 1.851047 0.156616 0.005079 1.807847 0.666340 0.008061 1.720800 0.198157 0.005235 
1.926523 0.736698 0.004961 2.035466 0.552297 0.007239 1.851046 0.156615 0.005074 1.807846 0.666341 0.008059 1.720799 0.198156 0.005219 
1.926523 0.736698 0.004964 2.035466 0.552297 0.007257 1.851045 0.156615 0.005092 1.807846 0.666341 0.008059 1.720799 0.198155 0.005226 
1.926523 0.736699 0.004967 2.035465 0.552297 0.007279 1.851045 0.156615 0.005133 1.807845 0.666342 0.008062 1.720798 0.198155 0.005257 
1.926523 0.736699 0.004970 2.035465 0.552298 0.007302 1.851045 0.156615 0.005186 1.807845 0.666343 0.008067 1.720798 0.198156 0.005301 
1.926521 0.736702 0.004973 2.035480 0.552311 0.007315 1.850787 0.156609 0.005270 1.807850 0.666335 0.008068 1.720558 0.198202 0.005723 
1.926519 0.736703 0.004976 2.035451 0.552295 0.007301 1.850791 0.156569 0.005299 1.807837 0.666353 0.008064 1.720564 0.198170 0.005649 
1.926519 0.736703 0.004978 2.035433 0.552284 0.007294 1.850789 0.156565 0.005207 1.807831 0.666364 0.008058 1.720562 0.198166 0.005528 
1.926519 0.736702 0.004979 2.035427 0.552281 0.007297 1.850787 0.156563 0.005154 1.807828 0.666367 0.008049 1.720560 0.198164 0.005449 
1.926518 0.736703 0.004980 2.035418 0.552276 0.007301 1.850794 0.156548 0.005143 1.807824 0.666372 0.008038 1.720568 0.198153 0.005372 
1.926518 0.736703 0.004982 2.035417 0.552276 0.007316 1.850793 0.156546 0.005132 1.807823 0.666373 0.008030 1.720567 0.198152 0.005344 
1.926517 0.736703 0.004983 2.035416 0.552276 0.007341 1.850792 0.156546 0.005165 1.807822 0.666374 0.008027 1.720566 0.198152 0.005360 
1.926516 0.736704 0.004984 2.035416 0.552278 0.007362 1.850681 0.156545 0.005224 1.807821 0.666374 0.008024 1.720464 0.198178 0.005557 
1.926520 0.736707 0.004983 2.035418 0.552279 0.007342 1.850305 0.156377 0.005494 1.807825 0.666377 0.008007 1.720122 0.198111 0.006184 
1.926520 0.736705 0.004984 2.035378 0.552254 0.007301 1.850302 0.156360 0.005249 1.807809 0.666401 0.007992 1.720118 0.198093 0.005880 
1.926520 0.736704 0.004985 2.035349 0.552235 0.007270 1.850296 0.156353 0.005053 1.807798 0.666418 0.007975 1.720112 0.198086 0.005630 
1.926519 0.736700 0.004986 2.035331 0.552222 0.007252 1.850342 0.156309 0.004993 1.807791 0.666424 0.007958 1.720155 0.198035 0.005419 
1.926518 0.736701 0.004987 2.035335 0.552225 0.007281 1.850340 0.156307 0.004992 1.807791 0.666422 0.007948 1.720153 0.198032 0.005383 
1.926518 0.736701 0.004988 2.035340 0.552229 0.007311 1.850338 0.156305 0.004993 1.807793 0.666419 0.007944 1.720151 0.198030 0.005352 
1.926518 0.736701 0.004988 2.035332 0.552224 0.007326 1.850336 0.156304 0.005011 1.807790 0.666424 0.007950 1.720149 0.198029 0.005340 
1.926516 0.736702 0.004988 2.035338 0.552230 0.007342 1.850092 0.156293 0.005119 1.807791 0.666421 0.007960 1.719922 0.198069 0.005742 
1.926515 0.736710 0.004989 2.035289 0.552209 0.007314 1.850080 0.156114 0.005240 1.807772 0.666460 0.007970 1.719931 0.197958 0.005661 
1.926515 0.736709 0.004989 2.035261 0.552191 0.007298 1.850122 0.156068 0.005264 1.807761 0.666476 0.007974 1.719971 0.197906 0.005554 
1.926516 0.736709 0.004989 2.035251 0.552185 0.007294 1.850120 0.156065 0.005228 1.807758 0.666482 0.007976 1.719969 0.197903 0.005495 
1.926516 0.736709 0.004990 2.035245 0.552181 0.007300 1.850119 0.156063 0.005232 1.807756 0.666487 0.007982 1.719967 0.197901 0.005477 
1.926516 0.736708 0.004989 2.035239 0.552177 0.007316 1.850118 0.156063 0.005286 1.807754 0.666490 0.007993 1.719966 0.197900 0.005511 
1.926517 0.736717 0.004989 2.035214 0.552170 0.007290 1.849865 0.155835 0.005494 1.807745 0.666516 0.008009 1.719740 0.197755 0.005862 
1.926518 0.736716 0.004989 2.035188 0.552153 0.007280 1.849887 0.155785 0.005561 1.807736 0.666532 0.008017 1.719762 0.197704 0.005827 
1.926517 0.736714 0.004988 2.035160 0.552135 0.007229 1.849659 0.155628 0.005625 1.807725 0.666548 0.008014 1.719554 0.197609 0.006055 
1.926516 0.736713 0.004987 2.035125 0.552114 0.007187 1.849730 0.155532 0.005599 1.807711 0.666568 0.008006 1.719620 0.197496 0.005824 
1.926516 0.736712 0.004988 2.035115 0.552106 0.007153 1.849727 0.155523 0.005392 1.807707 0.666573 0.007990 1.719616 0.197487 0.005604 
1.926515 0.736709 0.004988 2.035112 0.552102 0.007130 1.849751 0.155478 0.005303 1.807705 0.666571 0.007975 1.719639 0.197436 0.005442 
1.926514 0.736709 0.004989 2.035119 0.552106 0.007130 1.849749 0.155472 0.005194 1.807707 0.666565 0.007963 1.719636 0.197430 0.005325 
1.926513 0.736704 0.004990 2.035135 0.552111 0.007165 1.849748 0.155469 0.005185 1.807713 0.666550 0.007959 1.719635 0.197427 0.005309 
1.926513 0.736659 0.004990 2.035144 0.552073 0.007218 1.849726 0.155476 0.005256 1.807716 0.666500 0.007971 1.719613 0.197434 0.005399 
1.926513 0.736641 0.004991 2.035145 0.552056 0.007253 1.849766 0.155458 0.005372 1.807716 0.666482 0.007988 1.719652 0.197414 0.005466 
1.926513 0.736642 0.004991 2.035142 0.552056 0.007287 1.849748 0.155456 0.005496 1.807715 0.666486 0.008007 1.719635 0.197414 0.005583 
1.926513 0.736643 0.004991 2.035141 0.552057 0.007324 1.849748 0.155457 0.005624 1.807715 0.666488 0.008025 1.719635 0.197415 0.005704 
