1.038024 0.373164 0.004115 0.910741 0.423049 0.003787 0.993628 0.623856 0.004037 1.120957 0.570647 0.004364 
1.038025 0.373164 0.004197 0.910742 0.423049 0.003901 0.993629 0.623856 0.004126 1.120959 0.570647 0.004423 
1.037847 0.373034 0.004381 0.910568 0.422933 0.004358 0.993477 0.623730 0.003930 1.120802 0.570508 0.003959 
1.037728 0.372990 0.004413 0.910442 0.422870 0.004686 0.993318 0.623680 0.003946 1.120650 0.570478 0.003680 
1.037743 0.373051 0.004118 0.910459 0.422935 0.004462 0.993343 0.623742 0.004208 1.120673 0.570536 0.003865 
1.037662 0.373146 0.003842 0.910393 0.423068 0.004201 0.993340 0.623851 0.004181 1.120653 0.570605 0.003818 
1.037656 0.373144 0.003957 0.910387 0.423067 0.004279 0.993334 0.623849 0.004237 1.120648 0.570603 0.003912 
1.037573 0.373140 0.003998 0.910312 0.423083 0.004179 0.993291 0.623852 0.004076 1.120596 0.570586 0.003895 
1.037573 0.373140 0.004092 0.910311 0.423083 0.004252 0.993290 0.623852 0.004158 1.120596 0.570586 0.003998 
1.037599 0.373174 0.004054 0.910342 0.423128 0.004131 0.993339 0.623890 0.004243 1.120640 0.570612 0.004164 
1.037589 0.373024 0.004336 0.910321 0.422949 0.004399 0.993271 0.623730 0.003955 1.120584 0.570481 0.003898 
1.037589 0.373023 0.004402 0.910320 0.422949 0.004452 0.993270 0.623729 0.004046 1.120583 0.570481 0.004001 
1.037628 0.372960 0.004640 0.910360 0.422889 0.004538 0.993317 0.623667 0.003936 1.120628 0.570415 0.004048 
1.037574 0.372911 0.004732 0.910300 0.422823 0.004775 0.993228 0.623611 0.003880 1.120547 0.570376 0.003849 
1.037626 0.373094 0.003998 0.910362 0.423030 0.004020 0.993331 0.623803 0.004301 1.120639 0.570544 0.004275 
1.037598 0.372930 0.004220 0.910334 0.422867 0.004161 0.993303 0.623640 0.003987 1.120612 0.570380 0.004050 
1.037424 0.373052 0.003640 0.910154 0.422972 0.004053 0.993098 0.623756 0.004282 1.120412 0.570513 0.003862 
1.037423 0.373053 0.003766 0.910153 0.422973 0.004140 0.993097 0.623757 0.004345 1.120411 0.570514 0.003964 
1.037172 0.372909 0.004102 0.910007 0.423098 0.004081 0.993374 0.623706 0.003935 1.120577 0.570194 0.003959 
1.036853 0.372871 0.004171 0.909751 0.423221 0.004293 0.993371 0.623724 0.003991 1.120506 0.570051 0.003871 
1.036202 0.372697 0.004470 0.909190 0.423268 0.005012 0.993153 0.623622 0.003557 1.120193 0.569728 0.003031 
1.036207 0.372681 0.004540 0.909194 0.423250 0.005027 0.993154 0.623606 0.003650 1.120195 0.569713 0.003178 
1.036434 0.372603 0.004823 0.909364 0.423030 0.005213 0.993101 0.623479 0.003706 1.120202 0.569728 0.003334 
1.037179 0.372205 0.005703 0.909949 0.422228 0.005636 0.993050 0.622931 0.003095 1.120322 0.569585 0.003198 
1.036500 0.372198 0.007568 0.909414 0.422588 0.007543 0.993083 0.623026 0.003296 1.120201 0.569313 0.003382 
1.036033 0.372203 0.010573 0.909048 0.422846 0.010605 0.993086 0.623048 0.003496 1.120097 0.569083 0.003564 
1.036491 0.372296 0.014497 0.909416 0.422713 0.014587 0.993035 0.622920 0.003694 1.120143 0.569183 0.003757 
1.038073 0.372090 0.017433 0.910650 0.421621 0.017379 0.992825 0.622248 0.003600 1.120305 0.569400 0.003850 
1.038815 0.372075 0.019484 0.911244 0.421221 0.019548 0.992753 0.621976 0.003816 1.120392 0.569515 0.003974 
1.039125 0.372105 0.021679 0.911511 0.421140 0.021828 0.992774 0.621817 0.003974 1.120460 0.569469 0.004076 
1.039332 0.371889 0.025224 0.911694 0.420863 0.025180 0.992755 0.621229 0.003364 1.120468 0.568948 0.003717 
1.039466 0.372194 0.028099 0.911817 0.421138 0.028146 0.992713 0.621254 0.003589 1.120440 0.569005 0.003890 
1.039659 0.372539 0.031522 0.912002 0.421463 0.031589 0.992716 0.621215 0.003699 1.120453 0.568992 0.004025 
1.039995 0.372975 0.035359 0.912330 0.421880 0.035324 0.992857 0.621175 0.003851 1.120604 0.568978 0.004332 
1.040233 0.373638 0.039804 0.912566 0.422535 0.039884 0.992806 0.621199 0.003996 1.120560 0.569019 0.004423 
1.040706 0.374484 0.045053 0.913032 0.423363 0.045078 0.992936 0.621197 0.004205 1.120702 0.569048 0.004759 
1.040913 0.375459 0.050483 0.913261 0.424393 0.050886 0.992704 0.621126 0.004206 1.120454 0.568935 0.004460 
1.041442 0.376752 0.056213 0.913795 0.425701 0.056710 0.992753 0.621246 0.004543 1.120504 0.569058 0.004780 
1.041904 0.378133 0.062523 0.914285 0.427148 0.063294 0.992601 0.621104 0.004630 1.120334 0.568871 0.004682 
1.043026 0.379376 0.070543 0.915365 0.428289 0.070750 0.992878 0.619978 0.004110 1.120664 0.567880 0.004844 
1.044812 0.381647 0.078710 0.916968 0.430079 0.079051 0.992733 0.619594 0.004638 1.120729 0.568013 0.005348 
1.052354 0.381672 0.087491 0.923176 0.426377 0.089580 0.991231 0.615010 0.006035 1.120683 0.567205 0.005111 1.031547 0.908951 0.003303 0.895110 0.917081 0.006229 0.902729 1.131132 0.007573 1.040602 1.126000 0.004637 
1.058444 0.378992 0.104053 0.928440 0.421071 0.108315 0.989251 0.606041 0.011972 1.119640 0.560938 0.009034 1.031570 0.909036 0.003445 0.895156 0.917104 0.007443 0.902689 1.131159 0.008678 1.040537 1.126088 0.004659 
1.058332 0.369827 0.131598 0.928343 0.411786 0.137277 0.985502 0.590892 0.028429 1.115926 0.545993 0.024238 1.031669 0.909109 0.003542 0.895329 0.917079 0.009682 0.902726 1.131139 0.010842 1.040497 1.126168 0.004659 
1.057560 0.359010 0.162051 0.927835 0.401635 0.168709 0.982441 0.574108 0.048438 1.112636 0.528630 0.043420 1.031745 0.909108 0.003682 0.895534 0.917070 0.012231 0.902940 1.131130 0.013295 1.040582 1.126167 0.004679 
1.060271 0.351431 0.188385 0.930676 0.394278 0.196072 0.982195 0.560898 0.066545 1.112302 0.515280 0.060620 1.031888 0.909114 0.004301 0.895868 0.917055 0.015492 0.903227 1.131119 0.015987 1.040675 1.126177 0.004695 
1.067252 0.349659 0.206517 0.937608 0.392082 0.215606 0.985455 0.554816 0.079878 1.115663 0.509681 0.072625 1.032781 0.909114 0.005764 0.896971 0.916631 0.019508 0.903542 1.130719 0.018604 1.040767 1.126205 0.004713 
1.077065 0.352473 0.217453 0.947320 0.394154 0.228352 0.991239 0.554612 0.088645 1.121606 0.510259 0.079621 1.034086 0.909130 0.007702 0.898552 0.916043 0.024209 0.903937 1.130148 0.021439 1.040866 1.126245 0.004731 
1.089163 0.357293 0.224471 0.959300 0.397963 0.237566 0.998826 0.556989 0.094940 1.129373 0.513676 0.083740 1.035964 0.909162 0.009771 0.900790 0.915189 0.029302 0.904435 1.129296 0.024536 1.040976 1.126288 0.004747 
1.102850 0.362215 0.229980 0.972904 0.401672 0.245690 1.007376 0.559518 0.100465 1.138080 0.517447 0.086662 1.038100 0.909226 0.011843 0.903413 0.914286 0.034723 0.905076 1.128364 0.027961 1.041097 1.126331 0.004761 
1.117452 0.365936 0.235961 0.987536 0.404227 0.254551 1.016503 0.560493 0.106443 1.147253 0.519620 0.089773 1.040212 0.909320 0.013765 0.906187 0.913509 0.040401 0.905908 1.127526 0.031792 1.041233 1.126372 0.004774 
1.132131 0.366715 0.242487 1.002383 0.403713 0.264541 1.024277 0.556944 0.112112 1.154958 0.517420 0.092006 1.042453 0.909425 0.014868 0.909134 0.912571 0.044965 0.906718 1.126530 0.035309 1.041299 1.126429 0.004781 
1.146158 0.365708 0.250127 1.016842 0.401807 0.275898 1.031618 0.551722 0.119370 1.161964 0.513153 0.095570 1.043888 0.909504 0.014721 0.911449 0.911971 0.048539 0.907707 1.125921 0.039113 1.041379 1.126506 0.004830 
1.160959 0.363324 0.259117 1.032310 0.398626 0.289001 1.039163 0.544584 0.128243 1.168947 0.506875 0.100351 1.045235 0.909478 0.013936 0.913881 0.911263 0.051789 0.908947 1.125225 0.043185 1.041507 1.126496 0.004841 
1.177567 0.361004 0.268124 1.049839 0.395631 0.302425 1.048160 0.537232 0.137682 1.177135 0.500267 0.105387 1.046432 0.909486 0.013133 0.916541 0.910653 0.055756 0.910481 1.124616 0.047964 1.041548 1.126513 0.004816 
1.197453 0.360323 0.274041 1.070880 0.393926 0.313283 1.059626 0.531541 0.145566 1.187571 0.495666 0.108323 1.048268 0.909549 0.012743 0.920277 0.909832 0.060785 0.912477 1.123754 0.053407 1.041600 1.126542 0.004792 
1.219210 0.362064 0.275564 1.094136 0.394668 0.320100 1.073146 0.529117 0.150758 1.199716 0.494296 0.108195 1.050379 0.909667 0.012948 0.924828 0.909135 0.067045 0.915062 1.122970 0.059509 1.041693 1.126581 0.004778 
1.243190 0.365989 0.272299 1.120098 0.397327 0.322857 1.088435 0.529440 0.153336 1.213156 0.495930 0.104695 1.052994 0.909908 0.013385 0.930540 0.908261 0.074146 0.917940 1.121931 0.066140 1.041404 1.126665 0.004673 
1.268867 0.371324 0.265973 1.148298 0.401460 0.322935 1.105545 0.531532 0.154272 1.227876 0.499264 0.099153 1.056143 0.910243 0.014242 0.937525 0.907564 0.082156 0.921715 1.120988 0.073336 1.041259 1.126760 0.004634 
1.296364 0.378284 0.256825 1.179048 0.407116 0.320820 1.124252 0.535366 0.154257 1.243469 0.504440 0.092008 1.060388 0.910682 0.015572 0.946278 0.906955 0.090772 0.926529 1.119997 0.080732 1.041464 1.126822 0.004657 
1.325701 0.387162 0.247300 1.212529 0.415046 0.318744 1.144878 0.540812 0.155037 1.260094 0.510879 0.085227 1.065460 0.911363 0.017514 0.956915 0.906769 0.100501 0.932366 1.119218 0.088640 1.041613 1.126909 0.004676 
1.357516 0.398169 0.233680 1.249261 0.424957 0.312756 1.168400 0.548554 0.153448 1.278838 0.519758 0.075871 1.072347 0.912391 0.019434 0.970232 0.906634 0.110149 0.939288 1.118138 0.096505 1.041951 1.126991 0.004712 
1.390513 0.411730 0.213918 1.288010 0.437116 0.300743 1.193893 0.559316 0.147763 1.298711 0.531956 0.062274 1.081071 0.914068 0.021213 0.986704 0.906794 0.119863 0.947068 1.116729 0.104570 1.041783 1.127091 0.004741 
1.421115 0.427948 0.185574 1.324947 0.451798 0.279770 1.218959 0.574182 0.134916 1.317550 0.548369 0.041871 1.092637 0.916761 0.022483 1.007312 0.908027 0.128940 0.957310 1.115651 0.112515 1.042746 1.127453 0.004786 
1.448352 0.445698 0.151471 1.359382 0.468176 0.252806 1.242771 0.592030 0.117693 1.334246 0.567582 0.017300 1.109886 0.920247 0.022207 1.033622 0.910614 0.135259 0.974658 1.115902 0.119207 1.050817 1.128580 0.004826 
1.476445 0.458336 0.130230 1.398548 0.482194 0.240015 1.266845 0.602116 0.115650 1.347355 0.576330 0.006575 1.130392 0.926097 0.018373 1.062918 0.915156 0.136768 0.998039 1.118920 0.124574 1.065236 1.132895 0.004852 
1.506939 0.467117 0.117752 1.439446 0.490522 0.234314 1.294387 0.607183 0.122323 1.364582 0.581901 0.006230 1.153621 0.931234 0.016499 1.092920 0.919491 0.138431 1.023110 1.121763 0.128937 1.083398 1.136527 0.005683 
1.521269 0.473442 0.116423 1.461332 0.491110 0.238018 1.310340 0.613813 0.141378 1.372991 0.594237 0.019987 1.169395 0.937356 0.062986 1.114087 0.927683 0.187634 1.047321 1.131038 0.179441 1.102207 1.143726 0.053463 
1.525123 0.480872 0.141489 1.470052 0.502088 0.264805 1.319343 0.627733 0.171562 1.377077 0.604532 0.048385 1.169298 0.949451 0.127829 1.128957 0.941094 0.258184 1.065749 1.145744 0.257147 1.105574 1.157123 0.125510 
1.535151 0.488202 0.167882 1.484672 0.511799 0.292722 1.331639 0.637115 0.202886 1.384770 0.611516 0.078123 1.180019 0.963836 0.162226 1.145518 0.956671 0.294318 1.085998 1.162424 0.295266 1.119979 1.172615 0.161904 
1.546420 0.494743 0.194129 1.497362 0.522023 0.318784 1.344011 0.645608 0.227111 1.395712 0.616316 0.102560 1.193888 0.974997 0.174719 1.159773 0.971018 0.307045 1.102504 1.177386 0.303810 1.136127 1.184369 0.170151 
1.557386 0.501021 0.220124 1.506554 0.533562 0.342790 1.355516 0.654333 0.243818 1.408976 0.619769 0.121378 1.209647 0.982738 0.171847 1.172396 0.984037 0.303379 1.116731 1.190493 0.290931 1.153545 1.192149 0.157942 
1.568661 0.508280 0.249747 1.513829 0.547835 0.368569 1.367041 0.663527 0.257832 1.424479 0.621954 0.139441 1.226653 0.986984 0.160970 1.184392 0.995829 0.290684 1.130114 1.201357 0.264418 1.172006 1.195380 0.133066 
1.579851 0.516627 0.281893 1.519156 0.564387 0.394697 1.378666 0.672094 0.268779 1.441933 0.622350 0.156677 1.244531 0.988391 0.142352 1.195698 1.006262 0.268786 1.143757 1.209516 0.225569 1.192319 1.194393 0.097284 
1.590825 0.527093 0.315048 1.522928 0.583541 0.419419 1.390926 0.679924 0.276313 1.461344 0.621570 0.172969 1.264894 0.985294 0.115714 1.207954 1.013048 0.236865 1.159405 1.212053 0.174272 1.216201 1.186889 0.051044 
1.601014 0.539586 0.345456 1.525310 0.603717 0.439509 1.403727 0.686412 0.279594 1.481880 0.620495 0.186905 1.286867 0.977657 0.085652 1.223096 1.013246 0.201222 1.177057 1.206956 0.122262 1.240786 1.173805 0.004434 
1.613082 0.548153 0.363976 1.536391 0.614691 0.455523 1.415783 0.692220 0.292315 1.494918 0.623945 0.202203 1.295335 0.979757 0.091103 1.231711 1.018599 0.205703 1.186107 1.210229 0.121584 1.249694 1.173764 0.004661 1.615138 1.449661 0.729287 1.658506 1.416060 0.765978 1.657432 1.402787 0.755092 1.614064 1.436388 0.718401 
1.627236 0.555158 0.382425 1.549631 0.622797 0.472382 1.427770 0.694470 0.307438 1.507845 0.625167 0.218956 1.302529 0.980181 0.098010 1.237951 1.022572 0.210804 1.192664 1.211296 0.120194 1.257219 1.171205 0.005001 1.599124 1.469001 0.698166 1.640238 1.435919 0.737805 1.639464 1.422341 0.727275 1.598350 1.455423 0.687637 
1.636865 0.565480 0.406105 1.558951 0.635156 0.494221 1.435596 0.700217 0.327655 1.516004 0.628952 0.241054 1.310738 0.972899 0.106836 1.244030 1.018483 0.217117 1.195931 1.202382 0.118398 1.262596 1.158998 0.005626 1.582385 1.503089 0.671356 1.620056 1.468134 0.712769 1.618961 1.454539 0.702289 1.581290 1.489494 0.660877 
1.644322 0.579947 0.435174 1.565816 0.652597 0.520313 1.441646 0.709180 0.351275 1.522663 0.635032 0.267715 1.318241 0.962201 0.118666 1.249717 1.011122 0.226374 1.196806 1.188542 0.118669 1.265236 1.141696 0.008366 1.566259 1.542015 0.650941 1.600151 1.504403 0.693282 1.598436 1.490950 0.682704 1.564544 1.528561 0.640363 
1.651907 0.597778 0.467669 1.571116 0.673642 0.547715 1.448031 0.718412 0.374396 1.531341 0.641187 0.296038 1.322968 0.953349 0.130500 1.252731 1.007112 0.234740 1.196488 1.176456 0.116261 1.266600 1.124603 0.009305 1.552163 1.577553 0.635361 1.582600 1.537445 0.678034 1.580272 1.524230 0.667274 1.549835 1.564338 0.624601 
1.653389 0.616700 0.498741 1.569845 0.695745 0.572647 1.449557 0.728254 0.394694 1.535606 0.647991 0.322600 1.322208 0.953075 0.136720 1.250751 1.011633 0.237490 1.195961 1.175233 0.110560 1.267326 1.118457 0.006986 1.543876 1.602947 0.625332 1.572864 1.562568 0.668752 1.570249 1.549283 0.658144 1.541261 1.589662 0.614724 
1.646650 0.634124 0.522363 1.562175 0.716127 0.591856 1.444537 0.741692 0.411020 1.531488 0.658541 0.343423 1.319616 0.958149 0.143940 1.247407 1.020952 0.241570 1.195013 1.179839 0.107826 1.267171 1.118709 0.007325 1.539247 1.620972 0.616079 1.567809 1.581727 0.660801 1.565193 1.568156 0.650562 1.536632 1.607401 0.605840 
1.637208 0.651481 0.539813 1.552308 0.736045 0.605621 1.437476 0.757032 0.422408 1.524817 0.671360 0.358565 1.318356 0.963176 0.150085 1.245237 1.029212 0.244862 1.194012 1.183429 0.105323 1.267106 1.118967 0.007620 1.538369 1.635672 0.607900 1.566780 1.597670 0.653777 1.564245 1.583831 0.643883 1.535833 1.621833 0.598007 
1.626824 0.668467 0.553762 1.541624 0.755341 0.616083 1.429915 0.772726 0.430576 1.517514 0.684773 0.370287 1.317632 0.968471 0.155912 1.243658 1.037473 0.247871 1.193100 1.186764 0.102841 1.267067 1.119237 0.007903 1.540723 1.649923 0.603546 1.569207 1.613034 0.650277 1.566674 1.598964 0.640714 1.538190 1.635853 0.593983 
1.616798 0.685121 0.566855 1.531384 0.774151 0.625744 1.422749 0.788040 0.438129 1.510521 0.697959 0.381334 1.316832 0.973905 0.161512 1.242080 1.045794 0.250586 1.192263 1.190029 0.100279 1.267025 1.119514 0.008180 1.544676 1.665054 0.602174 1.573180 1.628897 0.649463 1.570522 1.614663 0.640181 1.542018 1.650820 0.592893 
1.607929 0.701650 0.580954 1.522338 0.792737 0.636336 1.416333 0.802418 0.446960 1.504247 0.710321 0.393731 1.315627 0.979228 0.166776 1.240211 1.053942 0.252915 1.191514 1.193224 0.097652 1.266964 1.119786 0.008443 1.549177 1.680246 0.602544 1.577549 1.644396 0.650145 1.574668 1.630070 0.641073 1.546297 1.665921 0.593472 
1.599956 0.718096 0.595821 1.514189 0.811118 0.647597 1.410439 0.815930 0.456792 1.498498 0.721949 0.407224 1.313921 0.984436 0.171758 1.237992 1.061984 0.254891 1.190888 1.196421 0.094936 1.266878 1.120051 0.008697 1.553731 1.694467 0.603565 1.581832 1.658617 0.651326 1.578687 1.644257 0.642397 1.550585 1.680106 0.594636 
1.591914 0.734569 0.610273 1.506016 0.829418 0.658387 1.404467 0.829252 0.466342 1.492627 0.733497 0.420487 1.311911 0.989630 0.176506 1.235556 1.069964 0.256546 1.190330 1.199568 0.092122 1.266776 1.120316 0.008942 1.558151 1.706978 0.604122 1.585853 1.670952 0.651983 1.582454 1.656594 0.643143 1.554752 1.692621 0.595282 
1.583532 0.751115 0.623750 1.497594 0.847694 0.668214 1.398233 0.842674 0.475092 1.486402 0.745240 0.432938 1.309866 0.994836 0.180985 1.233116 1.077811 0.257891 1.189831 1.202569 0.089251 1.266704 1.120580 0.009173 1.562521 1.718029 0.603794 1.589685 1.681685 0.651723 1.586058 1.667362 0.642918 1.558894 1.703706 0.594989 
1.574793 0.767695 0.636145 1.488919 0.865918 0.676983 1.391780 0.856255 0.482910 1.479853 0.757228 0.444430 1.307879 1.000105 0.185212 1.230811 1.085598 0.258977 1.189427 1.205468 0.086362 1.266649 1.120867 0.009399 1.567480 1.728552 0.603755 1.594063 1.691799 0.651698 1.590203 1.677532 0.642901 1.563621 1.714285 0.594957 
1.565753 0.784422 0.647612 1.480019 0.884204 0.684802 1.385180 0.870029 0.489870 1.473078 0.769491 0.455086 1.305913 1.005520 0.189279 1.228598 1.093464 0.259835 1.189083 1.208290 0.083395 1.266581 1.121142 0.009617 1.573411 1.738398 0.604803 1.599452 1.701183 0.652687 1.595347 1.686987 0.643886 1.569307 1.724202 0.596002 
1.556482 0.801451 0.658484 1.470980 0.902734 0.691965 1.378494 0.884083 0.496281 1.466125 0.782094 0.465252 1.303938 1.011138 0.193211 1.226493 1.101510 0.260479 1.188823 1.211105 0.080347 1.266479 1.121429 0.009836 1.580336 1.747622 0.607003 1.605874 1.709881 0.654746 1.601509 1.695773 0.645928 1.575971 1.733514 0.598185 
1.547052 0.818873 0.668936 1.461852 0.921587 0.698614 1.371767 0.898398 0.502297 1.459059 0.795028 0.475116 1.301903 1.016970 0.197022 1.224427 1.109756 0.260882 1.188658 1.213918 0.077174 1.266373 1.121727 0.010053 1.588092 1.756279 0.610150 1.613139 1.717938 0.657675 1.608499 1.703938 0.648826 1.583452 1.742279 0.601301 
1.537469 0.836746 0.679033 1.452671 0.940826 0.704848 1.364954 0.913049 0.508054 1.451808 0.808365 0.484780 1.299973 1.022931 0.200797 1.222446 1.117982 0.261168 1.188548 1.216581 0.074067 1.266341 1.122023 0.010420 1.596449 1.764449 0.613921 1.620970 1.725425 0.661164 1.616042 1.711555 0.652265 1.591521 1.750579 0.605022 
1.527851 0.855122 0.688930 1.443545 0.960495 0.710812 1.358135 0.928032 0.513721 1.444459 0.822109 0.494421 1.298072 1.029008 0.204465 1.220542 1.126258 0.261221 1.188680 1.219184 0.070886 1.266506 1.122324 0.010843 1.605304 1.772152 0.618187 1.629243 1.732364 0.665090 1.624016 1.718648 0.656123 1.600077 1.758436 0.609220 
1.518071 0.874170 0.698594 1.434291 0.980730 0.716359 1.351245 0.943315 0.519135 1.437005 0.836264 0.503994 1.295913 1.035327 0.208033 1.218533 1.134803 0.261011 1.188874 1.221842 0.067563 1.266580 1.122650 0.011289 1.614555 1.779347 0.622854 1.637839 1.738711 0.669358 1.632303 1.725176 0.660302 1.609019 1.765812 0.613799 
1.508186 0.894133 0.708234 1.425034 1.001806 0.721730 1.344334 0.959247 0.524576 1.429426 0.851146 0.513743 1.294096 1.041792 0.211460 1.216786 1.143368 0.260401 1.189801 1.224406 0.063977 1.267475 1.123007 0.011737 1.624255 1.786148 0.627931 1.646839 1.744624 0.673994 1.640987 1.731288 0.664841 1.618403 1.772812 0.618779 
1.498691 0.915193 0.718234 1.416191 1.023832 0.727251 1.337798 0.975729 0.530440 1.422199 0.866731 0.524126 1.292514 1.048474 0.214756 1.215291 1.152082 0.259383 1.191419 1.226920 0.060117 1.269050 1.123379 0.012192 1.634493 1.792634 0.633540 1.656445 1.750281 0.679151 1.650278 1.737144 0.669920 1.628326 1.779496 0.624309 
1.489378 0.937649 0.728418 1.407555 1.047087 0.732697 1.331450 0.992986 0.536547 1.415135 0.883266 0.535005 1.290969 1.055472 0.217890 1.213844 1.160994 0.257973 1.193247 1.229329 0.056023 1.270825 1.123763 0.012648 1.645146 1.799024 0.639380 1.666525 1.755918 0.684555 1.660047 1.742971 0.675267 1.638668 1.786078 0.630092 
1.479840 0.961754 0.738467 1.398776 1.071835 0.737746 1.324972 1.011366 0.542579 1.407859 0.901087 0.546072 1.289344 1.062950 0.220894 1.212445 1.170353 0.256121 1.195354 1.231747 0.051631 1.272755 1.124182 0.013122 1.655964 1.805619 0.644956 1.676765 1.761809 0.689721 1.669980 1.749052 0.680390 1.649179 1.792863 0.635624 
1.469702 0.987600 0.747692 1.389631 1.098255 0.741853 1.318001 1.031376 0.547971 1.399854 0.920608 0.556613 1.287905 1.070875 0.223697 1.211214 1.179978 0.253777 1.197779 1.234014 0.046950 1.275023 1.124627 0.013605 1.666872 1.812617 0.649996 1.687109 1.768196 0.694418 1.680028 1.755618 0.685066 1.659791 1.800038 0.640644 
1.460098 1.012533 0.754581 1.381700 1.124107 0.744839 1.310865 1.052744 0.552268 1.391017 0.941112 0.564832 1.288308 1.077324 0.225670 1.211131 1.187150 0.251588 1.200461 1.235257 0.043142 1.278235 1.125054 0.013977 1.677140 1.819993 0.654632 1.697232 1.775322 0.698868 1.689899 1.762834 0.689588 1.669808 1.807505 0.645351 
1.452183 1.032922 0.758620 1.375112 1.145109 0.745811 1.304946 1.070290 0.554310 1.383750 0.958088 0.569955 1.288078 1.082568 0.227070 1.210623 1.192888 0.249876 1.201449 1.236156 0.040301 1.279525 1.125385 0.014262 1.684644 1.829497 0.657913 1.704928 1.784935 0.702171 1.697374 1.772451 0.693064 1.677090 1.817013 0.648806 
1.446532 1.047147 0.760474 1.369942 1.159363 0.745259 1.300832 1.081587 0.554554 1.379135 0.969398 0.572616 1.286855 1.087059 0.228152 1.209336 1.197839 0.248362 1.201299 1.236963 0.037928 1.279456 1.125669 0.014498 1.687132 1.841608 0.656946 1.707564 1.797493 0.701582 1.699834 1.784943 0.692716 1.679403 1.829058 0.648080 
1.443219 1.056986 0.761807 1.366565 1.168902 0.744810 1.298467 1.088636 0.554774 1.376820 0.976785 0.574626 1.286145 1.090079 0.228822 1.208331 1.200967 0.247230 1.201210 1.237343 0.036271 1.279678 1.125901 0.014653 1.683894 1.853757 0.648604 1.704205 1.810411 0.694041 1.696459 1.797719 0.685396 1.676147 1.841065 0.639959 
1.441835 1.064309 0.763220 1.364800 1.175758 0.744931 1.297405 1.093319 0.555576 1.376134 0.981970 0.576722 1.285522 1.092274 0.229283 1.207443 1.203182 0.246395 1.200909 1.237539 0.035078 1.279654 1.126046 0.014763 1.676664 1.864158 0.634788 1.696744 1.821857 0.681300 1.689144 1.808951 0.672844 1.669064 1.851252 0.626331 
1.441407 1.070921 0.765089 1.363748 1.181719 0.745521 1.297097 1.096889 0.556960 1.376444 0.986232 0.579387 1.284947 1.094362 0.229709 1.206552 1.205242 0.245510 1.200782 1.237676 0.033867 1.279857 1.126185 0.014872 1.667440 1.873022 0.617678 1.687131 1.831861 0.665365 1.679762 1.818721 0.657066 1.660071 1.859882 0.609379 
1.440898 1.078556 0.767371 1.362661 1.188670 0.746308 1.296759 1.101125 0.558728 1.376679 0.991196 0.582650 1.284136 1.096695 0.230160 1.205573 1.207654 0.244501 1.200675 1.237934 0.032518 1.279931 1.126331 0.014991 1.657995 1.880786 0.599403 1.677246 1.840813 0.648266 1.670139 1.827434 0.640121 1.650889 1.867407 0.591258 
1.439612 1.088076 0.769771 1.360955 1.197527 0.746891 1.295924 1.106949 0.560450 1.376257 0.997733 0.586189 1.283237 1.099449 0.230656 1.204565 1.210537 0.243302 1.200632 1.238267 0.030950 1.280012 1.126498 0.015129 1.649857 1.888459 0.582212 1.668800 1.849740 0.632192 1.661932 1.836120 0.624244 1.642990 1.874839 0.574264 
1.437298 1.099952 0.772189 1.358392 1.208743 0.747127 1.294367 1.114767 0.562025 1.374937 1.006264 0.589949 1.282152 1.102870 0.231215 1.203401 1.214118 0.241808 1.200552 1.238691 0.029050 1.280027 1.126715 0.015297 1.643702 1.897476 0.567299 1.662503 1.860038 0.618298 1.655796 1.846192 0.610606 1.636995 1.883631 0.559607 
1.433717 1.114419 0.774341 1.354718 1.222515 0.746695 1.291883 1.124726 0.563167 1.372529 1.016979 0.593678 1.280916 1.107124 0.231837 1.202092 1.218534 0.239850 1.200627 1.239154 0.026659 1.280197 1.126957 0.015505 1.639228 1.908654 0.553234 1.657841 1.872443 0.605180 1.651217 1.858406 0.597769 1.632604 1.894617 0.545823 
1.428256 1.131535 0.776113 1.349445 1.238957 0.745467 1.288183 1.137164 0.563591 1.368617 1.030155 0.597108 1.279305 1.112249 0.232467 1.200436 1.223809 0.237346 1.200771 1.239704 0.023746 1.280412 1.127288 0.015749 1.635658 1.921290 0.538425 1.653941 1.886302 0.591318 1.647360 1.872096 0.584195 1.629077 1.907084 0.531303 
1.420995 1.150060 0.779863 1.342894 1.257130 0.746305 1.282709 1.151776 0.566106 1.362411 1.045171 0.602537 1.278313 1.116621 0.232898 1.199071 1.228009 0.234695 1.202038 1.239894 0.020855 1.282092 1.127594 0.015967 1.635964 1.932218 0.527761 1.654394 1.898410 0.581365 1.647835 1.884041 0.574557 1.629405 1.917848 0.520953 
1.416642 1.169068 0.784771 1.339140 1.275637 0.748353 1.279475 1.166401 0.570305 1.358566 1.060358 0.609594 1.279051 1.120173 0.233461 1.199246 1.231170 0.232573 1.204940 1.239898 0.018636 1.285602 1.127948 0.016458 1.638760 1.942824 0.524520 1.658116 1.910302 0.578591 1.651492 1.895764 0.572218 1.632137 1.928286 0.518147 
1.416133 1.185760 0.790770 1.338765 1.291598 0.752011 1.279139 1.178628 0.576294 1.358093 1.073375 0.617915 1.281408 1.122764 0.234063 1.200809 1.233142 0.230858 1.209623 1.239750 0.016951 1.291132 1.128393 0.017113 1.642681 1.954200 0.523139 1.662952 1.922795 0.577534 1.656207 1.908135 0.571583 1.635936 1.939539 0.517188 
1.418935 1.199177 0.797362 1.341239 1.304136 0.756904 1.281283 1.187830 0.583491 1.360573 1.083513 0.626794 1.284342 1.125088 0.235255 1.202857 1.234745 0.230209 1.214648 1.240092 0.016410 1.297095 1.129446 0.018433 1.646011 1.965450 0.520888 1.666806 1.934836 0.575535 1.659935 1.920109 0.569900 1.639140 1.950723 0.515253 
1.422689 1.210347 0.803771 1.344500 1.314409 0.761969 1.284122 1.195135 0.590732 1.363916 1.091766 0.635360 1.286525 1.127353 0.236338 1.204770 1.236735 0.229900 1.219312 1.241469 0.016255 1.302071 1.131091 0.019686 1.647918 1.974892 0.517160 1.668942 1.944903 0.572066 1.661986 1.930130 0.566661 1.640962 1.960119 0.511754 
1.426201 1.219280 0.809133 1.347556 1.322592 0.766338 1.286759 1.200969 0.596912 1.367019 1.098390 0.642517 1.287894 1.129883 0.237107 1.206120 1.239186 0.229646 1.222929 1.243634 0.016162 1.305740 1.133333 0.020628 1.648752 1.981557 0.512562 1.669985 1.952240 0.567750 1.663009 1.937402 0.562551 1.641777 1.966719 0.507363 
1.428602 1.226510 0.813042 1.349653 1.329246 0.769428 1.288640 1.205831 0.601380 1.369210 1.103859 0.647793 1.288214 1.132570 0.238945 1.206600 1.241929 0.230603 1.224636 1.245554 0.017204 1.307303 1.135183 0.022560 1.649261 1.986248 0.508407 1.670682 1.957519 0.563831 1.663716 1.942620 0.558800 1.642295 1.971348 0.503376 
1.430143 1.232485 0.815905 1.351064 1.334843 0.771642 1.289828 1.210113 0.604650 1.370532 1.108542 0.651703 1.288571 1.134367 0.242495 1.206969 1.243679 0.233451 1.224861 1.245823 0.020020 1.307514 1.135480 0.026084 1.649836 1.989878 0.505068 1.671383 1.961601 0.560675 1.664420 1.946657 0.555774 1.642872 1.974933 0.500167 
1.431230 1.237155 0.818032 1.352091 1.339259 0.773290 1.290633 1.213578 0.607095 1.371401 1.112276 0.654620 1.288882 1.135762 0.245528 1.207266 1.245021 0.235971 1.224836 1.245921 0.022503 1.307498 1.135613 0.029086 1.650462 1.992686 0.502547 1.672086 1.964734 0.558288 1.665119 1.949761 0.553482 1.643495 1.977713 0.497741 
1.431963 1.240327 0.819453 1.352785 1.342257 0.774387 1.291178 1.215934 0.608735 1.371988 1.114817 0.656579 1.289093 1.136723 0.247593 1.207469 1.245944 0.237687 1.224812 1.245994 0.024199 1.307479 1.135712 0.031133 1.650913 1.994630 0.500850 1.672587 1.966894 0.556679 1.665615 1.951902 0.551938 1.643941 1.979638 0.496108 
1.432351 1.242037 0.820206 1.353151 1.343873 0.774965 1.291466 1.217205 0.609606 1.372299 1.116188 0.657623 1.289205 1.137239 0.248639 1.207577 1.246439 0.238544 1.224822 1.246046 0.025049 1.307492 1.135778 0.032173 1.651151 1.995674 0.499927 1.672851 1.968054 0.555804 1.665877 1.953052 0.551097 1.644177 1.980672 0.495220 
1.432390 1.242290 0.820302 1.353189 1.344113 0.775035 1.291498 1.217397 0.609714 1.372332 1.116394 0.657757 1.289209 1.137327 0.248772 1.207582 1.246526 0.238647 1.224823 1.246072 0.025152 1.307491 1.135805 0.032306 1.651185 1.995827 0.499790 1.672888 1.968223 0.555674 1.665914 1.953220 0.550971 1.644211 1.980824 0.495087 
1.432085 1.241077 0.819745 1.352900 1.342967 0.774599 1.291277 1.216498 0.609064 1.372094 1.115424 0.656988 1.289112 1.136963 0.248006 1.207490 1.246177 0.238012 1.224816 1.246043 0.024523 1.307481 1.135764 0.031546 1.651003 1.995090 0.500427 1.672686 1.967404 0.556278 1.665714 1.952408 0.551551 1.644031 1.980094 0.495700 
1.431432 1.238393 0.818522 1.352282 1.340429 0.773647 1.290801 1.214507 0.607643 1.371580 1.113277 0.655300 1.288911 1.136156 0.246336 1.207297 1.245404 0.236636 1.224796 1.245970 0.023162 1.307455 1.135669 0.029888 1.650609 1.993451 0.501847 1.672248 1.965583 0.557624 1.665279 1.950602 0.552842 1.643640 1.978471 0.497065 
1.430425 1.234211 0.816602 1.351330 1.336475 0.772151 1.290063 1.211407 0.605424 1.370785 1.109935 0.652662 1.288604 1.134908 0.243760 1.207003 1.244204 0.234518 1.224757 1.245857 0.021070 1.307407 1.135522 0.027335 1.649995 1.990883 0.504057 1.671566 1.962729 0.559718 1.664603 1.947773 0.554851 1.643033 1.975927 0.499191 
1.429058 1.228498 0.813938 1.350036 1.331071 0.770073 1.289059 1.207178 0.602364 1.369703 1.105378 0.649026 1.288193 1.133218 0.240237 1.206608 1.242577 0.231625 1.224702 1.245714 0.018223 1.307341 1.135336 0.023852 1.649153 1.987344 0.507069 1.670631 1.958800 0.562566 1.663677 1.943879 0.557583 1.642198 1.972423 0.502086 
1.427365 1.221260 0.810523 1.348432 1.324218 0.767408 1.287830 1.201832 0.598462 1.368379 1.099621 0.644384 1.287759 1.131183 0.237168 1.206207 1.240630 0.229398 1.224252 1.245364 0.016021 1.306856 1.134921 0.020800 1.648082 1.982803 0.510846 1.669441 1.953758 0.566129 1.662496 1.938883 0.560996 1.641138 1.967928 0.505713 
1.425669 1.213378 0.806810 1.346834 1.316763 0.764545 1.286610 1.196067 0.594253 1.367054 1.093401 0.639337 1.287037 1.129062 0.236334 1.205508 1.238591 0.229532 1.222639 1.244523 0.016110 1.305207 1.134014 0.019910 1.646899 1.977573 0.514838 1.668094 1.947955 0.569879 1.661164 1.933134 0.564572 1.639969 1.962752 0.509531 
1.424345 1.205580 0.803265 1.345595 1.309391 0.761893 1.285726 1.190437 0.590256 1.366079 1.087317 0.634456 1.286262 1.127396 0.235452 1.204842 1.237064 0.229657 1.221064 1.244253 0.016202 1.303509 1.133622 0.018986 1.645838 1.972086 0.518531 1.666815 1.941875 0.573333 1.659904 1.927114 0.567841 1.638927 1.957324 0.513038 
1.423763 1.198542 0.800502 1.345078 1.302768 0.760062 1.285283 1.185466 0.587265 1.365570 1.081904 0.630541 1.285609 1.125813 0.234578 1.204258 1.235579 0.229770 1.219618 1.244031 0.016298 1.301981 1.133319 0.018085 1.645058 1.967023 0.521793 1.665746 1.936197 0.576362 1.658845 1.921504 0.570678 1.638157 1.952329 0.516109 
1.423643 1.192475 0.798465 1.344972 1.297055 0.758923 1.285028 1.181186 0.585214 1.365303 1.077245 0.627596 1.284992 1.124440 0.233945 1.203678 1.234268 0.229999 1.218310 1.243847 0.016523 1.300625 1.133089 0.017439 1.644512 1.962901 0.525029 1.664981 1.931526 0.579366 1.658076 1.916897 0.573521 1.637607 1.948273 0.519183 
1.423433 1.187481 0.796927 1.344774 1.292379 0.758208 1.284613 1.177785 0.583730 1.364878 1.073505 0.625292 1.284169 1.123410 0.233516 1.202895 1.233290 0.230240 1.216973 1.243750 0.016768 1.299239 1.132952 0.017008 1.643800 1.959887 0.527851 1.664140 1.928102 0.581999 1.657224 1.913525 0.576040 1.636884 1.945310 0.521892 
1.423309 1.184317 0.796013 1.344668 1.289444 0.757884 1.284294 1.175744 0.582896 1.364544 1.071220 0.623869 1.283523 1.122898 0.233417 1.202281 1.232812 0.230473 1.216043 1.243675 0.017001 1.298272 1.132849 0.016906 1.643245 1.957854 0.529419 1.663443 1.925774 0.583446 1.656520 1.911235 0.577401 1.636323 1.943315 0.523374 
1.423067 1.183117 0.795533 1.344466 1.288349 0.757614 1.284022 1.175008 0.582417 1.364233 1.070373 0.623181 1.283052 1.122704 0.233390 1.201846 1.232648 0.230594 1.215359 1.243607 0.017111 1.297549 1.132752 0.016866 1.643119 1.956760 0.530141 1.663200 1.924501 0.584104 1.656274 1.909986 0.578005 1.636193 1.942246 0.524042 
1.422917 1.183211 0.795475 1.344350 1.288468 0.757557 1.283894 1.175159 0.582344 1.364071 1.070498 0.623108 1.282902 1.122782 0.233409 1.201727 1.232747 0.230567 1.215228 1.243603 0.017078 1.297386 1.132724 0.016880 1.643296 1.956618 0.530376 1.663353 1.924302 0.584316 1.656422 1.909796 0.578202 1.636366 1.942111 0.524263 
1.423051 1.183969 0.795837 1.344477 1.289191 0.757831 1.283993 1.175714 0.582735 1.364177 1.071092 0.623586 1.282864 1.122957 0.233442 1.201690 1.232919 0.230505 1.215225 1.243615 0.017010 1.297383 1.132737 0.016908 1.643386 1.957123 0.529964 1.663452 1.924859 0.583931 1.656520 1.910347 0.577832 1.636454 1.942611 0.523866 
1.423299 1.185338 0.796491 1.344711 1.290492 0.758327 1.284176 1.176712 0.583446 1.364374 1.072162 0.624453 1.282797 1.123271 0.233503 1.201624 1.233230 0.230394 1.215220 1.243638 0.016889 1.297378 1.132760 0.016960 1.643534 1.958040 0.529201 1.663618 1.925871 0.583218 1.656685 1.911349 0.577147 1.636601 1.943517 0.523130 
1.423623 1.186730 0.797195 1.345006 1.291802 0.758866 1.284426 1.177692 0.584215 1.364655 1.073230 0.625386 1.282757 1.123558 0.233558 1.201577 1.233508 0.230299 1.215213 1.243655 0.016784 1.297377 1.132782 0.017006 1.643606 1.959018 0.528295 1.663724 1.926973 0.582372 1.656793 1.912435 0.576336 1.636675 1.944480 0.522258 
1.424041 1.187640 0.797777 1.345367 1.292627 0.759332 1.284763 1.178249 0.584866 1.365049 1.073876 0.626151 1.282768 1.123708 0.233586 1.201577 1.233648 0.230255 1.215216 1.243659 0.016733 1.297392 1.132794 0.017028 1.643457 1.959753 0.527404 1.663635 1.927848 0.581542 1.656712 1.913290 0.575543 1.636535 1.945195 0.521405 
1.424515 1.187893 0.798150 1.345760 1.292803 0.759660 1.285158 1.178260 0.585302 1.365526 1.073968 0.626630 1.282837 1.123695 0.233585 1.201636 1.233627 0.230262 1.215253 1.243640 0.016739 1.297440 1.132783 0.017025 1.643078 1.960119 0.526646 1.663339 1.928356 0.580837 1.656433 1.913776 0.574873 1.636172 1.945538 0.520683 
1.424897 1.187596 0.798269 1.346051 1.292438 0.759783 1.285517 1.177834 0.585441 1.365976 1.073610 0.626765 1.282900 1.123587 0.233564 1.201700 1.233523 0.230307 1.215269 1.243627 0.016785 1.297452 1.132768 0.017005 1.642585 1.960202 0.526054 1.662936 1.928568 0.580286 1.656049 1.913966 0.574353 1.635698 1.945600 0.520121 
1.425197 1.187250 0.798326 1.346275 1.292040 0.759854 1.285810 1.177407 0.585507 1.366345 1.073236 0.626818 1.282943 1.123492 0.233545 1.201750 1.233434 0.230349 1.215277 1.243624 0.016829 1.297453 1.132760 0.016987 1.642165 1.960210 0.525614 1.662590 1.928674 0.579876 1.655719 1.914056 0.573966 1.635294 1.945591 0.519704 
1.425378 1.187043 0.798361 1.346410 1.291801 0.759896 1.285988 1.177151 0.585546 1.366569 1.073012 0.626849 1.282970 1.123434 0.233533 1.201781 1.233381 0.230374 1.215282 1.243623 0.016854 1.297454 1.132755 0.016976 1.641912 1.960215 0.525349 1.662382 1.928738 0.579627 1.655520 1.914109 0.573731 1.635050 1.945587 0.519453 
1.425417 1.186992 0.798369 1.346437 1.291742 0.759905 1.286036 1.177088 0.585549 1.366629 1.072959 0.626852 1.282976 1.123421 0.233530 1.201788 1.233369 0.230379 1.215283 1.243622 0.016860 1.297454 1.132753 0.016973 1.641847 1.960219 0.525284 1.662330 1.928751 0.579563 1.655471 1.914121 0.573670 1.634988 1.945588 0.519391 
1.425409 1.186993 0.798368 1.346429 1.291742 0.759902 1.286037 1.177091 0.585541 1.366631 1.072963 0.626845 1.282976 1.123423 0.233530 1.201788 1.233371 0.230378 1.215283 1.243622 0.016859 1.297454 1.132754 0.016973 1.641853 1.960216 0.525301 1.662338 1.928739 0.579574 1.655478 1.914110 0.573679 1.634993 1.945587 0.519406 
1.425400 1.186993 0.798366 1.346419 1.291741 0.759899 1.286040 1.177093 0.585532 1.366633 1.072966 0.626838 1.282975 1.123425 0.233530 1.201787 1.233372 0.230378 1.215283 1.243623 0.016858 1.297454 1.132754 0.016973 1.641859 1.960214 0.525316 1.662345 1.928728 0.579584 1.655484 1.914100 0.573687 1.634998 1.945585 0.519419 
1.425392 1.186992 0.798365 1.346411 1.291739 0.759897 1.286042 1.177095 0.585524 1.366635 1.072968 0.626831 1.282975 1.123426 0.233530 1.201787 1.233373 0.230377 1.215283 1.243623 0.016857 1.297454 1.132754 0.016973 1.641864 1.960211 0.525331 1.662351 1.928718 0.579594 1.655490 1.914090 0.573695 1.635002 1.945584 0.519432 
1.425383 1.186991 0.798363 1.346402 1.291738 0.759894 1.286044 1.177096 0.585515 1.366638 1.072970 0.626823 1.282975 1.123428 0.233530 1.201787 1.233375 0.230376 1.215283 1.243623 0.016857 1.297454 1.132754 0.016973 1.641868 1.960209 0.525344 1.662357 1.928708 0.579602 1.655495 1.914082 0.573702 1.635006 1.945582 0.519444 
1.425375 1.186990 0.798362 1.346394 1.291736 0.759891 1.286046 1.177098 0.585507 1.366640 1.072972 0.626817 1.282975 1.123429 0.233530 1.201787 1.233376 0.230375 1.215283 1.243623 0.016856 1.297454 1.132754 0.016973 1.641873 1.960207 0.525357 1.662363 1.928699 0.579610 1.655500 1.914074 0.573708 1.635010 1.945581 0.519455 
1.425367 1.186988 0.798360 1.346385 1.291733 0.759889 1.286048 1.177098 0.585498 1.366642 1.072973 0.626809 1.282975 1.123430 0.233530 1.201787 1.233377 0.230375 1.215283 1.243623 0.016855 1.297454 1.132754 0.016973 1.641877 1.960204 0.525369 1.662368 1.928690 0.579618 1.655505 1.914065 0.573715 1.635013 1.945580 0.519466 
1.425359 1.186985 0.798359 1.346377 1.291730 0.759887 1.286051 1.177099 0.585490 1.366645 1.072974 0.626802 1.282974 1.123431 0.233530 1.201787 1.233378 0.230374 1.215283 1.243623 0.016855 1.297454 1.132754 0.016973 1.641881 1.960202 0.525382 1.662373 1.928681 0.579627 1.655510 1.914057 0.573722 1.635017 1.945578 0.519477 
1.425351 1.186983 0.798358 1.346369 1.291727 0.759884 1.286053 1.177099 0.585482 1.366647 1.072975 0.626795 1.282974 1.123432 0.233530 1.201786 1.233379 0.230374 1.215283 1.243623 0.016854 1.297454 1.132754 0.016973 1.641885 1.960199 0.525394 1.662379 1.928672 0.579635 1.655514 1.914049 0.573729 1.635020 1.945576 0.519488 
1.425344 1.186980 0.798356 1.346361 1.291724 0.759882 1.286055 1.177099 0.585474 1.366650 1.072976 0.626788 1.282974 1.123432 0.233530 1.201786 1.233379 0.230373 1.215283 1.243623 0.016854 1.297455 1.132754 0.016973 1.641888 1.960197 0.525407 1.662384 1.928663 0.579643 1.655519 1.914041 0.573735 1.635024 1.945574 0.519499 
1.425336 1.186977 0.798355 1.346353 1.291720 0.759880 1.286058 1.177099 0.585466 1.366653 1.072976 0.626781 1.282974 1.123433 0.233530 1.201786 1.233380 0.230373 1.215283 1.243623 0.016853 1.297455 1.132754 0.016973 1.641892 1.960194 0.525419 1.662389 1.928654 0.579651 1.655523 1.914032 0.573742 1.635027 1.945572 0.519510 
1.425330 1.186973 0.798354 1.346346 1.291716 0.759878 1.286061 1.177098 0.585459 1.366656 1.072975 0.626774 1.282974 1.123433 0.233530 1.201786 1.233380 0.230373 1.215283 1.243623 0.016853 1.297455 1.132754 0.016973 1.641896 1.960191 0.525432 1.662394 1.928644 0.579660 1.655528 1.914024 0.573750 1.635030 1.945570 0.519522 
1.425322 1.186969 0.798353 1.346338 1.291711 0.759877 1.286064 1.177097 0.585451 1.366659 1.072975 0.626767 1.282975 1.123433 0.233530 1.201786 1.233380 0.230373 1.215283 1.243623 0.016853 1.297455 1.132754 0.016973 1.641900 1.960187 0.525444 1.662399 1.928635 0.579668 1.655532 1.914015 0.573757 1.635033 1.945567 0.519533 
1.425316 1.186965 0.798351 1.346331 1.291707 0.759875 1.286066 1.177096 0.585443 1.366662 1.072974 0.626760 1.282975 1.123434 0.233530 1.201786 1.233381 0.230373 1.215283 1.243623 0.016853 1.297455 1.132754 0.016973 1.641904 1.960184 0.525458 1.662404 1.928626 0.579679 1.655537 1.914007 0.573766 1.635037 1.945565 0.519546 
1.425309 1.186961 0.798350 1.346324 1.291702 0.759873 1.286069 1.177095 0.585436 1.366665 1.072974 0.626753 1.282975 1.123434 0.233530 1.201786 1.233381 0.230372 1.215283 1.243623 0.016853 1.297455 1.132754 0.016973 1.641913 1.960180 0.525489 1.662417 1.928618 0.579705 1.655550 1.913999 0.573792 1.635045 1.945561 0.519576 
1.425302 1.186957 0.798349 1.346317 1.291698 0.759871 1.286071 1.177095 0.585428 1.366667 1.072974 0.626746 1.282979 1.123432 0.233531 1.201790 1.233378 0.230370 1.215290 1.243617 0.016851 1.297462 1.132749 0.016973 1.641926 1.960176 0.525533 1.662436 1.928610 0.579745 1.655567 1.913992 0.573831 1.635057 1.945558 0.519619 
1.425295 1.186952 0.798348 1.346309 1.291693 0.759869 1.286074 1.177093 0.585420 1.366671 1.072973 0.626739 1.282979 1.123432 0.233531 1.201790 1.233378 0.230370 1.215290 1.243617 0.016851 1.297462 1.132749 0.016973 1.641939 1.960172 0.525578 1.662455 1.928602 0.579786 1.655586 1.913984 0.573872 1.635070 1.945553 0.519665 
1.425287 1.186947 0.798345 1.346301 1.291686 0.759866 1.286078 1.177091 0.585410 1.366674 1.072971 0.626730 1.282979 1.123432 0.233531 1.201790 1.233378 0.230370 1.215290 1.243617 0.016850 1.297462 1.132749 0.016973 1.641951 1.960167 0.525620 1.662473 1.928595 0.579824 1.655603 1.913977 0.573910 1.635081 1.945550 0.519706 
1.425279 1.186941 0.798342 1.346292 1.291680 0.759862 1.286081 1.177089 0.585399 1.366678 1.072970 0.626720 1.282979 1.123432 0.233531 1.201790 1.233379 0.230370 1.215290 1.243617 0.016850 1.297462 1.132749 0.016973 1.641962 1.960163 0.525661 1.662490 1.928587 0.579860 1.655619 1.913970 0.573946 1.635092 1.945546 0.519747 
1.425270 1.186934 0.798337 1.346283 1.291672 0.759856 1.286085 1.177086 0.585386 1.366682 1.072967 0.626707 1.282979 1.123432 0.233531 1.201790 1.233379 0.230370 1.215290 1.243617 0.016850 1.297462 1.132749 0.016973 1.641973 1.960159 0.525699 1.662506 1.928580 0.579895 1.655635 1.913963 0.573981 1.635102 1.945542 0.519785 
1.425261 1.186923 0.798327 1.346273 1.291661 0.759845 1.286090 1.177080 0.585366 1.366688 1.072962 0.626688 1.282979 1.123432 0.233531 1.201790 1.233378 0.230370 1.215290 1.243617 0.016850 1.297462 1.132749 0.016973 1.641985 1.960155 0.525739 1.662523 1.928573 0.579931 1.655651 1.913956 0.574017 1.635113 1.945538 0.519825 
1.425252 1.186912 0.798315 1.346264 1.291648 0.759833 1.286096 1.177074 0.585344 1.366694 1.072957 0.626667 1.282979 1.123432 0.233530 1.201790 1.233378 0.230370 1.215290 1.243617 0.016850 1.297462 1.132749 0.016973 1.641996 1.960151 0.525778 1.662539 1.928566 0.579967 1.655667 1.913949 0.574052 1.635124 1.945535 0.519864 
1.425242 1.186900 0.798304 1.346253 1.291636 0.759821 1.286101 1.177068 0.585323 1.366700 1.072951 0.626647 1.282979 1.123432 0.233530 1.201790 1.233378 0.230370 1.215290 1.243617 0.016850 1.297462 1.132749 0.016973 1.642007 1.960147 0.525818 1.662556 1.928558 0.580002 1.655683 1.913942 0.574087 1.635134 1.945531 0.519903 
1.425234 1.186889 0.798292 1.346245 1.291624 0.759808 1.286108 1.177062 0.585301 1.366706 1.072945 0.626626 1.282984 1.123429 0.233531 1.201794 1.233375 0.230368 1.215297 1.243611 0.016848 1.297470 1.132744 0.016974 1.642019 1.960142 0.525856 1.662572 1.928551 0.580037 1.655699 1.913935 0.574122 1.635145 1.945526 0.519942 
1.425225 1.186877 0.798280 1.346235 1.291612 0.759796 1.286114 1.177055 0.585280 1.366712 1.072940 0.626605 1.282984 1.123429 0.233531 1.201794 1.233374 0.230368 1.215297 1.243611 0.016848 1.297470 1.132744 0.016973 1.642029 1.960138 0.525895 1.662589 1.928544 0.580072 1.655714 1.913929 0.574158 1.635155 1.945523 0.519980 
1.425219 1.186867 0.798270 1.346228 1.291601 0.759785 1.286120 1.177050 0.585261 1.366719 1.072935 0.626586 1.282989 1.123426 0.233531 1.201798 1.233371 0.230366 1.215304 1.243605 0.016847 1.297478 1.132739 0.016974 1.642041 1.960133 0.525934 1.662605 1.928537 0.580107 1.655731 1.913922 0.574193 1.635166 1.945518 0.520019 
1.425212 1.186858 0.798261 1.346221 1.291592 0.759776 1.286127 1.177047 0.585243 1.366727 1.072932 0.626570 1.282990 1.123426 0.233531 1.201798 1.233371 0.230366 1.215304 1.243605 0.016847 1.297478 1.132739 0.016974 1.642051 1.960129 0.525972 1.662621 1.928530 0.580142 1.655746 1.913915 0.574227 1.635176 1.945514 0.520057 
1.425212 1.186856 0.798257 1.346220 1.291589 0.759771 1.286138 1.177048 0.585231 1.366738 1.072934 0.626558 1.282995 1.123424 0.233532 1.201802 1.233367 0.230364 1.215311 1.243599 0.016845 1.297486 1.132734 0.016975 1.642062 1.960125 0.526009 1.662637 1.928524 0.580175 1.655761 1.913909 0.574261 1.635186 1.945511 0.520094 
1.425213 1.186856 0.798257 1.346221 1.291589 0.759771 1.286147 1.177051 0.585226 1.366747 1.072937 0.626554 1.282995 1.123423 0.233532 1.201802 1.233367 0.230364 1.215311 1.243599 0.016845 1.297486 1.132734 0.016975 1.642073 1.960121 0.526046 1.662653 1.928517 0.580209 1.655776 1.913903 0.574295 1.635196 1.945507 0.520132 
1.425217 1.186855 0.798256 1.346225 1.291587 0.759770 1.286160 1.177054 0.585219 1.366760 1.072940 0.626547 1.283000 1.123421 0.233532 1.201807 1.233363 0.230363 1.215318 1.243594 0.016843 1.297495 1.132729 0.016975 1.642083 1.960117 0.526084 1.662669 1.928511 0.580244 1.655792 1.913897 0.574329 1.635206 1.945503 0.520170 
1.425216 1.186853 0.798254 1.346223 1.291585 0.759767 1.286167 1.177055 0.585211 1.366768 1.072942 0.626539 1.283000 1.123420 0.233532 1.201807 1.233363 0.230363 1.215318 1.243594 0.016843 1.297495 1.132729 0.016975 1.642093 1.960113 0.526121 1.662684 1.928505 0.580277 1.655807 1.913891 0.574363 1.635216 1.945500 0.520206 
1.425218 1.186847 0.798246 1.346225 1.291578 0.759760 1.286180 1.177054 0.585196 1.366781 1.072941 0.626525 1.283010 1.123415 0.233533 1.201815 1.233356 0.230359 1.215332 1.243582 0.016840 1.297511 1.132719 0.016976 1.642105 1.960108 0.526165 1.662704 1.928498 0.580318 1.655826 1.913885 0.574404 1.635227 1.945494 0.520251 
1.425214 1.186841 0.798241 1.346220 1.291572 0.759755 1.286187 1.177052 0.585184 1.366788 1.072940 0.626513 1.283011 1.123415 0.233533 1.201815 1.233356 0.230359 1.215332 1.243582 0.016840 1.297511 1.132719 0.016976 1.642114 1.960105 0.526195 1.662716 1.928493 0.580345 1.655838 1.913880 0.574431 1.635235 1.945492 0.520281 
1.425217 1.186835 0.798235 1.346223 1.291566 0.759749 1.286201 1.177050 0.585171 1.366803 1.072939 0.626500 1.283021 1.123409 0.233534 1.201824 1.233349 0.230356 1.215346 1.243571 0.016837 1.297527 1.132709 0.016978 1.642123 1.960100 0.526233 1.662733 1.928487 0.580380 1.655854 1.913873 0.574466 1.635244 1.945487 0.520319 
1.425220 1.186829 0.798232 1.346224 1.291559 0.759745 1.286211 1.177048 0.585162 1.366814 1.072936 0.626491 1.283027 1.123405 0.233535 1.201829 1.233344 0.230355 1.215353 1.243565 0.016836 1.297535 1.132704 0.016978 1.642131 1.960096 0.526267 1.662747 1.928482 0.580411 1.655867 1.913869 0.574497 1.635252 1.945483 0.520354 
1.425226 1.186818 0.798227 1.346229 1.291547 0.759741 1.286228 1.177039 0.585151 1.366832 1.072929 0.626479 1.283038 1.123398 0.233535 1.201838 1.233336 0.230352 1.215367 1.243554 0.016833 1.297551 1.132695 0.016979 1.642136 1.960091 0.526304 1.662760 1.928479 0.580445 1.655881 1.913865 0.574533 1.635256 1.945478 0.520392 
1.425232 1.186807 0.798222 1.346233 1.291535 0.759736 1.286242 1.177031 0.585141 1.366848 1.072922 0.626469 1.283044 1.123394 0.233535 1.201843 1.233330 0.230351 1.215374 1.243548 0.016832 1.297559 1.132690 0.016979 1.642138 1.960088 0.526330 1.662769 1.928476 0.580469 1.655890 1.913862 0.574557 1.635258 1.945474 0.520419 
1.425256 1.186776 0.798218 1.346252 1.291502 0.759736 1.286271 1.177004 0.585132 1.366882 1.072897 0.626457 1.283062 1.123380 0.233536 1.201858 1.233315 0.230349 1.215395 1.243533 0.016830 1.297583 1.132676 0.016980 1.642126 1.960086 0.526355 1.662771 1.928480 0.580492 1.655892 1.913865 0.574583 1.635247 1.945471 0.520446 
1.425268 1.186754 0.798215 1.346260 1.291476 0.759734 1.286291 1.176982 0.585124 1.366906 1.072878 0.626448 1.283090 1.123362 0.233537 1.201881 1.233293 0.230342 1.215431 1.243506 0.016824 1.297624 1.132654 0.016982 1.642108 1.960089 0.526341 1.662759 1.928486 0.580478 1.655880 1.913871 0.574570 1.635229 1.945473 0.520433 
1.425287 1.186734 0.798218 1.346274 1.291452 0.759736 1.286320 1.176958 0.585121 1.366940 1.072859 0.626446 1.283099 1.123349 0.233534 1.201888 1.233278 0.230348 1.215431 1.243504 0.016831 1.297626 1.132653 0.016979 1.642083 1.960093 0.526318 1.662741 1.928496 0.580456 1.655863 1.913879 0.574550 1.635205 1.945476 0.520412 
1.425300 1.186726 0.798221 1.346283 1.291442 0.759739 1.286339 1.176949 0.585120 1.366962 1.072851 0.626444 1.283101 1.123344 0.233533 1.201890 1.233274 0.230350 1.215431 1.243504 0.016833 1.297626 1.132653 0.016978 1.642070 1.960093 0.526309 1.662732 1.928497 0.580446 1.655854 1.913880 0.574540 1.635193 1.945476 0.520403 
1.425306 1.186722 0.798222 1.346288 1.291436 0.759740 1.286353 1.176945 0.585116 1.366978 1.072849 0.626441 1.283103 1.123342 0.233533 1.201892 1.233271 0.230352 1.215431 1.243503 0.016834 1.297627 1.132652 0.016978 1.642069 1.960093 0.526325 1.662736 1.928497 0.580460 1.655858 1.913880 0.574555 1.635191 1.945475 0.520419 
1.425325 1.186703 0.798220 1.346304 1.291415 0.759740 1.286378 1.176929 0.585110 1.367006 1.072835 0.626433 1.283117 1.123331 0.233533 1.201904 1.233259 0.230351 1.215446 1.243492 0.016834 1.297644 1.132643 0.016978 1.642068 1.960090 0.526364 1.662747 1.928499 0.580497 1.655869 1.913881 0.574594 1.635190 1.945472 0.520461 
1.425358 1.186671 0.798221 1.346329 1.291378 0.759742 1.286418 1.176893 0.585106 1.367053 1.072804 0.626428 1.283148 1.123305 0.233531 1.201929 1.233228 0.230352 1.215474 1.243472 0.016836 1.297678 1.132627 0.016977 1.642043 1.960092 0.526368 1.662738 1.928512 0.580502 1.655861 1.913892 0.574601 1.635166 1.945472 0.520468 
1.425391 1.186639 0.798226 1.346354 1.291340 0.759747 1.286458 1.176853 0.585108 1.367102 1.072771 0.626429 1.283167 1.123283 0.233527 1.201944 1.233204 0.230360 1.215482 1.243464 0.016844 1.297689 1.132622 0.016973 1.642008 1.960097 0.526347 1.662716 1.928527 0.580482 1.655840 1.913905 0.574585 1.635133 1.945475 0.520450 
1.425425 1.186611 0.798232 1.346379 1.291305 0.759754 1.286497 1.176816 0.585111 1.367149 1.072740 0.626432 1.283190 1.123259 0.233525 1.201962 1.233177 0.230365 1.215497 1.243450 0.016849 1.297709 1.132612 0.016971 1.641973 1.960103 0.526324 1.662693 1.928543 0.580460 1.655819 1.913920 0.574566 1.635099 1.945479 0.520430 
1.425445 1.186590 0.798235 1.346393 1.291280 0.759757 1.286523 1.176792 0.585110 1.367180 1.072720 0.626431 1.283195 1.123251 0.233523 1.201967 1.233168 0.230369 1.215497 1.243450 0.016853 1.297709 1.132611 0.016969 1.641945 1.960105 0.526294 1.662671 1.928551 0.580431 1.655798 1.913927 0.574538 1.635072 1.945480 0.520401 
1.425464 1.186572 0.798239 1.346407 1.291259 0.759761 1.286549 1.176771 0.585109 1.367211 1.072703 0.626430 1.283204 1.123241 0.233522 1.201975 1.233157 0.230370 1.215505 1.243443 0.016855 1.297718 1.132606 0.016969 1.641924 1.960106 0.526280 1.662656 1.928557 0.580417 1.655783 1.913931 0.574525 1.635051 1.945481 0.520388 
1.425504 1.186542 0.798245 1.346440 1.291223 0.759769 1.286593 1.176735 0.585113 1.367262 1.072672 0.626433 1.283229 1.123218 0.233520 1.201995 1.233131 0.230371 1.215528 1.243425 0.016857 1.297746 1.132591 0.016968 1.641898 1.960105 0.526288 1.662646 1.928566 0.580425 1.655774 1.913939 0.574537 1.635026 1.945478 0.520400 
1.425539 1.186497 0.798245 1.346468 1.291176 0.759775 1.286631 1.176696 0.585111 1.367307 1.072636 0.626424 1.283254 1.123193 0.233517 1.202015 1.233102 0.230377 1.215543 1.243412 0.016863 1.297767 1.132582 0.016965 1.641856 1.960112 0.526253 1.662616 1.928584 0.580392 1.655746 1.913955 0.574507 1.634986 1.945483 0.520368 
1.425573 1.186465 0.798250 1.346494 1.291139 0.759781 1.286672 1.176660 0.585111 1.367356 1.072605 0.626423 1.283286 1.123164 0.233515 1.202039 1.233069 0.230378 1.215573 1.243389 0.016865 1.297803 1.132564 0.016964 1.641823 1.960116 0.526238 1.662595 1.928598 0.580378 1.655727 1.913967 0.574495 1.634955 1.945485 0.520355 
1.425609 1.186457 0.798269 1.346523 1.291125 0.759801 1.286705 1.176641 0.585133 1.367396 1.072591 0.626445 1.283306 1.123146 0.233512 1.202052 1.233045 0.230385 1.215579 1.243382 0.016872 1.297817 1.132563 0.016960 1.641789 1.960123 0.526198 1.662568 1.928614 0.580340 1.655701 1.913981 0.574459 1.634921 1.945491 0.520318 
1.425628 1.186443 0.798276 1.346540 1.291110 0.759809 1.286732 1.176630 0.585135 1.367426 1.072582 0.626445 1.283330 1.123126 0.233512 1.202071 1.233022 0.230381 1.215609 1.243359 0.016868 1.297852 1.132544 0.016961 1.641770 1.960123 0.526190 1.662556 1.928617 0.580331 1.655689 1.913984 0.574452 1.634903 1.945490 0.520311 
1.425674 1.186433 0.798299 1.346578 1.291094 0.759833 1.286778 1.176610 0.585159 1.367479 1.072568 0.626468 1.283376 1.123092 0.233510 1.202103 1.232977 0.230379 1.215650 1.243325 0.016868 1.297908 1.132520 0.016961 1.641733 1.960130 0.526165 1.662531 1.928634 0.580308 1.655666 1.913999 0.574431 1.634868 1.945495 0.520289 
