-0.922676 0.385570 -0.002371 -0.381546 -0.924349 -0.001150 0.387192 0.921998 0.001165 0.931044 -0.364899 0.002397 
-0.922676 0.385570 -0.002147 -0.381546 -0.924349 -0.001039 0.387192 0.921998 0.001052 0.931045 -0.364899 0.002170 
-0.922637 0.385668 -0.000214 -0.381646 -0.924306 0.001970 0.387292 0.921955 -0.001968 0.931008 -0.364999 0.000170 
-0.922696 0.385523 0.001921 -0.381493 -0.924365 0.003410 0.387139 0.922015 -0.003422 0.931064 -0.364852 -0.001997 
-0.922681 0.385556 0.002487 -0.381532 -0.924355 0.001166 0.387178 0.922004 -0.001181 0.931049 -0.364884 -0.002512 
-0.922562 0.385840 0.002627 -0.381819 -0.924237 0.000093 0.387465 0.921884 -0.000109 0.930937 -0.365171 -0.002628 
-0.922562 0.385842 0.002356 -0.381821 -0.924236 0.000194 0.387467 0.921884 -0.000209 0.930936 -0.365174 -0.002360 
-0.922503 0.385989 0.001312 -0.381967 -0.924176 0.000475 0.387613 0.921822 -0.000483 0.930880 -0.365321 -0.001322 
-0.922503 0.385989 0.001161 -0.381967 -0.924176 0.000433 0.387612 0.921822 -0.000440 0.930881 -0.365321 -0.001170 
-0.922469 0.386070 0.000572 -0.382049 -0.924142 -0.000516 0.387694 0.921788 0.000513 0.930849 -0.365404 -0.000560 
-0.922558 0.385858 0.000414 -0.381834 -0.924228 0.002044 0.387480 0.921876 -0.002046 0.930933 -0.365189 -0.000460 
-0.922559 0.385857 0.000326 -0.381834 -0.924229 0.001870 0.387480 0.921876 -0.001872 0.930934 -0.365188 -0.000368 
-0.922547 0.385883 -0.000809 -0.381863 -0.924215 0.002769 0.387508 0.921862 -0.002764 0.930923 -0.365216 0.000747 
-0.922599 0.385761 0.000224 -0.381735 -0.924262 0.004120 0.387381 0.921910 -0.004122 0.930971 -0.365092 -0.000316 
-0.922523 0.385941 0.000190 -0.381919 -0.924195 -0.001294 0.387565 0.921842 0.001293 0.930900 -0.365273 -0.000161 
-0.922522 0.385945 -0.000453 -0.381924 -0.924194 0.000798 0.387569 0.921840 -0.000795 0.930899 -0.365277 0.000435 
-0.922569 0.385820 0.003046 -0.381803 -0.924243 -0.001055 0.387448 0.921891 0.001036 0.930943 -0.365151 -0.003022 
-0.922570 0.385821 0.002756 -0.381803 -0.924243 -0.000942 0.387448 0.921891 0.000925 0.930944 -0.365152 -0.002734 
-0.921756 0.387771 -0.000171 -0.383753 -0.923435 0.000672 0.389394 0.921071 -0.000670 0.930173 -0.367120 0.000156 
-0.921266 0.388933 0.000867 -0.384915 -0.922951 0.001393 0.390553 0.920579 -0.001398 0.929710 -0.368292 -0.000898 
-0.920578 0.390540 0.003813 -0.386497 -0.922266 0.006695 0.392130 0.919885 -0.006718 0.929058 -0.369914 -0.003961 
-0.920586 0.390525 0.003422 -0.386487 -0.922273 0.006338 0.392121 0.919892 -0.006359 0.929065 -0.369900 -0.003563 
-0.921025 0.389494 0.002698 -0.385454 -0.922701 0.006938 0.391090 0.920326 -0.006954 0.929481 -0.368860 -0.002852 
-0.922261 0.386567 -0.000747 -0.382529 -0.923870 0.011698 0.388172 0.921513 -0.011693 0.930651 -0.365907 0.000486 
-0.921146 0.389218 -0.000624 -0.385139 -0.922651 0.019548 0.390776 0.920278 -0.019544 0.929594 -0.368584 0.000188 
-0.920370 0.391048 -0.000495 -0.386842 -0.921565 0.032724 0.392474 0.919181 -0.032722 0.928857 -0.370438 -0.000235 
-0.921070 0.389397 -0.000459 -0.384913 -0.921590 0.050144 0.390550 0.919215 -0.050141 0.929514 -0.368786 -0.000660 
-0.923764 0.382958 -0.001806 -0.378267 -0.923521 0.063427 0.383920 0.921186 -0.063416 0.932059 -0.362306 0.000391 
-0.924923 0.380154 -0.001144 -0.375201 -0.924110 0.072416 0.380861 0.921792 -0.072410 0.933149 -0.359489 -0.000471 
-0.925261 0.379330 -0.000737 -0.374069 -0.923752 0.082186 0.379732 0.921439 -0.082182 0.933463 -0.358673 -0.001096 
-0.925455 0.378849 -0.002558 -0.373139 -0.922324 0.100425 0.378802 0.920015 -0.100410 0.933636 -0.358224 0.000318 
-0.925553 0.378613 -0.002181 -0.372381 -0.921170 0.113040 0.378045 0.918862 -0.113027 0.933716 -0.358014 -0.000340 
-0.925629 0.378426 -0.002368 -0.371542 -0.919496 0.128386 0.377207 0.917189 -0.128373 0.933773 -0.357865 -0.000495 
-0.925703 0.378236 -0.003485 -0.370681 -0.917391 0.144879 0.376346 0.915085 -0.144859 0.933828 -0.357722 0.000254 
-0.925753 0.378115 -0.003096 -0.369361 -0.914484 0.165200 0.375026 0.912179 -0.165182 0.933850 -0.357666 -0.000589 
-0.925840 0.377894 -0.004014 -0.367813 -0.910668 0.188144 0.373479 0.908363 -0.188121 0.933902 -0.357530 -0.000182 
-0.925725 0.378192 -0.001841 -0.365690 -0.905593 0.214877 0.371354 0.903287 -0.214868 0.933740 -0.357940 -0.002951 
-0.925733 0.378175 -0.001724 -0.363458 -0.900130 0.240136 0.369123 0.897824 -0.240127 0.933697 -0.358045 -0.003631 
-0.925600 0.378502 -0.000379 -0.360500 -0.892814 0.270043 0.366165 0.890506 -0.270043 0.933499 -0.358535 -0.005642 
-0.925985 0.377523 -0.005323 -0.356804 -0.882378 0.306758 0.362470 0.880076 -0.306728 0.933801 -0.357789 -0.001518 
-0.927506 0.373774 -0.005147 -0.348761 -0.872373 0.342535 0.354437 0.870094 -0.342506 0.935142 -0.354264 -0.002493 
0.944900 -0.327002 -0.015275 -0.999082 0.037189 0.021274 -0.035570 -0.999348 -0.006272 0.056298 -0.984315 0.167194 0.319012 0.866201 -0.384614 -0.141861 0.989886 -0.000839 
0.950942 -0.307795 -0.031175 -0.998900 0.036745 0.029127 -0.035167 -0.999365 -0.005767 0.065613 -0.977831 0.198848 0.285705 0.849457 -0.443617 -0.138612 0.990317 -0.007666 
0.950829 -0.306918 -0.041536 -0.998346 0.036018 0.044803 -0.034534 -0.999389 -0.005418 0.063222 -0.967626 0.244342 0.268894 0.822472 -0.501235 -0.128853 0.991099 -0.033446 
0.948901 -0.311792 -0.048705 -0.997401 0.035961 0.062437 -0.034578 -0.999390 -0.004969 0.059857 -0.955161 0.289973 0.257136 0.791912 -0.553856 -0.119471 0.990758 -0.064235 
0.947949 -0.313417 -0.056230 -0.996003 0.035811 0.081826 -0.034355 -0.999407 -0.002311 0.062811 -0.943332 0.325852 0.242916 0.764967 -0.596504 -0.115972 0.989116 -0.090549 
0.948306 -0.310314 -0.066487 -0.994383 0.032707 0.100659 -0.030678 -0.999520 0.004222 0.072376 -0.934229 0.349253 0.226018 0.747100 -0.625106 -0.119880 0.986820 -0.108700 
0.949048 -0.304881 -0.079721 -0.992241 0.028284 0.121070 -0.025141 -0.999600 0.012935 0.086697 -0.927781 0.362912 0.207948 0.736659 -0.643500 -0.129028 0.984392 -0.119681 
0.949907 -0.297493 -0.095787 -0.989424 0.021798 0.143403 -0.017017 -0.999608 0.022253 0.104363 -0.922559 0.371474 0.187731 0.730111 -0.657035 -0.141668 0.981786 -0.126597 
0.950525 -0.288613 -0.114913 -0.985657 0.014730 0.168116 -0.007765 -0.999471 0.031572 0.124387 -0.917566 0.377624 0.164476 0.724734 -0.669111 -0.155927 0.978952 -0.131680 
0.950294 -0.280090 -0.135979 -0.980611 0.008362 0.195787 0.001300 -0.999191 0.040191 0.145675 -0.911986 0.383485 0.139136 0.717510 -0.682510 -0.170511 0.975827 -0.136704 
0.106575 0.703603 -0.702556 -0.975224 0.000734 0.221220 -0.181671 0.973426 -0.139419 0.949070 -0.270636 -0.161316 0.011281 -0.998920 0.045082 0.165924 -0.905439 0.390703 
0.017472 -0.998878 0.044007 -0.968643 -0.004236 0.248421 0.945907 -0.264052 -0.188509 0.185424 -0.897559 0.400006 0.073795 0.688380 -0.721587 -0.190905 0.971040 -0.143655 
-0.960579 -0.009215 0.277855 0.941029 -0.258228 -0.218592 0.037295 0.670204 -0.741239 -0.199200 0.968521 -0.149289 0.023036 -0.998927 0.040167 0.205199 -0.888235 0.411013 
-0.949762 -0.013749 0.312671 0.934289 -0.253288 -0.250897 -0.002014 0.650183 -0.759775 -0.209045 0.965534 -0.155060 0.028291 -0.998938 0.036375 0.227318 -0.878282 0.420652 
-0.935675 -0.020204 0.352285 0.925844 -0.245796 -0.287050 -0.046136 0.631881 -0.773691 -0.222597 0.962042 -0.157878 0.036417 -0.998743 0.034447 0.253628 -0.868825 0.425225 
-0.917617 -0.026167 0.396604 0.914877 -0.238485 -0.325769 -0.091014 0.617355 -0.781402 -0.239469 0.958172 -0.156719 0.045594 -0.998340 0.035183 0.283214 -0.860584 0.423302 
-0.894669 -0.034304 0.445411 0.900384 -0.229229 -0.369815 -0.140224 0.606658 -0.782498 -0.259715 0.953767 -0.151249 0.058826 -0.997568 0.037377 0.316440 -0.852928 0.415186 
-0.866261 -0.041829 0.497838 -0.273852 0.908920 -0.314436 0.881930 -0.220437 -0.416661 0.073814 -0.996421 0.041182 0.352002 -0.845221 0.402114 
-0.832862 -0.049458 0.551267 -0.307115 0.901871 -0.303823 0.858136 -0.210902 -0.468106 0.092205 -0.994636 0.046875 0.389607 -0.836625 0.385052 
-0.791646 -0.055735 0.608432 -0.342799 0.892624 -0.292765 0.114616 -0.991865 0.055376 0.452918 -0.881814 0.131412 0.827825 -0.203961 -0.522596 0.311407 -0.578925 0.753572 
-0.743935 -0.064147 0.665166 -0.381785 0.881761 -0.277015 0.144469 -0.987457 0.063701 0.481524 -0.870095 0.105212 0.791853 -0.195948 -0.578423 0.372222 -0.568935 0.733324 
-0.686338 -0.075087 0.723396 -0.423799 0.869353 -0.254205 0.185048 -0.980132 0.071399 0.510921 -0.856870 0.068802 0.749779 -0.185690 -0.635099 0.433240 -0.562509 0.704192 
-0.619102 -0.085524 0.780639 -0.463931 0.857689 -0.221671 0.233448 -0.969341 0.076687 0.535374 -0.844480 0.015117 0.703441 -0.174461 -0.689010 0.487880 -0.563356 0.666786 
0.275286 -0.958437 0.074941 -0.551873 -0.091865 0.828853 -0.494657 0.849717 -0.182472 0.548218 -0.835067 -0.046045 0.650790 -0.164419 -0.741241 0.536782 -0.570123 0.621952 
0.302903 -0.951319 0.056932 -0.486936 -0.101272 0.867547 -0.514074 0.843303 -0.156742 0.544967 -0.836556 -0.056436 0.569795 -0.174516 -0.803043 0.606254 -0.552023 0.572475 
0.325925 -0.944356 0.044328 0.541577 -0.839535 -0.043302 -0.436863 -0.106986 0.893143 -0.529403 0.836726 -0.140080 0.493693 -0.171204 -0.852617 0.667730 -0.537010 0.515516 
-0.397724 -0.091947 0.912886 -0.528447 0.845245 -0.079394 0.311710 -0.949407 0.038250 0.526072 -0.841353 -0.123992 0.438420 -0.129236 -0.889430 0.695043 -0.564823 0.444848 
-0.288589 -0.082457 0.953896 -0.527081 0.849578 -0.020075 0.295098 -0.955455 0.004841 0.505331 -0.831733 -0.229914 0.402829 -0.155195 -0.902022 0.693737 -0.578363 0.429215 
-0.246239 -0.073854 0.966391 -0.518631 0.854966 -0.007468 0.277885 -0.960604 -0.004428 0.488580 -0.838858 -0.240015 0.369239 -0.172607 -0.913165 0.704439 -0.576854 0.413529 
0.267375 -0.963474 0.015106 0.481802 -0.850982 -0.209037 -0.243652 -0.050603 0.968542 -0.511073 0.859018 -0.029867 0.358850 -0.199544 -0.911816 0.705901 -0.568885 0.421988 
0.259884 -0.963890 0.058114 0.479601 -0.863510 -0.155993 -0.266763 -0.011995 0.963687 -0.502993 0.860814 -0.077449 0.371823 -0.238029 -0.897268 0.695254 -0.555933 0.455589 
0.253407 -0.959555 0.122630 0.479883 -0.873076 -0.086313 -0.303564 0.043310 0.951826 -0.494639 0.856832 -0.145505 0.401085 -0.289333 -0.869147 0.675691 -0.532548 0.509739 
0.242495 -0.948939 0.201771 0.480256 -0.877129 -0.000020 -0.351894 0.109591 0.929602 -0.483048 0.844816 -0.230110 0.643903 -0.493593 0.584598 0.458460 -0.360462 -0.812331 
0.226663 -0.929100 0.292229 0.478848 -0.871806 0.103238 -0.411563 0.182350 0.892953 -0.466328 0.821305 -0.328629 0.604513 -0.441085 0.663331 0.510280 -0.422859 -0.748869 
-0.461810 0.240226 0.853829 -0.447395 0.787686 -0.423543 0.214943 -0.904379 0.368643 0.473399 -0.856566 0.205396 0.556206 -0.377742 0.740233 0.566322 -0.477656 -0.671658 
-0.549003 -0.306386 -0.777639 -0.657093 0.509106 -0.555914 0.047437 0.906368 0.419817 0.551679 -0.353855 0.755273 0.573442 -0.494743 -0.652988 0.212911 -0.894669 0.392729 0.478622 -0.848647 0.225209 
-0.540425 -0.342642 -0.768464 -0.622935 0.501243 -0.600589 0.013688 0.927269 0.374145 0.557405 -0.326854 0.763195 0.580253 -0.502197 -0.641175 0.211435 -0.881100 0.423035 0.485249 -0.838754 0.247033 
-0.523223 -0.407130 -0.748654 -0.570767 0.529631 -0.627468 -0.017629 0.946702 0.321629 0.564266 -0.296333 0.770578 0.582669 -0.516416 -0.627544 0.224562 -0.858574 0.460893 0.494275 -0.821187 0.285209 
-0.500564 -0.478913 -0.721165 -0.513516 0.569869 -0.641522 -0.045971 0.962146 0.268631 0.567992 -0.257178 0.781822 0.587079 -0.537306 -0.605509 0.247024 -0.828328 0.502844 0.506471 -0.796777 0.329594 
-0.476634 -0.537503 -0.695636 -0.461160 0.607687 -0.646566 -0.071790 0.973327 0.217901 0.562893 -0.202663 0.801299 0.603691 -0.559598 -0.567809 0.262583 -0.790619 0.553147 0.520119 -0.768861 0.371927 
-0.461241 -0.567031 -0.682446 -0.439209 0.611800 -0.657872 -0.083498 0.980791 0.176288 0.549900 -0.146090 0.822355 0.623540 -0.581616 -0.522419 0.255800 -0.763801 0.592600 0.522919 -0.745371 0.413493 
-0.455383 -0.583571 -0.672363 -0.432754 0.594619 -0.677608 -0.082049 0.986160 0.144071 0.537658 -0.113996 0.835421 0.630081 -0.602546 -0.489833 0.244613 -0.741803 0.624415 0.516693 -0.731960 0.444143 
-0.453852 -0.596043 -0.662382 -0.430477 0.575788 -0.695095 -0.073698 0.990125 0.119255 0.524723 -0.092810 0.846199 0.632901 -0.620814 -0.462630 0.239157 -0.719996 0.651467 0.509145 -0.720869 0.470232 
-0.454083 -0.605003 -0.654049 -0.431585 0.558931 -0.708047 -0.060571 0.992994 0.101464 0.510339 -0.076129 0.856597 0.634775 -0.637335 -0.436881 0.236041 -0.697002 0.677107 0.501090 -0.712252 0.491535 
-0.454304 -0.612366 -0.647005 -0.431877 0.547835 -0.716491 -0.045992 0.995137 0.087103 0.496179 -0.059940 0.866149 0.636025 -0.652757 -0.411557 0.232585 -0.673396 0.701742 0.493089 -0.703471 0.511851 
-0.454222 -0.618504 -0.641199 0.484066 -0.040482 0.874095 0.227350 -0.650273 0.724884 -0.429873 0.543182 -0.721223 -0.032122 0.996803 0.073158 0.637056 -0.667369 -0.385718 0.484877 -0.692462 0.534220 
-0.454119 -0.623333 -0.636579 0.473683 -0.017987 0.880511 0.219918 -0.627652 0.746786 -0.425783 0.543174 -0.723651 -0.019233 0.998079 0.058901 0.638110 -0.681026 -0.359192 0.476370 -0.679705 0.557739 
-0.454516 -0.627005 -0.632676 0.463545 0.005005 0.886059 0.211151 -0.605088 0.767649 -0.419723 0.545853 -0.725174 -0.006467 0.998988 0.044499 0.638843 -0.693880 -0.332280 0.467599 -0.666366 0.580781 
-0.455533 -0.630040 -0.628919 0.453473 0.027428 0.890848 0.202088 -0.582462 0.787336 -0.411577 0.550676 -0.726196 0.006609 0.999527 0.030047 0.638904 -0.706040 -0.305464 0.458428 -0.652833 0.603036 
-0.457036 -0.632365 -0.625486 0.443249 0.048868 0.895065 0.193214 -0.559643 0.805896 -0.402764 0.556865 -0.726417 0.020845 0.999641 0.016825 0.638212 -0.717589 -0.278841 0.448775 -0.639398 0.624317 
-0.459167 -0.633334 -0.622940 0.432670 0.069706 0.898853 0.184487 -0.536096 0.823751 -0.394548 0.563874 -0.725519 0.036734 0.999310 0.005532 0.636946 -0.728536 -0.252060 0.438762 -0.626092 0.644590 
-0.461884 -0.632952 -0.621318 0.421849 0.090372 0.902151 0.175873 -0.511668 0.840990 -0.386933 0.571843 -0.723380 0.054290 0.998517 -0.004109 0.635013 -0.739053 -0.224852 0.428244 -0.612577 0.664347 
-0.465035 -0.631436 -0.620509 0.410813 0.111327 0.904897 0.166996 -0.486305 0.857683 -0.379496 0.580927 -0.720074 0.073303 0.997231 -0.012491 0.632553 -0.749055 -0.196963 0.417306 -0.598619 0.683748 
-0.468516 -0.629282 -0.620078 0.399932 0.132505 0.906916 0.158262 -0.460334 0.873525 -0.371532 0.591269 -0.715796 0.093529 0.995415 -0.020016 0.629374 -0.758581 -0.168650 0.405911 -0.583717 0.703214 
-0.472070 -0.626560 -0.620139 0.389336 0.154129 0.908109 0.148754 -0.433846 0.888623 -0.362707 0.602852 -0.710643 0.114773 0.993025 -0.026987 0.625538 -0.767556 -0.139854 0.393958 -0.567563 0.722959 
-0.475817 -0.623168 -0.620693 0.378477 0.176970 0.908535 0.138469 -0.406360 0.903160 -0.352787 0.615694 -0.704601 0.137146 0.989985 -0.033478 0.621450 -0.775733 -0.109719 0.381665 -0.550698 0.742337 
-0.479089 -0.619453 -0.621893 0.367709 0.200698 0.908025 0.125985 -0.378342 0.917052 -0.342179 0.629152 -0.697912 0.160776 0.986192 -0.039703 0.616610 -0.783345 -0.078498 0.368265 -0.531606 0.762743 
-0.481955 -0.615357 -0.623743 0.357122 0.226259 0.906240 0.111450 -0.349395 0.930324 -0.332612 0.641699 -0.691080 0.185428 0.981583 -0.045939 0.611602 -0.789841 -0.045759 0.354267 -0.509982 0.783845 
-0.484745 -0.611104 -0.625759 0.346617 0.253902 0.902990 0.096163 -0.319036 0.942851 -0.323928 0.653132 -0.684463 0.211299 0.976020 -0.052319 0.606416 -0.795069 -0.011170 0.339979 -0.485685 0.805310 
-0.487282 -0.607102 -0.627681 0.336063 0.283241 0.898241 0.079791 -0.286633 0.954712 -0.315163 0.663796 -0.678268 0.238589 0.969323 -0.059058 0.600630 -0.799127 0.025311 0.324842 -0.458961 0.826941 
-0.489464 -0.603729 -0.629234 0.326101 0.312767 0.892096 0.062724 -0.252281 0.965619 -0.306619 0.673040 -0.673054 0.267725 0.961259 -0.065603 0.293038 -0.393338 0.871444 0.560974 -0.798058 -0.220027 
-0.490859 -0.602130 -0.629680 0.322518 0.333448 0.885887 0.049816 -0.224597 0.973178 -0.304416 0.676827 -0.670251 0.296144 0.952606 -0.069577 0.270538 -0.358784 0.893355 0.564527 -0.803349 -0.189577 
-0.491377 -0.603388 -0.628070 0.319497 0.349378 0.880827 0.042833 -0.202005 0.978447 -0.307336 0.675184 -0.670575 0.317777 0.945506 -0.070973 0.253692 -0.330082 0.909223 0.566559 -0.806960 -0.166813 
-0.489565 -0.609289 -0.623773 0.314659 0.362989 0.877057 0.037524 -0.182662 0.982459 -0.309567 0.668418 -0.676303 0.327669 0.941896 -0.073926 0.245740 -0.313327 0.917299 0.567030 -0.810324 -0.147826 
-0.485630 -0.620177 -0.616071 0.310000 0.374439 0.873897 -0.307754 0.656758 -0.688445 0.326143 0.941520 -0.084684 0.241787 -0.302106 0.922101 0.569188 -0.811107 -0.134647 
-0.480917 -0.633419 -0.606217 0.306742 0.384418 0.870708 -0.304239 0.640928 -0.704734 0.317259 0.942842 -0.101957 0.241230 -0.293658 0.924972 0.571129 -0.811261 -0.125169 
-0.475719 -0.647682 -0.595147 0.303296 0.395393 0.866993 -0.298346 0.623652 -0.722528 0.304935 0.944298 -0.123754 0.242517 -0.286607 0.926845 0.573440 -0.811054 -0.115577 
-0.470749 -0.661730 -0.583531 0.299819 0.407861 0.862414 0.243921 -0.278069 0.929075 -0.291678 0.605651 -0.740345 0.292909 0.944678 -0.147609 0.574668 -0.811636 -0.104903 
-0.466216 -0.674782 -0.572112 0.295789 0.421786 0.857091 0.243944 -0.266747 0.932383 -0.287011 0.586654 -0.757273 0.283927 0.943577 -0.170437 0.575464 -0.812579 -0.092502 
-0.461993 -0.686797 -0.561135 0.291150 0.437404 0.850829 0.242305 -0.252285 0.936825 -0.284852 0.567250 -0.772714 0.278875 0.941230 -0.190566 0.576036 -0.813744 -0.077481 
-0.457800 -0.698806 -0.549626 0.285669 0.454921 0.843469 0.238581 -0.234758 0.942320 -0.282015 0.548644 -0.787056 0.277258 0.937730 -0.209264 0.576580 -0.814936 -0.058610 
-0.453751 -0.711151 -0.537005 0.278435 0.473319 0.835729 0.232407 -0.213625 0.948868 -0.277014 0.530119 -0.801397 0.278909 0.932767 -0.228377 0.576904 -0.816031 -0.035694 
-0.451283 -0.720016 -0.527182 -0.279243 0.512232 -0.812184 0.218005 -0.185216 0.958211 0.273511 0.489694 0.827883 0.288631 0.925439 -0.245470 0.579631 -0.814773 -0.013147 
-0.496110 -0.803292 -0.329540 -0.293262 0.492760 -0.819259 0.204369 -0.153740 0.966746 0.583752 -0.811906 0.006498 0.271142 0.507538 0.817855 0.299455 0.919212 -0.255686 
-0.493841 -0.805864 -0.326657 -0.307143 0.475829 -0.824166 0.194366 -0.125180 0.972909 0.589557 -0.807386 0.023445 0.270970 0.524693 0.807015 0.306234 0.914454 -0.264566 
-0.490938 -0.809495 -0.322022 -0.315077 0.463847 -0.827993 0.190078 -0.103664 0.976281 0.596037 -0.802108 0.036913 0.272474 0.540004 0.796337 0.307013 0.911183 -0.274753 
-0.488253 -0.813288 -0.316498 0.598013 -0.800101 0.047099 -0.318547 0.454372 -0.831910 0.304527 0.908384 -0.286536 0.189678 -0.087221 0.977965 0.274395 0.553623 0.786263 
-0.486709 -0.816295 -0.311089 0.598155 -0.799519 0.054577 -0.321701 0.444196 -0.836181 0.301236 0.905699 -0.298271 0.191003 -0.076021 0.978641 0.276307 0.564400 0.777886 
-0.486725 -0.818410 -0.305457 0.596981 -0.799932 0.061018 -0.324556 0.435282 -0.839758 0.299096 0.903181 -0.307906 0.193873 -0.068722 0.978617 0.277285 0.572626 0.771500 
-0.487073 -0.820683 -0.298729 0.596900 -0.799584 0.066150 -0.326477 0.428430 -0.842533 0.298089 0.900934 -0.315375 0.196016 -0.061763 0.978654 0.278305 0.578658 0.766616 
-0.487503 -0.822411 -0.293226 0.596994 -0.799194 0.069909 -0.327636 0.423516 -0.844564 0.297638 0.899103 -0.320977 0.197419 -0.056188 0.978708 0.279323 0.583027 0.762927 
-0.487794 -0.823564 -0.289482 0.597056 -0.798920 0.072457 -0.328393 0.420247 -0.845902 0.297350 0.897852 -0.324722 0.198372 -0.052424 0.978724 0.280007 0.585976 0.760413 
-0.487936 -0.824165 -0.287525 0.597089 -0.798769 0.073841 -0.328792 0.418483 -0.846622 0.297197 0.897173 -0.326734 0.198850 -0.050378 0.978734 0.280367 0.587559 0.759057 
-0.487968 -0.824239 -0.287259 0.597075 -0.798760 0.074055 -0.328835 0.418237 -0.846726 0.297195 0.897071 -0.327014 0.198921 -0.050096 0.978734 0.280395 0.587777 0.758878 
-0.487868 -0.823809 -0.288658 0.597042 -0.798873 0.073098 -0.328524 0.419488 -0.846228 0.297321 0.897552 -0.325578 0.198584 -0.051544 0.978728 0.280080 0.586642 0.759872 
-0.487645 -0.822857 -0.291734 0.596978 -0.799113 0.070956 -0.327858 0.422256 -0.845109 0.297583 0.898611 -0.322400 0.197838 -0.054754 0.978704 0.279434 0.584134 0.762039 
-0.487298 -0.821359 -0.296498 0.596888 -0.799471 0.067601 -0.326830 0.426574 -0.843337 0.297983 0.900245 -0.317437 0.196685 -0.059768 0.978643 0.278446 0.580212 0.765390 
-0.486815 -0.819270 -0.302998 0.596776 -0.799932 0.062992 -0.325429 0.432486 -0.840864 0.298515 0.902442 -0.310623 0.195108 -0.066641 0.978515 0.277114 0.574817 0.769931 
-0.486404 -0.816963 -0.309810 0.596533 -0.800573 0.056836 -0.323612 0.440080 -0.837619 0.299136 0.905159 -0.302002 0.193649 -0.075811 0.978137 0.275392 0.567899 0.775661 
-0.486746 -0.814918 -0.314622 0.596361 -0.801173 0.049750 -0.321139 0.448762 -0.833956 0.299653 0.907986 -0.292863 0.194020 -0.086470 0.977179 0.273659 0.560143 0.781889 
-0.487540 -0.812596 -0.319362 -0.317827 0.457735 -0.830340 0.195212 -0.098022 0.975850 0.595563 -0.802189 0.042391 0.272027 0.552141 0.788126 0.299874 0.910610 -0.284368 
-0.488395 -0.810421 -0.323555 -0.313463 0.467051 -0.826804 0.196785 -0.108061 0.974473 0.595062 -0.802910 0.035169 0.271689 0.544552 0.793504 0.299469 0.912894 -0.277387 
-0.489127 -0.808454 -0.327349 -0.310135 0.475388 -0.823299 0.198533 -0.116667 0.973126 0.594792 -0.803362 0.028861 0.272374 0.537978 0.797742 0.298781 0.914961 -0.271250 
-0.489618 -0.806876 -0.330493 -0.308183 0.481591 -0.820423 0.200219 -0.123800 0.971898 0.594497 -0.803741 0.023962 0.273377 0.532123 0.801318 0.297953 0.916758 -0.266043 
-0.490110 -0.805849 -0.332264 -0.306025 0.486052 -0.818598 0.201493 -0.128520 0.971022 0.594259 -0.803985 0.021537 0.274356 0.528020 0.803694 0.297254 0.917825 -0.263130 
-0.490670 -0.805172 -0.333079 -0.304262 0.488779 -0.817631 0.202153 -0.130313 0.970646 0.593999 -0.804206 0.020452 0.274681 0.526370 0.804664 0.297388 0.918151 -0.261839 
-0.490979 -0.804868 -0.333356 -0.303884 0.489625 -0.817265 0.202173 -0.130229 0.970653 0.593774 -0.804363 0.020789 0.274740 0.526227 0.804738 0.297854 0.918072 -0.261587 
-0.491003 -0.805047 -0.332888 -0.304029 0.488859 -0.817669 0.202326 -0.129051 0.970778 0.593771 -0.804347 0.021486 0.274869 0.526992 0.804193 0.297811 0.917821 -0.262512 
-0.491036 -0.805384 -0.332024 -0.304303 0.487405 -0.818435 0.202611 -0.126939 0.970997 0.593762 -0.804319 0.022740 0.275104 0.528386 0.803197 0.297707 0.917370 -0.264201 
-0.490975 -0.805846 -0.330993 -0.304816 0.485539 -0.819353 0.202996 -0.124745 0.971201 0.593805 -0.804256 0.023837 0.275307 0.529901 0.802129 0.297407 0.916920 -0.266095 
-0.490740 -0.806393 -0.330006 -0.305725 0.483403 -0.820277 0.203576 -0.123292 0.971265 0.593887 -0.804179 0.024368 0.275417 0.531133 0.801276 0.296707 0.916656 -0.267780 
-0.490338 -0.806961 -0.329214 -0.306987 0.481248 -0.821072 0.204312 -0.122869 0.971164 0.593967 -0.804122 0.024306 0.275404 0.531888 0.800779 0.295646 0.916637 -0.269017 
-0.489900 -0.807467 -0.328627 -0.308342 0.479306 -0.821700 0.205138 -0.123408 0.970922 0.593949 -0.804150 0.023825 0.275084 0.532168 0.800703 0.294523 0.916796 -0.269707 
-0.489546 -0.807853 -0.328204 -0.309466 0.477816 -0.822145 0.205856 -0.124041 0.970689 0.593901 -0.804198 0.023379 0.274764 0.532298 0.800727 0.293595 0.916957 -0.270169 
-0.489333 -0.808086 -0.327950 -0.310150 0.476935 -0.822399 0.206291 -0.124421 0.970548 0.593874 -0.804226 0.023110 0.274563 0.532377 0.800743 0.293038 0.917053 -0.270449 
-0.489277 -0.808144 -0.327888 -0.310345 0.476781 -0.822415 0.206411 -0.124515 0.970511 0.593867 -0.804233 0.023049 0.274469 0.532391 0.800767 0.292907 0.917074 -0.270520 
-0.489281 -0.808134 -0.327906 -0.310372 0.476927 -0.822320 0.206419 -0.124512 0.970509 0.593867 -0.804233 0.023056 0.274421 0.532378 0.800791 0.292931 0.917070 -0.270509 
-0.489285 -0.808126 -0.327922 -0.310396 0.477054 -0.822237 0.206429 -0.124511 0.970507 0.593867 -0.804233 0.023063 0.274369 0.532364 0.800819 0.292953 0.917066 -0.270497 
-0.489289 -0.808117 -0.327938 -0.310417 0.477173 -0.822160 0.206439 -0.124511 0.970505 0.593867 -0.804233 0.023068 0.274321 0.532349 0.800845 0.292974 0.917062 -0.270486 
-0.489292 -0.808110 -0.327952 -0.310437 0.477282 -0.822089 0.206449 -0.124511 0.970503 0.593866 -0.804233 0.023073 0.274269 0.532334 0.800873 0.292994 0.917059 -0.270476 
-0.489295 -0.808102 -0.327965 -0.310457 0.477388 -0.822020 0.206458 -0.124511 0.970501 0.593866 -0.804233 0.023078 0.274221 0.532320 0.800899 0.293013 0.917056 -0.270466 
-0.489297 -0.808095 -0.327979 -0.310477 0.477489 -0.821954 0.206468 -0.124513 0.970499 0.593867 -0.804232 0.023082 0.274170 0.532304 0.800927 0.293032 0.917053 -0.270456 
-0.489300 -0.808088 -0.327992 -0.310495 0.477590 -0.821888 0.206477 -0.124514 0.970496 0.593867 -0.804232 0.023086 0.274123 0.532289 0.800953 0.293050 0.917050 -0.270446 
-0.489303 -0.808082 -0.328005 -0.310513 0.477688 -0.821825 0.206487 -0.124516 0.970494 0.593867 -0.804232 0.023089 0.274074 0.532273 0.800980 0.293068 0.917047 -0.270436 
-0.489305 -0.808075 -0.328018 -0.310533 0.477784 -0.821762 0.206496 -0.124518 0.970492 0.593868 -0.804231 0.023092 0.274028 0.532258 0.801006 0.293085 0.917045 -0.270426 
-0.489308 -0.808068 -0.328031 -0.310551 0.477878 -0.821700 0.206507 -0.124521 0.970489 0.593867 -0.804231 0.023095 0.273978 0.532241 0.801034 0.293102 0.917042 -0.270415 
-0.489310 -0.808061 -0.328044 -0.310569 0.477975 -0.821637 0.206517 -0.124525 0.970487 0.593868 -0.804231 0.023095 0.273933 0.532225 0.801060 0.293118 0.917040 -0.270405 
-0.489312 -0.808055 -0.328057 -0.310589 0.478065 -0.821577 0.206528 -0.124528 0.970484 0.593868 -0.804231 0.023096 0.273885 0.532207 0.801088 0.293135 0.917038 -0.270394 
-0.489315 -0.808047 -0.328071 -0.310609 0.478151 -0.821519 0.206537 -0.124532 0.970481 0.593868 -0.804231 0.023097 0.273841 0.532191 0.801114 0.293151 0.917037 -0.270381 
-0.489319 -0.808033 -0.328102 -0.310670 0.478221 -0.821455 0.206548 -0.124536 0.970479 0.593868 -0.804231 0.023098 0.273793 0.532175 0.801141 0.293178 0.917038 -0.270348 
-0.489319 -0.808014 -0.328145 -0.310759 0.478270 -0.821393 0.206549 -0.124534 0.970479 0.593875 -0.804225 0.023118 0.273750 0.532159 0.801166 0.293212 0.917041 -0.270300 
-0.489324 -0.807993 -0.328190 -0.310852 0.478325 -0.821326 0.206560 -0.124538 0.970476 0.593875 -0.804225 0.023118 0.273701 0.532141 0.801195 0.293247 0.917045 -0.270250 
-0.489329 -0.807974 -0.328231 -0.310937 0.478374 -0.821265 0.206572 -0.124545 0.970472 0.593874 -0.804226 0.023118 0.273649 0.532122 0.801226 0.293280 0.917048 -0.270202 
-0.489333 -0.807955 -0.328270 -0.311021 0.478425 -0.821204 0.206586 -0.124552 0.970469 0.593875 -0.804225 0.023119 0.273591 0.532101 0.801259 0.293314 0.917052 -0.270154 
-0.489337 -0.807938 -0.328308 -0.311100 0.478470 -0.821148 0.206601 -0.124561 0.970464 0.593875 -0.804225 0.023120 0.273535 0.532081 0.801292 0.293345 0.917056 -0.270106 
-0.489342 -0.807919 -0.328346 -0.311179 0.478522 -0.821087 0.206624 -0.124579 0.970457 0.593876 -0.804225 0.023119 0.273464 0.532053 0.801335 0.293378 0.917062 -0.270050 
-0.489346 -0.807901 -0.328385 -0.311261 0.478564 -0.821032 0.206647 -0.124598 0.970450 0.593876 -0.804224 0.023119 0.273393 0.532026 0.801377 0.293410 0.917069 -0.269992 
-0.489350 -0.807883 -0.328423 -0.311340 0.478612 -0.820973 0.206671 -0.124617 0.970442 0.593877 -0.804224 0.023119 0.273320 0.531998 0.801420 0.293443 0.917075 -0.269935 
-0.489349 -0.807868 -0.328462 -0.311422 0.478654 -0.820918 0.206686 -0.124630 0.970437 0.593883 -0.804218 0.023136 0.273251 0.531970 0.801462 0.293474 0.917082 -0.269877 
-0.489353 -0.807850 -0.328499 -0.311501 0.478692 -0.820866 0.206710 -0.124649 0.970430 0.593883 -0.804219 0.023135 0.273181 0.531943 0.801504 0.293505 0.917089 -0.269820 
-0.489353 -0.807834 -0.328539 -0.311586 0.478732 -0.820811 0.206723 -0.124660 0.970425 0.593891 -0.804213 0.023152 0.273117 0.531916 0.801543 0.293535 0.917096 -0.269764 
-0.489357 -0.807817 -0.328576 -0.311662 0.478777 -0.820756 0.206749 -0.124671 0.970418 0.593891 -0.804212 0.023152 0.273054 0.531892 0.801581 0.293564 0.917102 -0.269712 
-0.489355 -0.807802 -0.328613 -0.311745 0.478811 -0.820704 0.206769 -0.124664 0.970415 0.593898 -0.804207 0.023170 0.273000 0.531870 0.801614 0.293588 0.917107 -0.269668 
-0.489359 -0.807785 -0.328650 -0.311823 0.478850 -0.820652 0.206794 -0.124655 0.970411 0.593898 -0.804207 0.023169 0.272963 0.531856 0.801636 0.293609 0.917111 -0.269630 
-0.489358 -0.807771 -0.328688 -0.311909 0.478882 -0.820600 0.206815 -0.124643 0.970408 0.593906 -0.804200 0.023186 0.272920 0.531837 0.801663 0.293629 0.917117 -0.269589 
-0.489361 -0.807754 -0.328723 -0.311985 0.478920 -0.820549 0.206838 -0.124641 0.970403 0.593906 -0.804200 0.023185 0.272877 0.531821 0.801689 0.293652 0.917122 -0.269548 
-0.489355 -0.807739 -0.328770 -0.312099 0.478936 -0.820497 0.206854 -0.124634 0.970401 0.593919 -0.804190 0.023219 0.272825 0.531796 0.801723 0.293676 0.917131 -0.269491 
-0.489358 -0.807725 -0.328799 -0.312160 0.478969 -0.820454 0.206874 -0.124640 0.970396 0.593920 -0.804189 0.023219 0.272773 0.531776 0.801753 0.293698 0.917135 -0.269454 
-0.489350 -0.807714 -0.328839 -0.312265 0.478987 -0.820403 0.206891 -0.124632 0.970393 0.593934 -0.804178 0.023249 0.272723 0.531753 0.801786 0.293717 0.917143 -0.269405 
-0.489346 -0.807702 -0.328873 -0.312357 0.479001 -0.820360 0.206908 -0.124631 0.970390 0.593941 -0.804172 0.023262 0.272682 0.531736 0.801811 0.293733 0.917150 -0.269364 
-0.489333 -0.807694 -0.328912 -0.312493 0.478981 -0.820320 0.206932 -0.124634 0.970384 0.593955 -0.804161 0.023285 0.272627 0.531716 0.801844 0.293742 0.917161 -0.269316 
-0.489325 -0.807688 -0.328939 -0.312595 0.478978 -0.820283 0.206959 -0.124643 0.970377 0.593962 -0.804156 0.023292 0.272580 0.531699 0.801870 0.293746 0.917170 -0.269281 
-0.489292 -0.807697 -0.328967 -0.312805 0.478876 -0.820263 0.207002 -0.124673 0.970364 0.593983 -0.804140 0.023311 0.272533 0.531669 0.801906 0.293712 0.917193 -0.269240 
-0.489248 -0.807727 -0.328959 -0.312890 0.478820 -0.820263 0.206999 -0.124681 0.970364 0.594018 -0.804112 0.023371 0.272476 0.531657 0.801934 0.293674 0.917203 -0.269247 
-0.489218 -0.807757 -0.328930 -0.312993 0.478741 -0.820270 0.207057 -0.124692 0.970350 0.594034 -0.804102 0.023303 0.272409 0.531655 0.801958 0.293619 0.917214 -0.269270 
-0.489205 -0.807768 -0.328921 -0.313049 0.478726 -0.820257 0.207103 -0.124699 0.970339 0.594036 -0.804102 0.023283 0.272364 0.531649 0.801977 0.293590 0.917219 -0.269284 
-0.489199 -0.807766 -0.328935 -0.313129 0.478716 -0.820232 0.207139 -0.124698 0.970332 0.594038 -0.804101 0.023272 0.272320 0.531639 0.801999 0.293587 0.917225 -0.269268 
-0.489176 -0.807764 -0.328974 -0.313323 0.478650 -0.820197 0.207175 -0.124709 0.970323 0.594056 -0.804087 0.023275 0.272276 0.531620 0.802026 0.293576 0.917243 -0.269218 
-0.489120 -0.807797 -0.328977 -0.313555 0.478494 -0.820199 0.207214 -0.124720 0.970313 0.594099 -0.804056 0.023252 0.272210 0.531614 0.802052 0.293514 0.917267 -0.269204 
-0.489069 -0.807839 -0.328948 -0.313752 0.478331 -0.820219 0.207282 -0.124742 0.970296 0.594127 -0.804038 0.023170 0.272138 0.531620 0.802073 0.293433 0.917287 -0.269224 
-0.489015 -0.807884 -0.328920 -0.313945 0.478170 -0.820239 0.207335 -0.124755 0.970283 0.594160 -0.804015 0.023111 0.272074 0.531629 0.802089 0.293353 0.917306 -0.269248 
-0.488988 -0.807912 -0.328889 -0.314026 0.478087 -0.820256 0.207397 -0.124785 0.970266 0.594161 -0.804015 0.023072 0.272020 0.531629 0.802107 0.293292 0.917316 -0.269279 
-0.488961 -0.807935 -0.328875 -0.314118 0.478029 -0.820255 0.207447 -0.124798 0.970253 0.594172 -0.804007 0.023053 0.271966 0.531625 0.802128 0.293244 0.917326 -0.269297 
-0.488910 -0.807962 -0.328883 -0.314358 0.477872 -0.820255 0.207507 -0.124814 0.970238 0.594202 -0.803986 0.023034 0.271913 0.531625 0.802146 0.293174 0.917351 -0.269287 
-0.488850 -0.808015 -0.328843 -0.314541 0.477694 -0.820288 0.207555 -0.124844 0.970224 0.594246 -0.803955 0.022971 0.271870 0.531589 0.802184 0.293076 0.917375 -0.269312 
-0.488787 -0.808060 -0.328826 -0.314727 0.477546 -0.820303 0.207596 -0.124846 0.970215 0.594292 -0.803922 0.022948 0.271798 0.531583 0.802213 0.292998 0.917396 -0.269325 
-0.488742 -0.808106 -0.328779 -0.314841 0.477419 -0.820333 0.207631 -0.124826 0.970210 0.594350 -0.803882 0.022869 0.271779 0.531608 0.802203 0.292913 0.917404 -0.269390 
-0.488701 -0.808133 -0.328775 -0.314937 0.477372 -0.820324 0.207644 -0.124802 0.970210 0.594387 -0.803853 0.022905 0.271733 0.531587 0.802232 0.292870 0.917414 -0.269405 
-0.488624 -0.808190 -0.328749 -0.315126 0.477213 -0.820344 0.207653 -0.124743 0.970216 0.594487 -0.803779 0.022901 0.271696 0.531604 0.802233 0.292776 0.917428 -0.269457 
