2.380032 0.559837 0.004796 2.379594 0.423127 0.004710 2.165452 0.418661 0.003716 2.162817 0.556636 0.003788 
2.380035 0.559837 0.004813 2.379596 0.423127 0.004735 2.165454 0.418661 0.003836 2.162819 0.556636 0.003902 
2.380045 0.559833 0.004826 2.379608 0.423123 0.004770 2.165466 0.418654 0.003938 2.162829 0.556629 0.003982 
2.379665 0.559737 0.003814 2.379425 0.423027 0.004399 2.165288 0.418251 0.004705 2.162453 0.556221 0.004118 
2.379665 0.559735 0.003922 2.379425 0.423026 0.004455 2.165287 0.418249 0.004727 2.162452 0.556219 0.004193 
2.379664 0.559734 0.004022 2.379424 0.423024 0.004508 2.165286 0.418247 0.004748 2.162451 0.556217 0.004261 
2.379633 0.559730 0.004001 2.379397 0.423020 0.004481 2.165260 0.418237 0.004822 2.162420 0.556207 0.004341 
2.379659 0.559611 0.003815 2.379419 0.422901 0.004420 2.165281 0.418125 0.004570 2.162446 0.556095 0.003961 
2.379746 0.559540 0.003831 2.379513 0.422831 0.004599 2.165375 0.418042 0.004491 2.162533 0.556011 0.003713 
2.379851 0.559413 0.003842 2.379597 0.422706 0.004801 2.165459 0.417947 0.004365 2.162638 0.555915 0.003390 
2.380169 0.559047 0.004016 2.379835 0.422346 0.005613 2.165700 0.417698 0.004182 2.162959 0.555661 0.002549 
2.380141 0.559030 0.004000 2.379815 0.422328 0.005544 2.165679 0.417671 0.004327 2.162930 0.555635 0.002750 
2.380234 0.558739 0.004026 2.379817 0.422042 0.005906 2.165680 0.417519 0.004287 2.163024 0.555480 0.002365 
2.380287 0.557482 0.004323 2.379081 0.420788 0.006096 2.164921 0.417502 0.004421 2.163062 0.555478 0.002608 
2.380347 0.556914 0.003712 2.378892 0.420228 0.005881 2.164724 0.417335 0.004731 2.163115 0.555308 0.002524 
2.380328 0.556926 0.003688 2.378868 0.420238 0.005761 2.164700 0.417352 0.004566 2.163096 0.555327 0.002457 
2.380840 0.556232 0.003618 2.379252 0.419562 0.006538 2.165090 0.416848 0.004372 2.163615 0.554808 0.001391 
2.380815 0.557384 0.004236 2.379963 0.420707 0.007150 2.165823 0.416833 0.004604 2.163606 0.554783 0.001625 
2.386298 0.547596 0.004038 2.376466 0.411267 0.006779 2.162527 0.421491 0.004973 2.169380 0.559293 0.002179 
2.390676 0.538072 0.004100 2.373470 0.402500 0.007854 2.160397 0.424301 0.006228 2.174708 0.561504 0.002413 
2.390377 0.537881 0.004679 2.373018 0.402322 0.008177 2.159973 0.424354 0.006209 2.174438 0.561548 0.002649 
2.390147 0.545567 0.008738 2.377551 0.409495 0.012713 2.163935 0.423911 0.006538 2.173583 0.561512 0.002435 
2.390021 0.551825 0.013653 2.381150 0.415459 0.017578 2.167393 0.423891 0.006869 2.173279 0.561704 0.002753 
2.389095 0.558816 0.014506 2.384635 0.422221 0.017917 2.170749 0.423763 0.006609 2.172178 0.561709 0.003003 
1.812419 0.823607 0.005001 1.858589 0.694928 0.004987 1.652828 0.625243 0.004877 1.609131 0.756142 0.004893 2.388853 0.561959 0.014726 2.386373 0.425307 0.017860 2.172488 0.423774 0.006517 2.171919 0.561733 0.003189 
1.809081 0.823613 0.004951 1.855189 0.694912 0.004916 1.649394 0.625326 0.004911 1.605760 0.756246 0.004947 2.388919 0.560696 0.014097 2.385661 0.424055 0.016991 2.171731 0.423775 0.006418 2.171947 0.561741 0.003345 
1.807668 0.823632 0.004939 1.853717 0.694910 0.004936 1.647890 0.625419 0.004940 1.604316 0.756359 0.004943 2.388960 0.560059 0.013777 2.385298 0.423426 0.016609 2.171346 0.423795 0.006490 2.171970 0.561761 0.003484 
1.807665 0.823632 0.004942 1.853713 0.694910 0.004954 1.647886 0.625419 0.004954 1.604312 0.756359 0.004942 2.388971 0.560053 0.013738 2.385305 0.423422 0.016617 2.171346 0.423798 0.006664 2.171973 0.561763 0.003614 
1.807611 0.823749 0.005073 1.853623 0.695014 0.004818 1.647777 0.625581 0.004710 1.604240 0.756533 0.004970 2.389026 0.560143 0.013724 2.385325 0.423508 0.016343 2.171358 0.423959 0.006562 2.172020 0.561930 0.003777 
1.807580 0.823703 0.005004 1.853546 0.694952 0.004712 1.647674 0.625592 0.004745 1.604185 0.756560 0.005039 2.389061 0.560115 0.013394 2.385351 0.423476 0.015832 2.171365 0.423963 0.006477 2.172036 0.561937 0.003880 
1.807551 0.823710 0.004986 1.853468 0.694942 0.004583 1.647571 0.625659 0.004719 1.604131 0.756643 0.005124 2.389110 0.560087 0.012827 2.385390 0.423445 0.015077 2.171377 0.423972 0.006369 2.172058 0.561950 0.003972 
1.807744 0.823735 0.005023 1.853460 0.694895 0.004622 1.647455 0.625934 0.004755 1.604219 0.756985 0.005158 2.389157 0.560052 0.012151 2.385434 0.423407 0.014212 2.171392 0.423962 0.006253 2.172074 0.561943 0.004058 
1.808108 0.823858 0.005174 1.853462 0.694891 0.004656 1.647264 0.626509 0.004807 1.604397 0.757681 0.005328 2.389232 0.559804 0.011567 2.385374 0.423161 0.013422 2.171309 0.423950 0.006119 2.172129 0.561934 0.004141 
1.808443 0.823970 0.005335 1.853469 0.694888 0.004688 1.647099 0.627030 0.005100 1.604565 0.758310 0.005748 2.389344 0.559376 0.010855 2.385237 0.422737 0.012493 2.171149 0.423936 0.005969 2.172219 0.561921 0.004220 
1.808809 0.824046 0.005541 1.853609 0.694887 0.004721 1.647122 0.627386 0.005480 1.604818 0.758740 0.006297 2.389432 0.559099 0.010006 2.385171 0.422462 0.011436 2.171059 0.423924 0.005817 2.172284 0.561910 0.004293 
1.809664 0.824082 0.005744 1.854341 0.694882 0.004747 1.647792 0.627576 0.005643 1.605613 0.758968 0.006637 2.389488 0.559002 0.009125 2.385181 0.422364 0.010365 2.171047 0.423915 0.005677 2.172318 0.561903 0.004358 
1.811198 0.824131 0.005859 1.855722 0.694878 0.004771 1.649093 0.627816 0.005591 1.607069 0.759257 0.006677 2.389546 0.558825 0.008432 2.385142 0.422189 0.009498 2.170994 0.423906 0.005551 2.172364 0.561894 0.004417 
1.813216 0.824172 0.005907 1.857584 0.694866 0.004793 1.650873 0.628054 0.005333 1.609008 0.759546 0.006450 2.389597 0.558651 0.007862 2.385094 0.422017 0.008775 2.170937 0.423898 0.005441 2.172407 0.561886 0.004471 
1.815441 0.824188 0.005941 1.859683 0.694839 0.004818 1.652905 0.628233 0.004990 1.611168 0.759765 0.006121 2.389634 0.558539 0.007347 2.385069 0.421907 0.008122 2.170905 0.423891 0.005343 2.172437 0.561880 0.004519 
1.817142 0.824050 0.006091 1.861276 0.694663 0.004967 1.654441 0.628232 0.004990 1.612815 0.759799 0.006125 2.389673 0.558393 0.006901 2.385024 0.421763 0.007547 2.170856 0.423885 0.005249 2.172473 0.561873 0.004564 
1.818545 0.823869 0.006139 1.862534 0.694433 0.005057 1.655625 0.628232 0.004991 1.614146 0.759847 0.006085 2.389705 0.558264 0.006588 2.384979 0.421636 0.007140 2.170809 0.423880 0.005188 2.172503 0.561868 0.004603 
1.819519 0.823720 0.006143 1.863389 0.694243 0.005101 1.656420 0.628234 0.004992 1.615062 0.759886 0.006046 2.389713 0.558260 0.006378 2.384986 0.421632 0.006878 2.170814 0.423878 0.005165 2.172508 0.561866 0.004636 
1.820067 0.823645 0.006164 1.863878 0.694148 0.005123 1.656879 0.628233 0.004992 1.615580 0.759905 0.006046 2.389718 0.558256 0.006232 2.384991 0.421628 0.006688 2.170818 0.423876 0.005146 2.172512 0.561865 0.004664 
1.820355 0.823615 0.006218 1.864152 0.694114 0.005154 1.657145 0.628222 0.004993 1.615861 0.759898 0.006070 2.389722 0.558253 0.006138 2.384995 0.421625 0.006555 2.170820 0.423874 0.005131 2.172515 0.561863 0.004690 
1.820504 0.823525 0.006252 1.864294 0.694021 0.005181 1.657284 0.628140 0.004993 1.616007 0.759818 0.006077 2.389723 0.558251 0.006105 2.384996 0.421623 0.006488 2.170821 0.423873 0.005119 2.172517 0.561862 0.004713 
1.820526 0.823381 0.006246 1.864320 0.693879 0.005183 1.657312 0.627991 0.004994 1.616031 0.759668 0.006070 2.389724 0.558249 0.006108 2.384996 0.421621 0.006462 2.170821 0.423872 0.005110 2.172517 0.561861 0.004733 
1.820532 0.823375 0.006270 1.864322 0.693872 0.005197 1.657311 0.627991 0.004994 1.616035 0.759668 0.006080 2.389724 0.558247 0.006134 2.384995 0.421618 0.006465 2.170821 0.423871 0.005104 2.172517 0.561860 0.004751 
1.820532 0.823374 0.006311 1.864322 0.693870 0.005219 1.657311 0.627990 0.004994 1.616035 0.759668 0.006100 2.389724 0.558245 0.006162 2.384995 0.421617 0.006469 2.170820 0.423870 0.005097 2.172517 0.561859 0.004767 
1.820532 0.823372 0.006353 1.864322 0.693869 0.005242 1.657311 0.627989 0.004994 1.616034 0.759667 0.006119 2.389723 0.558244 0.006191 2.384994 0.421615 0.006475 2.170820 0.423869 0.005090 2.172517 0.561858 0.004783 
1.820532 0.823371 0.006393 1.864321 0.693868 0.005265 1.657311 0.627988 0.004994 1.616034 0.759666 0.006136 2.389723 0.558243 0.006221 2.384993 0.421614 0.006485 2.170819 0.423868 0.005084 2.172517 0.561858 0.004797 
1.820532 0.823370 0.006431 1.864321 0.693867 0.005290 1.657310 0.627987 0.004994 1.616034 0.759665 0.006150 2.389723 0.558241 0.006254 2.384992 0.421612 0.006499 2.170818 0.423868 0.005078 2.172516 0.561857 0.004810 
1.820533 0.823368 0.006469 1.864321 0.693865 0.005316 1.657310 0.627987 0.004994 1.616034 0.759664 0.006162 2.389722 0.558239 0.006288 2.384991 0.421610 0.006517 2.170817 0.423867 0.005073 2.172516 0.561857 0.004822 
1.820533 0.823366 0.006505 1.864321 0.693862 0.005342 1.657309 0.627986 0.004994 1.616035 0.759664 0.006172 2.389722 0.558237 0.006325 2.384990 0.421609 0.006538 2.170816 0.423867 0.005068 2.172516 0.561856 0.004832 
1.820535 0.823364 0.006539 1.864321 0.693860 0.005368 1.657309 0.627986 0.004994 1.616036 0.759664 0.006181 2.389721 0.558236 0.006362 2.384989 0.421607 0.006561 2.170815 0.423866 0.005064 2.172515 0.561856 0.004842 
1.820536 0.823361 0.006572 1.864321 0.693857 0.005395 1.657308 0.627985 0.004993 1.616036 0.759664 0.006188 2.389720 0.558234 0.006398 2.384987 0.421605 0.006585 2.170814 0.423866 0.005061 2.172515 0.561855 0.004850 
1.820538 0.823359 0.006602 1.864322 0.693854 0.005419 1.657308 0.627985 0.004993 1.616037 0.759664 0.006194 2.389720 0.558232 0.006434 2.384986 0.421604 0.006609 2.170813 0.423865 0.005058 2.172514 0.561855 0.004858 
1.820539 0.823357 0.006630 1.864322 0.693852 0.005442 1.657307 0.627984 0.004993 1.616038 0.759664 0.006199 2.389719 0.558231 0.006466 2.384985 0.421602 0.006632 2.170812 0.423865 0.005055 2.172514 0.561854 0.004865 
1.820540 0.823355 0.006656 1.864322 0.693850 0.005463 1.657307 0.627984 0.004993 1.616039 0.759663 0.006204 2.389719 0.558229 0.006496 2.384984 0.421601 0.006652 2.170811 0.423865 0.005052 2.172514 0.561854 0.004872 
1.820541 0.823353 0.006679 1.864322 0.693848 0.005481 1.657306 0.627984 0.004993 1.616039 0.759663 0.006209 2.389718 0.558228 0.006522 2.384983 0.421599 0.006669 2.170810 0.423864 0.005050 2.172514 0.561854 0.004878 
1.820541 0.823352 0.006699 1.864322 0.693847 0.005497 1.657306 0.627983 0.004993 1.616039 0.759663 0.006213 2.389718 0.558226 0.006544 2.384982 0.421598 0.006684 2.170809 0.423864 0.005048 2.172513 0.561854 0.004883 
1.820542 0.823351 0.006717 1.864322 0.693846 0.005511 1.657306 0.627983 0.004993 1.616039 0.759663 0.006218 2.389718 0.558225 0.006564 2.384981 0.421596 0.006697 2.170808 0.423864 0.005046 2.172513 0.561853 0.004888 
1.820542 0.823351 0.006733 1.864322 0.693845 0.005524 1.657306 0.627983 0.004993 1.616039 0.759663 0.006221 2.389718 0.558224 0.006582 2.384980 0.421595 0.006708 2.170807 0.423864 0.005044 2.172513 0.561853 0.004892 
1.820542 0.823350 0.006747 1.864322 0.693844 0.005535 1.657305 0.627983 0.004993 1.616039 0.759663 0.006225 2.389717 0.558222 0.006598 2.384979 0.421594 0.006719 2.170807 0.423863 0.005042 2.172513 0.561853 0.004896 
1.820542 0.823349 0.006761 1.864322 0.693843 0.005547 1.657305 0.627982 0.004993 1.616039 0.759662 0.006227 2.389717 0.558221 0.006615 2.384978 0.421593 0.006731 2.170806 0.423863 0.005041 2.172513 0.561853 0.004900 
1.820543 0.823348 0.006775 1.864321 0.693842 0.005558 1.657305 0.627982 0.004993 1.616040 0.759662 0.006229 2.389717 0.558220 0.006632 2.384977 0.421592 0.006743 2.170805 0.423863 0.005040 2.172513 0.561853 0.004903 
1.820543 0.823347 0.006789 1.864321 0.693841 0.005571 1.657305 0.627982 0.004993 1.616040 0.759662 0.006231 2.389717 0.558219 0.006649 2.384976 0.421590 0.006757 2.170804 0.423863 0.005039 2.172513 0.561852 0.004906 
1.820544 0.823346 0.006802 1.864321 0.693840 0.005583 1.657304 0.627982 0.004993 1.616040 0.759662 0.006232 2.389716 0.558218 0.006668 2.384975 0.421589 0.006771 2.170804 0.423863 0.005038 2.172513 0.561852 0.004908 
1.820545 0.823345 0.006814 1.864322 0.693839 0.005595 1.657304 0.627982 0.004993 1.616041 0.759662 0.006232 2.389716 0.558216 0.006687 2.384974 0.421588 0.006787 2.170803 0.423863 0.005037 2.172513 0.561852 0.004911 
1.820547 0.823343 0.006824 1.864322 0.693836 0.005606 1.657304 0.627982 0.004993 1.616042 0.759663 0.006232 2.389716 0.558215 0.006706 2.384974 0.421587 0.006803 2.170802 0.423863 0.005036 2.172512 0.561852 0.004913 
1.820549 0.823340 0.006833 1.864323 0.693833 0.005616 1.657304 0.627982 0.004993 1.616044 0.759663 0.006230 2.389715 0.558214 0.006725 2.384973 0.421586 0.006820 2.170801 0.423863 0.005036 2.172512 0.561852 0.004915 
1.820552 0.823338 0.006841 1.864324 0.693829 0.005625 1.657303 0.627981 0.004993 1.616046 0.759664 0.006229 2.389715 0.558213 0.006744 2.384972 0.421585 0.006836 2.170800 0.423863 0.005035 2.172512 0.561852 0.004917 
1.820555 0.823335 0.006848 1.864324 0.693826 0.005635 1.657303 0.627981 0.004993 1.616047 0.759664 0.006227 2.389715 0.558212 0.006763 2.384970 0.421583 0.006853 2.170799 0.423863 0.005035 2.172512 0.561852 0.004918 
1.820557 0.823333 0.006857 1.864325 0.693823 0.005645 1.657303 0.627981 0.004993 1.616049 0.759665 0.006226 2.389714 0.558211 0.006793 2.384969 0.421582 0.006881 2.170798 0.423863 0.005035 2.172512 0.561852 0.004920 
1.820561 0.823330 0.006868 1.864326 0.693819 0.005659 1.657303 0.627981 0.004993 1.616051 0.759666 0.006223 2.389713 0.558209 0.006836 2.384967 0.421581 0.006922 2.170797 0.423863 0.005035 2.172511 0.561852 0.004921 
1.820565 0.823324 0.006878 1.864328 0.693813 0.005675 1.657303 0.627979 0.004994 1.616054 0.759665 0.006219 2.389712 0.558208 0.006887 2.384965 0.421580 0.006971 2.170795 0.423863 0.005035 2.172510 0.561852 0.004922 
1.820570 0.823320 0.006891 1.864329 0.693807 0.005691 1.657303 0.627979 0.004994 1.616057 0.759666 0.006215 2.389710 0.558207 0.006944 2.384963 0.421578 0.007027 2.170793 0.423863 0.005036 2.172509 0.561852 0.004923 
1.820575 0.823316 0.006903 1.864330 0.693802 0.005709 1.657302 0.627979 0.004994 1.616060 0.759667 0.006210 2.389709 0.558205 0.007004 2.384960 0.421577 0.007086 2.170791 0.423863 0.005037 2.172508 0.561852 0.004925 
1.820579 0.823310 0.006916 1.864333 0.693795 0.005729 1.657304 0.627976 0.004996 1.616064 0.759664 0.006204 2.389707 0.558203 0.007068 2.384957 0.421575 0.007148 2.170789 0.423863 0.005037 2.172507 0.561852 0.004926 
1.820578 0.823309 0.006933 1.864332 0.693795 0.005750 1.657304 0.627975 0.004995 1.616063 0.759664 0.006201 2.389705 0.558201 0.007133 2.384954 0.421573 0.007213 2.170786 0.423863 0.005038 2.172506 0.561852 0.004926 
1.820581 0.823304 0.006948 1.864334 0.693790 0.005772 1.657305 0.627971 0.004997 1.616065 0.759660 0.006195 2.389703 0.558199 0.007201 2.384950 0.421571 0.007280 2.170784 0.423863 0.005039 2.172504 0.561852 0.004927 
1.820580 0.823304 0.006966 1.864334 0.693790 0.005793 1.657305 0.627971 0.004997 1.616064 0.759660 0.006192 2.389701 0.558197 0.007271 2.384947 0.421569 0.007349 2.170781 0.423863 0.005040 2.172503 0.561852 0.004928 
1.820579 0.823304 0.006982 1.864333 0.693789 0.005814 1.657304 0.627971 0.004996 1.616064 0.759660 0.006188 2.389699 0.558194 0.007341 2.384944 0.421566 0.007418 2.170778 0.423863 0.005041 2.172502 0.561852 0.004929 
1.820581 0.823300 0.006994 1.864335 0.693785 0.005834 1.657306 0.627967 0.004998 1.616065 0.759655 0.006181 2.389697 0.558192 0.007409 2.384940 0.421564 0.007486 2.170776 0.423863 0.005042 2.172501 0.561852 0.004930 
1.820578 0.823301 0.007010 1.864333 0.693787 0.005852 1.657305 0.627967 0.004997 1.616063 0.759655 0.006178 2.389695 0.558191 0.007475 2.384937 0.421563 0.007552 2.170773 0.423863 0.005043 2.172500 0.561852 0.004930 
1.820575 0.823303 0.007026 1.864332 0.693789 0.005871 1.657305 0.627967 0.004997 1.616061 0.759654 0.006175 2.389693 0.558189 0.007542 2.384934 0.421561 0.007618 2.170771 0.423863 0.005044 2.172498 0.561852 0.004931 
1.820579 0.823295 0.007032 1.864336 0.693781 0.005889 1.657309 0.627959 0.004998 1.616065 0.759646 0.006164 2.389691 0.558188 0.007605 2.384931 0.421560 0.007680 2.170769 0.423863 0.005045 2.172497 0.561852 0.004931 
1.820579 0.823292 0.007040 1.864337 0.693778 0.005905 1.657310 0.627955 0.004999 1.616066 0.759642 0.006158 2.389689 0.558186 0.007665 2.384928 0.421558 0.007740 2.170767 0.423863 0.005046 2.172496 0.561852 0.004932 
1.820580 0.823289 0.007049 1.864339 0.693775 0.005921 1.657312 0.627951 0.004998 1.616067 0.759638 0.006150 2.389688 0.558183 0.007725 2.384925 0.421555 0.007801 2.170764 0.423863 0.005048 2.172495 0.561852 0.004932 
1.820579 0.823289 0.007060 1.864338 0.693776 0.005936 1.657312 0.627951 0.004997 1.616066 0.759638 0.006146 2.389686 0.558179 0.007783 2.384920 0.421551 0.007861 2.170760 0.423863 0.005050 2.172495 0.561852 0.004931 
1.820578 0.823289 0.007073 1.864337 0.693776 0.005953 1.657311 0.627951 0.004997 1.616066 0.759638 0.006141 2.389684 0.558175 0.007845 2.384916 0.421547 0.007924 2.170757 0.423863 0.005052 2.172494 0.561852 0.004931 
1.820576 0.823290 0.007086 1.864335 0.693776 0.005969 1.657309 0.627951 0.004997 1.616063 0.759639 0.006138 2.389683 0.558170 0.007905 2.384911 0.421543 0.007986 2.170753 0.423863 0.005054 2.172493 0.561852 0.004930 
1.820576 0.823290 0.007098 1.864335 0.693776 0.005986 1.657308 0.627951 0.004996 1.616063 0.759639 0.006134 2.389681 0.558165 0.007965 2.384907 0.421538 0.008048 2.170749 0.423863 0.005056 2.172492 0.561852 0.004930 
1.820575 0.823289 0.007110 1.864334 0.693776 0.006001 1.657308 0.627951 0.004996 1.616063 0.759639 0.006130 2.389679 0.558161 0.008023 2.384902 0.421534 0.008107 2.170746 0.423864 0.005058 2.172492 0.561853 0.004929 
1.820575 0.823289 0.007122 1.864334 0.693776 0.006016 1.657308 0.627951 0.004996 1.616062 0.759639 0.006126 2.389678 0.558156 0.008079 2.384897 0.421529 0.008164 2.170742 0.423864 0.005060 2.172491 0.561853 0.004929 
1.820575 0.823289 0.007133 1.864333 0.693775 0.006031 1.657307 0.627951 0.004995 1.616062 0.759639 0.006122 2.389676 0.558151 0.008133 2.384893 0.421524 0.008221 2.170738 0.423864 0.005062 2.172490 0.561853 0.004928 
1.820574 0.823289 0.007144 1.864333 0.693775 0.006046 1.657307 0.627951 0.004995 1.616062 0.759639 0.006119 2.389675 0.558147 0.008188 2.384888 0.421520 0.008276 2.170734 0.423864 0.005064 2.172490 0.561853 0.004928 
1.820574 0.823288 0.007155 1.864333 0.693775 0.006060 1.657306 0.627951 0.004995 1.616061 0.759639 0.006115 2.389674 0.558142 0.008242 2.384884 0.421515 0.008332 2.170731 0.423864 0.005066 2.172489 0.561853 0.004928 
1.820574 0.823288 0.007167 1.864332 0.693774 0.006075 1.657306 0.627951 0.004995 1.616061 0.759639 0.006112 2.389672 0.558137 0.008296 2.384879 0.421510 0.008388 2.170727 0.423864 0.005068 2.172489 0.561853 0.004927 
1.820573 0.823288 0.007179 1.864332 0.693774 0.006090 1.657306 0.627951 0.004994 1.616061 0.759639 0.006109 2.389671 0.558132 0.008351 2.384875 0.421506 0.008444 2.170723 0.423864 0.005069 2.172488 0.561853 0.004927 
1.820573 0.823288 0.007191 1.864331 0.693774 0.006105 1.657305 0.627951 0.004994 1.616060 0.759639 0.006106 2.389669 0.558127 0.008406 2.384870 0.421501 0.008501 2.170719 0.423864 0.005071 2.172488 0.561853 0.004926 
1.820573 0.823288 0.007203 1.864331 0.693774 0.006121 1.657305 0.627951 0.004994 1.616060 0.759639 0.006103 2.389667 0.558122 0.008462 2.384865 0.421496 0.008558 2.170715 0.423864 0.005073 2.172487 0.561853 0.004926 
1.820566 0.823289 0.007216 1.864324 0.693775 0.006135 1.657298 0.627953 0.004994 1.616054 0.759641 0.006102 2.389666 0.558117 0.008518 2.384860 0.421490 0.008616 2.170711 0.423864 0.005075 2.172487 0.561853 0.004925 
1.820564 0.823290 0.007230 1.864322 0.693776 0.006151 1.657296 0.627954 0.004994 1.616052 0.759642 0.006100 2.389664 0.558111 0.008577 2.384855 0.421485 0.008677 2.170707 0.423864 0.005077 2.172486 0.561853 0.004925 
1.820564 0.823290 0.007243 1.864322 0.693775 0.006167 1.657296 0.627954 0.004994 1.616051 0.759642 0.006097 2.389663 0.558105 0.008636 2.384849 0.421479 0.008738 2.170703 0.423865 0.005079 2.172485 0.561853 0.004924 
1.820563 0.823290 0.007257 1.864321 0.693775 0.006184 1.657295 0.627954 0.004994 1.616051 0.759642 0.006094 2.389661 0.558100 0.008696 2.384844 0.421474 0.008798 2.170699 0.423865 0.005081 2.172485 0.561853 0.004924 
1.820563 0.823289 0.007271 1.864321 0.693775 0.006200 1.657295 0.627954 0.004994 1.616050 0.759642 0.006091 2.389659 0.558094 0.008755 2.384839 0.421468 0.008859 2.170694 0.423865 0.005083 2.172484 0.561853 0.004923 
1.820554 0.823292 0.007287 1.864312 0.693778 0.006216 1.657286 0.627957 0.004994 1.616042 0.759645 0.006092 2.389657 0.558089 0.008817 2.384833 0.421463 0.008923 2.170690 0.423865 0.005085 2.172484 0.561853 0.004923 
1.820553 0.823292 0.007303 1.864311 0.693778 0.006235 1.657285 0.627957 0.004994 1.616041 0.759645 0.006090 2.389655 0.558083 0.008880 2.384828 0.421458 0.008988 2.170686 0.423865 0.005087 2.172483 0.561853 0.004923 
1.820552 0.823292 0.007319 1.864311 0.693778 0.006253 1.657285 0.627957 0.004994 1.616040 0.759645 0.006088 2.389654 0.558078 0.008941 2.384823 0.421453 0.009051 2.170682 0.423865 0.005090 2.172482 0.561853 0.004922 
1.820551 0.823293 0.007336 1.864310 0.693779 0.006271 1.657284 0.627957 0.004994 1.616039 0.759644 0.006087 2.389652 0.558073 0.009001 2.384817 0.421448 0.009112 2.170678 0.423865 0.005092 2.172482 0.561853 0.004922 
1.820550 0.823293 0.007353 1.864309 0.693779 0.006289 1.657284 0.627956 0.004994 1.616038 0.759644 0.006087 2.389650 0.558069 0.009060 2.384813 0.421444 0.009173 2.170674 0.423865 0.005094 2.172481 0.561853 0.004922 
1.820548 0.823294 0.007372 1.864308 0.693780 0.006307 1.657284 0.627956 0.004993 1.616037 0.759644 0.006087 2.389648 0.558064 0.009119 2.384808 0.421439 0.009233 2.170671 0.423865 0.005096 2.172480 0.561854 0.004922 
1.820546 0.823294 0.007392 1.864307 0.693781 0.006326 1.657283 0.627956 0.004993 1.616036 0.759643 0.006088 2.389646 0.558060 0.009177 2.384803 0.421435 0.009292 2.170667 0.423866 0.005098 2.172480 0.561854 0.004921 
1.820538 0.823297 0.007412 1.864300 0.693784 0.006344 1.657277 0.627957 0.004994 1.616028 0.759644 0.006091 2.389644 0.558056 0.009234 2.384799 0.421431 0.009351 2.170664 0.423866 0.005101 2.172479 0.561854 0.004921 
1.820536 0.823298 0.007434 1.864299 0.693785 0.006363 1.657276 0.627957 0.004993 1.616026 0.759643 0.006094 2.389642 0.558052 0.009290 2.384794 0.421428 0.009409 2.170660 0.423866 0.005103 2.172478 0.561854 0.004921 
1.820526 0.823300 0.007457 1.864290 0.693788 0.006382 1.657268 0.627959 0.004994 1.616017 0.759645 0.006099 2.389640 0.558049 0.009346 2.384790 0.421424 0.009466 2.170657 0.423866 0.005105 2.172478 0.561854 0.004921 
1.820516 0.823303 0.007481 1.864281 0.693791 0.006401 1.657259 0.627961 0.004994 1.616007 0.759646 0.006105 2.389638 0.558045 0.009403 2.384785 0.421420 0.009525 2.170654 0.423866 0.005107 2.172477 0.561854 0.004920 
1.820513 0.823304 0.007507 1.864280 0.693793 0.006422 1.657259 0.627960 0.004994 1.616006 0.759645 0.006109 2.389636 0.558040 0.009461 2.384780 0.421416 0.009584 2.170650 0.423866 0.005109 2.172476 0.561854 0.004920 
1.820511 0.823305 0.007535 1.864278 0.693794 0.006446 1.657258 0.627960 0.004994 1.616004 0.759645 0.006114 2.389634 0.558036 0.009519 2.384776 0.421412 0.009644 2.170647 0.423866 0.005111 2.172475 0.561854 0.004920 
1.820509 0.823305 0.007565 1.864277 0.693795 0.006471 1.657257 0.627959 0.004994 1.616002 0.759644 0.006119 2.389632 0.558032 0.009577 2.384771 0.421408 0.009704 2.170643 0.423866 0.005113 2.172475 0.561854 0.004919 
1.820507 0.823306 0.007597 1.864276 0.693796 0.006496 1.657257 0.627959 0.004993 1.616001 0.759643 0.006126 2.389630 0.558028 0.009635 2.384766 0.421404 0.009763 2.170640 0.423866 0.005115 2.172474 0.561854 0.004919 
1.820504 0.823307 0.007630 1.864275 0.693797 0.006522 1.657256 0.627959 0.004993 1.615999 0.759642 0.006133 2.389628 0.558024 0.009692 2.384761 0.421400 0.009822 2.170636 0.423866 0.005117 2.172473 0.561854 0.004919 
1.820502 0.823307 0.007663 1.864274 0.693798 0.006547 1.657256 0.627958 0.004993 1.615997 0.759641 0.006141 2.389626 0.558020 0.009748 2.384757 0.421396 0.009879 2.170633 0.423867 0.005120 2.172473 0.561854 0.004918 
1.820491 0.823310 0.007696 1.864264 0.693801 0.006571 1.657247 0.627959 0.004993 1.615987 0.759642 0.006152 2.389624 0.558016 0.009802 2.384752 0.421392 0.009935 2.170630 0.423867 0.005121 2.172472 0.561854 0.004918 
1.820478 0.823312 0.007730 1.864252 0.693804 0.006595 1.657236 0.627960 0.004994 1.615975 0.759643 0.006163 2.389622 0.558012 0.009856 2.384748 0.421388 0.009990 2.170626 0.423867 0.005123 2.172471 0.561854 0.004918 
1.820475 0.823313 0.007766 1.864251 0.693805 0.006621 1.657235 0.627960 0.004993 1.615973 0.759641 0.006172 2.389620 0.558008 0.009912 2.384743 0.421384 0.010047 2.170623 0.423867 0.005125 2.172471 0.561854 0.004918 
1.820462 0.823313 0.007803 1.864239 0.693806 0.006649 1.657223 0.627959 0.004993 1.615960 0.759641 0.006182 2.389618 0.558004 0.009971 2.384738 0.421380 0.010105 2.170620 0.423867 0.005126 2.172470 0.561854 0.004918 
1.820442 0.823313 0.007840 1.864219 0.693806 0.006676 1.657204 0.627959 0.004993 1.615940 0.759640 0.006192 2.389616 0.558000 0.010030 2.384733 0.421376 0.010165 2.170616 0.423867 0.005127 2.172469 0.561854 0.004919 
1.820416 0.823313 0.007878 1.864194 0.693807 0.006703 1.657180 0.627958 0.004993 1.615915 0.759639 0.006203 2.389614 0.557996 0.010093 2.384728 0.421372 0.010227 2.170613 0.423867 0.005128 2.172468 0.561854 0.004919 
1.820378 0.823314 0.007916 1.864158 0.693808 0.006730 1.657145 0.627958 0.004993 1.615878 0.759638 0.006215 2.389611 0.557992 0.010157 2.384724 0.421369 0.010291 2.170609 0.423867 0.005129 2.172468 0.561854 0.004919 
1.820349 0.823315 0.007954 1.864131 0.693810 0.006756 1.657118 0.627957 0.004993 1.615850 0.759636 0.006227 2.389609 0.557988 0.010221 2.384719 0.421365 0.010354 2.170606 0.423867 0.005129 2.172467 0.561854 0.004920 
1.820325 0.823317 0.007993 1.864108 0.693812 0.006783 1.657097 0.627957 0.004993 1.615827 0.759636 0.006240 2.389606 0.557984 0.010283 2.384714 0.421361 0.010415 2.170603 0.423867 0.005129 2.172466 0.561854 0.004920 
1.820321 0.823319 0.008034 1.864106 0.693816 0.006812 1.657096 0.627958 0.004992 1.615824 0.759636 0.006252 2.389604 0.557981 0.010343 2.384709 0.421358 0.010474 2.170600 0.423867 0.005130 2.172465 0.561854 0.004921 
1.820299 0.823322 0.008073 1.864087 0.693819 0.006839 1.657078 0.627958 0.004993 1.615804 0.759635 0.006265 2.389601 0.557977 0.010407 2.384704 0.421354 0.010537 2.170596 0.423867 0.005130 2.172464 0.561854 0.004921 
1.820259 0.823324 0.008113 1.864048 0.693822 0.006867 1.657040 0.627959 0.004993 1.615764 0.759636 0.006279 2.389599 0.557973 0.010477 2.384699 0.421350 0.010605 2.170593 0.423867 0.005130 2.172463 0.561854 0.004922 
1.820254 0.823326 0.008154 1.864045 0.693825 0.006898 1.657039 0.627959 0.004993 1.615760 0.759634 0.006288 2.389596 0.557969 0.010544 2.384694 0.421346 0.010670 2.170589 0.423867 0.005130 2.172462 0.561854 0.004923 
1.820241 0.823327 0.008197 1.864034 0.693826 0.006931 1.657028 0.627958 0.004993 1.615748 0.759633 0.006299 2.389593 0.557965 0.010612 2.384688 0.421342 0.010737 2.170586 0.423867 0.005130 2.172461 0.561854 0.004923 
1.820190 0.823328 0.008237 1.863984 0.693828 0.006958 1.656980 0.627957 0.004993 1.615698 0.759632 0.006312 2.389590 0.557961 0.010684 2.384683 0.421339 0.010807 2.170582 0.423867 0.005130 2.172460 0.561854 0.004924 
1.820181 0.823330 0.008274 1.863978 0.693830 0.006989 1.656974 0.627957 0.004993 1.615690 0.759630 0.006319 2.389587 0.557957 0.010750 2.384678 0.421335 0.010871 2.170579 0.423867 0.005130 2.172459 0.561854 0.004925 
1.820125 0.823332 0.008316 1.863923 0.693834 0.007016 1.656921 0.627958 0.004993 1.615635 0.759631 0.006334 2.389584 0.557954 0.010822 2.384672 0.421331 0.010941 2.170575 0.423867 0.005129 2.172458 0.561854 0.004926 
1.820054 0.823334 0.008359 1.863856 0.693837 0.007045 1.656855 0.627957 0.004993 1.615566 0.759629 0.006349 2.389581 0.557951 0.010899 2.384667 0.421329 0.011017 2.170572 0.423867 0.005130 2.172457 0.561854 0.004927 
1.819979 0.823337 0.008403 1.863784 0.693841 0.007075 1.656785 0.627957 0.004993 1.615493 0.759627 0.006363 2.389577 0.557949 0.010986 2.384662 0.421327 0.011103 2.170569 0.423867 0.005131 2.172455 0.561854 0.004927 
1.819947 0.823342 0.008440 1.863754 0.693847 0.007104 1.656756 0.627959 0.004993 1.615462 0.759628 0.006372 2.389573 0.557946 0.011066 2.384656 0.421324 0.011181 2.170566 0.423867 0.005132 2.172454 0.561854 0.004928 
1.819908 0.823346 0.008480 1.863717 0.693852 0.007133 1.656721 0.627961 0.004994 1.615424 0.759629 0.006383 2.389570 0.557942 0.011141 2.384651 0.421320 0.011256 2.170562 0.423867 0.005133 2.172453 0.561854 0.004929 
1.819903 0.823348 0.008522 1.863715 0.693855 0.007167 1.656720 0.627960 0.004993 1.615421 0.759628 0.006392 2.389567 0.557938 0.011212 2.384645 0.421316 0.011327 2.170559 0.423867 0.005134 2.172452 0.561854 0.004929 
1.819873 0.823352 0.008564 1.863687 0.693860 0.007199 1.656693 0.627963 0.004994 1.615392 0.759630 0.006404 2.389564 0.557935 0.011283 2.384640 0.421313 0.011397 2.170556 0.423867 0.005135 2.172451 0.561854 0.004930 
1.819833 0.823357 0.008604 1.863649 0.693865 0.007227 1.656656 0.627966 0.004994 1.615353 0.759632 0.006416 2.389560 0.557932 0.011356 2.384634 0.421310 0.011468 2.170552 0.423867 0.005135 2.172450 0.561854 0.004931 
1.819793 0.823362 0.008643 1.863610 0.693871 0.007256 1.656619 0.627968 0.004995 1.615314 0.759634 0.006428 2.389557 0.557929 0.011429 2.384629 0.421307 0.011540 2.170549 0.423867 0.005136 2.172449 0.561854 0.004931 
1.819782 0.823363 0.008683 1.863602 0.693873 0.007288 1.656611 0.627968 0.004994 1.615304 0.759633 0.006435 2.389554 0.557925 0.011495 2.384624 0.421303 0.011605 2.170546 0.423867 0.005137 2.172448 0.561854 0.004932 
1.819772 0.823367 0.008724 1.863593 0.693878 0.007319 1.656604 0.627971 0.004995 1.615295 0.759635 0.006446 2.389551 0.557922 0.011554 2.384619 0.421301 0.011664 2.170543 0.423867 0.005137 2.172447 0.561854 0.004933 
1.819732 0.823369 0.008760 1.863556 0.693881 0.007345 1.656568 0.627970 0.004994 1.615257 0.759633 0.006456 2.389548 0.557920 0.011617 2.384615 0.421299 0.011726 2.170541 0.423867 0.005138 2.172446 0.561854 0.004933 
1.819722 0.823371 0.008798 1.863548 0.693883 0.007374 1.656562 0.627969 0.004994 1.615248 0.759632 0.006465 2.389546 0.557918 0.011673 2.384611 0.421296 0.011781 2.170538 0.423867 0.005138 2.172445 0.561854 0.004934 
1.819679 0.823376 0.008838 1.863507 0.693889 0.007400 1.656522 0.627972 0.004995 1.615206 0.759634 0.006481 2.389543 0.557916 0.011730 2.384607 0.421295 0.011837 2.170536 0.423867 0.005139 2.172444 0.561854 0.004935 
1.819613 0.823380 0.008878 1.863445 0.693894 0.007425 1.656462 0.627972 0.004994 1.615142 0.759632 0.006495 2.389540 0.557915 0.011795 2.384603 0.421294 0.011901 2.170534 0.423867 0.005139 2.172443 0.561854 0.004936 
1.819540 0.823383 0.008916 1.863375 0.693899 0.007451 1.656394 0.627971 0.004994 1.615071 0.759630 0.006508 2.389536 0.557914 0.011869 2.384598 0.421292 0.011974 2.170532 0.423867 0.005140 2.172441 0.561854 0.004936 
1.819463 0.823385 0.008953 1.863301 0.693902 0.007477 1.656321 0.627970 0.004994 1.614995 0.759629 0.006519 2.389532 0.557912 0.011951 2.384593 0.421290 0.012054 2.170529 0.423867 0.005141 2.172440 0.561854 0.004937 
1.819389 0.823387 0.008987 1.863230 0.693905 0.007502 1.656251 0.627970 0.004994 1.614923 0.759627 0.006529 2.389528 0.557909 0.012035 2.384587 0.421287 0.012138 2.170525 0.423867 0.005142 2.172438 0.561854 0.004938 
1.819353 0.823390 0.009017 1.863197 0.693909 0.007523 1.656220 0.627969 0.004993 1.614888 0.759626 0.006537 2.389524 0.557905 0.012109 2.384580 0.421283 0.012210 2.170522 0.423867 0.005143 2.172437 0.561854 0.004939 
1.819327 0.823394 0.009047 1.863172 0.693913 0.007545 1.656197 0.627972 0.004994 1.614864 0.759628 0.006547 2.389521 0.557900 0.012171 2.384575 0.421279 0.012272 2.170518 0.423867 0.005144 2.172437 0.561854 0.004939 
1.819291 0.823395 0.009076 1.863138 0.693916 0.007566 1.656163 0.627972 0.004993 1.614829 0.759627 0.006554 2.389518 0.557896 0.012235 2.384569 0.421275 0.012335 2.170515 0.423867 0.005144 2.172436 0.561854 0.004940 
1.819286 0.823396 0.009104 1.863134 0.693917 0.007591 1.656160 0.627972 0.004993 1.614824 0.759626 0.006557 2.389516 0.557891 0.012291 2.384564 0.421270 0.012390 2.170511 0.423867 0.005145 2.172435 0.561854 0.004940 
1.819281 0.823397 0.009133 1.863130 0.693918 0.007617 1.656157 0.627971 0.004993 1.614820 0.759626 0.006561 2.389514 0.557888 0.012343 2.384559 0.421267 0.012442 2.170509 0.423867 0.005146 2.172435 0.561854 0.004941 
1.819271 0.823397 0.009160 1.863122 0.693919 0.007639 1.656149 0.627971 0.004993 1.614811 0.759625 0.006565 2.389511 0.557886 0.012390 2.384556 0.421265 0.012488 2.170506 0.423867 0.005146 2.172434 0.561854 0.004942 
1.819258 0.823398 0.009184 1.863109 0.693921 0.007659 1.656138 0.627971 0.004993 1.614798 0.759624 0.006571 2.389509 0.557883 0.012432 2.384552 0.421263 0.012529 2.170504 0.423867 0.005146 2.172434 0.561854 0.004942 
1.819223 0.823402 0.009211 1.863078 0.693925 0.007676 1.656108 0.627970 0.004992 1.614765 0.759622 0.006580 2.389507 0.557882 0.012471 2.384549 0.421261 0.012567 2.170503 0.423867 0.005146 2.172433 0.561853 0.004943 
1.819172 0.823405 0.009237 1.863031 0.693929 0.007693 1.656063 0.627970 0.004992 1.614716 0.759621 0.006589 2.389505 0.557880 0.012513 2.384546 0.421259 0.012609 2.170501 0.423867 0.005147 2.172432 0.561853 0.004943 
1.819117 0.823406 0.009261 1.862977 0.693932 0.007711 1.656010 0.627970 0.004992 1.614661 0.759620 0.006596 2.389502 0.557878 0.012570 2.384542 0.421257 0.012664 2.170499 0.423867 0.005147 2.172432 0.561853 0.004944 
1.819054 0.823408 0.009284 1.862915 0.693933 0.007728 1.655949 0.627969 0.004992 1.614600 0.759619 0.006601 2.389499 0.557875 0.012634 2.384536 0.421254 0.012728 2.170496 0.423867 0.005148 2.172431 0.561853 0.004944 
1.818986 0.823409 0.009306 1.862849 0.693935 0.007746 1.655884 0.627969 0.004992 1.614533 0.759618 0.006606 2.389496 0.557871 0.012707 2.384530 0.421250 0.012800 2.170492 0.423867 0.005149 2.172430 0.561853 0.004945 
1.818919 0.823409 0.009327 1.862783 0.693936 0.007764 1.655818 0.627969 0.004992 1.614466 0.759617 0.006609 2.389492 0.557866 0.012784 2.384523 0.421245 0.012877 2.170488 0.423867 0.005150 2.172429 0.561853 0.004945 
1.818881 0.823410 0.009343 1.862746 0.693937 0.007778 1.655782 0.627968 0.004992 1.614429 0.759617 0.006611 2.389489 0.557859 0.012854 2.384516 0.421239 0.012946 2.170483 0.423867 0.005151 2.172428 0.561853 0.004946 
1.818860 0.823413 0.009357 1.862724 0.693940 0.007791 1.655760 0.627972 0.004992 1.614407 0.759620 0.006614 2.389487 0.557852 0.012911 2.384509 0.421232 0.013003 2.170478 0.423867 0.005152 2.172428 0.561853 0.004946 
1.818816 0.823413 0.009372 1.862681 0.693940 0.007805 1.655717 0.627972 0.004992 1.614364 0.759620 0.006614 2.389484 0.557845 0.012974 2.384502 0.421225 0.013065 2.170474 0.423867 0.005153 2.172428 0.561853 0.004947 
1.818811 0.823412 0.009382 1.862675 0.693939 0.007821 1.655711 0.627972 0.004992 1.614359 0.759620 0.006609 2.389482 0.557835 0.013029 2.384494 0.421216 0.013120 2.170468 0.423867 0.005154 2.172428 0.561853 0.004947 
1.818806 0.823412 0.009396 1.862670 0.693938 0.007838 1.655706 0.627972 0.004992 1.614354 0.759621 0.006605 2.389480 0.557828 0.013080 2.384488 0.421209 0.013170 2.170464 0.423867 0.005154 2.172429 0.561853 0.004948 
1.818770 0.823412 0.009414 1.862635 0.693940 0.007853 1.655672 0.627972 0.004992 1.614318 0.759620 0.006608 2.389478 0.557825 0.013131 2.384483 0.421206 0.013220 2.170461 0.423867 0.005155 2.172428 0.561853 0.004948 
1.818717 0.823414 0.009432 1.862584 0.693942 0.007867 1.655622 0.627971 0.004992 1.614266 0.759619 0.006613 2.389475 0.557822 0.013181 2.384479 0.421202 0.013270 2.170458 0.423867 0.005156 2.172427 0.561853 0.004949 
1.818658 0.823417 0.009452 1.862528 0.693946 0.007882 1.655567 0.627971 0.004992 1.614209 0.759618 0.006617 2.389472 0.557817 0.013235 2.384473 0.421198 0.013324 2.170455 0.423867 0.005156 2.172427 0.561853 0.004949 
1.818595 0.823421 0.009472 1.862469 0.693951 0.007898 1.655510 0.627971 0.004992 1.614148 0.759616 0.006621 2.389470 0.557812 0.013297 2.384467 0.421193 0.013385 2.170451 0.423867 0.005157 2.172426 0.561853 0.004950 
1.818532 0.823425 0.009492 1.862409 0.693956 0.007914 1.655453 0.627970 0.004991 1.614087 0.759615 0.006625 2.389466 0.557806 0.013363 2.384460 0.421187 0.013451 2.170446 0.423867 0.005158 2.172426 0.561853 0.004950 
1.818497 0.823431 0.009505 1.862379 0.693964 0.007928 1.655425 0.627970 0.004991 1.614054 0.759613 0.006625 2.389464 0.557799 0.013419 2.384453 0.421180 0.013507 2.170442 0.423867 0.005159 2.172426 0.561853 0.004950 
1.818459 0.823437 0.009517 1.862343 0.693971 0.007939 1.655390 0.627974 0.004992 1.614017 0.759616 0.006627 2.389462 0.557793 0.013473 2.384447 0.421174 0.013560 2.170438 0.423867 0.005160 2.172426 0.561853 0.004951 
1.818433 0.823437 0.009528 1.862318 0.693971 0.007953 1.655365 0.627974 0.004992 1.613992 0.759616 0.006624 2.389460 0.557786 0.013526 2.384440 0.421167 0.013614 2.170433 0.423867 0.005161 2.172426 0.561853 0.004951 
1.818420 0.823437 0.009540 1.862305 0.693971 0.007968 1.655352 0.627974 0.004992 1.613979 0.759616 0.006621 2.389458 0.557779 0.013575 2.384434 0.421160 0.013662 2.170429 0.423867 0.005162 2.172426 0.561853 0.004952 
1.818400 0.823437 0.009556 1.862285 0.693971 0.007984 1.655333 0.627974 0.004992 1.613959 0.759616 0.006622 2.389455 0.557775 0.013623 2.384429 0.421156 0.013709 2.170426 0.423867 0.005162 2.172426 0.561853 0.004952 
1.818373 0.823438 0.009573 1.862259 0.693972 0.007998 1.655307 0.627974 0.004991 1.613933 0.759615 0.006624 2.389453 0.557771 0.013669 2.384424 0.421153 0.013756 2.170423 0.423867 0.005163 2.172425 0.561853 0.004952 
1.818342 0.823440 0.009592 1.862230 0.693975 0.008014 1.655280 0.627973 0.004991 1.613903 0.759614 0.006628 2.389451 0.557766 0.013715 2.384419 0.421148 0.013801 2.170420 0.423867 0.005164 2.172425 0.561853 0.004953 
1.818292 0.823442 0.009612 1.862182 0.693978 0.008028 1.655234 0.627973 0.004991 1.613854 0.759613 0.006634 2.389448 0.557763 0.013759 2.384415 0.421145 0.013845 2.170417 0.423867 0.005164 2.172424 0.561853 0.004953 
1.818235 0.823446 0.009634 1.862130 0.693984 0.008044 1.655183 0.627973 0.004991 1.613800 0.759611 0.006640 2.389446 0.557761 0.013810 2.384410 0.421143 0.013896 2.170415 0.423867 0.005165 2.172424 0.561853 0.004953 
1.818174 0.823451 0.009656 1.862073 0.693990 0.008060 1.655128 0.627972 0.004991 1.613741 0.759610 0.006646 2.389442 0.557758 0.013868 2.384405 0.421140 0.013953 2.170412 0.423867 0.005166 2.172423 0.561853 0.004954 
1.818119 0.823457 0.009676 1.862023 0.693998 0.008077 1.655081 0.627972 0.004991 1.613688 0.759608 0.006650 2.389439 0.557755 0.013930 2.384400 0.421137 0.014014 2.170409 0.423867 0.005167 2.172422 0.561853 0.004954 
1.818098 0.823465 0.009691 1.862008 0.694008 0.008093 1.655070 0.627972 0.004991 1.613671 0.759605 0.006649 2.389436 0.557752 0.013977 2.384396 0.421134 0.014062 2.170407 0.423867 0.005168 2.172421 0.561853 0.004955 
1.818085 0.823469 0.009708 1.861998 0.694013 0.008109 1.655062 0.627972 0.004991 1.613659 0.759604 0.006649 2.389434 0.557749 0.014022 2.384391 0.421132 0.014106 2.170405 0.423867 0.005168 2.172421 0.561853 0.004955 
1.818058 0.823469 0.009728 1.861973 0.694014 0.008126 1.655037 0.627972 0.004991 1.613633 0.759604 0.006653 2.389431 0.557746 0.014071 2.384387 0.421129 0.014155 2.170402 0.423867 0.005169 2.172420 0.561853 0.004955 
1.818032 0.823470 0.009747 1.861948 0.694015 0.008142 1.655013 0.627971 0.004991 1.613608 0.759603 0.006656 2.389429 0.557742 0.014120 2.384382 0.421125 0.014203 2.170399 0.423867 0.005170 2.172420 0.561853 0.004956 
1.818002 0.823471 0.009766 1.861918 0.694016 0.008158 1.654984 0.627971 0.004991 1.613578 0.759603 0.006659 2.389426 0.557738 0.014169 2.384377 0.421121 0.014252 2.170396 0.423867 0.005170 2.172419 0.561852 0.004956 
1.817957 0.823472 0.009787 1.861876 0.694018 0.008174 1.654942 0.627971 0.004991 1.613535 0.759601 0.006665 2.389423 0.557736 0.014218 2.384372 0.421118 0.014300 2.170394 0.423867 0.005171 2.172419 0.561852 0.004956 
1.817900 0.823476 0.009811 1.861822 0.694023 0.008190 1.654891 0.627970 0.004991 1.613480 0.759600 0.006672 2.389420 0.557733 0.014267 2.384368 0.421116 0.014349 2.170391 0.423867 0.005172 2.172418 0.561852 0.004957 
1.817839 0.823481 0.009836 1.861765 0.694030 0.008208 1.654837 0.627970 0.004991 1.613421 0.759598 0.006679 2.389417 0.557731 0.014325 2.384363 0.421114 0.014407 2.170389 0.423867 0.005172 2.172417 0.561852 0.004957 
1.817792 0.823489 0.009856 1.861725 0.694040 0.008224 1.654800 0.627970 0.004991 1.613377 0.759596 0.006683 2.389414 0.557729 0.014380 2.384358 0.421111 0.014461 2.170386 0.423867 0.005173 2.172416 0.561852 0.004958 
