0.764494 0.258286 0.004722 0.899258 0.213426 0.003941 0.799405 0.119284 0.004216 0.911183 0.100127 0.003611 
0.764429 0.258228 0.004746 0.899032 0.213666 0.004040 0.799177 0.119524 0.004288 0.911112 0.100065 0.003739 
0.764222 0.258035 0.004766 0.898735 0.213982 0.004129 0.798876 0.119839 0.004352 0.910893 0.099871 0.003855 
0.763863 0.257919 0.004924 0.897115 0.215567 0.004062 0.797309 0.121349 0.004266 0.910602 0.099826 0.003583 
0.764025 0.258077 0.004924 0.897515 0.215139 0.004144 0.797713 0.120923 0.004327 0.910777 0.099988 0.003716 
0.764336 0.258376 0.004924 0.898470 0.214120 0.004213 0.798676 0.119908 0.004380 0.911119 0.100301 0.003834 
0.762970 0.256821 0.004563 0.901396 0.210625 0.004031 0.801601 0.116454 0.004606 0.909777 0.098818 0.004163 
0.763665 0.257479 0.004597 0.903404 0.208481 0.004114 0.803626 0.114318 0.004635 0.910534 0.099505 0.004234 
0.764863 0.258754 0.004657 0.905061 0.206736 0.004034 0.805325 0.112550 0.004395 0.911841 0.100827 0.003939 
0.765697 0.259546 0.004685 0.908618 0.202943 0.004106 0.808911 0.108773 0.004434 0.912779 0.101677 0.004033 
0.766111 0.260038 0.004838 0.911698 0.199608 0.003961 0.812043 0.105425 0.004365 0.913325 0.102271 0.003811 
0.767246 0.261115 0.004871 0.916830 0.194141 0.004027 0.817214 0.099983 0.004398 0.914607 0.103434 0.003914 
0.767250 0.261204 0.005019 0.920520 0.190070 0.003802 0.820977 0.095885 0.004358 0.914782 0.103676 0.003699 
0.768571 0.262488 0.005111 0.924777 0.185571 0.003826 0.825265 0.091407 0.004284 0.916228 0.105019 0.003683 
0.769573 0.263428 0.005505 0.928329 0.181789 0.003994 0.828846 0.087641 0.004414 0.917335 0.106015 0.003803 
0.770463 0.264240 0.006365 0.930430 0.179552 0.004255 0.830967 0.085411 0.004648 0.918288 0.106858 0.003920 
0.771250 0.264937 0.007520 0.931610 0.178296 0.004565 0.832160 0.084156 0.004939 0.919109 0.107573 0.004031 
0.771940 0.265519 0.008920 0.932047 0.177830 0.004921 0.832605 0.083688 0.005282 0.919804 0.108167 0.004136 
0.772523 0.265979 0.010449 0.932057 0.177819 0.005304 0.832621 0.083670 0.005659 0.920376 0.108643 0.004234 
0.773012 0.266337 0.011954 0.932049 0.177826 0.005677 0.832619 0.083670 0.006027 0.920847 0.109027 0.004325 
0.773405 0.266590 0.013458 0.931988 0.177890 0.006047 0.832561 0.083729 0.006396 0.921207 0.109311 0.004410 
0.773684 0.266722 0.014964 0.931884 0.178002 0.006415 0.832460 0.083837 0.006770 0.921443 0.109482 0.004490 
0.773821 0.266703 0.016491 0.931707 0.178192 0.006789 0.832283 0.084024 0.007164 0.921524 0.109511 0.004569 
0.773874 0.266591 0.018010 0.931541 0.178368 0.007160 0.832121 0.084193 0.007557 0.921516 0.109460 0.004644 
0.773900 0.266440 0.019501 0.931436 0.178471 0.007522 0.832031 0.084279 0.007929 0.921497 0.109395 0.004712 
0.774007 0.266359 0.020986 0.931388 0.178536 0.007881 0.831964 0.084362 0.008285 0.921500 0.109357 0.004774 
0.774088 0.266237 0.022462 0.931401 0.178525 0.008233 0.831974 0.084354 0.008623 0.921496 0.109310 0.004831 
0.774176 0.266105 0.023955 0.931443 0.178479 0.008585 0.832017 0.084307 0.008955 0.921500 0.109268 0.004885 
0.774283 0.265970 0.025488 0.931484 0.178434 0.008946 0.832059 0.084261 0.009290 0.921515 0.109235 0.004937 
0.774404 0.265826 0.027072 0.931521 0.178392 0.009317 0.832098 0.084217 0.009635 0.921534 0.109203 0.004988 
0.774540 0.265668 0.028718 0.931556 0.178352 0.009703 0.832134 0.084175 0.009992 0.921557 0.109173 0.005037 
0.774688 0.265491 0.030436 0.931581 0.178322 0.010105 0.832161 0.084143 0.010364 0.921578 0.109137 0.005086 
0.774850 0.265290 0.032241 0.931592 0.178308 0.010530 0.832173 0.084127 0.010757 0.921595 0.109096 0.005136 
0.774972 0.265077 0.034183 0.931436 0.178582 0.011008 0.832076 0.084336 0.011176 0.921646 0.109162 0.005160 
0.775176 0.264826 0.036200 0.931404 0.178611 0.011502 0.832044 0.084363 0.011628 0.921666 0.109115 0.005216 
0.773789 0.263664 0.035753 0.937842 0.171556 0.010014 0.838995 0.076857 0.010132 0.921256 0.108804 0.005232 
0.773388 0.263756 0.034127 0.948056 0.160934 0.007764 0.849249 0.066328 0.007863 0.921213 0.108927 0.005240 
0.773431 0.263961 0.033785 0.955119 0.153520 0.006385 0.856104 0.059222 0.006504 0.921038 0.108862 0.005256 
0.774737 0.265067 0.035158 0.958161 0.150393 0.005898 0.858433 0.056886 0.006041 0.921068 0.109014 0.005284 
0.775038 0.264686 0.038127 0.957011 0.151640 0.006338 0.857218 0.058186 0.006411 0.920964 0.108840 0.005355 
0.764463 0.253443 0.038044 0.963100 0.145543 0.004805 0.866780 0.048602 0.005165 0.915974 0.103215 0.005520 
0.762789 0.250701 0.041299 0.961114 0.147676 0.005373 0.865189 0.050318 0.005507 0.914534 0.101515 0.005568 
0.764528 0.251831 0.042418 0.966082 0.142273 0.004346 0.869119 0.046005 0.004279 0.914627 0.101258 0.005553 
0.762253 0.250039 0.041334 0.977258 0.131021 0.001647 0.880774 0.034416 0.001542 0.913371 0.100277 0.005545 
0.763291 0.251233 0.041215 0.986883 0.121053 -0.000652 0.890028 0.024940 -0.000740 0.913976 0.100978 0.005528 
0.764283 0.251240 0.045090 0.986754 0.120921 -0.001262 0.889785 0.024923 -0.001272 0.914310 0.101256 0.005617 
1.092856 0.060211 0.022006 0.766081 0.252119 0.048442 1.114348 0.142937 0.033485 0.923482 -0.028910 0.009412 1.051755 -0.059725 0.005461 
1.084488 0.000532 0.009113 0.763454 0.254647 0.056847 1.078631 0.163250 0.022218 0.920054 -0.025485 0.010369 1.064783 -0.059388 0.005016 
1.080829 -0.031133 0.006055 0.751333 0.266698 0.074946 1.047796 0.179866 0.023316 0.907235 -0.012576 0.015945 1.072570 -0.060032 0.005008 
1.079657 -0.043695 0.005469 0.736111 0.287232 0.098406 1.028562 0.193314 0.030792 0.895414 0.001426 0.024274 1.073200 -0.060066 0.005059 
1.018583 0.203706 0.039346 1.079171 -0.050215 0.005274 0.727392 0.308598 0.121347 1.074743 -0.060164 0.005063 0.887663 0.013322 0.032391 
1.015888 0.209923 0.046182 1.078815 -0.055032 0.005130 0.728361 0.324119 0.139165 1.077813 -0.060389 0.004956 0.885003 0.020658 0.038561 
1.018170 0.212223 0.050680 1.078447 -0.059577 0.004960 0.736791 0.331892 0.151019 1.080064 -0.060589 0.004820 0.886692 0.023112 0.042572 
1.022839 0.211503 0.053826 1.078208 -0.062521 0.004813 0.748144 0.332579 0.158945 1.080868 -0.060709 0.004724 0.890469 0.022069 0.045327 
1.027906 0.208784 0.056729 1.078265 -0.062805 0.004765 0.759581 0.328101 0.165225 1.080268 -0.060726 0.004735 0.894556 0.019009 0.047791 
1.032161 0.205410 0.060076 1.078477 -0.061821 0.004807 0.768911 0.320663 0.171722 1.079580 -0.060747 0.004785 0.897953 0.015506 0.050490 
1.035821 0.201638 0.064110 1.078906 -0.059130 0.005053 0.775156 0.311906 0.179542 1.079291 -0.060817 0.004812 0.900301 0.012398 0.053740 
1.037901 0.198017 0.069248 1.079512 -0.055132 0.005580 0.778079 0.302390 0.189444 1.078526 -0.060863 0.004932 0.901383 0.009719 0.057951 
1.038390 0.194829 0.075050 1.079910 -0.052450 0.006187 0.778555 0.292162 0.200799 1.076833 -0.060841 0.005344 0.902078 0.006608 0.062699 
1.038976 0.191698 0.081042 1.080224 -0.050539 0.006845 0.778724 0.282018 0.212961 1.076043 -0.060906 0.005709 0.902787 0.003631 0.067642 
1.040276 0.188724 0.087367 1.080633 -0.048480 0.007631 0.780485 0.272933 0.225959 1.075661 -0.061016 0.006035 0.903659 0.001315 0.073024 
1.042848 0.185605 0.094060 1.081354 -0.044859 0.008900 0.785322 0.264764 0.239322 1.074227 -0.061095 0.006694 0.905051 -0.000572 0.078958 
1.046692 0.182077 0.100558 1.082284 -0.040542 0.010567 0.793138 0.256628 0.252119 1.071760 -0.061164 0.007774 0.907331 -0.002775 0.084940 
1.051505 0.178429 0.106804 1.083331 -0.036647 0.012351 0.802985 0.248778 0.264734 1.069226 -0.061267 0.009069 0.910347 -0.005062 0.090919 
1.056565 0.174932 0.113057 1.084327 -0.033939 0.013974 0.813985 0.241439 0.277875 1.066860 -0.061420 0.010513 0.913840 -0.007436 0.097028 
1.061698 0.171659 0.119562 1.085245 -0.032507 0.015303 0.825583 0.234701 0.292241 1.065355 -0.061637 0.011826 0.917545 -0.009630 0.103506 
1.067146 0.168403 0.126456 1.086227 -0.031636 0.016513 0.837841 0.228195 0.308084 1.064777 -0.061902 0.012913 0.921407 -0.011532 0.110601 
1.073021 0.164785 0.133489 1.087249 -0.031172 0.017652 0.850994 0.220754 0.324596 1.064693 -0.062220 0.013893 0.925713 -0.013799 0.117962 
1.079319 0.160569 0.140710 1.088385 -0.030637 0.018935 0.865204 0.211736 0.341517 1.064516 -0.062618 0.015042 0.930534 -0.016727 0.125595 
1.086250 0.155509 0.147998 1.089795 -0.029558 0.020625 0.880675 0.200687 0.358497 1.064047 -0.063135 0.016524 0.935952 -0.020462 0.133471 
0.897859 0.187621 0.375260 1.094016 0.149571 0.155271 1.091636 -0.027814 0.022845 1.063204 -0.063810 0.018485 0.942105 -0.024955 0.141604 
0.916993 0.172369 0.391373 1.102613 0.142745 0.162488 1.093975 -0.025550 0.025607 1.061991 -0.064700 0.021039 0.949079 -0.030242 0.149947 
1.112245 0.134828 0.169282 0.938189 0.154699 0.406156 0.956907 -0.036371 0.158412 1.060535 -0.065889 0.024187 1.097046 -0.022455 0.029185 
1.123110 0.125745 0.175254 0.961447 0.134511 0.418938 0.965870 -0.043567 0.166617 1.058757 -0.067493 0.028274 1.101248 -0.018495 0.033728 
0.976154 -0.052421 0.174057 1.135164 0.115250 0.179983 0.986800 0.111958 0.429374 1.106472 -0.015263 0.038757 1.057432 -0.070149 0.032997 
0.988668 -0.063282 0.180448 1.149015 0.103236 0.183763 1.014473 0.086896 0.438128 1.113439 -0.014267 0.043374 1.058137 -0.074337 0.037903 
1.003483 -0.075808 0.185418 1.164800 0.090155 0.184919 1.042215 0.059208 0.444307 1.121816 -0.016451 0.046495 1.060156 -0.080905 0.043934 
1.021010 -0.085441 0.193804 1.183544 0.077802 0.180959 1.079359 0.039452 0.445996 1.130190 -0.022384 0.045745 1.064468 -0.088950 0.047783 
1.113666 0.032092 0.437122 1.146201 -0.011893 0.048126 1.059375 -0.093485 0.066696 1.031726 -0.097425 0.147658 1.044000 -0.056053 0.244304 
1.059226 -0.099597 0.085665 1.167162 -0.001734 0.050920 1.154458 0.039849 0.405726 1.056649 -0.082087 0.175276 1.074080 -0.053432 0.228086 
1.058277 -0.107208 0.101711 1.170608 -0.003222 0.049337 1.182830 0.050424 0.370794 1.074067 -0.077079 0.209260 
1.191934 0.055993 0.341770 1.077511 -0.079220 0.196505 1.232421 0.073139 0.144747 1.057419 -0.111575 0.111452 1.164870 -0.007840 0.046014 
1.195788 0.063383 0.319682 1.076935 -0.081001 0.184746 1.231404 0.077513 0.137097 1.061321 -0.227645 0.223074 1.057996 -0.112192 0.112881 1.180574 0.008213 0.068508 
1.201769 0.073437 0.307697 1.080361 -0.072541 0.184535 1.215425 0.051092 0.092720 1.057893 -0.106927 0.117822 1.183911 0.015533 0.062081 
1.212537 0.087774 0.301479 1.087259 -0.058471 0.188992 1.237423 0.088841 0.110868 1.105789 -0.068377 0.179595 1.060397 -0.096778 0.120081 1.177654 0.016949 0.057817 
1.227651 0.104489 0.295674 1.096288 -0.043567 0.193264 1.241726 0.095740 0.098572 1.062370 -0.087975 0.123608 1.160771 0.003867 0.021595 
1.248563 0.124640 0.280409 1.247788 0.102700 0.083230 1.101164 -0.033930 0.143428 1.137500 0.009199 0.168082 1.159716 0.006214 0.010999 
1.269040 0.142366 0.257208 1.107521 -0.025695 0.137176 1.152699 0.026325 0.157767 1.254450 0.109697 0.070522 1.160689 0.010742 0.005431 
1.286762 0.158196 0.233153 1.167996 0.044419 0.148472 1.248587 0.104092 0.055225 1.180900 0.036617 0.022670 1.112691 -0.017105 0.137487 
1.305297 0.174860 0.207068 1.188708 0.049275 0.017300 1.257209 0.113583 0.041807 1.162315 0.042587 0.117499 1.182211 0.062167 0.144251 
1.315178 0.183791 0.199425 1.189660 0.053727 0.019606 1.262077 0.120225 0.040280 1.171767 0.054488 0.123142 1.192191 0.073656 0.148533 
1.317917 0.186124 0.199333 1.191170 0.054129 0.020645 1.264687 0.122058 0.040960 1.174094 0.055763 0.124117 1.195722 0.076187 0.150106 
1.317556 0.186014 0.204324 1.191770 0.053755 0.024311 1.263662 0.121042 0.045077 1.173748 0.054115 0.129614 1.195772 0.075095 0.154856 
1.317456 0.186948 0.211672 1.172395 0.053480 0.143492 1.195149 0.074925 0.166073 1.189771 0.054126 0.033307 1.258766 0.119088 0.053058 
1.321246 0.191349 0.216863 1.173675 0.057261 0.163255 1.197564 0.079086 0.181378 1.187177 0.056799 0.046021 1.253304 0.118439 0.062573 
1.177317 0.063289 0.176179 1.329402 0.198825 0.216759 1.204070 0.087160 0.191951 1.203823 0.071388 0.125949 1.168238 0.042837 0.042189 1.277151 0.140952 0.151932 
1.175995 0.063187 0.167667 1.340747 0.207739 0.212810 1.214174 0.097825 0.190899 1.166084 0.041381 0.046203 1.214314 0.084301 0.127868 1.278458 0.143169 0.147728 
1.226514 0.092392 0.112274 1.175671 0.060655 0.152023 1.353507 0.215572 0.205392 1.225524 0.107151 0.182063 
1.233169 0.092388 0.108218 1.176097 0.056837 0.137917 1.364806 0.220947 0.198333 1.236425 0.114420 0.172642 
1.235241 0.089160 0.105533 1.174239 0.050060 0.128345 1.368671 0.222004 0.196822 1.240550 0.115414 0.166459 
1.233946 0.085064 0.104377 1.171959 0.043950 0.123585 1.365936 0.219768 0.200554 1.238922 0.112022 0.164417 
1.231386 0.081976 0.104271 1.170371 0.040499 0.122068 1.360062 0.216273 0.206409 1.234265 0.106976 0.164699 
1.227724 0.079048 0.105230 1.167152 0.036839 0.122173 1.353091 0.212458 0.214628 1.228891 0.102418 0.167560 
1.225140 0.077439 0.106682 1.164417 0.034556 0.122976 1.346850 0.208436 0.222871 1.224509 0.099012 0.171649 
1.221970 0.074967 0.107437 1.161911 0.032069 0.123245 1.338049 0.201692 0.231245 1.218210 0.092976 0.174474 
1.217961 0.071298 0.107002 1.158768 0.028413 0.121601 1.327378 0.193243 0.239484 1.210781 0.085492 0.175191 
1.213922 0.067514 0.105642 1.155451 0.024688 0.118752 1.316897 0.184814 0.245946 1.203598 0.078333 0.174247 
1.210036 0.065740 0.105000 1.308641 0.178753 0.248614 1.196848 0.072678 0.173678 1.116155 -0.022212 0.168209 
1.205722 0.066204 0.104827 1.146552 0.022869 0.118696 1.302733 0.176187 0.247983 1.194799 0.075324 0.176471 
1.205106 0.070429 0.103325 1.147913 0.030334 0.120374 1.306629 0.181288 0.235193 1.196281 0.080510 0.171378 
1.149458 0.036146 0.109110 1.314456 0.188812 0.218861 1.203213 0.090530 0.159449 1.100607 -0.027718 0.223504 1.190655 0.058325 0.174210 
1.153817 0.042505 0.103285 1.315426 0.189617 0.217919 1.207189 0.095260 0.154334 1.098431 -0.028261 0.225416 1.191674 0.060112 0.170350 
1.155866 0.045130 0.101452 1.312338 0.185220 0.218968 1.206134 0.093999 0.156534 1.192629 0.061010 0.167623 
1.146976 0.037111 0.090175 1.297570 0.175048 0.226637 1.199181 0.089707 0.158420 1.183652 0.052927 0.162952 
1.277192 0.160396 0.234604 1.185946 0.077526 0.152417 1.274681 0.143019 0.070894 1.133245 0.002510 0.093669 1.140509 0.028818 0.078867 
1.256290 0.143815 0.239062 1.170183 0.060310 0.142318 1.262468 0.131963 0.070564 1.128817 -0.005105 0.089313 1.141792 0.028594 0.079637 
1.237944 0.129169 0.243654 1.248616 0.119555 0.069520 1.123906 -0.011350 0.089196 1.155684 0.043970 0.136148 1.144023 0.030054 0.090609 
1.225777 0.120355 0.251408 1.239843 0.113565 0.074091 1.118780 -0.015842 0.091915 1.047058 -0.092731 0.185324 1.130262 0.015698 0.140659 
1.221997 0.116442 0.261856 1.239969 0.117628 0.092684 1.114012 -0.018038 0.096896 1.146103 0.038056 0.153149 1.043679 -0.094697 0.185331 1.131524 0.021218 0.098935 
1.216831 0.111541 0.262887 1.143069 0.036157 0.160888 1.235815 0.115703 0.098592 1.108177 -0.021966 0.098633 1.042110 -0.094436 0.188405 1.126774 0.018285 0.103337 
1.212439 0.108271 0.252202 1.230046 0.109660 0.086529 1.102360 -0.028039 0.096946 1.139275 0.031816 0.153706 1.125754 0.017100 0.103027 
1.210370 0.105211 0.246699 1.141943 0.034046 0.151827 1.136539 0.008386 0.154780 1.126719 0.018114 0.098254 1.231258 0.110764 0.081412 
1.213842 0.107337 0.247671 1.145020 0.037492 0.153791 1.127707 -0.006107 0.133163 1.136093 0.007373 0.152260 1.122311 0.013959 0.093212 
1.215659 0.106966 0.250078 1.151245 0.044749 0.162260 1.129266 -0.005390 0.132880 1.138382 0.008941 0.153276 1.117012 0.010127 0.084255 
1.117839 0.013154 0.083439 1.129293 -0.005816 0.131988 1.141959 0.013236 0.154402 1.214928 0.105656 0.251013 1.153599 0.047968 0.166983 
1.216839 0.107017 0.249028 1.153556 0.047970 0.167316 1.132312 -0.001228 0.133153 1.145355 0.017709 0.154441 1.122659 0.018899 0.088102 
1.220216 0.107896 0.246421 1.154201 0.046835 0.166731 1.147763 0.020109 0.156788 1.138601 0.007421 0.141288 1.131914 0.026972 0.094109 
1.218033 0.104308 0.244904 1.041183 -0.091492 0.202164 1.147849 0.019422 0.162405 1.137875 0.006498 0.152170 1.150906 0.041595 0.165107 1.141273 0.033932 0.100958 
1.206880 0.095748 0.245091 1.036169 -0.099072 0.200774 1.125714 -0.008579 0.155385 1.143138 0.014426 0.165563 1.141227 0.031641 0.162175 1.140860 0.032390 0.108032 
1.195880 0.087549 0.245578 1.107407 -0.040684 0.141964 1.146597 0.016036 0.165022 1.035504 -0.101437 0.201233 1.131698 0.021912 0.161317 1.135432 0.026738 0.121218 
1.193220 0.085001 0.245774 1.100772 -0.059446 0.130441 1.152834 0.020142 0.164140 1.037465 -0.100946 0.204546 1.129776 0.019279 0.163125 1.134063 0.024869 0.129367 
1.195824 0.087177 0.245781 1.103199 -0.058501 0.126342 1.155090 0.021418 0.162247 1.132134 0.021490 0.164950 1.132003 0.023138 0.126463 
1.198720 0.090127 0.245827 1.106966 -0.053232 0.122869 1.155362 0.021618 0.159702 1.134804 0.024694 0.166950 1.127979 0.020063 0.120526 
1.201541 0.093315 0.245768 1.110671 -0.047524 0.119494 1.155910 0.022607 0.157301 1.137316 0.028059 0.168742 1.124947 0.018039 0.116134 
1.204078 0.095918 0.245526 1.114661 -0.039313 0.121330 1.154226 0.021551 0.156157 1.139284 0.030296 0.169643 1.121793 0.014895 0.111078 
1.205807 0.097583 0.245186 1.140493 0.031475 0.170145 1.117095 -0.035126 0.121756 1.153925 0.021437 0.155546 1.121114 0.014043 0.109876 
1.206895 0.098642 0.244972 1.141279 0.032209 0.170475 1.118566 -0.032836 0.121814 1.153949 0.021504 0.155165 1.120828 0.013598 0.109307 
1.207543 0.099333 0.244818 1.141728 0.032650 0.170632 1.119388 -0.031639 0.121763 1.153948 0.021500 0.154912 1.120512 0.013162 0.108746 
1.207804 0.099673 0.244754 1.141907 0.032840 0.170657 1.119820 -0.030936 0.121784 1.153798 0.021368 0.154765 1.120271 0.012839 0.108325 
1.207820 0.099758 0.244739 1.141901 0.032850 0.170596 1.119940 -0.030688 0.121824 1.153634 0.021222 0.154711 1.120136 0.012662 0.108077 
1.207629 0.099608 0.244780 1.141767 0.032729 0.170502 1.119860 -0.030679 0.121938 1.153388 0.020990 0.154724 1.120019 0.012526 0.107843 
1.207246 0.099229 0.244881 1.141528 0.032479 0.170375 1.119606 -0.030899 0.122130 1.153060 0.020649 0.154792 1.119911 0.012388 0.107581 
1.206755 0.098723 0.244976 1.141156 0.032067 0.170083 1.119337 -0.030991 0.122508 1.152571 0.020162 0.154887 1.119912 0.012330 0.107356 
1.206149 0.098065 0.245077 1.140687 0.031527 0.169701 1.119044 -0.031011 0.123047 1.151968 0.019561 0.155016 1.120009 0.012344 0.107161 
1.205352 0.097209 0.245208 1.140088 0.030845 0.169246 1.118572 -0.031259 0.123656 1.151230 0.018802 0.155182 1.120066 0.012301 0.106868 
1.204642 0.096298 0.245387 1.139714 0.030352 0.169153 1.117638 -0.032978 0.123533 1.151232 0.018522 0.155521 1.119949 0.012068 0.106192 
1.204648 0.095920 0.245427 1.139793 0.030235 0.169226 1.117382 -0.033558 0.123857 1.151342 0.018335 0.155762 1.119987 0.011940 0.105732 
1.204932 0.095760 0.245436 1.140085 0.030274 0.169342 1.117535 -0.033461 0.124407 1.151484 0.018175 0.155938 1.120360 0.012122 0.105614 
1.205094 0.095637 0.245422 1.140213 0.030211 0.169310 1.117539 -0.033587 0.124799 1.151579 0.018045 0.156089 1.120733 0.012345 0.105704 
1.205113 0.095538 0.245438 1.140253 0.030169 0.169312 1.117534 -0.033634 0.124968 1.151583 0.017964 0.156155 1.120870 0.012423 0.105744 
1.205164 0.095577 0.245415 1.140277 0.030189 0.169319 1.117559 -0.033629 0.124931 1.151606 0.017969 0.156137 1.120878 0.012429 0.105735 
1.205227 0.095629 0.245403 1.140321 0.030226 0.169340 1.117585 -0.033675 0.124809 1.151662 0.017991 0.156092 1.120914 0.012464 0.105797 
1.205320 0.095704 0.245384 1.140383 0.030278 0.169370 1.117631 -0.033713 0.124658 1.151731 0.018013 0.156029 1.120948 0.012493 0.105853 
1.205425 0.095790 0.245361 1.140451 0.030337 0.169403 1.117704 -0.033697 0.124507 1.151785 0.018027 0.155957 1.120956 0.012494 0.105872 
1.205499 0.095850 0.245347 1.140503 0.030382 0.169429 1.117749 -0.033709 0.124379 1.151844 0.018056 0.155904 1.120986 0.012524 0.105927 
1.205536 0.095880 0.245341 1.140528 0.030404 0.169442 1.117774 -0.033706 0.124319 1.151872 0.018071 0.155878 1.120997 0.012535 0.105950 
1.205553 0.095895 0.245331 1.140534 0.030411 0.169442 1.117789 -0.033683 0.124318 1.151873 0.018070 0.155873 1.120993 0.012530 0.105936 
1.205606 0.095943 0.245297 1.140546 0.030427 0.169437 1.117828 -0.033618 0.124333 1.151874 0.018068 0.155867 1.120980 0.012517 0.105883 
1.205624 0.095956 0.245292 1.140556 0.030436 0.169442 1.117849 -0.033588 0.124324 1.151876 0.018068 0.155857 1.120971 0.012506 0.105869 
1.205648 0.095975 0.245287 1.140571 0.030450 0.169452 1.117879 -0.033548 0.124300 1.151890 0.018083 0.155842 1.120970 0.012505 0.105872 
1.205697 0.096001 0.245284 1.140631 0.030512 0.169534 1.117974 -0.033403 0.124272 1.151909 0.018100 0.155813 1.120923 0.012464 0.105792 
1.205752 0.096017 0.245308 1.140739 0.030616 0.169677 1.118127 -0.033171 0.124227 1.151937 0.018127 0.155764 1.120863 0.012412 0.105694 
1.205798 0.096052 0.245299 1.140770 0.030645 0.169698 1.118186 -0.033092 0.124180 1.151965 0.018156 0.155735 1.120862 0.012411 0.105702 
1.205841 0.096068 0.245308 1.140847 0.030722 0.169788 1.118310 -0.032879 0.124204 1.151935 0.018123 0.155710 1.120797 0.012347 0.105543 
1.205877 0.096084 0.245323 1.140909 0.030782 0.169859 1.118405 -0.032731 0.124168 1.151947 0.018137 0.155675 1.120768 0.012320 0.105495 
1.205883 0.096089 0.245323 1.140915 0.030787 0.169862 1.118413 -0.032721 0.124157 1.151949 0.018140 0.155669 1.120765 0.012317 0.105493 
1.205891 0.096095 0.245324 1.140921 0.030794 0.169865 1.118422 -0.032710 0.124143 1.151953 0.018143 0.155661 1.120762 0.012314 0.105490 
1.205903 0.096097 0.245334 1.140950 0.030820 0.169893 1.118478 -0.032603 0.124156 1.151910 0.018100 0.155643 1.120721 0.012267 0.105412 
1.205900 0.096094 0.245336 1.140949 0.030819 0.169892 1.118476 -0.032605 0.124155 1.151907 0.018097 0.155643 1.120721 0.012267 0.105411 
1.205898 0.096092 0.245337 1.140949 0.030819 0.169892 1.118476 -0.032606 0.124155 1.151906 0.018095 0.155642 1.120721 0.012266 0.105411 
1.205938 0.096135 0.245304 1.140942 0.030815 0.169852 1.118503 -0.032546 0.124181 1.151869 0.018059 0.155637 1.120709 0.012248 0.105360 
1.205934 0.096131 0.245307 1.140943 0.030815 0.169854 1.118502 -0.032547 0.124180 1.151867 0.018056 0.155636 1.120709 0.012247 0.105359 
1.205932 0.096128 0.245310 1.140943 0.030815 0.169854 1.118500 -0.032549 0.124179 1.151864 0.018053 0.155636 1.120708 0.012246 0.105358 
1.203044 0.092877 0.246376 1.141161 0.031099 0.173213 1.116302 -0.037211 0.124788 1.152132 0.017446 0.157177 1.119329 0.011227 0.101602 
1.194542 0.084546 0.248535 1.109620 -0.048103 0.128943 1.148339 0.012397 0.160723 1.137560 0.026408 0.172694 1.120767 0.011547 0.100534 
1.185098 0.075504 0.250273 1.099275 -0.066947 0.134097 1.145799 0.008162 0.165125 1.036777 -0.113789 0.211019 1.131647 0.018313 0.167118 1.127639 0.015910 0.108450 
1.174311 0.064758 0.252250 1.087690 -0.090478 0.139472 1.142659 0.003009 0.170002 1.032913 -0.121522 0.210684 1.115340 -0.002497 0.164065 
1.164946 0.056266 0.255607 1.078958 -0.108901 0.140479 1.138331 -0.002243 0.173219 1.029393 -0.127709 0.211119 1.110659 -0.007235 0.164385 
1.162611 0.053467 0.257726 1.079998 -0.102371 0.143972 1.135417 -0.004858 0.175489 1.026476 -0.130837 0.210145 1.109302 -0.008467 0.166947 
1.158519 0.046776 0.254938 1.074116 -0.117272 0.156610 1.136500 -0.007123 0.181199 1.023359 -0.138162 0.208943 1.107997 -0.011665 0.169359 
1.150217 0.040261 0.251893 1.133044 -0.011480 0.185015 1.019967 -0.143941 0.206166 1.102459 -0.016546 0.165387 1.207258 0.085893 0.113681 1.169440 0.026950 0.232327 
1.147776 0.042743 0.250568 1.126216 -0.014280 0.184622 1.017557 -0.143718 0.205257 1.099767 -0.015044 0.160787 1.206963 0.089161 0.110534 1.166178 0.029234 0.226852 
1.153094 0.047207 0.254742 1.124862 -0.014515 0.186485 1.015610 -0.144640 0.203740 1.102051 -0.012287 0.164821 1.212232 0.093623 0.117674 1.163843 0.028121 0.226009 
1.153856 0.046117 0.262035 1.124263 -0.015453 0.188327 1.013976 -0.146736 0.202705 1.102170 -0.013214 0.170058 1.213182 0.094547 0.128802 1.160884 0.024270 0.232844 
1.148506 0.039875 0.268371 1.123640 -0.016474 0.190470 1.012166 -0.149055 0.201337 1.099083 -0.017067 0.174396 1.208216 0.091000 0.137567 1.157808 0.019806 0.242219 
1.139540 0.030299 0.271566 1.123298 -0.017730 0.192955 1.010334 -0.151908 0.200058 1.094485 -0.022468 0.177225 1.200697 0.084816 0.142336 1.155593 0.015571 0.250567 
1.131814 0.021834 0.271796 1.121751 -0.020034 0.195097 1.008308 -0.154877 0.198088 1.090267 -0.027456 0.178705 1.194418 0.078701 0.143441 1.153685 0.012841 0.252239 
1.126406 0.015698 0.271364 1.119241 -0.022948 0.197541 1.006025 -0.157604 0.195408 1.086898 -0.031454 0.179826 1.151208 0.010530 0.250180 
1.122069 0.010879 0.272629 1.116247 -0.026342 0.199767 1.003463 -0.161179 0.194026 1.083864 -0.034925 0.181079 1.147873 0.007079 0.250867 
1.113444 -0.029417 0.201754 1.118509 0.006875 0.275458 1.144460 0.003382 0.253856 1.001153 -0.164398 0.193202 1.081242 -0.037946 0.182763 
1.111142 -0.031963 0.203403 1.115551 0.003501 0.278296 1.141480 0.000029 0.257074 0.999242 -0.167053 0.192449 1.079044 -0.040523 0.184264 
1.109202 -0.034157 0.204834 1.113111 0.000649 0.280613 1.139005 -0.002797 0.259637 0.997663 -0.169320 0.191912 1.077227 -0.042694 0.185559 
1.107797 -0.035744 0.205958 1.111265 -0.001516 0.282302 1.137221 -0.004832 0.261449 0.996517 -0.170926 0.191521 1.075866 -0.044316 0.186567 
1.106771 -0.036914 0.206704 1.110004 -0.003023 0.283348 1.135998 -0.006198 0.262449 0.995731 -0.172070 0.191224 1.074944 -0.045442 0.187224 
1.106173 -0.037605 0.207176 1.109226 -0.003952 0.284036 1.135244 -0.007074 0.263193 0.995254 -0.172764 0.191066 1.074378 -0.046133 0.187643 
1.105907 -0.037904 0.207344 1.108897 -0.004344 0.284323 1.134920 -0.007435 0.263476 0.995058 -0.173041 0.190957 1.074140 -0.046426 0.187796 
1.105937 -0.037850 0.207277 1.108911 -0.004312 0.284315 1.134945 -0.007392 0.263472 0.995090 -0.172963 0.190898 1.074154 -0.046400 0.187744 
1.105997 -0.037749 0.207162 1.108949 -0.004242 0.284297 1.135000 -0.007308 0.263459 0.995150 -0.172820 0.190803 1.074188 -0.046347 0.187657 
1.106011 -0.037725 0.207130 1.108958 -0.004224 0.284290 1.135013 -0.007288 0.263453 0.995165 -0.172786 0.190777 1.074196 -0.046334 0.187632 
1.106009 -0.037726 0.207124 1.108960 -0.004221 0.284287 1.135011 -0.007288 0.263449 0.995164 -0.172786 0.190773 1.074197 -0.046332 0.187626 
