0.687551 -0.726133 -0.002019 0.723106 0.690702 -0.006922 -0.727317 -0.686267 0.006934 -0.703572 0.710620 0.002173 
0.687565 -0.726121 -0.001805 0.723097 0.690716 -0.006450 -0.727308 -0.686281 0.006461 -0.703586 0.710607 0.001949 
0.687566 -0.726120 -0.001609 0.723101 0.690718 -0.005843 -0.727312 -0.686282 0.005853 -0.703587 0.710607 0.001739 
0.687294 -0.726376 -0.001963 0.723348 0.690444 -0.007353 -0.727557 -0.686007 0.007365 -0.703321 0.710869 0.002127 
0.687281 -0.726388 -0.002249 0.723373 0.690439 -0.005022 -0.727583 -0.686002 0.005035 -0.703307 0.710882 0.002361 
0.687386 -0.726290 -0.001786 0.723288 0.690545 -0.001588 -0.727498 -0.686108 0.001598 -0.703410 0.710782 0.001821 
0.687086 -0.726576 -0.000440 0.723573 0.690240 -0.003334 -0.727781 -0.685802 0.003337 -0.703117 0.711074 0.000514 
0.687091 -0.726569 0.001848 0.723572 0.690245 -0.002175 -0.727780 -0.685807 0.002163 -0.703122 0.711067 -0.001799 
0.687166 -0.726497 0.002228 0.723500 0.690324 -0.000593 -0.727709 -0.685886 0.000579 -0.703195 0.710994 -0.002214 
0.687251 -0.726416 0.002378 0.723417 0.690411 0.000396 -0.727626 -0.685974 -0.000411 -0.703279 0.710910 -0.002387 
0.687746 -0.725929 0.005612 0.722939 0.690912 -0.000114 -0.727150 -0.686478 0.000079 -0.703764 0.710412 -0.005609 
0.687997 -0.725661 0.008708 0.722677 0.691185 0.001299 -0.726891 -0.686751 -0.001353 -0.704007 0.710139 -0.008735 
0.688694 -0.724920 0.013851 0.721957 0.691934 0.002452 -0.726175 -0.687506 -0.002537 -0.704689 0.709380 -0.013903 
0.688636 -0.724960 0.014609 0.722034 0.691857 -0.000340 -0.726252 -0.687429 0.000251 -0.704633 0.709422 -0.014600 
0.688643 -0.724971 0.013736 0.722035 0.691857 -0.000214 -0.726252 -0.687429 0.000130 -0.704640 0.709433 -0.013729 
0.688623 -0.724975 0.014508 0.722051 0.691839 -0.000687 -0.726269 -0.687410 0.000598 -0.704619 0.709438 -0.014491 
0.688602 -0.724957 0.016256 0.722052 0.691839 -0.000507 -0.726269 -0.687410 0.000408 -0.704599 0.709419 -0.016242 
0.688579 -0.724909 0.019143 0.722037 0.691854 -0.000174 -0.726254 -0.687426 0.000057 -0.704576 0.709370 -0.019136 
0.688946 -0.724465 0.022438 0.721624 0.692285 0.000933 -0.725844 -0.687859 -0.001070 -0.704933 0.708918 -0.022455 
0.689524 -0.723822 0.025248 0.721004 0.692928 0.002059 -0.725227 -0.688506 -0.002214 -0.705498 0.708261 -0.025290 
0.690228 -0.723056 0.027847 0.720263 0.693695 0.002825 -0.724491 -0.689278 -0.002995 -0.706185 0.707477 -0.027905 
0.690573 -0.722629 0.030251 0.719880 0.694092 0.002839 -0.724110 -0.689678 -0.003024 -0.706521 0.707042 -0.030310 
0.690529 -0.722577 0.032430 0.719879 0.694095 0.002583 -0.724108 -0.689681 -0.002781 -0.706478 0.706989 -0.032482 
0.690489 -0.722524 0.034411 0.719877 0.694098 0.002347 -0.724106 -0.689684 -0.002557 -0.706436 0.706937 -0.034458 
0.690449 -0.722476 0.036178 0.719876 0.694100 0.002134 -0.724104 -0.689687 -0.002355 -0.706398 0.706888 -0.036221 
0.690413 -0.722430 0.037740 0.719875 0.694101 0.001941 -0.724103 -0.689688 -0.002172 -0.706361 0.706843 -0.037778 
0.690380 -0.722389 0.039111 0.719874 0.694102 0.001767 -0.724102 -0.689690 -0.002006 -0.706329 0.706800 -0.039144 
0.690351 -0.722351 0.040301 0.719873 0.694104 0.001608 -0.724101 -0.689691 -0.001854 -0.706300 0.706763 -0.040330 
0.690327 -0.722317 0.041315 0.719872 0.694105 0.001462 -0.724101 -0.689692 -0.001715 -0.706275 0.706730 -0.041341 
0.690306 -0.722288 0.042157 0.719872 0.694105 0.001329 -0.724100 -0.689693 -0.001587 -0.706255 0.706700 -0.042180 
0.690289 -0.722264 0.042844 0.719872 0.694106 0.001207 -0.724100 -0.689694 -0.001469 -0.706238 0.706676 -0.042864 
0.690278 -0.722242 0.043391 0.719872 0.694106 0.001093 -0.724100 -0.689694 -0.001358 -0.706225 0.706655 -0.043409 
0.690268 -0.722227 0.043806 0.719871 0.694107 0.000986 -0.724099 -0.689695 -0.001254 -0.706216 0.706639 -0.043821 
0.690263 -0.722215 0.044086 0.719871 0.694107 0.000885 -0.724099 -0.689695 -0.001154 -0.706211 0.706627 -0.044099 
0.690261 -0.722208 0.044214 0.719871 0.694107 0.000789 -0.724099 -0.689696 -0.001059 -0.706210 0.706620 -0.044225 
0.690266 -0.722206 0.044175 0.719871 0.694107 0.000698 -0.724099 -0.689696 -0.000968 -0.706214 0.706618 -0.044184 
0.690276 -0.722209 0.043962 0.719870 0.694108 0.000614 -0.724099 -0.689696 -0.000883 -0.706224 0.706622 -0.043969 
0.690290 -0.722219 0.043573 0.719870 0.694108 0.000537 -0.724098 -0.689697 -0.000803 -0.706239 0.706631 -0.043578 
0.690310 -0.722235 0.043009 0.719870 0.694109 0.000466 -0.724098 -0.689697 -0.000729 -0.706258 0.706647 -0.043013 
0.690334 -0.722255 0.042270 0.719870 0.694109 0.000403 -0.724098 -0.689697 -0.000661 -0.706283 0.706667 -0.042273 
0.690363 -0.722280 0.041359 0.719870 0.694109 0.000347 -0.724098 -0.689697 -0.000600 -0.706312 0.706692 -0.041360 
0.690396 -0.722310 0.040275 0.719869 0.694110 0.000297 -0.724098 -0.689697 -0.000544 -0.706344 0.706722 -0.040276 
0.690432 -0.722344 0.039020 0.719869 0.694110 0.000255 -0.724097 -0.689697 -0.000493 -0.706380 0.706756 -0.039020 
0.690472 -0.722381 0.037597 0.719868 0.694111 0.000219 -0.724097 -0.689698 -0.000449 -0.706420 0.706794 -0.037596 
0.690510 -0.722418 0.036171 0.719868 0.694111 0.000187 -0.724097 -0.689698 -0.000408 -0.706457 0.706831 -0.036170 
0.690544 -0.722451 0.034825 0.719868 0.694111 0.000148 -0.724097 -0.689698 -0.000361 -0.706493 0.706863 -0.034823 
0.690581 -0.722487 0.033316 0.719868 0.694111 0.000099 -0.724098 -0.689697 -0.000303 -0.706529 0.706900 -0.033313 
0.690620 -0.722524 0.031665 0.719868 0.694111 0.000040 -0.724098 -0.689697 -0.000233 -0.706568 0.706936 -0.031661 
0.690661 -0.722565 0.029799 0.719868 0.694111 -0.000026 -0.724098 -0.689697 -0.000156 -0.706609 0.706977 -0.029793 
0.690705 -0.722606 0.027692 0.719868 0.694111 -0.000095 -0.724098 -0.689697 -0.000075 -0.706654 0.707018 -0.027685 
0.690750 -0.722649 0.025350 0.719867 0.694112 -0.000159 -0.724098 -0.689698 0.000004 -0.706698 0.707061 -0.025342 
0.690793 -0.722693 0.022787 0.719867 0.694112 -0.000166 -0.724097 -0.689698 0.000027 -0.706741 0.707105 -0.022780 
0.690836 -0.722735 0.020001 0.719866 0.694113 -0.000179 -0.724097 -0.689698 0.000056 -0.706783 0.707148 -0.019994 
0.690874 -0.722776 0.016970 0.719866 0.694113 -0.000196 -0.724097 -0.689698 0.000093 -0.706822 0.707188 -0.016963 
0.690910 -0.722811 0.013667 0.719865 0.694114 -0.000218 -0.724097 -0.689699 0.000135 -0.706858 0.707224 -0.013660 
0.690940 -0.722842 0.010063 0.719864 0.694115 -0.000244 -0.724096 -0.689700 0.000182 -0.706887 0.707255 -0.010056 
0.690962 -0.722865 0.006130 0.719864 0.694115 -0.000272 -0.724095 -0.689700 0.000234 -0.706910 0.707277 -0.006123 
0.690693 -0.723134 0.004571 0.720133 0.693826 -0.003548 -0.724364 -0.689409 0.003520 -0.706647 0.707552 -0.004491 
0.690693 -0.723136 0.004244 0.720133 0.693825 -0.003941 -0.724363 -0.689408 0.003915 -0.706647 0.707554 -0.004155 
0.690695 -0.723135 0.004000 0.720129 0.693814 -0.005995 -0.724359 -0.689397 0.005970 -0.706649 0.707554 -0.003866 
0.690699 -0.723133 0.003829 0.720116 0.693790 -0.009445 -0.724345 -0.689373 0.009421 -0.706653 0.707551 -0.003617 
0.690700 -0.723132 0.003664 0.720085 0.693744 -0.014023 -0.724316 -0.689326 0.014001 -0.706653 0.707552 -0.003351 
0.690704 -0.723129 0.003444 0.720039 0.693687 -0.018511 -0.724268 -0.689270 0.018490 -0.706657 0.707550 -0.003031 
0.690709 -0.723126 0.003166 0.719976 0.693623 -0.022839 -0.724206 -0.689206 0.022819 -0.706659 0.707549 -0.002656 
0.690714 -0.723123 0.002821 0.719899 0.693553 -0.027005 -0.724129 -0.689136 0.026988 -0.706663 0.707547 -0.002218 
0.690719 -0.723119 0.002444 0.719811 0.693476 -0.031038 -0.724041 -0.689059 0.031023 -0.706665 0.707546 -0.001752 
0.690722 -0.723117 0.002071 0.719711 0.693392 -0.034970 -0.723942 -0.688975 0.034958 -0.706666 0.707546 -0.001291 
0.690723 -0.723118 0.001655 0.719603 0.693299 -0.038829 -0.723833 -0.688882 0.038819 -0.706666 0.707547 -0.000789 
0.690721 -0.723120 0.001115 0.719481 0.693202 -0.042642 -0.723711 -0.688785 0.042635 -0.706661 0.707552 -0.000164 
0.690717 -0.723125 0.000470 0.719345 0.693099 -0.046435 -0.723575 -0.688682 0.046432 -0.706654 0.707559 0.000566 
0.690712 -0.723130 -0.000262 0.719192 0.692992 -0.050239 -0.723423 -0.688575 0.050241 -0.706644 0.707567 0.001383 
0.690705 -0.723136 -0.001062 0.719023 0.692878 -0.054099 -0.723253 -0.688460 0.054106 -0.706633 0.707576 0.002268 
0.690695 -0.723144 -0.001910 0.718834 0.692754 -0.058046 -0.723064 -0.688336 0.058058 -0.706619 0.707587 0.003204 
0.690679 -0.723155 -0.003074 0.718616 0.692631 -0.062082 -0.722845 -0.688214 0.062101 -0.706600 0.707599 0.004458 
0.690602 -0.723219 -0.004853 0.718403 0.692469 -0.066210 -0.722632 -0.688052 0.066240 -0.706518 0.707667 0.006329 
0.690443 -0.723353 -0.006991 0.718215 0.692241 -0.070494 -0.722444 -0.687823 0.070537 -0.706354 0.707807 0.008562 
0.690228 -0.723536 -0.008938 0.718049 0.691940 -0.074998 -0.722276 -0.687521 0.075053 -0.706137 0.707996 0.010609 
0.689982 -0.723749 -0.010609 0.717888 0.691579 -0.079722 -0.722113 -0.687159 0.079787 -0.705886 0.708217 0.012385 
0.689721 -0.723976 -0.012016 0.717706 0.691169 -0.084753 -0.721930 -0.686747 0.084827 -0.705620 0.708454 0.013904 
0.689441 -0.724222 -0.013168 0.717501 0.690696 -0.090180 -0.721723 -0.686272 0.090261 -0.705336 0.708711 0.015177 
0.689137 -0.724495 -0.014071 0.717275 0.690146 -0.095994 -0.721495 -0.685721 0.096081 -0.705027 0.708995 0.016210 
0.688808 -0.724794 -0.014731 0.717025 0.689511 -0.102224 -0.721244 -0.685083 0.102315 -0.704692 0.709309 0.017008 
0.688457 -0.725118 -0.015151 0.716740 0.688784 -0.108902 -0.720957 -0.684355 0.108996 -0.704336 0.709649 0.017577 
0.688096 -0.725457 -0.015334 0.716404 0.687966 -0.116052 -0.720618 -0.683534 0.116147 -0.703968 0.710006 0.017919 
0.687785 -0.725753 -0.015293 0.715996 0.687136 -0.123266 -0.720208 -0.682702 0.123361 -0.703648 0.710320 0.018039 
0.687536 -0.725994 -0.015043 0.715479 0.686286 -0.130767 -0.719691 -0.681851 0.130860 -0.703386 0.710581 0.017957 
0.687277 -0.726249 -0.014578 0.714899 0.685318 -0.138771 -0.719109 -0.680882 0.138861 -0.703115 0.710856 0.017671 
0.687029 -0.726497 -0.013897 0.714224 0.684236 -0.147329 -0.718431 -0.679798 0.147415 -0.702852 0.711129 0.017180 
0.686793 -0.726736 -0.012996 0.713438 0.683017 -0.156504 -0.717645 -0.678577 0.156585 -0.702598 0.711396 0.016484 
0.686557 -0.726979 -0.011867 0.712530 0.681618 -0.166430 -0.716735 -0.677176 0.166504 -0.702341 0.711670 0.015576 
0.686308 -0.727235 -0.010501 0.711469 0.679976 -0.177326 -0.715672 -0.675534 0.177391 -0.702069 0.711962 0.014454 
0.686044 -0.727506 -0.008889 0.710228 0.678051 -0.189271 -0.714429 -0.673607 0.189327 -0.701778 0.712275 0.013109 
0.685778 -0.727777 -0.007021 0.708777 0.675810 -0.202279 -0.712977 -0.671364 0.202324 -0.701479 0.712596 0.011531 
0.685527 -0.728030 -0.004887 0.707075 0.673230 -0.216348 -0.711273 -0.668782 0.216380 -0.701191 0.712908 0.009711 
0.685318 -0.728239 -0.002479 0.705075 0.670288 -0.231481 -0.709272 -0.665839 0.231498 -0.700938 0.713182 0.007641 
0.685199 -0.728356 -0.000465 0.702623 0.667129 -0.247508 -0.706819 -0.662680 0.247513 -0.700764 0.713368 0.005984 
0.685195 -0.728359 -0.000463 0.699370 0.664070 -0.264372 -0.703566 -0.659621 0.264377 -0.700687 0.713440 0.006358 
0.685190 -0.728364 -0.000453 0.695554 0.660481 -0.282787 -0.699751 -0.656031 0.282792 -0.700596 0.713526 0.006759 
0.685186 -0.728368 -0.000437 0.691088 0.656278 -0.302814 -0.695285 -0.651828 0.302819 -0.700493 0.713623 0.007190 
0.685182 -0.728372 -0.000414 0.685865 0.651358 -0.324533 -0.690061 -0.646909 0.324538 -0.700372 0.713737 0.007651 
0.685177 -0.728377 -0.000383 0.679758 0.645605 -0.348028 -0.683953 -0.641156 0.348033 -0.700232 0.713868 0.008144 
0.685175 -0.728379 -0.000346 0.672645 0.638903 -0.373299 -0.676841 -0.634452 0.373304 -0.700069 0.714022 0.008670 
0.685172 -0.728382 -0.000302 0.664383 0.631116 -0.400359 -0.668579 -0.626666 0.400364 -0.699884 0.714197 0.009230 
0.685170 -0.728383 -0.000253 0.654804 0.622085 -0.429235 -0.658999 -0.617635 0.429240 -0.699668 0.714400 0.009825 
0.685080 -0.728468 0.000010 0.643787 0.611414 -0.460121 -0.647982 -0.606964 0.460125 -0.699333 0.714723 0.010250 
0.685083 -0.728465 0.000047 0.630950 0.599323 -0.492661 -0.635145 -0.594872 0.492665 -0.699050 0.714989 0.010939 
0.685093 -0.728455 0.000271 0.616370 0.585462 -0.526614 -0.620565 -0.581011 0.526617 -0.698734 0.715289 0.011473 
0.685192 -0.728362 0.000345 0.599336 0.569526 -0.562527 -0.603531 -0.565076 0.562530 -0.698454 0.715551 0.012199 
0.685216 -0.728340 0.000466 0.579624 0.550901 -0.600454 -0.583819 -0.546451 0.600456 -0.698038 0.715944 0.012924 
0.685380 -0.728185 0.001117 0.556691 0.528965 -0.640540 -0.560887 -0.524515 0.640538 -0.697690 0.716279 0.013167 
0.685838 -0.727752 0.001912 0.530108 0.503770 -0.682057 -0.534306 -0.499323 0.682051 -0.697556 0.716407 0.013297 
0.687428 -0.726248 0.002425 0.498694 0.475615 -0.724634 -0.502902 -0.471177 0.724625 -0.698445 0.715532 0.013734 
0.689160 -0.724604 0.002572 0.462373 0.443040 -0.768067 -0.466592 -0.438611 0.768057 -0.699366 0.714616 0.014556 
0.692079 -0.721814 0.003468 0.420296 0.405114 -0.811933 -0.424532 -0.400702 0.811918 -0.701346 0.712671 0.014638 
0.694877 -0.719121 0.003349 0.373139 0.362638 -0.853968 -0.377392 -0.358243 0.853954 -0.703093 0.710925 0.015695 
0.689833 -0.723479 0.026618 0.352091 0.309234 -0.883406 -0.356313 -0.304812 0.883250 -0.697580 0.716474 -0.006914 
0.660817 -0.741453 0.116482 0.373519 0.196343 -0.906605 -0.377563 -0.191810 0.905900 -0.669046 0.736963 -0.096248 
0.654184 -0.739038 0.160830 0.325588 0.089254 -0.941290 -0.329593 -0.084735 0.940313 -0.661345 0.736936 -0.139816 
0.649224 -0.730541 0.211704 0.273592 -0.029502 -0.961393 -0.277565 0.033971 0.960106 -0.655226 0.731088 -0.190233 
0.655861 -0.708456 0.260647 0.219841 -0.145239 -0.964663 -0.223856 0.149573 0.963077 -0.660663 0.711588 -0.239096 
-0.747450 -0.664314 -0.002309 -0.350343 0.403681 -0.845164 0.354915 -0.399618 0.845187 0.755155 0.655205 0.021155 
-0.952523 -0.303142 0.028363 0.221233 -0.699487 -0.679540 -0.227033 0.697529 0.679639 0.947721 0.318828 -0.013212 
0.863493 -0.157580 0.479113 0.263685 0.949118 -0.172176 -0.282914 -0.945457 0.161465 -0.865110 0.151775 -0.478067 
-0.396230 -0.251963 -0.882902 -0.851016 0.458520 0.255991 0.853439 -0.456996 -0.250591 0.415144 0.241725 0.877054 
0.364292 -0.612346 0.701658 0.391002 -0.579558 -0.715004 -0.393243 0.583293 0.710725 -0.372940 0.625199 -0.685596 
-0.165082 0.282923 -0.944829 -0.074752 0.950300 0.302230 0.075772 -0.952037 -0.296452 0.166709 -0.304064 0.937951 
0.130039 -0.448951 0.884043 0.509693 -0.724896 -0.463399 -0.512683 0.735011 0.443751 -0.126895 0.444462 -0.886764 
0.934505 0.003969 -0.355927 0.346681 0.159968 0.924241 -0.367460 -0.160054 -0.916164 -0.936634 -0.004933 0.350276 
0.685978 -0.225795 -0.691701 0.661774 0.558786 0.499813 -0.657492 -0.560099 -0.503978 -0.700840 0.213374 0.680658 
0.843044 0.137201 -0.520051 0.385049 0.483366 0.786189 -0.379843 -0.482480 -0.789261 -0.851761 -0.147973 0.502600 
0.423401 0.490216 0.761853 0.580335 0.482143 -0.656315 -0.589868 -0.493146 0.639423 -0.419795 -0.487206 -0.765769 
0.179634 0.787511 0.589540 0.198870 0.542727 -0.816026 -0.202923 -0.560394 0.802982 -0.178385 -0.784084 -0.594467 
-0.483681 0.792713 0.371023 0.042329 0.426140 -0.903666 -0.031540 -0.443886 0.895528 0.483874 -0.790007 -0.376504 
-0.971143 0.224098 0.081624 0.015291 0.329959 -0.943871 0.006358 -0.335028 0.942187 0.971115 -0.222035 -0.087387 
-0.083329 -0.260919 0.961758 -0.871833 -0.446566 -0.201212 0.872350 0.448165 0.195329 0.102741 0.270831 -0.957128 
0.379845 0.819289 0.429516 0.193318 0.379421 -0.904803 -0.201755 -0.397623 0.895093 -0.381031 -0.821617 -0.423982 
-0.185054 0.775547 0.603557 0.068208 0.619358 -0.782140 -0.064081 -0.636540 0.768577 0.184641 -0.779348 -0.598769 
-0.531462 0.432899 0.728112 -0.308967 0.697711 -0.646327 0.320777 -0.707266 0.629982 0.533353 -0.437162 -0.724171 
-0.542505 0.053416 0.838353 -0.724500 0.470210 -0.503986 0.736506 -0.471314 0.485203 0.546924 -0.056297 -0.835287 
-0.360291 -0.109257 0.926420 -0.927298 -0.048955 -0.371109 0.935190 0.051398 0.350398 0.365973 0.109548 -0.924155 
0.281676 0.080002 -0.956168 0.736464 0.618815 0.273294 -0.742624 -0.620518 -0.251928 -0.286186 -0.083777 0.954504 
0.262552 0.947708 0.181426 0.307382 0.091574 -0.947170 -0.308982 -0.097366 0.946071 -0.269378 -0.949604 -0.160275 
-0.247014 0.968874 0.016369 0.345680 0.099388 -0.933074 -0.344158 -0.105310 0.932987 0.239243 -0.970950 0.004441 
0.596993 -0.775547 0.205247 0.435181 0.122040 -0.892034 -0.431475 -0.126769 0.893173 -0.606785 0.772946 -0.185383 
0.847874 -0.441209 0.294013 0.427860 0.293142 -0.854988 -0.422610 -0.295804 0.856680 -0.857550 0.434732 -0.274985 
0.951624 0.045901 0.303816 0.234421 0.450563 -0.861417 -0.228571 -0.450215 0.863170 -0.956996 -0.055977 -0.284649 
-0.045796 0.409002 -0.911384 0.794187 0.561696 0.231873 -0.793277 -0.570915 -0.211585 0.050633 -0.405513 0.912686 
-0.208030 0.135491 -0.968693 0.401786 0.913763 0.060048 -0.397195 -0.916929 -0.038451 0.210459 -0.129870 0.968938 
-0.113506 -0.159917 -0.980583 0.069742 -0.985129 0.157023 -0.067190 0.988547 -0.135131 0.113075 0.165934 0.979633 
0.160777 -0.315321 -0.935267 0.463758 -0.810561 0.357657 -0.467275 0.817466 -0.336753 -0.163618 0.320291 0.933083 
-0.469564 0.237416 0.850378 -0.689881 0.498261 -0.525167 0.700253 -0.503481 0.506115 0.473779 -0.240460 -0.847179 
-0.623778 -0.030879 0.780991 -0.774799 0.126535 -0.619415 0.788587 -0.125832 0.601911 0.628526 0.030107 -0.777205 
-0.560450 -0.320797 0.763535 -0.706194 -0.290002 -0.645902 0.718594 0.297101 0.628771 0.564765 0.322579 -0.759594 
0.436755 0.672741 0.597214 0.354726 0.477056 -0.804107 -0.357407 -0.481176 0.800456 -0.444590 -0.683278 -0.579198 
-0.003621 0.886290 0.463116 0.165692 0.453389 -0.875776 -0.165666 -0.458813 0.872952 -0.000084 -0.896266 -0.443516 
-0.478910 0.838819 0.258899 0.104410 0.342590 -0.933665 -0.101480 -0.347718 0.932091 0.476504 -0.846334 -0.238038 
-0.834314 0.551141 0.012814 0.168397 0.269049 -0.948291 -0.163281 -0.272402 0.948228 0.830408 -0.557093 0.008334 
0.970644 -0.119035 0.209000 0.219022 0.315741 -0.923221 -0.213059 -0.316427 0.924381 -0.975676 0.112008 -0.188442 
0.885588 0.360396 0.292998 0.126202 0.383804 -0.914750 -0.120768 -0.381557 0.916422 -0.888541 -0.369000 -0.272642 
-0.035155 0.331371 -0.942846 0.583214 0.767210 0.266927 -0.582536 -0.774706 -0.245934 0.038736 -0.326633 0.944357 
-0.116948 0.159530 -0.980241 0.122022 0.979037 0.163088 -0.119419 -0.982745 -0.141252 0.117669 -0.153529 0.981113 
0.369528 -0.929168 0.009827 -0.368435 0.929570 0.012443 
-0.150013 0.118757 0.981526 -0.736460 0.647658 -0.195361 0.739687 -0.650216 0.173442 0.154518 -0.122710 -0.980340 
-0.362765 0.053531 0.930342 -0.898287 0.239043 -0.368699 0.906245 -0.240192 0.347892 0.368253 -0.054997 -0.928097 
-0.468916 -0.133138 0.873150 -0.847712 -0.201016 -0.490894 0.858035 0.203961 0.471355 0.474114 0.134366 -0.870151 
0.425155 0.335364 -0.840699 0.597602 0.590125 0.542792 -0.606981 -0.597522 -0.523966 -0.428822 -0.338972 0.837383 
0.188827 0.838014 0.511935 0.275934 0.451110 -0.848740 -0.277085 -0.456243 0.845616 -0.194961 -0.847943 -0.492932 
-0.288645 0.872058 0.395219 0.126009 0.439722 -0.889250 -0.124241 -0.445059 0.886841 0.285787 -0.881733 -0.375330 
-0.710551 0.671077 0.211597 0.063004 0.354391 -0.932973 -0.058648 -0.358494 0.931688 0.709026 -0.678890 -0.190761 
-0.959231 0.282619 0.001432 0.089151 0.292019 -0.952249 -0.083296 -0.293754 0.952245 0.957102 -0.289075 0.019802 
0.963756 0.182293 0.194789 0.115771 0.301007 -0.946568 -0.109851 -0.299845 0.947642 -0.966483 -0.189045 -0.173704 
0.077842 0.331124 -0.940371 0.732761 0.612941 0.295576 -0.734611 -0.620418 -0.274643 -0.073341 -0.327327 0.942061 
-0.005584 0.307910 -0.951399 0.318935 0.896618 0.307174 -0.318857 -0.903622 -0.286001 0.007534 -0.302384 0.953156 
-0.060247 0.198811 -0.978184 -0.177691 0.958243 0.224047 0.179069 -0.962821 -0.202261 0.059146 -0.192916 0.979431 
0.627687 -0.775756 -0.064892 -0.627989 0.777053 0.042631 
-0.904708 0.397318 -0.153761 0.907909 -0.397939 0.131700 
0.336147 0.017516 -0.941647 0.937864 0.066039 0.340662 -0.945216 -0.066425 -0.319617 -0.341895 -0.017917 0.939567 
0.439415 0.183701 -0.879300 0.734135 0.486664 0.473502 -0.743824 -0.490683 -0.453824 -0.443910 -0.186682 0.876410 
0.357474 0.771588 0.526179 0.400345 0.378114 -0.834718 -0.402538 -0.382831 0.831507 -0.366341 -0.779907 -0.507483 
-0.105014 0.864519 0.491507 0.247644 0.497650 -0.831274 -0.246987 -0.502942 0.828280 0.099447 -0.875489 -0.472895 
-0.553077 0.741117 0.380593 0.073874 0.494104 -0.866259 -0.070491 -0.498639 0.863939 0.551344 -0.752025 -0.361217 
-0.881391 0.420682 0.214889 -0.029254 0.396955 -0.917372 0.034640 -0.399528 0.916066 0.881909 -0.429472 -0.194398 
-0.999267 -0.025086 0.028901 -0.030536 0.287014 -0.957440 0.036653 -0.286863 0.957270 0.999797 0.018682 -0.007546 
0.865081 0.476922 0.155503 0.023548 0.236389 -0.971373 -0.018237 -0.233442 0.972200 -0.865743 -0.482255 -0.133859 
0.053873 0.245098 -0.968000 0.509665 0.821728 0.254961 -0.510947 -0.827318 -0.233406 -0.050740 -0.240032 0.969438 
-0.029641 -0.248312 0.968226 -0.028015 -0.963434 -0.266476 0.028693 0.969118 0.244924 0.029457 0.242391 -0.969731 
0.001633 -0.192806 0.981236 0.458566 -0.868189 -0.189647 -0.458678 0.872617 0.167792 0.001175 0.187475 -0.982269 
0.829172 -0.556962 -0.047602 -0.828651 0.559188 0.025418 
-0.983104 0.106119 -0.149146 0.986270 -0.105461 0.127082 
0.304152 0.067175 -0.950252 0.877385 0.365149 0.311226 -0.884034 -0.366594 -0.289986 -0.309517 -0.069405 0.948358 
0.397147 0.218091 -0.891465 0.542350 0.725345 0.423946 -0.551118 -0.730104 -0.404001 -0.400470 -0.222524 0.888879 
0.077592 0.882748 0.463395 0.357533 0.405313 -0.841363 -0.357995 -0.410721 0.838539 -0.085579 -0.891649 -0.444564 
-0.395264 0.814232 0.425197 0.199918 0.524026 -0.827907 -0.197493 -0.529014 0.825313 0.390736 -0.825797 -0.406674 
-0.773049 0.545814 0.323237 0.011063 0.515204 -0.856996 -0.006323 -0.518543 0.855028 0.772675 -0.557232 -0.304081 
-0.973272 0.136362 0.184787 -0.112575 0.398193 -0.910368 0.118542 -0.399028 0.909244 0.975634 -0.145226 -0.164461 
-0.944781 -0.325178 0.040590 -0.123076 0.251130 -0.960097 0.128836 -0.249141 0.959859 0.947387 0.319516 -0.019174 
0.683409 0.723269 0.099163 -0.682466 -0.726832 -0.077171 
0.243618 0.959488 0.141542 -0.242734 -0.956202 -0.163581 
-0.074366 -0.166405 0.983249 0.262516 -0.951662 -0.159453 -0.260894 0.955518 0.137548 0.075959 0.160564 -0.984098 
-0.067903 -0.167230 0.983577 0.698705 -0.709643 -0.090655 -0.697303 0.713474 0.068730 0.072183 0.162862 -0.984005 
