-0.946952 -0.321375 -0.000000 0.325502 -0.945541 0.000000 -0.304336 0.952565 0.000000 0.944969 0.327161 0.000000 
-0.946933 -0.321431 -0.000000 0.325557 -0.945522 0.000000 -0.304392 0.952547 0.000000 0.944949 0.327217 0.000000 
-0.946825 -0.321749 -0.000000 0.325878 -0.945412 0.000000 -0.304716 0.952443 0.000000 0.944839 0.327534 0.000000 
-0.946756 -0.321952 -0.000000 0.326085 -0.945341 0.000000 -0.304923 0.952377 0.000000 0.944769 0.327736 0.000000 
-0.946408 -0.322972 -0.000000 0.327043 -0.945010 0.000000 -0.305889 0.952067 0.000000 0.944415 0.328755 0.000000 
-0.946205 -0.323568 -0.000000 0.327638 -0.944803 0.000000 -0.306489 0.951874 0.000000 0.944208 0.329349 0.000000 
-0.945966 -0.324265 -0.000000 0.328260 -0.944587 0.000000 -0.307117 0.951672 0.000000 0.943965 0.330045 0.000000 
-0.945811 -0.324719 -0.000000 0.328734 -0.944422 0.000000 -0.307595 0.951517 0.000000 0.943807 0.330498 0.000000 
-0.945863 -0.324566 -0.000000 0.328599 -0.944469 0.000000 -0.307458 0.951562 0.000000 0.943860 0.330345 0.000000 
-0.945854 -0.324593 -0.000000 0.328585 -0.944474 0.000000 -0.307443 0.951567 0.000000 0.943851 0.330372 0.000000 
-0.945883 -0.324508 -0.000000 0.328519 -0.944497 0.000000 -0.307375 0.951588 0.000000 0.943880 0.330288 0.000000 
-0.945865 -0.324561 -0.000000 0.328582 -0.944475 0.000000 -0.307440 0.951568 0.000000 0.943862 0.330340 0.000000 
-0.945864 -0.324564 -0.000000 0.328595 -0.944471 0.000000 -0.307452 0.951564 0.000000 0.943861 0.330343 0.000000 
-0.945859 -0.324577 -0.000000 0.328599 -0.944470 0.000000 -0.307455 0.951563 0.000000 0.943857 0.330355 0.000000 
-0.945854 -0.324591 -0.000000 0.328599 -0.944470 0.000000 -0.307454 0.951563 0.000000 0.943852 0.330369 0.000000 
-0.945850 -0.324605 -0.000000 0.328600 -0.944469 0.000000 -0.307453 0.951563 0.000000 0.943847 0.330382 0.000000 
-0.945846 -0.324617 -0.000000 0.328603 -0.944468 0.000000 -0.307454 0.951563 0.000000 0.943843 0.330394 0.000000 
-0.945842 -0.324627 -0.000000 0.328609 -0.944466 0.000000 -0.307458 0.951562 0.000000 0.943840 0.330404 0.000000 
-0.945839 -0.324635 -0.000000 0.328616 -0.944464 0.000000 -0.307463 0.951560 0.000000 0.943837 0.330411 0.000000 
-0.945837 -0.324642 -0.000000 0.328625 -0.944460 0.000000 -0.307470 0.951558 0.000000 0.943835 0.330417 0.000000 
-0.945835 -0.324647 -0.000000 0.328634 -0.944457 0.000000 -0.307477 0.951556 0.000000 0.943833 0.330422 0.000000 
-0.945840 -0.324633 -0.000000 0.328627 -0.944460 0.000000 -0.307466 0.951559 0.000000 0.943839 0.330407 0.000000 
-0.945846 -0.324614 -0.000000 0.328615 -0.944464 0.000000 -0.307453 0.951563 0.000000 0.943845 0.330388 0.000000 
-0.945845 -0.324618 -0.000000 0.328626 -0.944460 0.000000 -0.307462 0.951560 0.000000 0.943844 0.330390 0.000000 
-0.945844 -0.324620 -0.000000 0.328637 -0.944456 0.000000 -0.307471 0.951558 0.000000 0.943844 0.330393 0.000000 
-0.945844 -0.324623 -0.000000 0.328648 -0.944453 0.000000 -0.307479 0.951555 0.000000 0.943843 0.330394 0.000000 
-0.945843 -0.324625 -0.000000 0.328658 -0.944449 0.000000 -0.307487 0.951552 0.000000 0.943843 0.330396 0.000000 
-0.945842 -0.324626 -0.000000 0.328667 -0.944446 0.000000 -0.307494 0.951550 0.000000 0.943842 0.330397 0.000000 
-0.945842 -0.324627 -0.000000 0.328675 -0.944443 0.000000 -0.307501 0.951548 0.000000 0.943842 0.330397 0.000000 
-0.945842 -0.324628 -0.000000 0.328683 -0.944440 0.000000 -0.307507 0.951546 0.000000 0.943842 0.330398 0.000000 
-0.945841 -0.324630 -0.000000 0.328690 -0.944438 0.000000 -0.307512 0.951544 0.000000 0.943842 0.330398 0.000000 
-0.945841 -0.324630 -0.000000 0.328697 -0.944436 0.000000 -0.307516 0.951543 0.000000 0.943842 0.330399 0.000000 
-0.945841 -0.324631 -0.000000 0.328702 -0.944434 0.000000 -0.307520 0.951542 0.000000 0.943841 0.330399 0.000000 
-0.945841 -0.324631 -0.000000 0.328706 -0.944432 0.000000 -0.307522 0.951541 0.000000 0.943841 0.330399 0.000000 
-0.945840 -0.324632 -0.000000 0.328710 -0.944431 0.000000 -0.307524 0.951540 0.000000 0.943841 0.330399 0.000000 
-0.945840 -0.324633 -0.000000 0.328712 -0.944430 0.000000 -0.307525 0.951540 0.000000 0.943841 0.330399 0.000000 
-0.945840 -0.324633 -0.000000 0.328715 -0.944429 0.000000 -0.307525 0.951540 0.000000 0.943841 0.330399 0.000000 
-0.945840 -0.324634 -0.000000 0.328716 -0.944429 0.000000 -0.307524 0.951540 0.000000 0.943841 0.330399 0.000000 
-0.945839 -0.324635 -0.000000 0.328717 -0.944428 0.000000 -0.307523 0.951541 0.000000 0.943841 0.330399 0.000000 
-0.945839 -0.324635 -0.000000 0.328718 -0.944428 0.000000 -0.307522 0.951541 0.000000 0.943841 0.330400 0.000000 
-0.945839 -0.324636 -0.000000 0.328718 -0.944428 0.000000 -0.307520 0.951542 0.000000 0.943841 0.330400 0.000000 
-0.945839 -0.324637 -0.000000 0.328717 -0.944428 0.000000 -0.307517 0.951543 0.000000 0.943841 0.330400 0.000000 
-0.945838 -0.324638 -0.000000 0.328717 -0.944429 0.000000 -0.307513 0.951544 0.000000 0.943841 0.330401 0.000000 
-0.945838 -0.324639 -0.000000 0.328715 -0.944429 0.000000 -0.307509 0.951545 0.000000 0.943841 0.330401 0.000000 
-0.945837 -0.324641 -0.000000 0.328714 -0.944430 0.000000 -0.307505 0.951547 0.000000 0.943841 0.330401 0.000000 
-0.945837 -0.324642 -0.000000 0.328711 -0.944430 0.000000 -0.307500 0.951548 0.000000 0.943840 0.330402 0.000000 
-0.945836 -0.324643 -0.000000 0.328709 -0.944431 0.000000 -0.307494 0.951550 0.000000 0.943840 0.330402 0.000000 
-0.945836 -0.324645 -0.000000 0.328707 -0.944432 0.000000 -0.307487 0.951552 0.000000 0.943840 0.330403 0.000000 
-0.945835 -0.324647 -0.000000 0.328703 -0.944433 0.000000 -0.307480 0.951555 0.000000 0.943840 0.330403 0.000000 
-0.945835 -0.324649 -0.000000 0.328700 -0.944434 0.000000 -0.307472 0.951557 0.000000 0.943840 0.330404 0.000000 
-0.945834 -0.324651 -0.000000 0.328697 -0.944435 0.000000 -0.307463 0.951560 0.000000 0.943839 0.330405 0.000000 
-0.945833 -0.324654 -0.000000 0.328690 -0.944438 0.000000 -0.307451 0.951564 0.000000 0.943839 0.330407 0.000000 
-0.945706 -0.325023 -0.000000 0.328989 -0.944334 0.000000 -0.307746 0.951468 0.000000 0.943710 0.330773 0.000000 
-0.945237 -0.326384 -0.000000 0.330187 -0.943916 0.000000 -0.308946 0.951080 0.000000 0.943234 0.332130 0.000000 
-0.944825 -0.327576 -0.000000 0.331199 -0.943561 0.000000 -0.309958 0.950750 0.000000 0.942815 0.333317 0.000000 
-0.944442 -0.328678 -0.000000 0.332142 -0.943229 0.000000 -0.310901 0.950442 0.000000 0.942426 0.334414 0.000000 
-0.944096 -0.329671 -0.000000 0.333000 -0.942927 0.000000 -0.311756 0.950162 0.000000 0.942075 0.335403 0.000000 
-0.943769 -0.330606 -0.000000 0.333825 -0.942635 0.000000 -0.312577 0.949893 0.000000 0.941743 0.336332 0.000000 
-0.943460 -0.331486 -0.000000 0.334625 -0.942351 0.000000 -0.313370 0.949631 0.000000 0.941430 0.337207 0.000000 
-0.943172 -0.332304 -0.000000 0.335395 -0.942077 0.000000 -0.314133 0.949379 0.000000 0.941139 0.338020 0.000000 
-0.942908 -0.333053 -0.000000 0.336134 -0.941814 0.000000 -0.314861 0.949138 0.000000 0.940872 0.338763 0.000000 
-0.942673 -0.333717 -0.000000 0.336829 -0.941566 0.000000 -0.315545 0.948911 0.000000 0.940635 0.339421 0.000000 
-0.942475 -0.334276 -0.000000 0.337468 -0.941337 0.000000 -0.316169 0.948703 0.000000 0.940435 0.339973 0.000000 
-0.942318 -0.334719 -0.000000 0.338048 -0.941129 0.000000 -0.316731 0.948515 0.000000 0.940277 0.340409 0.000000 
-0.942206 -0.335035 -0.000000 0.338569 -0.940942 0.000000 -0.317230 0.948349 0.000000 0.940165 0.340718 0.000000 
-0.942149 -0.335195 -0.000000 0.339013 -0.940782 0.000000 -0.317649 0.948208 0.000000 0.940111 0.340870 0.000000 
-0.942141 -0.335216 -0.000000 0.339075 -0.940759 0.000000 -0.317679 0.948198 0.000000 0.940106 0.340882 0.000000 
-0.942136 -0.335230 -0.000000 0.339071 -0.940761 0.000000 -0.317638 0.948212 0.000000 0.940104 0.340887 0.000000 
-0.942113 -0.335296 -0.000000 0.339118 -0.940744 0.000000 -0.317641 0.948211 0.000000 0.940084 0.340942 0.000000 
-0.942057 -0.335453 -0.000000 0.339256 -0.940694 0.000000 -0.317730 0.948181 0.000000 0.940032 0.341085 0.000000 
-0.942050 -0.335473 -0.000000 0.339251 -0.940696 0.000000 -0.317669 0.948202 0.000000 0.940031 0.341090 0.000000 
-0.942042 -0.335495 -0.000000 0.339247 -0.940697 0.000000 -0.317599 0.948225 0.000000 0.940029 0.341095 0.000000 
-0.942033 -0.335519 -0.000000 0.339242 -0.940699 0.000000 -0.317519 0.948252 0.000000 0.940027 0.341100 0.000000 
-0.942024 -0.335546 -0.000000 0.339236 -0.940701 0.000000 -0.317427 0.948283 0.000000 0.940025 0.341105 0.000000 
-0.942013 -0.335577 -0.000000 0.339229 -0.940704 0.000000 -0.317319 0.948319 0.000000 0.940023 0.341110 0.000000 
-0.942000 -0.335612 -0.000000 0.339222 -0.940706 0.000000 -0.317195 0.948360 0.000000 0.940021 0.341115 0.000000 
-0.941987 -0.335650 -0.000000 0.339214 -0.940709 0.000000 -0.317050 0.948409 0.000000 0.940019 0.341121 0.000000 
-0.941971 -0.335694 -0.000000 0.339205 -0.940713 0.000000 -0.316882 0.948465 0.000000 0.940018 0.341126 0.000000 
-0.941845 -0.336048 -0.000000 0.339509 -0.940603 0.000000 -0.317001 0.948425 0.000000 0.939906 0.341433 0.000000 
-0.941825 -0.336103 -0.000000 0.339497 -0.940607 0.000000 -0.316770 0.948502 0.000000 0.939905 0.341437 0.000000 
-0.941803 -0.336166 -0.000000 0.339484 -0.940612 0.000000 -0.316499 0.948593 0.000000 0.939903 0.341440 0.000000 
-0.941777 -0.336237 -0.000000 0.339468 -0.940618 0.000000 -0.316179 0.948700 0.000000 0.939903 0.341443 0.000000 
-0.941748 -0.336319 -0.000000 0.339447 -0.940625 0.000000 -0.315795 0.948827 0.000000 0.939902 0.341445 0.000000 
-0.941715 -0.336412 -0.000000 0.339422 -0.940634 0.000000 -0.315336 0.948980 0.000000 0.939901 0.341446 0.000000 
-0.941677 -0.336519 -0.000000 0.339391 -0.940646 0.000000 -0.314784 0.949163 0.000000 0.939901 0.341446 0.000000 
-0.941633 -0.336641 -0.000000 0.339350 -0.940660 0.000000 -0.314114 0.949385 0.000000 0.939901 0.341446 0.000000 
-0.941658 -0.336572 -0.000000 0.339168 -0.940726 0.000000 -0.313156 0.949702 0.000000 0.939978 0.341235 0.000000 
-0.941602 -0.336727 -0.000000 0.339102 -0.940750 0.000000 -0.312159 0.950030 0.000000 0.939980 0.341230 0.000000 
-0.941584 -0.336779 -0.000000 0.338807 -0.940856 0.000000 -0.310701 0.950508 0.000000 0.940028 0.341097 0.000000 
-0.941933 -0.335800 -0.000000 0.337514 -0.941320 0.000000 -0.307932 0.951408 0.000000 0.940459 0.339907 0.000000 
-0.944050 -0.329801 -0.000000 0.331177 -0.943569 0.000000 -0.299627 0.954056 0.000000 0.942690 0.333670 0.000000 
-0.946969 -0.321325 -0.000000 0.322113 -0.946701 0.000000 -0.288022 0.957624 0.000000 0.945738 0.324929 0.000000 
-0.948774 -0.315956 -0.000000 -0.284080 0.958801 0.000000 0.321176 -0.947019 0.000000 0.947661 0.319278 0.000000 
-0.946278 -0.323353 -0.000000 0.347602 -0.937642 0.000000 -0.306340 0.951922 0.000000 0.945264 0.326307 0.000000 
-0.348699 0.937235 0.000000 -0.942856 -0.333200 -0.000000 0.941943 0.335774 0.000000 0.394985 -0.918687 0.000000 
-0.402104 0.915594 0.000000 -0.940069 -0.340984 -0.000000 0.939276 0.343162 0.000000 0.454791 -0.890598 0.000000 
-0.475186 0.879886 0.000000 -0.938150 -0.346229 -0.000000 0.937503 0.347979 0.000000 0.536292 -0.844033 0.000000 
-0.562888 0.826533 0.000000 -0.938382 -0.345600 -0.000000 0.937911 0.346875 0.000000 0.636487 -0.771288 0.000000 
-0.672151 0.740414 0.000000 -0.942909 -0.333051 -0.000000 0.942545 0.334078 0.000000 0.743787 -0.668416 0.000000 
-0.923419 0.383794 0.000000 -0.949583 -0.313515 -0.000000 0.949343 0.314241 0.000000 0.948014 -0.318229 0.000000 
-0.985589 0.169160 0.000000 -0.942302 -0.334765 -0.000000 0.942049 0.335476 0.000000 0.991597 -0.129368 0.000000 
-0.994755 0.102282 0.000000 -0.933475 -0.358642 -0.000000 0.933125 0.359552 0.000000 0.997166 -0.075239 0.000000 
-0.999550 0.029997 0.000000 -0.935663 -0.352895 -0.000000 0.935296 0.353866 0.000000 0.999931 -0.011739 0.000000 
-0.999922 -0.012470 -0.000000 -0.942806 -0.333343 -0.000000 0.942465 0.334304 0.000000 0.999667 0.025801 0.000000 
-0.999465 -0.032696 -0.000000 -0.943911 -0.330201 -0.000000 0.943558 0.331208 0.000000 0.999042 0.043767 0.000000 
-0.998507 -0.054624 -0.000000 -0.943773 -0.330594 -0.000000 0.943411 0.331627 0.000000 0.997950 0.063993 0.000000 
-0.997355 -0.072680 -0.000000 -0.945724 -0.324970 -0.000000 0.945370 0.326000 0.000000 0.996745 0.080619 0.000000 
-0.996201 -0.087079 -0.000000 -0.950785 -0.309851 -0.000000 0.950464 0.310834 0.000000 0.995608 0.093622 0.000000 
-0.994847 -0.101384 -0.000000 -0.956293 -0.292412 -0.000000 0.956012 0.293328 0.000000 0.994303 0.106592 0.000000 
0.192577 -0.981282 0.000000 0.030377 0.999539 0.000000 0.986084 0.166250 0.000000 -0.993829 -0.110922 -0.000000 -0.960393 -0.278649 -0.000000 
0.193559 -0.981089 0.000000 0.964750 0.263168 0.000000 -0.993007 -0.118053 -0.000000 -0.961338 -0.275373 -0.000000 0.051643 0.998666 0.000000 0.080919 0.996721 0.000000 
0.199563 -0.979885 0.000000 0.059869 0.998206 0.000000 -0.992543 -0.121892 -0.000000 -0.959099 -0.283072 -0.000000 0.948612 0.316441 0.000000 0.169278 0.985568 0.000000 
0.197047 -0.980394 0.000000 0.065525 0.997851 0.000000 -0.992347 -0.123478 -0.000000 -0.955234 -0.295850 -0.000000 0.943832 0.330426 0.000000 0.215978 0.976398 0.000000 
0.179510 -0.983756 0.000000 0.077657 0.996980 0.000000 -0.992110 -0.125370 -0.000000 -0.950261 -0.311455 -0.000000 0.944156 0.329498 0.000000 0.211964 0.977277 0.000000 
0.154617 -0.987975 0.000000 0.091951 0.995764 0.000000 -0.991575 -0.129531 -0.000000 -0.943945 -0.330102 -0.000000 0.946774 0.321899 0.000000 0.176915 0.984226 0.000000 
0.130372 -0.991465 0.000000 0.946906 0.321510 0.000000 -0.990860 -0.134894 -0.000000 -0.936930 -0.349516 -0.000000 0.104142 0.994562 0.000000 0.128776 0.991674 0.000000 
0.111755 -0.993736 0.000000 0.111737 0.993738 0.000000 0.942664 0.333743 0.000000 -0.990416 -0.138118 -0.000000 -0.929288 -0.369356 -0.000000 
0.099391 -0.995048 0.000000 0.117568 0.993065 0.000000 0.935782 0.352580 0.000000 -0.990929 -0.134385 -0.000000 -0.923869 -0.382709 -0.000000 
0.095111 -0.995467 0.000000 0.119255 0.992864 0.000000 0.931089 0.364793 0.000000 -0.991029 -0.133649 -0.000000 -0.920694 -0.390285 -0.000000 
0.093958 -0.995576 0.000000 0.119593 0.992823 0.000000 0.928498 0.371338 0.000000 -0.991270 -0.131848 -0.000000 -0.919322 -0.393506 -0.000000 
0.093117 -0.995655 0.000000 0.120750 0.992683 0.000000 0.928606 0.371067 0.000000 -0.991410 -0.130791 -0.000000 -0.919554 -0.392963 -0.000000 
0.093142 -0.995653 0.000000 0.121826 0.992551 0.000000 0.930371 0.366619 0.000000 -0.991479 -0.130268 -0.000000 -0.921169 -0.389162 -0.000000 
0.093830 -0.995588 0.000000 0.122930 0.992415 0.000000 0.931752 0.363095 0.000000 -0.991549 -0.129731 -0.000000 -0.923727 -0.383051 -0.000000 
0.096138 -0.995368 0.000000 0.122807 0.992431 0.000000 0.932578 0.360969 0.000000 -0.991525 -0.129919 -0.000000 -0.926611 -0.376021 -0.000000 
0.101246 -0.994861 0.000000 0.120129 0.992758 0.000000 0.934016 0.357232 0.000000 -0.991434 -0.130612 -0.000000 -0.929872 -0.367882 -0.000000 
0.109525 -0.993984 0.000000 0.114302 0.993446 0.000000 0.936263 0.351300 0.000000 -0.991309 -0.131555 -0.000000 -0.933368 -0.358920 -0.000000 
0.121228 -0.992625 0.000000 0.104925 0.994480 0.000000 0.939218 0.343321 0.000000 -0.991163 -0.132652 -0.000000 -0.936956 -0.349446 -0.000000 
0.136086 -0.990697 0.000000 0.092425 0.995720 0.000000 0.942681 0.333694 0.000000 -0.990979 -0.134016 -0.000000 -0.940766 -0.339057 -0.000000 
0.153943 -0.988080 0.000000 0.077052 0.997027 0.000000 0.945743 0.324915 0.000000 -0.990814 -0.135234 -0.000000 -0.944555 -0.328352 -0.000000 
0.173983 -0.984749 0.000000 0.060089 0.998193 0.000000 0.948660 0.316297 0.000000 -0.990817 -0.135208 -0.000000 -0.947700 -0.319163 -0.000000 
0.196069 -0.980590 0.000000 0.040866 0.999165 0.000000 0.951793 0.306740 0.000000 -0.990842 -0.135024 -0.000000 -0.950739 -0.309994 -0.000000 
0.219879 -0.975527 0.000000 0.957044 0.289941 0.000000 -0.991124 -0.132944 -0.000000 -0.952336 -0.305050 -0.000000 0.019345 0.999813 0.000000 0.029798 0.999556 0.000000 
0.243487 -0.969904 0.000000 0.964033 0.265783 0.000000 -0.991485 -0.130218 -0.000000 -0.952337 -0.305047 -0.000000 -0.003582 0.999994 0.000000 0.030812 0.999525 0.000000 
-0.951964 -0.306211 -0.000000 0.265123 -0.964215 0.000000 -0.992082 -0.125589 -0.000000 0.970285 0.241966 0.000000 -0.025825 0.999666 0.000000 0.028116 0.999605 0.000000 
-0.951857 -0.306542 -0.000000 0.284545 -0.958663 0.000000 -0.992760 -0.120119 -0.000000 -0.046358 0.998925 0.000000 0.973704 0.227819 0.000000 0.019837 0.999803 0.000000 
-0.952446 -0.304706 -0.000000 0.302738 -0.953074 0.000000 -0.993592 -0.113027 -0.000000 -0.065170 0.997874 0.000000 0.975981 0.217857 0.000000 0.015142 0.999885 0.000000 
-0.953369 -0.301806 -0.000000 0.319424 -0.947612 0.000000 -0.994610 -0.103686 -0.000000 -0.082606 0.996582 0.000000 0.978939 0.204151 0.000000 0.016839 0.999858 0.000000 
-0.955616 -0.294616 -0.000000 -0.995550 -0.094232 -0.000000 0.981831 0.189760 0.000000 0.333103 -0.942891 0.000000 0.019103 0.999818 0.000000 -0.097793 0.995207 0.000000 
-0.958281 -0.285826 -0.000000 -0.997073 -0.076452 -0.000000 0.984254 0.176761 0.000000 0.344829 -0.938666 0.000000 0.020950 0.999781 0.000000 -0.111690 0.993743 0.000000 
-0.959631 -0.281261 -0.000000 -0.998534 -0.054128 -0.000000 0.986295 0.164991 0.000000 0.356911 -0.934138 0.000000 0.023139 0.999732 0.000000 -0.126503 0.991966 0.000000 
-0.960472 -0.278377 -0.000000 -0.999612 -0.027840 -0.000000 0.987528 0.157441 0.000000 0.369766 -0.929125 0.000000 0.023902 0.999714 0.000000 -0.142433 0.989804 0.000000 
-0.960777 -0.277321 -0.000000 -0.999992 0.003954 0.000000 0.988346 0.152222 0.000000 0.382484 -0.923962 0.000000 0.025518 0.999674 0.000000 -0.158238 0.987401 0.000000 
0.395669 -0.918393 0.000000 0.988716 0.149802 0.000000 -0.960207 -0.279289 -0.000000 -0.999167 0.040798 0.000000 0.026152 0.999658 0.000000 -0.174543 0.984649 0.000000 
0.409251 -0.912422 0.000000 0.988885 0.148681 0.000000 -0.959493 -0.281731 -0.000000 -0.996868 0.079082 0.000000 0.025721 0.999669 0.000000 -0.191575 0.981478 0.000000 
0.423051 -0.906106 0.000000 0.988984 0.148024 0.000000 -0.958634 -0.284640 -0.000000 -0.992250 0.124261 0.000000 0.023825 0.999716 0.000000 -0.209477 0.977814 0.000000 
0.437774 -0.899085 0.000000 0.988963 0.148164 0.000000 -0.957897 -0.287113 -0.000000 -0.985051 0.172262 0.000000 0.019323 0.999813 0.000000 -0.228923 0.973444 0.000000 
0.454617 -0.890687 0.000000 0.988481 0.151342 0.000000 -0.957095 -0.289775 -0.000000 -0.975300 0.220883 0.000000 0.008923 0.999960 0.000000 -0.251122 0.967955 0.000000 
0.472229 -0.881476 0.000000 0.987891 0.155152 0.000000 -0.956287 -0.292430 -0.000000 -0.952440 0.304726 0.000000 -0.006080 0.999982 0.000000 -0.275402 0.961329 0.000000 
0.489455 -0.872029 0.000000 0.987752 0.156034 0.000000 -0.955831 -0.293918 -0.000000 -0.923214 0.384286 0.000000 -0.020779 0.999784 0.000000 -0.299454 0.954111 0.000000 
0.506536 -0.862219 0.000000 0.987871 0.155278 0.000000 -0.954706 -0.297552 -0.000000 -0.901497 0.432785 0.000000 -0.034065 0.999420 0.000000 -0.322386 0.946608 0.000000 
0.523225 -0.852194 0.000000 0.987492 0.157666 0.000000 -0.952778 -0.303668 -0.000000 -0.904970 0.425476 0.000000 -0.050573 0.998720 0.000000 -0.343166 0.939275 0.000000 
0.539451 -0.842017 0.000000 0.986837 0.161715 0.000000 -0.950045 -0.312112 -0.000000 -0.921270 0.388923 0.000000 -0.068402 0.997658 0.000000 -0.362403 0.932022 0.000000 
0.555385 -0.831593 0.000000 0.986263 0.165181 0.000000 -0.947140 -0.320820 -0.000000 -0.936813 0.349830 0.000000 -0.085447 0.996343 0.000000 -0.381385 0.924416 0.000000 
0.570498 -0.821299 0.000000 0.985720 0.168395 0.000000 -0.944313 -0.329049 -0.000000 -0.944926 0.327283 0.000000 -0.101951 0.994789 0.000000 -0.400081 0.916480 0.000000 
0.583817 -0.811885 0.000000 0.985217 0.171308 0.000000 -0.941984 -0.335658 -0.000000 -0.937079 0.349118 0.000000 -0.117435 0.993081 0.000000 -0.418077 0.908412 0.000000 
0.599271 -0.800546 0.000000 0.984816 0.173602 0.000000 -0.937083 -0.349106 -0.000000 -0.913076 0.407790 0.000000 -0.130607 0.991434 0.000000 -0.439124 0.898426 0.000000 
0.617877 -0.786275 0.000000 0.984451 0.175658 0.000000 -0.929813 -0.368033 -0.000000 -0.903842 0.427867 0.000000 -0.142251 0.989831 0.000000 -0.463019 0.886348 0.000000 
0.633462 -0.773774 0.000000 0.984085 0.177698 0.000000 -0.923840 -0.382780 -0.000000 -0.900593 0.434664 0.000000 -0.152906 0.988241 0.000000 -0.483193 0.875514 0.000000 
0.644178 -0.764876 0.000000 0.983477 0.181035 0.000000 -0.921003 -0.389556 -0.000000 -0.897060 0.441909 0.000000 -0.163963 0.986466 0.000000 -0.497766 0.867311 0.000000 
0.652047 -0.758179 0.000000 0.983068 0.183242 0.000000 -0.919816 -0.392349 -0.000000 -0.888561 0.458759 0.000000 -0.172917 0.984936 0.000000 -0.509109 0.860702 0.000000 
0.657323 -0.753609 0.000000 0.983009 0.183557 0.000000 -0.919627 -0.392793 -0.000000 -0.871183 0.490959 0.000000 -0.178798 0.983886 0.000000 -0.517564 0.855644 0.000000 
0.660137 -0.751145 0.000000 0.983177 0.182656 0.000000 -0.920347 -0.391102 -0.000000 -0.182638 0.983180 0.000000 -0.523186 0.852219 0.000000 
0.661104 -0.750294 0.000000 0.983575 0.180502 0.000000 -0.921761 -0.387758 -0.000000 -0.184466 0.982839 0.000000 -0.526564 0.850136 0.000000 
0.660486 -0.750838 0.000000 0.984838 0.173477 0.000000 -0.923706 -0.383101 -0.000000 -0.178587 0.983924 0.000000 -0.527915 0.849297 0.000000 
0.657094 -0.753809 0.000000 0.985991 0.166798 0.000000 -0.926122 -0.377225 -0.000000 -0.171869 0.985120 0.000000 -0.525842 0.850582 0.000000 
0.652637 -0.757671 0.000000 0.987015 0.160625 0.000000 -0.928701 -0.370830 -0.000000 -0.165303 0.986243 0.000000 -0.521988 0.852953 0.000000 
0.649011 -0.760779 0.000000 0.987591 0.157050 0.000000 -0.930544 -0.366180 -0.000000 -0.160942 0.986964 0.000000 -0.518259 0.855224 0.000000 
0.647453 -0.762106 0.000000 0.987407 0.158202 0.000000 -0.930845 -0.365413 -0.000000 -0.161323 0.986902 0.000000 -0.516201 0.856467 0.000000 
0.647469 -0.762092 0.000000 0.986855 0.161608 0.000000 -0.930132 -0.367225 -0.000000 -0.163975 0.986465 0.000000 -0.515620 0.856817 0.000000 
0.649094 -0.760708 0.000000 0.986184 0.165656 0.000000 -0.928716 -0.370792 -0.000000 -0.167329 0.985901 0.000000 -0.516565 0.856248 0.000000 
0.652084 -0.758147 0.000000 0.985529 0.169506 0.000000 -0.926667 -0.375883 -0.000000 -0.170455 0.985365 0.000000 -0.518831 0.854877 0.000000 
0.655289 -0.755378 0.000000 0.984866 0.173318 0.000000 -0.924291 -0.381688 -0.000000 -0.173249 0.984878 0.000000 -0.521194 0.853438 0.000000 
0.657554 -0.753407 0.000000 0.984300 0.176504 0.000000 -0.922179 -0.386763 -0.000000 -0.175033 0.984563 0.000000 -0.522426 0.852684 0.000000 
0.658186 -0.752855 0.000000 0.983947 0.178459 0.000000 -0.920781 -0.390081 -0.000000 -0.175059 0.984558 0.000000 -0.521823 0.853054 0.000000 
0.656945 -0.753938 0.000000 0.983847 0.179011 0.000000 -0.920256 -0.391317 -0.000000 -0.173093 0.984906 0.000000 -0.519118 0.854702 0.000000 
0.654447 -0.756108 0.000000 0.983915 0.178635 0.000000 -0.920207 -0.391433 -0.000000 -0.856314 0.516455 0.000000 -0.169604 0.985512 0.000000 -0.514917 0.857240 0.000000 
0.651092 -0.758998 0.000000 0.984070 0.177780 0.000000 -0.920373 -0.391042 -0.000000 -0.867624 0.497221 0.000000 -0.165097 0.986277 0.000000 -0.509597 0.860413 0.000000 
0.647095 -0.762410 0.000000 0.984267 0.176688 0.000000 -0.920634 -0.390427 -0.000000 -0.878117 0.478445 0.000000 -0.159771 0.987154 0.000000 -0.503356 0.864079 0.000000 
0.642626 -0.766180 0.000000 0.984431 0.175771 0.000000 -0.920900 -0.389799 -0.000000 -0.887027 0.461718 0.000000 -0.154193 0.988041 0.000000 -0.496452 0.868064 0.000000 
0.637741 -0.770251 0.000000 0.984538 0.175172 0.000000 -0.921087 -0.389356 -0.000000 -0.895626 0.444808 0.000000 -0.148517 0.988910 0.000000 -0.488897 0.872341 0.000000 
0.632620 -0.774462 0.000000 0.984572 0.174977 0.000000 -0.921088 -0.389354 -0.000000 -0.904182 0.427147 0.000000 -0.142802 0.989751 0.000000 -0.480842 0.876807 0.000000 
0.627275 -0.778798 0.000000 0.984703 0.174241 0.000000 -0.920878 -0.389850 -0.000000 -0.915592 0.402108 0.000000 -0.136039 0.990703 0.000000 -0.472418 0.881375 0.000000 
0.621350 -0.783533 0.000000 0.985203 0.171394 0.000000 -0.921080 -0.389372 -0.000000 -0.930267 0.366883 0.000000 -0.127307 0.991863 0.000000 -0.463509 0.886092 0.000000 
0.615167 -0.788397 0.000000 0.985578 0.169222 0.000000 -0.921120 -0.389279 -0.000000 -0.936977 0.349391 0.000000 -0.120252 0.992743 0.000000 -0.455029 0.890477 0.000000 
0.609279 -0.792956 0.000000 0.985577 0.169227 0.000000 -0.921261 -0.388946 -0.000000 -0.938582 0.345056 0.000000 -0.116416 0.993201 0.000000 -0.447419 0.894324 0.000000 
0.604876 -0.796320 0.000000 0.985468 0.169861 0.000000 -0.921511 -0.388353 -0.000000 -0.939384 0.342868 0.000000 -0.114245 0.993453 0.000000 -0.441776 0.897126 0.000000 
0.602651 -0.798005 0.000000 0.985422 0.170127 0.000000 -0.921643 -0.388038 -0.000000 -0.940543 0.339674 0.000000 -0.113075 0.993586 0.000000 -0.438888 0.898542 0.000000 
0.602542 -0.798088 0.000000 0.985403 0.170240 0.000000 -0.921649 -0.388024 -0.000000 -0.940531 0.339707 0.000000 -0.113189 0.993574 0.000000 -0.438769 0.898600 0.000000 
0.603436 -0.797411 0.000000 0.985262 0.171053 0.000000 -0.921619 -0.388097 -0.000000 -0.938787 0.344499 0.000000 -0.114880 0.993379 0.000000 -0.440084 0.897957 0.000000 
0.605015 -0.796214 0.000000 0.984971 0.172717 0.000000 -0.921560 -0.388235 -0.000000 -0.935411 0.353561 0.000000 -0.118121 0.992999 0.000000 -0.442411 0.896812 0.000000 
0.607148 -0.794589 0.000000 0.984603 0.174807 0.000000 -0.921513 -0.388346 -0.000000 -0.931239 0.364408 0.000000 -0.122291 0.992494 0.000000 -0.445518 0.895273 0.000000 
0.609763 -0.792583 0.000000 0.984271 0.176668 0.000000 -0.921542 -0.388279 -0.000000 -0.926234 0.376948 0.000000 -0.126487 0.991968 0.000000 -0.449270 0.893396 0.000000 
0.612635 -0.790366 0.000000 0.984017 0.178074 0.000000 -0.921618 -0.388098 -0.000000 -0.920943 0.389697 0.000000 -0.130252 0.991481 0.000000 -0.453331 0.891342 0.000000 
0.615543 -0.788103 0.000000 0.983817 0.179178 0.000000 -0.921648 -0.388028 -0.000000 -0.916181 0.400766 0.000000 -0.133558 0.991041 0.000000 -0.457378 0.889272 0.000000 
0.618157 -0.786054 0.000000 0.983638 0.180155 0.000000 -0.921646 -0.388031 -0.000000 -0.912683 0.408668 0.000000 -0.136429 0.990650 0.000000 -0.460973 0.887414 0.000000 
0.620141 -0.784490 0.000000 0.983484 0.180997 0.000000 -0.921645 -0.388035 -0.000000 -0.910353 0.413834 0.000000 -0.138698 0.990335 0.000000 -0.463689 0.885998 0.000000 
0.621342 -0.783539 0.000000 0.983379 0.181562 0.000000 -0.921651 -0.388019 -0.000000 -0.909180 0.416404 0.000000 -0.140129 0.990133 0.000000 -0.465327 0.885139 0.000000 
0.621794 -0.783181 0.000000 0.983344 0.181756 0.000000 -0.921570 -0.388213 -0.000000 -0.909088 0.416603 0.000000 -0.140582 0.990069 0.000000 -0.465906 0.884834 0.000000 
0.621719 -0.783240 0.000000 0.983376 0.181580 0.000000 -0.921574 -0.388203 -0.000000 -0.909426 0.415866 0.000000 -0.140316 0.990107 0.000000 -0.465787 0.884897 0.000000 
0.621501 -0.783413 0.000000 0.983435 0.181262 0.000000 -0.921585 -0.388177 -0.000000 -0.910342 0.413856 0.000000 -0.139762 0.990185 0.000000 -0.465446 0.885076 0.000000 
