1.515114 0.472942 0.004422 1.642322 0.419442 0.004629 1.432424 0.275357 0.004519 1.557230 0.219560 0.004726 
1.515079 0.472909 0.004405 1.642289 0.419413 0.004555 1.432396 0.275321 0.004631 1.557203 0.219528 0.004783 
1.515075 0.472916 0.004472 1.642285 0.419420 0.004589 1.432392 0.275328 0.004658 1.557199 0.219534 0.004776 
1.515272 0.472825 0.003986 1.642504 0.419387 0.004644 1.432676 0.275200 0.004253 1.557508 0.219464 0.004908 
1.515292 0.472869 0.004097 1.642534 0.419454 0.004744 1.432734 0.275228 0.004143 1.557575 0.219515 0.004784 
1.515338 0.472913 0.004160 1.642590 0.419523 0.004861 1.432819 0.275256 0.004017 1.557671 0.219567 0.004709 
1.515340 0.472912 0.004234 1.642593 0.419522 0.004869 1.432821 0.275255 0.004107 1.557674 0.219566 0.004734 
1.515550 0.472705 0.003713 1.642829 0.419389 0.004902 1.433141 0.275002 0.003948 1.558022 0.219385 0.005128 
1.515695 0.472864 0.003887 1.642992 0.419593 0.005210 1.433361 0.275130 0.003498 1.558261 0.219558 0.004803 
1.515735 0.472880 0.003973 1.643041 0.419630 0.005285 1.433434 0.275133 0.003485 1.558342 0.219581 0.004777 
1.515729 0.472868 0.004021 1.643039 0.419626 0.005241 1.433441 0.275114 0.003627 1.558354 0.219571 0.004829 
1.515731 0.472867 0.004105 1.643042 0.419626 0.005242 1.433443 0.275114 0.003745 1.558357 0.219571 0.004866 
1.515730 0.472868 0.004179 1.643040 0.419627 0.005367 1.433442 0.275115 0.003847 1.558356 0.219572 0.005018 
1.515720 0.472873 0.004252 1.643027 0.419633 0.005777 1.433432 0.275120 0.003944 1.558343 0.219578 0.005450 
1.515702 0.472881 0.004319 1.643003 0.419644 0.006403 1.433415 0.275127 0.004032 1.558319 0.219588 0.006092 
1.515683 0.472889 0.004379 1.642973 0.419656 0.007096 1.433396 0.275135 0.004111 1.558290 0.219600 0.006798 
1.515663 0.472898 0.004434 1.642941 0.419669 0.007771 1.433377 0.275144 0.004182 1.558258 0.219613 0.007483 
1.515644 0.472906 0.004484 1.642907 0.419684 0.008433 1.433358 0.275152 0.004245 1.558225 0.219627 0.008152 
1.515625 0.472914 0.004531 1.642871 0.419699 0.009084 1.433340 0.275160 0.004302 1.558189 0.219642 0.008808 
1.515606 0.472922 0.004573 1.642832 0.419715 0.009724 1.433321 0.275167 0.004353 1.558151 0.219658 0.009451 
1.515587 0.472930 0.004612 1.642792 0.419732 0.010354 1.433303 0.275175 0.004399 1.558111 0.219674 0.010082 
1.515568 0.472938 0.004648 1.642749 0.419749 0.010978 1.433284 0.275183 0.004440 1.558069 0.219692 0.010706 
1.515549 0.472946 0.004681 1.642704 0.419768 0.011600 1.433265 0.275191 0.004477 1.558025 0.219710 0.011327 
1.515665 0.473022 0.004763 1.642769 0.419850 0.012603 1.433396 0.275262 0.003924 1.558105 0.219788 0.011676 
1.515661 0.473028 0.004804 1.642738 0.419888 0.013275 1.433430 0.275253 0.003866 1.558113 0.219810 0.012242 
1.515567 0.473065 0.004946 1.642628 0.419985 0.013996 1.433412 0.275259 0.003957 1.558081 0.219874 0.012906 
1.515435 0.473114 0.005231 1.642482 0.420110 0.014899 1.433392 0.275262 0.004039 1.558049 0.219953 0.013598 
1.515278 0.473173 0.005512 1.642314 0.420261 0.015817 1.433371 0.275266 0.004114 1.558018 0.220047 0.014300 
1.515103 0.473241 0.005720 1.642129 0.420436 0.016682 1.433350 0.275272 0.004182 1.557989 0.220157 0.015017 
1.514917 0.473315 0.005855 1.641931 0.420629 0.017500 1.433328 0.275279 0.004243 1.557958 0.220281 0.015753 
1.514716 0.473397 0.005918 1.641718 0.420844 0.018275 1.433306 0.275288 0.004299 1.557926 0.220421 0.016514 
1.514495 0.473490 0.005909 1.641485 0.421088 0.019011 1.433283 0.275298 0.004349 1.557894 0.220580 0.017302 
1.514252 0.473593 0.005829 1.641230 0.421363 0.019711 1.433259 0.275310 0.004394 1.557862 0.220761 0.018122 
1.513988 0.473706 0.005675 1.640953 0.421670 0.020379 1.433235 0.275325 0.004435 1.557828 0.220966 0.018980 
1.513701 0.473831 0.005448 1.640651 0.422011 0.021018 1.433210 0.275341 0.004473 1.557792 0.221196 0.019880 
1.513391 0.473965 0.005144 1.640324 0.422388 0.021634 1.433183 0.275360 0.004507 1.557752 0.221452 0.020829 
1.513725 0.474417 0.005136 1.640496 0.423124 0.023632 1.434018 0.275622 0.002956 1.558434 0.221993 0.021243 
1.513514 0.474514 0.004968 1.640255 0.423402 0.024162 1.434001 0.275637 0.003133 1.558389 0.222187 0.022116 
1.513479 0.474532 0.004969 1.640081 0.423488 0.025231 1.433972 0.275651 0.003296 1.558223 0.222268 0.023340 
1.513441 0.474551 0.004969 1.639880 0.423583 0.026407 1.433940 0.275667 0.003444 1.558030 0.222359 0.024653 
1.513400 0.474571 0.004970 1.639654 0.423687 0.027658 1.433905 0.275683 0.003578 1.557812 0.222459 0.026028 
1.513355 0.474592 0.004970 1.639400 0.423802 0.028994 1.433867 0.275701 0.003700 1.557566 0.222569 0.027474 
1.513809 0.474920 0.004988 1.639567 0.424317 0.030840 1.434607 0.275923 0.002767 1.558027 0.222975 0.028339 
1.513761 0.474944 0.004985 1.639259 0.424465 0.032298 1.434569 0.275941 0.002966 1.557732 0.223115 0.029988 
1.513707 0.474971 0.004983 1.638895 0.424633 0.033932 1.434525 0.275962 0.003148 1.557381 0.223276 0.031792 
1.513648 0.474999 0.004981 1.638482 0.424819 0.035682 1.434477 0.275984 0.003312 1.556982 0.223455 0.033693 
1.513585 0.475028 0.004978 1.638013 0.425026 0.037558 1.434424 0.276008 0.003461 1.556528 0.223655 0.035705 
1.513517 0.475059 0.004976 1.637480 0.425258 0.039573 1.434366 0.276034 0.003596 1.556010 0.223880 0.037840 
1.513443 0.475091 0.004974 1.636875 0.425518 0.041733 1.434302 0.276061 0.003719 1.555419 0.224132 0.040106 
1.513364 0.475126 0.004972 1.636186 0.425809 0.044043 1.434233 0.276091 0.003831 1.554746 0.224417 0.042510 
1.513279 0.475162 0.004970 1.635405 0.426137 0.046512 1.434157 0.276124 0.003933 1.553981 0.224737 0.045060 
1.513187 0.475201 0.004967 1.634517 0.426506 0.049148 1.434075 0.276158 0.004025 1.553111 0.225099 0.047767 
1.513089 0.475243 0.004965 1.633507 0.426924 0.051961 1.433985 0.276196 0.004110 1.552119 0.225509 0.050641 
1.512982 0.475287 0.004963 1.632358 0.427396 0.054963 1.433888 0.276236 0.004187 1.550989 0.225973 0.053694 
1.512868 0.475334 0.004960 1.631049 0.427931 0.058159 1.433783 0.276280 0.004257 1.549700 0.226500 0.056935 
1.512746 0.475385 0.004957 1.629558 0.428538 0.061562 1.433668 0.276327 0.004322 1.548231 0.227098 0.060373 
1.512612 0.475439 0.004954 1.627846 0.429232 0.065205 1.433543 0.276378 0.004381 1.546541 0.227783 0.064044 
1.512467 0.475499 0.004951 1.625855 0.430037 0.069140 1.433405 0.276434 0.004436 1.544577 0.228577 0.067999 
1.512308 0.475563 0.004950 1.623559 0.430962 0.073346 1.433254 0.276495 0.004486 1.542309 0.229490 0.072217 
1.512136 0.475632 0.004949 1.620922 0.432022 0.077803 1.433089 0.276562 0.004533 1.539703 0.230538 0.076680 
1.511950 0.475707 0.004948 1.617903 0.433234 0.082499 1.432911 0.276634 0.004576 1.536718 0.231736 0.081375 
1.511750 0.475788 0.004949 1.614453 0.434616 0.087417 1.432718 0.276711 0.004616 1.533307 0.233103 0.086286 
1.511566 0.475871 0.004947 1.610550 0.436232 0.092554 1.432648 0.276750 0.004613 1.529555 0.234658 0.091372 
1.511686 0.475957 0.004941 1.606315 0.438017 0.097946 1.432716 0.276855 0.004629 1.525310 0.236447 0.096734 
1.511793 0.476009 0.004924 1.601573 0.439985 0.103341 1.432785 0.276922 0.004655 1.520575 0.238412 0.102121 
1.513283 0.475716 0.004906 1.596828 0.442061 0.109461 1.433971 0.276750 0.004735 1.515583 0.240588 0.108280 
1.513328 0.476053 0.005177 1.590788 0.444773 0.115020 1.434136 0.277040 0.004823 1.509722 0.243229 0.113604 
1.566239 0.457297 0.120421 1.493375 0.252704 0.125537 1.494231 0.479412 0.004793 1.423074 0.277480 0.010935 
1.535564 0.463850 0.123391 1.465435 0.258607 0.135670 1.466757 0.479630 0.004813 1.398265 0.277117 0.018047 
1.502471 0.467694 0.125305 1.430889 0.263353 0.143037 1.436262 0.479794 0.004831 1.366314 0.278205 0.023457 
1.470761 0.468849 0.126571 1.394121 0.266655 0.147486 1.406693 0.479897 0.004845 1.331736 0.280435 0.026622 
1.442284 0.469394 0.127356 1.360926 0.269307 0.150584 1.379593 0.480014 0.004877 1.299972 0.282633 0.028942 
1.418527 0.470668 0.127603 1.335391 0.271648 0.153552 1.356109 0.480085 0.004887 1.274732 0.283769 0.031637 
1.398361 0.472823 0.127494 1.316158 0.273857 0.156631 1.335378 0.480239 0.004929 1.254926 0.283995 0.034821 
1.381639 0.475272 0.126911 1.301528 0.276038 0.159799 1.317304 0.480350 0.004930 1.238928 0.283863 0.038515 
1.366722 0.477799 0.125951 1.289152 0.278290 0.163002 1.300465 0.480430 0.004926 1.224612 0.283696 0.042606 
1.351633 0.480827 0.124557 1.277176 0.281140 0.166687 1.282840 0.480585 0.004927 1.210081 0.283702 0.047600 
1.336988 0.484880 0.122283 1.267208 0.285344 0.172380 1.264401 0.480167 0.005010 1.196289 0.283476 0.055517 
1.322832 0.487212 0.124890 1.258941 0.289295 0.187665 1.248373 0.473976 0.009458 1.186085 0.278963 0.072447 
1.305303 0.484843 0.128926 1.247745 0.291209 0.208843 1.229901 0.459996 0.016049 1.173866 0.269315 0.095916 
1.282998 0.476545 0.129664 1.230798 0.290405 0.228764 1.206252 0.439565 0.021098 1.155513 0.256389 0.119838 
1.255731 0.463317 0.124019 1.208555 0.288157 0.243548 1.176637 0.414324 0.022099 1.130874 0.242087 0.140918 
1.225037 0.446467 0.113120 1.182556 0.285458 0.252638 1.143002 0.386430 0.019793 1.101896 0.228251 0.158239 
1.194556 0.429333 0.100466 1.153044 0.282266 0.254874 1.110207 0.361980 0.014484 1.070079 0.217616 0.167542 
1.171940 0.423539 0.089781 1.129661 0.288662 0.254748 1.088090 0.349740 0.008745 1.047200 0.217456 0.172167 
1.163887 0.432491 0.085505 1.119033 0.312148 0.260717 1.082912 0.350712 0.009352 1.039457 0.232834 0.182828 
1.159433 0.441206 0.086436 1.111567 0.322208 0.261770 1.080029 0.358648 0.009473 1.033589 0.242104 0.183077 
1.161262 0.465950 0.098451 1.119478 0.340629 0.270911 1.084366 0.382492 0.019930 1.043898 0.259721 0.190715 
1.167669 0.489900 0.128797 1.126043 0.367370 0.303289 1.095395 0.402084 0.050639 1.055039 0.282107 0.223424 
1.167209 0.510486 0.162208 1.122720 0.391710 0.338579 1.098729 0.419423 0.084348 1.055514 0.303178 0.258983 
1.160548 0.527276 0.192427 1.112286 0.410856 0.369377 1.094631 0.434625 0.114230 1.047672 0.320719 0.289438 
1.150412 0.540004 0.215577 1.100655 0.429116 0.395638 1.085186 0.444939 0.139733 1.036746 0.336510 0.317987 
1.139853 0.548233 0.233044 1.090437 0.444218 0.417252 1.074127 0.450599 0.160990 1.026028 0.348970 0.343298 
1.128910 0.553106 0.248373 1.080075 0.458519 0.437746 1.062265 0.452403 0.181578 1.014748 0.360100 0.368927 
1.117735 0.556102 0.261193 1.069161 0.472350 0.455666 1.049915 0.452485 0.200300 1.002666 0.370892 0.392623 
1.108207 0.559448 0.267672 1.061529 0.486103 0.466758 1.038785 0.453449 0.213001 0.993421 0.382141 0.409812 
1.056425 0.501316 0.473393 0.987007 0.395128 0.422450 1.100827 0.564660 0.270392 1.030115 0.456557 0.221836 
1.057291 0.514754 0.476927 0.986667 0.407498 0.430042 1.098118 0.572671 0.271568 1.026238 0.463566 0.227143 
1.060836 0.534589 0.489473 0.990015 0.425493 0.447374 1.099859 0.584553 0.281689 1.027807 0.473704 0.242130 
1.065023 0.558890 0.505739 0.994585 0.447669 0.468886 1.103164 0.599517 0.295766 1.031510 0.486654 0.261535 
1.068755 0.584388 0.521572 0.998585 0.471316 0.490254 1.106051 0.615190 0.309785 1.034680 0.500599 0.281167 
1.075650 0.606966 0.532381 1.005423 0.492438 0.507060 1.110624 0.628041 0.319012 1.039228 0.512116 0.296471 
1.014797 0.509054 0.516535 1.116762 0.639041 0.322824 
1.026038 0.523997 0.519567 1.124590 0.649908 0.321447 
1.039437 0.536744 0.514942 1.133797 0.660304 0.313331 
1.054575 0.547846 0.503871 1.144016 0.670444 0.299450 
1.071116 0.557568 0.487175 1.154910 0.680134 0.280357 
1.088765 0.565983 0.465541 1.166227 0.689053 0.256565 
1.107287 0.573433 0.439254 1.177756 0.697341 0.228307 
1.192742 0.699559 0.411977 1.122586 0.584587 0.193262 
1.132636 0.591724 0.156440 1.212514 0.707330 0.371455 
1.140325 0.599177 0.122455 1.229815 0.716362 0.332779 
1.148237 0.607301 0.093728 1.245399 0.727748 0.298737 
1.217709 0.739498 0.053075 1.156062 0.616847 0.067224 1.260089 0.741711 0.266131 1.198432 0.620193 0.277156 
1.222957 0.750605 0.021974 1.163497 0.627557 0.041147 1.274039 0.757743 0.233003 1.214427 0.635762 0.249033 
1.229646 0.754682 0.013072 1.170773 0.632319 0.037680 1.282792 0.770288 0.223133 1.223733 0.648868 0.244559 
1.233427 0.755412 0.012722 1.174948 0.634163 0.043103 1.288550 0.780038 0.221405 1.229852 0.659595 0.248569 
1.234848 0.755990 0.012325 1.177085 0.636033 0.048625 1.293221 0.789306 0.218907 1.235187 0.670021 0.251964 
1.235132 0.756533 0.011869 1.178288 0.638115 0.054176 1.297174 0.798502 0.215788 1.239999 0.680619 0.254832 
1.234926 0.757121 0.011440 1.179200 0.640261 0.059215 1.300205 0.807084 0.212527 1.244092 0.690632 0.257027 
1.233780 0.757501 0.011006 1.179228 0.642199 0.063672 1.303074 0.814017 0.208991 1.248068 0.699017 0.258379 
1.232634 0.757822 0.010608 1.179207 0.644109 0.067694 1.305890 0.820059 0.205425 1.251942 0.706552 0.259236 
1.231743 0.758127 0.010391 1.179452 0.646202 0.071893 1.309044 0.825989 0.201736 1.256165 0.714174 0.259969 
1.230763 0.758433 0.010152 1.179695 0.648530 0.076163 1.312402 0.831890 0.197589 1.260673 0.722000 0.260343 
1.229571 0.758716 0.009901 1.179813 0.651083 0.080494 1.315789 0.837722 0.192981 1.265294 0.730002 0.260334 
1.179863 0.653846 0.084754 0.672887 0.736497 0.461622 1.319297 0.843287 0.187939 1.270151 0.737914 0.259850 0.638363 0.690183 0.425359 0.637818 0.704467 0.415793 
0.650354 0.722972 0.434038 0.685336 0.756987 0.478482 0.651153 0.709030 0.444080 1.180821 0.657528 0.089097 1.323096 0.849564 0.183207 1.275460 0.746527 0.259391 
0.661759 0.740001 0.447646 0.697051 0.775687 0.490506 0.662824 0.726387 0.458104 1.184202 0.663084 0.094702 1.327561 0.858309 0.180210 1.281638 0.757564 0.260404 
0.672444 0.755818 0.457642 0.708322 0.792937 0.498763 0.673795 0.742520 0.468467 1.189162 0.670246 0.100416 1.332761 0.868802 0.177431 1.288756 0.770356 0.261465 
0.683272 0.771044 0.465516 0.719852 0.809446 0.504799 0.684922 0.758058 0.476673 1.195004 0.678499 0.105124 1.338454 0.880285 0.173541 1.296589 0.784180 0.261296 
0.694245 0.785681 0.471914 0.731609 0.825233 0.509273 0.696201 0.773007 0.483376 1.201432 0.687472 0.108422 1.344523 0.892341 0.167841 1.305055 0.798712 0.259306 
0.705485 0.799966 0.477343 0.743714 0.840575 0.512635 0.707757 0.787615 0.489095 1.208198 0.696803 0.109952 1.350815 0.904539 0.159779 1.314035 0.813591 0.254992 
0.717454 0.814445 0.482223 0.756610 0.856068 0.515242 0.720062 0.802441 0.494262 1.214952 0.706225 0.109808 1.357327 0.916387 0.149021 1.323467 0.828547 0.248154 
0.731485 0.830474 0.486238 0.770906 0.872819 0.518000 0.734330 0.818680 0.498431 1.218245 0.710302 0.113027 1.362527 0.920843 0.141871 1.330748 0.836429 0.244605 
0.738278 0.842395 0.486329 0.778601 0.884906 0.516709 0.741320 0.830737 0.498604 1.220867 0.713478 0.115510 1.366204 0.924287 0.135839 1.336433 0.842636 0.241369 
0.738781 0.849032 0.484737 0.780729 0.891113 0.513471 0.741949 0.837459 0.497061 1.222387 0.716819 0.117704 1.367959 0.928074 0.130217 1.340212 0.848992 0.238226 
0.732714 0.852960 0.484157 0.777002 0.894206 0.510488 0.735964 0.841531 0.496593 1.220985 0.716915 0.119587 1.367324 0.927939 0.125077 1.341233 0.851261 0.235212 
0.731416 0.856276 0.486352 0.776899 0.896542 0.512156 0.734540 0.844790 0.498768 1.214068 0.710950 0.120804 1.363166 0.920106 0.121470 1.337319 0.845449 0.233041 
0.728352 0.855833 0.487257 0.775084 0.894944 0.512604 0.731307 0.844274 0.499647 1.205183 0.702656 0.120560 1.358245 0.908919 0.122594 1.330210 0.834598 0.233861 
0.723225 0.860324 0.488421 0.771003 0.898742 0.512861 0.726085 0.848832 0.500894 1.199146 0.697548 0.120159 1.355666 0.901174 0.123963 1.325681 0.826908 0.234757 
0.724838 0.875069 0.494035 0.772341 0.914010 0.518183 0.727671 0.863768 0.506688 1.194305 0.693988 0.120496 1.354831 0.894495 0.122737 1.324072 0.821151 0.233932 
0.732823 0.897124 0.505844 0.779059 0.937673 0.529804 0.735641 0.886227 0.518850 1.188467 0.688979 0.124600 1.353483 0.885813 0.122950 1.322398 0.814283 0.235231 
0.740913 0.921020 0.521098 0.785735 0.963505 0.544379 0.743739 0.910671 0.534542 1.184425 0.685831 0.141423 1.352119 0.880350 0.137193 1.319274 0.811427 0.250598 
0.745004 0.944896 0.536823 0.788654 0.989157 0.558999 0.747864 0.935129 0.550689 1.182486 0.688068 0.169183 1.350598 0.882163 0.162696 1.315425 0.816538 0.277352 
0.746087 0.965880 0.553272 0.789045 1.011389 0.574236 0.748913 0.956653 0.567510 1.182852 0.694947 0.201309 1.350856 0.888934 0.190338 1.313798 0.827636 0.306782 
0.745629 0.984982 0.569900 0.787947 1.031528 0.589865 0.748323 0.976276 0.584487 1.186901 0.707479 0.229471 1.353217 0.902572 0.213528 1.315301 0.845138 0.331653 
0.746417 0.998259 0.584150 0.788238 1.045550 0.603401 0.749032 0.989917 0.598963 1.194708 0.723194 0.249679 1.357796 0.920634 0.229762 1.319996 0.865666 0.349091 
0.748485 1.006570 0.595056 0.789795 1.054464 0.613914 0.751031 0.998482 0.610021 1.204032 0.737890 0.258003 1.363593 0.938018 0.236413 1.326472 0.883629 0.356220 
0.752274 1.011257 0.601613 0.792851 1.059745 0.620545 0.754751 1.003308 0.616664 1.212616 0.749381 0.256265 1.369577 0.951600 0.235102 1.333171 0.896475 0.354792 
0.758313 1.012704 0.601803 0.797965 1.061772 0.621194 0.760772 1.004765 0.616862 1.221486 0.759757 0.245476 1.375896 0.964150 0.226564 1.340347 0.907134 0.345624 
0.763865 1.011995 0.592944 0.803050 1.061317 0.612639 0.766554 1.003896 0.607878 1.230834 0.770499 0.230560 1.382170 0.977100 0.210812 1.349534 0.918521 0.329947 
0.771413 1.010877 0.580917 0.810092 1.060465 0.600942 0.774456 1.002551 0.595657 1.241074 0.781693 0.217976 1.388786 0.991001 0.199323 1.358299 0.930436 0.318034 
0.780640 1.009287 0.568475 0.818610 1.059180 0.589089 0.784044 1.000702 0.582985 1.251990 0.793379 0.207567 1.395731 1.005616 0.191118 1.366856 0.942939 0.309133 
0.789059 1.007292 0.556754 0.826202 1.057444 0.578229 0.792775 0.998431 0.571020 1.262773 0.805523 0.197128 1.402282 1.020781 0.183790 1.374986 0.955626 0.300835 
0.794471 1.003984 0.546864 0.830809 1.054266 0.569388 0.798414 0.994850 0.560895 1.272363 0.817999 0.189351 1.407710 1.036082 0.179486 1.381666 0.968561 0.295470 
0.797496 0.999202 0.539500 0.833155 1.049492 0.563068 0.801575 0.989828 0.553333 1.281828 0.831749 0.184105 1.413080 1.052417 0.176680 1.388286 0.983152 0.291908 
0.798895 0.993960 0.533562 0.834120 1.044204 0.557869 0.803075 0.984411 0.547244 1.292019 0.848188 0.180777 1.418628 1.071601 0.174980 1.395283 1.000998 0.289697 
0.800031 0.989835 0.528662 0.835035 1.040084 0.553277 0.804327 0.980191 0.542241 1.303014 0.867352 0.178749 1.424224 1.093765 0.174031 1.402559 1.022087 0.288411 
0.802824 0.988505 0.525084 0.837548 1.038918 0.549756 0.807264 0.978834 0.538597 1.313944 0.887681 0.177608 1.429394 1.117099 0.173732 1.409474 1.044515 0.287856 
0.807209 0.990866 0.522834 0.841423 1.041630 0.547500 0.811812 0.981216 0.536308 1.323916 0.907597 0.177283 1.433688 1.139793 0.173819 1.415484 1.066573 0.287825 
0.811965 0.996298 0.522329 0.845474 1.047553 0.546946 0.816725 0.986717 0.535797 1.331950 0.925224 0.178177 1.436857 1.159652 0.174341 1.420135 1.086271 0.288470 
0.816899 1.004099 0.523527 0.849535 1.055925 0.548123 0.821787 0.994617 0.537020 1.337897 0.939797 0.180432 1.439042 1.175851 0.175483 1.423440 1.102776 0.289966 
0.821014 1.012771 0.525893 0.852846 1.065147 0.550376 0.825997 1.003412 0.539436 1.342039 0.951167 0.183965 1.440419 1.188349 0.177422 1.425540 1.115923 0.292413 
0.823672 1.020916 0.529113 0.854942 1.073761 0.553312 0.828709 1.011699 0.542734 1.344644 0.959176 0.188315 1.441099 1.197090 0.179943 1.426590 1.125520 0.295516 
0.825486 1.027761 0.532538 0.856380 1.080957 0.556451 0.830537 1.018670 0.546237 1.345631 0.962932 0.192323 1.441244 1.201122 0.182307 1.426754 1.130396 0.298401 
0.826096 1.032393 0.535605 0.856846 1.085796 0.559239 0.831131 1.023400 0.549375 1.344895 0.962599 0.195000 1.440949 1.200550 0.183639 1.426243 1.130544 0.300141 
0.825454 1.034288 0.538007 0.856330 1.087763 0.561312 0.830455 1.025372 0.551840 1.343410 0.960028 0.196885 1.440545 1.197486 0.184422 1.425493 1.128100 0.301250 
0.824472 1.034592 0.539720 0.855531 1.088058 0.562803 0.829433 1.025720 0.553595 1.341782 0.956919 0.197995 1.440134 1.193836 0.184800 1.424733 1.124886 0.301841 
0.823727 1.034207 0.540629 0.854918 1.087628 0.563635 0.828655 1.025346 0.554523 1.340597 0.954641 0.198191 1.439832 1.191175 0.184758 1.424210 1.122387 0.301864 
0.823228 1.033512 0.540694 0.854512 1.086890 0.563675 0.828144 1.024648 0.554591 1.340169 0.953772 0.197953 1.439725 1.190168 0.184461 1.424063 1.121406 0.301578 
0.822875 1.032650 0.540343 0.854226 1.085985 0.563331 0.827788 1.023775 0.554233 1.340216 0.953751 0.197694 1.439745 1.190166 0.184332 1.424096 1.121336 0.301410 
0.822650 1.031711 0.539878 0.854050 1.085002 0.562900 0.827563 1.022820 0.553758 1.340344 0.953836 0.197271 1.439793 1.190296 0.184123 1.424177 1.121351 0.301138 
0.822542 1.030868 0.539399 0.853968 1.084123 0.562471 0.827456 1.021960 0.553267 1.340500 0.953960 0.196806 1.439858 1.190471 0.183893 1.424280 1.121399 0.300838 
0.822566 1.030125 0.538938 0.854002 1.083346 0.562074 0.827483 1.021198 0.552793 1.340589 0.953906 0.196217 1.439893 1.190458 0.183630 1.424338 1.121218 0.300479 
0.822577 1.029505 0.538546 0.854018 1.082700 0.561735 0.827495 1.020562 0.552391 1.340707 0.953959 0.195780 1.439945 1.190550 0.183413 1.424420 1.121192 0.300196 
0.822547 1.029040 0.538264 0.853999 1.082215 0.561487 0.827466 1.020087 0.552102 1.340786 0.954006 0.195478 1.439974 1.190626 0.183275 1.424469 1.121182 0.300010 
0.822535 1.028772 0.538096 0.853993 1.081933 0.561339 0.827455 1.019812 0.551930 1.340820 0.954004 0.195287 1.439990 1.190638 0.183187 1.424493 1.121140 0.299891 
0.822518 1.028706 0.538063 0.853980 1.081864 0.561308 0.827437 1.019745 0.551895 1.340823 0.953996 0.195254 1.439990 1.190632 0.183167 1.424495 1.121127 0.299867 
0.822517 1.028687 0.538052 0.853981 1.081843 0.561298 0.827436 1.019725 0.551884 1.340817 0.953976 0.195234 1.439986 1.190611 0.183155 1.424490 1.121103 0.299853 
0.822515 1.028667 0.538039 0.853981 1.081822 0.561287 0.827435 1.019705 0.551871 1.340810 0.953958 0.195204 1.439980 1.190594 0.183150 1.424482 1.121075 0.299841 
0.822485 1.028603 0.538011 0.853957 1.081753 0.561262 0.827404 1.019640 0.551842 1.340783 0.953908 0.195150 1.439963 1.190543 0.183154 1.424457 1.120998 0.299828 
0.822476 1.028572 0.537996 0.853951 1.081720 0.561248 0.827395 1.019608 0.551827 1.340774 0.953882 0.195125 1.439958 1.190516 0.183143 1.424450 1.120964 0.299813 
0.822473 1.028550 0.537985 0.853950 1.081696 0.561239 0.827392 1.019585 0.551816 1.340763 0.953853 0.195099 1.439950 1.190486 0.183133 1.424441 1.120927 0.299798 
0.822468 1.028531 0.537975 0.853946 1.081675 0.561231 0.827387 1.019565 0.551805 1.340751 0.953825 0.195073 1.439944 1.190458 0.183138 1.424430 1.120885 0.299795 
0.822464 1.028513 0.537967 0.853943 1.081656 0.561223 0.827383 1.019548 0.551796 1.340744 0.953804 0.195053 1.439943 1.190435 0.183134 1.424427 1.120855 0.299786 
0.822455 1.028487 0.537954 0.853937 1.081627 0.561211 0.827373 1.019520 0.551783 1.340729 0.953769 0.195022 1.439936 1.190398 0.183134 1.424415 1.120804 0.299777 
0.822447 1.028461 0.537941 0.853931 1.081599 0.561201 0.827365 1.019493 0.551770 1.340710 0.953724 0.194990 1.439928 1.190350 0.183130 1.424401 1.120744 0.299765 
0.822443 1.028443 0.537929 0.853929 1.081580 0.561192 0.827361 1.019475 0.551758 1.340696 0.953697 0.194952 1.439918 1.190323 0.183134 1.424386 1.120698 0.299757 
0.822441 1.028428 0.537918 0.853929 1.081563 0.561182 0.827359 1.019459 0.551746 1.340688 0.953679 0.194926 1.439915 1.190304 0.183130 1.424380 1.120669 0.299747 
0.822445 1.028421 0.537913 0.853932 1.081556 0.561177 0.827363 1.019452 0.551741 1.340682 0.953663 0.194909 1.439911 1.190287 0.183118 1.424376 1.120650 0.299734 
0.822444 1.028409 0.537910 0.853932 1.081543 0.561177 0.827362 1.019440 0.551738 1.340672 0.953634 0.194897 1.439907 1.190257 0.183115 1.424370 1.120616 0.299728 
0.822430 1.028371 0.537898 0.853921 1.081501 0.561169 0.827347 1.019401 0.551725 1.340631 0.953544 0.194837 1.439886 1.190161 0.183105 1.424340 1.120498 0.299704 
0.822384 1.028287 0.537869 0.853885 1.081408 0.561149 0.827300 1.019313 0.551694 1.340531 0.953336 0.194725 1.439848 1.189931 0.183083 1.424279 1.120230 0.299656 
0.822334 1.028200 0.537855 0.853846 1.081311 0.561140 0.827247 1.019224 0.551680 1.340443 0.953141 0.194654 1.439817 1.189714 0.183034 1.424235 1.120004 0.299600 
0.822293 1.028127 0.537848 0.853814 1.081232 0.561137 0.827205 1.019149 0.551673 1.340367 0.952969 0.194587 1.439790 1.189523 0.183002 1.424195 1.119798 0.299557 
0.822283 1.028098 0.537858 0.853804 1.081199 0.561153 0.827193 1.019119 0.551683 1.340294 0.952798 0.194518 1.439761 1.189335 0.182961 1.424155 1.119598 0.299507 
0.822264 1.028071 0.537871 0.853786 1.081167 0.561177 0.827171 1.019090 0.551695 1.340173 0.952556 0.194410 1.439713 1.189066 0.182952 1.424078 1.119289 0.299470 
0.822186 1.027972 0.537856 0.853716 1.081048 0.561198 0.827087 1.018982 0.551677 1.339884 0.951985 0.194174 1.439599 1.188431 0.182898 1.423904 1.118579 0.299364 
0.822032 1.027837 0.537807 0.853590 1.080887 0.561170 0.826927 1.018840 0.551625 1.339552 0.951316 0.194009 1.439485 1.187673 0.182820 1.423727 1.117793 0.299260 
0.821860 1.027729 0.537787 0.853445 1.080750 0.561177 0.826746 1.018723 0.551603 1.339120 0.950458 0.193811 1.439334 1.186701 0.182727 1.423496 1.116786 0.299135 
