-0.834092 -0.551625 -0.000000 0.555251 -0.831683 0.000000 -0.536566 0.843858 0.000000 0.830703 0.556716 0.000000 
-0.834092 -0.551625 -0.000000 0.555251 -0.831683 0.000000 -0.536567 0.843858 0.000000 0.830703 0.556716 0.000000 
-0.834092 -0.551625 -0.000000 0.555251 -0.831683 0.000000 -0.536567 0.843858 0.000000 0.830703 0.556716 0.000000 
-0.833923 -0.551881 -0.000000 0.555510 -0.831510 0.000000 -0.536830 0.843691 0.000000 0.830532 0.556971 0.000000 
-0.834112 -0.551595 -0.000000 0.555219 -0.831704 0.000000 -0.536535 0.843878 0.000000 0.830723 0.556686 0.000000 
-0.833902 -0.551912 -0.000000 0.555540 -0.831490 0.000000 -0.536860 0.843671 0.000000 0.830511 0.557002 0.000000 
-0.833853 -0.551986 -0.000000 0.555615 -0.831440 0.000000 -0.536937 0.843623 0.000000 0.830462 0.557076 0.000000 
-0.833799 -0.552069 -0.000000 0.555698 -0.831384 0.000000 -0.537020 0.843569 0.000000 0.830407 0.557158 0.000000 
-0.833640 -0.552308 -0.000000 0.555940 -0.831222 0.000000 -0.537265 0.843413 0.000000 0.830246 0.557397 0.000000 
-0.833533 -0.552469 -0.000000 0.556098 -0.831117 0.000000 -0.537426 0.843311 0.000000 0.830139 0.557557 0.000000 
-0.833421 -0.552639 -0.000000 0.556265 -0.831005 0.000000 -0.537595 0.843203 0.000000 0.830025 0.557726 0.000000 
-0.833422 -0.552637 -0.000000 0.556263 -0.831006 0.000000 -0.537593 0.843205 0.000000 0.830026 0.557724 0.000000 
-0.833373 -0.552711 -0.000000 0.556338 -0.830956 0.000000 -0.537668 0.843157 0.000000 0.829977 0.557797 0.000000 
-0.837340 -0.546682 -0.000000 0.550328 -0.834948 0.000000 -0.531568 0.847016 0.000000 0.833982 0.551792 0.000000 
-0.838025 -0.545632 -0.000000 0.549282 -0.835637 0.000000 -0.530504 0.847683 0.000000 0.834673 0.550745 0.000000 
-0.838022 -0.545637 -0.000000 0.549284 -0.835636 0.000000 -0.530507 0.847681 0.000000 0.834670 0.550751 0.000000 
-0.838023 -0.545635 -0.000000 0.549282 -0.835637 0.000000 -0.530505 0.847682 0.000000 0.834671 0.550749 0.000000 
-0.838023 -0.545635 -0.000000 0.549281 -0.835638 0.000000 -0.530504 0.847682 0.000000 0.834671 0.550749 0.000000 
-0.838171 -0.545408 -0.000000 0.549053 -0.835788 0.000000 -0.530271 0.847828 0.000000 0.834821 0.550522 0.000000 
-0.838171 -0.545408 -0.000000 0.549054 -0.835787 0.000000 -0.530269 0.847829 0.000000 0.834821 0.550521 0.000000 
-0.838171 -0.545407 -0.000000 0.549055 -0.835786 0.000000 -0.530265 0.847832 0.000000 0.834823 0.550519 0.000000 
-0.838171 -0.545408 -0.000000 0.549057 -0.835785 0.000000 -0.530261 0.847834 0.000000 0.834823 0.550518 0.000000 
-0.460257 -0.887786 -0.000000 -0.530380 0.847760 0.000000 -0.999334 -0.036489 -0.000000 0.834743 0.550640 0.000000 0.899240 -0.437456 0.000000 0.998564 0.053575 0.000000 
-0.461587 -0.887095 -0.000000 -0.537598 0.843202 0.000000 -0.999131 -0.041690 -0.000000 0.829648 0.558287 0.000000 0.898746 -0.438470 0.000000 0.997942 0.064129 0.000000 
-0.452751 -0.891637 -0.000000 0.818495 0.574514 0.000000 -0.553019 0.833169 0.000000 -0.998964 -0.045513 -0.000000 0.903215 -0.429189 0.000000 0.997649 0.068526 0.000000 
-0.432870 -0.901457 -0.000000 0.801648 0.597797 0.000000 -0.576455 0.817129 0.000000 -0.999769 -0.021481 -0.000000 0.911992 -0.410207 0.000000 0.999622 0.027499 0.000000 
-0.410023 -0.912075 -0.000000 0.784743 0.619821 0.000000 -0.600314 0.799764 0.000000 -0.999610 0.027935 0.000000 0.920843 -0.389934 0.000000 0.998682 -0.051322 0.000000 
-0.385011 -0.922912 -0.000000 0.766550 0.642185 0.000000 -0.625786 0.779995 0.000000 -0.995571 0.094009 0.000000 0.929694 -0.368334 0.000000 0.987664 -0.156586 0.000000 
-0.356669 -0.934231 -0.000000 0.745953 0.665999 0.000000 -0.653573 0.756863 0.000000 -0.984994 0.172589 0.000000 0.939018 -0.343868 0.000000 0.959527 -0.281616 0.000000 
-0.323671 -0.946170 -0.000000 0.721343 0.692578 0.000000 0.925817 -0.377972 0.000000 -0.684860 0.728675 0.000000 -0.965011 0.262209 0.000000 
0.699385 0.714745 0.000000 -0.287740 -0.957708 -0.000000 0.892768 -0.450517 0.000000 -0.712465 0.701707 0.000000 -0.965490 0.260442 0.000000 -0.906621 0.421946 0.000000 
-0.264495 -0.964387 -0.000000 0.687279 0.726394 0.000000 0.864306 -0.502966 0.000000 -0.971013 0.239026 0.000000 -0.728986 0.684528 0.000000 -0.839439 0.543454 0.000000 
-0.255295 -0.966863 -0.000000 0.681586 0.731738 0.000000 0.852331 -0.523003 0.000000 -0.972959 0.230976 0.000000 -0.736308 0.676647 0.000000 -0.809250 0.587465 0.000000 
-0.248700 -0.968581 -0.000000 0.675713 0.737164 0.000000 0.852638 -0.522502 0.000000 -0.974415 0.224755 0.000000 -0.740839 0.671682 0.000000 -0.806758 0.590882 0.000000 
-0.247502 -0.968887 -0.000000 0.676886 0.736088 0.000000 0.852195 -0.523224 0.000000 -0.974630 0.223824 0.000000 -0.739106 0.673589 0.000000 -0.806231 0.591601 0.000000 
-0.252869 -0.967501 -0.000000 0.682633 0.730761 0.000000 0.851073 -0.525047 0.000000 -0.973296 0.229556 0.000000 -0.733078 0.680144 0.000000 -0.807727 0.589557 0.000000 
-0.261077 -0.965318 -0.000000 0.690442 0.723388 0.000000 0.849071 -0.528278 0.000000 -0.971229 0.238148 0.000000 -0.724920 0.688833 0.000000 -0.809333 0.587351 0.000000 
-0.273573 -0.961851 -0.000000 0.700275 0.713874 0.000000 0.849950 -0.526864 0.000000 -0.967948 0.251150 0.000000 -0.714796 0.699333 0.000000 -0.818318 0.574765 0.000000 
-0.312997 -0.949754 -0.000000 0.667405 0.744695 0.000000 0.859656 -0.510873 0.000000 -0.956742 0.290937 0.000000 -0.735409 0.677623 0.000000 -0.845470 0.534022 0.000000 
0.621930 0.783072 0.000000 -0.341283 -0.939961 -0.000000 0.879392 -0.476098 0.000000 -0.767765 0.640732 0.000000 -0.947746 0.319025 0.000000 -0.886153 0.463392 0.000000 
0.561941 0.827177 0.000000 0.915428 -0.402481 0.000000 -0.366408 -0.930454 -0.000000 -0.814235 0.580535 0.000000 -0.944453 0.328646 0.000000 
-0.381390 -0.924414 -0.000000 0.515987 0.856597 0.000000 -0.848631 0.528985 0.000000 -0.970199 0.242310 0.000000 0.924858 -0.380312 0.000000 0.956687 -0.291117 0.000000 
-0.408274 -0.912860 -0.000000 0.469974 0.882680 0.000000 -0.873316 0.487155 0.000000 -0.987238 0.159252 0.000000 0.913294 -0.407301 0.000000 0.983845 -0.179024 0.000000 
-0.420117 -0.907470 -0.000000 0.466314 0.884619 0.000000 -0.873159 0.487436 0.000000 -0.993985 0.109512 0.000000 0.907632 -0.419766 0.000000 0.992021 -0.126075 0.000000 
-0.425597 -0.904913 -0.000000 0.575064 0.818109 0.000000 -0.803967 0.594674 0.000000 -0.998648 0.051990 0.000000 0.904332 -0.426830 0.000000 0.997518 -0.070410 0.000000 
-0.437110 -0.899408 -0.000000 0.689848 0.723954 0.000000 -0.705095 0.709113 0.000000 -0.999229 0.039266 0.000000 0.897352 -0.441315 0.000000 0.998994 -0.044851 0.000000 
-0.456662 -0.889640 -0.000000 0.746078 0.665859 0.000000 -0.647852 0.761766 0.000000 -0.996829 0.079569 0.000000 0.884940 -0.465704 0.000000 0.996876 -0.078987 0.000000 
-0.465011 -0.885305 -0.000000 0.764531 0.644587 0.000000 -0.626508 0.779415 0.000000 -0.994765 0.102193 0.000000 0.874803 -0.484478 0.000000 0.994871 -0.101148 0.000000 
-0.446785 -0.894641 -0.000000 0.764269 0.644898 0.000000 -0.626489 0.779430 0.000000 -0.993560 0.113306 0.000000 0.880341 -0.474342 0.000000 0.993269 -0.115832 0.000000 
-0.442523 -0.896757 -0.000000 0.765906 0.642953 0.000000 -0.623777 0.781602 0.000000 -0.993099 0.117283 0.000000 0.878578 -0.477599 0.000000 0.992844 -0.119419 0.000000 
-0.446577 -0.894745 -0.000000 0.773833 0.633389 0.000000 -0.613635 0.789590 0.000000 -0.994033 0.109075 0.000000 0.870700 -0.491814 0.000000 0.994231 -0.107260 0.000000 
-0.446464 -0.894802 -0.000000 0.778434 0.627726 0.000000 -0.606687 0.794941 0.000000 -0.995443 0.095356 0.000000 0.862722 -0.505679 0.000000 0.995968 -0.089712 0.000000 
-0.434814 -0.900520 -0.000000 0.775714 0.631084 0.000000 -0.609197 0.793019 0.000000 -0.996726 0.080850 0.000000 0.859322 -0.511435 0.000000 0.997328 -0.073047 0.000000 
-0.425624 -0.904900 -0.000000 0.772566 0.634934 0.000000 -0.612655 0.790350 0.000000 -0.997244 0.074197 0.000000 0.855998 -0.516980 0.000000 0.997841 -0.065674 0.000000 
-0.421005 -0.907058 -0.000000 0.770054 0.637979 0.000000 -0.615124 0.788430 0.000000 -0.997027 0.077050 0.000000 0.852582 -0.522593 0.000000 0.997604 -0.069180 0.000000 
-0.419052 -0.907962 -0.000000 0.768518 0.639829 0.000000 -0.615665 0.788008 0.000000 -0.996550 0.082998 0.000000 0.848731 -0.528825 0.000000 0.997111 -0.075953 0.000000 
-0.418453 -0.908238 -0.000000 0.768158 0.640260 0.000000 -0.613754 0.789497 0.000000 -0.996053 0.088761 0.000000 0.844273 -0.535913 0.000000 0.996623 -0.082112 0.000000 
-0.419442 -0.907782 -0.000000 0.769989 0.638057 0.000000 -0.608271 0.793729 0.000000 -0.995716 0.092465 0.000000 0.838231 -0.545315 0.000000 0.996358 -0.085273 0.000000 
-0.420937 -0.907090 -0.000000 0.772994 0.634413 0.000000 -0.600949 0.799287 0.000000 -0.995476 0.095014 0.000000 0.830983 -0.556298 0.000000 0.996235 -0.086689 0.000000 
-0.421070 -0.907028 -0.000000 0.775471 0.631383 0.000000 -0.594259 0.804274 0.000000 -0.995056 0.099311 0.000000 0.823962 -0.566646 0.000000 0.995920 -0.090242 0.000000 
-0.419713 -0.907657 -0.000000 0.777083 0.629398 0.000000 -0.588720 0.808337 0.000000 -0.994220 0.107358 0.000000 0.817050 -0.576567 0.000000 0.995156 -0.098304 0.000000 
-0.417668 -0.908600 -0.000000 0.778565 0.627563 0.000000 -0.583230 0.812307 0.000000 -0.992949 0.118541 0.000000 0.809560 -0.587037 0.000000 0.993938 -0.109941 0.000000 
-0.415381 -0.909647 -0.000000 0.780478 0.625183 0.000000 -0.577036 0.816719 0.000000 -0.991244 0.132042 0.000000 0.801384 -0.598150 0.000000 0.992278 -0.124034 0.000000 
-0.412816 -0.910814 -0.000000 0.782508 0.622640 0.000000 -0.570388 0.821375 0.000000 -0.988993 0.147961 0.000000 0.792598 -0.609745 0.000000 0.990062 -0.140633 0.000000 
-0.410281 -0.911959 -0.000000 0.784751 0.619812 0.000000 -0.562986 0.826467 0.000000 -0.986134 0.165952 0.000000 0.782850 -0.622210 0.000000 0.987248 -0.159193 0.000000 
-0.408030 -0.912969 -0.000000 0.787325 0.616538 0.000000 -0.554556 0.832146 0.000000 -0.982638 0.185532 0.000000 0.771808 -0.635856 0.000000 0.983829 -0.179113 0.000000 
-0.405551 -0.914072 -0.000000 0.789759 0.613417 0.000000 -0.545472 0.838129 0.000000 -0.978432 0.206570 0.000000 0.759634 -0.650351 0.000000 0.979719 -0.200378 0.000000 
-0.402547 -0.915399 -0.000000 0.792346 0.610072 0.000000 -0.535556 0.844500 0.000000 -0.973452 0.228892 0.000000 0.746096 -0.665839 0.000000 0.974872 -0.222765 0.000000 
-0.399090 -0.916912 -0.000000 0.795374 0.606119 0.000000 -0.524611 0.851342 0.000000 -0.967602 0.252480 0.000000 0.730602 -0.682804 0.000000 0.969202 -0.246269 0.000000 
-0.394525 -0.918885 -0.000000 0.798565 0.601909 0.000000 -0.513089 0.858335 0.000000 -0.960677 0.277669 0.000000 0.713125 -0.701037 0.000000 0.962497 -0.271291 0.000000 
-0.388601 -0.921406 -0.000000 0.801888 0.597474 0.000000 -0.501088 0.865396 0.000000 -0.952312 0.305125 0.000000 0.693449 -0.720506 0.000000 0.954390 -0.298564 0.000000 
-0.488136 0.872768 0.000000 -0.381011 -0.924570 -0.000000 -0.942086 0.335371 0.000000 0.805512 0.592579 0.000000 0.671409 -0.741087 0.000000 0.944384 -0.328845 0.000000 
0.809292 0.587407 0.000000 0.932046 -0.362341 0.000000 -0.474710 0.880142 0.000000 -0.929500 0.368823 0.000000 -0.371233 -0.928540 -0.000000 0.646932 -0.762547 0.000000 
0.813028 0.582224 0.000000 0.916672 -0.399641 0.000000 -0.461264 0.887263 0.000000 -0.913751 0.406275 0.000000 -0.358527 -0.933519 -0.000000 0.620271 -0.784387 0.000000 
0.815342 0.578980 0.000000 0.896344 -0.443360 0.000000 -0.452174 0.891930 0.000000 -0.892998 0.450062 0.000000 -0.350361 -0.936615 -0.000000 0.589795 -0.807553 0.000000 
0.820951 0.570999 0.000000 0.872201 -0.489148 0.000000 -0.441257 0.897381 0.000000 -0.869250 0.494373 0.000000 -0.333296 -0.942822 -0.000000 0.555093 -0.831788 0.000000 
0.831678 0.555258 0.000000 0.840375 -0.542005 0.000000 -0.425870 0.904784 0.000000 -0.839049 0.544056 0.000000 -0.306434 -0.951892 -0.000000 0.513127 -0.858312 0.000000 
0.844419 0.535684 0.000000 0.797091 -0.603859 0.000000 -0.409694 0.912223 0.000000 -0.796809 0.604231 0.000000 -0.269828 -0.962909 -0.000000 0.468785 -0.883312 0.000000 
0.856430 0.516264 0.000000 0.742035 -0.670361 0.000000 -0.739390 0.673278 0.000000 -0.395771 0.918349 0.000000 -0.226296 -0.974059 -0.000000 0.425109 -0.905142 0.000000 
0.877598 0.479398 0.000000 0.684396 -0.729111 0.000000 -0.674132 0.738611 0.000000 -0.378718 0.925512 0.000000 -0.171554 -0.985175 -0.000000 0.387810 -0.921739 0.000000 
0.932430 0.361350 0.000000 0.656121 -0.754656 0.000000 -0.626277 0.779601 0.000000 -0.360513 0.932754 0.000000 -0.183518 -0.983016 -0.000000 0.378818 -0.925471 0.000000 
0.983983 0.178263 0.000000 0.627053 -0.778977 0.000000 -0.575652 0.817695 0.000000 -0.353298 0.935511 0.000000 -0.288791 -0.957392 -0.000000 0.382757 -0.923849 0.000000 
-0.418382 -0.908271 -0.000000 0.373674 -0.927560 0.000000 -0.530519 0.847673 0.000000 -0.338285 0.941044 0.000000 0.997207 -0.074687 0.000000 0.593492 -0.804840 0.000000 
-0.547071 -0.837086 -0.000000 0.344781 -0.938683 0.000000 -0.497248 0.867608 0.000000 -0.318250 0.948007 0.000000 0.945986 -0.324207 0.000000 0.556951 -0.830545 0.000000 
-0.673008 -0.739635 -0.000000 0.307110 -0.951674 0.000000 -0.471739 0.881738 0.000000 -0.306389 0.951906 0.000000 0.873253 -0.487267 0.000000 0.517901 -0.855440 0.000000 
-0.811844 -0.583875 -0.000000 0.269153 -0.963097 0.000000 -0.452317 0.891857 0.000000 -0.306214 0.951963 0.000000 0.815583 -0.578640 0.000000 0.479513 -0.877535 0.000000 
0.768309 -0.640079 0.000000 -0.307837 0.951439 0.000000 -0.441240 0.897389 0.000000 0.242567 -0.970135 0.000000 0.451416 -0.892314 0.000000 
0.730337 -0.683087 0.000000 0.231990 -0.972718 0.000000 0.432786 -0.901497 0.000000 -0.305559 0.952173 0.000000 -0.435758 0.900064 0.000000 
0.681177 -0.732119 0.000000 -0.801273 0.598299 0.000000 0.227925 -0.973679 0.000000 0.418576 -0.908182 0.000000 -0.303509 0.952829 0.000000 -0.425638 0.904893 0.000000 
0.623898 -0.781506 0.000000 0.220109 -0.975475 0.000000 0.404360 -0.914600 0.000000 -0.663766 0.747940 0.000000 -0.301195 0.953563 0.000000 -0.409084 0.912497 0.000000 
0.575765 -0.817615 0.000000 0.211218 -0.977439 0.000000 0.394734 -0.918796 0.000000 -0.591076 0.806616 0.000000 -0.300298 0.953845 0.000000 -0.392987 0.919544 0.000000 
0.541243 -0.840866 0.000000 0.219207 -0.975678 0.000000 0.381747 -0.924267 0.000000 -0.494421 0.869223 0.000000 -0.288192 0.957573 0.000000 -0.390702 0.920517 0.000000 
0.529982 -0.848009 0.000000 0.256828 -0.966457 0.000000 -0.415006 0.909819 0.000000 -0.283634 0.958933 0.000000 0.394072 -0.919079 0.000000 0.359575 -0.933116 0.000000 
0.523857 -0.851806 0.000000 0.438021 -0.898965 0.000000 -0.434598 0.900625 0.000000 -0.332093 0.943247 0.000000 0.319521 -0.947579 0.000000 0.331791 -0.943353 0.000000 
-0.449926 0.893066 0.000000 0.310683 -0.950514 0.000000 0.376586 -0.926382 0.000000 0.508811 -0.860878 0.000000 0.499121 -0.866532 0.000000 
-0.476274 0.879297 0.000000 0.280743 -0.959783 0.000000 0.417375 -0.908734 0.000000 0.631690 -0.775221 0.000000 0.526526 -0.850159 0.000000 
0.773831 -0.633392 0.000000 0.542152 -0.840281 0.000000 -0.500543 0.865712 0.000000 -0.481967 0.876190 0.000000 0.251651 -0.967818 0.000000 0.443167 -0.896439 0.000000 
0.857767 -0.514039 0.000000 0.560001 -0.828492 0.000000 -0.534962 0.844876 0.000000 -0.466378 0.884586 0.000000 0.248259 -0.968694 0.000000 0.473904 -0.880576 0.000000 
0.884905 -0.465772 0.000000 0.579287 -0.815123 0.000000 -0.566003 0.824403 0.000000 -0.467843 0.883811 0.000000 0.269919 -0.962883 0.000000 0.512127 -0.858910 0.000000 
0.886846 -0.462065 0.000000 0.596096 -0.802913 0.000000 -0.582499 0.812831 0.000000 -0.486133 0.873885 0.000000 0.284614 -0.958642 0.000000 0.549095 -0.835760 0.000000 
0.880936 -0.473236 0.000000 0.613250 -0.789889 0.000000 -0.594555 0.804055 0.000000 -0.511229 0.859444 0.000000 0.296914 -0.954904 0.000000 0.582110 -0.813110 0.000000 
0.310382 -0.950612 0.000000 0.880871 -0.473357 0.000000 -0.539237 0.842154 0.000000 0.611071 -0.791576 0.000000 0.633094 -0.774075 0.000000 -0.617128 0.786863 0.000000 -0.607884 0.794026 0.000000 
0.322904 -0.946432 0.000000 0.893247 -0.449566 0.000000 -0.564485 0.825444 0.000000 0.635096 -0.772433 0.000000 0.654269 -0.756262 0.000000 -0.641200 0.767374 0.000000 -0.626458 0.779456 0.000000 
0.331056 -0.943611 0.000000 0.911491 -0.411321 0.000000 -0.581950 0.813225 0.000000 0.654188 -0.756332 0.000000 0.673564 -0.739129 0.000000 -0.660264 0.751034 0.000000 -0.648241 0.761435 0.000000 
0.333200 -0.942856 0.000000 0.928512 -0.371302 0.000000 -0.591150 0.806562 0.000000 0.670709 -0.741721 0.000000 0.689283 -0.724492 0.000000 -0.676800 0.736167 0.000000 -0.668590 0.743631 0.000000 
0.330160 -0.943925 0.000000 0.940100 -0.340897 0.000000 -0.596013 0.802974 0.000000 0.686184 -0.727428 0.000000 0.701654 -0.712518 0.000000 -0.692312 0.721598 0.000000 -0.685013 0.728531 0.000000 
0.323629 -0.946184 0.000000 0.945490 -0.325650 0.000000 -0.598231 0.801324 0.000000 0.701045 -0.713117 0.000000 0.711216 -0.702973 0.000000 -0.707186 0.707028 0.000000 -0.697540 0.716546 0.000000 
0.315823 -0.948818 0.000000 0.946585 -0.322455 0.000000 -0.600340 0.799745 0.000000 0.713916 -0.700232 0.000000 0.719686 -0.694300 0.000000 -0.719969 0.694007 0.000000 -0.708243 0.705969 0.000000 
0.313851 -0.949472 0.000000 0.943622 -0.331026 0.000000 -0.613242 0.789895 0.000000 0.720975 -0.692961 0.000000 0.726998 -0.686639 0.000000 -0.726894 0.686750 0.000000 -0.712342 0.701832 0.000000 
0.315743 -0.948845 0.000000 0.938265 -0.345918 0.000000 -0.626043 0.779789 0.000000 0.722025 -0.691867 0.000000 0.730186 -0.683248 0.000000 -0.727828 0.685759 0.000000 -0.710963 0.703230 0.000000 
0.315723 -0.948852 0.000000 0.933952 -0.357400 0.000000 -0.629733 0.776812 0.000000 0.720469 -0.693487 0.000000 0.730233 -0.683198 0.000000 -0.726199 0.687485 0.000000 -0.709020 0.705189 0.000000 
0.315629 -0.948883 0.000000 0.933153 -0.359480 0.000000 -0.627857 0.778329 0.000000 0.719403 -0.694593 0.000000 0.729107 -0.684400 0.000000 -0.725127 0.688616 0.000000 -0.708270 0.705942 0.000000 
0.315154 -0.949040 0.000000 0.935298 -0.353861 0.000000 -0.623693 0.781670 0.000000 0.718976 -0.695035 0.000000 0.727589 -0.686013 0.000000 -0.724754 0.689007 0.000000 -0.708087 0.706125 0.000000 
0.314055 -0.949405 0.000000 0.939006 -0.343901 0.000000 -0.618006 0.786173 0.000000 0.718724 -0.695296 0.000000 0.725786 -0.687920 0.000000 -0.724602 0.689167 0.000000 -0.708055 0.706157 0.000000 
0.313006 -0.949751 0.000000 0.942829 -0.333278 0.000000 -0.611390 0.791330 0.000000 0.718610 -0.695413 0.000000 0.723897 -0.689909 0.000000 -0.724593 0.689178 0.000000 -0.708365 0.705847 0.000000 
0.312568 -0.949896 0.000000 0.945804 -0.324739 0.000000 -0.605496 0.795849 0.000000 0.718783 -0.695234 0.000000 0.722414 -0.691460 0.000000 -0.724842 0.688915 0.000000 -0.709043 0.705165 0.000000 
0.312845 -0.949804 0.000000 0.947312 -0.320312 0.000000 -0.601850 0.798609 0.000000 0.718953 -0.695059 0.000000 0.721580 -0.692331 0.000000 -0.725046 0.688700 0.000000 -0.709669 0.704536 0.000000 
0.313077 -0.949728 0.000000 0.947431 -0.319962 0.000000 -0.601070 0.799196 0.000000 0.718957 -0.695054 0.000000 0.721415 -0.692503 0.000000 -0.725053 0.688693 0.000000 -0.709840 0.704362 0.000000 
0.312935 -0.949775 0.000000 0.946940 -0.321409 0.000000 -0.601758 0.798678 0.000000 0.718847 -0.695168 0.000000 0.721638 -0.692271 0.000000 -0.724929 0.688824 0.000000 -0.709813 0.704391 0.000000 
0.312814 -0.949814 0.000000 0.946091 -0.323900 0.000000 -0.603105 0.797662 0.000000 0.718666 -0.695355 0.000000 0.722093 -0.691796 0.000000 -0.724722 0.689042 0.000000 -0.709803 0.704400 0.000000 
0.313036 -0.949741 0.000000 0.945079 -0.326841 0.000000 -0.604738 0.796425 0.000000 0.718529 -0.695497 0.000000 0.722651 -0.691213 0.000000 -0.724553 0.689219 0.000000 -0.709836 0.704367 0.000000 
0.313254 -0.949669 0.000000 0.944233 -0.329278 0.000000 -0.606175 0.795331 0.000000 0.718432 -0.695598 0.000000 0.723148 -0.690693 0.000000 -0.724432 0.689346 0.000000 -0.709869 0.704333 0.000000 
0.313307 -0.949652 0.000000 0.943732 -0.330711 0.000000 -0.607073 0.794646 0.000000 0.718370 -0.695661 0.000000 0.723436 -0.690391 0.000000 -0.724356 0.689426 0.000000 -0.709844 0.704359 0.000000 
0.313333 -0.949643 0.000000 0.943645 -0.330960 0.000000 -0.607275 0.794492 0.000000 0.718353 -0.695679 0.000000 0.723489 -0.690336 0.000000 -0.724337 0.689446 0.000000 -0.709829 0.704374 0.000000 
0.313383 -0.949627 0.000000 0.943644 -0.330963 0.000000 -0.607293 0.794478 0.000000 0.718349 -0.695683 0.000000 0.723483 -0.690342 0.000000 -0.724332 0.689451 0.000000 -0.709831 0.704372 0.000000 
0.313444 -0.949607 0.000000 0.943642 -0.330969 0.000000 -0.607348 0.794436 0.000000 0.718351 -0.695681 0.000000 0.723488 -0.690337 0.000000 -0.724333 0.689450 0.000000 -0.709829 0.704374 0.000000 
0.313553 -0.949571 0.000000 0.943637 -0.330983 0.000000 -0.607435 0.794369 0.000000 0.718344 -0.695688 0.000000 0.723486 -0.690339 0.000000 -0.724325 0.689459 0.000000 -0.709823 0.704380 0.000000 
0.313620 -0.949549 0.000000 0.943633 -0.330993 0.000000 -0.607521 0.794303 0.000000 0.718342 -0.695690 0.000000 0.723493 -0.690332 0.000000 -0.724321 0.689463 0.000000 -0.709813 0.704390 0.000000 
0.313690 -0.949526 0.000000 0.943630 -0.331002 0.000000 -0.607605 0.794239 0.000000 0.718339 -0.695693 0.000000 0.723498 -0.690326 0.000000 -0.724318 0.689466 0.000000 -0.709805 0.704399 0.000000 
0.313814 -0.949485 0.000000 0.943626 -0.331013 0.000000 -0.607699 0.794167 0.000000 0.718336 -0.695697 0.000000 0.723495 -0.690330 0.000000 -0.724312 0.689472 0.000000 -0.709798 0.704405 0.000000 
0.313890 -0.949459 0.000000 0.943622 -0.331026 0.000000 -0.607787 0.794100 0.000000 0.718331 -0.695701 0.000000 0.723495 -0.690329 0.000000 -0.724306 0.689479 0.000000 -0.709786 0.704417 0.000000 
0.313932 -0.949446 0.000000 0.943619 -0.331034 0.000000 -0.607872 0.794035 0.000000 0.718329 -0.695703 0.000000 0.723503 -0.690321 0.000000 -0.724303 0.689481 0.000000 -0.709773 0.704431 0.000000 
0.313958 -0.949437 0.000000 0.943616 -0.331041 0.000000 -0.607952 0.793974 0.000000 0.718330 -0.695702 0.000000 0.723517 -0.690307 0.000000 -0.724304 0.689481 0.000000 -0.709761 0.704443 0.000000 
0.314046 -0.949408 0.000000 0.943613 -0.331050 0.000000 -0.608048 0.793900 0.000000 0.718330 -0.695702 0.000000 0.723522 -0.690301 0.000000 -0.724302 0.689482 0.000000 -0.709752 0.704451 0.000000 
0.314135 -0.949378 0.000000 0.943610 -0.331059 0.000000 -0.608137 0.793832 0.000000 0.718327 -0.695705 0.000000 0.723520 -0.690303 0.000000 -0.724298 0.689487 0.000000 -0.709743 0.704461 0.000000 
0.314260 -0.949337 0.000000 0.943608 -0.331064 0.000000 -0.608215 0.793772 0.000000 0.718324 -0.695709 0.000000 0.723511 -0.690313 0.000000 -0.724293 0.689492 0.000000 -0.709744 0.704460 0.000000 
0.314253 -0.949339 0.000000 0.943608 -0.331065 0.000000 -0.608289 0.793715 0.000000 0.718328 -0.695705 0.000000 0.723528 -0.690295 0.000000 -0.724297 0.689488 0.000000 -0.709731 0.704472 0.000000 
0.314305 -0.949322 0.000000 0.943611 -0.331055 0.000000 -0.608358 0.793663 0.000000 0.718337 -0.695695 0.000000 0.723540 -0.690282 0.000000 -0.724305 0.689480 0.000000 -0.709737 0.704467 0.000000 
0.314487 -0.949262 0.000000 0.943633 -0.330995 0.000000 -0.608383 0.793644 0.000000 0.718364 -0.695668 0.000000 0.723543 -0.690279 0.000000 -0.724327 0.689456 0.000000 -0.709812 0.704391 0.000000 
0.314448 -0.949275 0.000000 0.943673 -0.330879 0.000000 -0.608352 0.793667 0.000000 0.718440 -0.695588 0.000000 0.723561 -0.690261 0.000000 -0.724403 0.689377 0.000000 -0.709886 0.704316 0.000000 
0.314433 -0.949280 0.000000 0.943692 -0.330824 0.000000 -0.608369 0.793654 0.000000 0.718482 -0.695546 0.000000 0.723588 -0.690232 0.000000 -0.724444 0.689333 0.000000 -0.709922 0.704280 0.000000 
0.314505 -0.949256 0.000000 0.943706 -0.330786 0.000000 -0.608408 0.793624 0.000000 0.718505 -0.695521 0.000000 0.723609 -0.690210 0.000000 -0.724466 0.689310 0.000000 -0.709960 0.704242 0.000000 
0.314586 -0.949229 0.000000 0.943720 -0.330747 0.000000 -0.608450 0.793592 0.000000 0.718526 -0.695500 0.000000 0.723622 -0.690196 0.000000 -0.724485 0.689291 0.000000 -0.709998 0.704203 0.000000 
0.314530 -0.949248 0.000000 0.943746 -0.330672 0.000000 -0.608447 0.793594 0.000000 0.718582 -0.695442 0.000000 0.723642 -0.690175 0.000000 -0.724541 0.689231 0.000000 -0.710038 0.704163 0.000000 
0.314543 -0.949243 0.000000 0.943762 -0.330625 0.000000 -0.608483 0.793567 0.000000 0.718617 -0.695406 0.000000 0.723661 -0.690155 0.000000 -0.724575 0.689196 0.000000 -0.710069 0.704132 0.000000 
0.314552 -0.949240 0.000000 0.943780 -0.330574 0.000000 -0.608507 0.793548 0.000000 0.718655 -0.695367 0.000000 0.723690 -0.690125 0.000000 -0.724612 0.689157 0.000000 -0.710105 0.704095 0.000000 
0.314602 -0.949224 0.000000 0.943797 -0.330525 0.000000 -0.608540 0.793523 0.000000 0.718689 -0.695331 0.000000 0.723724 -0.690090 0.000000 -0.724646 0.689121 0.000000 -0.710152 0.704048 0.000000 
0.314626 -0.949216 0.000000 0.943821 -0.330458 0.000000 -0.608549 0.793516 0.000000 0.718736 -0.695283 0.000000 0.723741 -0.690071 0.000000 -0.724691 0.689074 0.000000 -0.710200 0.704000 0.000000 
0.314577 -0.949232 0.000000 0.943844 -0.330390 0.000000 -0.608562 0.793507 0.000000 0.718790 -0.695227 0.000000 0.723754 -0.690058 0.000000 -0.724745 0.689017 0.000000 -0.710228 0.703971 0.000000 
0.314464 -0.949269 0.000000 0.943867 -0.330326 0.000000 -0.608575 0.793497 0.000000 0.718845 -0.695171 0.000000 0.723761 -0.690051 0.000000 -0.724801 0.688959 0.000000 -0.710236 0.703963 0.000000 
0.314358 -0.949305 0.000000 0.943889 -0.330263 0.000000 -0.608591 0.793484 0.000000 0.718899 -0.695115 0.000000 0.723769 -0.690043 0.000000 -0.724854 0.688902 0.000000 -0.710245 0.703955 0.000000 
0.314300 -0.949324 0.000000 0.943907 -0.330211 0.000000 -0.608621 0.793461 0.000000 0.718942 -0.695070 0.000000 0.723793 -0.690017 0.000000 -0.724898 0.688856 0.000000 -0.710264 0.703936 0.000000 
0.314375 -0.949299 0.000000 0.943929 -0.330150 0.000000 -0.608639 0.793448 0.000000 0.718988 -0.695023 0.000000 0.723821 -0.689988 0.000000 -0.724943 0.688809 0.000000 -0.710321 0.703878 0.000000 
0.314472 -0.949267 0.000000 0.943957 -0.330069 0.000000 -0.608646 0.793442 0.000000 0.719040 -0.694969 0.000000 0.723839 -0.689969 0.000000 -0.724993 0.688756 0.000000 -0.710390 0.703808 0.000000 
0.314429 -0.949281 0.000000 0.943987 -0.329982 0.000000 -0.608641 0.793446 0.000000 0.719101 -0.694906 0.000000 0.723853 -0.689955 0.000000 -0.725053 0.688693 0.000000 -0.710432 0.703765 0.000000 
0.314316 -0.949318 0.000000 0.944013 -0.329909 0.000000 -0.608650 0.793439 0.000000 0.719153 -0.694852 0.000000 0.723857 -0.689950 0.000000 -0.725105 0.688638 0.000000 -0.710442 0.703756 0.000000 
0.314223 -0.949349 0.000000 0.944038 -0.329838 0.000000 -0.608669 0.793424 0.000000 0.719198 -0.694806 0.000000 0.723864 -0.689943 0.000000 -0.725151 0.688590 0.000000 -0.710452 0.703745 0.000000 
0.314144 -0.949375 0.000000 0.944057 -0.329781 0.000000 -0.608692 0.793406 0.000000 0.719240 -0.694761 0.000000 0.723887 -0.689919 0.000000 -0.725194 0.688544 0.000000 -0.710468 0.703730 0.000000 
0.314199 -0.949357 0.000000 0.944077 -0.329725 0.000000 -0.608718 0.793387 0.000000 0.719281 -0.694719 0.000000 0.723917 -0.689887 0.000000 -0.725234 0.688503 0.000000 -0.710518 0.703679 0.000000 
0.314333 -0.949313 0.000000 0.944106 -0.329641 0.000000 -0.608728 0.793379 0.000000 0.719326 -0.694672 0.000000 0.723948 -0.689854 0.000000 -0.725277 0.688457 0.000000 -0.710597 0.703599 0.000000 
0.314438 -0.949278 0.000000 0.944146 -0.329528 0.000000 -0.608743 0.793367 0.000000 0.719373 -0.694624 0.000000 0.723981 -0.689819 0.000000 -0.725322 0.688409 0.000000 -0.710677 0.703518 0.000000 
0.314485 -0.949263 0.000000 0.944186 -0.329414 0.000000 -0.608757 0.793357 0.000000 0.719421 -0.694575 0.000000 0.724007 -0.689792 0.000000 -0.725369 0.688361 0.000000 -0.710739 0.703456 0.000000 
0.314466 -0.949269 0.000000 0.944218 -0.329321 0.000000 -0.608777 0.793341 0.000000 0.719469 -0.694525 0.000000 0.724027 -0.689772 0.000000 -0.725417 0.688310 0.000000 -0.710775 0.703420 0.000000 
0.314399 -0.949291 0.000000 0.944246 -0.329242 0.000000 -0.608790 0.793331 0.000000 0.719517 -0.694474 0.000000 0.724038 -0.689760 0.000000 -0.725466 0.688258 0.000000 -0.710794 0.703400 0.000000 
0.314311 -0.949320 0.000000 0.944274 -0.329160 0.000000 -0.608805 0.793320 0.000000 0.719566 -0.694424 0.000000 0.724051 -0.689746 0.000000 -0.725515 0.688207 0.000000 -0.710810 0.703384 0.000000 
0.314246 -0.949342 0.000000 0.944307 -0.329067 0.000000 -0.608812 0.793315 0.000000 0.719616 -0.694372 0.000000 0.724065 -0.689731 0.000000 -0.725565 0.688154 0.000000 -0.710838 0.703356 0.000000 
0.314205 -0.949355 0.000000 0.944341 -0.328968 0.000000 -0.608821 0.793307 0.000000 0.719667 -0.694319 0.000000 0.724085 -0.689711 0.000000 -0.725616 0.688100 0.000000 -0.710875 0.703318 0.000000 
0.314144 -0.949375 0.000000 0.944392 -0.328821 0.000000 -0.608828 0.793302 0.000000 0.719694 -0.694292 0.000000 0.724086 -0.689710 0.000000 -0.725642 0.688073 0.000000 -0.710908 0.703285 0.000000 
0.314040 -0.949410 0.000000 0.944467 -0.328608 0.000000 -0.608793 0.793329 0.000000 0.719766 -0.694217 0.000000 0.724127 -0.689667 0.000000 -0.725715 0.687996 0.000000 -0.710988 0.703204 0.000000 
0.313971 -0.949432 0.000000 0.944527 -0.328433 0.000000 -0.608786 0.793334 0.000000 0.719821 -0.694159 0.000000 0.724146 -0.689647 0.000000 -0.725770 0.687938 0.000000 -0.711046 0.703145 0.000000 
0.313894 -0.949458 0.000000 0.944547 -0.328376 0.000000 -0.608801 0.793323 0.000000 0.719868 -0.694111 0.000000 0.724167 -0.689624 0.000000 -0.725817 0.687888 0.000000 -0.711065 0.703126 0.000000 
0.313929 -0.949446 0.000000 0.944565 -0.328325 0.000000 -0.608825 0.793305 0.000000 0.719908 -0.694069 0.000000 0.724191 -0.689600 0.000000 -0.725856 0.687847 0.000000 -0.711105 0.703086 0.000000 
0.314030 -0.949413 0.000000 0.944586 -0.328265 0.000000 -0.608836 0.793296 0.000000 0.719951 -0.694025 0.000000 0.724214 -0.689575 0.000000 -0.725897 0.687803 0.000000 -0.711165 0.703025 0.000000 
0.314107 -0.949387 0.000000 0.944607 -0.328204 0.000000 -0.608848 0.793287 0.000000 0.719994 -0.693980 0.000000 0.724236 -0.689552 0.000000 -0.725939 0.687759 0.000000 -0.711219 0.702970 0.000000 
0.314124 -0.949382 0.000000 0.944632 -0.328131 0.000000 -0.608859 0.793279 0.000000 0.720035 -0.693938 0.000000 0.724252 -0.689535 0.000000 -0.725979 0.687716 0.000000 -0.711258 0.702931 0.000000 
0.314064 -0.949402 0.000000 0.944661 -0.328049 0.000000 -0.608877 0.793264 0.000000 0.720073 -0.693898 0.000000 0.724266 -0.689521 0.000000 -0.726018 0.687676 0.000000 -0.711277 0.702912 0.000000 
0.314068 -0.949400 0.000000 0.944689 -0.327967 0.000000 -0.608885 0.793259 0.000000 0.720101 -0.693870 0.000000 0.724256 -0.689531 0.000000 -0.726045 0.687647 0.000000 -0.711301 0.702888 0.000000 
0.313807 -0.949487 0.000000 0.944744 -0.327810 0.000000 -0.608872 0.793269 0.000000 0.720098 -0.693873 0.000000 0.724277 -0.689509 0.000000 -0.726043 0.687650 0.000000 -0.711313 0.702875 0.000000 
0.313655 -0.949537 0.000000 0.944790 -0.327676 0.000000 -0.608882 0.793261 0.000000 0.720107 -0.693863 0.000000 0.724305 -0.689479 0.000000 -0.726053 0.687639 0.000000 -0.711341 0.702847 0.000000 
0.313594 -0.949557 0.000000 0.944829 -0.327564 0.000000 -0.608899 0.793247 0.000000 0.720131 -0.693838 0.000000 0.724332 -0.689451 0.000000 -0.726078 0.687613 0.000000 -0.711380 0.702808 0.000000 
0.313607 -0.949553 0.000000 0.944863 -0.327467 0.000000 -0.608903 0.793244 0.000000 0.720160 -0.693808 0.000000 0.724357 -0.689425 0.000000 -0.726106 0.687583 0.000000 -0.711434 0.702753 0.000000 
0.313647 -0.949540 0.000000 0.944897 -0.327369 0.000000 -0.608907 0.793241 0.000000 0.720182 -0.693785 0.000000 0.724383 -0.689398 0.000000 -0.726127 0.687561 0.000000 -0.711495 0.702691 0.000000 
0.313671 -0.949532 0.000000 0.944933 -0.327265 0.000000 -0.608893 0.793252 0.000000 0.720192 -0.693775 0.000000 0.724405 -0.689375 0.000000 -0.726136 0.687552 0.000000 -0.711557 0.702629 0.000000 
0.313523 -0.949581 0.000000 0.945025 -0.326998 0.000000 -0.608824 0.793305 0.000000 0.720153 -0.693816 0.000000 0.724397 -0.689383 0.000000 -0.726096 0.687594 0.000000 -0.711614 0.702571 0.000000 
0.313372 -0.949630 0.000000 0.945095 -0.326795 0.000000 -0.608741 0.793369 0.000000 0.720146 -0.693822 0.000000 0.724433 -0.689345 0.000000 -0.726090 0.687600 0.000000 -0.711699 0.702484 0.000000 
0.313207 -0.949685 0.000000 0.945125 -0.326708 0.000000 -0.608743 0.793367 0.000000 0.720164 -0.693804 0.000000 0.724454 -0.689323 0.000000 -0.726109 0.687579 0.000000 -0.711712 0.702472 0.000000 
0.313110 -0.949717 0.000000 0.945144 -0.326653 0.000000 -0.608761 0.793354 0.000000 0.720202 -0.693765 0.000000 0.724471 -0.689305 0.000000 -0.726147 0.687539 0.000000 -0.711720 0.702463 0.000000 
0.313099 -0.949720 0.000000 0.945165 -0.326592 0.000000 -0.608764 0.793351 0.000000 0.720233 -0.693732 0.000000 0.724490 -0.689286 0.000000 -0.726179 0.687506 0.000000 -0.711754 0.702429 0.000000 
0.313153 -0.949703 0.000000 0.945196 -0.326504 0.000000 -0.608740 0.793370 0.000000 0.720249 -0.693716 0.000000 0.724515 -0.689259 0.000000 -0.726193 0.687491 0.000000 -0.711826 0.702356 0.000000 
0.313164 -0.949699 0.000000 0.945238 -0.326383 0.000000 -0.608712 0.793392 0.000000 0.720245 -0.693720 0.000000 0.724540 -0.689232 0.000000 -0.726189 0.687495 0.000000 -0.711894 0.702287 0.000000 
0.313110 -0.949717 0.000000 0.945282 -0.326254 0.000000 -0.608704 0.793398 0.000000 0.720231 -0.693735 0.000000 0.724561 -0.689210 0.000000 -0.726174 0.687510 0.000000 -0.711937 0.702243 0.000000 
0.313006 -0.949751 0.000000 0.945322 -0.326138 0.000000 -0.608698 0.793402 0.000000 0.720213 -0.693753 0.000000 0.724576 -0.689195 0.000000 -0.726158 0.687528 0.000000 -0.711961 0.702219 0.000000 
0.312899 -0.949787 0.000000 0.945356 -0.326041 0.000000 -0.608696 0.793403 0.000000 0.720204 -0.693763 0.000000 0.724588 -0.689183 0.000000 -0.726148 0.687538 0.000000 -0.711977 0.702203 0.000000 
0.312619 -0.949879 0.000000 0.945481 -0.325678 0.000000 -0.608564 0.793505 0.000000 0.720162 -0.693806 0.000000 0.724587 -0.689183 0.000000 -0.726107 0.687582 0.000000 -0.712052 0.702127 0.000000 
0.312509 -0.949915 0.000000 0.945523 -0.325557 0.000000 -0.608548 0.793517 0.000000 0.720184 -0.693783 0.000000 0.724617 -0.689152 0.000000 -0.726130 0.687558 0.000000 -0.712096 0.702082 0.000000 
0.312467 -0.949929 0.000000 0.945556 -0.325459 0.000000 -0.608537 0.793525 0.000000 0.720188 -0.693779 0.000000 0.724615 -0.689154 0.000000 -0.726133 0.687554 0.000000 -0.712126 0.702052 0.000000 
0.312453 -0.949933 0.000000 0.945585 -0.325374 0.000000 -0.608543 0.793521 0.000000 0.720203 -0.693764 0.000000 0.724615 -0.689154 0.000000 -0.726146 0.687540 0.000000 -0.712152 0.702025 0.000000 
0.312321 -0.949977 0.000000 0.945683 -0.325090 0.000000 -0.608444 0.793597 0.000000 0.720143 -0.693826 0.000000 0.724599 -0.689171 0.000000 -0.726086 0.687604 0.000000 -0.712223 0.701953 0.000000 
0.312176 -0.950024 0.000000 0.945749 -0.324897 0.000000 -0.608417 0.793617 0.000000 0.720152 -0.693816 0.000000 0.724634 -0.689134 0.000000 -0.726095 0.687594 0.000000 -0.712280 0.701896 0.000000 
0.312197 -0.950017 0.000000 0.945763 -0.324859 0.000000 -0.608438 0.793601 0.000000 0.720177 -0.693791 0.000000 0.724658 -0.689109 0.000000 -0.726120 0.687568 0.000000 -0.712311 0.701864 0.000000 
