1.538564 0.388265 0.003906 1.671250 0.461754 0.004809 1.455764 0.451288 0.003263 1.530948 0.525218 0.003751 
1.538965 0.388255 0.003928 1.671289 0.461705 0.004811 1.455802 0.451230 0.003274 1.531338 0.525210 0.003749 
1.538904 0.388252 0.004023 1.671260 0.462273 0.004823 1.455785 0.451797 0.003433 1.531280 0.525206 0.003864 
1.539109 0.388258 0.004106 1.671218 0.463214 0.004843 1.455763 0.452745 0.003551 1.531492 0.525214 0.003950 
1.540458 0.388298 0.003947 1.671301 0.463859 0.004755 1.455861 0.453434 0.003249 1.532856 0.525262 0.003682 
1.540312 0.388290 0.004044 1.671198 0.465730 0.004771 1.455799 0.455303 0.003408 1.532721 0.525254 0.003800 
1.541728 0.388286 0.003933 1.671222 0.467266 0.004744 1.455864 0.456758 0.003114 1.534076 0.525254 0.003556 
1.541981 0.388273 0.004028 1.671111 0.469817 0.004792 1.455810 0.459331 0.003161 1.534355 0.525244 0.003578 
1.540129 0.387966 0.004313 1.671056 0.470088 0.004438 1.455761 0.459616 0.003336 1.532543 0.524925 0.003286 
1.540183 0.387722 0.004579 1.671054 0.470656 0.004277 1.455775 0.460266 0.003225 1.532657 0.524677 0.002855 
1.536469 0.387342 0.005043 1.670864 0.471464 0.003629 1.455599 0.461235 0.003579 1.529096 0.524271 0.002490 
1.536809 0.387349 0.005049 1.670454 0.478850 0.003636 1.455354 0.468635 0.003589 1.529481 0.524287 0.002722 
1.537380 0.387370 0.005048 1.670059 0.485961 0.003653 1.455117 0.475765 0.003608 1.530095 0.524317 0.002930 
1.538027 0.387388 0.005148 1.669714 0.491713 0.003657 1.454900 0.481562 0.003663 1.530793 0.524343 0.003067 
1.539127 0.387452 0.005463 1.669474 0.496023 0.003814 1.454755 0.485901 0.003778 1.531920 0.524412 0.003222 
1.540117 0.387421 0.006051 1.669301 0.498362 0.004040 1.454627 0.488545 0.003992 1.533102 0.524391 0.003382 
1.538726 0.385463 0.007264 1.668694 0.493786 0.004449 1.453858 0.489224 0.004361 1.535042 0.522550 0.003535 
1.539181 0.384602 0.007708 1.668305 0.496483 0.004513 1.453544 0.494272 0.004411 1.537003 0.521724 0.003667 
1.540286 0.383904 0.008374 1.668045 0.498955 0.004598 1.453370 0.498681 0.004481 1.539339 0.521037 0.003784 
1.542649 0.383837 0.009417 1.667992 0.500741 0.004784 1.453364 0.500877 0.004647 1.541940 0.520953 0.003892 
1.542722 0.382073 0.010701 1.667586 0.499607 0.004987 1.453082 0.504223 0.004742 1.544859 0.519141 0.004024 
1.543314 0.380679 0.011798 1.667371 0.501083 0.004968 1.453077 0.509141 0.004666 1.547645 0.517660 0.004123 
1.543825 0.378894 0.013119 1.667169 0.501374 0.004926 1.453178 0.513693 0.004543 1.550867 0.515709 0.004222 
1.547706 0.378911 0.015231 1.667069 0.499242 0.005291 1.453034 0.511645 0.004885 1.554728 0.515602 0.004291 
1.550973 0.379017 0.017529 1.666928 0.495727 0.005880 1.452819 0.508239 0.005419 1.557990 0.515531 0.004351 
1.553403 0.379132 0.019338 1.666882 0.494768 0.006229 1.452754 0.507330 0.005744 1.560406 0.515480 0.004407 
1.555470 0.378983 0.019769 1.667214 0.501880 0.005498 1.453264 0.514668 0.005010 1.562636 0.515294 0.004456 
1.557512 0.379034 0.020870 1.667384 0.505367 0.005184 1.453514 0.518191 0.004687 1.564693 0.515235 0.004500 
1.559027 0.379098 0.021927 1.667573 0.509551 0.004718 1.453795 0.522349 0.004206 1.566196 0.515181 0.004531 
1.560349 0.379286 0.023491 1.667658 0.511316 0.004522 1.453920 0.524133 0.003984 1.567518 0.515173 0.004568 
1.561947 0.379418 0.024739 1.667871 0.515724 0.003897 1.454233 0.528565 0.003335 1.569136 0.515140 0.004602 
1.564183 0.379634 0.026523 1.667971 0.517814 0.003528 1.454383 0.530693 0.002927 1.571371 0.515098 0.004633 
1.567077 0.379801 0.028151 1.668106 0.521856 0.002760 1.454606 0.534701 0.002171 1.574218 0.515018 0.004665 
1.570673 0.380293 0.031250 1.692086 0.855199 0.083990 1.978996 0.738891 0.098861 1.750932 0.440509 0.030508 1.454334 0.530858 0.002646 1.729193 0.703458 0.063779 
1.574151 0.381175 0.035536 1.691901 0.852426 0.057842 1.964614 0.703055 0.064030 1.720750 0.417876 0.031054 1.453559 0.519936 0.004891 1.707906 0.685962 0.042417 
1.578267 0.381782 0.039409 1.684037 0.829892 0.026602 1.937175 0.638017 0.030427 1.677303 0.386957 0.037415 1.452925 0.510537 0.007258 1.680290 0.655512 0.021052 
1.905588 0.561201 0.011351 1.673717 0.795865 -0.001834 1.582941 0.381844 0.042115 1.625569 0.362649 0.048403 1.452826 0.507297 0.008020 1.650055 0.620365 0.005307 
1.910340 0.568054 0.010034 1.453052 0.510891 0.007757 1.582885 0.382530 0.044294 1.618866 0.361195 0.052141 1.663378 0.798558 -0.001924 1.655662 0.621658 0.005078 
1.916030 0.577737 0.010478 1.453079 0.510962 0.009348 1.578843 0.383793 0.047517 1.620887 0.363232 0.054735 1.656036 0.801136 -0.002003 1.661177 0.624678 0.005642 
1.919051 0.583195 0.011841 1.651165 0.803098 -0.002926 1.573889 0.386305 0.051736 1.622340 0.365657 0.058617 1.454102 0.508899 0.012358 1.665240 0.627227 0.006268 
1.919234 0.584175 0.014227 1.649093 0.804683 -0.004808 1.577497 0.389761 0.056954 1.618975 0.366473 0.066471 1.458345 0.510679 0.014489 1.668420 0.629064 0.006927 
1.921127 0.586634 0.015701 1.459846 0.528868 0.021698 1.603339 0.401378 0.070783 1.554109 0.363537 0.103430 1.641684 0.808269 -0.006061 1.650539 0.623065 0.012712 
1.927425 0.596340 0.015786 1.441188 0.559793 0.036239 1.607844 0.417544 0.088305 1.475254 0.383666 0.148134 1.630019 0.811585 -0.006978 1.609142 0.612481 0.026939 
1.932757 0.606286 0.016464 1.409100 0.577564 0.059022 1.591195 0.426035 0.110362 1.426810 0.402636 0.185927 1.622853 0.814264 -0.009377 1.564877 0.602435 0.047546 
1.454972 0.424151 0.133091 1.937654 0.615967 0.018342 1.361743 0.608287 0.087239 1.619254 0.813948 -0.013501 1.514744 0.598395 0.075225 
1.430804 0.440061 0.147659 1.942130 0.626755 0.022488 1.321953 0.657599 0.105139 1.627376 0.807685 -0.020650 1.477809 0.607154 0.094467 
1.950323 0.645797 0.025798 1.321284 0.679223 0.100367 1.411382 0.485461 0.140950 1.458733 0.640105 0.088808 1.631519 0.794605 -0.026474 
1.960784 0.671257 0.025832 1.340299 0.741109 0.079752 1.393477 0.556921 0.115006 1.455760 0.713085 0.067540 1.627096 0.791086 -0.030939 1.433799 0.753837 0.062435 
1.969099 0.691141 0.026966 1.539949 0.787696 0.047125 1.480814 0.861989 0.045463 1.387372 0.768027 0.053449 1.379719 0.631049 0.089256 
1.591123 0.828132 0.025419 1.972042 0.697820 0.029901 1.516659 0.923149 0.021345 1.441479 0.759614 0.025829 1.536324 0.596926 -0.021909 1.319345 0.726120 0.084440 
1.604933 0.863733 0.004270 1.971536 0.698343 0.033185 1.555883 0.955537 -0.005547 1.465766 0.770234 0.004332 1.537222 0.595416 -0.022576 1.348875 0.792119 0.043595 
1.953186 0.660776 0.044409 1.611764 0.901137 0.004329 1.546498 0.977721 -0.006098 1.546644 0.569727 -0.001984 1.464456 0.772463 0.003630 1.381136 0.821876 0.021983 
1.613976 0.953266 0.004557 1.932866 0.611352 0.068936 1.534728 0.514817 0.046247 1.445043 0.796493 -0.005903 1.602518 0.936640 0.004803 1.536556 1.029140 0.018546 
1.620853 0.972961 0.004679 1.914376 0.528643 0.126736 1.520598 0.451658 0.112084 1.473289 0.767430 0.002719 1.595103 0.942959 0.003424 1.592115 1.026259 0.007100 
1.627175 0.982897 0.004279 1.898767 0.455861 0.213817 1.514860 0.407775 0.179244 1.494109 0.737628 0.021558 1.589696 0.946589 0.000889 1.633506 0.994408 0.003019 
1.633999 0.988871 0.004123 1.892000 0.437284 0.282280 1.519224 0.394073 0.226538 1.501310 0.724230 0.036847 1.582990 0.951643 -0.003254 1.648625 0.970063 0.003572 
1.639740 0.996589 0.003560 1.885036 0.455234 0.315191 1.516914 0.405131 0.249827 1.500074 0.726081 0.041179 1.582633 0.951500 -0.004879 1.645206 0.972281 0.002130 
1.643674 1.004866 0.001826 1.873627 0.489064 0.323999 1.503554 0.429864 0.258247 1.495869 0.736079 0.037994 1.586162 0.948647 -0.004187 1.633722 0.994153 -0.004015 
1.645336 1.010189 -0.001149 1.859573 0.526259 0.327491 1.486356 0.457501 0.266325 1.491264 0.747337 0.034414 1.591573 0.944890 -0.001470 1.620048 1.022023 -0.012968 
1.644890 1.011462 -0.004970 1.845633 0.560740 0.343362 1.472904 0.484964 0.280367 1.488808 0.754774 0.036879 1.598475 0.940993 0.003682 1.610646 1.040572 -0.021715 
1.632670 0.989003 -0.005535 1.831482 0.603083 0.366117 1.463929 0.523617 0.289926 1.483831 0.759595 0.053394 1.607213 0.936875 0.012510 1.606764 1.032304 -0.024645 
1.620699 1.021631 0.001413 1.843407 0.679878 0.358799 1.421453 0.576249 0.275064 1.472553 0.788497 0.063631 1.592333 0.967299 0.019354 1.600400 1.043527 -0.011991 
1.610472 1.082061 0.004505 1.850126 0.761186 0.356885 1.358224 0.630218 0.266918 1.467507 0.825704 0.073915 1.573261 1.016550 0.019873 1.608720 1.069783 0.009005 
1.608427 1.116689 0.010332 1.846268 0.837120 0.375678 1.303638 0.687149 0.257838 1.470112 0.850785 0.092567 1.570492 1.050272 0.024519 1.626812 1.080166 0.038150 
1.835151 0.914783 0.406707 1.613549 1.138885 0.019276 1.578402 1.075288 0.033945 1.649678 1.083073 0.080367 1.249771 0.750327 0.243557 1.477459 0.868489 0.120504 
1.817556 0.999478 0.440148 1.622238 1.162209 0.034028 1.588571 1.099716 0.049207 1.664222 1.091552 0.129805 1.210016 0.810382 0.231402 1.483078 0.887386 0.153331 
1.669360 1.099024 0.190195 1.170330 0.869933 0.222442 1.790198 1.090213 0.474854 1.596433 1.121497 0.065758 1.482467 0.904389 0.195947 1.628843 1.182723 0.049531 
1.654954 1.115645 0.256967 1.154034 0.885089 0.258977 1.760304 1.242523 0.470529 1.593200 1.150509 0.091125 1.474054 0.933187 0.222759 1.629030 1.215031 0.078015 
1.562917 1.463784 0.356658 1.645612 1.171031 0.224814 1.207034 0.870090 0.339233 1.582158 1.169345 0.126228 1.509205 1.107340 0.378951 
1.456059 1.144081 0.460393 1.290846 0.885078 0.409687 1.454948 0.984104 0.262890 1.448051 1.189174 0.575833 1.568528 1.179197 0.164860 1.624760 1.204795 0.223551 
1.291275 1.114135 0.413439 1.359107 0.915744 0.482728 1.394806 1.241110 0.616900 1.506827 1.223251 0.587199 1.598531 1.245914 0.212649 
1.301021 1.141863 0.466196 1.396798 0.956910 0.534999 1.330567 1.265039 0.645932 1.426231 1.265836 0.646838 1.575221 1.299206 0.207293 
1.300182 1.169515 0.490869 1.081738 1.664062 0.352788 1.445316 1.261004 0.531367 1.410343 0.993211 0.558134 1.547810 1.374647 0.201733 
1.074421 1.686053 0.344730 1.386656 0.999428 0.563588 1.430463 1.272224 0.532795 1.281827 1.176554 0.489605 1.518383 1.438424 0.209091 
1.081173 1.709940 0.339438 1.489947 1.359056 0.209611 1.358540 1.000893 0.561107 1.416391 1.281740 0.527854 1.263935 1.181567 0.481234 
1.099209 1.731820 0.339601 1.473538 1.389688 0.222700 1.320628 0.991454 0.549403 1.403169 1.285242 0.506618 1.242154 1.178977 0.466899 
1.453642 1.416043 0.228571 1.272408 0.970056 0.500005 1.406593 1.294432 0.437246 1.234370 1.171115 0.418558 1.259114 1.302179 0.083676 1.249209 1.485302 0.715537 
1.387360 1.303967 0.372551 1.431462 1.429702 0.229876 1.228999 0.956243 0.446008 1.246583 1.377842 0.065312 1.323451 1.332741 0.634185 
1.231301 1.437402 0.053559 1.403523 1.430683 0.221548 1.193672 0.954162 0.408143 1.362462 1.317335 0.332860 1.375179 1.352258 0.497715 
1.227860 1.459440 0.045364 1.338904 1.390992 0.163684 1.327352 1.317806 0.291617 1.347400 1.348948 0.457056 1.149707 0.954342 0.385181 1.457138 1.400082 0.518247 
1.305881 1.422562 0.097052 1.346073 1.382076 0.274370 1.084255 0.954347 0.346845 1.381164 1.215118 0.493158 1.251728 1.423774 0.054682 1.173024 1.160165 0.160792 
1.293577 1.445898 0.062397 1.321227 1.380618 0.221066 1.188177 1.245561 0.026824 1.001738 0.952427 0.308343 1.217744 1.056503 0.463543 
1.290718 1.460347 0.050532 0.921384 0.960642 0.269372 1.008038 0.976286 0.423358 1.302327 1.387840 0.180609 1.154566 1.223574 0.025773 
1.216452 1.322308 0.123837 1.284082 1.473463 0.041257 0.855743 0.971970 0.359921 
1.173048 1.297243 0.123500 0.823782 1.020064 0.139331 0.701779 1.021966 0.308144 1.226515 1.340586 0.117927 1.318590 1.535144 0.232814 
1.142480 1.287838 0.132924 1.296858 1.492208 0.099517 0.804821 1.050466 0.122823 0.612676 1.089967 0.305275 
1.118956 1.279625 0.146308 1.292304 1.487076 0.107507 0.522236 1.202287 0.221415 1.002769 0.983968 0.125988 
1.100669 1.264993 0.161740 1.287695 1.471719 0.102009 0.498947 1.279432 0.267432 1.007025 0.981533 0.169786 
1.091892 1.254180 0.175777 1.286174 1.460252 0.099939 0.498571 1.319075 0.284777 1.015894 0.984227 0.187546 
1.092606 1.252809 0.185695 1.289535 1.456020 0.107939 0.498748 1.332654 0.293441 1.018356 0.983122 0.199011 
1.096582 1.256000 0.190345 1.295756 1.460675 0.118091 0.500829 1.336835 0.298934 1.018988 0.983052 0.196788 
1.101390 1.259529 0.189250 1.301640 1.466331 0.122790 0.504495 1.337358 0.299082 1.021424 0.984113 0.187816 
1.106169 1.261955 0.182360 1.305534 1.469741 0.117797 0.509140 1.336817 0.295190 1.026410 0.985599 0.177746 
1.109437 1.262926 0.171674 1.308650 1.472024 0.107384 0.514531 1.336040 0.291400 1.031337 0.987700 0.164069 
1.113189 1.264297 0.163589 1.310533 1.475118 0.095685 0.521075 1.334915 0.296201 1.036379 0.989206 0.156255 
1.116837 1.264609 0.158027 0.527743 1.333206 0.299517 1.043275 0.990936 0.153181 1.251358 1.350597 0.130755 1.336241 1.527438 0.237358 
1.119894 1.264520 0.154512 0.533700 1.331014 0.301513 1.050126 0.992831 0.151947 1.252955 1.350428 0.125104 1.338951 1.532306 0.228303 
1.121930 1.264741 0.152226 0.537720 1.329134 0.302809 1.054556 0.994250 0.150922 1.253893 1.350612 0.121492 1.340425 1.535820 0.222808 
1.122669 1.265069 0.151000 0.539056 1.328485 0.303754 1.055647 0.994538 0.149988 1.254297 1.351075 0.119674 1.340996 1.536544 0.220637 
1.122536 1.265155 0.151058 0.538764 1.328557 0.303770 1.055176 0.994395 0.149831 1.254249 1.351219 0.119791 1.340892 1.536137 0.221066 
1.121891 1.265131 0.151935 0.537402 1.328969 0.303522 1.053540 0.993807 0.150295 1.253950 1.351284 0.120957 1.340359 1.534803 0.222986 
1.120901 1.264702 0.153528 0.535390 1.329558 0.302894 1.051445 0.992877 0.151548 1.253480 1.350891 0.122999 1.339569 1.532910 0.225687 
1.119759 1.264035 0.155708 0.533189 1.330135 0.301702 1.049509 0.992028 0.153461 1.252847 1.350152 0.125802 1.338545 1.531258 0.228954 
1.118489 1.263264 0.158280 0.530903 1.330690 0.300015 1.047679 0.991346 0.155635 1.252055 1.349201 0.129218 1.337316 1.529929 0.232879 
1.117026 1.262385 0.161048 1.311807 1.475139 0.086466 0.528415 1.331372 0.297959 1.045654 0.990678 0.157783 
1.115500 1.261518 0.163813 1.311550 1.473887 0.090938 0.525928 1.332067 0.296003 1.043480 0.990002 0.159759 
1.114163 1.261030 0.166009 1.311239 1.472933 0.094832 0.523665 1.332711 0.294700 1.041141 0.989296 0.161120 
1.113129 1.260869 0.167346 1.310940 1.472156 0.097650 0.521782 1.333365 0.293980 1.038897 0.988600 0.161712 
1.112513 1.260837 0.167934 1.310761 1.471636 0.099180 0.520610 1.333864 0.293691 1.037369 0.988108 0.161808 
1.112381 1.260847 0.168017 1.310721 1.471515 0.099476 0.520348 1.333999 0.293663 1.037002 0.987986 0.161775 
1.112382 1.260846 0.168015 1.310722 1.471515 0.099474 0.520350 1.334000 0.293663 1.037003 0.987987 0.161771 
1.112382 1.260846 0.168013 1.310723 1.471516 0.099472 0.520351 1.334000 0.293662 1.037004 0.987987 0.161768 
1.112382 1.260846 0.168012 1.310724 1.471516 0.099471 0.520352 1.334000 0.293662 1.037004 0.987988 0.161766 
1.112399 1.260827 0.168003 1.310736 1.471519 0.099420 0.520384 1.333988 0.293680 1.037055 0.987994 0.161768 
1.112408 1.260822 0.167993 1.310743 1.471527 0.099392 0.520404 1.333984 0.293687 1.037082 0.988003 0.161761 
1.112411 1.260828 0.167991 1.310744 1.471536 0.099392 0.520405 1.333987 0.293685 1.037082 0.988004 0.161754 
1.112415 1.260834 0.167989 1.310744 1.471545 0.099394 0.520405 1.333988 0.293684 1.037082 0.988006 0.161749 
1.112419 1.260840 0.167988 1.310744 1.471554 0.099396 0.520406 1.333990 0.293682 1.037081 0.988007 0.161743 
1.112422 1.260846 0.167986 1.310744 1.471562 0.099397 0.520406 1.333991 0.293681 1.037080 0.988008 0.161739 
1.112425 1.260851 0.167985 1.310744 1.471569 0.099399 0.520407 1.333993 0.293680 1.037080 0.988009 0.161736 
1.112428 1.260856 0.167985 1.310744 1.471576 0.099401 0.520407 1.333994 0.293679 1.037079 0.988010 0.161732 
1.112430 1.260859 0.167984 1.310745 1.471580 0.099402 0.520407 1.333994 0.293679 1.037079 0.988009 0.161728 
1.112434 1.260865 0.167984 1.310744 1.471589 0.099405 0.520407 1.333995 0.293678 1.037077 0.988010 0.161726 
1.112437 1.260871 0.167984 1.310744 1.471596 0.099408 0.520406 1.333997 0.293678 1.037076 0.988011 0.161724 
1.112440 1.260877 0.167985 1.310743 1.471604 0.099411 0.520406 1.333998 0.293677 1.037075 0.988011 0.161723 
1.112443 1.260883 0.167985 1.310742 1.471611 0.099414 0.520405 1.333999 0.293676 1.037073 0.988012 0.161721 
1.112446 1.260888 0.167985 1.310742 1.471618 0.099416 0.520404 1.334000 0.293676 1.037072 0.988012 0.161720 
1.112457 1.260870 0.167987 1.310751 1.471615 0.099393 0.520428 1.333988 0.293683 1.037106 0.988013 0.161722 
1.112478 1.260859 0.167978 1.310765 1.471633 0.099356 0.520465 1.333976 0.293690 1.037156 0.988023 0.161709 
1.112485 1.260847 0.167976 1.310773 1.471637 0.099336 0.520478 1.333969 0.293694 1.037180 0.988026 0.161702 
1.112503 1.260881 0.167978 1.310769 1.471681 0.099352 0.520475 1.333975 0.293690 1.037173 0.988029 0.161693 
1.112518 1.260910 0.167981 1.310765 1.471718 0.099369 0.520470 1.333980 0.293686 1.037166 0.988031 0.161685 
1.112531 1.260936 0.167983 1.310761 1.471751 0.099383 0.520466 1.333985 0.293682 1.037159 0.988033 0.161679 
1.112543 1.260960 0.167986 1.310758 1.471782 0.099397 0.520462 1.333990 0.293679 1.037153 0.988034 0.161673 
1.112553 1.260982 0.167988 1.310755 1.471809 0.099409 0.520459 1.333994 0.293677 1.037148 0.988036 0.161668 
1.112563 1.261001 0.167990 1.310753 1.471833 0.099420 0.520456 1.333997 0.293674 1.037143 0.988037 0.161663 
1.112571 1.261013 0.167990 1.310753 1.471853 0.099432 0.520454 1.333999 0.293668 1.037138 0.988037 0.161649 
1.112579 1.261031 0.167992 1.310751 1.471876 0.099443 0.520452 1.334003 0.293664 1.037134 0.988039 0.161644 
1.112587 1.261046 0.167993 1.310749 1.471896 0.099451 0.520449 1.334006 0.293662 1.037130 0.988040 0.161640 
1.112594 1.261060 0.167995 1.310747 1.471913 0.099459 0.520447 1.334009 0.293660 1.037127 0.988041 0.161637 
1.112602 1.261075 0.167997 1.310745 1.471932 0.099467 0.520445 1.334011 0.293658 1.037124 0.988042 0.161635 
1.112613 1.261095 0.167999 1.310742 1.471957 0.099475 0.520443 1.334013 0.293658 1.037122 0.988043 0.161635 
1.112625 1.261115 0.168003 1.310739 1.471984 0.099487 0.520441 1.334017 0.293655 1.037120 0.988045 0.161632 
1.112635 1.261134 0.168006 1.310738 1.472011 0.099500 0.520440 1.334020 0.293648 1.037118 0.988048 0.161627 
1.112646 1.261151 0.168010 1.310737 1.472037 0.099512 0.520440 1.334023 0.293641 1.037117 0.988050 0.161622 
1.112658 1.261169 0.168016 1.310738 1.472071 0.099538 0.520440 1.334026 0.293628 1.037113 0.988052 0.161601 
1.112671 1.261188 0.168017 1.310740 1.472104 0.099561 0.520441 1.334026 0.293616 1.037108 0.988054 0.161570 
1.112677 1.261199 0.168019 1.310738 1.472119 0.099567 0.520440 1.334028 0.293614 1.037106 0.988055 0.161569 
1.112688 1.261218 0.168021 1.310736 1.472143 0.099575 0.520439 1.334030 0.293614 1.037104 0.988056 0.161567 
1.112699 1.261236 0.168023 1.310734 1.472169 0.099585 0.520440 1.334033 0.293609 1.037104 0.988059 0.161563 
1.112711 1.261255 0.168025 1.310734 1.472198 0.099596 0.520440 1.334035 0.293603 1.037103 0.988062 0.161553 
1.112721 1.261269 0.168033 1.310736 1.472228 0.099626 0.520443 1.334035 0.293586 1.037101 0.988066 0.161530 
1.112736 1.261294 0.168029 1.310737 1.472268 0.099642 0.520444 1.334039 0.293573 1.037096 0.988070 0.161498 
1.112743 1.261307 0.168029 1.310737 1.472286 0.099649 0.520444 1.334041 0.293570 1.037094 0.988072 0.161491 
1.112754 1.261326 0.168030 1.310735 1.472313 0.099659 0.520445 1.334043 0.293566 1.037093 0.988075 0.161482 
1.112765 1.261347 0.168032 1.310734 1.472342 0.099677 0.520442 1.334047 0.293557 1.037086 0.988077 0.161470 
1.112781 1.261378 0.168044 1.310734 1.472397 0.099730 0.520438 1.334048 0.293534 1.037070 0.988079 0.161424 
1.112794 1.261396 0.168040 1.310744 1.472441 0.099757 0.520446 1.334055 0.293505 1.037069 0.988091 0.161366 
1.112796 1.261401 0.168039 1.310745 1.472449 0.099760 0.520447 1.334056 0.293502 1.037068 0.988093 0.161360 
1.112806 1.261413 0.168039 1.310745 1.472471 0.099764 0.520453 1.334050 0.293494 1.037075 0.988099 0.161354 
1.112825 1.261433 0.168038 1.310746 1.472506 0.099766 0.520466 1.334033 0.293482 1.037092 0.988110 0.161350 
1.112843 1.261453 0.168037 1.310747 1.472544 0.099768 0.520479 1.334014 0.293469 1.037111 0.988122 0.161345 
1.112860 1.261464 0.168047 1.310751 1.472581 0.099793 0.520495 1.333986 0.293442 1.037130 0.988133 0.161329 
1.112871 1.261488 0.168054 1.310753 1.472621 0.099835 0.520505 1.333977 0.293437 1.037119 0.988144 0.161272 
1.112883 1.261504 0.168053 1.310754 1.472650 0.099843 0.520515 1.333963 0.293429 1.037127 0.988153 0.161254 
1.112899 1.261520 0.168054 1.310754 1.472681 0.099844 0.520528 1.333943 0.293417 1.037145 0.988165 0.161254 
1.112917 1.261539 0.168064 1.310757 1.472729 0.099862 0.520544 1.333922 0.293386 1.037173 0.988185 0.161249 
1.112940 1.261564 0.168069 1.310757 1.472779 0.099867 0.520568 1.333891 0.293371 1.037205 0.988207 0.161250 
1.112955 1.261583 0.168076 1.310758 1.472816 0.099882 0.520583 1.333872 0.293360 1.037220 0.988222 0.161237 
1.112968 1.261603 0.168078 1.310758 1.472849 0.099902 0.520594 1.333858 0.293356 1.037221 0.988232 0.161207 
1.112975 1.261616 0.168084 1.310760 1.472875 0.099928 0.520605 1.333846 0.293350 1.037221 0.988242 0.161171 
1.112975 1.261614 0.168108 1.310764 1.472891 0.099974 0.520613 1.333831 0.293327 1.037226 0.988255 0.161149 
1.112971 1.261605 0.168137 1.310768 1.472900 0.100023 0.520616 1.333817 0.293299 1.037231 0.988264 0.161141 
1.112971 1.261602 0.168163 1.310771 1.472913 0.100064 0.520621 1.333801 0.293274 1.037239 0.988274 0.161140 
1.112972 1.261604 0.168194 1.310771 1.472935 0.100116 0.520624 1.333782 0.293244 1.037245 0.988286 0.161135 
1.112970 1.261594 0.168238 1.310775 1.472949 0.100184 0.520623 1.333768 0.293204 1.037250 0.988293 0.161137 
1.112957 1.261571 0.168282 1.310783 1.472947 0.100253 0.520623 1.333755 0.293164 1.037254 0.988306 0.161128 
1.112952 1.261569 0.168299 1.310787 1.472957 0.100298 0.520626 1.333748 0.293149 1.037246 0.988314 0.161093 
1.112962 1.261582 0.168299 1.310789 1.472980 0.100312 0.520638 1.333738 0.293149 1.037248 0.988323 0.161059 
1.112975 1.261590 0.168300 1.310794 1.473006 0.100314 0.520661 1.333721 0.293146 1.037270 0.988337 0.161038 
1.112988 1.261591 0.168309 1.310801 1.473034 0.100320 0.520691 1.333696 0.293133 1.037307 0.988359 0.161026 
1.112999 1.261588 0.168329 1.310808 1.473063 0.100340 0.520721 1.333667 0.293109 1.037346 0.988384 0.161018 
1.112999 1.261587 0.168359 1.310814 1.473087 0.100386 0.520737 1.333650 0.293078 1.037366 0.988409 0.161007 
1.112986 1.261599 0.168399 1.310817 1.473111 0.100466 0.520729 1.333662 0.293042 1.037348 0.988436 0.160989 
1.112963 1.261624 0.168457 1.310816 1.473138 0.100589 0.520696 1.333703 0.292996 1.037295 0.988463 0.160968 
1.112925 1.261646 0.168534 1.310813 1.473155 0.100750 0.520644 1.333761 0.292937 1.037215 0.988487 0.160949 
1.112878 1.261667 0.168622 1.310809 1.473166 0.100933 0.520580 1.333830 0.292871 1.037121 0.988512 0.160930 
1.112832 1.261687 0.168709 1.310808 1.473180 0.101116 0.520518 1.333899 0.292805 1.037029 0.988539 0.160906 
1.112792 1.261714 0.168779 1.310810 1.473202 0.101278 0.520473 1.333967 0.292753 1.036945 0.988574 0.160854 
1.112766 1.261747 0.168831 1.310813 1.473237 0.101408 0.520445 1.334025 0.292717 1.036879 0.988611 0.160791 
1.112754 1.261784 0.168865 1.310817 1.473282 0.101504 0.520436 1.334065 0.292692 1.036837 0.988649 0.160730 
1.112784 1.261864 0.168869 1.310815 1.473379 0.101555 0.520443 1.334090 0.292697 1.036811 0.988680 0.160658 
1.112802 1.261914 0.168870 1.310820 1.473447 0.101581 0.520465 1.334106 0.292696 1.036810 0.988719 0.160601 
1.112821 1.261966 0.168876 1.310826 1.473523 0.101610 0.520493 1.334120 0.292688 1.036821 0.988768 0.160553 
1.112825 1.262010 0.168897 1.310837 1.473588 0.101666 0.520516 1.334150 0.292667 1.036820 0.988829 0.160499 
1.112827 1.262079 0.168920 1.310845 1.473670 0.101747 0.520524 1.334212 0.292653 1.036785 0.988893 0.160418 
1.112808 1.262122 0.168948 1.310853 1.473711 0.101835 0.520516 1.334283 0.292634 1.036734 0.988945 0.160350 
1.112795 1.262174 0.168977 1.310860 1.473761 0.101924 0.520505 1.334354 0.292618 1.036681 0.988994 0.160283 
1.112778 1.262217 0.169005 1.310867 1.473803 0.102009 0.520497 1.334420 0.292598 1.036633 0.989045 0.160221 
1.112767 1.262265 0.169032 1.310874 1.473854 0.102091 0.520493 1.334482 0.292580 1.036591 0.989097 0.160158 
