0.052359 -0.998628 0.000000 0.998391 0.056700 0.000000 -0.999407 -0.034422 -0.000000 -0.058466 0.998289 0.000000 
0.052438 -0.998624 0.000000 0.998387 0.056777 0.000000 -0.999405 -0.034500 -0.000000 -0.058545 0.998285 0.000000 
0.052438 -0.998624 0.000000 0.998387 0.056779 0.000000 -0.999405 -0.034502 -0.000000 -0.058545 0.998285 0.000000 
0.052427 -0.998625 0.000000 0.998387 0.056769 0.000000 -0.999405 -0.034492 -0.000000 -0.058534 0.998285 0.000000 
0.052355 -0.998629 0.000000 0.998392 0.056691 0.000000 -0.999408 -0.034414 -0.000000 -0.058462 0.998290 0.000000 
0.052355 -0.998629 0.000000 0.998392 0.056693 0.000000 -0.999408 -0.034415 -0.000000 -0.058462 0.998290 0.000000 
0.052867 -0.998602 0.000000 0.998363 0.057195 0.000000 -0.999390 -0.034919 -0.000000 -0.058974 0.998260 0.000000 
0.052802 -0.998605 0.000000 0.998367 0.057127 0.000000 -0.999393 -0.034850 -0.000000 -0.058909 0.998263 0.000000 
0.052552 -0.998618 0.000000 0.998382 0.056863 0.000000 -0.999402 -0.034585 -0.000000 -0.058659 0.998278 0.000000 
0.052176 -0.998638 0.000000 0.998405 0.056465 0.000000 -0.999416 -0.034185 -0.000000 -0.058283 0.998300 0.000000 
0.051074 -0.998695 0.000000 0.998463 0.055420 0.000000 -0.999451 -0.033138 -0.000000 -0.057180 0.998364 0.000000 
0.051072 -0.998695 0.000000 0.998463 0.055420 0.000000 -0.999451 -0.033137 -0.000000 -0.057178 0.998364 0.000000 
0.051070 -0.998695 0.000000 0.998463 0.055417 0.000000 -0.999451 -0.033136 -0.000000 -0.057177 0.998364 0.000000 
0.050953 -0.998701 0.000000 0.998470 0.055303 0.000000 -0.999455 -0.033021 -0.000000 -0.057059 0.998371 0.000000 
0.050946 -0.998701 0.000000 0.998470 0.055295 0.000000 -0.999455 -0.033012 -0.000000 -0.057053 0.998371 0.000000 
0.049664 -0.998766 0.000000 0.998540 0.054012 0.000000 -0.999497 -0.031728 -0.000000 -0.055771 0.998444 0.000000 
0.025406 -0.999677 0.000000 0.999557 0.029753 0.000000 -0.999972 -0.007449 -0.000000 -0.031518 0.999503 0.000000 
0.014659 -0.999893 0.000000 0.999819 0.019006 0.000000 -0.999995 0.003304 0.000000 -0.020772 0.999784 0.000000 
0.005879 -0.999983 0.000000 0.999948 0.010223 0.000000 -0.999927 0.012090 0.000000 -0.011991 0.999928 0.000000 
0.004238 -0.999991 0.000000 0.999963 0.008578 0.000000 -0.999906 0.013740 0.000000 -0.010349 0.999946 0.000000 
-0.016351 -0.999866 -0.000000 0.999928 -0.012034 0.000000 -0.999410 0.034356 0.000000 0.010242 0.999948 0.000000 
-0.032131 -0.999484 -0.000000 0.999613 -0.027833 0.000000 -0.998742 0.050152 0.000000 0.026027 0.999661 0.000000 
-0.051702 -0.998663 -0.000000 0.998874 -0.047434 0.000000 -0.997565 0.069744 0.000000 0.045605 0.998960 0.000000 
-0.051683 -0.998664 -0.000000 0.998875 -0.047431 0.000000 -0.997563 0.069765 0.000000 0.045593 0.998960 0.000000 
-0.051842 -0.998655 -0.000000 0.998866 -0.047618 0.000000 -0.997548 0.069984 0.000000 0.045761 0.998952 0.000000 
-0.051827 -0.998656 -0.000000 0.998866 -0.047618 0.000000 -0.997546 0.070013 0.000000 0.045754 0.998953 0.000000 
-0.052706 -0.998610 -0.000000 0.998823 -0.048497 0.000000 -0.997484 0.070897 0.000000 0.046635 0.998912 0.000000 
-0.052693 -0.998611 -0.000000 0.998824 -0.048488 0.000000 -0.997483 0.070909 0.000000 0.046628 0.998912 0.000000 
-0.052453 -0.998623 -0.000000 0.998835 -0.048254 0.000000 -0.997498 0.070695 0.000000 0.046393 0.998923 0.000000 
-0.052436 -0.998624 -0.000000 0.998835 -0.048249 0.000000 -0.997496 0.070724 0.000000 0.046385 0.998924 0.000000 
-0.052423 -0.998625 -0.000000 0.998835 -0.048248 0.000000 -0.997494 0.070752 0.000000 0.046380 0.998924 0.000000 
-0.052402 -0.998626 -0.000000 0.998835 -0.048246 0.000000 -0.997491 0.070795 0.000000 0.046372 0.998924 0.000000 
-0.051987 -0.998648 -0.000000 0.998857 -0.047807 0.000000 -0.997519 0.070400 0.000000 0.045968 0.998943 0.000000 
-0.051951 -0.998650 -0.000000 0.431903 0.901920 0.000000 0.904994 -0.425425 0.000000 0.585761 -0.810484 0.000000 -0.997512 0.070492 0.000000 -0.552735 0.833357 0.000000 
-0.051892 -0.998653 -0.000000 0.441846 0.897091 0.000000 0.899355 -0.437219 0.000000 0.568898 -0.822408 0.000000 -0.997502 0.070635 0.000000 -0.544643 0.838668 0.000000 
-0.047883 -0.998853 -0.000000 0.454060 0.890971 0.000000 0.892019 -0.451997 0.000000 0.507429 -0.861693 0.000000 -0.997764 0.066833 0.000000 -0.512528 0.858671 0.000000 
0.883897 -0.467682 0.000000 0.466281 0.884637 0.000000 -0.040998 -0.999159 -0.000000 0.394404 -0.918937 0.000000 -0.998192 0.060109 0.000000 -0.459031 0.888420 0.000000 
0.882222 -0.470833 0.000000 -0.998199 0.059996 0.000000 -0.041517 -0.999138 -0.000000 0.379923 -0.925018 0.000000 0.469201 0.883092 0.000000 -0.452819 0.891602 0.000000 
0.884973 -0.465643 0.000000 -0.998195 0.060061 0.000000 -0.043314 -0.999061 -0.000000 0.374292 -0.927311 0.000000 0.463765 0.885958 0.000000 -0.451980 0.892028 0.000000 
0.886073 -0.463547 0.000000 0.461193 0.887300 0.000000 -0.047477 -0.998872 -0.000000 0.367799 -0.929905 0.000000 -0.998022 0.062869 0.000000 -0.450111 0.892972 0.000000 
0.884764 -0.466039 0.000000 0.462788 0.886469 0.000000 -0.048557 -0.998820 -0.000000 0.362221 -0.932092 0.000000 -0.997756 0.066957 0.000000 -0.449488 0.893286 0.000000 
0.885566 -0.464513 0.000000 -0.999505 0.031455 0.000000 -0.006736 -0.999977 -0.000000 0.299694 -0.954035 0.000000 0.460386 0.887719 0.000000 -0.436731 0.899592 0.000000 
0.890791 -0.454412 0.000000 -0.999521 -0.030960 -0.000000 0.048644 -0.998816 0.000000 0.191297 -0.981532 0.000000 0.449780 0.893139 0.000000 -0.403972 0.914771 0.000000 
0.892313 -0.451418 0.000000 -0.996845 -0.079376 -0.000000 0.083772 -0.996485 0.000000 0.128236 -0.991744 0.000000 0.446040 0.895013 0.000000 -0.376054 0.926598 0.000000 
0.085796 -0.996313 0.000000 0.895219 -0.445627 0.000000 -0.990959 -0.134166 -0.000000 0.438734 0.898617 0.000000 -0.334177 0.942510 0.000000 
0.045864 -0.998948 0.000000 0.897232 -0.441560 0.000000 -0.981014 -0.193935 -0.000000 0.431624 0.902054 0.000000 -0.281156 0.959662 0.000000 
0.913225 -0.407455 0.000000 -0.974192 -0.225722 -0.000000 -0.051470 -0.998675 -0.000000 -0.185587 0.982628 0.000000 0.392439 0.919778 0.000000 
0.921449 -0.388500 0.000000 -0.962539 -0.271143 -0.000000 -0.191657 -0.981462 -0.000000 -0.256047 0.966664 0.000000 0.371321 0.928504 0.000000 0.109702 0.993965 0.000000 
0.915319 -0.402730 0.000000 -0.363745 0.931499 0.000000 0.395835 0.918322 0.000000 -0.934885 -0.354950 -0.000000 -0.325884 -0.945410 -0.000000 
-0.450390 0.892832 0.000000 0.906931 -0.421280 0.000000 0.522162 0.852846 0.000000 -0.902529 -0.430629 -0.000000 -0.380001 -0.924986 -0.000000 -0.451639 -0.892201 -0.000000 
-0.556647 0.830749 0.000000 0.905701 -0.423916 0.000000 0.600675 0.799493 0.000000 -0.844309 -0.535857 -0.000000 -0.372034 -0.928219 -0.000000 -0.579609 -0.814895 -0.000000 
0.910225 -0.414114 0.000000 -0.667963 0.744194 0.000000 0.630285 0.776363 0.000000 -0.324011 -0.946053 -0.000000 -0.760589 -0.649234 -0.000000 -0.664579 -0.747218 -0.000000 
-0.781581 0.623804 0.000000 0.921353 -0.388726 0.000000 -0.244858 -0.969559 -0.000000 -0.757023 -0.653388 -0.000000 0.626433 0.779475 0.000000 0.719946 0.694030 0.000000 
-0.815847 0.578267 0.000000 0.906326 -0.422579 0.000000 -0.195545 -0.980695 -0.000000 -0.820724 -0.571325 -0.000000 0.580956 0.813935 0.000000 0.818827 0.574041 0.000000 
-0.829088 0.559119 0.000000 0.857765 -0.514041 0.000000 -0.165649 -0.986185 -0.000000 -0.856924 -0.515443 -0.000000 0.560029 0.828473 0.000000 0.865120 0.501566 0.000000 
-0.823092 0.567908 0.000000 0.803573 -0.595207 0.000000 -0.132253 -0.991216 -0.000000 -0.864873 -0.501991 -0.000000 0.567766 0.823190 0.000000 0.872592 0.488449 0.000000 
-0.822393 0.568920 0.000000 0.768461 -0.639897 0.000000 -0.102861 -0.994696 -0.000000 -0.863833 -0.503778 -0.000000 0.565644 0.824650 0.000000 0.869739 0.493512 0.000000 
-0.830670 0.556765 0.000000 0.751551 -0.659675 0.000000 -0.079307 -0.996850 -0.000000 -0.863666 -0.504065 -0.000000 0.543238 0.839578 0.000000 0.869146 0.494555 0.000000 
-0.838673 0.544636 0.000000 0.739602 -0.673044 0.000000 -0.050003 -0.998749 -0.000000 -0.863440 -0.504451 -0.000000 0.509604 0.860409 0.000000 0.870284 0.492551 0.000000 
-0.843063 0.537815 0.000000 0.712866 -0.701300 0.000000 -0.014331 -0.999897 -0.000000 -0.859772 -0.510679 -0.000000 0.465713 0.884936 0.000000 0.868394 0.495876 0.000000 
-0.820772 0.571256 0.000000 0.689885 -0.723919 0.000000 0.006378 -0.999980 0.000000 -0.838569 -0.544796 -0.000000 0.442190 0.896921 0.000000 0.848766 0.528769 0.000000 
-0.827190 0.561922 0.000000 0.719736 -0.694248 0.000000 -0.035775 -0.999360 -0.000000 -0.827036 -0.562150 -0.000000 0.417372 0.908736 0.000000 0.829407 0.558644 0.000000 
-0.852260 0.523119 0.000000 0.747805 -0.663919 0.000000 -0.089723 -0.995967 -0.000000 -0.860193 -0.509969 -0.000000 0.384390 0.923171 0.000000 0.852681 0.522432 0.000000 
-0.860167 0.510012 0.000000 0.756272 -0.654257 0.000000 -0.143509 -0.989649 -0.000000 -0.906376 -0.422472 -0.000000 0.360969 0.932578 0.000000 0.886657 0.462427 0.000000 
0.762319 -0.647201 0.000000 -0.864132 0.503265 0.000000 0.326132 0.945324 0.000000 0.935869 0.352347 0.000000 -0.208090 -0.978110 -0.000000 -0.964992 -0.262281 -0.000000 
0.778113 -0.628124 0.000000 -0.867554 0.497343 0.000000 0.286927 0.957953 0.000000 0.978951 0.204097 0.000000 -0.250058 -0.968231 -0.000000 -0.999151 -0.041189 -0.000000 
0.999850 -0.017310 0.000000 -0.280819 -0.959761 -0.000000 0.801632 -0.597818 0.000000 0.218029 0.975942 0.000000 -0.964967 0.262372 0.000000 -0.871973 0.489553 0.000000 
0.973643 -0.228078 0.000000 -0.187559 -0.982253 -0.000000 0.880160 -0.474677 0.000000 0.227818 0.973704 0.000000 -0.917321 0.398149 0.000000 -0.870472 0.492218 0.000000 
-0.978745 0.205083 0.000000 0.945446 -0.325780 0.000000 0.047885 -0.998853 0.000000 0.301310 0.953526 0.000000 -0.645798 0.763508 0.000000 
-0.296192 0.955128 0.000000 0.271982 -0.962302 0.000000 -0.994739 -0.102438 -0.000000 -0.999607 -0.028049 -0.000000 0.372205 0.928150 0.000000 0.972712 -0.232017 0.000000 
-0.416977 0.908917 0.000000 0.438933 -0.898520 0.000000 -0.983615 -0.180280 -0.000000 0.489219 0.872161 0.000000 0.992193 -0.124708 0.000000 
-0.513075 0.858344 0.000000 0.532869 -0.846198 0.000000 -0.929384 -0.369115 -0.000000 0.425769 0.904832 0.000000 0.995782 -0.091745 0.000000 
-0.572827 0.819676 0.000000 -0.883699 -0.468055 -0.000000 0.297778 0.954635 0.000000 0.591647 -0.806197 0.000000 0.998317 -0.058001 0.000000 
-0.893387 -0.449287 -0.000000 0.620679 -0.784065 0.000000 0.151163 0.988509 0.000000 -0.601603 0.798795 0.000000 0.999063 -0.043288 0.000000 
-0.912830 -0.408340 -0.000000 0.996735 -0.080747 0.000000 0.653577 -0.756860 0.000000 0.007995 0.999968 0.000000 -0.633726 0.773558 0.000000 
-0.941630 -0.336649 -0.000000 0.986787 -0.162023 0.000000 0.670731 -0.741700 0.000000 -0.191556 0.981482 0.000000 -0.649274 0.760554 0.000000 
0.974013 -0.226493 0.000000 0.659204 -0.751964 0.000000 -0.484864 0.874590 0.000000 -0.633374 0.773846 0.000000 -0.982954 -0.183850 -0.000000 -0.992313 -0.123754 -0.000000 
-0.729820 0.683639 0.000000 0.957068 -0.289864 0.000000 0.638312 -0.769778 0.000000 -0.998624 -0.052449 -0.000000 -0.965190 0.261550 0.000000 
-0.999564 0.029510 0.000000 0.938912 -0.344157 0.000000 0.651585 -0.758576 0.000000 -0.753618 0.657312 0.000000 -0.846960 0.531657 0.000000 
-0.991654 0.128926 0.000000 0.986432 -0.164168 0.000000 -0.807580 0.589758 0.000000 -0.822209 0.569185 0.000000 0.663489 -0.748186 0.000000 0.835936 -0.548827 0.000000 
0.994433 -0.105370 0.000000 -0.789907 0.613227 0.000000 0.534570 -0.845124 0.000000 0.672567 -0.740036 0.000000 -0.947369 0.320143 0.000000 -0.873522 0.486785 0.000000 
0.983549 -0.180644 0.000000 -0.762026 0.647547 0.000000 -0.852715 0.522377 0.000000 0.342514 -0.939513 0.000000 0.448553 -0.893756 0.000000 
0.959229 -0.282629 0.000000 0.122051 -0.992524 0.000000 0.204463 -0.978874 0.000000 -0.745505 0.666500 0.000000 -0.754456 0.656351 0.000000 
-0.703512 0.710684 0.000000 0.938296 -0.345834 0.000000 0.043896 -0.999036 0.000000 
-0.625787 0.779994 0.000000 -0.610011 -0.792393 -0.000000 -0.139861 -0.990171 -0.000000 0.918396 -0.395663 0.000000 0.907390 -0.420291 0.000000 
-0.577647 0.816286 0.000000 0.891640 -0.452745 0.000000 -0.641496 -0.767127 -0.000000 -0.269448 -0.963015 -0.000000 
-0.549572 0.835446 0.000000 0.887219 -0.461348 0.000000 -0.413647 -0.910437 -0.000000 -0.412459 -0.910976 -0.000000 
-0.525933 0.850526 0.000000 0.887346 -0.461103 0.000000 -0.508946 -0.860798 -0.000000 -0.137935 -0.990441 -0.000000 
-0.510866 0.859660 0.000000 0.889131 -0.457653 0.000000 -0.544998 -0.838437 -0.000000 -0.083117 -0.996540 -0.000000 
-0.508216 0.861230 0.000000 0.886644 -0.462453 0.000000 -0.559510 -0.828823 -0.000000 -0.029948 -0.999551 -0.000000 
-0.510717 0.859749 0.000000 0.885640 -0.464373 0.000000 -0.565162 -0.824980 -0.000000 -0.032363 -0.999476 -0.000000 
-0.514634 0.857410 0.000000 0.886389 -0.462941 0.000000 -0.565330 -0.824865 -0.000000 -0.068116 -0.997677 -0.000000 
-0.518955 0.854801 0.000000 0.888909 -0.458084 0.000000 -0.562746 -0.826630 -0.000000 -0.106064 -0.994359 -0.000000 
-0.521151 0.853465 0.000000 0.891919 -0.452195 0.000000 -0.559844 -0.828598 -0.000000 -0.146679 -0.989184 -0.000000 
-0.525551 0.850762 0.000000 0.897007 -0.442017 0.000000 -0.558145 -0.829743 -0.000000 -0.138335 -0.990385 -0.000000 
-0.529550 0.848279 0.000000 -0.554164 -0.832407 -0.000000 -0.126749 -0.991935 -0.000000 0.903283 -0.429046 0.000000 0.901994 -0.431748 0.000000 
-0.532881 0.846190 0.000000 -0.548899 -0.835888 -0.000000 -0.116673 -0.993170 -0.000000 0.911666 -0.410931 0.000000 0.906057 -0.423156 0.000000 
-0.535432 0.844578 0.000000 -0.544865 -0.838523 -0.000000 -0.110017 -0.993930 -0.000000 0.917057 -0.398757 0.000000 0.908900 -0.417014 0.000000 
-0.536763 0.843733 0.000000 -0.543992 -0.839091 -0.000000 -0.107896 -0.994162 -0.000000 0.920036 -0.391835 0.000000 0.909638 -0.415402 0.000000 
-0.536726 0.843756 0.000000 -0.544365 -0.838849 -0.000000 -0.109046 -0.994037 -0.000000 0.919993 -0.391935 0.000000 0.909358 -0.416015 0.000000 
-0.535994 0.844222 0.000000 -0.545705 -0.837977 -0.000000 -0.110842 -0.993838 -0.000000 0.918316 -0.395848 0.000000 0.908346 -0.418219 0.000000 
-0.534547 0.845139 0.000000 -0.547484 -0.836816 -0.000000 -0.113292 -0.993562 -0.000000 0.915104 -0.403217 0.000000 0.906957 -0.421223 0.000000 
-0.532681 0.846316 0.000000 -0.548879 -0.835902 -0.000000 -0.116323 -0.993211 -0.000000 0.910490 -0.413531 0.000000 0.905665 -0.423994 0.000000 
-0.530502 0.847683 0.000000 -0.549902 -0.835229 -0.000000 -0.120549 -0.992707 -0.000000 0.904723 -0.426001 0.000000 0.904492 -0.426490 0.000000 
-0.527947 0.849277 0.000000 0.902309 -0.431090 0.000000 -0.551032 -0.834484 -0.000000 -0.126696 -0.991942 -0.000000 
-0.525344 0.850890 0.000000 0.900045 -0.435797 0.000000 -0.552297 -0.833647 -0.000000 -0.133031 -0.991112 -0.000000 
-0.523369 0.852106 0.000000 0.898026 -0.439941 0.000000 -0.553843 -0.832621 -0.000000 -0.137874 -0.990450 -0.000000 
-0.522050 0.852915 0.000000 0.896356 -0.443334 0.000000 -0.555608 -0.831444 -0.000000 -0.141735 -0.989905 -0.000000 
-0.521303 0.853372 0.000000 0.895298 -0.445468 0.000000 -0.556972 -0.830532 -0.000000 -0.144133 -0.989558 -0.000000 
-0.521155 0.853462 0.000000 0.895060 -0.445945 0.000000 -0.557336 -0.830287 -0.000000 -0.144674 -0.989479 -0.000000 
-0.521154 0.853463 0.000000 0.895061 -0.445944 0.000000 -0.557336 -0.830287 -0.000000 -0.144686 -0.989478 -0.000000 
-0.521153 0.853463 0.000000 0.895061 -0.445944 0.000000 -0.557336 -0.830287 -0.000000 -0.144697 -0.989476 -0.000000 
-0.521152 0.853464 0.000000 0.895061 -0.445943 0.000000 -0.557336 -0.830287 -0.000000 -0.144708 -0.989474 -0.000000 
-0.521160 0.853459 0.000000 0.895091 -0.445884 0.000000 -0.557300 -0.830311 -0.000000 -0.144590 -0.989492 -0.000000 
-0.521164 0.853457 0.000000 0.895107 -0.445851 0.000000 -0.557280 -0.830325 -0.000000 -0.144557 -0.989497 -0.000000 
-0.521168 0.853454 0.000000 0.895110 -0.445845 0.000000 -0.557281 -0.830324 -0.000000 -0.144587 -0.989492 -0.000000 
-0.521175 0.853450 0.000000 0.895113 -0.445839 0.000000 -0.557282 -0.830323 -0.000000 -0.144614 -0.989488 -0.000000 
-0.521181 0.853446 0.000000 0.895116 -0.445834 0.000000 -0.557283 -0.830322 -0.000000 -0.144641 -0.989484 -0.000000 
-0.521186 0.853443 0.000000 0.895118 -0.445829 0.000000 -0.557284 -0.830322 -0.000000 -0.144661 -0.989481 -0.000000 
-0.521191 0.853440 0.000000 0.895120 -0.445824 0.000000 -0.557285 -0.830321 -0.000000 -0.144682 -0.989478 -0.000000 
-0.521197 0.853437 0.000000 0.895123 -0.445820 0.000000 -0.557286 -0.830320 -0.000000 -0.144701 -0.989475 -0.000000 
-0.521199 0.853435 0.000000 0.895124 -0.445817 0.000000 -0.557288 -0.830319 -0.000000 -0.144728 -0.989471 -0.000000 
-0.521207 0.853430 0.000000 0.895127 -0.445812 0.000000 -0.557289 -0.830318 -0.000000 -0.144743 -0.989469 -0.000000 
-0.521214 0.853426 0.000000 0.895129 -0.445807 0.000000 -0.557291 -0.830317 -0.000000 -0.144755 -0.989468 -0.000000 
-0.521220 0.853422 0.000000 0.895131 -0.445802 0.000000 -0.557292 -0.830317 -0.000000 -0.144766 -0.989466 -0.000000 
-0.521227 0.853418 0.000000 0.895134 -0.445798 0.000000 -0.557293 -0.830316 -0.000000 -0.144778 -0.989464 -0.000000 
-0.521233 0.853415 0.000000 0.895136 -0.445794 0.000000 -0.557294 -0.830315 -0.000000 -0.144788 -0.989463 -0.000000 
-0.521230 0.853416 0.000000 0.895153 -0.445759 0.000000 -0.557271 -0.830330 -0.000000 -0.144785 -0.989463 -0.000000 
-0.521240 0.853410 0.000000 0.895185 -0.445695 0.000000 -0.557234 -0.830355 -0.000000 -0.144822 -0.989458 -0.000000 
-0.521239 0.853411 0.000000 0.895198 -0.445668 0.000000 -0.557214 -0.830369 -0.000000 -0.144815 -0.989459 -0.000000 
-0.521278 0.853387 0.000000 0.895212 -0.445640 0.000000 -0.557218 -0.830366 -0.000000 -0.144878 -0.989450 -0.000000 
-0.521311 0.853367 0.000000 0.895223 -0.445618 0.000000 -0.557224 -0.830362 -0.000000 -0.144934 -0.989441 -0.000000 
-0.521340 0.853349 0.000000 0.895233 -0.445599 0.000000 -0.557229 -0.830359 -0.000000 -0.144982 -0.989434 -0.000000 
-0.521368 0.853332 0.000000 0.895242 -0.445581 0.000000 -0.557234 -0.830355 -0.000000 -0.145028 -0.989428 -0.000000 
-0.521392 0.853317 0.000000 0.895249 -0.445565 0.000000 -0.557238 -0.830352 -0.000000 -0.145068 -0.989422 -0.000000 
-0.521414 0.853304 0.000000 0.895257 -0.445551 0.000000 -0.557242 -0.830350 -0.000000 -0.145105 -0.989416 -0.000000 
-0.521425 0.853297 0.000000 0.895261 -0.445542 0.000000 -0.557246 -0.830347 -0.000000 -0.145225 -0.989399 -0.000000 
-0.521444 0.853286 0.000000 0.895267 -0.445530 0.000000 -0.557249 -0.830345 -0.000000 -0.145268 -0.989392 -0.000000 
-0.521461 0.853275 0.000000 0.895273 -0.445518 0.000000 -0.557252 -0.830344 -0.000000 -0.145296 -0.989388 -0.000000 
-0.521477 0.853266 0.000000 0.895278 -0.445508 0.000000 -0.557255 -0.830342 -0.000000 -0.145320 -0.989385 -0.000000 
-0.521494 0.853255 0.000000 0.895284 -0.445496 0.000000 -0.557257 -0.830340 -0.000000 -0.145340 -0.989382 -0.000000 
-0.521520 0.853239 0.000000 0.895294 -0.445477 0.000000 -0.557259 -0.830339 -0.000000 -0.145348 -0.989381 -0.000000 
-0.521544 0.853225 0.000000 0.895303 -0.445458 0.000000 -0.557261 -0.830337 -0.000000 -0.145381 -0.989376 -0.000000 
-0.521563 0.853213 0.000000 0.895311 -0.445442 0.000000 -0.557262 -0.830337 -0.000000 -0.145443 -0.989367 -0.000000 
-0.521582 0.853201 0.000000 0.895319 -0.445425 0.000000 -0.557263 -0.830336 -0.000000 -0.145507 -0.989357 -0.000000 
-0.521599 0.853191 0.000000 0.895328 -0.445408 0.000000 -0.557265 -0.830335 -0.000000 -0.145737 -0.989323 -0.000000 
-0.521617 0.853180 0.000000 0.895337 -0.445390 0.000000 -0.557267 -0.830334 -0.000000 -0.146000 -0.989285 -0.000000 
-0.521631 0.853171 0.000000 0.895341 -0.445381 0.000000 -0.557268 -0.830332 -0.000000 -0.146016 -0.989282 -0.000000 
-0.521654 0.853157 0.000000 0.895351 -0.445362 0.000000 -0.557270 -0.830332 -0.000000 -0.146033 -0.989280 -0.000000 
-0.521675 0.853144 0.000000 0.895360 -0.445344 0.000000 -0.557270 -0.830331 -0.000000 -0.146083 -0.989272 -0.000000 
-0.521697 0.853131 0.000000 0.895370 -0.445324 0.000000 -0.557270 -0.830331 -0.000000 -0.146156 -0.989262 -0.000000 
-0.521706 0.853125 0.000000 0.895376 -0.445311 0.000000 -0.557268 -0.830333 -0.000000 -0.146444 -0.989219 -0.000000 
-0.521730 0.853110 0.000000 0.895387 -0.445288 0.000000 -0.557271 -0.830331 -0.000000 -0.146641 -0.989190 -0.000000 
-0.521745 0.853102 0.000000 0.895393 -0.445276 0.000000 -0.557271 -0.830330 -0.000000 -0.146690 -0.989183 -0.000000 
-0.521766 0.853088 0.000000 0.895403 -0.445257 0.000000 -0.557273 -0.830330 -0.000000 -0.146754 -0.989173 -0.000000 
-0.521787 0.853076 0.000000 0.895409 -0.445244 0.000000 -0.557277 -0.830327 -0.000000 -0.146863 -0.989157 -0.000000 
-0.521815 0.853059 0.000000 0.895420 -0.445223 0.000000 -0.557281 -0.830324 -0.000000 -0.147335 -0.989087 -0.000000 
-0.521816 0.853058 0.000000 0.895427 -0.445209 0.000000 -0.557280 -0.830325 -0.000000 -0.147784 -0.989020 -0.000000 
-0.521819 0.853056 0.000000 0.895428 -0.445206 0.000000 -0.557280 -0.830325 -0.000000 -0.147823 -0.989014 -0.000000 
-0.521834 0.853047 0.000000 0.895438 -0.445186 0.000000 -0.557266 -0.830334 -0.000000 -0.147868 -0.989007 -0.000000 
-0.521864 0.853029 0.000000 0.895458 -0.445147 0.000000 -0.557231 -0.830357 -0.000000 -0.147912 -0.989001 -0.000000 
-0.521893 0.853011 0.000000 0.895478 -0.445106 0.000000 -0.557194 -0.830382 -0.000000 -0.147965 -0.988993 -0.000000 
-0.521912 0.853000 0.000000 0.895496 -0.445069 0.000000 -0.557146 -0.830414 -0.000000 -0.148232 -0.988953 -0.000000 
-0.521929 0.852989 0.000000 0.895506 -0.445049 0.000000 -0.557135 -0.830422 -0.000000 -0.148793 -0.988868 -0.000000 
-0.521949 0.852977 0.000000 0.895520 -0.445022 0.000000 -0.557111 -0.830438 -0.000000 -0.148937 -0.988847 -0.000000 
-0.521975 0.852961 0.000000 0.895538 -0.444986 0.000000 -0.557071 -0.830465 -0.000000 -0.148959 -0.988843 -0.000000 
-0.521997 0.852947 0.000000 0.895560 -0.444940 0.000000 -0.557017 -0.830501 -0.000000 -0.149108 -0.988821 -0.000000 
-0.522036 0.852923 0.000000 0.895592 -0.444877 0.000000 -0.556951 -0.830545 -0.000000 -0.149178 -0.988810 -0.000000 
-0.522061 0.852908 0.000000 0.895610 -0.444839 0.000000 -0.556912 -0.830572 -0.000000 -0.149365 -0.988782 -0.000000 
-0.522083 0.852895 0.000000 0.895623 -0.444814 0.000000 -0.556891 -0.830585 -0.000000 -0.149652 -0.988739 -0.000000 
-0.522093 0.852889 0.000000 0.895632 -0.444796 0.000000 -0.556871 -0.830599 -0.000000 -0.150027 -0.988682 -0.000000 
-0.522079 0.852897 0.000000 0.895632 -0.444795 0.000000 -0.556840 -0.830620 -0.000000 -0.150488 -0.988612 -0.000000 
-0.522057 0.852911 0.000000 0.895629 -0.444802 0.000000 -0.556809 -0.830641 -0.000000 -0.150884 -0.988552 -0.000000 
-0.522046 0.852917 0.000000 0.895629 -0.444801 0.000000 -0.556775 -0.830663 -0.000000 -0.151180 -0.988506 -0.000000 
-0.522040 0.852921 0.000000 0.895632 -0.444797 0.000000 -0.556735 -0.830690 -0.000000 -0.151550 -0.988450 -0.000000 
-0.522016 0.852935 0.000000 0.895627 -0.444806 0.000000 -0.556705 -0.830711 -0.000000 -0.151996 -0.988381 -0.000000 
-0.521967 0.852966 0.000000 0.895612 -0.444836 0.000000 -0.556669 -0.830734 -0.000000 -0.152571 -0.988292 -0.000000 
-0.521950 0.852976 0.000000 0.895607 -0.444846 0.000000 -0.556655 -0.830743 -0.000000 -0.153068 -0.988216 -0.000000 
-0.521963 0.852968 0.000000 0.895618 -0.444825 0.000000 -0.556639 -0.830754 -0.000000 -0.153369 -0.988169 -0.000000 
-0.521976 0.852960 0.000000 0.895636 -0.444787 0.000000 -0.556604 -0.830778 -0.000000 -0.153595 -0.988134 -0.000000 
-0.521982 0.852957 0.000000 0.895659 -0.444740 0.000000 -0.556545 -0.830817 -0.000000 -0.153846 -0.988095 -0.000000 
-0.521980 0.852958 0.000000 0.895681 -0.444697 0.000000 -0.556475 -0.830864 -0.000000 -0.154165 -0.988045 -0.000000 
-0.521962 0.852968 0.000000 0.895687 -0.444686 0.000000 -0.556421 -0.830900 -0.000000 -0.154600 -0.987977 -0.000000 
-0.521924 0.852992 0.000000 0.895667 -0.444726 0.000000 -0.556409 -0.830909 -0.000000 -0.155184 -0.987886 -0.000000 
-0.521868 0.853026 0.000000 0.895623 -0.444814 0.000000 -0.556434 -0.830892 -0.000000 -0.155942 -0.987766 -0.000000 
-0.521784 0.853078 0.000000 0.895556 -0.444949 0.000000 -0.556485 -0.830857 -0.000000 -0.156865 -0.987620 -0.000000 
-0.521683 0.853139 0.000000 0.895476 -0.445111 0.000000 -0.556550 -0.830814 -0.000000 -0.157884 -0.987458 -0.000000 
-0.521580 0.853202 0.000000 0.895395 -0.445272 0.000000 -0.556611 -0.830773 -0.000000 -0.158968 -0.987284 -0.000000 
-0.521486 0.853260 0.000000 0.895327 -0.445410 0.000000 -0.556669 -0.830734 -0.000000 -0.160122 -0.987097 -0.000000 
-0.521417 0.853302 0.000000 0.895278 -0.445508 0.000000 -0.556713 -0.830705 -0.000000 -0.161190 -0.986923 -0.000000 
-0.521378 0.853326 0.000000 0.895252 -0.445560 0.000000 -0.556733 -0.830692 -0.000000 -0.162084 -0.986777 -0.000000 
-0.521431 0.853293 0.000000 0.895272 -0.445521 0.000000 -0.556748 -0.830682 -0.000000 -0.162701 -0.986675 -0.000000 
-0.521449 0.853283 0.000000 0.895287 -0.445490 0.000000 -0.556735 -0.830690 -0.000000 -0.163215 -0.986591 -0.000000 
-0.521464 0.853273 0.000000 0.895306 -0.445451 0.000000 -0.556704 -0.830711 -0.000000 -0.163719 -0.986507 -0.000000 
-0.521437 0.853290 0.000000 0.895304 -0.445455 0.000000 -0.556683 -0.830725 -0.000000 -0.164450 -0.986385 -0.000000 
-0.521409 0.853307 0.000000 0.895290 -0.445484 0.000000 -0.556706 -0.830710 -0.000000 -0.165399 -0.986227 -0.000000 
-0.521342 0.853348 0.000000 0.895250 -0.445565 0.000000 -0.556752 -0.830679 -0.000000 -0.166321 -0.986072 -0.000000 
-0.521290 0.853380 0.000000 0.895215 -0.445635 0.000000 -0.556802 -0.830645 -0.000000 -0.167204 -0.985922 -0.000000 
-0.521229 0.853417 0.000000 0.895178 -0.445709 0.000000 -0.556843 -0.830618 -0.000000 -0.168071 -0.985775 -0.000000 
-0.521178 0.853448 0.000000 0.895148 -0.445769 0.000000 -0.556877 -0.830595 -0.000000 -0.168919 -0.985630 -0.000000 
