2.483937 0.432333 0.003757 2.491471 0.568835 0.004303 2.708131 0.552970 0.005014 2.697456 0.415385 0.004453 
2.483908 0.432326 0.003935 2.491446 0.568828 0.004379 2.708106 0.552958 0.004925 2.697426 0.415373 0.004469 
2.483722 0.432143 0.004432 2.491207 0.568648 0.004517 2.707874 0.552864 0.004347 2.697248 0.415274 0.004264 
2.483766 0.432158 0.004501 2.491251 0.568663 0.004518 2.707918 0.552879 0.004188 2.697292 0.415289 0.004176 
2.483792 0.432060 0.004549 2.491316 0.568562 0.004084 2.707978 0.552716 0.003966 2.697313 0.415129 0.004437 
2.483739 0.432034 0.004621 2.491306 0.568533 0.003896 2.707964 0.552617 0.003803 2.697254 0.415035 0.004536 
2.483834 0.431962 0.004438 2.491412 0.568460 0.003549 2.708068 0.552530 0.003909 2.697348 0.414950 0.004801 
2.483790 0.431945 0.004632 2.491378 0.568442 0.003679 2.708033 0.552494 0.003831 2.697303 0.414915 0.004790 
2.483869 0.431867 0.004567 2.491466 0.568362 0.003443 2.708119 0.552403 0.003924 2.697380 0.414826 0.005051 
2.483782 0.431869 0.004684 2.491389 0.568364 0.003581 2.708042 0.552388 0.003863 2.697293 0.414812 0.004973 
2.483661 0.431800 0.005151 2.491270 0.568292 0.003768 2.707922 0.552307 0.003549 2.697170 0.414733 0.004948 
2.483662 0.431824 0.005786 2.491271 0.568309 0.003879 2.707924 0.552323 0.003675 2.697172 0.414756 0.005603 
2.483664 0.431855 0.006523 2.491273 0.568330 0.003981 2.707925 0.552343 0.003790 2.697174 0.414787 0.006359 
2.483301 0.432713 0.006832 2.491416 0.569158 0.004231 2.708007 0.552364 0.003911 2.696745 0.414849 0.006541 
2.483298 0.432700 0.006647 2.491415 0.569149 0.004298 2.708006 0.552355 0.004008 2.696743 0.414836 0.006383 
2.483297 0.432691 0.006524 2.491414 0.569144 0.004356 2.708005 0.552350 0.004092 2.696741 0.414828 0.006284 
2.483298 0.432711 0.006970 2.491414 0.569157 0.004411 2.708005 0.552363 0.004166 2.696743 0.414848 0.006753 
2.480441 0.438303 0.008162 2.491932 0.574497 0.005181 2.708037 0.552330 0.004222 2.693375 0.415144 0.007246 
2.479328 0.440970 0.012448 2.492289 0.577000 0.008248 2.708096 0.552397 0.004294 2.691953 0.415412 0.008589 
2.480644 0.438635 0.015154 2.492124 0.574768 0.010079 2.708137 0.552424 0.004350 2.693487 0.415302 0.009555 
2.480520 0.439048 0.016363 2.492196 0.575145 0.010793 2.708153 0.552439 0.004400 2.693305 0.415359 0.010114 
2.480210 0.439598 0.015909 2.492208 0.575652 0.009998 2.708136 0.552452 0.004444 2.692963 0.415422 0.010491 
2.479361 0.441163 0.014776 2.492321 0.577131 0.008899 2.708110 0.552453 0.004483 2.691970 0.415532 0.010479 
2.479437 0.440884 0.013867 2.492255 0.576869 0.008059 2.708091 0.552453 0.004518 2.692092 0.415511 0.010432 
2.479844 0.439992 0.013408 2.492140 0.576021 0.007524 2.708078 0.552456 0.004548 2.692606 0.415457 0.010532 
2.481365 0.437209 0.015454 2.491918 0.573356 0.008935 2.708110 0.552476 0.004582 2.694393 0.415320 0.011225 
2.483578 0.433645 0.020086 2.491782 0.569892 0.012393 2.708187 0.552510 0.004616 2.696838 0.415204 0.012492 
2.484191 0.429894 0.027601 2.489841 0.566196 0.018674 2.706197 0.552407 0.004763 2.697428 0.414994 0.013972 
2.477312 0.428946 0.037313 2.481712 0.565300 0.028477 2.697479 0.552999 0.006407 2.689980 0.415512 0.015641 2.800851 0.732696 0.004060 2.703978 0.829160 0.004449 2.851418 0.984527 0.004877 2.951352 0.889358 0.004490 
2.470831 0.434926 0.041930 2.475627 0.571354 0.034559 2.690822 0.558434 0.007761 2.682931 0.420882 0.015582 2.801377 0.732447 0.004772 2.704180 0.828585 0.005026 2.851095 0.984449 0.004600 2.951348 0.889616 0.004337 
2.472463 0.445191 0.039453 2.477266 0.581740 0.034827 2.692373 0.569331 0.007106 2.684477 0.431650 0.012168 2.801967 0.732611 0.005891 2.704389 0.828362 0.006243 2.850680 0.984806 0.004751 2.951308 0.890372 0.004373 
2.482469 0.454434 0.031073 2.486235 0.591086 0.029718 2.701822 0.581000 0.004935 2.694966 0.443181 0.006654 2.803105 0.733182 0.005466 2.704821 0.828208 0.005871 2.849951 0.985732 0.004840 2.951276 0.892047 0.004416 
2.484785 0.452245 0.027626 2.487138 0.588935 0.027505 2.703088 0.581299 0.005118 2.697652 0.443406 0.005558 2.804676 0.733472 0.004972 2.705290 0.827344 0.005403 2.848574 0.986552 0.004912 2.950985 0.894055 0.004470 
2.484880 0.451261 0.024534 2.486710 0.587959 0.024750 2.702963 0.581197 0.005188 2.698052 0.443284 0.005247 2.803244 0.733781 0.004616 2.702969 0.826697 0.005737 2.844727 0.987266 0.005671 2.948014 0.895754 0.004538 
2.484601 0.450994 0.021516 2.486257 0.587695 0.021726 2.702769 0.581199 0.005165 2.698030 0.443280 0.005187 2.797301 0.735128 0.004652 2.696952 0.827940 0.007054 2.838563 0.988638 0.007192 2.941923 0.897233 0.004768 
2.484449 0.450162 0.018488 2.485588 0.586867 0.018825 2.702329 0.581197 0.005236 2.698108 0.443261 0.005088 2.786117 0.740097 0.004801 2.685644 0.832677 0.009686 2.826974 0.993621 0.010543 2.930455 0.902454 0.005623 
2.484403 0.448745 0.015861 2.484658 0.585454 0.016374 2.701577 0.581193 0.005350 2.698247 0.443234 0.004987 2.770946 0.747103 0.005733 2.670126 0.839087 0.013752 2.810697 1.000688 0.015277 2.914517 0.910133 0.007202 
2.484235 0.446929 0.013993 2.483322 0.583636 0.014464 2.700357 0.581218 0.005320 2.698204 0.443235 0.004974 2.755177 0.753468 0.007291 2.654113 0.844861 0.018386 2.794007 1.007046 0.020212 2.898065 0.917095 0.009036 
2.484096 0.444610 0.012177 2.481719 0.581298 0.013006 2.698837 0.581218 0.005697 2.698161 0.443222 0.004963 2.742745 0.757864 0.008980 2.641210 0.848425 0.022363 2.780048 1.011508 0.024787 2.884565 0.922410 0.011308 
2.484003 0.443018 0.010506 2.480635 0.579679 0.011969 2.697799 0.581190 0.006352 2.698122 0.443198 0.004954 2.734451 0.759448 0.010519 2.632581 0.849404 0.025361 2.770676 1.013105 0.028478 2.875520 0.924627 0.013537 
2.483942 0.442422 0.009157 2.480221 0.579063 0.011421 2.697411 0.581148 0.007169 2.698090 0.443168 0.004944 2.730378 0.758736 0.011977 2.628375 0.848414 0.027572 2.766177 1.012345 0.031408 2.871152 0.924152 0.015717 
2.483913 0.442079 0.008409 2.480001 0.578698 0.011545 2.697200 0.581098 0.008051 2.698073 0.443135 0.004935 2.730306 0.757372 0.013903 2.628164 0.846856 0.029696 2.765776 1.010914 0.034757 2.870889 0.922918 0.018884 
2.483904 0.442077 0.008158 2.480026 0.578668 0.012336 2.697230 0.581032 0.009099 2.698068 0.443097 0.004927 2.733256 0.756100 0.016329 2.631001 0.845474 0.032010 2.768549 1.009520 0.038892 2.873774 0.921634 0.023158 
2.483906 0.442247 0.008244 2.480180 0.578807 0.013480 2.697385 0.580958 0.010159 2.698070 0.443059 0.004920 2.738070 0.754579 0.019118 2.635652 0.843829 0.034439 2.773073 1.007880 0.043399 2.878461 0.920120 0.028058 
2.497101 0.428714 0.018732 2.466950 0.561934 0.024484 2.679613 0.606194 0.021478 2.707040 0.471070 0.015714 2.743078 0.754938 0.017976 2.641332 0.844948 0.033332 2.780059 1.007808 0.043771 2.884788 0.919264 0.028416 
2.497543 0.417991 0.027098 2.468297 0.551416 0.032786 2.681112 0.594390 0.025268 2.707624 0.459078 0.019632 2.752073 0.760768 0.011980 2.648975 0.849321 0.026777 2.785445 1.013800 0.040927 2.891507 0.926750 0.026190 
2.493244 0.397832 0.041126 2.462864 0.531065 0.045117 2.674919 0.575862 0.030296 2.702586 0.440717 0.026478 2.759164 0.768101 0.004693 2.655757 0.856394 0.018877 2.791592 1.021595 0.030505 2.897957 0.934818 0.016350 
2.487561 0.379049 0.055793 2.454495 0.511495 0.063160 2.664832 0.561204 0.041229 2.695236 0.426784 0.034102 2.759251 0.768369 0.004709 2.656010 0.857278 0.015961 2.791853 1.022881 0.016444 2.898049 0.935488 0.005090 
2.477808 0.345859 0.082340 2.442914 0.477576 0.093431 2.651065 0.531309 0.062132 2.683345 0.397569 0.051378 2.759352 0.774906 0.004735 2.655778 0.863659 0.013967 2.791204 1.029604 0.014287 2.897731 0.942372 0.004970 
2.483184 0.302201 0.101148 2.434026 0.429422 0.110539 2.635197 0.505266 0.079372 2.681977 0.375752 0.070332 2.759032 0.779077 0.004632 2.656134 0.868762 0.012274 2.792953 1.033560 0.012661 2.898818 0.945371 0.004950 
2.510599 0.258648 0.108281 2.443777 0.377645 0.116318 2.633094 0.481177 0.091140 2.697874 0.359573 0.083382 2.758947 0.779940 0.004645 2.657248 0.871136 0.010151 2.796377 1.033987 0.010585 2.901065 0.944245 0.005031 
2.555047 0.233221 0.099041 2.471644 0.341247 0.107051 2.645277 0.471256 0.095084 2.727019 0.360353 0.087167 2.758761 0.780018 0.004671 2.657483 0.871783 0.008093 2.797459 1.033904 0.009276 2.901733 0.943577 0.005837 
2.606353 0.208105 0.082297 2.507643 0.302519 0.087959 2.660584 0.456801 0.087492 2.758073 0.359296 0.081783 2.758535 0.780221 0.004686 2.657903 0.872733 0.006800 2.799041 1.033840 0.008383 2.902680 0.942743 0.006270 
2.650452 0.187205 0.056750 2.542559 0.271084 0.060412 2.679024 0.439859 0.069680 2.786017 0.352786 0.065851 2.757720 0.782797 0.004738 2.655806 0.873912 0.005899 2.794687 1.036946 0.009048 2.899588 0.947288 0.007920 
2.687110 0.162542 0.023154 2.573455 0.238515 0.022696 2.697103 0.416562 0.036983 2.810096 0.337338 0.037243 2.757941 0.783235 0.004777 2.654628 0.872765 0.005734 2.790962 1.037913 0.009834 2.897238 0.949887 0.008927 
2.698180 0.157072 0.005172 2.583306 0.231192 0.004816 2.704096 0.411270 0.018050 2.818360 0.333889 0.018222 2.758469 0.784372 0.005883 2.652812 0.871123 0.006736 2.784616 1.039677 0.016477 2.893194 0.954505 0.015756 
2.698200 0.156922 0.005319 2.583296 0.230994 0.004906 2.703857 0.410912 0.021889 2.818154 0.333580 0.022066 2.760349 0.794438 0.021499 2.653726 0.879980 0.023493 2.783381 1.049371 0.042834 2.892904 0.965432 0.041098 
2.698149 0.156844 0.005395 2.583247 0.230920 0.004963 2.703621 0.410563 0.025750 2.817919 0.333233 0.025892 2.769933 0.815833 0.054235 2.662242 0.899996 0.057247 2.788848 1.069098 0.092647 2.899405 0.986547 0.090115 
2.698117 0.156794 0.005438 2.583217 0.230873 0.005009 2.703458 0.410313 0.028179 2.817756 0.332982 0.028284 2.782059 0.842987 0.100854 2.673140 0.925526 0.104580 2.795208 1.092651 0.159774 2.906940 1.011712 0.156804 
2.698088 0.156739 0.005444 2.583267 0.230940 0.005042 2.703655 0.410179 0.028998 2.817871 0.332728 0.029064 2.792425 0.870721 0.158036 2.682241 0.951533 0.162376 2.798497 1.114692 0.238150 2.911422 1.035439 0.234857 
2.698003 0.156583 0.005473 2.583450 0.231198 0.005077 2.704392 0.409865 0.030472 2.818329 0.332004 0.030511 2.800483 0.895623 0.221583 2.689063 0.974704 0.226208 2.798189 1.131719 0.322725 2.912261 1.054126 0.319442 
2.697807 0.156444 0.005521 2.583557 0.231522 0.005092 2.704921 0.409276 0.034553 2.818546 0.330960 0.034569 2.806626 0.913155 0.281452 2.694075 0.990643 0.285637 2.794606 1.139452 0.402371 2.909697 1.063350 0.399823 
2.697647 0.156163 0.005646 2.583811 0.231866 0.005184 2.705766 0.408419 0.039093 2.818965 0.329489 0.039079 2.807423 0.913626 0.326169 2.694272 0.990296 0.329079 2.787604 1.132277 0.459494 2.903196 1.056903 0.458430 
2.697969 0.156922 0.005503 2.584099 0.232576 0.005248 2.705035 0.407707 0.048805 2.818283 0.328847 0.048446 2.800791 0.899301 0.350535 2.687775 0.976180 0.353153 2.778711 1.114392 0.489189 2.894132 1.038752 0.488501 
2.697823 0.156710 0.005982 2.583976 0.232398 0.005571 2.703742 0.405791 0.058341 2.816983 0.326921 0.058008 2.789636 0.878893 0.362173 2.676824 0.956081 0.364474 2.767042 1.092954 0.502330 2.882247 1.016983 0.501987 
2.697727 0.156423 0.006352 2.583861 0.232082 0.005819 2.702508 0.404019 0.065437 2.815784 0.325199 0.065130 2.776356 0.862530 0.375879 2.663165 0.939183 0.377213 2.750444 1.074802 0.518165 2.865990 0.999352 0.518843 
2.697671 0.156339 0.006556 2.583803 0.231994 0.005946 2.701840 0.403112 0.069029 2.815126 0.324308 0.068751 2.764176 0.854270 0.403915 2.650303 0.929916 0.403359 2.730501 1.061053 0.552519 2.846635 0.986557 0.555225 
2.697840 0.156648 0.006807 2.583701 0.231893 0.006105 2.700287 0.402290 0.073680 2.813868 0.323910 0.073432 2.751107 0.847342 0.440374 2.636671 0.922096 0.437888 2.708237 1.046367 0.596988 2.824813 0.972671 0.601786 
2.698571 0.157949 0.007185 2.583487 0.231738 0.006352 2.696482 0.401589 0.081029 2.811068 0.324686 0.080812 2.735396 0.837718 0.477967 2.620561 0.911792 0.473982 2.683692 1.028230 0.642310 2.800551 0.955109 0.648753 
2.699028 0.158685 0.007985 2.583355 0.231538 0.006594 2.692842 0.399653 0.089923 2.808072 0.323720 0.090146 2.717252 0.823982 0.510998 2.602133 0.897536 0.505783 2.657662 1.006490 0.681633 2.774699 0.933787 0.689425 
2.698870 0.158636 0.009306 2.583099 0.231309 0.006937 2.689181 0.396028 0.100789 2.804558 0.320324 0.101852 2.696364 0.805976 0.534828 2.580949 0.879183 0.531675 2.634314 0.980731 0.712556 2.751618 0.908271 0.718339 
2.698335 0.157956 0.011080 2.582797 0.230942 0.007375 2.684697 0.390370 0.114112 2.799900 0.314426 0.116340 2.679040 0.781404 0.554632 2.563977 0.855200 0.552478 2.615291 0.950155 0.737486 2.732209 0.877006 0.742320 
2.697427 0.156563 0.012729 2.582565 0.230551 0.008012 2.680687 0.383284 0.127337 2.795260 0.306423 0.130409 2.664305 0.753061 0.574572 2.550006 0.828034 0.572463 2.598063 0.916021 0.761742 2.714165 0.841584 0.766591 
2.696549 0.155206 0.014075 2.582320 0.230125 0.008714 2.676255 0.375618 0.139870 2.790248 0.297919 0.143424 2.648935 0.721884 0.597407 2.535566 0.798254 0.595168 2.579003 0.877652 0.789299 2.694098 0.801681 0.794350 
2.695702 0.153953 0.015349 2.582012 0.229645 0.009422 2.670884 0.367262 0.152101 2.784405 0.288894 0.156063 2.629639 0.687669 0.623783 2.517078 0.765220 0.621411 2.554100 0.834139 0.820803 2.668288 0.756825 0.826064 
2.694938 0.152438 0.016296 2.582012 0.229234 0.009994 2.665088 0.357150 0.164686 2.777920 0.277805 0.168857 2.605883 0.649711 0.653634 2.494145 0.728366 0.649437 2.520660 0.785908 0.854044 2.633866 0.707314 0.861221 
2.693956 0.150829 0.017332 2.581707 0.228591 0.010785 2.658090 0.345977 0.176857 2.770333 0.265806 0.181113 2.576324 0.607713 0.684487 2.465382 0.687374 0.678511 2.479646 0.731766 0.887565 2.591872 0.651967 0.896604 
2.692668 0.148707 0.018056 2.581400 0.227877 0.011605 2.650586 0.332820 0.188788 2.761939 0.251405 0.192792 2.542776 0.560783 0.713429 2.432489 0.641326 0.707142 2.435202 0.670351 0.919340 2.546599 0.589442 0.928738 
2.691085 0.146135 0.018673 2.581002 0.226964 0.012489 2.641366 0.316985 0.200761 2.751649 0.234106 0.204336 2.507714 0.506108 0.737710 2.398488 0.588122 0.731934 2.389932 0.600365 0.945603 2.500097 0.517731 0.954506 
2.692267 0.145996 0.022391 2.581376 0.225408 0.013077 2.625134 0.303038 0.211199 2.736467 0.221765 0.217796 2.469391 0.461262 0.759378 2.362460 0.546049 0.751197 2.334974 0.540183 0.963536 2.442550 0.454488 0.974848 
2.689475 0.126187 0.031032 2.579866 0.205789 0.012613 2.609227 0.285764 0.212451 2.719471 0.204267 0.228216 2.426904 0.450285 0.745061 2.319217 0.533571 0.732535 2.285376 0.530077 0.944007 2.393623 0.445931 0.959693 
2.679395 0.075711 0.038989 2.572811 0.156854 0.011687 2.597044 0.247970 0.207401 2.704306 0.164759 0.232193 2.391819 0.450860 0.707038 2.285511 0.533836 0.684603 2.245990 0.548474 0.894606 2.352764 0.464903 0.920278 
2.674727 0.027519 0.048020 2.571814 0.109392 0.010666 2.589196 0.211786 0.201472 2.692850 0.127678 0.236481 2.354552 0.448652 0.670388 2.251064 0.531196 0.636233 2.200780 0.561898 0.842162 2.304551 0.478993 0.879609 
2.675882 -0.008602 0.058514 2.577068 0.072337 0.009782 2.581989 0.183938 0.196101 2.681680 0.100643 0.242659 2.312057 0.443786 0.640059 2.212510 0.525547 0.594284 2.145946 0.564944 0.794021 2.245504 0.482953 0.843111 
2.675828 -0.039329 0.069691 2.581864 0.039525 0.009338 2.572342 0.159728 0.190043 2.667342 0.078415 0.248415 2.265634 0.439226 0.604763 2.170951 0.519379 0.547314 2.086734 0.565854 0.738691 2.181127 0.485589 0.799449 
2.672904 -0.066561 0.080855 2.584746 0.009732 0.009458 2.560722 0.137715 0.183345 2.650064 0.058878 0.252963 2.217837 0.435453 0.560026 2.128726 0.512913 0.491112 2.027751 0.566893 0.672131 2.116276 0.489456 0.744317 
2.667736 -0.088849 0.092612 2.586474 -0.017169 0.009256 2.546412 0.120130 0.172773 2.629021 0.045818 0.254611 2.167164 0.434868 0.504275 2.084918 0.508343 0.423487 1.966512 0.569688 0.591102 2.047857 0.496380 0.675084 
2.659946 -0.101855 0.104767 2.586258 -0.036799 0.009753 2.530807 0.110662 0.159333 2.605987 0.042894 0.253139 2.114164 0.441762 0.433410 2.039681 0.508148 0.339949 1.903972 0.578037 0.490203 1.977228 0.512010 0.586733 
2.646926 -0.099064 0.121836 2.582110 -0.042924 0.015361 2.508782 0.113263 0.147355 2.575258 0.054372 0.252980 2.061837 0.450923 0.352553 1.996220 0.508636 0.247417 1.844794 0.585970 0.377676 1.908872 0.528808 0.485705 
2.633139 -0.084758 0.128762 2.571973 -0.036657 0.016358 2.488648 0.124752 0.135512 2.551581 0.073904 0.247306 2.010502 0.474371 0.259985 1.948982 0.514158 0.144563 1.786846 0.600571 0.254665 1.846634 0.561639 0.372791 2.101925 -0.606298 0.004579 2.090150 -0.660127 0.040908 2.096317 -0.652094 0.054810 2.108092 -0.598265 0.018481 
2.625575 -0.071012 0.130688 2.563935 -0.025109 0.017625 2.478572 0.136816 0.134618 2.542012 0.088178 0.247107 1.973373 0.493984 0.195281 1.911502 0.517260 0.075615 1.744297 0.608186 0.173863 1.804367 0.585990 0.296105 2.096463 -0.623540 0.004642 2.083231 -0.674369 0.044608 2.090840 -0.666107 0.057635 2.104072 -0.615278 0.017668 
2.622093 -0.058191 0.136540 2.560713 -0.012967 0.023062 2.473532 0.148544 0.139283 2.536735 0.100598 0.252201 1.948714 0.505609 0.168064 1.888080 0.520894 0.046492 1.716286 0.610630 0.137661 1.775039 0.596485 0.261725 2.087056 -0.634556 0.004698 2.074355 -0.682499 0.048243 2.083287 -0.673983 0.060224 2.095987 -0.626040 0.016679 
2.619725 -0.045956 0.147093 2.559506 -0.002555 0.032289 2.468546 0.158887 0.145677 2.530631 0.112782 0.259974 1.938404 0.509478 0.166091 1.879193 0.523385 0.043656 1.704947 0.611071 0.132129 1.762230 0.598289 0.257026 2.079294 -0.640066 0.005863 2.068986 -0.686171 0.051951 2.078892 -0.677400 0.062941 2.089199 -0.631294 0.016854 
2.617236 -0.033709 0.159965 2.558870 0.006813 0.043170 2.462268 0.168129 0.151978 2.522562 0.124932 0.268351 1.940827 0.506703 0.184709 1.882333 0.524982 0.062503 1.708127 0.610716 0.152946 1.764687 0.593492 0.277640 2.077436 -0.641068 0.012201 2.069509 -0.686511 0.059403 2.079862 -0.677527 0.069792 2.087789 -0.632083 0.022590 
2.614571 -0.024760 0.171482 2.557706 0.012727 0.052945 2.455913 0.173841 0.157224 2.514765 0.133713 0.275420 1.952409 0.497506 0.217609 1.894603 0.523525 0.096484 1.721891 0.607683 0.191172 1.777778 0.582621 0.314835 2.080829 -0.645550 0.022779 2.074583 -0.690103 0.071071 2.085069 -0.680785 0.081023 2.091315 -0.636233 0.032732 
2.612698 -0.018962 0.181612 2.557337 0.015802 0.061543 2.451059 0.176713 0.161574 2.508456 0.139336 0.281376 1.966369 0.483449 0.254756 1.908880 0.518325 0.135725 1.738282 0.600099 0.236159 1.793878 0.566059 0.357791 2.085849 -0.652948 0.034046 2.080945 -0.696375 0.083503 2.091496 -0.686704 0.093042 2.096399 -0.643277 0.043584 
2.614824 -0.019136 0.191172 2.559990 0.016188 0.071026 2.451930 0.175547 0.171632 2.508821 0.137626 0.291505 1.967203 0.477059 0.269449 1.910774 0.514695 0.150752 1.739322 0.594217 0.251539 1.793835 0.557358 0.372839 2.088935 -0.657673 0.037424 2.084563 -0.701071 0.086957 2.095238 -0.691408 0.096365 2.099611 -0.648010 0.046832 
2.617562 -0.023174 0.204117 2.565083 0.013164 0.083223 2.455366 0.171924 0.182979 2.509902 0.132988 0.303618 1.963460 0.472592 0.275426 1.909507 0.511065 0.155849 1.735171 0.588255 0.253453 1.787143 0.550516 0.375595 2.093259 -0.659444 0.034932 2.089008 -0.703263 0.084102 2.099694 -0.693673 0.093573 2.103945 -0.649853 0.044402 
2.619010 -0.025865 0.217737 2.569014 0.012316 0.096360 2.457301 0.169598 0.196242 2.509359 0.128822 0.317367 1.959615 0.470736 0.276389 1.907103 0.509005 0.156107 1.730647 0.584400 0.251274 1.781134 0.546843 0.374093 2.098376 -0.660269 0.028642 2.093541 -0.704640 0.077261 2.104102 -0.695152 0.086971 2.108937 -0.650781 0.038351 
2.617802 -0.026413 0.226019 2.568810 0.014016 0.104961 2.455526 0.168828 0.206912 2.506594 0.125817 0.327686 1.958816 0.467852 0.282493 1.906813 0.507346 0.162386 1.730013 0.581892 0.257583 1.779981 0.543086 0.380225 2.101853 -0.659745 0.019927 2.096116 -0.705090 0.067539 2.106496 -0.695804 0.077633 2.112233 -0.650459 0.030021 
2.615881 -0.029259 0.231769 2.567409 0.013677 0.111367 2.453121 0.165883 0.216083 2.503677 0.120379 0.336155 1.957400 0.462474 0.293419 1.906342 0.504203 0.173663 1.728977 0.577355 0.268889 1.777982 0.536272 0.391178 2.103708 -0.659462 0.009219 2.097255 -0.705869 0.055703 2.107448 -0.696798 0.066175 2.113900 -0.650390 0.019691 
2.614121 -0.035917 0.237361 2.566246 0.009921 0.117792 2.451658 0.159747 0.225567 2.501615 0.111347 0.344755 1.955180 0.454823 0.308567 1.905268 0.499615 0.189436 1.727092 0.570536 0.284836 1.774928 0.526328 0.406497 2.109699 -0.659266 0.004581 2.102062 -0.706075 0.050479 2.111686 -0.696926 0.061411 2.119323 -0.650117 0.015514 
2.612067 -0.044714 0.244393 2.564835 0.004187 0.125785 2.450430 0.151837 0.236712 2.499736 0.100375 0.354885 1.951903 0.446482 0.325812 1.903394 0.494375 0.207308 1.724141 0.562907 0.302437 1.770545 0.515534 0.423459 2.119184 -0.659375 0.004625 2.109252 -0.707268 0.048937 2.118114 -0.698290 0.060628 2.128047 -0.650396 0.016316 
2.611215 -0.051377 0.253862 2.564636 -0.000086 0.136009 2.450312 0.145870 0.249236 2.498957 0.092020 0.366615 1.948243 0.439124 0.344871 1.900443 0.489760 0.227223 1.720324 0.555478 0.322701 1.766000 0.505295 0.442865 2.123354 -0.659457 0.004659 2.112347 -0.708133 0.047851 2.120833 -0.699322 0.059942 2.131840 -0.650647 0.016750 
2.609210 -0.054309 0.264471 2.563800 -0.001560 0.146804 2.448247 0.142908 0.260691 2.495729 0.087607 0.377872 1.945344 0.432138 0.361608 1.898268 0.485548 0.244899 1.717414 0.548704 0.340714 1.762348 0.495683 0.459935 2.124295 -0.659451 0.004688 2.113146 -0.708499 0.047419 2.121457 -0.699726 0.059658 2.132606 -0.650677 0.016927 
2.606542 -0.055977 0.273979 2.562233 -0.002166 0.156374 2.445344 0.141052 0.270476 2.491734 0.084696 0.387592 1.942148 0.427965 0.370947 1.896068 0.482855 0.254527 1.714399 0.544802 0.349590 1.758317 0.490268 0.468507 2.124293 -0.659484 0.004715 2.113003 -0.708860 0.047031 2.121206 -0.700147 0.059385 2.132497 -0.650772 0.017070 
2.603928 -0.057205 0.282048 2.560680 -0.002656 0.164388 2.442591 0.139707 0.278325 2.487927 0.082618 0.395498 1.937871 0.426189 0.374395 1.892724 0.481445 0.257783 1.710134 0.542755 0.351482 1.753096 0.487843 0.470575 2.124261 -0.659498 0.004741 2.112916 -0.709042 0.046844 2.121014 -0.700335 0.059272 2.132359 -0.650791 0.017169 
2.601327 -0.057191 0.287855 2.558942 -0.002377 0.170004 2.439779 0.139532 0.283387 2.484258 0.082183 0.400761 1.933300 0.425898 0.374433 1.889008 0.480995 0.257419 1.705510 0.541956 0.349560 1.747596 0.487200 0.469036 2.123810 -0.659503 0.004764 2.112451 -0.709110 0.046789 2.120500 -0.700400 0.059247 2.131859 -0.650793 0.017222 
2.598783 -0.056062 0.291911 2.557228 -0.001489 0.173654 2.437068 0.140483 0.285900 2.480723 0.083376 0.403701 1.929422 0.426665 0.372180 1.885971 0.481412 0.254687 1.701683 0.542364 0.345246 1.742909 0.487961 0.465182 2.122291 -0.659482 0.004786 2.111172 -0.708933 0.047058 2.119238 -0.700151 0.059454 2.130356 -0.650700 0.017181 
2.596442 -0.054119 0.294501 2.555721 -0.000210 0.175651 2.434654 0.142283 0.286249 2.477481 0.085839 0.404672 1.926302 0.428631 0.367284 1.883676 0.482719 0.249186 1.698706 0.544058 0.338076 1.739089 0.490325 0.458600 2.119483 -0.659447 0.004806 2.108834 -0.708597 0.047547 2.117018 -0.699719 0.059796 2.127668 -0.650568 0.017054 
2.594383 -0.051346 0.295457 2.554441 0.001499 0.175867 2.432603 0.144926 0.284393 2.474654 0.089543 0.403592 1.923669 0.431828 0.359508 1.881816 0.484858 0.240656 1.696245 0.546927 0.327769 1.735838 0.494273 0.449029 2.115693 -0.659404 0.004824 2.105657 -0.708169 0.048151 2.114048 -0.699199 0.060191 2.124083 -0.650434 0.016864 
2.592493 -0.047503 0.294727 2.553252 0.003850 0.174258 2.430722 0.148556 0.280278 2.472075 0.094660 0.400400 1.921259 0.436167 0.348807 1.880103 0.487714 0.229062 1.693994 0.550780 0.314291 1.732875 0.499637 0.436425 2.111180 -0.659357 0.004841 2.101860 -0.707666 0.048834 2.110521 -0.698609 0.060615 2.119841 -0.650300 0.016622 
2.591567 -0.043159 0.292496 2.552345 0.006866 0.171463 2.429554 0.152526 0.275862 2.470891 0.099959 0.396576 1.919169 0.442082 0.336881 1.878358 0.491407 0.216087 1.691852 0.555693 0.299517 1.730380 0.506812 0.422685 2.106184 -0.659340 0.004856 2.097691 -0.707141 0.049566 2.106672 -0.698003 0.061041 2.115165 -0.650203 0.016332 
2.592197 -0.040622 0.290551 2.552651 0.008912 0.169422 2.430070 0.154938 0.273556 2.471732 0.102861 0.394371 1.919322 0.446432 0.329476 1.878317 0.494161 0.208107 1.691891 0.559426 0.290953 1.730615 0.512171 0.414692 2.103582 -0.659327 0.004870 2.095385 -0.706943 0.049831 2.104604 -0.697844 0.061148 2.112802 -0.650229 0.016186 
2.592974 -0.040122 0.288715 2.553150 0.009191 0.167586 2.430842 0.155435 0.271736 2.472781 0.103578 0.392550 1.921615 0.447345 0.327668 1.880352 0.494803 0.206280 1.694327 0.560744 0.289492 1.733317 0.513772 0.413255 2.102782 -0.659330 0.004881 2.094674 -0.706947 0.049858 2.103988 -0.697888 0.061128 2.112096 -0.650271 0.016151 
2.593580 -0.041235 0.287614 2.553598 0.008225 0.166597 2.431545 0.154441 0.271085 2.473640 0.102436 0.391781 1.924006 0.446066 0.329632 1.882548 0.494065 0.208524 1.696928 0.560221 0.292467 1.736121 0.512706 0.415959 2.102876 -0.659236 0.004890 2.094815 -0.706844 0.049885 2.104125 -0.697773 0.061150 2.112186 -0.650166 0.016155 
2.593732 -0.043447 0.287771 2.553789 0.006485 0.166936 2.431893 0.152450 0.271956 2.473947 0.099972 0.392462 1.925371 0.443661 0.333589 1.883921 0.492592 0.212852 1.698496 0.558526 0.297396 1.737684 0.510067 0.420522 2.104099 -0.659267 0.004898 2.095704 -0.707152 0.049536 2.104929 -0.698152 0.060926 2.113323 -0.650266 0.016289 
2.593418 -0.046107 0.289442 2.553641 0.004516 0.168840 2.431879 0.150109 0.274530 2.473762 0.096938 0.394791 1.925405 0.441175 0.338700 1.884132 0.491073 0.218299 1.698667 0.556508 0.303143 1.737676 0.507065 0.425934 2.105763 -0.659276 0.004906 2.096989 -0.707414 0.049198 2.106079 -0.698459 0.060731 2.114853 -0.650321 0.016439 
2.592533 -0.046580 0.291409 2.553049 0.004226 0.170787 2.431045 0.149671 0.276403 2.472636 0.096317 0.396685 1.924655 0.439322 0.343377 1.883557 0.490150 0.223305 1.697974 0.554942 0.308385 1.736805 0.504551 0.430848 2.106029 -0.659263 0.004913 2.097192 -0.707444 0.049146 2.106240 -0.698486 0.060710 2.115077 -0.650306 0.016477 
2.591427 -0.045727 0.292930 2.552195 0.004998 0.172192 2.429737 0.150320 0.277450 2.471080 0.097050 0.397854 1.923037 0.438854 0.344423 1.882135 0.489896 0.224375 1.696310 0.554316 0.309209 1.734940 0.503705 0.431644 2.106021 -0.659257 0.004920 2.097215 -0.707397 0.049203 2.106244 -0.698414 0.060764 2.115050 -0.650274 0.016480 
2.590333 -0.044376 0.293885 2.551322 0.006094 0.172969 2.428411 0.151422 0.277689 2.469538 0.098410 0.398281 1.920934 0.439531 0.342536 1.880243 0.490212 0.222264 1.694099 0.554520 0.306482 1.732511 0.504271 0.429134 2.105924 -0.659250 0.004927 2.097178 -0.707337 0.049280 2.106195 -0.698326 0.060827 2.114941 -0.650239 0.016474 
2.589773 -0.043243 0.294672 2.550849 0.007185 0.173710 2.427631 0.152356 0.278286 2.468674 0.099388 0.398926 1.919261 0.440637 0.340588 1.878711 0.490837 0.220067 1.692293 0.555101 0.303710 1.730558 0.505336 0.426605 2.105855 -0.659212 0.004932 2.097128 -0.707182 0.049415 2.106144 -0.698138 0.060937 2.114871 -0.650168 0.016454 
2.589629 -0.043017 0.295168 2.550774 0.007423 0.174189 2.427415 0.152516 0.278708 2.468390 0.099537 0.399366 1.919027 0.440610 0.340640 1.878503 0.490810 0.220110 1.692044 0.555025 0.303700 1.730283 0.505260 0.426604 2.105855 -0.659211 0.004937 2.097129 -0.707180 0.049421 2.106143 -0.698135 0.060943 2.114869 -0.650166 0.016459 
2.589624 -0.043026 0.295184 2.550771 0.007418 0.174206 2.427410 0.152508 0.278727 2.468383 0.099525 0.399384 1.919021 0.440599 0.340659 1.878499 0.490803 0.220129 1.692039 0.555016 0.303718 1.730275 0.505247 0.426621 2.105855 -0.659211 0.004941 2.097130 -0.707176 0.049430 2.106144 -0.698129 0.060952 2.114868 -0.650164 0.016463 
2.589620 -0.043035 0.295198 2.550769 0.007412 0.174221 2.427406 0.152499 0.278744 2.468377 0.099513 0.399400 1.919018 0.440591 0.340673 1.878498 0.490798 0.220144 1.692037 0.555009 0.303732 1.730271 0.505237 0.426634 2.105855 -0.659211 0.004945 2.097130 -0.707174 0.049435 2.106144 -0.698127 0.060956 2.114868 -0.650163 0.016466 
2.589617 -0.043045 0.295210 2.550769 0.007405 0.174233 2.427405 0.152491 0.278757 2.468374 0.099502 0.399412 1.919020 0.440585 0.340683 1.878501 0.490794 0.220155 1.692040 0.555005 0.303743 1.730273 0.505231 0.426644 2.105855 -0.659211 0.004948 2.097129 -0.707175 0.049437 2.106143 -0.698128 0.060958 2.114868 -0.650164 0.016469 
2.589615 -0.043053 0.295220 2.550768 0.007399 0.174244 2.427405 0.152484 0.278768 2.468371 0.099493 0.399424 1.919022 0.440580 0.340691 1.878503 0.490791 0.220164 1.692042 0.555002 0.303752 1.730275 0.505226 0.426653 2.105855 -0.659211 0.004950 2.097128 -0.707176 0.049438 2.106142 -0.698130 0.060960 2.114868 -0.650164 0.016472 
2.589613 -0.043061 0.295230 2.550768 0.007393 0.174253 2.427404 0.152477 0.278778 2.468369 0.099484 0.399433 1.919023 0.440576 0.340699 1.878505 0.490788 0.220171 1.692044 0.554999 0.303760 1.730276 0.505221 0.426660 2.105855 -0.659211 0.004953 2.097128 -0.707177 0.049439 2.106141 -0.698131 0.060961 2.114868 -0.650165 0.016475 
2.589611 -0.043067 0.295238 2.550768 0.007388 0.174261 2.427403 0.152472 0.278787 2.468367 0.099477 0.399442 1.919024 0.440572 0.340705 1.878507 0.490786 0.220178 1.692046 0.554996 0.303767 1.730278 0.505217 0.426667 2.105855 -0.659211 0.004955 2.097127 -0.707178 0.049440 2.106141 -0.698132 0.060963 2.114869 -0.650165 0.016477 
2.589610 -0.043073 0.295245 2.550768 0.007384 0.174269 2.427402 0.152467 0.278795 2.468365 0.099471 0.399450 1.919025 0.440568 0.340711 1.878508 0.490784 0.220184 1.692047 0.554994 0.303773 1.730278 0.505213 0.426672 2.105855 -0.659211 0.004957 2.097127 -0.707179 0.049441 2.106140 -0.698133 0.060964 2.114869 -0.650165 0.016479 
2.589608 -0.043077 0.295251 2.550767 0.007381 0.174275 2.427402 0.152463 0.278802 2.468363 0.099466 0.399456 1.919026 0.440566 0.340715 1.878509 0.490782 0.220189 1.692048 0.554992 0.303778 1.730279 0.505210 0.426677 2.105855 -0.659211 0.004958 2.097126 -0.707180 0.049442 2.106140 -0.698134 0.060965 2.114869 -0.650166 0.016481 
2.589607 -0.043081 0.295257 2.550767 0.007378 0.174281 2.427401 0.152460 0.278808 2.468361 0.099461 0.399462 1.919026 0.440563 0.340720 1.878510 0.490781 0.220194 1.692049 0.554990 0.303782 1.730279 0.505207 0.426681 2.105855 -0.659211 0.004960 2.097126 -0.707180 0.049443 2.106139 -0.698135 0.060966 2.114869 -0.650166 0.016483 
2.589606 -0.043085 0.295262 2.550766 0.007376 0.174286 2.427400 0.152457 0.278813 2.468359 0.099457 0.399467 1.919026 0.440561 0.340723 1.878511 0.490779 0.220197 1.692049 0.554989 0.303785 1.730279 0.505205 0.426684 2.105856 -0.659211 0.004961 2.097125 -0.707181 0.049444 2.106139 -0.698135 0.060967 2.114869 -0.650166 0.016484 
2.589604 -0.043087 0.295266 2.550766 0.007374 0.174291 2.427399 0.152455 0.278818 2.468357 0.099454 0.399472 1.919025 0.440559 0.340726 1.878510 0.490778 0.220201 1.692048 0.554987 0.303788 1.730277 0.505202 0.426687 2.105857 -0.659211 0.004962 2.097126 -0.707181 0.049444 2.106140 -0.698136 0.060968 2.114870 -0.650166 0.016485 
2.589603 -0.043089 0.295270 2.550765 0.007373 0.174294 2.427397 0.152453 0.278822 2.468355 0.099452 0.399476 1.919023 0.440557 0.340730 1.878509 0.490777 0.220204 1.692047 0.554985 0.303791 1.730275 0.505200 0.426690 2.105859 -0.659211 0.004963 2.097128 -0.707181 0.049445 2.106141 -0.698136 0.060968 2.114872 -0.650166 0.016487 
2.589601 -0.043090 0.295274 2.550764 0.007372 0.174298 2.427396 0.152452 0.278826 2.468354 0.099450 0.399480 1.919022 0.440555 0.340732 1.878508 0.490776 0.220207 1.692045 0.554984 0.303793 1.730273 0.505198 0.426692 2.105861 -0.659211 0.004964 2.097129 -0.707182 0.049445 2.106142 -0.698137 0.060969 2.114874 -0.650166 0.016488 
2.589600 -0.043091 0.295277 2.550763 0.007372 0.174301 2.427395 0.152450 0.278829 2.468352 0.099449 0.399483 1.919020 0.440554 0.340735 1.878507 0.490775 0.220210 1.692044 0.554982 0.303795 1.730271 0.505196 0.426694 2.105863 -0.659211 0.004965 2.097130 -0.707182 0.049445 2.106143 -0.698137 0.060969 2.114876 -0.650166 0.016489 
2.589599 -0.043092 0.295280 2.550763 0.007371 0.174305 2.427394 0.152449 0.278832 2.468350 0.099447 0.399486 1.919019 0.440552 0.340737 1.878506 0.490774 0.220212 1.692043 0.554981 0.303797 1.730269 0.505194 0.426696 2.105864 -0.659211 0.004965 2.097131 -0.707182 0.049446 2.106144 -0.698138 0.060970 2.114877 -0.650166 0.016490 
2.589598 -0.043093 0.295283 2.550762 0.007370 0.174307 2.427393 0.152449 0.278835 2.468349 0.099446 0.399489 1.919017 0.440551 0.340739 1.878505 0.490773 0.220214 1.692042 0.554980 0.303799 1.730268 0.505193 0.426697 2.105865 -0.659211 0.004966 2.097132 -0.707182 0.049446 2.106144 -0.698138 0.060970 2.114878 -0.650166 0.016490 
2.589597 -0.043094 0.295285 2.550761 0.007370 0.174310 2.427392 0.152448 0.278838 2.468347 0.099445 0.399492 1.919016 0.440550 0.340741 1.878505 0.490772 0.220216 1.692041 0.554979 0.303800 1.730266 0.505191 0.426698 2.105867 -0.659211 0.004967 2.097132 -0.707183 0.049446 2.106145 -0.698138 0.060970 2.114879 -0.650166 0.016491 
2.589596 -0.043095 0.295288 2.550761 0.007369 0.174312 2.427391 0.152447 0.278840 2.468346 0.099444 0.399494 1.919015 0.440549 0.340743 1.878504 0.490772 0.220217 1.692040 0.554978 0.303801 1.730265 0.505190 0.426700 2.105867 -0.659211 0.004967 2.097133 -0.707183 0.049446 2.106146 -0.698138 0.060971 2.114880 -0.650166 0.016492 
2.589595 -0.043096 0.295290 2.550760 0.007369 0.174315 2.427390 0.152446 0.278842 2.468345 0.099443 0.399496 1.919014 0.440548 0.340744 1.878503 0.490771 0.220219 1.692039 0.554977 0.303802 1.730264 0.505189 0.426701 2.105868 -0.659211 0.004968 2.097133 -0.707183 0.049447 2.106146 -0.698139 0.060971 2.114881 -0.650166 0.016492 
2.589594 -0.043096 0.295292 2.550760 0.007369 0.174317 2.427389 0.152446 0.278844 2.468344 0.099442 0.399498 1.919013 0.440548 0.340745 1.878503 0.490771 0.220220 1.692038 0.554977 0.303803 1.730263 0.505188 0.426702 2.105869 -0.659211 0.004968 2.097134 -0.707183 0.049447 2.106146 -0.698139 0.060971 2.114881 -0.650166 0.016493 
2.589593 -0.043097 0.295294 2.550759 0.007369 0.174319 2.427388 0.152446 0.278846 2.468342 0.099441 0.399500 1.919012 0.440547 0.340746 1.878502 0.490770 0.220221 1.692037 0.554976 0.303804 1.730261 0.505187 0.426702 2.105869 -0.659211 0.004968 2.097134 -0.707183 0.049447 2.106146 -0.698139 0.060971 2.114882 -0.650166 0.016493 
2.589593 -0.043097 0.295296 2.550759 0.007368 0.174321 2.427388 0.152445 0.278848 2.468341 0.099441 0.399502 1.919012 0.440546 0.340747 1.878501 0.490770 0.220222 1.692036 0.554976 0.303805 1.730260 0.505187 0.426703 2.105869 -0.659210 0.004969 2.097134 -0.707183 0.049447 2.106146 -0.698139 0.060972 2.114882 -0.650166 0.016493 
2.589592 -0.043097 0.295298 2.550758 0.007368 0.174322 2.427387 0.152445 0.278850 2.468340 0.099440 0.399503 1.919011 0.440546 0.340748 1.878501 0.490770 0.220223 1.692035 0.554975 0.303805 1.730259 0.505186 0.426703 2.105870 -0.659210 0.004969 2.097134 -0.707183 0.049447 2.106147 -0.698139 0.060972 2.114882 -0.650166 0.016494 
2.589591 -0.043098 0.295299 2.550758 0.007368 0.174324 2.427386 0.152445 0.278851 2.468340 0.099440 0.399505 1.919010 0.440545 0.340749 1.878500 0.490769 0.220224 1.692035 0.554975 0.303806 1.730258 0.505185 0.426704 2.105870 -0.659210 0.004969 2.097134 -0.707183 0.049447 2.106147 -0.698139 0.060972 2.114882 -0.650166 0.016494 
2.589590 -0.043098 0.295301 2.550758 0.007368 0.174326 2.427386 0.152444 0.278853 2.468339 0.099440 0.399507 1.919009 0.440545 0.340750 1.878500 0.490769 0.220225 1.692034 0.554974 0.303806 1.730257 0.505184 0.426705 2.105870 -0.659210 0.004969 2.097134 -0.707183 0.049447 2.106147 -0.698139 0.060972 2.114882 -0.650166 0.016494 
2.589590 -0.043098 0.295303 2.550757 0.007368 0.174327 2.427385 0.152444 0.278854 2.468338 0.099439 0.399508 1.919008 0.440544 0.340751 1.878499 0.490768 0.220226 1.692033 0.554974 0.303807 1.730256 0.505184 0.426705 2.105870 -0.659210 0.004970 2.097134 -0.707183 0.049448 2.106147 -0.698139 0.060972 2.114883 -0.650166 0.016494 
2.589589 -0.043099 0.295304 2.550757 0.007367 0.174329 2.427384 0.152444 0.278856 2.468337 0.099439 0.399510 1.919008 0.440544 0.340752 1.878499 0.490768 0.220227 1.692033 0.554973 0.303808 1.730256 0.505183 0.426706 2.105870 -0.659210 0.004970 2.097134 -0.707183 0.049448 2.106147 -0.698139 0.060972 2.114883 -0.650166 0.016495 
2.589588 -0.043099 0.295306 2.550756 0.007367 0.174331 2.427384 0.152443 0.278857 2.468336 0.099438 0.399511 1.919007 0.440543 0.340753 1.878498 0.490768 0.220228 1.692032 0.554972 0.303808 1.730255 0.505182 0.426707 2.105870 -0.659210 0.004970 2.097134 -0.707183 0.049448 2.106147 -0.698139 0.060973 2.114883 -0.650166 0.016495 
2.589588 -0.043099 0.295308 2.550756 0.007367 0.174332 2.427383 0.152443 0.278858 2.468335 0.099438 0.399513 1.919006 0.440543 0.340754 1.878498 0.490767 0.220228 1.692031 0.554972 0.303809 1.730254 0.505182 0.426707 2.105871 -0.659210 0.004970 2.097135 -0.707183 0.049448 2.106147 -0.698139 0.060973 2.114883 -0.650166 0.016495 
2.589584 -0.043095 0.295312 2.550752 0.007371 0.174336 2.427376 0.152445 0.278862 2.468328 0.099440 0.399516 1.919006 0.440542 0.340754 1.878497 0.490767 0.220229 1.692031 0.554972 0.303809 1.730253 0.505181 0.426708 2.105871 -0.659210 0.004970 2.097135 -0.707183 0.049448 2.106147 -0.698139 0.060973 2.114883 -0.650166 0.016495 
2.589575 -0.043085 0.295320 2.550745 0.007380 0.174344 2.427362 0.152450 0.278867 2.468312 0.099446 0.399523 1.919005 0.440542 0.340755 1.878497 0.490767 0.220230 1.692030 0.554971 0.303810 1.730252 0.505181 0.426708 2.105871 -0.659210 0.004970 2.097135 -0.707183 0.049448 2.106147 -0.698139 0.060973 2.114883 -0.650166 0.016495 
2.589566 -0.043075 0.295329 2.550736 0.007390 0.174352 2.427347 0.152455 0.278874 2.468296 0.099451 0.399529 1.919004 0.440542 0.340756 1.878496 0.490767 0.220230 1.692029 0.554971 0.303810 1.730251 0.505180 0.426708 2.105871 -0.659210 0.004970 2.097135 -0.707183 0.049448 2.106147 -0.698139 0.060973 2.114884 -0.650166 0.016495 
2.589557 -0.043065 0.295338 2.550728 0.007399 0.174361 2.427332 0.152459 0.278880 2.468280 0.099457 0.399537 1.919003 0.440541 0.340757 1.878495 0.490766 0.220231 1.692028 0.554970 0.303811 1.730250 0.505179 0.426709 2.105871 -0.659210 0.004970 2.097135 -0.707183 0.049448 2.106147 -0.698139 0.060973 2.114884 -0.650166 0.016495 
2.589545 -0.043058 0.295354 2.550719 0.007406 0.174376 2.427315 0.152463 0.278893 2.468262 0.099460 0.399550 1.918998 0.440539 0.340760 1.878492 0.490765 0.220234 1.692024 0.554969 0.303812 1.730244 0.505177 0.426710 2.105872 -0.659210 0.004970 2.097135 -0.707183 0.049448 2.106147 -0.698139 0.060973 2.114884 -0.650166 0.016496 
2.589528 -0.043052 0.295384 2.550707 0.007413 0.174404 2.427293 0.152464 0.278918 2.468235 0.099461 0.399576 1.918987 0.440535 0.340768 1.878485 0.490762 0.220242 1.692014 0.554965 0.303814 1.730230 0.505171 0.426713 2.105872 -0.659210 0.004971 2.097133 -0.707184 0.049447 2.106145 -0.698140 0.060972 2.114883 -0.650166 0.016496 
2.589505 -0.043046 0.295426 2.550690 0.007420 0.174445 2.427265 0.152464 0.278954 2.468201 0.099459 0.399614 1.918970 0.440528 0.340781 1.878474 0.490758 0.220253 1.691999 0.554959 0.303818 1.730209 0.505163 0.426718 2.105872 -0.659210 0.004971 2.097131 -0.707185 0.049446 2.106142 -0.698141 0.060972 2.114883 -0.650166 0.016497 
2.589479 -0.043042 0.295477 2.550672 0.007426 0.174494 2.427234 0.152464 0.278997 2.468162 0.099457 0.399658 1.918950 0.440521 0.340796 1.878460 0.490753 0.220267 1.691980 0.554951 0.303823 1.730183 0.505153 0.426724 2.105871 -0.659210 0.004971 2.097129 -0.707186 0.049445 2.106139 -0.698142 0.060971 2.114882 -0.650167 0.016498 
2.589452 -0.043038 0.295530 2.550653 0.007432 0.174546 2.427201 0.152462 0.279043 2.468121 0.099454 0.399706 1.918927 0.440512 0.340812 1.878445 0.490747 0.220282 1.691960 0.554943 0.303828 1.730155 0.505142 0.426730 2.105871 -0.659210 0.004971 2.097126 -0.707187 0.049443 2.106136 -0.698144 0.060971 2.114881 -0.650167 0.016499 
2.589424 -0.043035 0.295585 2.550634 0.007438 0.174599 2.427168 0.152461 0.279090 2.468080 0.099450 0.399755 1.918904 0.440503 0.340829 1.878430 0.490742 0.220298 1.691938 0.554935 0.303833 1.730126 0.505131 0.426736 2.105871 -0.659210 0.004972 2.097123 -0.707188 0.049441 2.106132 -0.698146 0.060970 2.114880 -0.650167 0.016500 
2.589393 -0.043032 0.295648 2.550613 0.007443 0.174660 2.427133 0.152459 0.279143 2.468034 0.099445 0.399811 1.918873 0.440493 0.340850 1.878409 0.490735 0.220317 1.691911 0.554925 0.303838 1.730088 0.505117 0.426743 2.105871 -0.659210 0.004972 2.097119 -0.707190 0.049439 2.106128 -0.698148 0.060969 2.114879 -0.650168 0.016501 
2.589349 -0.043024 0.295738 2.550582 0.007455 0.174747 2.427080 0.152459 0.279220 2.467968 0.099443 0.399891 1.918830 0.440476 0.340880 1.878378 0.490724 0.220345 1.691870 0.554908 0.303850 1.730035 0.505094 0.426756 2.105873 -0.659203 0.004972 2.097118 -0.707186 0.049436 2.106125 -0.698144 0.060966 2.114880 -0.650161 0.016503 
2.589297 -0.043022 0.295845 2.550547 0.007461 0.174851 2.427023 0.152456 0.279313 2.467895 0.099434 0.399987 1.918770 0.440457 0.340917 1.878337 0.490711 0.220379 1.691815 0.554888 0.303858 1.729961 0.505068 0.426767 2.105873 -0.659203 0.004972 2.097112 -0.707188 0.049432 2.106118 -0.698148 0.060964 2.114879 -0.650162 0.016504 
2.589241 -0.043021 0.295961 2.550509 0.007468 0.174963 2.426962 0.152451 0.279412 2.467816 0.099425 0.400090 1.918704 0.440436 0.340958 1.878290 0.490697 0.220416 1.691753 0.554866 0.303866 1.729879 0.505039 0.426779 2.105872 -0.659203 0.004972 2.097106 -0.707192 0.049428 2.106110 -0.698152 0.060962 2.114877 -0.650163 0.016506 
2.589182 -0.043017 0.296081 2.550469 0.007477 0.175080 2.426897 0.152448 0.279516 2.467732 0.099416 0.400198 1.918634 0.440415 0.341000 1.878241 0.490683 0.220454 1.691688 0.554844 0.303875 1.729792 0.505009 0.426792 2.105872 -0.659204 0.004972 2.097099 -0.707195 0.049423 2.106102 -0.698156 0.060959 2.114875 -0.650165 0.016508 
2.589122 -0.043013 0.296204 2.550428 0.007486 0.175199 2.426830 0.152445 0.279622 2.467646 0.099408 0.400308 1.918562 0.440393 0.341043 1.878191 0.490668 0.220492 1.691621 0.554821 0.303883 1.729703 0.504978 0.426804 2.105871 -0.659204 0.004972 2.097092 -0.707198 0.049419 2.106094 -0.698160 0.060956 2.114873 -0.650166 0.016510 
2.589062 -0.043010 0.296332 2.550388 0.007495 0.175322 2.426764 0.152442 0.279732 2.467560 0.099399 0.400422 1.918489 0.440371 0.341086 1.878140 0.490654 0.220531 1.691554 0.554798 0.303891 1.729614 0.504948 0.426816 2.105871 -0.659204 0.004972 2.097086 -0.707201 0.049414 2.106086 -0.698164 0.060953 2.114871 -0.650167 0.016511 
2.589001 -0.043006 0.296467 2.550348 0.007505 0.175453 2.426697 0.152439 0.279847 2.467472 0.099390 0.400542 1.918418 0.440349 0.341128 1.878089 0.490639 0.220569 1.691487 0.554775 0.303900 1.729526 0.504917 0.426828 2.105870 -0.659204 0.004972 2.097079 -0.707204 0.049410 2.106079 -0.698168 0.060951 2.114870 -0.650168 0.016513 
2.588939 -0.043002 0.296604 2.550308 0.007515 0.175585 2.426629 0.152436 0.279964 2.467383 0.099382 0.400664 1.918345 0.440327 0.341170 1.878038 0.490625 0.220607 1.691420 0.554751 0.303908 1.729436 0.504887 0.426840 2.105870 -0.659205 0.004972 2.097073 -0.707207 0.049405 2.106071 -0.698172 0.060948 2.114868 -0.650169 0.016514 
2.588878 -0.042997 0.296739 2.550268 0.007526 0.175716 2.426561 0.152434 0.280080 2.467294 0.099374 0.400785 1.918272 0.440306 0.341213 1.877987 0.490610 0.220646 1.691351 0.554728 0.303915 1.729346 0.504856 0.426851 2.105870 -0.659205 0.004971 2.097067 -0.707211 0.049401 2.106063 -0.698176 0.060945 2.114866 -0.650170 0.016516 
2.588816 -0.042992 0.296873 2.550227 0.007537 0.175845 2.426493 0.152432 0.280194 2.467204 0.099367 0.400903 1.918195 0.440283 0.341257 1.877932 0.490595 0.220686 1.691279 0.554703 0.303924 1.729252 0.504824 0.426864 2.105870 -0.659205 0.004971 2.097061 -0.707214 0.049396 2.106057 -0.698180 0.060942 2.114865 -0.650171 0.016517 
2.588751 -0.042985 0.297008 2.550184 0.007550 0.175976 2.426421 0.152432 0.280311 2.467112 0.099361 0.401024 1.918111 0.440259 0.341305 1.877872 0.490578 0.220729 1.691200 0.554676 0.303933 1.729148 0.504789 0.426877 2.105872 -0.659205 0.004971 2.097057 -0.707217 0.049392 2.106051 -0.698184 0.060940 2.114866 -0.650172 0.016519 
2.588682 -0.042976 0.297151 2.550137 0.007565 0.176115 2.426344 0.152433 0.280433 2.467013 0.099355 0.401152 1.918020 0.440232 0.341356 1.877806 0.490560 0.220775 1.691114 0.554647 0.303943 1.729036 0.504750 0.426892 2.105875 -0.659206 0.004971 2.097054 -0.707220 0.049387 2.106046 -0.698188 0.060937 2.114867 -0.650173 0.016521 
2.588610 -0.042967 0.297303 2.550088 0.007580 0.176262 2.426264 0.152433 0.280564 2.466909 0.099350 0.401287 1.917926 0.440205 0.341409 1.877738 0.490542 0.220823 1.691025 0.554616 0.303954 1.728921 0.504711 0.426907 2.105878 -0.659206 0.004971 2.097051 -0.707223 0.049382 2.106041 -0.698192 0.060934 2.114869 -0.650174 0.016523 
2.588537 -0.042957 0.297458 2.550040 0.007597 0.176413 2.426182 0.152434 0.280697 2.466804 0.099344 0.401426 1.917831 0.440178 0.341462 1.877669 0.490524 0.220872 1.690936 0.554586 0.303964 1.728804 0.504671 0.426922 2.105882 -0.659206 0.004971 2.097048 -0.707227 0.049378 2.106036 -0.698196 0.060931 2.114870 -0.650175 0.016524 
2.588465 -0.042948 0.297612 2.549991 0.007613 0.176561 2.426102 0.152435 0.280829 2.466700 0.099338 0.401562 1.917736 0.440151 0.341516 1.877601 0.490505 0.220920 1.690847 0.554555 0.303975 1.728688 0.504631 0.426937 2.105885 -0.659206 0.004970 2.097044 -0.707230 0.049373 2.106031 -0.698200 0.060928 2.114872 -0.650176 0.016526 
2.588395 -0.042938 0.297759 2.549944 0.007628 0.176704 2.426024 0.152435 0.280956 2.466599 0.099333 0.401694 1.917645 0.440124 0.341567 1.877535 0.490487 0.220966 1.690760 0.554525 0.303985 1.728576 0.504593 0.426952 2.105888 -0.659207 0.004970 2.097041 -0.707233 0.049368 2.106027 -0.698204 0.060926 2.114873 -0.650177 0.016528 
2.588328 -0.042929 0.297900 2.549898 0.007643 0.176841 2.425948 0.152436 0.281076 2.466502 0.099328 0.401820 1.917557 0.440099 0.341616 1.877471 0.490470 0.221011 1.690677 0.554497 0.303995 1.728468 0.504556 0.426966 2.105891 -0.659207 0.004970 2.097039 -0.707236 0.049364 2.106022 -0.698208 0.060923 2.114875 -0.650178 0.016529 
2.588248 -0.042919 0.298062 2.549843 0.007661 0.176998 2.425863 0.152439 0.281217 2.466392 0.099324 0.401966 1.917455 0.440065 0.341682 1.877395 0.490447 0.221073 1.690579 0.554458 0.304020 1.728344 0.504506 0.426994 2.105902 -0.659185 0.004970 2.097044 -0.707221 0.049355 2.106025 -0.698194 0.060917 2.114883 -0.650157 0.016532 
2.588169 -0.042911 0.298232 2.549790 0.007677 0.177162 2.425777 0.152441 0.281363 2.466280 0.099318 0.402117 1.917353 0.440036 0.341739 1.877321 0.490427 0.221124 1.690483 0.554425 0.304031 1.728219 0.504463 0.427010 2.105906 -0.659185 0.004970 2.097041 -0.707225 0.049350 2.106020 -0.698198 0.060914 2.114885 -0.650158 0.016534 
2.588077 -0.042904 0.298428 2.549729 0.007693 0.177353 2.425682 0.152442 0.281535 2.466155 0.099310 0.402294 1.917236 0.439995 0.341817 1.877234 0.490399 0.221197 1.690371 0.554378 0.304063 1.728076 0.504403 0.427046 2.105917 -0.659154 0.004970 2.097047 -0.707203 0.049339 2.106024 -0.698178 0.060907 2.114894 -0.650129 0.016538 
2.587982 -0.042895 0.298630 2.549664 0.007711 0.177548 2.425579 0.152443 0.281709 2.466021 0.099301 0.402474 1.917110 0.439958 0.341887 1.877142 0.490375 0.221261 1.690252 0.554337 0.304077 1.727922 0.504350 0.427066 2.105917 -0.659155 0.004970 2.097041 -0.707207 0.049334 2.106015 -0.698183 0.060904 2.114891 -0.650131 0.016540 
2.587889 -0.042888 0.298810 2.549599 0.007727 0.177724 2.425482 0.152444 0.281867 2.465898 0.099293 0.402638 1.916979 0.439920 0.341962 1.877045 0.490349 0.221330 1.690127 0.554292 0.304098 1.727763 0.504292 0.427092 2.105923 -0.659136 0.004970 2.097040 -0.707196 0.049325 2.106012 -0.698174 0.060898 2.114895 -0.650114 0.016543 
2.587795 -0.042879 0.298999 2.549533 0.007744 0.177907 2.425381 0.152445 0.282031 2.465768 0.099286 0.402808 1.916851 0.439883 0.342033 1.876952 0.490324 0.221395 1.690006 0.554250 0.304112 1.727606 0.504238 0.427113 2.105922 -0.659137 0.004970 2.097034 -0.707200 0.049320 2.106004 -0.698178 0.060895 2.114893 -0.650115 0.016545 
2.587697 -0.042873 0.299204 2.549467 0.007761 0.178107 2.425278 0.152445 0.282211 2.465634 0.099276 0.402993 1.916720 0.439841 0.342114 1.876855 0.490295 0.221470 1.689881 0.554202 0.304139 1.727446 0.504176 0.427144 2.105929 -0.659116 0.004970 2.097035 -0.707187 0.049310 2.106002 -0.698167 0.060888 2.114897 -0.650096 0.016548 
2.587611 -0.042862 0.299384 2.549408 0.007779 0.178281 2.425185 0.152447 0.282364 2.465513 0.099271 0.403153 1.916610 0.439810 0.342172 1.876775 0.490273 0.221522 1.689776 0.554166 0.304147 1.727311 0.504130 0.427158 2.105940 -0.659093 0.004973 2.097040 -0.707173 0.049302 2.106005 -0.698154 0.060884 2.114904 -0.650074 0.016554 
2.587509 -0.042853 0.299583 2.549337 0.007799 0.178475 2.425078 0.152450 0.282539 2.465376 0.099264 0.403333 1.916474 0.439768 0.342256 1.876664 0.490245 0.221603 1.689640 0.554110 0.304191 1.727148 0.504061 0.427204 2.105946 -0.659068 0.004971 2.097039 -0.707157 0.049290 2.106002 -0.698140 0.060875 2.114909 -0.650052 0.016556 
2.587406 -0.042844 0.299786 2.549264 0.007817 0.178673 2.424967 0.152451 0.282717 2.465236 0.099255 0.403517 1.916325 0.439725 0.342340 1.876555 0.490215 0.221679 1.689499 0.554061 0.304210 1.726966 0.503997 0.427229 2.105946 -0.659069 0.004971 2.097032 -0.707161 0.049284 2.105992 -0.698145 0.060871 2.114907 -0.650053 0.016558 
2.587319 -0.042831 0.299963 2.549205 0.007837 0.178844 2.424874 0.152456 0.282867 2.465114 0.099254 0.403673 1.916225 0.439700 0.342389 1.876469 0.490198 0.221727 1.689395 0.554021 0.304235 1.726849 0.503949 0.427256 2.105957 -0.659041 0.004971 2.097037 -0.707143 0.049272 2.105995 -0.698129 0.060863 2.114915 -0.650027 0.016562 
2.587206 -0.042818 0.300188 2.549127 0.007860 0.179062 2.424755 0.152461 0.283062 2.464961 0.099248 0.403875 1.916078 0.439651 0.342481 1.876350 0.490164 0.221817 1.689249 0.553958 0.304286 1.726674 0.503870 0.427309 2.105988 -0.658960 0.004971 2.097060 -0.707086 0.049245 2.106013 -0.698077 0.060844 2.114940 -0.649951 0.016570 
2.587096 -0.042807 0.300401 2.549048 0.007881 0.179269 2.424635 0.152462 0.283249 2.464811 0.099239 0.404068 1.915913 0.439603 0.342575 1.876228 0.490131 0.221903 1.689091 0.553902 0.304309 1.726472 0.503798 0.427339 2.105987 -0.658960 0.004972 2.097051 -0.707089 0.049241 2.106002 -0.698081 0.060841 2.114938 -0.649952 0.016572 
2.587000 -0.042797 0.300588 2.548980 0.007900 0.179451 2.424533 0.152464 0.283413 2.464681 0.099233 0.404238 1.915779 0.439561 0.342656 1.876129 0.490102 0.221977 1.688963 0.553853 0.304334 1.726309 0.503736 0.427369 2.106000 -0.658929 0.004972 2.097057 -0.707068 0.049228 2.106005 -0.698062 0.060833 2.114948 -0.649923 0.016577 
2.586912 -0.042787 0.300785 2.548923 0.007920 0.179643 2.424438 0.152466 0.283584 2.464555 0.099226 0.404414 1.915664 0.439525 0.342724 1.876044 0.490079 0.222040 1.688854 0.553813 0.304354 1.726169 0.503684 0.427393 2.106000 -0.658929 0.004972 2.097050 -0.707071 0.049225 2.105997 -0.698065 0.060831 2.114946 -0.649923 0.016578 
2.586847 -0.042777 0.300912 2.548877 0.007936 0.179766 2.424367 0.152470 0.283694 2.464466 0.099223 0.404528 1.915579 0.439500 0.342773 1.875981 0.490061 0.222085 1.688773 0.553783 0.304367 1.726065 0.503646 0.427410 2.105999 -0.658929 0.004973 2.097046 -0.707072 0.049222 2.105992 -0.698067 0.060830 2.114945 -0.649924 0.016580 
2.586816 -0.042769 0.300976 2.548856 0.007947 0.179828 2.424332 0.152474 0.283748 2.464421 0.099225 0.404585 1.915550 0.439492 0.342788 1.875960 0.490056 0.222099 1.688745 0.553774 0.304369 1.726030 0.503635 0.427414 2.105999 -0.658929 0.004972 2.097044 -0.707073 0.049221 2.105990 -0.698069 0.060828 2.114945 -0.649924 0.016580 
2.586810 -0.042771 0.300983 2.548851 0.007945 0.179835 2.424330 0.152475 0.283755 2.464418 0.099225 0.404592 1.915546 0.439491 0.342790 1.875957 0.490055 0.222102 1.688742 0.553773 0.304371 1.726025 0.503633 0.427415 2.106000 -0.658929 0.004972 2.097044 -0.707073 0.049220 2.105990 -0.698069 0.060828 2.114945 -0.649924 0.016580 
2.586804 -0.042771 0.300988 2.548845 0.007945 0.179841 2.424326 0.152477 0.283761 2.464413 0.099226 0.404598 1.915542 0.439490 0.342793 1.875954 0.490054 0.222104 1.688738 0.553771 0.304372 1.726021 0.503631 0.427416 2.106000 -0.658929 0.004972 2.097044 -0.707073 0.049220 2.105989 -0.698069 0.060828 2.114945 -0.649924 0.016580 
2.586766 -0.042767 0.301065 2.548818 0.007953 0.179915 2.424287 0.152479 0.283828 2.464362 0.099225 0.404667 1.915505 0.439474 0.342822 1.875926 0.490043 0.222132 1.688703 0.553754 0.304387 1.725976 0.503608 0.427433 2.106017 -0.658888 0.004972 2.097059 -0.707045 0.049207 2.106002 -0.698043 0.060818 2.114960 -0.649886 0.016584 
