0.003463 0.001010 0.999993 0.000355 -0.001237 0.999999 0.000406 -0.001306 0.999999 0.003477 0.000991 0.999993 
0.003324 0.000969 0.999994 0.000127 -0.000444 1.000000 0.000160 -0.000515 1.000000 0.003332 0.000949 0.999994 
0.001942 0.000566 0.999998 0.000025 -0.000088 1.000000 0.000041 -0.000130 1.000000 0.001946 0.000554 0.999998 
0.002236 0.000651 0.999997 -0.000037 0.000130 1.000000 -0.000025 0.000080 1.000000 0.002239 0.000637 0.999997 
0.002022 0.000589 0.999998 -0.000039 0.000135 1.000000 -0.000028 0.000089 1.000000 0.002025 0.000576 0.999998 
0.001990 0.000580 0.999998 -0.000141 0.000491 1.000000 -0.000138 0.000444 1.000000 0.001990 0.000567 0.999998 
0.003710 0.001084 0.999993 0.000339 -0.001181 0.999999 0.000391 -0.001255 0.999999 0.003724 0.001063 0.999993 
0.003344 0.000978 0.999994 0.000292 -0.001015 0.999999 0.000338 -0.001083 0.999999 0.003356 0.000960 0.999994 
0.004103 0.001203 0.999991 0.000094 -0.000325 1.000000 0.000129 -0.000413 1.000000 0.004112 0.001179 0.999991 
0.003824 0.001123 0.999992 0.000084 -0.000291 1.000000 0.000117 -0.000374 1.000000 0.003832 0.001100 0.999992 
0.006232 0.001834 0.999979 0.000090 -0.000312 1.000000 0.000141 -0.000448 1.000000 0.006245 0.001796 0.999979 
0.012339 0.003646 0.999917 0.000117 -0.000402 1.000000 0.000212 -0.000673 1.000000 0.012363 0.003572 0.999917 
0.007687 0.002199 0.999968 0.000303 -0.001078 0.999999 0.000379 -0.001241 0.999999 0.007707 0.002154 0.999968 
0.003459 0.000972 0.999994 0.000244 -0.000884 1.000000 0.000287 -0.000955 1.000000 0.003471 0.000952 0.999994 
0.002704 0.000755 0.999996 0.000218 -0.000793 1.000000 0.000253 -0.000847 1.000000 0.002713 0.000740 0.999996 
0.006454 0.001803 0.999978 0.000209 -0.000760 1.000000 0.000268 -0.000899 1.000000 0.006470 0.001764 0.999978 
0.010537 0.002945 0.999940 0.000177 -0.000643 1.000000 0.000261 -0.000873 1.000000 0.010559 0.002882 0.999940 
0.022284 0.006290 0.999732 0.000188 -0.000678 1.000000 0.000352 -0.001168 0.999999 0.022326 0.006155 0.999732 
0.030932 0.008744 0.999483 0.000159 -0.000571 1.000000 0.000379 -0.001254 0.999999 0.030988 0.008556 0.999483 
0.047833 0.013761 0.998761 0.000110 -0.000390 1.000000 0.000445 -0.001449 0.999999 0.047919 0.013468 0.998760 
0.070318 0.021088 0.997302 0.000020 -0.000067 1.000000 0.000519 -0.001626 0.999999 0.070447 0.020657 0.997302 
0.087556 0.027006 0.995793 -0.000013 0.000044 1.000000 0.000623 -0.001898 0.999998 0.087721 0.026467 0.995793 
0.095208 0.029671 0.995015 -0.000014 0.000044 1.000000 0.000685 -0.002067 0.999998 0.095389 0.029085 0.995015 
0.097269 0.030309 0.994797 0.000011 -0.000037 1.000000 0.000727 -0.002194 0.999997 0.097455 0.029711 0.994796 
0.100177 0.031229 0.994479 0.000038 -0.000123 1.000000 0.000777 -0.002344 0.999997 0.100369 0.030613 0.994479 
0.104532 0.032598 0.993987 0.000068 -0.000222 1.000000 0.000841 -0.002538 0.999996 0.104733 0.031955 0.993987 
0.113813 0.035610 0.992864 0.000087 -0.000283 1.000000 0.000932 -0.002805 0.999996 0.114033 0.034909 0.992863 
0.125470 0.039362 0.991316 0.000103 -0.000335 1.000000 0.001038 -0.003114 0.999995 0.125714 0.038588 0.991316 
0.147832 0.047229 0.987884 0.000153 -0.000487 1.000000 0.001275 -0.003762 0.999992 0.148126 0.046314 0.987883 
0.166361 0.053336 0.984621 0.000825 -0.002617 0.999996 0.002134 -0.006287 0.999978 0.166706 0.052307 0.984618 
0.176465 0.055504 0.982741 0.001218 -0.003945 0.999991 0.002608 -0.007831 0.999966 0.176833 0.054412 0.982736 
0.174571 0.054011 0.983162 0.001137 -0.003743 0.999992 0.002488 -0.007588 0.999968 0.174928 0.052932 0.983157 
0.182778 0.056542 0.981527 0.001040 -0.003425 0.999994 0.002444 -0.007455 0.999969 0.183149 0.055409 0.981522 
0.192496 0.059558 0.979489 0.000955 -0.003143 0.999995 0.002423 -0.007391 0.999970 0.192885 0.058361 0.979484 
0.212069 0.067048 0.974952 0.001708 -0.005514 0.999983 0.003398 -0.010180 0.999942 0.212521 0.065727 0.974943 
0.227579 0.077058 0.970706 0.002992 -0.009040 0.999955 0.004980 -0.014020 0.999889 0.228117 0.075641 0.970691 
0.252683 0.091910 0.963174 0.003023 -0.008498 0.999959 0.005336 -0.014034 0.999887 0.253315 0.090323 0.963158 
0.266589 0.104785 0.958097 0.007932 -0.020864 0.999751 0.010771 -0.026607 0.999588 0.267382 0.103131 0.958056 
-0.026880 0.013899 0.999542 0.017461 -0.042364 0.998950 0.068760 0.037293 0.996936 0.048935 0.018566 0.998629 0.026921 0.051616 0.998304 
-0.024006 0.012352 0.999636 0.018440 -0.045981 0.998772 0.061052 0.033540 0.997571 0.043482 0.016707 0.998914 0.019199 0.037050 0.999129 
-0.002073 0.001023 0.999997 0.017878 -0.046003 0.998781 0.056929 0.032156 0.997860 0.008851 0.017856 0.999801 0.208772 0.077928 0.974855 -0.002781 -0.001128 0.999995 
0.008254 -0.004057 0.999958 0.017556 -0.047061 0.998738 0.051773 0.029344 0.998228 -0.000248 -0.000502 1.000000 0.200761 0.071779 0.977007 0.000562 0.000232 1.000000 
0.018862 -0.009142 0.999780 0.018255 -0.050887 0.998538 0.045150 0.025404 0.998657 -0.004402 -0.009037 0.999949 0.186976 0.064204 0.980264 0.000391 0.000162 1.000000 
0.032260 -0.015630 0.999357 0.019039 -0.055118 0.998298 0.036067 0.020229 0.999145 -0.011421 -0.023412 0.999661 0.169570 0.055948 0.983929 0.000153 0.000063 1.000000 
0.044693 -0.021727 0.998764 0.019523 -0.058251 0.998111 0.027196 0.015270 0.999513 -0.017607 -0.035876 0.999201 0.151370 0.048301 0.987296 -0.000006 -0.000003 1.000000 
0.056592 -0.027641 0.998015 0.020420 -0.062014 0.997866 0.018992 0.010715 0.999762 -0.023072 -0.046638 0.998645 0.133699 0.041797 0.990140 -0.000026 -0.000011 1.000000 
0.068512 -0.033653 0.997083 0.022220 -0.068316 0.997416 0.011613 0.006590 0.999911 -0.027701 -0.055477 0.998076 0.116916 0.036043 0.992488 -0.000042 -0.000018 1.000000 
0.078870 -0.039095 0.996118 0.024299 -0.075534 0.996847 0.005219 0.002967 0.999982 -0.031334 -0.061975 0.997586 0.102158 0.031099 0.994282 -0.000465 -0.000200 1.000000 
0.084626 -0.042410 0.995510 0.026217 -0.082648 0.996234 -0.001533 -0.000867 0.999998 -0.035346 -0.068946 0.996994 0.089403 0.026783 0.995635 -0.003292 -0.001404 0.999994 
0.085075 -0.042618 0.995463 0.024719 -0.081331 0.996381 -0.009706 -0.005397 0.999938 -0.039460 -0.076830 0.996263 0.076440 0.021785 0.996836 -0.007718 -0.003247 0.999965 
0.080362 -0.040677 0.995935 0.020436 -0.071391 0.997239 -0.020024 -0.010874 0.999740 -0.044191 -0.085078 0.995394 0.056754 0.015038 0.998275 -0.012533 -0.005169 0.999908 
0.079212 -0.040790 0.996023 0.017973 -0.066192 0.997645 -0.029737 -0.015845 0.999432 -0.048994 -0.092580 0.994499 0.036110 0.008973 0.999308 -0.016034 -0.006504 0.999850 
0.078698 -0.041238 0.996045 0.018249 -0.069727 0.997399 -0.037227 -0.019491 0.999117 -0.052708 -0.097777 0.993812 0.019306 0.004587 0.999803 -0.019828 -0.007886 0.999772 
0.080105 -0.043214 0.995849 0.019077 -0.075823 0.996939 -0.044486 -0.022751 0.998751 -0.056733 -0.102083 0.993157 0.005214 0.001181 0.999986 -0.024012 -0.009275 0.999669 
0.075597 -0.042192 0.996245 0.020199 -0.082453 0.996390 -0.049439 -0.024486 0.998477 -0.059416 -0.103465 0.992857 0.000240 0.000053 1.000000 -0.030957 -0.011412 0.999456 
0.073863 -0.042030 0.996382 0.022456 -0.090448 0.995648 -0.054533 -0.026624 0.998157 -0.063137 -0.107793 0.992167 0.000224 0.000050 1.000000 -0.038838 -0.013949 0.999148 
0.079061 -0.044593 0.995872 0.024698 -0.099008 0.994780 -0.062098 -0.030539 0.997603 -0.070500 -0.120819 0.990168 0.000553 0.000124 1.000000 -0.046008 -0.016758 0.998801 
0.088272 -0.049346 0.994873 0.025590 -0.104054 0.994242 -0.072724 -0.036091 0.996699 -0.080654 -0.138282 0.987103 0.000894 0.000197 1.000000 -0.053962 -0.020107 0.998341 
0.091677 -0.051253 0.994469 0.026989 -0.110214 0.993541 -0.083305 -0.041301 0.995668 -0.090171 -0.153652 0.984002 0.000470 0.000103 1.000000 -0.064349 -0.024067 0.997637 
0.093742 -0.052906 0.994190 0.029897 -0.122536 0.992014 -0.090672 -0.044471 0.994887 -0.098678 -0.165779 0.981213 0.000372 0.000081 1.000000 -0.072857 -0.026888 0.996980 
0.096904 -0.055885 0.993724 0.034602 -0.143696 0.989017 -0.089691 -0.042826 0.995048 -0.102613 -0.168286 0.980383 0.002772 0.000598 0.999996 -0.074318 -0.026335 0.996887 
0.103727 -0.062087 0.992666 0.035425 -0.158661 0.986697 -0.083876 -0.038131 0.995746 -0.102390 -0.161549 0.981539 0.004882 0.000970 0.999988 -0.067942 -0.022527 0.997435 
-0.011329 -0.048511 0.998758 0.111936 -0.070253 0.991229 -0.073167 -0.031146 0.996833 0.009444 -0.007789 0.999925 -0.098714 -0.148569 0.983963 -0.027786 -0.018868 0.999436 
-0.012603 -0.053424 0.998492 0.118892 -0.078647 0.989787 -0.058514 -0.023081 0.998020 0.008521 -0.007040 0.999939 -0.092325 -0.132167 0.986918 -0.019953 -0.013131 0.999715 
-0.014247 -0.059883 0.998104 0.123918 -0.086468 0.988518 -0.043143 -0.015702 0.998946 0.003329 -0.002854 0.999990 -0.086489 -0.117726 0.989273 -0.012279 -0.007819 0.999894 
-0.016017 -0.066503 0.997658 0.126505 -0.092940 0.987602 -0.028789 -0.009681 0.999539 -0.000036 0.000032 1.000000 -0.083080 -0.107659 0.990710 -0.005595 -0.003448 0.999978 
-0.018132 -0.074194 0.997079 0.125213 -0.096272 0.987448 -0.013501 -0.004216 0.999900 -0.002223 0.002020 0.999995 -0.078174 -0.097192 0.992191 0.000170 0.000101 1.000000 
-0.019902 -0.080545 0.996552 0.119093 -0.093629 0.988459 -0.007764 -0.002347 0.999967 -0.007392 0.007119 0.999947 -0.080531 -0.098040 0.991919 0.000551 0.000323 1.000000 
-0.021860 -0.087879 0.995891 0.114395 -0.091397 0.989222 -0.001180 -0.000353 0.999999 -0.009807 0.009812 0.999904 -0.078840 -0.094697 0.992379 0.000740 0.000430 1.000000 
-0.023994 -0.095799 0.995112 0.106361 -0.085467 0.990648 0.007841 0.002357 0.999966 -0.008126 0.008236 0.999933 -0.071281 -0.085641 0.993773 0.000613 0.000354 1.000000 
-0.026240 -0.100004 0.994641 0.096298 -0.077773 0.992309 0.016654 0.005060 0.999849 0.004300 -0.004238 0.999982 -0.060805 -0.073213 0.995461 0.000192 0.000110 1.000000 
-0.027542 -0.098013 0.994804 0.086312 -0.069817 0.993819 0.023509 0.007241 0.999697 0.020664 -0.019702 0.999592 -0.050890 -0.061551 0.996806 0.000899 0.000505 0.999999 
-0.027596 -0.093267 0.995259 0.080664 -0.065131 0.994611 0.026620 0.008243 0.999612 0.034456 -0.031839 0.998899 -0.046676 -0.056703 0.997299 0.002084 0.001159 0.999997 
-0.026921 -0.088727 0.995692 0.079655 -0.064131 0.994757 0.026732 0.008279 0.999608 0.038625 -0.035271 0.998631 -0.046144 -0.056238 0.997350 0.003086 0.001717 0.999994 
-0.026111 -0.085337 0.996010 0.082089 -0.065956 0.994440 0.024513 0.007554 0.999671 0.035654 -0.032596 0.998832 -0.049026 -0.059785 0.997007 0.003590 0.002013 0.999992 
-0.025371 -0.082782 0.996245 0.087143 -0.069876 0.993742 0.019778 0.006036 0.999786 0.029841 -0.027416 0.999179 -0.055721 -0.067851 0.996138 0.003349 0.001896 0.999993 
-0.025028 -0.081555 0.996355 0.093680 -0.074865 0.992784 0.013218 0.003984 0.999905 0.023023 -0.021349 0.999507 -0.064828 -0.078804 0.994780 0.002151 0.001228 0.999997 
-0.025126 -0.081436 0.996362 0.100493 -0.080043 0.991713 0.006168 0.001837 0.999979 0.016922 -0.015939 0.999730 -0.073957 -0.089689 0.993220 0.000370 0.000212 1.000000 
-0.024832 -0.080404 0.996453 0.106844 -0.085206 0.990618 0.000936 0.000277 1.000000 0.010621 -0.010275 0.999891 -0.080095 -0.096564 0.992099 0.000005 0.000003 1.000000 
-0.024682 -0.080006 0.996489 0.111922 -0.089185 0.989707 -0.002442 -0.000723 0.999997 0.004507 -0.004481 0.999980 -0.083274 -0.100159 0.991481 -0.000039 -0.000022 1.000000 
-0.024497 -0.079583 0.996527 0.114987 -0.091422 0.989151 -0.004484 -0.001331 0.999989 0.000885 -0.000894 0.999999 -0.084674 -0.101891 0.991185 -0.000037 -0.000022 1.000000 
-0.024293 -0.078984 0.996580 0.116183 -0.092163 0.988943 -0.005361 -0.001596 0.999984 0.000880 -0.000889 0.999999 -0.084926 -0.102368 0.991115 -0.000038 -0.000022 1.000000 
-0.024251 -0.078857 0.996591 0.116458 -0.092330 0.988895 -0.005500 -0.001639 0.999984 0.001266 -0.001279 0.999998 -0.084929 -0.102418 0.991109 -0.000037 -0.000021 1.000000 
-0.024320 -0.079093 0.996571 0.116092 -0.092168 0.988953 -0.005108 -0.001524 0.999986 0.001902 -0.001919 0.999996 -0.084622 -0.101935 0.991185 -0.000035 -0.000020 1.000000 
-0.024451 -0.079544 0.996531 0.115053 -0.091475 0.989139 -0.004179 -0.001250 0.999990 0.002873 -0.002892 0.999992 -0.083600 -0.100648 0.991404 -0.000032 -0.000019 1.000000 
-0.024591 -0.080022 0.996490 0.113359 -0.090116 0.989459 -0.002799 -0.000841 0.999996 0.004219 -0.004229 0.999982 -0.081767 -0.098596 0.991763 -0.000030 -0.000017 1.000000 
-0.024662 -0.080268 0.996468 0.111548 -0.088608 0.989801 -0.001426 -0.000430 0.999999 0.005759 -0.005735 0.999967 -0.079607 -0.096218 0.992172 -0.000027 -0.000015 1.000000 
-0.024679 -0.080327 0.996463 0.110111 -0.087435 0.990066 -0.000364 -0.000110 1.000000 0.006893 -0.006827 0.999953 -0.077633 -0.093997 0.992541 -0.000024 -0.000014 1.000000 
-0.024663 -0.080276 0.996468 0.109160 -0.086660 0.990240 0.000232 0.000070 1.000000 0.007311 -0.007217 0.999947 -0.076421 -0.092629 0.992764 -0.000021 -0.000012 1.000000 
-0.024619 -0.080138 0.996480 0.108657 -0.086269 0.990329 0.000391 0.000118 1.000000 0.006947 -0.006852 0.999952 -0.075903 -0.092028 0.992859 -0.000019 -0.000011 1.000000 
-0.024561 -0.079957 0.996496 0.108314 -0.086004 0.990390 0.000381 0.000115 1.000000 0.006277 -0.006191 0.999961 -0.075637 -0.091719 0.992908 -0.000017 -0.000010 1.000000 
-0.024500 -0.079766 0.996513 0.108037 -0.085779 0.990439 0.000336 0.000102 1.000000 0.005581 -0.005506 0.999969 -0.075401 -0.091456 0.992950 -0.000015 -0.000009 1.000000 
-0.024439 -0.079572 0.996530 0.107822 -0.085607 0.990478 0.000263 0.000079 1.000000 0.004906 -0.004842 0.999976 -0.075207 -0.091236 0.992985 -0.000014 -0.000008 1.000000 
-0.024381 -0.079390 0.996545 0.107626 -0.085456 0.990512 0.000192 0.000058 1.000000 0.004295 -0.004239 0.999982 -0.075033 -0.091033 0.993017 -0.000013 -0.000007 1.000000 
-0.024332 -0.079232 0.996559 0.107405 -0.085284 0.990551 0.000156 0.000047 1.000000 0.003781 -0.003733 0.999986 -0.074856 -0.090826 0.993049 -0.000012 -0.000007 1.000000 
-0.024292 -0.079106 0.996570 0.107172 -0.085107 0.990591 0.000153 0.000046 1.000000 0.003382 -0.003339 0.999989 -0.074682 -0.090621 0.993081 -0.000011 -0.000006 1.000000 
-0.024262 -0.079011 0.996578 0.106961 -0.084955 0.990627 0.000166 0.000050 1.000000 0.003097 -0.003057 0.999991 -0.074540 -0.090444 0.993108 -0.000010 -0.000006 1.000000 
-0.024240 -0.078942 0.996584 0.106805 -0.084845 0.990653 0.000177 0.000053 1.000000 0.002902 -0.002865 0.999992 -0.074438 -0.090315 0.993127 -0.000009 -0.000005 1.000000 
-0.024228 -0.078901 0.996588 0.106719 -0.084786 0.990668 0.000180 0.000054 1.000000 0.002788 -0.002752 0.999992 -0.074386 -0.090246 0.993138 -0.000008 -0.000005 1.000000 
-0.024223 -0.078888 0.996589 0.106694 -0.084768 0.990672 0.000181 0.000055 1.000000 0.002756 -0.002720 0.999993 -0.074371 -0.090227 0.993140 -0.000007 -0.000004 1.000000 
-0.024222 -0.078885 0.996589 0.106692 -0.084767 0.990672 0.000180 0.000054 1.000000 0.002753 -0.002718 0.999993 -0.074370 -0.090226 0.993141 -0.000007 -0.000004 1.000000 
-0.024222 -0.078882 0.996590 0.106689 -0.084765 0.990673 0.000180 0.000054 1.000000 0.002751 -0.002716 0.999993 -0.074369 -0.090225 0.993141 -0.000006 -0.000004 1.000000 
-0.024221 -0.078880 0.996590 0.106687 -0.084763 0.990673 0.000180 0.000054 1.000000 0.002749 -0.002714 0.999993 -0.074368 -0.090224 0.993141 -0.000006 -0.000003 1.000000 
-0.024220 -0.078878 0.996590 0.106686 -0.084762 0.990673 0.000180 0.000054 1.000000 0.002747 -0.002712 0.999993 -0.074368 -0.090223 0.993141 -0.000005 -0.000003 1.000000 
-0.024220 -0.078876 0.996590 0.106684 -0.084760 0.990674 0.000179 0.000054 1.000000 0.002746 -0.002710 0.999993 -0.074367 -0.090222 0.993141 -0.000005 -0.000003 1.000000 
-0.024219 -0.078874 0.996590 0.106682 -0.084759 0.990674 0.000179 0.000054 1.000000 0.002744 -0.002709 0.999993 -0.074366 -0.090221 0.993141 -0.000005 -0.000003 1.000000 
-0.024219 -0.078872 0.996590 0.106681 -0.084758 0.990674 0.000179 0.000054 1.000000 0.002743 -0.002708 0.999993 -0.074366 -0.090221 0.993141 -0.000005 -0.000003 1.000000 
-0.024218 -0.078871 0.996591 0.106680 -0.084757 0.990674 0.000179 0.000054 1.000000 0.002742 -0.002707 0.999993 -0.074365 -0.090220 0.993142 -0.000004 -0.000002 1.000000 
-0.024218 -0.078870 0.996591 0.106679 -0.084757 0.990674 0.000179 0.000054 1.000000 0.002741 -0.002706 0.999993 -0.074365 -0.090220 0.993142 -0.000004 -0.000002 1.000000 
-0.024217 -0.078868 0.996591 0.106678 -0.084756 0.990675 0.000178 0.000054 1.000000 0.002740 -0.002705 0.999993 -0.074364 -0.090219 0.993142 -0.000004 -0.000002 1.000000 
-0.024217 -0.078867 0.996591 0.106677 -0.084755 0.990675 0.000178 0.000054 1.000000 0.002739 -0.002704 0.999993 -0.074364 -0.090219 0.993142 -0.000004 -0.000002 1.000000 
-0.024217 -0.078866 0.996591 0.106677 -0.084755 0.990675 0.000178 0.000054 1.000000 0.002738 -0.002703 0.999993 -0.074364 -0.090219 0.993142 -0.000003 -0.000002 1.000000 
-0.024217 -0.078866 0.996591 0.106676 -0.084754 0.990675 0.000178 0.000054 1.000000 0.002738 -0.002703 0.999993 -0.074364 -0.090218 0.993142 -0.000003 -0.000002 1.000000 
-0.024216 -0.078865 0.996591 0.106675 -0.084754 0.990675 0.000178 0.000054 1.000000 0.002737 -0.002702 0.999993 -0.074363 -0.090218 0.993142 -0.000003 -0.000002 1.000000 
-0.024216 -0.078864 0.996591 0.106675 -0.084754 0.990675 0.000178 0.000054 1.000000 0.002737 -0.002701 0.999993 -0.074363 -0.090218 0.993142 -0.000003 -0.000002 1.000000 
-0.024216 -0.078864 0.996591 0.106675 -0.084753 0.990675 0.000178 0.000054 1.000000 0.002736 -0.002701 0.999993 -0.074363 -0.090218 0.993142 -0.000003 -0.000002 1.000000 
-0.024216 -0.078863 0.996591 0.106674 -0.084753 0.990675 0.000178 0.000054 1.000000 0.002736 -0.002701 0.999993 -0.074363 -0.090218 0.993142 -0.000003 -0.000002 1.000000 
-0.024216 -0.078862 0.996591 0.106674 -0.084753 0.990675 0.000178 0.000054 1.000000 0.002736 -0.002700 0.999993 -0.074363 -0.090218 0.993142 -0.000003 -0.000002 1.000000 
-0.024216 -0.078862 0.996591 0.106674 -0.084752 0.990675 0.000177 0.000054 1.000000 0.002735 -0.002700 0.999993 -0.074363 -0.090218 0.993142 -0.000003 -0.000001 1.000000 
-0.024215 -0.078862 0.996591 0.106674 -0.084752 0.990675 0.000177 0.000054 1.000000 0.002735 -0.002700 0.999993 -0.074363 -0.090218 0.993142 -0.000002 -0.000001 1.000000 
-0.024216 -0.078863 0.996591 0.106675 -0.084753 0.990675 0.000179 0.000054 1.000000 0.002742 -0.002706 0.999993 -0.074363 -0.090218 0.993142 -0.000002 -0.000001 1.000000 
-0.024218 -0.078868 0.996591 0.106679 -0.084756 0.990675 0.000183 0.000055 1.000000 0.002766 -0.002730 0.999992 -0.074363 -0.090219 0.993142 -0.000002 -0.000001 1.000000 
-0.024222 -0.078878 0.996590 0.106689 -0.084761 0.990673 0.000193 0.000058 1.000000 0.002815 -0.002778 0.999992 -0.074363 -0.090221 0.993142 -0.000002 -0.000001 1.000000 
-0.024228 -0.078895 0.996588 0.106704 -0.084770 0.990671 0.000208 0.000063 1.000000 0.002891 -0.002852 0.999992 -0.074364 -0.090225 0.993141 -0.000002 -0.000001 1.000000 
-0.024236 -0.078918 0.996587 0.106724 -0.084782 0.990667 0.000228 0.000069 1.000000 0.002991 -0.002950 0.999991 -0.074365 -0.090230 0.993141 -0.000002 -0.000001 1.000000 
-0.024245 -0.078944 0.996584 0.106747 -0.084796 0.990664 0.000251 0.000076 1.000000 0.003109 -0.003065 0.999990 -0.074366 -0.090236 0.993140 -0.000002 -0.000001 1.000000 
-0.024255 -0.078972 0.996582 0.106773 -0.084810 0.990660 0.000276 0.000083 1.000000 0.003235 -0.003188 0.999990 -0.074367 -0.090242 0.993139 -0.000002 -0.000001 1.000000 
-0.024266 -0.079001 0.996579 0.106798 -0.084826 0.990656 0.000300 0.000091 1.000000 0.003362 -0.003312 0.999989 -0.074369 -0.090248 0.993139 -0.000002 -0.000001 1.000000 
-0.024275 -0.079028 0.996577 0.106823 -0.084840 0.990652 0.000324 0.000098 1.000000 0.003483 -0.003430 0.999988 -0.074370 -0.090254 0.993138 -0.000002 -0.000001 1.000000 
-0.024285 -0.079053 0.996575 0.106845 -0.084853 0.990648 0.000346 0.000105 1.000000 0.003595 -0.003539 0.999987 -0.074371 -0.090260 0.993138 -0.000002 -0.000001 1.000000 
-0.024293 -0.079076 0.996573 0.106866 -0.084865 0.990645 0.000366 0.000111 1.000000 0.003697 -0.003638 0.999987 -0.074372 -0.090265 0.993137 -0.000002 -0.000001 1.000000 
-0.024300 -0.079097 0.996571 0.106884 -0.084876 0.990642 0.000384 0.000116 1.000000 0.003789 -0.003727 0.999986 -0.074373 -0.090269 0.993137 -0.000002 -0.000001 1.000000 
-0.024307 -0.079116 0.996569 0.106902 -0.084886 0.990639 0.000401 0.000121 1.000000 0.003874 -0.003810 0.999985 -0.074374 -0.090273 0.993136 -0.000002 -0.000001 1.000000 
-0.024314 -0.079134 0.996567 0.106918 -0.084896 0.990637 0.000417 0.000126 1.000000 0.003955 -0.003888 0.999985 -0.074375 -0.090278 0.993136 -0.000002 -0.000001 1.000000 
-0.024320 -0.079153 0.996566 0.106934 -0.084906 0.990634 0.000432 0.000130 1.000000 0.004028 -0.003960 0.999984 -0.074376 -0.090282 0.993135 -0.000002 -0.000001 1.000000 
-0.024327 -0.079173 0.996564 0.106950 -0.084915 0.990632 0.000448 0.000135 1.000000 0.004095 -0.004024 0.999984 -0.074377 -0.090285 0.993135 -0.000002 -0.000001 1.000000 
-0.024335 -0.079195 0.996562 0.106967 -0.084925 0.990629 0.000464 0.000140 1.000000 0.004159 -0.004087 0.999983 -0.074377 -0.090290 0.993134 -0.000002 -0.000001 1.000000 
-0.024343 -0.079220 0.996560 0.106987 -0.084938 0.990626 0.000480 0.000145 1.000000 0.004224 -0.004150 0.999982 -0.074380 -0.090296 0.993134 -0.000002 -0.000001 1.000000 
-0.024352 -0.079247 0.996558 0.107013 -0.084958 0.990621 0.000495 0.000149 1.000000 0.004290 -0.004214 0.999982 -0.074388 -0.090304 0.993132 -0.000002 -0.000001 1.000000 
-0.024361 -0.079275 0.996555 0.107041 -0.084980 0.990616 0.000510 0.000154 1.000000 0.004359 -0.004282 0.999981 -0.074395 -0.090313 0.993131 -0.000002 -0.000001 1.000000 
-0.024371 -0.079303 0.996553 0.107069 -0.085000 0.990612 0.000526 0.000159 1.000000 0.004430 -0.004351 0.999981 -0.074403 -0.090322 0.993129 -0.000002 -0.000001 1.000000 
-0.024381 -0.079332 0.996550 0.107097 -0.085021 0.990607 0.000543 0.000164 1.000000 0.004501 -0.004419 0.999980 -0.074410 -0.090331 0.993128 -0.000002 -0.000001 1.000000 
-0.024391 -0.079364 0.996547 0.107127 -0.085043 0.990602 0.000559 0.000169 1.000000 0.004564 -0.004480 0.999980 -0.074417 -0.090341 0.993127 -0.000002 -0.000001 1.000000 
-0.024403 -0.079400 0.996544 0.107159 -0.085066 0.990596 0.000577 0.000174 1.000000 0.004614 -0.004529 0.999979 -0.074423 -0.090350 0.993125 -0.000002 -0.000001 1.000000 
-0.024416 -0.079439 0.996541 0.107192 -0.085089 0.990591 0.000595 0.000180 1.000000 0.004645 -0.004560 0.999979 -0.074428 -0.090359 0.993124 -0.000002 -0.000001 1.000000 
-0.024428 -0.079477 0.996537 0.107222 -0.085110 0.990585 0.000611 0.000185 1.000000 0.004666 -0.004580 0.999979 -0.074433 -0.090367 0.993123 -0.000002 -0.000001 1.000000 
-0.024439 -0.079511 0.996534 0.107250 -0.085129 0.990581 0.000626 0.000189 1.000000 0.004685 -0.004600 0.999978 -0.074438 -0.090374 0.993122 -0.000002 -0.000001 1.000000 
-0.024449 -0.079541 0.996532 0.107273 -0.085145 0.990577 0.000640 0.000193 1.000000 0.004708 -0.004622 0.999978 -0.074441 -0.090380 0.993121 -0.000002 -0.000001 1.000000 
-0.024458 -0.079568 0.996529 0.107295 -0.085160 0.990573 0.000653 0.000197 1.000000 0.004733 -0.004647 0.999978 -0.074445 -0.090386 0.993120 -0.000002 -0.000001 1.000000 
-0.024467 -0.079596 0.996527 0.107317 -0.085176 0.990570 0.000666 0.000201 1.000000 0.004759 -0.004672 0.999978 -0.074449 -0.090392 0.993120 -0.000002 -0.000001 1.000000 
-0.024476 -0.079625 0.996524 0.107341 -0.085192 0.990566 0.000680 0.000205 1.000000 0.004783 -0.004696 0.999978 -0.074453 -0.090399 0.993119 -0.000002 -0.000001 1.000000 
-0.024486 -0.079657 0.996522 0.107366 -0.085210 0.990561 0.000694 0.000210 1.000000 0.004807 -0.004719 0.999977 -0.074457 -0.090406 0.993118 -0.000002 -0.000001 1.000000 
-0.024497 -0.079690 0.996519 0.107393 -0.085229 0.990557 0.000709 0.000214 1.000000 0.004830 -0.004741 0.999977 -0.074462 -0.090413 0.993117 -0.000002 -0.000001 1.000000 
-0.024508 -0.079723 0.996516 0.107421 -0.085249 0.990552 0.000723 0.000218 1.000000 0.004855 -0.004766 0.999977 -0.074467 -0.090421 0.993116 -0.000002 -0.000001 1.000000 
-0.024518 -0.079755 0.996513 0.107449 -0.085268 0.990547 0.000738 0.000223 1.000000 0.004885 -0.004796 0.999977 -0.074473 -0.090429 0.993115 -0.000002 -0.000001 1.000000 
-0.024528 -0.079785 0.996510 0.107477 -0.085289 0.990543 0.000751 0.000227 1.000000 0.004921 -0.004831 0.999976 -0.074479 -0.090437 0.993113 -0.000002 -0.000001 1.000000 
-0.024538 -0.079815 0.996508 0.107506 -0.085311 0.990537 0.000764 0.000231 1.000000 0.004959 -0.004867 0.999976 -0.074487 -0.090446 0.993112 -0.000002 -0.000001 1.000000 
-0.024548 -0.079845 0.996505 0.107536 -0.085335 0.990532 0.000776 0.000234 1.000000 0.004992 -0.004900 0.999976 -0.074495 -0.090456 0.993110 -0.000002 -0.000001 1.000000 
-0.024558 -0.079877 0.996502 0.107567 -0.085359 0.990527 0.000787 0.000238 1.000000 0.005015 -0.004923 0.999975 -0.074504 -0.090466 0.993109 -0.000002 -0.000001 1.000000 
-0.024568 -0.079909 0.996499 0.107600 -0.085386 0.990521 0.000796 0.000241 1.000000 0.005028 -0.004935 0.999975 -0.074515 -0.090477 0.993107 -0.000002 -0.000001 1.000000 
-0.024579 -0.079941 0.996496 0.107635 -0.085415 0.990515 0.000805 0.000243 1.000000 0.005033 -0.004941 0.999975 -0.074527 -0.090489 0.993105 -0.000002 -0.000001 1.000000 
-0.024589 -0.079974 0.996494 0.107671 -0.085444 0.990508 0.000813 0.000245 1.000000 0.005036 -0.004945 0.999975 -0.074539 -0.090501 0.993103 -0.000002 -0.000001 1.000000 
-0.024600 -0.080007 0.996491 0.107706 -0.085473 0.990502 0.000820 0.000248 1.000000 0.005040 -0.004949 0.999975 -0.074551 -0.090513 0.993101 -0.000002 -0.000001 1.000000 
-0.024610 -0.080040 0.996488 0.107740 -0.085501 0.990496 0.000829 0.000250 1.000000 0.005046 -0.004955 0.999975 -0.074563 -0.090525 0.993099 -0.000002 -0.000001 1.000000 
-0.024620 -0.080072 0.996485 0.107773 -0.085528 0.990490 0.000838 0.000253 1.000000 0.005053 -0.004962 0.999975 -0.074573 -0.090536 0.993097 -0.000002 -0.000001 1.000000 
-0.024631 -0.080104 0.996482 0.107804 -0.085553 0.990484 0.000847 0.000256 1.000000 0.005062 -0.004972 0.999975 -0.074583 -0.090546 0.993095 -0.000002 -0.000001 1.000000 
-0.024641 -0.080136 0.996479 0.107835 -0.085578 0.990479 0.000857 0.000259 1.000000 0.005073 -0.004983 0.999975 -0.074593 -0.090557 0.993094 -0.000002 -0.000001 1.000000 
-0.024651 -0.080169 0.996476 0.107867 -0.085603 0.990473 0.000867 0.000262 1.000000 0.005085 -0.004994 0.999975 -0.074603 -0.090568 0.993092 -0.000002 -0.000001 1.000000 
-0.024661 -0.080201 0.996474 0.107899 -0.085629 0.990467 0.000876 0.000265 1.000000 0.005094 -0.005004 0.999975 -0.074614 -0.090579 0.993090 -0.000002 -0.000001 1.000000 
-0.024672 -0.080234 0.996471 0.107932 -0.085656 0.990461 0.000886 0.000268 1.000000 0.005102 -0.005012 0.999974 -0.074625 -0.090590 0.993088 -0.000002 -0.000001 1.000000 
-0.024682 -0.080268 0.996468 0.107965 -0.085683 0.990455 0.000895 0.000270 1.000000 0.005107 -0.005018 0.999974 -0.074636 -0.090601 0.993087 -0.000002 -0.000001 1.000000 
-0.024693 -0.080301 0.996465 0.107998 -0.085709 0.990450 0.000904 0.000273 1.000000 0.005111 -0.005022 0.999974 -0.074647 -0.090612 0.993085 -0.000002 -0.000001 1.000000 
-0.024703 -0.080334 0.996462 0.108031 -0.085736 0.990444 0.000913 0.000276 1.000000 0.005113 -0.005025 0.999974 -0.074657 -0.090624 0.993083 -0.000002 -0.000001 1.000000 
-0.024714 -0.080366 0.996459 0.108063 -0.085762 0.990438 0.000922 0.000278 1.000000 0.005116 -0.005028 0.999974 -0.074668 -0.090634 0.993081 -0.000002 -0.000001 1.000000 
-0.024724 -0.080398 0.996456 0.108094 -0.085787 0.990432 0.000930 0.000281 1.000000 0.005119 -0.005032 0.999974 -0.074678 -0.090645 0.993079 -0.000002 -0.000001 1.000000 
-0.024733 -0.080429 0.996453 0.108125 -0.085812 0.990427 0.000939 0.000284 1.000000 0.005123 -0.005036 0.999974 -0.074688 -0.090655 0.993078 -0.000002 -0.000001 1.000000 
-0.024743 -0.080460 0.996451 0.108155 -0.085836 0.990421 0.000948 0.000286 1.000000 0.005127 -0.005041 0.999974 -0.074698 -0.090665 0.993076 -0.000002 -0.000001 1.000000 
-0.024753 -0.080490 0.996448 0.108185 -0.085861 0.990416 0.000956 0.000289 1.000000 0.005132 -0.005046 0.999974 -0.074707 -0.090675 0.993074 -0.000002 -0.000001 1.000000 
-0.024762 -0.080520 0.996445 0.108214 -0.085885 0.990411 0.000964 0.000291 0.999999 0.005137 -0.005050 0.999974 -0.074717 -0.090684 0.993073 -0.000002 -0.000001 1.000000 
-0.024772 -0.080549 0.996443 0.108243 -0.085909 0.990406 0.000973 0.000294 0.999999 0.005139 -0.005053 0.999974 -0.074726 -0.090693 0.993071 -0.000002 -0.000001 1.000000 
-0.024781 -0.080578 0.996440 0.108271 -0.085933 0.990400 0.000980 0.000296 0.999999 0.005140 -0.005054 0.999974 -0.074735 -0.090702 0.993070 -0.000002 -0.000001 1.000000 
-0.024790 -0.080607 0.996438 0.108300 -0.085956 0.990395 0.000988 0.000298 0.999999 0.005139 -0.005054 0.999974 -0.074744 -0.090711 0.993068 -0.000002 -0.000001 1.000000 
-0.024799 -0.080635 0.996435 0.108328 -0.085979 0.990390 0.000995 0.000301 0.999999 0.005138 -0.005053 0.999974 -0.074753 -0.090719 0.993067 -0.000002 -0.000001 1.000000 
-0.024808 -0.080663 0.996433 0.108355 -0.086002 0.990385 0.001002 0.000303 0.999999 0.005136 -0.005052 0.999974 -0.074762 -0.090728 0.993065 -0.000002 -0.000001 1.000000 
-0.024816 -0.080691 0.996430 0.108383 -0.086025 0.990380 0.001009 0.000305 0.999999 0.005135 -0.005051 0.999974 -0.074771 -0.090737 0.993064 -0.000002 -0.000001 1.000000 
-0.024825 -0.080718 0.996428 0.108410 -0.086048 0.990375 0.001016 0.000307 0.999999 0.005134 -0.005051 0.999974 -0.074780 -0.090745 0.993063 -0.000002 -0.000001 1.000000 
-0.024834 -0.080747 0.996425 0.108437 -0.086071 0.990370 0.001024 0.000309 0.999999 0.005133 -0.005050 0.999974 -0.074789 -0.090754 0.993061 -0.000002 -0.000001 1.000000 
-0.024844 -0.080779 0.996422 0.108467 -0.086096 0.990365 0.001034 0.000312 0.999999 0.005134 -0.005052 0.999974 -0.074799 -0.090763 0.993060 -0.000002 -0.000001 1.000000 
-0.024856 -0.080817 0.996419 0.108503 -0.086126 0.990358 0.001044 0.000316 0.999999 0.005137 -0.005055 0.999974 -0.074811 -0.090774 0.993058 -0.000002 -0.000001 1.000000 
-0.024870 -0.080858 0.996415 0.108543 -0.086160 0.990351 0.001055 0.000319 0.999999 0.005141 -0.005060 0.999974 -0.074825 -0.090787 0.993055 -0.000002 -0.000001 1.000000 
-0.024884 -0.080904 0.996411 0.108586 -0.086196 0.990343 0.001069 0.000323 0.999999 0.005146 -0.005065 0.999974 -0.074840 -0.090801 0.993053 -0.000002 -0.000001 1.000000 
-0.024900 -0.080952 0.996407 0.108630 -0.086233 0.990335 0.001084 0.000328 0.999999 0.005154 -0.005074 0.999974 -0.074855 -0.090816 0.993050 -0.000002 -0.000001 1.000000 
-0.024916 -0.081004 0.996402 0.108675 -0.086270 0.990327 0.001101 0.000333 0.999999 0.005166 -0.005086 0.999974 -0.074870 -0.090831 0.993048 -0.000002 -0.000001 1.000000 
-0.024934 -0.081059 0.996397 0.108723 -0.086309 0.990318 0.001120 0.000338 0.999999 0.005182 -0.005102 0.999974 -0.074885 -0.090847 0.993045 -0.000002 -0.000001 1.000000 
-0.024952 -0.081116 0.996392 0.108773 -0.086350 0.990309 0.001139 0.000344 0.999999 0.005200 -0.005120 0.999973 -0.074902 -0.090864 0.993043 -0.000002 -0.000001 1.000000 
-0.024971 -0.081176 0.996387 0.108826 -0.086393 0.990300 0.001160 0.000350 0.999999 0.005219 -0.005140 0.999973 -0.074919 -0.090881 0.993040 -0.000002 -0.000001 1.000000 
-0.024991 -0.081238 0.996381 0.108880 -0.086437 0.990290 0.001181 0.000357 0.999999 0.005239 -0.005160 0.999973 -0.074937 -0.090900 0.993037 -0.000002 -0.000001 1.000000 
-0.025010 -0.081299 0.996376 0.108935 -0.086481 0.990280 0.001201 0.000363 0.999999 0.005260 -0.005180 0.999973 -0.074955 -0.090918 0.993034 -0.000002 -0.000001 1.000000 
-0.025030 -0.081360 0.996370 0.108999 -0.086532 0.990268 0.001219 0.000368 0.999999 0.005279 -0.005199 0.999973 -0.074973 -0.090938 0.993030 -0.000002 -0.000001 1.000000 
-0.025049 -0.081420 0.996365 0.109069 -0.086586 0.990256 0.001233 0.000373 0.999999 0.005294 -0.005216 0.999972 -0.074991 -0.090959 0.993027 -0.000002 -0.000001 1.000000 
