2.025000 -0.000000 0.000000 -0.000000
2.050000 -44.838836 194.908899 -0.000000
2.075000 -89.677672 389.817797 -0.000000
2.100000 -134.516508 584.726696 -0.000000
2.125000 -179.355344 779.635595 -0.000000
2.150000 -224.194179 974.544494 -0.000000
2.175000 -269.033015 1169.453392 -0.000000
2.200000 -313.871851 1364.362291 -0.000000
2.225000 -358.710687 1559.271190 -0.000000
2.250000 -403.549523 1754.180088 -0.000000
2.275000 -448.388359 1949.088987 -0.000000
2.300000 -493.227195 2143.997886 -0.000000
2.325000 -538.066031 2338.906785 -0.000000
2.350000 -582.904867 2533.815683 -0.000000
2.375000 -627.743702 2728.724582 -0.000000
2.400000 -672.582538 2923.633481 -0.000000
2.425000 -717.421374 3118.542379 -0.000000
2.450000 -762.260210 3313.451278 -0.000000
