2.878887 0.329069 0.003800 2.797451 0.269188 0.004431 2.933629 0.249699 0.003903 2.851244 0.115253 0.004867 
2.878271 0.329245 0.004005 2.797641 0.270904 0.004520 2.933829 0.251417 0.003902 2.850671 0.115408 0.004595 
2.878673 0.329116 0.003863 2.797550 0.270259 0.004418 2.933728 0.250722 0.003883 2.850978 0.115301 0.004703 
2.879383 0.329072 0.004020 2.797776 0.271739 0.004419 2.933959 0.252173 0.003984 2.851671 0.115273 0.004545 
2.878825 0.328924 0.003438 2.797173 0.268508 0.004230 2.933320 0.248830 0.003615 2.850871 0.115151 0.004841 
2.879422 0.328816 0.003454 2.797028 0.267812 0.004297 2.933171 0.248134 0.003630 2.851449 0.115060 0.004902 
2.880585 0.328779 0.003538 2.797135 0.268476 0.004249 2.933275 0.248761 0.003532 2.852556 0.115053 0.004502 
2.880180 0.329214 0.003484 2.796608 0.267932 0.004297 2.932759 0.248351 0.003186 2.852337 0.115463 0.004101 
2.883179 0.328787 0.003615 2.796339 0.266062 0.004369 2.932482 0.246503 0.003347 2.855306 0.115108 0.004120 
2.884201 0.328766 0.003875 2.796164 0.265904 0.004588 2.932304 0.246362 0.003229 2.856333 0.115112 0.003675 
2.888412 0.328154 0.003939 2.795690 0.262572 0.004625 2.931815 0.243058 0.003388 2.860482 0.114603 0.003760 
2.892692 0.327543 0.004015 2.795182 0.259090 0.004680 2.931291 0.239612 0.003489 2.864706 0.114097 0.003763 
2.895888 0.327037 0.003943 2.794533 0.254840 0.004777 2.930621 0.235408 0.003487 2.867854 0.113671 0.003891 
2.899566 0.326504 0.004028 2.794072 0.251568 0.004887 2.930144 0.232161 0.003614 2.871468 0.113228 0.003983 
2.901701 0.326194 0.004189 2.793663 0.248594 0.005213 2.929717 0.229203 0.003731 2.873543 0.112974 0.004138 
2.902767 0.326039 0.004397 2.793300 0.245900 0.005688 2.929334 0.226518 0.003840 2.874552 0.112850 0.004335 
2.903131 0.325986 0.004630 2.792981 0.243472 0.006251 2.928993 0.224095 0.003940 2.874863 0.112812 0.004557 
2.903167 0.325981 0.004867 2.792703 0.241310 0.006837 2.928693 0.221937 0.004032 2.874850 0.112813 0.004783 
2.903190 0.325977 0.005091 2.792463 0.239416 0.007394 2.928431 0.220047 0.004114 2.874831 0.112814 0.004995 
2.903211 0.325974 0.005301 2.792263 0.237804 0.007924 2.928210 0.218438 0.004189 2.874816 0.112815 0.005193 
2.903231 0.325971 0.005499 2.792107 0.236496 0.008430 2.928033 0.217133 0.004257 2.874807 0.112816 0.005380 
2.903251 0.325968 0.005686 2.791996 0.235510 0.008914 2.927903 0.216150 0.004318 2.874804 0.112816 0.005556 
2.903270 0.325965 0.005865 2.791933 0.234856 0.009382 2.927822 0.215498 0.004374 2.874808 0.112814 0.005723 
2.903288 0.325962 0.006035 2.791917 0.234533 0.009835 2.927788 0.215178 0.004424 2.874819 0.112812 0.005883 
2.903307 0.325959 0.006198 2.791945 0.234516 0.010276 2.927800 0.215163 0.004470 2.874837 0.112810 0.006036 
2.903325 0.325956 0.006353 2.792003 0.234708 0.010709 2.927842 0.215358 0.004511 2.874859 0.112807 0.006184 
2.903343 0.325953 0.006504 2.792091 0.235110 0.011136 2.927915 0.215763 0.004548 2.874886 0.112803 0.006328 
2.903361 0.325951 0.006652 2.792209 0.235713 0.011559 2.928018 0.216367 0.004581 2.874917 0.112798 0.006468 
2.903379 0.325948 0.006797 2.792355 0.236505 0.011981 2.928149 0.217162 0.004612 2.874952 0.112794 0.006605 
2.903396 0.325945 0.006940 2.792528 0.237479 0.012406 2.928306 0.218139 0.004639 2.874991 0.112788 0.006740 
2.903414 0.325943 0.007083 2.792728 0.238630 0.012836 2.928490 0.219292 0.004664 2.875034 0.112783 0.006875 
2.903433 0.325940 0.007227 2.792954 0.239953 0.013273 2.928699 0.220618 0.004687 2.875081 0.112776 0.007010 
2.903452 0.325937 0.007374 2.793208 0.241450 0.013722 2.928935 0.222116 0.004709 2.875133 0.112769 0.007146 
2.903472 0.325934 0.007523 2.793486 0.243103 0.014184 2.929194 0.223773 0.004728 2.875190 0.112762 0.007284 
2.903494 0.325931 0.007675 2.793789 0.244905 0.014662 2.929475 0.225577 0.004746 2.875251 0.112754 0.007424 
2.903520 0.325927 0.007831 2.794114 0.246841 0.015158 2.929777 0.227517 0.004762 2.875320 0.112745 0.007568 
2.903553 0.325923 0.007991 2.794460 0.248896 0.015675 2.930098 0.229576 0.004777 2.875398 0.112735 0.007715 
2.903595 0.325916 0.008157 2.794826 0.251056 0.016216 2.930434 0.231740 0.004790 2.875487 0.112723 0.007868 
2.903640 0.325910 0.008329 2.795211 0.253303 0.016785 2.930785 0.233992 0.004801 2.875581 0.112711 0.008026 
2.903686 0.325903 0.008510 2.795612 0.255626 0.017386 2.931148 0.236320 0.004812 2.875678 0.112698 0.008192 
2.903730 0.325897 0.008702 2.796029 0.258009 0.018024 2.931522 0.238709 0.004821 2.875774 0.112686 0.008367 
2.903774 0.325891 0.008904 2.796462 0.260436 0.018701 2.931904 0.241145 0.004830 2.875871 0.112673 0.008552 
2.903821 0.325884 0.009118 2.796908 0.262893 0.019422 2.932292 0.243610 0.004837 2.875970 0.112660 0.008747 
2.903868 0.325877 0.009346 2.797367 0.265365 0.020190 2.932684 0.246091 0.004844 2.876071 0.112647 0.008955 
2.903914 0.325871 0.009593 2.797841 0.267851 0.021012 2.933080 0.248588 0.004850 2.876170 0.112633 0.009174 
2.903957 0.325864 0.009857 2.798327 0.270320 0.021894 2.933476 0.251071 0.004855 2.876266 0.112620 0.009409 
2.903999 0.325858 0.010141 2.798825 0.272755 0.022840 2.933870 0.253521 0.004860 2.876359 0.112607 0.009661 
2.904044 0.325851 0.010447 2.799336 0.275144 0.023855 2.934260 0.255927 0.004865 2.876454 0.112594 0.009932 
2.904098 0.325843 0.010774 2.799859 0.277468 0.024945 2.934644 0.258271 0.004870 2.876555 0.112579 0.010223 
2.904163 0.325834 0.011124 2.800396 0.279712 0.026114 2.935020 0.260539 0.004874 2.876665 0.112564 0.010535 
2.904224 0.325825 0.011503 2.800948 0.281864 0.027373 2.935385 0.262718 0.004878 2.876769 0.112549 0.010873 
2.904190 0.325830 0.011935 2.801522 0.283911 0.028745 2.935740 0.264796 0.004881 2.876774 0.112546 0.011262 
2.904082 0.325846 0.012421 2.802120 0.285840 0.030234 2.936083 0.266760 0.004884 2.876702 0.112552 0.011701 
2.903926 0.325868 0.012962 2.802745 0.287635 0.031844 2.936412 0.268596 0.004887 2.876576 0.112564 0.012192 
2.908368 0.325224 0.012345 2.803221 0.289371 0.032806 2.936710 0.270386 0.004893 2.881063 0.112015 0.011537 
2.916342 0.324072 0.010790 2.803606 0.291293 0.033308 2.937008 0.272349 0.004894 2.889063 0.111044 0.009960 
2.925743 0.322810 0.008862 2.803959 0.294745 0.033787 2.937178 0.275128 0.004895 2.897361 0.110144 0.008008 
2.933034 0.321799 0.007383 2.804509 0.298882 0.034864 2.937363 0.278291 0.004894 2.903053 0.109521 0.006485 
2.936459 0.321340 0.006752 2.805419 0.303976 0.036866 2.937612 0.282030 0.004894 2.904240 0.109468 0.005777 
2.936094 0.321459 0.007056 2.806655 0.307909 0.039719 2.938010 0.285168 0.004895 2.902456 0.109796 0.005977 
2.933383 0.321939 0.008118 2.808039 0.309691 0.043121 2.938483 0.287094 0.004898 2.899747 0.110208 0.006916 
2.928577 0.322790 0.010098 2.809738 0.311687 0.047029 2.939020 0.289267 0.004902 2.894933 0.110940 0.008751 
2.924161 0.323557 0.012296 2.811606 0.313606 0.051010 2.939590 0.291484 0.004907 2.890661 0.111570 0.010800 
2.920369 0.324169 0.014519 2.813442 0.314685 0.054992 2.940026 0.293176 0.004875 2.887481 0.111987 0.012887 
2.918932 0.324379 0.016058 2.815484 0.316399 0.058793 2.940587 0.295326 0.004880 2.886343 0.112106 0.014284 
2.918514 0.324446 0.017259 2.817692 0.318642 0.062608 2.941148 0.297856 0.004881 2.885935 0.112151 0.015337 
2.915671 0.324983 0.019167 2.818532 0.318743 0.066659 2.940104 0.298447 0.004895 2.883510 0.112568 0.017478 
2.819570 0.322624 0.070095 2.880285 0.113712 0.019689 2.915373 0.325662 0.019732 2.939069 0.300445 0.004998 
2.821659 0.332499 0.072386 2.919034 0.326086 0.018068 2.877054 0.115514 0.021253 2.939003 0.305618 0.005113 
2.824292 0.341194 0.074596 2.871892 0.118075 0.025132 2.921784 0.326714 0.016989 2.938978 0.308550 0.005287 
2.826972 0.346554 0.077733 2.862909 0.122179 0.033033 2.920021 0.328689 0.018770 2.938116 0.308286 0.005597 
2.830118 0.350699 0.081162 2.855567 0.126568 0.041586 2.919415 0.330544 0.020428 2.937280 0.306821 0.006270 
2.832889 0.353123 0.085193 2.848184 0.132006 0.051811 2.918301 0.332963 0.022540 2.935361 0.303484 0.007433 
2.835947 0.355741 0.089158 2.843702 0.137068 0.061015 2.919543 0.334449 0.023009 2.933396 0.300310 0.008938 
2.839980 0.359236 0.093362 2.839710 0.142612 0.070793 2.920319 0.336221 0.024086 2.931852 0.298447 0.010514 
2.844851 0.362837 0.097768 2.836954 0.148434 0.081069 2.921350 0.338019 0.025324 2.930606 0.296961 0.012318 
2.849754 0.365562 0.103156 2.833410 0.156232 0.094240 2.920392 0.341566 0.028691 2.928424 0.294812 0.014866 
2.855709 0.368956 0.108684 2.831823 0.164823 0.108255 2.920824 0.344998 0.031723 2.926546 0.292904 0.018231 
2.860067 0.369493 0.116604 2.829476 0.177430 0.127282 2.918796 0.351546 0.037732 2.921669 0.287819 0.024386 
2.866289 0.372065 0.124400 2.831246 0.191982 0.146098 2.920683 0.357257 0.041027 2.917858 0.283230 0.032731 
2.872572 0.374962 0.133961 2.835789 0.210171 0.166143 2.923605 0.363805 0.043348 2.913139 0.278087 0.045063 
2.879543 0.379188 0.145221 2.843404 0.232470 0.186380 2.927435 0.371382 0.044683 2.908439 0.273862 0.061677 
2.883125 0.387968 0.158430 2.851803 0.256689 0.201871 2.930029 0.374252 0.039201 2.900665 0.272859 0.085512 
2.882274 0.397662 0.165865 2.854352 0.270329 0.203239 2.927765 0.392771 0.041862 2.898259 0.284789 0.089255 
2.877595 0.417487 0.161410 2.845301 0.286247 0.202396 2.920255 0.409877 0.042634 2.891636 0.305416 0.083183 
2.875994 0.437909 0.156697 2.837855 0.303879 0.201978 2.916100 0.427151 0.043498 2.887411 0.326176 0.077492 
2.875932 0.450948 0.155061 2.834260 0.315737 0.201395 2.914938 0.437932 0.043317 2.885121 0.339234 0.075514 
2.877117 0.459915 0.154879 2.832820 0.324989 0.201252 2.915609 0.445620 0.043078 2.884055 0.348047 0.075316 
2.876595 0.459643 0.159502 2.833393 0.328746 0.202101 2.916418 0.448463 0.043345 2.881821 0.347772 0.079875 
2.876613 0.455950 0.163881 2.834172 0.331655 0.204914 2.917245 0.452400 0.046810 2.880299 0.344950 0.083009 
2.876646 0.452515 0.166319 2.834553 0.330755 0.205354 2.917744 0.453544 0.048826 2.879644 0.342752 0.083769 
2.876628 0.449595 0.167559 2.834670 0.327618 0.204149 2.917855 0.452920 0.049623 2.879424 0.341239 0.083170 
2.876427 0.446520 0.168937 2.835016 0.322990 0.201632 2.917859 0.451267 0.049432 2.879285 0.339791 0.082509 
2.876806 0.447299 0.168839 2.834615 0.320574 0.197931 2.917948 0.452124 0.048901 2.879518 0.342596 0.079950 
2.878070 0.453612 0.168286 2.833476 0.325403 0.195440 2.918400 0.460202 0.050253 2.879552 0.351459 0.076430 
2.879666 0.465371 0.167946 2.831645 0.336998 0.193360 2.919238 0.474876 0.052667 2.879075 0.366303 0.072743 
2.881073 0.480128 0.168037 2.829326 0.352033 0.190815 2.920280 0.492431 0.054785 2.878006 0.384376 0.069533 
2.882397 0.496922 0.168158 2.826462 0.370216 0.188566 2.921571 0.512964 0.057850 2.876634 0.405037 0.066143 
2.883619 0.515645 0.168081 2.823057 0.389902 0.185538 2.922856 0.534082 0.059956 2.875004 0.427651 0.062876 
2.884941 0.533947 0.167604 2.819451 0.409070 0.182510 2.924094 0.554120 0.061937 2.873566 0.449901 0.059459 
2.886380 0.548783 0.166671 2.816062 0.424060 0.179027 2.925106 0.570089 0.063623 2.872774 0.468836 0.055694 
3.466586 -0.001176 0.224834 4.168005 -0.199460 0.335003 2.886545 0.558399 0.167198 2.813914 0.439683 0.180826 3.795388 -0.574199 0.572495 3.376535 -0.127936 0.226962 
3.464383 -0.005904 0.192022 4.169467 -0.209095 0.290137 2.886267 0.561224 0.167168 2.812376 0.444740 0.179443 3.809305 -0.612953 0.504529 3.372978 -0.132186 0.189213 
3.468153 -0.005676 0.159114 4.182030 -0.211865 0.236201 2.889190 0.563649 0.165978 2.812684 0.444363 0.176549 3.854826 -0.643933 0.431942 3.375915 -0.132133 0.156649 
3.476527 -0.001678 0.145337 4.183528 -0.189725 0.209630 2.894335 0.568374 0.164428 2.814214 0.446150 0.175437 3.882771 -0.645226 0.395929 3.384576 -0.128103 0.143311 
3.485722 0.001637 0.148097 4.181772 -0.168459 0.206731 2.897977 0.570216 0.163993 2.816572 0.447589 0.176319 3.894757 -0.631653 0.402007 3.394637 -0.124715 0.146796 
3.488957 0.002275 0.159208 4.178502 -0.162950 0.217794 2.899131 0.570082 0.164699 2.818277 0.448016 0.176924 3.888642 -0.618094 0.428331 3.398427 -0.123874 0.158289 
3.491400 0.004185 0.173192 4.172716 -0.156565 0.229196 2.899567 0.571502 0.165595 2.819181 0.450407 0.178315 3.877362 -0.597848 0.463633 3.401434 -0.121580 0.173066 
3.489705 0.004753 0.184191 4.165260 -0.152121 0.246562 2.898890 0.572978 0.164871 2.818764 0.452519 0.177931 3.859261 -0.586429 0.487241 3.399861 -0.120620 0.184061 
3.484033 0.003443 0.187223 4.163158 -0.162967 0.249120 2.896957 0.573095 0.164308 2.817417 0.453480 0.177671 3.847506 -0.584997 0.498724 3.393834 -0.121798 0.187220 
3.479158 0.002251 0.189817 4.161452 -0.171768 0.252246 2.894590 0.572403 0.164787 2.815810 0.453663 0.178374 3.838405 -0.584674 0.506842 3.388678 -0.122934 0.189929 
3.476273 0.001783 0.191888 4.159781 -0.175321 0.256470 2.892874 0.571991 0.165125 2.814582 0.453968 0.179057 3.832439 -0.584603 0.511367 3.385615 -0.123365 0.191998 
3.475040 0.001748 0.192974 4.158688 -0.175745 0.259098 2.891865 0.571741 0.165321 2.813847 0.454176 0.179516 3.829795 -0.584477 0.513116 3.384326 -0.123392 0.193044 
3.474781 0.001762 0.193206 4.158455 -0.175760 0.259651 2.891601 0.571669 0.165374 2.813655 0.454223 0.179641 3.829284 -0.584418 0.513487 3.384061 -0.123380 0.193263 
3.473830 0.001385 0.194910 4.150562 -0.155256 0.313214 2.891097 0.571598 0.166151 2.814339 0.458332 0.185108 3.843964 -0.620721 0.453129 3.382703 -0.123857 0.190413 
3.472124 0.000353 0.194228 4.115068 -0.141326 0.418657 2.891451 0.573224 0.165309 2.813790 0.460062 0.186979 3.891898 -0.650665 0.320624 3.381695 -0.124463 0.181460 
3.471539 -0.000383 0.188561 4.068621 -0.164182 0.496026 2.892257 0.574362 0.164235 2.813350 0.459674 0.186755 3.955779 -0.623616 0.193972 3.383216 -0.124000 0.168921 
3.384572 -0.123346 0.158162 3.468517 -0.002470 0.185716 2.892354 0.573660 0.164195 2.813687 0.459014 0.186975 4.030703 -0.526554 0.082384 3.992259 -0.234866 0.566270 
3.379716 -0.125865 0.156081 3.461956 -0.006335 0.186551 2.892014 0.572644 0.164694 2.814123 0.458335 0.186501 4.054441 -0.484069 0.059207 3.958859 -0.285773 0.584081 
3.366533 -0.133192 0.170941 3.448888 -0.013631 0.202447 2.891839 0.572010 0.165237 2.814639 0.458432 0.186582 4.058044 -0.509239 0.098984 3.934531 -0.327943 0.612566 
3.435663 -0.018646 0.228398 3.903066 -0.345269 0.652181 2.891329 0.571370 0.165919 2.815026 0.459049 0.187365 4.048187 -0.545696 0.167695 3.353630 -0.138779 0.196682 
3.424142 -0.019972 0.259940 3.857099 -0.352505 0.697333 2.890697 0.570688 0.166542 2.815292 0.460064 0.188958 4.041232 -0.560094 0.246823 3.344030 -0.140711 0.227704 
2.890227 0.570251 0.167001 2.815499 0.461181 0.190697 3.420412 -0.015696 0.288699 3.804394 -0.331143 0.732100 4.050590 -0.527258 0.305345 3.344067 -0.136710 0.256481 
2.889717 0.569842 0.167200 2.815349 0.461785 0.191964 3.415969 -0.012490 0.307210 3.741626 -0.320253 0.748177 4.072964 -0.462282 0.334437 3.344390 -0.132851 0.274835 
3.338704 -0.133531 0.281297 3.408026 -0.013698 0.314018 2.889296 0.569414 0.167427 2.815228 0.461954 0.192388 4.082402 -0.430239 0.348942 3.705069 -0.335396 0.752013 
3.330489 -0.135847 0.284479 3.398398 -0.016403 0.317557 2.889184 0.569280 0.167541 2.815209 0.462095 0.192539 4.086551 -0.411589 0.362542 3.676698 -0.358867 0.752400 
3.319746 -0.138536 0.284881 3.388634 -0.018903 0.317864 2.889004 0.569978 0.167614 2.814952 0.462431 0.191932 4.079384 -0.425087 0.364766 3.669215 -0.370780 0.755805 
3.298839 -0.141855 0.288789 3.370088 -0.021588 0.321802 2.887982 0.570874 0.167850 2.814247 0.463454 0.191431 4.051341 -0.467693 0.374283 3.657766 -0.371787 0.767475 
2.886959 0.571914 0.168431 2.813919 0.465429 0.191540 3.344098 -0.022523 0.331397 3.624756 -0.363120 0.782861 4.004455 -0.512164 0.403856 3.271022 -0.143186 0.298597 
2.886184 0.573694 0.169148 2.813843 0.468579 0.191966 3.321444 -0.020792 0.341167 3.589361 -0.347702 0.795008 3.958924 -0.539636 0.433460 3.247238 -0.141480 0.308721 
2.885413 0.575102 0.169925 2.813803 0.471536 0.192603 3.306458 -0.018230 0.348531 3.562810 -0.331710 0.802188 3.926490 -0.551677 0.454695 3.231687 -0.138773 0.316480 
2.884951 0.576453 0.170484 2.813750 0.474178 0.193367 3.299031 -0.016349 0.352327 3.547653 -0.322608 0.805131 3.910483 -0.554780 0.465615 3.223978 -0.136674 0.320611 
2.884724 0.577321 0.170809 2.813732 0.476001 0.194113 3.297331 -0.015726 0.352934 3.542019 -0.322096 0.805222 3.908012 -0.553886 0.468445 3.222221 -0.135856 0.321288 
2.884681 0.577262 0.170843 2.813728 0.476325 0.194534 3.299101 -0.016296 0.351808 3.543996 -0.325984 0.804156 3.912751 -0.552459 0.466056 3.224048 -0.136359 0.319978 
2.884932 0.577421 0.170552 2.813656 0.476321 0.194740 3.302900 -0.017163 0.349982 3.551074 -0.330928 0.802781 3.920668 -0.551064 0.460781 3.227868 -0.137233 0.317907 
2.885221 0.577492 0.170272 2.813692 0.476239 0.195002 3.307241 -0.017795 0.348421 3.559560 -0.334614 0.801584 3.928932 -0.549195 0.455345 3.232253 -0.137927 0.316113 
2.885389 0.577276 0.170226 2.813937 0.476253 0.195546 3.311264 -0.018048 0.347604 3.567190 -0.336022 0.800845 3.935939 -0.546736 0.451215 3.236352 -0.138257 0.315201 
2.885500 0.576941 0.170274 2.814218 0.476060 0.195661 3.314432 -0.017955 0.347604 3.572560 -0.335065 0.800586 3.940899 -0.543865 0.448944 3.239648 -0.138229 0.315173 
2.885757 0.576927 0.170211 2.814422 0.475959 0.195604 3.316191 -0.017728 0.347893 3.574797 -0.332674 0.800440 3.943532 -0.541216 0.447670 3.241510 -0.138034 0.315480 
2.885776 0.576903 0.170220 2.814448 0.475903 0.195519 3.316324 -0.017700 0.347941 3.574928 -0.332363 0.800438 3.943672 -0.541002 0.447612 3.241654 -0.138006 0.315530 
2.885775 0.576901 0.170223 2.814450 0.475903 0.195522 3.316318 -0.017700 0.347943 3.574920 -0.332356 0.800438 3.943659 -0.541008 0.447614 3.241648 -0.138005 0.315531 
2.885774 0.576897 0.170226 2.814451 0.475901 0.195523 3.316305 -0.017699 0.347947 3.574901 -0.332342 0.800441 3.943627 -0.541024 0.447627 3.241635 -0.138004 0.315536 
2.885772 0.576894 0.170230 2.814452 0.475900 0.195525 3.316292 -0.017697 0.347952 3.574881 -0.332327 0.800444 3.943602 -0.541031 0.447639 3.241621 -0.138003 0.315541 
2.885771 0.576891 0.170233 2.814453 0.475901 0.195527 3.316278 -0.017696 0.347957 3.574859 -0.332311 0.800448 3.943568 -0.541047 0.447652 3.241607 -0.138001 0.315547 
2.885772 0.576894 0.170236 2.814454 0.475902 0.195526 3.316259 -0.017693 0.347964 3.574826 -0.332290 0.800454 3.943523 -0.541065 0.447674 3.241586 -0.137998 0.315557 
2.885773 0.576899 0.170238 2.814455 0.475905 0.195524 3.316230 -0.017688 0.347975 3.574779 -0.332256 0.800465 3.943458 -0.541090 0.447706 3.241554 -0.137992 0.315573 
2.885775 0.576909 0.170242 2.814455 0.475911 0.195518 3.316176 -0.017680 0.347995 3.574690 -0.332197 0.800485 3.943337 -0.541135 0.447768 3.241497 -0.137982 0.315602 
2.885777 0.576924 0.170248 2.814456 0.475922 0.195510 3.316089 -0.017665 0.348028 3.574542 -0.332099 0.800520 3.943145 -0.541205 0.447870 3.241403 -0.137965 0.315650 
2.885779 0.576944 0.170255 2.814456 0.475935 0.195497 3.315978 -0.017647 0.348071 3.574353 -0.331974 0.800565 3.942890 -0.541302 0.448004 3.241283 -0.137944 0.315712 
2.885781 0.576965 0.170263 2.814457 0.475949 0.195485 3.315856 -0.017626 0.348118 3.574161 -0.331821 0.800619 3.942591 -0.541434 0.448149 3.241150 -0.137920 0.315780 
2.885779 0.576975 0.170273 2.814459 0.475959 0.195475 3.315731 -0.017606 0.348167 3.573983 -0.331648 0.800678 3.942284 -0.541573 0.448287 3.241015 -0.137897 0.315846 
2.885773 0.576979 0.170284 2.814460 0.475967 0.195468 3.315609 -0.017587 0.348215 3.573808 -0.331478 0.800736 3.941980 -0.541712 0.448425 3.240882 -0.137875 0.315909 
2.885770 0.576987 0.170293 2.814462 0.475976 0.195458 3.315490 -0.017567 0.348261 3.573644 -0.331307 0.800794 3.941675 -0.541858 0.448557 3.240752 -0.137854 0.315971 
2.885766 0.576993 0.170303 2.814464 0.475984 0.195451 3.315375 -0.017549 0.348306 3.573483 -0.331145 0.800850 3.941385 -0.541994 0.448685 3.240627 -0.137833 0.316030 
2.885761 0.576996 0.170313 2.814465 0.475992 0.195444 3.315267 -0.017535 0.348343 3.573325 -0.331011 0.800897 3.941117 -0.542126 0.448801 3.240509 -0.137817 0.316079 
2.885752 0.576992 0.170325 2.814466 0.475997 0.195439 3.315155 -0.017527 0.348373 3.573148 -0.330912 0.800935 3.940864 -0.542252 0.448915 3.240389 -0.137806 0.316118 
2.885741 0.576985 0.170339 2.814468 0.476002 0.195435 3.315021 -0.017520 0.348405 3.572932 -0.330818 0.800977 3.940559 -0.542415 0.449068 3.240247 -0.137796 0.316158 
2.885729 0.576976 0.170354 2.814470 0.476008 0.195431 3.314855 -0.017514 0.348444 3.572661 -0.330727 0.801030 3.940156 -0.542660 0.449302 3.240072 -0.137786 0.316204 
2.885717 0.576968 0.170369 2.814472 0.476014 0.195427 3.314675 -0.017507 0.348488 3.572371 -0.330631 0.801090 3.939696 -0.542954 0.449575 3.239882 -0.137776 0.316255 
2.885705 0.576962 0.170384 2.814473 0.476020 0.195421 3.314493 -0.017499 0.348531 3.572076 -0.330534 0.801151 3.939232 -0.543248 0.449854 3.239690 -0.137765 0.316307 
2.885695 0.576957 0.170398 2.814476 0.476027 0.195416 3.314313 -0.017492 0.348575 3.571785 -0.330439 0.801212 3.938763 -0.543551 0.450135 3.239500 -0.137754 0.316358 
2.885683 0.576950 0.170412 2.814477 0.476033 0.195410 3.314137 -0.017486 0.348615 3.571499 -0.330355 0.801269 3.938308 -0.543847 0.450413 3.239315 -0.137745 0.316406 
2.885673 0.576945 0.170425 2.814478 0.476039 0.195407 3.313971 -0.017483 0.348650 3.571228 -0.330287 0.801321 3.937881 -0.544129 0.450670 3.239140 -0.137739 0.316447 
2.885662 0.576938 0.170439 2.814480 0.476045 0.195403 3.313811 -0.017481 0.348682 3.570969 -0.330224 0.801370 3.937458 -0.544416 0.450918 3.238970 -0.137733 0.316485 
2.885652 0.576932 0.170451 2.814481 0.476051 0.195399 3.313653 -0.017480 0.348711 3.570734 -0.330153 0.801422 3.937032 -0.544713 0.451152 3.238801 -0.137728 0.316520 
2.885641 0.576926 0.170464 2.814482 0.476056 0.195394 3.313502 -0.017478 0.348738 3.570514 -0.330086 0.801472 3.936613 -0.545011 0.451376 3.238639 -0.137724 0.316553 
2.885631 0.576920 0.170477 2.814483 0.476063 0.195391 3.313358 -0.017476 0.348764 3.570314 -0.330007 0.801523 3.936199 -0.545308 0.451587 3.238483 -0.137718 0.316586 
2.885621 0.576915 0.170489 2.814483 0.476068 0.195386 3.313225 -0.017470 0.348797 3.570120 -0.329895 0.801574 3.935805 -0.545568 0.451796 3.238339 -0.137709 0.316625 
2.885611 0.576909 0.170501 2.814485 0.476074 0.195383 3.313099 -0.017460 0.348837 3.569924 -0.329752 0.801625 3.935423 -0.545802 0.452006 3.238204 -0.137697 0.316673 
2.885602 0.576904 0.170513 2.814485 0.476079 0.195378 3.312978 -0.017448 0.348878 3.569733 -0.329594 0.801677 3.935046 -0.546025 0.452212 3.238074 -0.137682 0.316723 
2.885592 0.576898 0.170524 2.814486 0.476084 0.195375 3.312858 -0.017437 0.348920 3.569542 -0.329438 0.801727 3.934676 -0.546241 0.452415 3.237946 -0.137668 0.316773 
2.885582 0.576892 0.170536 2.814488 0.476090 0.195371 3.312740 -0.017426 0.348958 3.569354 -0.329292 0.801776 3.934311 -0.546458 0.452614 3.237819 -0.137655 0.316820 
2.885573 0.576888 0.170547 2.814488 0.476095 0.195366 3.312620 -0.017416 0.348997 3.569167 -0.329145 0.801825 3.933938 -0.546684 0.452813 3.237690 -0.137642 0.316867 
2.885563 0.576882 0.170559 2.814489 0.476101 0.195362 3.312497 -0.017404 0.349037 3.568975 -0.328999 0.801875 3.933569 -0.546899 0.453014 3.237559 -0.137628 0.316915 
2.885553 0.576876 0.170571 2.814490 0.476107 0.195360 3.312378 -0.017394 0.349076 3.568784 -0.328854 0.801923 3.933205 -0.547112 0.453213 3.237431 -0.137615 0.316962 
2.885544 0.576871 0.170583 2.814491 0.476112 0.195355 3.312260 -0.017383 0.349114 3.568595 -0.328714 0.801970 3.932848 -0.547321 0.453409 3.237305 -0.137602 0.317008 
2.885534 0.576865 0.170594 2.814492 0.476117 0.195353 3.312144 -0.017373 0.349151 3.568412 -0.328575 0.802016 3.932494 -0.547529 0.453598 3.237182 -0.137589 0.317053 
2.885525 0.576861 0.170605 2.814493 0.476122 0.195348 3.312032 -0.017364 0.349187 3.568236 -0.328439 0.802061 3.932154 -0.547727 0.453780 3.237061 -0.137577 0.317096 
2.885516 0.576855 0.170616 2.814494 0.476128 0.195346 3.311918 -0.017354 0.349223 3.568054 -0.328303 0.802107 3.931805 -0.547932 0.453968 3.236939 -0.137564 0.317140 
2.885507 0.576850 0.170627 2.814495 0.476133 0.195342 3.311807 -0.017343 0.349260 3.567881 -0.328163 0.802152 3.931463 -0.548131 0.454149 3.236820 -0.137551 0.317184 
2.885498 0.576845 0.170638 2.814496 0.476138 0.195338 3.311694 -0.017332 0.349297 3.567704 -0.328022 0.802198 3.931123 -0.548323 0.454332 3.236699 -0.137537 0.317230 
2.885489 0.576840 0.170649 2.814497 0.476143 0.195335 3.311581 -0.017320 0.349336 3.567523 -0.327878 0.802244 3.930777 -0.548518 0.454519 3.236578 -0.137523 0.317277 
2.885480 0.576835 0.170660 2.814498 0.476149 0.195331 3.311471 -0.017310 0.349373 3.567348 -0.327738 0.802288 3.930445 -0.548704 0.454697 3.236461 -0.137510 0.317321 
2.885471 0.576830 0.170671 2.814498 0.476153 0.195326 3.311363 -0.017300 0.349408 3.567177 -0.327607 0.802330 3.930118 -0.548889 0.454871 3.236345 -0.137497 0.317364 
2.885462 0.576825 0.170682 2.814499 0.476159 0.195324 3.311254 -0.017289 0.349444 3.567004 -0.327471 0.802374 3.929785 -0.549079 0.455047 3.236228 -0.137485 0.317407 
2.885453 0.576821 0.170692 2.814500 0.476163 0.195319 3.311145 -0.017278 0.349479 3.566833 -0.327336 0.802417 3.929459 -0.549261 0.455220 3.236112 -0.137471 0.317450 
2.885444 0.576815 0.170703 2.814501 0.476168 0.195316 3.311037 -0.017268 0.349515 3.566661 -0.327201 0.802460 3.929133 -0.549443 0.455393 3.235997 -0.137458 0.317494 
2.885435 0.576810 0.170714 2.814502 0.476173 0.195313 3.310931 -0.017257 0.349551 3.566490 -0.327066 0.802502 3.928814 -0.549617 0.455564 3.235883 -0.137445 0.317537 
2.885426 0.576805 0.170724 2.814503 0.476178 0.195309 3.310828 -0.017247 0.349585 3.566324 -0.326939 0.802542 3.928503 -0.549789 0.455729 3.235773 -0.137432 0.317578 
2.885418 0.576800 0.170735 2.814504 0.476184 0.195308 3.310727 -0.017238 0.349617 3.566161 -0.326817 0.802580 3.928201 -0.549956 0.455889 3.235665 -0.137421 0.317616 
2.885410 0.576796 0.170745 2.814504 0.476188 0.195302 3.310625 -0.017228 0.349650 3.566006 -0.326688 0.802620 3.927892 -0.550129 0.456047 3.235555 -0.137408 0.317657 
2.885401 0.576791 0.170755 2.814505 0.476193 0.195300 3.310524 -0.017218 0.349683 3.565839 -0.326564 0.802659 3.927590 -0.550292 0.456210 3.235448 -0.137396 0.317697 
2.885393 0.576787 0.170765 2.814506 0.476198 0.195296 3.310424 -0.017207 0.349717 3.565686 -0.326430 0.802700 3.927282 -0.550463 0.456367 3.235341 -0.137383 0.317739 
2.885384 0.576782 0.170775 2.814507 0.476202 0.195292 3.310324 -0.017196 0.349751 3.565522 -0.326303 0.802738 3.926986 -0.550619 0.456526 3.235234 -0.137370 0.317780 
2.885377 0.576778 0.170785 2.814507 0.476207 0.195288 3.310223 -0.017185 0.349785 3.565365 -0.326169 0.802779 3.926679 -0.550786 0.456682 3.235126 -0.137356 0.317822 
2.885368 0.576773 0.170795 2.814509 0.476211 0.195285 3.310121 -0.017174 0.349821 3.565199 -0.326039 0.802818 3.926377 -0.550943 0.456845 3.235017 -0.137343 0.317864 
2.885361 0.576770 0.170805 2.814509 0.476216 0.195281 3.310020 -0.017161 0.349856 3.565047 -0.325898 0.802860 3.926067 -0.551110 0.456999 3.234908 -0.137328 0.317908 
2.885351 0.576763 0.170816 2.814511 0.476220 0.195279 3.309916 -0.017150 0.349892 3.564870 -0.325770 0.802899 3.925769 -0.551259 0.457165 3.234799 -0.137314 0.317951 
2.885343 0.576758 0.170825 2.814511 0.476225 0.195275 3.309819 -0.017140 0.349923 3.564712 -0.325652 0.802934 3.925490 -0.551402 0.457311 3.234695 -0.137302 0.317988 
2.885335 0.576754 0.170835 2.814511 0.476230 0.195273 3.309722 -0.017131 0.349953 3.564552 -0.325537 0.802969 3.925202 -0.551557 0.457459 3.234591 -0.137290 0.318024 
