2.943871 0.319674 0.003548 2.807292 0.339421 0.004077 2.912853 0.107744 0.004622 2.777147 0.124284 0.005161 
2.943831 0.319769 0.003708 2.807251 0.339510 0.004327 2.912820 0.107836 0.004311 2.777114 0.124370 0.004932 
2.943844 0.319671 0.003607 2.807272 0.339465 0.004143 2.912752 0.107750 0.004456 2.777052 0.124338 0.004998 
2.943884 0.319708 0.003814 2.807316 0.339533 0.004249 2.912742 0.107794 0.004347 2.777045 0.124412 0.004786 
2.943755 0.319444 0.003145 2.807204 0.339381 0.003761 2.912443 0.107559 0.004555 2.776762 0.124288 0.005185 
2.943708 0.319427 0.003140 2.807158 0.339369 0.003808 2.912390 0.107543 0.004596 2.776709 0.124278 0.005278 
2.943759 0.319532 0.003206 2.807216 0.339518 0.003924 2.912371 0.107656 0.004182 2.776695 0.124433 0.004908 
2.943308 0.320036 0.002969 2.806748 0.339890 0.004083 2.912125 0.108129 0.003611 2.776436 0.124774 0.004723 
2.943303 0.320048 0.003163 2.806742 0.339898 0.004188 2.912122 0.108139 0.003692 2.776433 0.124783 0.004714 
2.943166 0.320199 0.003286 2.806606 0.340040 0.004650 2.911994 0.108288 0.003122 2.776306 0.124922 0.004470 
2.943162 0.320199 0.003442 2.806602 0.340041 0.004683 2.911991 0.108289 0.003294 2.776301 0.124923 0.004521 
2.943144 0.320216 0.003574 2.806581 0.340050 0.004769 2.911982 0.108304 0.003352 2.776292 0.124931 0.004532 
2.943074 0.320192 0.003495 2.806510 0.340004 0.004790 2.911948 0.108275 0.003474 2.776256 0.124880 0.004756 
2.943074 0.320192 0.003621 2.806509 0.340004 0.004898 2.911948 0.108275 0.003606 2.776255 0.124880 0.004871 
2.943081 0.320191 0.003738 2.806518 0.340003 0.005227 2.911955 0.108273 0.003721 2.776264 0.124879 0.005195 
2.943092 0.320189 0.003849 2.806534 0.340000 0.005705 2.911966 0.108272 0.003828 2.776280 0.124876 0.005667 
2.943107 0.320187 0.003950 2.806556 0.339997 0.006271 2.911981 0.108269 0.003928 2.776302 0.124873 0.006226 
2.943123 0.320184 0.004042 2.806581 0.339993 0.006861 2.911997 0.108267 0.004019 2.776327 0.124869 0.006810 
2.943138 0.320182 0.004126 2.806607 0.339989 0.007422 2.912013 0.108264 0.004100 2.776353 0.124865 0.007364 
2.943153 0.320179 0.004203 2.806633 0.339985 0.007955 2.912028 0.108262 0.004174 2.776379 0.124861 0.007890 
2.943168 0.320177 0.004272 2.806660 0.339980 0.008465 2.912042 0.108260 0.004240 2.776406 0.124856 0.008392 
2.943182 0.320175 0.004336 2.806688 0.339976 0.008953 2.912056 0.108257 0.004300 2.776433 0.124852 0.008873 
2.943196 0.320172 0.004393 2.806716 0.339972 0.009425 2.912070 0.108255 0.004354 2.776462 0.124848 0.009337 
2.943209 0.320170 0.004445 2.806745 0.339967 0.009881 2.912084 0.108253 0.004403 2.776490 0.124843 0.009786 
2.943223 0.320168 0.004491 2.806775 0.339963 0.010325 2.912097 0.108251 0.004448 2.776520 0.124839 0.010226 
2.943236 0.320166 0.004531 2.806805 0.339958 0.010759 2.912111 0.108249 0.004490 2.776550 0.124834 0.010657 
2.943250 0.320164 0.004568 2.806836 0.339953 0.011187 2.912124 0.108247 0.004527 2.776581 0.124829 0.011082 
2.943263 0.320162 0.004601 2.806869 0.339949 0.011611 2.912137 0.108245 0.004561 2.776613 0.124825 0.011503 
2.943277 0.320160 0.004631 2.806903 0.339944 0.012034 2.912151 0.108243 0.004592 2.776647 0.124820 0.011924 
2.943290 0.320158 0.004657 2.806938 0.339938 0.012459 2.912164 0.108241 0.004620 2.776682 0.124815 0.012347 
2.943305 0.320156 0.004681 2.806976 0.339933 0.012890 2.912179 0.108239 0.004646 2.776719 0.124809 0.012775 
2.943319 0.320154 0.004703 2.807015 0.339927 0.013328 2.912193 0.108237 0.004670 2.776759 0.124803 0.013211 
2.943334 0.320152 0.004724 2.807058 0.339921 0.013778 2.912208 0.108235 0.004691 2.776800 0.124797 0.013657 
2.943349 0.320149 0.004743 2.807103 0.339914 0.014240 2.912223 0.108232 0.004711 2.776845 0.124791 0.014116 
2.943366 0.320147 0.004760 2.807151 0.339907 0.014718 2.912239 0.108230 0.004729 2.776893 0.124784 0.014591 
2.943383 0.320145 0.004775 2.807203 0.339900 0.015215 2.912256 0.108227 0.004746 2.776945 0.124776 0.015084 
2.943400 0.320142 0.004788 2.807260 0.339891 0.015732 2.912274 0.108225 0.004761 2.777001 0.124768 0.015599 
2.943419 0.320139 0.004800 2.807321 0.339883 0.016272 2.912292 0.108222 0.004775 2.777061 0.124759 0.016137 
2.943438 0.320136 0.004810 2.807388 0.339873 0.016841 2.912312 0.108219 0.004789 2.777128 0.124750 0.016703 
2.943459 0.320134 0.004819 2.807461 0.339862 0.017441 2.912332 0.108216 0.004801 2.777201 0.124739 0.017301 
2.943481 0.320130 0.004827 2.807542 0.339851 0.018078 2.912354 0.108213 0.004813 2.777281 0.124728 0.017936 
2.943505 0.320127 0.004833 2.807631 0.339838 0.018754 2.912378 0.108210 0.004824 2.777369 0.124715 0.018610 
2.943530 0.320123 0.004839 2.807730 0.339824 0.019474 2.912403 0.108206 0.004834 2.777467 0.124701 0.019328 
2.943557 0.320120 0.004844 2.807839 0.339808 0.020241 2.912430 0.108202 0.004844 2.777576 0.124686 0.020093 
2.943586 0.320115 0.004850 2.807961 0.339790 0.021065 2.912459 0.108198 0.004850 2.777698 0.124668 0.020909 
2.943617 0.320111 0.004855 2.808098 0.339770 0.021947 2.912490 0.108194 0.004855 2.777833 0.124648 0.021783 
2.943650 0.320106 0.004860 2.808251 0.339748 0.022894 2.912524 0.108189 0.004860 2.777985 0.124626 0.022720 
2.943686 0.320101 0.004865 2.808423 0.339723 0.023910 2.912559 0.108184 0.004865 2.778155 0.124601 0.023727 
2.943725 0.320095 0.004870 2.808615 0.339695 0.025001 2.912598 0.108178 0.004870 2.778346 0.124573 0.024808 
2.943766 0.320089 0.004873 2.808832 0.339663 0.026171 2.912639 0.108172 0.004876 2.778561 0.124541 0.025968 
2.943811 0.320082 0.004877 2.809077 0.339628 0.027430 2.912684 0.108165 0.004881 2.778804 0.124506 0.027218 
2.943860 0.320075 0.004879 2.809357 0.339587 0.028803 2.912733 0.108158 0.004887 2.779082 0.124466 0.028580 
2.943913 0.320068 0.004882 2.809678 0.339540 0.030292 2.912786 0.108151 0.004893 2.779400 0.124420 0.030059 
2.943971 0.320059 0.004884 2.810044 0.339487 0.031903 2.912844 0.108142 0.004899 2.779763 0.124367 0.031658 
2.944005 0.320054 0.004890 2.810271 0.339454 0.032866 2.912878 0.108137 0.004904 2.779988 0.124334 0.032611 
2.944024 0.320051 0.004891 2.810395 0.339459 0.033367 2.912860 0.108140 0.004905 2.780075 0.124344 0.033107 
2.944041 0.320048 0.004891 2.810623 0.340186 0.033843 2.911696 0.108314 0.004908 2.779103 0.125243 0.033581 
2.944079 0.320042 0.004890 2.811057 0.341197 0.034917 2.910061 0.108570 0.004910 2.777835 0.126512 0.034648 
2.944151 0.320030 0.004890 2.811823 0.342559 0.036917 2.907825 0.108942 0.004913 2.776254 0.128249 0.036632 
2.944254 0.320011 0.004891 2.812786 0.343328 0.039771 2.906471 0.109179 0.004916 2.775732 0.129271 0.039460 
2.944378 0.319989 0.004894 2.813831 0.343141 0.043176 2.906595 0.109157 0.004916 2.776767 0.129085 0.042829 
2.944521 0.319963 0.004900 2.815145 0.342904 0.047085 2.906739 0.109131 0.004917 2.778071 0.128851 0.046697 
2.944667 0.319937 0.004904 2.816598 0.342546 0.051068 2.907041 0.109077 0.004921 2.779670 0.128467 0.050640 
2.944720 0.319946 0.004872 2.818056 0.341913 0.055050 2.907730 0.108973 0.004899 2.781760 0.127726 0.054594 
2.944862 0.319921 0.004877 2.819691 0.341439 0.058850 2.908182 0.108894 0.004907 2.783694 0.127201 0.058361 
2.944978 0.319899 0.004877 2.821469 0.341120 0.062663 2.908314 0.108870 0.004911 2.785472 0.126882 0.062141 
2.943829 0.320186 0.004853 2.822205 0.340903 0.066678 2.907649 0.109074 0.005259 2.786680 0.126586 0.066495 
2.823251 0.343079 0.069943 2.784782 0.129277 0.071525 2.942785 0.320479 0.004791 2.903721 0.109892 0.006969 
2.824978 0.347989 0.072025 2.942311 0.320665 0.004716 2.779480 0.135623 0.076980 2.896337 0.111540 0.010240 
2.827532 0.353927 0.073988 2.774031 0.143617 0.084045 2.942171 0.320828 0.004660 2.888333 0.113783 0.015234 
2.830828 0.359767 0.076697 2.770140 0.151813 0.093010 2.941917 0.321060 0.004550 2.881026 0.116392 0.021320 
2.834968 0.365478 0.079481 2.767614 0.160265 0.102818 2.942072 0.321171 0.004584 2.874646 0.119258 0.028304 
2.839557 0.371449 0.082330 2.766071 0.169465 0.113886 2.941979 0.321390 0.004562 2.868552 0.122715 0.036414 
2.844599 0.377430 0.084739 2.765514 0.179169 0.125139 2.942001 0.321570 0.004510 2.863101 0.126622 0.045106 
2.850204 0.382967 0.087351 2.766483 0.188643 0.136573 2.942027 0.321748 0.004498 2.858609 0.130732 0.053816 
2.856500 0.388190 0.089983 2.769137 0.198051 0.148368 2.942205 0.321885 0.004530 2.855255 0.135044 0.062907 
2.863181 0.393349 0.092937 2.773455 0.207661 0.161222 2.941810 0.322180 0.004639 2.852596 0.139774 0.072804 
2.870909 0.398906 0.095504 2.779393 0.218571 0.174862 2.941710 0.322441 0.005036 2.850806 0.145363 0.084139 
2.878710 0.404965 0.097782 2.787231 0.230908 0.190138 2.940303 0.322886 0.005515 2.849524 0.152050 0.097451 
2.888705 0.412601 0.097914 2.797439 0.247566 0.205746 2.940278 0.323344 0.006168 2.849803 0.161472 0.113357 
2.899609 0.421366 0.095984 2.810315 0.268107 0.221411 2.940188 0.324027 0.006975 2.851762 0.173843 0.131488 
2.911232 0.430706 0.091589 2.826072 0.292256 0.235718 2.940142 0.324857 0.007898 2.855903 0.189355 0.150799 
2.919740 0.442211 0.082089 2.840635 0.325022 0.247022 2.937266 0.326452 0.009036 2.859105 0.212006 0.172348 
2.918646 0.457571 0.085689 2.844448 0.335356 0.249249 2.934625 0.344030 0.008896 2.861316 0.224608 0.170890 
2.912283 0.473951 0.087204 2.836539 0.350658 0.249239 2.926304 0.361250 0.008809 2.851489 0.240757 0.169314 
2.909704 0.490284 0.088103 2.830665 0.367483 0.248934 2.921083 0.377960 0.008743 2.843046 0.257949 0.168070 
2.909767 0.501481 0.088417 2.828297 0.379804 0.248888 2.918905 0.389189 0.008724 2.838491 0.270285 0.167700 
2.911697 0.509608 0.088435 2.828125 0.389510 0.249016 2.918571 0.397163 0.008730 2.836107 0.279819 0.167813 
2.913496 0.512182 0.088548 2.829719 0.392905 0.249632 2.918654 0.399706 0.008757 2.836004 0.283171 0.168338 
2.915324 0.511570 0.089797 2.831564 0.391225 0.250094 2.918948 0.399962 0.008714 2.836329 0.282365 0.167531 
2.916232 0.510316 0.091411 2.832383 0.387888 0.250075 2.919171 0.399946 0.008623 2.836471 0.280283 0.165847 
2.916449 0.508960 0.093152 2.832608 0.383971 0.249812 2.919184 0.399997 0.008514 2.836494 0.277796 0.163779 
2.916388 0.507789 0.095077 2.832877 0.379748 0.249432 2.919181 0.400448 0.008393 2.836816 0.275223 0.161404 
2.916513 0.509380 0.097368 2.832488 0.378007 0.248612 2.919153 0.404070 0.008224 2.836282 0.275540 0.158191 
2.917640 0.515842 0.100141 2.832028 0.381205 0.247576 2.919044 0.413101 0.008020 2.834620 0.281328 0.154261 
2.919597 0.527677 0.103272 2.831334 0.389957 0.246228 2.918920 0.428048 0.007786 2.831903 0.293205 0.149643 
2.921931 0.542686 0.106352 2.830323 0.402424 0.244657 2.918768 0.446395 0.007549 2.828476 0.309016 0.144851 
2.924539 0.559704 0.109619 2.828801 0.417077 0.242606 2.918672 0.467309 0.007283 2.824333 0.327560 0.139375 
2.927209 0.578195 0.112574 2.826795 0.434108 0.240440 2.918477 0.489714 0.007032 2.819555 0.348489 0.134106 
2.929751 0.595673 0.115286 2.824506 0.450698 0.238165 2.918247 0.511168 0.006794 2.814588 0.369029 0.128978 
2.931805 0.609264 0.117884 2.822169 0.463290 0.235634 2.918061 0.528886 0.006553 2.810095 0.385723 0.123708 
3.963618 -0.580350 0.321092 3.932428 -0.638476 0.318969 2.933414 0.620108 0.121578 2.820184 0.471025 0.231791 3.924542 -0.634777 0.333556 2.805935 0.399801 0.115973 
3.962814 -0.597728 0.255937 3.931920 -0.655827 0.250825 2.933993 0.623867 0.124008 2.818540 0.472330 0.228414 3.924611 -0.653271 0.265948 2.803637 0.405627 0.110015 
3.975065 -0.605796 0.192727 3.944514 -0.663946 0.186309 2.936163 0.624134 0.123839 2.819422 0.473811 0.228567 3.938703 -0.662650 0.202222 2.804109 0.406885 0.110346 
3.985497 -0.596369 0.165332 3.956738 -0.655424 0.158898 2.939721 0.625538 0.124248 2.821384 0.476490 0.229010 3.951681 -0.654727 0.175103 2.805570 0.409572 0.110851 
3.994603 -0.583656 0.170225 3.967566 -0.643632 0.164952 2.942752 0.626138 0.124487 2.823855 0.477638 0.229393 3.962583 -0.642813 0.181174 2.807644 0.410758 0.111266 
3.994878 -0.577507 0.191009 3.968195 -0.637747 0.187117 2.944201 0.626560 0.124967 2.825464 0.477770 0.229641 3.962890 -0.636437 0.203204 2.809345 0.411043 0.111415 
3.992960 -0.568859 0.216895 3.966593 -0.629336 0.215091 2.944990 0.628472 0.125580 2.826282 0.479587 0.230154 3.960892 -0.627325 0.230969 2.810079 0.412999 0.111861 
3.985877 -0.564540 0.238319 3.959557 -0.625053 0.237110 2.944584 0.630209 0.124723 2.825727 0.481344 0.229154 3.953298 -0.622642 0.252720 2.809644 0.414765 0.110839 
3.977952 -0.569374 0.245057 3.950584 -0.629429 0.244457 2.943024 0.630873 0.123874 2.824217 0.481862 0.228154 3.944283 -0.626713 0.260000 2.808276 0.415321 0.109798 
3.971903 -0.573389 0.250197 3.943733 -0.633075 0.249893 2.941054 0.630882 0.123878 2.822525 0.481704 0.228236 3.937385 -0.630157 0.265380 2.806587 0.415149 0.109888 
3.968340 -0.575085 0.254263 3.939834 -0.634610 0.253934 2.939624 0.630916 0.123861 2.821247 0.481707 0.228346 3.933395 -0.631612 0.269368 2.805248 0.415118 0.110026 
3.966882 -0.575313 0.256362 3.938320 -0.634812 0.255954 2.938782 0.630920 0.123861 2.820477 0.481694 0.228405 3.931819 -0.631797 0.271359 2.804432 0.415101 0.110094 
3.966618 -0.575313 0.256804 3.938052 -0.634810 0.256380 2.938559 0.630914 0.123870 2.820274 0.481676 0.228419 3.931538 -0.631792 0.271779 2.804219 0.415088 0.110106 
3.964433 -0.576613 0.259504 3.937944 -0.636579 0.251860 2.938668 0.631880 0.124449 2.820405 0.482015 0.228123 3.930774 -0.635369 0.267215 2.803645 0.416575 0.109268 
3.960501 -0.577650 0.257746 3.939684 -0.636412 0.236075 2.938120 0.632355 0.124776 2.819598 0.482187 0.227712 3.931413 -0.638879 0.250709 2.802602 0.417441 0.108511 
3.958183 -0.576926 0.246555 3.943451 -0.631985 0.213276 2.937735 0.632032 0.124947 2.819120 0.481619 0.227418 3.934862 -0.637816 0.226725 2.802180 0.417191 0.108036 
2.802478 0.416490 0.107383 3.948243 -0.575365 0.240393 2.937651 0.631497 0.125210 2.819330 0.480421 0.227043 3.933385 -0.632317 0.206037 3.942106 -0.622840 0.194956 
2.803045 0.416073 0.107223 3.937251 -0.584523 0.242106 2.937746 0.631357 0.125279 2.819776 0.479901 0.226955 3.925227 -0.638518 0.202298 3.934114 -0.627896 0.192457 
2.803576 0.416109 0.107461 3.920617 -0.609486 0.273803 2.938147 0.631503 0.125189 2.820305 0.480107 0.227103 3.908439 -0.661954 0.232048 3.918533 -0.651650 0.223070 
3.900032 -0.625993 0.324897 3.899567 -0.668961 0.274802 2.938356 0.631783 0.125053 2.820635 0.480552 0.227352 3.888132 -0.678446 0.283044 2.803873 0.416292 0.107855 
3.878421 -0.629680 0.386151 3.881793 -0.673521 0.336931 2.938410 0.631951 0.124990 2.820716 0.480834 0.227487 3.869218 -0.682467 0.344037 2.803904 0.416454 0.108062 
2.938443 0.632099 0.124956 2.820728 0.481102 0.227604 3.862720 -0.610184 0.438967 3.872134 -0.655224 0.391652 3.859284 -0.664439 0.397867 2.803813 0.416664 0.108224 
2.938168 0.631986 0.125019 2.820405 0.480941 0.227543 3.844958 -0.591127 0.470789 3.861955 -0.635683 0.425161 3.849498 -0.645920 0.430517 2.803432 0.416631 0.108103 
2.803219 0.416599 0.108014 3.829364 -0.592449 0.483412 2.938018 0.631904 0.125056 2.820224 0.480825 0.227494 3.838066 -0.646549 0.442890 3.850291 -0.635727 0.438190 
2.803148 0.416670 0.108036 3.813296 -0.600720 0.491063 2.938062 0.631906 0.125050 2.820200 0.480895 0.227511 3.824823 -0.653782 0.449878 3.836935 -0.642574 0.445836 
2.803002 0.417280 0.108520 3.799053 -0.612137 0.493603 2.937936 0.632554 0.124876 2.820091 0.481848 0.227804 3.809301 -0.665107 0.451963 3.821646 -0.654135 0.447978 
2.802451 0.418527 0.108353 3.769252 -0.626016 0.503356 2.937205 0.633898 0.124913 2.819394 0.483056 0.227680 3.775394 -0.679847 0.462015 3.788455 -0.669806 0.457862 
2.936854 0.635817 0.124940 2.819040 0.484926 0.227632 3.722174 -0.633712 0.523067 3.738764 -0.679793 0.478825 3.724787 -0.688611 0.482769 2.802106 0.420450 0.108276 
2.936986 0.638548 0.124930 2.818949 0.487863 0.227669 3.678312 -0.632816 0.541887 3.693308 -0.680881 0.499215 3.678653 -0.688674 0.502843 2.801878 0.423401 0.108324 
2.937193 0.640930 0.124896 2.818897 0.490540 0.227768 3.647865 -0.627660 0.555294 3.662088 -0.677149 0.514008 3.647045 -0.684288 0.517383 2.801615 0.426066 0.108460 
2.937477 0.642850 0.124828 2.818846 0.492891 0.227943 3.632243 -0.623872 0.561993 3.646332 -0.674049 0.521498 3.631127 -0.680914 0.524715 2.801274 0.428358 0.108710 
2.937717 0.644014 0.124806 2.818802 0.494359 0.228036 3.628582 -0.623433 0.563071 3.643004 -0.673637 0.522727 3.627784 -0.680515 0.525845 2.800986 0.429848 0.108827 
2.937776 0.644016 0.124871 2.818735 0.494352 0.227942 3.632282 -0.625177 0.561069 3.647015 -0.675108 0.520500 3.631849 -0.682108 0.523608 2.800856 0.429988 0.108663 
2.937775 0.643819 0.124966 2.818604 0.494077 0.227772 3.640048 -0.627500 0.557758 3.654920 -0.677073 0.516802 3.639839 -0.684223 0.519981 2.800723 0.429905 0.108390 
2.937784 0.643584 0.125077 2.818564 0.493677 0.227586 3.648674 -0.629006 0.554824 3.663589 -0.678279 0.513523 3.648599 -0.685571 0.516809 2.800697 0.429724 0.108085 
2.937861 0.643375 0.125142 2.818725 0.493300 0.227504 3.656255 -0.629143 0.553138 3.671175 -0.678248 0.511640 3.656267 -0.685653 0.515043 2.800807 0.429513 0.107922 
2.938002 0.643205 0.125177 2.818969 0.492969 0.227421 3.661751 -0.627983 0.552829 3.676696 -0.677066 0.511314 3.661851 -0.684550 0.514819 2.801072 0.429277 0.107785 
2.938200 0.643143 0.125214 2.819160 0.492841 0.227352 3.664345 -0.626434 0.552995 3.679331 -0.675594 0.511586 3.664527 -0.683124 0.515167 2.801301 0.429207 0.107679 
2.938229 0.643139 0.125217 2.819193 0.492826 0.227344 3.664504 -0.626256 0.553044 3.679492 -0.675429 0.511651 3.664690 -0.682960 0.515238 2.801351 0.429191 0.107670 
2.938230 0.643139 0.125219 2.819195 0.492825 0.227346 3.664492 -0.626254 0.553045 3.679479 -0.675428 0.511652 3.664678 -0.682959 0.515240 2.801351 0.429190 0.107671 
2.938230 0.643138 0.125221 2.819196 0.492824 0.227348 3.664467 -0.626250 0.553052 3.679453 -0.675425 0.511660 3.664651 -0.682955 0.515248 2.801353 0.429189 0.107673 
2.938230 0.643138 0.125222 2.819197 0.492822 0.227350 3.664440 -0.626245 0.553059 3.679425 -0.675421 0.511669 3.664623 -0.682951 0.515256 2.801354 0.429188 0.107674 
2.938231 0.643138 0.125223 2.819198 0.492823 0.227352 3.664412 -0.626240 0.553067 3.679396 -0.675418 0.511678 3.664594 -0.682947 0.515265 2.801354 0.429188 0.107677 
2.938232 0.643141 0.125223 2.819200 0.492828 0.227356 3.664372 -0.626234 0.553080 3.679354 -0.675413 0.511692 3.664551 -0.682941 0.515279 2.801355 0.429191 0.107682 
2.938234 0.643145 0.125222 2.819203 0.492837 0.227362 3.664311 -0.626224 0.553100 3.679290 -0.675406 0.511714 3.664487 -0.682933 0.515301 2.801356 0.429196 0.107691 
2.938238 0.643154 0.125218 2.819206 0.492854 0.227371 3.664200 -0.626205 0.553138 3.679174 -0.675393 0.511757 3.664370 -0.682917 0.515344 2.801356 0.429204 0.107705 
2.938243 0.643167 0.125212 2.819212 0.492881 0.227385 3.664019 -0.626175 0.553202 3.678987 -0.675370 0.511829 3.664180 -0.682890 0.515414 2.801357 0.429219 0.107727 
2.938249 0.643185 0.125204 2.819219 0.492916 0.227404 3.663787 -0.626135 0.553285 3.678747 -0.675341 0.511921 3.663937 -0.682856 0.515505 2.801358 0.429237 0.107755 
2.938256 0.643204 0.125195 2.819227 0.492953 0.227423 3.663533 -0.626091 0.553376 3.678481 -0.675309 0.512023 3.663668 -0.682818 0.515606 2.801359 0.429256 0.107785 
2.938261 0.643218 0.125188 2.819234 0.492981 0.227437 3.663278 -0.626044 0.553469 3.678211 -0.675277 0.512127 3.663394 -0.682779 0.515709 2.801361 0.429270 0.107808 
2.938265 0.643231 0.125182 2.819240 0.493005 0.227450 3.663028 -0.625999 0.553560 3.677946 -0.675245 0.512230 3.663125 -0.682741 0.515811 2.801363 0.429281 0.107828 
2.938269 0.643244 0.125176 2.819246 0.493029 0.227463 3.662785 -0.625954 0.553649 3.677688 -0.675215 0.512329 3.662863 -0.682703 0.515911 2.801366 0.429293 0.107848 
2.938273 0.643257 0.125170 2.819252 0.493053 0.227476 3.662550 -0.625911 0.553734 3.677439 -0.675185 0.512425 3.662612 -0.682668 0.516006 2.801368 0.429305 0.107867 
2.938277 0.643267 0.125165 2.819257 0.493073 0.227487 3.662331 -0.625882 0.553805 3.677207 -0.675167 0.512506 3.662377 -0.682643 0.516086 2.801370 0.429315 0.107884 
2.938279 0.643276 0.125161 2.819261 0.493089 0.227495 3.662110 -0.625868 0.553864 3.676978 -0.675162 0.512572 3.662144 -0.682634 0.516150 2.801371 0.429323 0.107897 
2.938282 0.643283 0.125158 2.819265 0.493103 0.227503 3.661851 -0.625862 0.553930 3.676710 -0.675166 0.512646 3.661872 -0.682632 0.516222 2.801373 0.429329 0.107909 
2.938284 0.643291 0.125154 2.819270 0.493117 0.227512 3.661535 -0.625866 0.554011 3.676385 -0.675181 0.512737 3.661542 -0.682638 0.516307 2.801375 0.429336 0.107922 
2.938287 0.643300 0.125149 2.819275 0.493134 0.227521 3.661194 -0.625873 0.554102 3.676033 -0.675199 0.512838 3.661184 -0.682647 0.516401 2.801378 0.429344 0.107936 
2.938290 0.643310 0.125145 2.819280 0.493151 0.227530 3.660848 -0.625880 0.554194 3.675678 -0.675217 0.512940 3.660822 -0.682655 0.516496 2.801380 0.429352 0.107951 
2.938293 0.643319 0.125140 2.819285 0.493169 0.227540 3.660506 -0.625886 0.554286 3.675325 -0.675235 0.513042 3.660464 -0.682664 0.516591 2.801383 0.429361 0.107966 
2.938296 0.643328 0.125136 2.819290 0.493186 0.227549 3.660174 -0.625897 0.554373 3.674984 -0.675257 0.513138 3.660115 -0.682677 0.516679 2.801385 0.429369 0.107980 
2.938298 0.643336 0.125132 2.819294 0.493201 0.227557 3.659862 -0.625915 0.554449 3.674663 -0.675283 0.513222 3.659789 -0.682695 0.516757 2.801386 0.429376 0.107993 
2.938301 0.643344 0.125128 2.819298 0.493216 0.227565 3.659561 -0.625935 0.554519 3.674354 -0.675313 0.513300 3.659474 -0.682716 0.516828 2.801387 0.429384 0.108005 
2.938304 0.643352 0.125124 2.819301 0.493231 0.227573 3.659266 -0.625957 0.554585 3.674047 -0.675344 0.513373 3.659161 -0.682738 0.516895 2.801389 0.429391 0.108017 
2.938306 0.643360 0.125120 2.819305 0.493246 0.227580 3.658983 -0.625980 0.554646 3.673753 -0.675376 0.513441 3.658861 -0.682762 0.516957 2.801390 0.429398 0.108029 
2.938308 0.643367 0.125116 2.819308 0.493260 0.227588 3.658714 -0.625998 0.554705 3.673469 -0.675405 0.513507 3.658572 -0.682781 0.517018 2.801391 0.429406 0.108041 
2.938311 0.643375 0.125112 2.819311 0.493274 0.227595 3.658457 -0.625996 0.554772 3.673200 -0.675413 0.513583 3.658298 -0.682781 0.517089 2.801392 0.429413 0.108052 
2.938313 0.643382 0.125109 2.819315 0.493288 0.227602 3.658208 -0.625974 0.554849 3.672940 -0.675403 0.513670 3.658032 -0.682764 0.517172 2.801394 0.429419 0.108063 
2.938315 0.643390 0.125105 2.819318 0.493302 0.227609 3.657964 -0.625943 0.554927 3.672685 -0.675385 0.513760 3.657773 -0.682738 0.517258 2.801395 0.429426 0.108075 
2.938317 0.643397 0.125101 2.819322 0.493316 0.227616 3.657723 -0.625912 0.555005 3.672433 -0.675367 0.513849 3.657517 -0.682712 0.517343 2.801396 0.429433 0.108086 
2.938320 0.643404 0.125098 2.819325 0.493330 0.227623 3.657487 -0.625886 0.555078 3.672186 -0.675353 0.513933 3.657265 -0.682690 0.517424 2.801397 0.429440 0.108097 
2.938322 0.643412 0.125094 2.819328 0.493344 0.227630 3.657248 -0.625861 0.555152 3.671936 -0.675340 0.514017 3.657010 -0.682670 0.517504 2.801399 0.429447 0.108108 
2.938324 0.643419 0.125090 2.819332 0.493358 0.227638 3.657003 -0.625834 0.555228 3.671680 -0.675326 0.514104 3.656749 -0.682648 0.517587 2.801400 0.429454 0.108120 
2.938326 0.643426 0.125086 2.819335 0.493371 0.227644 3.656765 -0.625808 0.555302 3.671432 -0.675311 0.514189 3.656496 -0.682625 0.517668 2.801401 0.429460 0.108130 
2.938329 0.643434 0.125083 2.819338 0.493385 0.227651 3.656530 -0.625782 0.555375 3.671187 -0.675297 0.514272 3.656247 -0.682604 0.517747 2.801402 0.429467 0.108141 
2.938331 0.643440 0.125079 2.819341 0.493398 0.227658 3.656299 -0.625758 0.555445 3.670946 -0.675284 0.514353 3.656002 -0.682584 0.517824 2.801403 0.429473 0.108152 
2.938333 0.643447 0.125076 2.819344 0.493411 0.227665 3.656074 -0.625734 0.555513 3.670711 -0.675272 0.514430 3.655762 -0.682565 0.517898 2.801404 0.429480 0.108163 
2.938335 0.643454 0.125072 2.819347 0.493424 0.227671 3.655847 -0.625709 0.555582 3.670474 -0.675258 0.514510 3.655521 -0.682544 0.517974 2.801405 0.429486 0.108173 
2.938337 0.643461 0.125069 2.819350 0.493437 0.227678 3.655625 -0.625683 0.555651 3.670241 -0.675244 0.514589 3.655284 -0.682522 0.518050 2.801407 0.429493 0.108184 
2.938339 0.643468 0.125065 2.819354 0.493450 0.227685 3.655399 -0.625655 0.555722 3.670005 -0.675227 0.514671 3.655044 -0.682498 0.518128 2.801408 0.429499 0.108194 
2.938341 0.643475 0.125061 2.819357 0.493463 0.227691 3.655172 -0.625624 0.555795 3.669768 -0.675208 0.514754 3.654803 -0.682472 0.518208 2.801409 0.429505 0.108205 
2.938343 0.643482 0.125058 2.819360 0.493476 0.227698 3.654951 -0.625596 0.555865 3.669538 -0.675192 0.514834 3.654568 -0.682449 0.518284 2.801410 0.429511 0.108215 
2.938345 0.643489 0.125055 2.819363 0.493489 0.227704 3.654735 -0.625571 0.555931 3.669312 -0.675177 0.514909 3.654338 -0.682428 0.518356 2.801412 0.429518 0.108225 
2.938347 0.643495 0.125051 2.819366 0.493501 0.227711 3.654516 -0.625545 0.555998 3.669083 -0.675162 0.514987 3.654105 -0.682406 0.518430 2.801413 0.429524 0.108235 
2.938349 0.643502 0.125048 2.819369 0.493514 0.227717 3.654298 -0.625517 0.556066 3.668856 -0.675146 0.515064 3.653874 -0.682382 0.518504 2.801414 0.429530 0.108245 
2.938351 0.643509 0.125044 2.819372 0.493527 0.227723 3.654082 -0.625490 0.556133 3.668630 -0.675129 0.515142 3.653645 -0.682359 0.518579 2.801415 0.429536 0.108255 
2.938353 0.643515 0.125041 2.819375 0.493539 0.227730 3.653868 -0.625461 0.556201 3.668407 -0.675111 0.515219 3.653417 -0.682335 0.518653 2.801416 0.429542 0.108266 
2.938355 0.643522 0.125038 2.819378 0.493551 0.227736 3.653661 -0.625435 0.556264 3.668191 -0.675095 0.515292 3.653197 -0.682313 0.518722 2.801417 0.429548 0.108275 
2.938357 0.643528 0.125034 2.819381 0.493563 0.227742 3.653459 -0.625412 0.556324 3.667980 -0.675082 0.515361 3.652983 -0.682293 0.518788 2.801418 0.429554 0.108284 
2.938359 0.643535 0.125031 2.819384 0.493576 0.227748 3.653255 -0.625387 0.556386 3.667767 -0.675067 0.515432 3.652766 -0.682272 0.518857 2.801419 0.429560 0.108295 
2.938361 0.643540 0.125028 2.819386 0.493587 0.227754 3.653052 -0.625360 0.556450 3.667555 -0.675051 0.515505 3.652551 -0.682249 0.518926 2.801420 0.429566 0.108304 
2.938363 0.643547 0.125024 2.819389 0.493600 0.227760 3.652850 -0.625332 0.556513 3.667344 -0.675033 0.515577 3.652336 -0.682225 0.518996 2.801421 0.429572 0.108314 
2.938365 0.643553 0.125021 2.819392 0.493611 0.227766 3.652649 -0.625303 0.556576 3.667135 -0.675014 0.515650 3.652123 -0.682201 0.519066 2.801423 0.429577 0.108323 
2.938367 0.643560 0.125018 2.819395 0.493623 0.227772 3.652446 -0.625273 0.556641 3.666921 -0.674995 0.515724 3.651906 -0.682175 0.519137 2.801424 0.429584 0.108333 
2.938369 0.643566 0.125015 2.819398 0.493635 0.227778 3.652240 -0.625243 0.556707 3.666707 -0.674975 0.515800 3.651688 -0.682149 0.519210 2.801425 0.429589 0.108342 
2.938371 0.643573 0.125011 2.819401 0.493648 0.227785 3.652035 -0.625211 0.556773 3.666492 -0.674954 0.515875 3.651469 -0.682121 0.519282 2.801426 0.429595 0.108353 
2.938372 0.643579 0.125008 2.819404 0.493658 0.227790 3.651826 -0.625179 0.556840 3.666275 -0.674932 0.515952 3.651249 -0.682094 0.519357 2.801428 0.429600 0.108361 
2.938374 0.643585 0.125005 2.819407 0.493670 0.227796 3.651631 -0.625154 0.556898 3.666073 -0.674917 0.516019 3.651044 -0.682073 0.519420 2.801429 0.429606 0.108370 
2.938376 0.643591 0.125002 2.819409 0.493682 0.227802 3.651436 -0.625131 0.556955 3.665870 -0.674903 0.516084 3.650837 -0.682054 0.519482 2.801429 0.429612 0.108380 
