-0.989073 -0.147423 -0.000000 0.151729 -0.988422 0.000000 -0.129650 0.991560 0.000000 0.988153 0.153471 0.000000 
-0.989073 -0.147423 -0.000000 0.151729 -0.988422 0.000000 -0.129651 0.991560 0.000000 0.988153 0.153471 0.000000 
-0.989055 -0.147544 -0.000000 0.151850 -0.988404 0.000000 -0.129771 0.991544 0.000000 0.988135 0.153591 0.000000 
-0.989055 -0.147545 -0.000000 0.151850 -0.988404 0.000000 -0.129772 0.991544 0.000000 0.988134 0.153592 0.000000 
-0.989055 -0.147545 -0.000000 0.151850 -0.988403 0.000000 -0.129772 0.991544 0.000000 0.988135 0.153591 0.000000 
-0.988993 -0.147961 -0.000000 0.152267 -0.988339 0.000000 -0.130190 0.991489 0.000000 0.988070 0.154007 0.000000 
-0.989012 -0.147837 -0.000000 0.152198 -0.988350 0.000000 -0.130121 0.991498 0.000000 0.988089 0.153884 0.000000 
-0.989021 -0.147776 -0.000000 0.152127 -0.988361 0.000000 -0.130050 0.991507 0.000000 0.988098 0.153823 0.000000 
-0.989034 -0.147689 -0.000000 0.152032 -0.988376 0.000000 -0.129953 0.991520 0.000000 0.988112 0.153735 0.000000 
-0.989056 -0.147544 -0.000000 0.151880 -0.988399 0.000000 -0.129801 0.991540 0.000000 0.988135 0.153589 0.000000 
-0.989089 -0.147319 -0.000000 0.151657 -0.988433 0.000000 -0.129577 0.991569 0.000000 0.988170 0.153365 0.000000 
-0.991221 -0.132218 -0.000000 0.136569 -0.990631 0.000000 -0.114444 0.993430 0.000000 0.990394 0.138278 0.000000 
-0.995499 -0.094768 -0.000000 0.099131 -0.995074 0.000000 -0.076916 0.997038 0.000000 0.994901 0.100854 0.000000 
-0.998000 -0.063210 -0.000000 0.067580 -0.997714 0.000000 -0.045314 0.998973 0.000000 0.997595 0.069313 0.000000 
-0.998311 -0.058094 -0.000000 0.062466 -0.998047 0.000000 -0.040194 0.999192 0.000000 0.997937 0.064199 0.000000 
-0.996746 -0.080612 -0.000000 0.085002 -0.996381 0.000000 -0.062759 0.998029 0.000000 0.996234 0.086706 0.000000 
-0.995691 -0.092735 -0.000000 0.097146 -0.995270 0.000000 -0.074919 0.997190 0.000000 0.995105 0.098821 0.000000 
-0.996515 -0.083414 -0.000000 0.087870 -0.996132 0.000000 -0.065622 0.997845 0.000000 0.995986 0.089504 0.000000 
-0.999462 -0.032786 -0.000000 0.037310 -0.999304 0.000000 -0.015010 0.999887 0.000000 0.999243 0.038897 0.000000 
-0.999826 0.018628 0.000000 -0.014187 -0.999899 -0.000000 0.036484 0.999334 0.000000 0.999922 -0.012514 0.000000 
-0.998327 0.057822 0.000000 -0.053443 -0.998571 -0.000000 0.075700 0.997131 0.000000 0.998662 -0.051715 0.000000 
-0.998303 0.058238 0.000000 -0.053846 -0.998549 -0.000000 0.076105 0.997100 0.000000 0.998640 -0.052133 0.000000 
-0.999391 0.034895 0.000000 -0.030493 -0.999535 -0.000000 0.052790 0.998606 0.000000 0.999586 -0.028786 0.000000 
0.999970 0.007746 0.000000 -0.918146 0.396242 0.000000 0.410041 0.912067 0.000000 0.455357 0.890309 0.000000 0.005589 -0.999984 0.000000 -0.648214 -0.761458 -0.000000 
0.999835 0.018154 0.000000 -0.925563 0.378594 0.000000 0.393035 0.919523 0.000000 0.446439 0.894814 0.000000 0.015431 -0.999881 0.000000 -0.642151 -0.766578 -0.000000 
0.999888 0.014985 0.000000 -0.924112 0.382121 0.000000 0.397194 0.917735 0.000000 0.437519 0.899209 0.000000 0.011973 -0.999928 0.000000 -0.633540 -0.773710 -0.000000 
0.999958 0.009200 0.000000 -0.920358 0.391077 0.000000 0.407245 0.913319 0.000000 0.460586 0.887615 0.000000 0.005952 -0.999982 0.000000 -0.640749 -0.767751 -0.000000 
0.999998 0.002169 0.000000 -0.914822 0.403858 0.000000 0.420194 0.907434 0.000000 0.496448 0.868067 0.000000 -0.001194 -0.999999 -0.000000 -0.657532 -0.753426 -0.000000 
0.999997 -0.002383 0.000000 -0.911924 0.410359 0.000000 0.426308 0.904578 0.000000 0.530129 0.847917 0.000000 -0.005365 -0.999986 -0.000000 -0.674272 -0.738483 -0.000000 
0.999996 -0.002968 0.000000 -0.912662 0.408714 0.000000 0.424812 0.905282 0.000000 0.556792 0.830652 0.000000 -0.005181 -0.999987 -0.000000 -0.687914 -0.725792 -0.000000 
0.999999 -0.001277 0.000000 -0.915825 0.401578 0.000000 0.418932 0.908018 0.000000 0.573178 0.819431 0.000000 -0.003011 -0.999995 -0.000000 -0.696319 -0.717732 -0.000000 
0.999999 -0.001270 0.000000 -0.917424 0.397911 0.000000 0.417226 0.908803 0.000000 0.582608 0.812753 0.000000 -0.002997 -0.999996 -0.000000 -0.702635 -0.711550 -0.000000 
0.999998 -0.002085 0.000000 -0.917914 0.396780 0.000000 0.417121 0.908851 0.000000 0.587171 0.809463 0.000000 -0.003801 -0.999993 -0.000000 -0.705689 -0.708522 -0.000000 
0.999982 -0.006009 0.000000 -0.916542 0.399938 0.000000 0.420818 0.907145 0.000000 0.585885 0.810394 0.000000 -0.008371 -0.999965 -0.000000 -0.705937 -0.708275 -0.000000 
0.999940 -0.010966 0.000000 -0.914319 0.404994 0.000000 0.427016 0.904244 0.000000 0.583018 0.812459 0.000000 -0.015373 -0.999882 -0.000000 -0.706027 -0.708185 -0.000000 
0.999886 -0.015119 0.000000 -0.912251 0.409632 0.000000 0.433264 0.901267 0.000000 0.580146 0.814513 0.000000 -0.022343 -0.999750 -0.000000 -0.706050 -0.708162 -0.000000 
0.999836 -0.018135 0.000000 -0.910560 0.413376 0.000000 0.439078 0.898449 0.000000 0.577764 0.816204 0.000000 -0.028890 -0.999583 -0.000000 -0.706083 -0.708129 -0.000000 
0.999794 -0.020319 0.000000 -0.908979 0.416843 0.000000 0.444995 0.895533 0.000000 0.575814 0.817581 0.000000 -0.035358 -0.999375 -0.000000 -0.706187 -0.708026 -0.000000 
0.999756 -0.022073 0.000000 -0.907525 0.419999 0.000000 0.450950 0.892549 0.000000 0.574097 0.818787 0.000000 -0.042267 -0.999106 -0.000000 -0.706244 -0.707968 -0.000000 
0.999714 -0.023898 0.000000 -0.906070 0.423128 0.000000 0.457305 0.889310 0.000000 0.572773 0.819714 0.000000 -0.050283 -0.998735 -0.000000 -0.706429 -0.707784 -0.000000 
0.999669 -0.025728 0.000000 -0.904716 0.426016 0.000000 0.463764 0.885959 0.000000 0.571631 0.820511 0.000000 -0.059502 -0.998228 -0.000000 -0.706517 -0.707696 -0.000000 
0.999627 -0.027311 0.000000 -0.903503 0.428581 0.000000 0.470423 0.882441 0.000000 0.570888 0.821028 0.000000 -0.069887 -0.997555 -0.000000 -0.706617 -0.707596 -0.000000 
0.999585 -0.028807 0.000000 -0.902460 0.430773 0.000000 0.477333 0.878722 0.000000 0.570414 0.821357 0.000000 -0.081802 -0.996649 -0.000000 -0.706659 -0.707555 -0.000000 
0.999557 -0.029770 0.000000 -0.901608 0.432555 0.000000 0.484577 0.874749 0.000000 0.570414 0.821358 0.000000 -0.095110 -0.995467 -0.000000 -0.706701 -0.707512 -0.000000 
0.999556 -0.029808 0.000000 -0.900936 0.433953 0.000000 0.492358 0.870393 0.000000 0.570888 0.821028 0.000000 -0.109805 -0.993953 -0.000000 -0.706745 -0.707468 -0.000000 
0.999589 -0.028654 0.000000 -0.900161 0.435557 0.000000 0.501345 0.865248 0.000000 0.571644 0.820502 0.000000 -0.126214 -0.992003 -0.000000 -0.706778 -0.707435 -0.000000 
0.999650 -0.026440 0.000000 -0.899231 0.437473 0.000000 0.511635 0.859203 0.000000 0.572861 0.819652 0.000000 -0.145241 -0.989396 -0.000000 -0.706774 -0.707439 -0.000000 
0.999734 -0.023053 0.000000 -0.898284 0.439415 0.000000 0.522989 0.852339 0.000000 0.574768 0.818317 0.000000 -0.167048 -0.985949 -0.000000 -0.706795 -0.707418 -0.000000 
0.999836 -0.018105 0.000000 -0.897468 0.441079 0.000000 0.535279 0.844675 0.000000 0.577514 0.816381 0.000000 -0.191765 -0.981441 -0.000000 -0.706831 -0.707382 -0.000000 
0.999938 -0.011127 0.000000 -0.896910 0.442213 0.000000 0.548398 0.836217 0.000000 0.581322 0.813673 0.000000 -0.219911 -0.975520 -0.000000 -0.706806 -0.707407 -0.000000 
0.999999 -0.001569 0.000000 -0.896721 0.442595 0.000000 0.562303 0.826931 0.000000 0.586331 0.810072 0.000000 -0.251242 -0.967924 -0.000000 -0.706874 -0.707339 -0.000000 
0.999945 0.010535 0.000000 -0.897056 0.441917 0.000000 0.577026 0.816726 0.000000 0.592793 0.805355 0.000000 -0.287279 -0.957847 -0.000000 -0.706975 -0.707239 -0.000000 
0.999656 0.026215 0.000000 -0.898266 0.439453 0.000000 0.592516 0.805558 0.000000 0.600808 0.799393 0.000000 -0.328182 -0.944614 -0.000000 -0.707106 -0.707108 -0.000000 
0.998852 0.047911 0.000000 -0.900809 0.434216 0.000000 0.608490 0.793562 0.000000 0.610436 0.792065 0.000000 -0.372255 -0.928130 -0.000000 -0.707313 -0.706900 -0.000000 
0.622475 0.782640 0.000000 0.997279 0.073714 0.000000 -0.903373 0.428857 0.000000 -0.419588 -0.907714 -0.000000 -0.707489 -0.706724 -0.000000 
0.636925 0.770926 0.000000 0.994564 0.104131 0.000000 -0.906160 0.422935 0.000000 -0.474264 -0.880383 -0.000000 -0.707488 -0.706725 -0.000000 
0.653401 0.757012 0.000000 0.989876 0.141933 0.000000 -0.908891 0.417034 0.000000 -0.535725 -0.844392 -0.000000 -0.707191 -0.707022 -0.000000 
0.671514 0.740991 0.000000 0.981303 0.192469 0.000000 -0.914710 0.404110 0.000000 -0.594542 -0.804064 -0.000000 -0.708078 -0.706134 -0.000000 
-0.925760 0.378111 0.000000 0.691304 0.722564 0.000000 0.965823 0.259203 0.000000 -0.649451 -0.760404 -0.000000 -0.710958 -0.703234 -0.000000 -0.709870 -0.704333 -0.000000 
-0.686592 -0.727043 -0.000000 -0.914266 0.405114 0.000000 -0.729076 -0.684432 -0.000000 0.942889 0.333108 0.000000 0.703191 0.711001 0.000000 0.714930 0.699196 0.000000 
-0.673688 -0.739016 -0.000000 -0.838669 0.544641 0.000000 -0.744791 -0.667298 -0.000000 0.703428 0.710767 0.000000 0.920044 0.391816 0.000000 0.771522 0.636203 0.000000 
-0.636233 0.771497 0.000000 0.694785 0.719217 0.000000 -0.758972 -0.651124 -0.000000 -0.647513 -0.762054 -0.000000 0.910468 0.413579 0.000000 0.805917 0.592028 0.000000 
-0.518051 0.855350 0.000000 -0.762609 -0.646860 -0.000000 -0.618659 -0.785660 -0.000000 0.697168 0.716908 0.000000 0.908295 0.418330 0.000000 0.791375 0.611331 0.000000 
-0.384409 0.923163 0.000000 -0.784588 -0.620017 -0.000000 -0.615461 -0.788167 -0.000000 0.724230 0.689559 0.000000 0.943247 0.332091 0.000000 0.774877 0.632112 0.000000 
-0.303069 0.952969 0.000000 -0.799922 -0.600104 -0.000000 -0.636947 -0.770907 -0.000000 0.980141 0.198304 0.000000 0.751494 0.659740 0.000000 0.766135 0.642680 0.000000 
-0.259537 0.965733 0.000000 -0.805748 -0.592259 -0.000000 -0.680126 -0.733095 -0.000000 0.995076 0.099114 0.000000 0.771553 0.636165 0.000000 
-0.218475 0.975843 0.000000 0.999583 0.028892 0.000000 0.781979 0.623305 0.000000 -0.805963 -0.591966 -0.000000 -0.725850 -0.687853 -0.000000 
-0.187222 0.982318 0.000000 0.999979 -0.006483 0.000000 0.782949 0.622086 0.000000 -0.798829 -0.601558 -0.000000 -0.761921 -0.647670 -0.000000 
-0.191279 0.981536 0.000000 0.773978 0.633212 0.000000 -0.785061 -0.619418 -0.000000 -0.778577 -0.627549 -0.000000 0.999725 0.023453 0.000000 0.788616 0.614886 0.000000 
-0.778991 -0.627035 -0.000000 -0.237486 0.971391 0.000000 0.765646 0.643262 0.000000 0.998881 0.047288 0.000000 0.800692 0.599076 0.000000 
-0.296447 0.955049 0.000000 0.767239 0.641361 0.000000 -0.779912 -0.625889 -0.000000 -0.777714 -0.628619 -0.000000 0.998325 0.057849 0.000000 0.801791 0.597604 0.000000 
-0.358838 0.933400 0.000000 0.773064 0.634328 0.000000 -0.787212 -0.616682 -0.000000 -0.775253 -0.631650 -0.000000 0.997657 0.068416 0.000000 0.799070 0.601238 0.000000 
-0.428161 0.903703 0.000000 0.780133 0.625614 0.000000 -0.796141 -0.605111 -0.000000 -0.774166 -0.632983 -0.000000 0.994899 0.100875 0.000000 0.797268 0.603625 0.000000 
-0.470340 0.882485 0.000000 0.785395 0.618995 0.000000 -0.802478 -0.596682 -0.000000 -0.774552 -0.632511 -0.000000 0.992646 0.121057 0.000000 0.795959 0.605350 0.000000 
-0.501513 0.865150 0.000000 0.785622 0.618707 0.000000 -0.802460 -0.596706 -0.000000 -0.775306 -0.631585 -0.000000 0.991462 0.130397 0.000000 0.795110 0.606465 0.000000 
-0.515378 0.856963 0.000000 0.783435 0.621474 0.000000 -0.799140 -0.601146 -0.000000 -0.776426 -0.630208 -0.000000 0.991592 0.129403 0.000000 0.794662 0.607052 0.000000 
-0.508483 0.861072 0.000000 0.780320 0.625380 0.000000 -0.794847 -0.606810 -0.000000 -0.776139 -0.630562 -0.000000 0.992181 0.124804 0.000000 0.793748 0.608247 0.000000 
-0.491861 0.870674 0.000000 0.777794 0.628520 0.000000 -0.791931 -0.610610 -0.000000 -0.774734 -0.632287 -0.000000 0.992715 0.120482 0.000000 0.793550 0.608505 0.000000 
-0.481597 0.876393 0.000000 0.777887 0.628404 0.000000 -0.792474 -0.609906 -0.000000 -0.774125 -0.633033 -0.000000 0.993020 0.117943 0.000000 0.794429 0.607357 0.000000 
-0.479299 0.877652 0.000000 0.780022 0.625753 0.000000 -0.795198 -0.606350 -0.000000 -0.774303 -0.632814 -0.000000 0.993011 0.118026 0.000000 0.795477 0.605984 0.000000 
-0.476957 0.878927 0.000000 0.783363 0.621565 0.000000 -0.799126 -0.601164 -0.000000 -0.774672 -0.632363 -0.000000 0.993214 0.116300 0.000000 0.796132 0.605123 0.000000 
-0.477779 0.878480 0.000000 0.785386 0.619007 0.000000 -0.802947 -0.596051 -0.000000 -0.772102 -0.635498 -0.000000 0.992365 0.123339 0.000000 0.796404 0.604765 0.000000 
-0.472718 0.881214 0.000000 0.785900 0.618353 0.000000 -0.804419 -0.594062 -0.000000 -0.768593 -0.639738 -0.000000 0.991055 0.133451 0.000000 0.797178 0.603744 0.000000 
-0.460220 0.887805 0.000000 0.990312 0.138862 0.000000 -0.805216 -0.592982 -0.000000 -0.765987 -0.642856 -0.000000 0.786136 0.618054 0.000000 0.798279 0.602288 0.000000 
-0.445448 0.895308 0.000000 0.990290 0.139014 0.000000 -0.805722 -0.592294 -0.000000 -0.764718 -0.644365 -0.000000 0.786426 0.617684 0.000000 0.799136 0.601150 0.000000 
-0.428210 0.903679 0.000000 0.990839 0.135050 0.000000 -0.806077 -0.591810 -0.000000 -0.764081 -0.645120 -0.000000 0.786663 0.617383 0.000000 0.799728 0.600363 0.000000 
-0.409945 0.912110 0.000000 0.991929 0.126795 0.000000 -0.806438 -0.591319 -0.000000 -0.764150 -0.645038 -0.000000 0.786986 0.616971 0.000000 0.800161 0.599786 0.000000 
-0.394846 0.918747 0.000000 0.992822 0.119605 0.000000 -0.806964 -0.590601 -0.000000 -0.764562 -0.644550 -0.000000 0.787580 0.616213 0.000000 0.800746 0.599004 0.000000 
-0.385696 0.922626 0.000000 0.993440 0.114357 0.000000 -0.807685 -0.589614 -0.000000 -0.764915 -0.644131 -0.000000 0.788324 0.615261 0.000000 0.801208 0.598386 0.000000 
-0.382184 0.924086 0.000000 0.993752 0.111613 0.000000 -0.808361 -0.588686 -0.000000 -0.765344 -0.643621 -0.000000 0.789157 0.614191 0.000000 0.801237 0.598347 0.000000 
-0.381336 0.924437 0.000000 0.993849 0.110747 0.000000 -0.808602 -0.588356 -0.000000 -0.765536 -0.643393 -0.000000 0.789455 0.613809 0.000000 0.801306 0.598255 0.000000 
-0.381843 0.924227 0.000000 0.993867 0.110581 0.000000 -0.808595 -0.588365 -0.000000 -0.765654 -0.643253 -0.000000 0.789508 0.613740 0.000000 0.801219 0.598371 0.000000 
-0.383255 0.923642 0.000000 0.993877 0.110495 0.000000 -0.808557 -0.588418 -0.000000 -0.765965 -0.642883 -0.000000 0.789561 0.613672 0.000000 0.801225 0.598364 0.000000 
-0.385300 0.922791 0.000000 0.993829 0.110926 0.000000 -0.808499 -0.588497 -0.000000 -0.766178 -0.642629 -0.000000 0.789591 0.613633 0.000000 0.801178 0.598427 0.000000 
-0.387533 0.921856 0.000000 0.993728 0.111821 0.000000 -0.808415 -0.588613 -0.000000 -0.766268 -0.642521 -0.000000 0.789583 0.613643 0.000000 0.801033 0.598621 0.000000 
-0.389952 0.920835 0.000000 0.993620 0.112781 0.000000 -0.808323 -0.588739 -0.000000 -0.766392 -0.642373 -0.000000 0.789563 0.613670 0.000000 0.800965 0.598711 0.000000 
-0.392444 0.919776 0.000000 0.993521 0.113653 0.000000 -0.808214 -0.588889 -0.000000 -0.766531 -0.642207 -0.000000 0.789539 0.613701 0.000000 0.800860 0.598851 0.000000 
-0.394779 0.918776 0.000000 0.993451 0.114255 0.000000 -0.808088 -0.589062 -0.000000 -0.766747 -0.641949 -0.000000 0.789524 0.613719 0.000000 0.800766 0.598977 0.000000 
-0.396626 0.917980 0.000000 0.993409 0.114622 0.000000 -0.807950 -0.589250 -0.000000 -0.766964 -0.641690 -0.000000 0.789491 0.613762 0.000000 0.800686 0.599085 0.000000 
-0.398059 0.917360 0.000000 0.993378 0.114894 0.000000 -0.807799 -0.589458 -0.000000 -0.767188 -0.641423 -0.000000 0.789447 0.613819 0.000000 0.800619 0.599174 0.000000 
-0.399059 0.916925 0.000000 0.993355 0.115091 0.000000 -0.807692 -0.589604 -0.000000 -0.767340 -0.641240 -0.000000 0.789418 0.613856 0.000000 0.800569 0.599240 0.000000 
-0.399780 0.916611 0.000000 0.993390 0.114792 0.000000 -0.807631 -0.589688 -0.000000 -0.767567 -0.640968 -0.000000 0.789441 0.613826 0.000000 0.800534 0.599287 0.000000 
-0.400315 0.916378 0.000000 0.993387 0.114812 0.000000 -0.807564 -0.589780 -0.000000 -0.767711 -0.640796 -0.000000 0.789435 0.613834 0.000000 0.800539 0.599280 0.000000 
-0.400763 0.916182 0.000000 0.993448 0.114285 0.000000 -0.807487 -0.589885 -0.000000 -0.767987 -0.640465 -0.000000 0.789434 0.613835 0.000000 0.800508 0.599323 0.000000 
-0.401081 0.916043 0.000000 0.993451 0.114255 0.000000 -0.807434 -0.589958 -0.000000 -0.768095 -0.640336 -0.000000 0.789433 0.613836 0.000000 0.800486 0.599352 0.000000 
-0.401422 0.915893 0.000000 0.993452 0.114250 0.000000 -0.807410 -0.589990 -0.000000 -0.768160 -0.640258 -0.000000 0.789439 0.613829 0.000000 0.800472 0.599370 0.000000 
-0.401865 0.915699 0.000000 0.993464 0.114146 0.000000 -0.807388 -0.590020 -0.000000 -0.768275 -0.640120 -0.000000 0.789432 0.613838 0.000000 0.800486 0.599352 0.000000 
-0.402368 0.915478 0.000000 0.993445 0.114309 0.000000 -0.807379 -0.590034 -0.000000 -0.768304 -0.640085 -0.000000 0.789436 0.613833 0.000000 0.800475 0.599366 0.000000 
-0.402962 0.915217 0.000000 0.993451 0.114263 0.000000 -0.807375 -0.590039 -0.000000 -0.768340 -0.640042 -0.000000 0.789494 0.613758 0.000000 0.800257 0.599657 0.000000 
-0.403689 0.914896 0.000000 0.993505 0.113787 0.000000 -0.807340 -0.590087 -0.000000 -0.768564 -0.639773 -0.000000 0.789515 0.613731 0.000000 0.800156 0.599791 0.000000 
-0.404338 0.914610 0.000000 0.993504 0.113798 0.000000 -0.807267 -0.590187 -0.000000 -0.768701 -0.639609 -0.000000 0.789574 0.613655 0.000000 0.799882 0.600157 0.000000 
-0.404936 0.914345 0.000000 0.993585 0.113090 0.000000 -0.807164 -0.590327 -0.000000 -0.769011 -0.639236 -0.000000 0.789598 0.613624 0.000000 0.799634 0.600487 0.000000 
-0.405477 0.914105 0.000000 0.993572 0.113203 0.000000 -0.807091 -0.590427 -0.000000 -0.769135 -0.639086 -0.000000 0.789591 0.613634 0.000000 0.799606 0.600525 0.000000 
-0.406074 0.913840 0.000000 0.993564 0.113268 0.000000 -0.807049 -0.590484 -0.000000 -0.769234 -0.638968 -0.000000 0.789596 0.613627 0.000000 0.799583 0.600555 0.000000 
-0.406772 0.913530 0.000000 0.993605 0.112912 0.000000 -0.807019 -0.590526 -0.000000 -0.769435 -0.638725 -0.000000 0.789608 0.613612 0.000000 0.799592 0.600543 0.000000 
-0.407530 0.913192 0.000000 0.993653 0.112485 0.000000 -0.806944 -0.590628 -0.000000 -0.769765 -0.638327 -0.000000 0.789627 0.613587 0.000000 0.799592 0.600544 0.000000 
-0.408167 0.912907 0.000000 0.993775 0.111410 0.000000 -0.806896 -0.590694 -0.000000 -0.770099 -0.637925 -0.000000 0.789618 0.613599 0.000000 0.799578 0.600562 0.000000 
-0.408492 0.912762 0.000000 0.993759 0.111550 0.000000 -0.806843 -0.590767 -0.000000 -0.770150 -0.637863 -0.000000 0.789596 0.613627 0.000000 0.799563 0.600583 0.000000 
-0.408922 0.912569 0.000000 0.993742 0.111702 0.000000 -0.806830 -0.590784 -0.000000 -0.770178 -0.637830 -0.000000 0.789597 0.613625 0.000000 0.799553 0.600595 0.000000 
-0.409392 0.912359 0.000000 0.993721 0.111885 0.000000 -0.806830 -0.590784 -0.000000 -0.770186 -0.637819 -0.000000 0.789601 0.613621 0.000000 0.799547 0.600604 0.000000 
-0.409884 0.912138 0.000000 0.993700 0.112074 0.000000 -0.806830 -0.590783 -0.000000 -0.770195 -0.637808 -0.000000 0.789605 0.613615 0.000000 0.799540 0.600613 0.000000 
-0.410394 0.911908 0.000000 0.993679 0.112260 0.000000 -0.806823 -0.590793 -0.000000 -0.770216 -0.637784 -0.000000 0.789608 0.613611 0.000000 0.799530 0.600626 0.000000 
-0.410957 0.911655 0.000000 0.993789 0.111279 0.000000 -0.806769 -0.590868 -0.000000 -0.770542 -0.637389 -0.000000 0.789588 0.613637 0.000000 0.799526 0.600632 0.000000 
-0.411454 0.911430 0.000000 0.993811 0.111086 0.000000 -0.806687 -0.590979 -0.000000 -0.770735 -0.637155 -0.000000 0.789561 0.613673 0.000000 0.799520 0.600640 0.000000 
-0.412034 0.911169 0.000000 0.993884 0.110429 0.000000 -0.806618 -0.591074 -0.000000 -0.771007 -0.636826 -0.000000 0.789536 0.613704 0.000000 0.799515 0.600646 0.000000 
-0.412589 0.910917 0.000000 0.993879 0.110477 0.000000 -0.806552 -0.591163 -0.000000 -0.771138 -0.636668 -0.000000 0.789537 0.613703 0.000000 0.799485 0.600686 0.000000 
-0.413168 0.910655 0.000000 0.993880 0.110467 0.000000 -0.806504 -0.591228 -0.000000 -0.771256 -0.636526 -0.000000 0.789544 0.613694 0.000000 0.799459 0.600721 0.000000 
-0.413836 0.910351 0.000000 0.993942 0.109901 0.000000 -0.806447 -0.591306 -0.000000 -0.771497 -0.636233 -0.000000 0.789524 0.613720 0.000000 0.799452 0.600731 0.000000 
-0.414454 0.910070 0.000000 0.994014 0.109256 0.000000 -0.806362 -0.591422 -0.000000 -0.771808 -0.635856 -0.000000 0.789526 0.613717 0.000000 0.799394 0.600808 0.000000 
-0.414890 0.909871 0.000000 0.994013 0.109266 0.000000 -0.806277 -0.591539 -0.000000 -0.771944 -0.635690 -0.000000 0.789512 0.613735 0.000000 0.799363 0.600848 0.000000 
-0.415375 0.909650 0.000000 0.994095 0.108515 0.000000 -0.806209 -0.591631 -0.000000 -0.772194 -0.635386 -0.000000 0.789487 0.613767 0.000000 0.799333 0.600888 0.000000 
-0.415763 0.909473 0.000000 0.994087 0.108584 0.000000 -0.806160 -0.591697 -0.000000 -0.772269 -0.635295 -0.000000 0.789479 0.613778 0.000000 0.799314 0.600914 0.000000 
-0.416218 0.909265 0.000000 0.994104 0.108426 0.000000 -0.806134 -0.591733 -0.000000 -0.772376 -0.635166 -0.000000 0.789482 0.613773 0.000000 0.799262 0.600983 0.000000 
-0.416864 0.908969 0.000000 0.994261 0.106980 0.000000 -0.806105 -0.591772 -0.000000 -0.772810 -0.634638 -0.000000 0.789550 0.613686 0.000000 0.799064 0.601246 0.000000 
-0.416936 0.908936 0.000000 0.994281 0.106795 0.000000 -0.805995 -0.591922 -0.000000 -0.772961 -0.634454 -0.000000 0.789500 0.613750 0.000000 0.799021 0.601304 0.000000 
-0.417180 0.908824 0.000000 0.789477 0.613781 0.000000 -0.805926 -0.592016 -0.000000 -0.773101 -0.634283 -0.000000 0.994297 0.106645 0.000000 0.799017 0.601309 0.000000 
-0.417466 0.908693 0.000000 0.789468 0.613791 0.000000 -0.805903 -0.592048 -0.000000 -0.773215 -0.634144 -0.000000 0.994334 0.106302 0.000000 0.799006 0.601323 0.000000 
-0.417871 0.908506 0.000000 0.789479 0.613777 0.000000 -0.805887 -0.592070 -0.000000 -0.773423 -0.633890 -0.000000 0.994399 0.105691 0.000000 0.798983 0.601354 0.000000 
-0.418174 0.908367 0.000000 0.789469 0.613791 0.000000 -0.805859 -0.592108 -0.000000 -0.773523 -0.633768 -0.000000 0.994425 0.105451 0.000000 0.798967 0.601375 0.000000 
-0.418511 0.908212 0.000000 0.789465 0.613796 0.000000 -0.805853 -0.592115 -0.000000 -0.773603 -0.633670 -0.000000 0.994450 0.105208 0.000000 0.798958 0.601386 0.000000 
-0.418872 0.908045 0.000000 0.789459 0.613804 0.000000 -0.805831 -0.592145 -0.000000 -0.773734 -0.633510 -0.000000 0.994483 0.104895 0.000000 0.798958 0.601387 0.000000 
-0.419237 0.907877 0.000000 0.789456 0.613807 0.000000 -0.805797 -0.592192 -0.000000 -0.773790 -0.633442 -0.000000 0.994471 0.105010 0.000000 0.798939 0.601412 0.000000 
-0.419640 0.907691 0.000000 0.789459 0.613803 0.000000 -0.805775 -0.592221 -0.000000 -0.773902 -0.633306 -0.000000 0.994493 0.104807 0.000000 0.798916 0.601442 0.000000 
-0.420133 0.907463 0.000000 0.789444 0.613823 0.000000 -0.805716 -0.592303 -0.000000 -0.774049 -0.633125 -0.000000 0.994527 0.104481 0.000000 0.798847 0.601534 0.000000 
-0.420526 0.907280 0.000000 0.789425 0.613847 0.000000 -0.805668 -0.592367 -0.000000 -0.774096 -0.633069 -0.000000 0.994511 0.104630 0.000000 0.798830 0.601557 0.000000 
-0.420999 0.907061 0.000000 0.789425 0.613847 0.000000 -0.805646 -0.592398 -0.000000 -0.774136 -0.633019 -0.000000 0.994495 0.104782 0.000000 0.798816 0.601575 0.000000 
-0.421503 0.906827 0.000000 0.789429 0.613842 0.000000 -0.805629 -0.592420 -0.000000 -0.774177 -0.632970 -0.000000 0.994481 0.104915 0.000000 0.798803 0.601592 0.000000 
-0.422049 0.906573 0.000000 0.789428 0.613843 0.000000 -0.805609 -0.592448 -0.000000 -0.774301 -0.632817 -0.000000 0.994512 0.104621 0.000000 0.798787 0.601615 0.000000 
-0.422749 0.906247 0.000000 0.789388 0.613895 0.000000 -0.805527 -0.592560 -0.000000 -0.774730 -0.632292 -0.000000 0.994649 0.103307 0.000000 0.798792 0.601607 0.000000 
-0.423122 0.906073 0.000000 0.789354 0.613938 0.000000 -0.805426 -0.592697 -0.000000 -0.774894 -0.632091 -0.000000 0.994659 0.103215 0.000000 0.798779 0.601625 0.000000 
-0.423626 0.905837 0.000000 0.789332 0.613966 0.000000 -0.805344 -0.592808 -0.000000 -0.775126 -0.631806 -0.000000 0.994708 0.102747 0.000000 0.798758 0.601653 0.000000 
-0.424100 0.905615 0.000000 0.789320 0.613982 0.000000 -0.805269 -0.592910 -0.000000 -0.775314 -0.631576 -0.000000 0.994738 0.102452 0.000000 0.798725 0.601696 0.000000 
-0.424607 0.905378 0.000000 0.789323 0.613978 0.000000 -0.805227 -0.592967 -0.000000 -0.775477 -0.631376 -0.000000 0.994773 0.102114 0.000000 0.798696 0.601734 0.000000 
-0.425079 0.905156 0.000000 0.789322 0.613980 0.000000 -0.805176 -0.593036 -0.000000 -0.775627 -0.631192 -0.000000 0.994790 0.101944 0.000000 0.798656 0.601787 0.000000 
-0.425454 0.904980 0.000000 0.789320 0.613983 0.000000 -0.805128 -0.593101 -0.000000 -0.775713 -0.631086 -0.000000 0.994787 0.101971 0.000000 0.798634 0.601817 0.000000 
-0.425850 0.904794 0.000000 0.789326 0.613975 0.000000 -0.805101 -0.593138 -0.000000 -0.775816 -0.630959 -0.000000 0.994795 0.101896 0.000000 0.798626 0.601828 0.000000 
-0.426161 0.904648 0.000000 0.789341 0.613956 0.000000 -0.805081 -0.593165 -0.000000 -0.775881 -0.630879 -0.000000 0.994792 0.101929 0.000000 0.798601 0.601861 0.000000 
-0.426486 0.904494 0.000000 0.789314 0.613990 0.000000 -0.805034 -0.593228 -0.000000 -0.776065 -0.630653 -0.000000 0.994856 0.101304 0.000000 0.798576 0.601893 0.000000 
-0.426755 0.904367 0.000000 0.789307 0.613999 0.000000 -0.804989 -0.593290 -0.000000 -0.776132 -0.630571 -0.000000 0.994850 0.101356 0.000000 0.798555 0.601922 0.000000 
-0.426979 0.904261 0.000000 0.789303 0.614003 0.000000 -0.804956 -0.593335 -0.000000 -0.776190 -0.630499 -0.000000 0.994852 0.101343 0.000000 0.798541 0.601941 0.000000 
-0.427332 0.904095 0.000000 0.789262 0.614056 0.000000 -0.804930 -0.593369 -0.000000 -0.776413 -0.630224 -0.000000 0.994931 0.100564 0.000000 0.798561 0.601914 0.000000 
-0.427535 0.903999 0.000000 0.789247 0.614076 0.000000 -0.804882 -0.593435 -0.000000 -0.776469 -0.630156 -0.000000 0.994926 0.100613 0.000000 0.798546 0.601933 0.000000 
-0.427787 0.903879 0.000000 0.789230 0.614098 0.000000 -0.804847 -0.593483 -0.000000 -0.776579 -0.630020 -0.000000 0.994957 0.100301 0.000000 0.798534 0.601950 0.000000 
-0.428042 0.903759 0.000000 0.789218 0.614113 0.000000 -0.804807 -0.593537 -0.000000 -0.776670 -0.629907 -0.000000 0.994962 0.100254 0.000000 0.798534 0.601949 0.000000 
-0.428316 0.903629 0.000000 0.789206 0.614128 0.000000 -0.804774 -0.593581 -0.000000 -0.776790 -0.629759 -0.000000 0.994991 0.099961 0.000000 0.798519 0.601970 0.000000 
-0.428622 0.903484 0.000000 0.789185 0.614155 0.000000 -0.804728 -0.593643 -0.000000 -0.776909 -0.629613 -0.000000 0.995015 0.099725 0.000000 0.798499 0.601997 0.000000 
-0.429079 0.903267 0.000000 0.789160 0.614188 0.000000 -0.804677 -0.593713 -0.000000 -0.777182 -0.629276 -0.000000 0.995094 0.098931 0.000000 0.798478 0.602024 0.000000 
-0.429507 0.903064 0.000000 0.789112 0.614249 0.000000 -0.804592 -0.593828 -0.000000 -0.777325 -0.629100 -0.000000 0.995113 0.098743 0.000000 0.798463 0.602044 0.000000 
-0.430115 0.902774 0.000000 0.789094 0.614273 0.000000 -0.804539 -0.593900 -0.000000 -0.777373 -0.629040 -0.000000 0.995091 0.098961 0.000000 0.798430 0.602088 0.000000 
-0.430794 0.902450 0.000000 0.789080 0.614291 0.000000 -0.804504 -0.593947 -0.000000 -0.777398 -0.629009 -0.000000 0.995068 0.099194 0.000000 0.798399 0.602128 0.000000 
-0.431525 0.902101 0.000000 0.789059 0.614318 0.000000 -0.804474 -0.593988 -0.000000 -0.777472 -0.628917 -0.000000 0.995069 0.099182 0.000000 0.798369 0.602169 0.000000 
-0.432268 0.901745 0.000000 0.788999 0.614394 0.000000 -0.804423 -0.594057 -0.000000 -0.777630 -0.628722 -0.000000 0.995100 0.098877 0.000000 0.798365 0.602173 0.000000 
-0.432965 0.901411 0.000000 0.788974 0.614426 0.000000 -0.804379 -0.594116 -0.000000 -0.777712 -0.628620 -0.000000 0.995098 0.098892 0.000000 0.798335 0.602213 0.000000 
-0.433703 0.901056 0.000000 0.788951 0.614456 0.000000 -0.804334 -0.594178 -0.000000 -0.777836 -0.628468 -0.000000 0.995107 0.098803 0.000000 0.798320 0.602233 0.000000 
-0.434294 0.900771 0.000000 0.788933 0.614479 0.000000 -0.804288 -0.594240 -0.000000 -0.777872 -0.628423 -0.000000 0.995084 0.099032 0.000000 0.798293 0.602269 0.000000 
-0.434710 0.900570 0.000000 0.788928 0.614485 0.000000 -0.804265 -0.594271 -0.000000 -0.777901 -0.628387 -0.000000 0.995072 0.099158 0.000000 0.798277 0.602291 0.000000 
-0.435041 0.900411 0.000000 0.788899 0.614523 0.000000 -0.804217 -0.594335 -0.000000 -0.778098 -0.628143 -0.000000 0.995141 0.098456 0.000000 0.798251 0.602325 0.000000 
-0.435233 0.900318 0.000000 0.788864 0.614568 0.000000 -0.804139 -0.594442 -0.000000 -0.778162 -0.628064 -0.000000 0.995131 0.098565 0.000000 0.798225 0.602360 0.000000 
-0.435518 0.900180 0.000000 0.788827 0.614615 0.000000 -0.804064 -0.594543 -0.000000 -0.778391 -0.627779 -0.000000 0.995198 0.097884 0.000000 0.798190 0.602406 0.000000 
-0.436020 0.899937 0.000000 0.788795 0.614656 0.000000 -0.803956 -0.594689 -0.000000 -0.778772 -0.627307 -0.000000 0.995305 0.096792 0.000000 0.798138 0.602475 0.000000 
-0.436540 0.899685 0.000000 0.788754 0.614709 0.000000 -0.803864 -0.594813 -0.000000 -0.778838 -0.627225 -0.000000 0.995284 0.097001 0.000000 0.798099 0.602526 0.000000 
-0.437010 0.899457 0.000000 0.788747 0.614718 0.000000 -0.803846 -0.594838 -0.000000 -0.778852 -0.627207 -0.000000 0.995267 0.097180 0.000000 0.798083 0.602547 0.000000 
-0.437238 0.899346 0.000000 0.788746 0.614719 0.000000 -0.803842 -0.594843 -0.000000 -0.778855 -0.627204 -0.000000 0.995258 0.097267 0.000000 0.798077 0.602555 0.000000 
-0.437426 0.899254 0.000000 0.788769 0.614690 0.000000 -0.803842 -0.594843 -0.000000 -0.779047 -0.626966 -0.000000 0.995324 0.096590 0.000000 0.798073 0.602561 0.000000 
-0.437436 0.899250 0.000000 0.788719 0.614754 0.000000 -0.803760 -0.594953 -0.000000 -0.779184 -0.626796 -0.000000 0.995359 0.096235 0.000000 0.798053 0.602587 0.000000 
-0.437826 0.899060 0.000000 0.788702 0.614775 0.000000 -0.803698 -0.595037 -0.000000 -0.779390 -0.626539 -0.000000 0.995406 0.095748 0.000000 0.798030 0.602617 0.000000 
-0.438155 0.898899 0.000000 0.788704 0.614774 0.000000 -0.803686 -0.595053 -0.000000 -0.779452 -0.626462 -0.000000 0.995414 0.095659 0.000000 0.798017 0.602635 0.000000 
-0.438613 0.898676 0.000000 0.788692 0.614788 0.000000 -0.803624 -0.595137 -0.000000 -0.779653 -0.626212 -0.000000 0.995459 0.095194 0.000000 0.797968 0.602699 0.000000 
-0.439049 0.898463 0.000000 0.788683 0.614800 0.000000 -0.803589 -0.595184 -0.000000 -0.779713 -0.626137 -0.000000 0.995450 0.095281 0.000000 0.797964 0.602705 0.000000 
-0.439400 0.898291 0.000000 0.788679 0.614805 0.000000 -0.803578 -0.595199 -0.000000 -0.779812 -0.626014 -0.000000 0.995479 0.094981 0.000000 0.797953 0.602720 0.000000 
-0.439668 0.898160 0.000000 0.788672 0.614815 0.000000 -0.803549 -0.595239 -0.000000 -0.779881 -0.625927 -0.000000 0.995486 0.094910 0.000000 0.797933 0.602746 0.000000 
-0.439959 0.898018 0.000000 0.788673 0.614813 0.000000 -0.803541 -0.595250 -0.000000 -0.779938 -0.625857 -0.000000 0.995495 0.094819 0.000000 0.797921 0.602761 0.000000 
-0.440183 0.897908 0.000000 0.788670 0.614817 0.000000 -0.803530 -0.595264 -0.000000 -0.779947 -0.625845 -0.000000 0.995487 0.094902 0.000000 0.797913 0.602772 0.000000 
-0.440517 0.897744 0.000000 0.788667 0.614820 0.000000 -0.803513 -0.595287 -0.000000 -0.780009 -0.625769 -0.000000 0.995491 0.094851 0.000000 0.797898 0.602793 0.000000 
-0.440917 0.897548 0.000000 0.788661 0.614829 0.000000 -0.803498 -0.595307 -0.000000 -0.780064 -0.625700 -0.000000 0.995496 0.094803 0.000000 0.797886 0.602809 0.000000 
-0.441231 0.897393 0.000000 0.788656 0.614835 0.000000 -0.803485 -0.595325 -0.000000 -0.780074 -0.625688 -0.000000 0.995485 0.094920 0.000000 0.797874 0.602824 0.000000 
-0.441504 0.897259 0.000000 0.788634 0.614863 0.000000 -0.803439 -0.595387 -0.000000 -0.780199 -0.625532 -0.000000 0.995511 0.094649 0.000000 0.797858 0.602846 0.000000 
-0.441963 0.897033 0.000000 0.788621 0.614879 0.000000 -0.803393 -0.595450 -0.000000 -0.780284 -0.625426 -0.000000 0.995513 0.094625 0.000000 0.797826 0.602888 0.000000 
-0.442417 0.896810 0.000000 0.788610 0.614894 0.000000 -0.803355 -0.595500 -0.000000 -0.780400 -0.625281 -0.000000 0.995533 0.094411 0.000000 0.797801 0.602920 0.000000 
-0.442817 0.896612 0.000000 0.788586 0.614924 0.000000 -0.803285 -0.595594 -0.000000 -0.780542 -0.625104 -0.000000 0.995554 0.094189 0.000000 0.797771 0.602961 0.000000 
