0.003314 0.006153 0.999976 0.002529 -0.001376 0.999996 0.002575 -0.001381 0.999996 0.003482 0.006132 0.999975 
0.003892 0.007229 0.999966 0.005797 -0.003154 0.999978 0.005860 -0.003142 0.999978 0.004124 0.007267 0.999965 
0.003520 0.006539 0.999972 0.005233 -0.002847 0.999982 0.005290 -0.002836 0.999982 0.003730 0.006573 0.999971 
0.003183 0.005913 0.999977 0.004707 -0.002561 0.999986 0.004759 -0.002552 0.999985 0.003373 0.005943 0.999977 
0.002876 0.005342 0.999982 0.004217 -0.002294 0.999988 0.004263 -0.002286 0.999988 0.003047 0.005369 0.999981 
0.002605 0.004838 0.999985 0.003783 -0.002058 0.999991 0.003825 -0.002051 0.999991 0.002759 0.004861 0.999984 
0.002367 0.004397 0.999988 0.003398 -0.001849 0.999993 0.003437 -0.001842 0.999992 0.002507 0.004417 0.999987 
0.002164 0.004020 0.999990 0.003059 -0.001664 0.999994 0.003093 -0.001658 0.999994 0.002291 0.004038 0.999989 
0.002142 0.003979 0.999990 0.002752 -0.001497 0.999995 0.002786 -0.001494 0.999995 0.002265 0.003991 0.999989 
0.003190 0.005926 0.999977 0.002468 -0.001342 0.999996 0.002512 -0.001347 0.999996 0.003352 0.005907 0.999977 
0.005616 0.010431 0.999930 0.002205 -0.001200 0.999997 0.002277 -0.001221 0.999997 0.005874 0.010350 0.999929 
0.005870 0.010847 0.999924 0.001984 -0.001085 0.999997 0.002057 -0.001109 0.999997 0.006134 0.010756 0.999923 
0.005229 0.009662 0.999940 0.001766 -0.000966 0.999998 0.001831 -0.000987 0.999998 0.005464 0.009581 0.999939 
0.005741 0.010609 0.999927 0.001587 -0.000868 0.999998 0.001657 -0.000893 0.999998 0.005995 0.010512 0.999927 
0.007556 0.013962 0.999874 0.001418 -0.000776 0.999999 0.001508 -0.000813 0.999999 0.007882 0.013820 0.999873 
0.011338 0.020952 0.999716 0.001268 -0.000693 0.999999 0.001400 -0.000755 0.999999 0.011816 0.020719 0.999716 
0.014689 0.026519 0.999540 0.001076 -0.000602 0.999999 0.001242 -0.000685 0.999999 0.015289 0.026204 0.999540 
0.020313 0.036304 0.999134 0.000979 -0.000554 0.999999 0.001205 -0.000671 0.999999 0.021127 0.035858 0.999134 
0.024798 0.043479 0.998747 0.000879 -0.000506 0.999999 0.001148 -0.000652 0.999999 0.025771 0.042927 0.998746 
0.027945 0.048791 0.998418 0.000782 -0.000452 1.000000 0.001083 -0.000618 0.999999 0.029034 0.048165 0.998417 
0.028965 0.050307 0.998314 0.000697 -0.000405 1.000000 0.001007 -0.000578 0.999999 0.030086 0.049655 0.998313 
0.028562 0.049607 0.998360 0.000620 -0.000360 1.000000 0.000926 -0.000531 0.999999 0.029667 0.048963 0.998360 
0.033535 0.058244 0.997739 0.000539 -0.000313 1.000000 0.000897 -0.000515 0.999999 0.034830 0.057483 0.997739 
0.000857 -0.000486 1.000000 0.050095 0.016846 0.998602 0.000332 -0.003360 0.999994 0.038813 0.064762 0.997146 0.001967 -0.005419 0.999983 0.000049 -0.000372 1.000000 
0.000782 -0.000404 1.000000 0.011528 0.004004 0.999926 -0.001715 0.016826 0.999857 0.039172 0.071547 0.996668 0.000430 -0.001147 0.999999 -0.000039 0.000291 1.000000 
0.000783 -0.000387 1.000000 0.002191 0.000787 0.999997 -0.002219 0.021200 0.999773 0.036786 0.070039 0.996866 -0.000024 0.000062 1.000000 -0.000101 0.000750 1.000000 
0.000923 -0.000455 0.999999 0.004069 0.001471 0.999991 -0.002190 0.020832 0.999781 0.037282 0.071181 0.996766 0.000557 -0.001433 0.999999 -0.000180 0.001332 0.999999 
0.000887 -0.000434 1.000000 0.004399 0.001613 0.999989 -0.002164 0.020435 0.999789 0.037512 0.072204 0.996684 0.001115 -0.002828 0.999995 -0.000163 0.001204 0.999999 
0.000906 -0.000434 0.999999 0.003465 0.001303 0.999993 -0.002235 0.020849 0.999780 0.037726 0.074181 0.996531 0.001673 -0.004144 0.999990 -0.000145 0.001076 0.999999 
0.002582 -0.001204 0.999996 0.002558 0.000991 0.999996 -0.002346 0.021534 0.999765 0.037499 0.075636 0.996430 0.002721 -0.006549 0.999975 -0.000129 0.000955 1.000000 
0.005079 -0.002323 0.999984 0.002367 0.000941 0.999997 -0.002385 0.021612 0.999764 0.036826 0.075720 0.996449 0.004244 -0.009973 0.999941 -0.000114 0.000840 1.000000 
0.006769 -0.003048 0.999972 0.002156 0.000873 0.999997 -0.002412 0.021514 0.999766 0.035912 0.074979 0.996538 0.005212 -0.012036 0.999914 -0.000100 0.000735 1.000000 
0.007306 -0.003254 0.999968 0.002069 0.000847 0.999998 -0.002399 0.020883 0.999779 0.034764 0.073366 0.996699 0.005819 -0.013290 0.999895 -0.000095 0.000687 1.000000 
0.006376 -0.002824 0.999976 0.002442 0.001005 0.999997 -0.002234 0.019111 0.999815 0.033679 0.071437 0.996876 0.006598 -0.015004 0.999866 -0.000084 0.000595 1.000000 
0.005168 -0.002290 0.999984 0.002748 0.001128 0.999996 -0.002048 0.017442 0.999846 0.032839 0.069604 0.997034 0.007123 -0.016237 0.999843 -0.000073 0.000511 1.000000 
0.003804 -0.001696 0.999991 0.002725 0.001109 0.999996 -0.001879 0.016080 0.999869 0.032283 0.068011 0.997162 0.007424 -0.017058 0.999827 -0.000062 0.000438 1.000000 
0.001501 -0.000676 0.999999 0.002931 0.001178 0.999995 -0.001638 0.014111 0.999899 0.031646 0.065989 0.997318 0.007649 -0.017782 0.999813 -0.000053 0.000373 1.000000 
0.000917 -0.000414 0.999999 0.002548 0.001013 0.999996 -0.001559 0.013495 0.999908 0.031177 0.064796 0.997411 0.007755 -0.018212 0.999804 -0.000045 0.000317 1.000000 
0.000883 -0.000399 1.000000 0.002528 0.001003 0.999996 -0.001532 0.013233 0.999911 0.030395 0.063135 0.997542 0.008180 -0.019257 0.999781 -0.000136 0.000959 1.000000 
0.000846 -0.000384 1.000000 0.003810 0.001503 0.999992 -0.001419 0.012233 0.999924 0.029455 0.060922 0.997708 0.008683 -0.020560 0.999751 -0.000240 0.001679 0.999999 
0.000549 -0.000250 1.000000 0.003532 0.001385 0.999993 -0.001348 0.011635 0.999931 0.028688 0.059177 0.997835 0.008594 -0.020453 0.999754 -0.000221 0.001541 0.999999 
0.000531 -0.000243 1.000000 0.003212 0.001252 0.999994 -0.001275 0.011029 0.999938 0.027788 0.057100 0.997982 0.008549 -0.020471 0.999754 -0.000197 0.001372 0.999999 
0.000512 -0.000235 1.000000 0.002906 0.001127 0.999995 -0.001206 0.010445 0.999945 0.026879 0.055064 0.998121 0.008512 -0.020472 0.999754 -0.000175 0.001220 0.999999 
0.000494 -0.000227 1.000000 0.001918 0.000744 0.999998 -0.001144 0.009891 0.999950 0.025931 0.053107 0.998252 0.008481 -0.020387 0.999756 -0.000100 0.000698 1.000000 
0.000475 -0.000218 1.000000 0.000260 0.000101 1.000000 -0.001069 0.009218 0.999957 0.024874 0.050941 0.998392 0.008522 -0.020460 0.999754 0.000028 -0.000194 1.000000 
0.000455 -0.000209 1.000000 -0.001750 -0.000681 0.999998 -0.000984 0.008464 0.999964 0.023766 0.048673 0.998532 0.008623 -0.020678 0.999749 0.000186 -0.001284 0.999999 
0.000433 -0.000199 1.000000 -0.003995 -0.001556 0.999991 -0.000891 0.007639 0.999970 0.022588 0.046260 0.998674 0.008759 -0.020970 0.999742 0.000363 -0.002507 0.999997 
0.000410 -0.000188 1.000000 -0.006618 -0.002586 0.999975 -0.000790 0.006740 0.999977 0.021287 0.043595 0.998822 0.008901 -0.021243 0.999735 0.000573 -0.003938 0.999992 
0.000385 -0.000177 1.000000 -0.009435 -0.003700 0.999949 -0.000680 0.005775 0.999983 0.019877 0.040708 0.998973 0.009042 -0.021507 0.999728 0.000799 -0.005480 0.999985 
0.000360 -0.000165 1.000000 -0.012220 -0.004805 0.999914 -0.000568 0.004809 0.999988 0.018406 0.037696 0.999120 0.009127 -0.021646 0.999724 0.001025 -0.007008 0.999975 
0.000333 -0.000153 1.000000 -0.014863 -0.005856 0.999872 -0.000452 0.003807 0.999993 0.016885 0.034580 0.999259 0.009207 -0.021790 0.999720 0.001244 -0.008468 0.999963 
0.000304 -0.000140 1.000000 -0.017511 -0.006910 0.999823 -0.000327 0.002744 0.999996 0.015269 0.031270 0.999394 0.009290 -0.021950 0.999716 0.001464 -0.009931 0.999950 
0.000273 -0.000125 1.000000 -0.020420 -0.008066 0.999759 -0.000183 0.001530 0.999999 0.013518 0.027684 0.999525 0.009439 -0.022274 0.999707 0.001709 -0.011554 0.999932 
0.000239 -0.000110 1.000000 -0.023502 -0.009293 0.999681 -0.000020 0.000167 1.000000 0.011649 0.023856 0.999648 0.009692 -0.022845 0.999692 0.001968 -0.013272 0.999910 
0.000203 -0.000093 1.000000 -0.026696 -0.010566 0.999588 0.000153 -0.001272 0.999999 0.009663 0.019790 0.999757 0.009943 -0.023409 0.999677 0.002240 -0.015060 0.999884 
0.000166 -0.000076 1.000000 -0.030009 -0.011892 0.999479 0.000334 -0.002771 0.999996 0.007544 0.015449 0.999852 0.010153 -0.023867 0.999664 0.002526 -0.016928 0.999854 
0.000126 -0.000058 1.000000 -0.033363 -0.013240 0.999356 0.000525 -0.004331 0.999990 0.005278 0.010810 0.999928 0.010313 -0.024204 0.999654 0.002824 -0.018832 0.999819 
0.000083 -0.000038 1.000000 -0.036793 -0.014621 0.999216 0.000731 -0.006002 0.999982 0.002838 0.005812 0.999979 0.010454 -0.024493 0.999645 0.003138 -0.020804 0.999779 
0.000001 -0.000000 1.000000 -0.039508 -0.015729 0.999095 0.000959 -0.007732 0.999970 0.000580 0.001187 0.999999 0.010854 -0.025378 0.999619 0.003429 -0.022345 0.999744 
0.000917 -0.000421 0.999999 -0.039967 -0.015936 0.999074 0.001140 -0.008887 0.999960 0.000523 0.001072 0.999999 0.011447 -0.026720 0.999577 0.003801 -0.023981 0.999705 
0.001498 -0.000687 0.999999 -0.041490 -0.016575 0.999001 0.001324 -0.010107 0.999948 0.000388 0.000794 1.000000 0.012053 -0.028074 0.999533 0.004205 -0.026018 0.999653 
0.001303 -0.000598 0.999999 -0.045745 -0.018277 0.998786 0.001536 -0.011788 0.999929 0.000320 0.000656 1.000000 0.012672 -0.029493 0.999485 0.004776 -0.029682 0.999548 
0.000451 -0.000207 1.000000 -0.050726 -0.020241 0.998508 0.001759 -0.013701 0.999905 0.000021 0.000043 1.000000 0.013261 -0.030879 0.999435 0.005313 -0.033481 0.999425 
-0.000642 0.000294 1.000000 -0.055727 -0.022197 0.998199 0.001968 -0.015567 0.999877 -0.000030 -0.000062 1.000000 0.013808 -0.032183 0.999387 0.005838 -0.037315 0.999287 
0.000017 -0.000008 1.000000 -0.060361 -0.024017 0.997888 0.002054 -0.016516 0.999861 -0.000801 -0.001642 0.999998 0.014150 -0.032993 0.999355 0.006240 -0.040491 0.999160 
0.000148 -0.000068 1.000000 -0.064576 -0.025690 0.997582 0.002029 -0.016546 0.999861 -0.000780 -0.001601 0.999998 0.014274 -0.033270 0.999344 0.006518 -0.042834 0.999061 
0.001158 -0.000530 0.999999 -0.068464 -0.027246 0.997281 0.002094 -0.017240 0.999849 -0.003043 -0.006244 0.999976 0.014239 -0.033164 0.999348 0.006750 -0.044745 0.998976 
0.000096 -0.000044 1.000000 -0.072211 -0.028748 0.996975 0.002054 -0.017130 0.999851 -0.003075 -0.006307 0.999975 0.014140 -0.032907 0.999358 0.006881 -0.046163 0.998910 
-0.000198 0.000091 1.000000 -0.075457 -0.030053 0.996696 0.002009 -0.016907 0.999855 -0.002891 -0.005930 0.999978 0.014034 -0.032640 0.999369 0.007060 -0.047758 0.998834 
0.001370 -0.000627 0.999999 -0.078407 -0.031259 0.996431 0.001887 -0.016052 0.999869 -0.002357 -0.004836 0.999986 0.013832 -0.032131 0.999388 0.007297 -0.049845 0.998730 
0.002072 -0.000948 0.999997 -0.080910 -0.032273 0.996199 0.001748 -0.015029 0.999886 -0.001795 -0.003685 0.999992 0.013521 -0.031393 0.999416 0.007410 -0.051108 0.998666 
0.001475 -0.000675 0.999999 -0.083117 -0.033173 0.995988 0.001767 -0.015293 0.999881 -0.004009 -0.008225 0.999958 0.013116 -0.030437 0.999451 0.007353 -0.051024 0.998670 
-0.000027 0.000012 1.000000 -0.085006 -0.033947 0.995802 0.001669 -0.014563 0.999893 -0.004205 -0.008624 0.999954 0.012647 -0.029335 0.999490 0.007242 -0.050622 0.998692 
0.002265 -0.001037 0.999997 -0.086434 -0.034540 0.995659 0.001463 -0.012874 0.999916 -0.004191 -0.008598 0.999954 0.012157 -0.028185 0.999529 0.007263 -0.051151 0.998665 
-0.000918 0.000421 0.999999 -0.087522 -0.034988 0.995548 0.001504 -0.013253 0.999911 -0.006022 -0.012348 0.999906 0.011599 -0.026889 0.999571 0.007026 -0.049533 0.998748 
-0.000866 0.000397 1.000000 -0.086816 -0.034762 0.995618 0.001400 -0.012332 0.999923 -0.005455 -0.011186 0.999923 0.011185 -0.025899 0.999602 0.006929 -0.048860 0.998782 
0.000551 -0.000253 1.000000 -0.086160 -0.034546 0.995682 0.001328 -0.011703 0.999931 -0.005149 -0.010554 0.999931 0.010898 -0.025207 0.999623 0.006948 -0.049029 0.998773 
0.000476 -0.000218 1.000000 -0.085633 -0.034372 0.995734 0.001277 -0.011244 0.999936 -0.004666 -0.009564 0.999943 0.010703 -0.024735 0.999637 0.006900 -0.048677 0.998791 
0.000409 -0.000187 1.000000 -0.085205 -0.034210 0.995776 0.001234 -0.010862 0.999940 -0.004228 -0.008667 0.999953 0.010568 -0.024419 0.999646 0.006858 -0.048390 0.998805 
-0.001122 0.000515 0.999999 -0.084645 -0.033987 0.995831 0.001265 -0.011115 0.999937 -0.004308 -0.008829 0.999952 0.010462 -0.024177 0.999653 0.006749 -0.047540 0.998847 
-0.001004 0.000460 0.999999 -0.083916 -0.033699 0.995903 0.001221 -0.010725 0.999942 -0.003905 -0.008004 0.999960 0.010333 -0.023880 0.999661 0.006692 -0.047149 0.998865 
-0.000897 0.000411 1.000000 -0.083106 -0.033376 0.995982 0.001180 -0.010365 0.999946 -0.003535 -0.007245 0.999968 0.010212 -0.023600 0.999669 0.006628 -0.046711 0.998886 
-0.000162 0.000074 1.000000 -0.082174 -0.033004 0.996071 0.001126 -0.009903 0.999950 -0.002996 -0.006141 0.999977 0.010128 -0.023407 0.999675 0.006597 -0.046537 0.998895 
-0.000144 0.000066 1.000000 -0.081180 -0.032603 0.996166 0.001098 -0.009656 0.999953 -0.002702 -0.005540 0.999981 0.010077 -0.023295 0.999678 0.006513 -0.045964 0.998922 
-0.000128 0.000059 1.000000 -0.080133 -0.032179 0.996265 0.001073 -0.009436 0.999955 -0.002436 -0.004993 0.999985 0.010042 -0.023217 0.999680 0.006425 -0.045362 0.998950 
-0.000112 0.000052 1.000000 -0.079005 -0.031722 0.996369 0.001051 -0.009240 0.999957 -0.002194 -0.004498 0.999987 0.010011 -0.023151 0.999682 0.006333 -0.044720 0.998980 
-0.000990 0.000455 0.999999 -0.077735 -0.031200 0.996486 0.001036 -0.009111 0.999958 -0.001302 -0.002666 0.999996 0.009996 -0.023128 0.999683 0.006237 -0.044024 0.999011 
-0.000892 0.000409 1.000000 -0.076333 -0.030632 0.996612 0.001019 -0.008937 0.999960 -0.001170 -0.002394 0.999996 0.009964 -0.023060 0.999684 0.006138 -0.043218 0.999047 
-0.002624 0.001204 0.999996 -0.074935 -0.030064 0.996735 0.001088 -0.009484 0.999954 -0.001583 -0.003241 0.999993 0.009921 -0.022970 0.999687 0.005974 -0.041835 0.999107 
-0.003807 0.001747 0.999991 -0.073673 -0.029554 0.996844 0.001059 -0.009222 0.999957 -0.000221 -0.000453 1.000000 0.009842 -0.022793 0.999692 0.005888 -0.041222 0.999133 
-0.003404 0.001564 0.999993 -0.072234 -0.028972 0.996967 0.001039 -0.009042 0.999959 -0.000105 -0.000215 1.000000 0.009772 -0.022637 0.999696 0.005798 -0.040579 0.999160 
-0.003071 0.001411 0.999994 -0.070827 -0.028402 0.997084 0.001017 -0.008831 0.999960 -0.000087 -0.000179 1.000000 0.009707 -0.022493 0.999700 0.005698 -0.039802 0.999191 
-0.002528 0.001161 0.999996 -0.069569 -0.027892 0.997187 0.000993 -0.008621 0.999962 -0.000128 -0.000261 1.000000 0.009635 -0.022335 0.999704 0.005612 -0.039193 0.999216 
-0.002502 0.001149 0.999996 -0.068311 -0.027383 0.997288 0.000976 -0.008470 0.999964 0.000032 0.000065 1.000000 0.009578 -0.022210 0.999707 0.005513 -0.038495 0.999244 
-0.003021 0.001387 0.999994 -0.067090 -0.026891 0.997384 0.000970 -0.008405 0.999964 0.000475 0.000971 0.999999 0.009529 -0.022100 0.999710 0.005420 -0.037816 0.999270 
-0.002700 0.001240 0.999996 -0.065954 -0.026427 0.997473 0.000951 -0.008250 0.999966 0.000423 0.000865 1.000000 0.009474 -0.021982 0.999713 0.005328 -0.037190 0.999294 
0.000239 -0.000110 1.000000 -0.064846 -0.025984 0.997557 0.000864 -0.007513 0.999971 0.001102 0.002255 0.999997 0.009437 -0.021898 0.999716 0.005416 -0.037903 0.999267 
-0.000829 0.000380 1.000000 -0.063632 -0.025495 0.997648 0.000900 -0.007799 0.999969 0.000995 0.002037 0.999997 0.009451 -0.021934 0.999715 0.005282 -0.036872 0.999306 
-0.000736 0.000338 1.000000 -0.062251 -0.024935 0.997749 0.000898 -0.007750 0.999970 0.000913 0.001869 0.999998 0.009489 -0.022028 0.999712 0.005177 -0.036005 0.999338 
-0.000654 0.000300 1.000000 -0.060905 -0.024390 0.997846 0.000896 -0.007708 0.999970 0.000839 0.001718 0.999998 0.009526 -0.022122 0.999710 0.005075 -0.035166 0.999369 
-0.000581 0.000267 1.000000 -0.059618 -0.023873 0.997936 0.000876 -0.007503 0.999971 0.001717 0.003516 0.999992 0.009573 -0.022235 0.999707 0.005047 -0.034862 0.999379 
0.000495 -0.000227 1.000000 -0.058280 -0.023334 0.998028 0.000844 -0.007208 0.999974 0.002019 0.004138 0.999989 0.009624 -0.022359 0.999704 0.005019 -0.034557 0.999390 
0.000131 -0.000060 1.000000 -0.056838 -0.022754 0.998124 0.000871 -0.007379 0.999972 0.002490 0.005105 0.999984 0.009687 -0.022509 0.999700 0.004980 -0.034052 0.999408 
-0.000332 0.000152 1.000000 -0.055464 -0.022200 0.998214 0.000899 -0.007571 0.999971 0.002116 0.004339 0.999988 0.009727 -0.022608 0.999697 0.004847 -0.032939 0.999446 
-0.000290 0.000133 1.000000 -0.054198 -0.021688 0.998295 0.000901 -0.007553 0.999971 0.001933 0.003963 0.999990 0.009759 -0.022689 0.999695 0.004741 -0.032073 0.999474 
0.000758 -0.000347 1.000000 -0.053059 -0.021230 0.998366 0.000866 -0.007236 0.999973 0.002223 0.004559 0.999987 0.009774 -0.022729 0.999694 0.004719 -0.031861 0.999481 
0.000683 -0.000313 1.000000 -0.051924 -0.020776 0.998435 0.000866 -0.007215 0.999974 0.002032 0.004167 0.999989 0.009749 -0.022671 0.999695 0.004614 -0.031051 0.999507 
0.000616 -0.000282 1.000000 -0.050923 -0.020373 0.998495 0.000865 -0.007195 0.999974 0.001864 0.003822 0.999991 0.009725 -0.022620 0.999697 0.004515 -0.030333 0.999530 
-0.000494 0.000226 1.000000 -0.049947 -0.019979 0.998552 0.000913 -0.007556 0.999971 0.001778 0.003646 0.999992 0.009732 -0.022643 0.999696 0.004413 -0.029519 0.999554 
-0.000440 0.000202 1.000000 -0.049045 -0.019617 0.998604 0.000912 -0.007521 0.999971 0.001632 0.003347 0.999993 0.009740 -0.022664 0.999696 0.004335 -0.028893 0.999573 
0.001871 -0.000857 0.999998 -0.048351 -0.019345 0.998643 0.000827 -0.006816 0.999976 0.002502 0.005132 0.999984 0.009729 -0.022634 0.999696 0.004447 -0.029637 0.999551 
0.001691 -0.000775 0.999998 -0.047556 -0.019034 0.998687 0.000830 -0.006814 0.999976 0.002287 0.004691 0.999986 0.009681 -0.022515 0.999700 0.004365 -0.028984 0.999570 
0.000787 -0.000360 1.000000 -0.046860 -0.018760 0.998725 0.000841 -0.006884 0.999976 0.002501 0.005130 0.999984 0.009636 -0.022408 0.999702 0.004287 -0.028374 0.999588 
0.000672 -0.000308 1.000000 -0.046309 -0.018538 0.998755 0.000845 -0.006905 0.999976 0.002282 0.004682 0.999986 0.009620 -0.022373 0.999703 0.004221 -0.027880 0.999602 
0.000603 -0.000276 1.000000 -0.045893 -0.018370 0.998777 0.000846 -0.006903 0.999976 0.002087 0.004282 0.999989 0.009591 -0.022308 0.999705 0.004165 -0.027488 0.999613 
-0.001226 0.000561 0.999999 -0.045586 -0.018246 0.998794 0.000906 -0.007374 0.999972 0.002179 0.004472 0.999988 0.009572 -0.022265 0.999706 0.004090 -0.026927 0.999629 
-0.001086 0.000497 0.999999 -0.045349 -0.018153 0.998806 0.000900 -0.007320 0.999973 0.001989 0.004081 0.999990 0.009540 -0.022190 0.999708 0.004058 -0.026700 0.999635 
-0.000964 0.000442 0.999999 -0.045129 -0.018069 0.998818 0.000895 -0.007267 0.999973 0.001818 0.003731 0.999991 0.009506 -0.022105 0.999710 0.004032 -0.026491 0.999641 
0.000720 -0.000329 1.000000 -0.044943 -0.018006 0.998827 0.000833 -0.006758 0.999977 0.002360 0.004844 0.999985 0.009476 -0.022024 0.999713 0.004138 -0.027175 0.999622 
0.000373 -0.000171 1.000000 -0.044543 -0.017854 0.998848 0.000844 -0.006818 0.999976 0.002316 0.004755 0.999986 0.009477 -0.022017 0.999713 0.004100 -0.026799 0.999632 
0.000102 -0.000047 1.000000 -0.044397 -0.017798 0.998855 0.000849 -0.006841 0.999976 0.002245 0.004609 0.999987 0.009449 -0.021949 0.999714 0.004071 -0.026565 0.999639 
-0.000309 0.000141 1.000000 -0.044354 -0.017780 0.998858 0.000860 -0.006929 0.999976 0.002125 0.004362 0.999988 0.009422 -0.021888 0.999716 0.004040 -0.026348 0.999645 
0.000580 -0.000265 1.000000 -0.044313 -0.017767 0.998860 0.000852 -0.006859 0.999976 0.001817 0.003731 0.999991 0.009415 -0.021868 0.999717 0.004069 -0.026524 0.999640 
-0.000481 0.000220 1.000000 -0.044106 -0.017693 0.998870 0.000897 -0.007186 0.999974 0.001780 0.003655 0.999992 0.009408 -0.021841 0.999717 0.004036 -0.026181 0.999649 
0.000970 -0.000444 0.999999 -0.044083 -0.017691 0.998871 0.000844 -0.006758 0.999977 0.002588 0.005316 0.999983 0.009426 -0.021875 0.999716 0.004171 -0.027072 0.999625 
0.001646 -0.000753 0.999998 -0.044021 -0.017680 0.998874 0.000813 -0.006504 0.999979 0.003347 0.006879 0.999971 0.009450 -0.021914 0.999715 0.004266 -0.027669 0.999608 
0.001440 -0.000658 0.999999 -0.043984 -0.017671 0.998876 0.000822 -0.006570 0.999978 0.003030 0.006226 0.999976 0.009457 -0.021923 0.999715 0.004225 -0.027368 0.999616 
0.001301 -0.000595 0.999999 -0.043956 -0.017660 0.998877 0.000824 -0.006582 0.999978 0.002761 0.005673 0.999980 0.009418 -0.021833 0.999717 0.004190 -0.027122 0.999623 
0.001176 -0.000537 0.999999 -0.043988 -0.017673 0.998876 0.000825 -0.006584 0.999978 0.002527 0.005194 0.999983 0.009373 -0.021730 0.999720 0.004164 -0.026936 0.999628 
0.001059 -0.000484 0.999999 -0.044073 -0.017707 0.998871 0.000826 -0.006588 0.999978 0.002311 0.004748 0.999986 0.009334 -0.021638 0.999722 0.004144 -0.026796 0.999632 
0.000517 -0.000237 1.000000 -0.044187 -0.017754 0.998866 0.000833 -0.006643 0.999978 0.002359 0.004848 0.999985 0.009305 -0.021569 0.999724 0.004127 -0.026679 0.999636 
0.000465 -0.000213 1.000000 -0.044294 -0.017798 0.998860 0.000834 -0.006648 0.999978 0.002157 0.004434 0.999988 0.009279 -0.021509 0.999726 0.004114 -0.026588 0.999638 
0.001890 -0.000864 0.999998 -0.044396 -0.017846 0.998855 0.000784 -0.006254 0.999980 0.003349 0.006887 0.999971 0.009274 -0.021489 0.999726 0.004308 -0.027878 0.999602 
0.000655 -0.000299 1.000000 -0.044532 -0.017916 0.998847 0.000807 -0.006432 0.999979 0.003598 0.007400 0.999966 0.009278 -0.021479 0.999726 0.004279 -0.027652 0.999608 
0.000589 -0.000269 1.000000 -0.044651 -0.017973 0.998841 0.000811 -0.006455 0.999979 0.003271 0.006727 0.999972 0.009252 -0.021411 0.999728 0.004257 -0.027489 0.999613 
0.000527 -0.000241 1.000000 -0.044760 -0.018019 0.998835 0.000813 -0.006467 0.999979 0.002975 0.006119 0.999977 0.009213 -0.021318 0.999730 0.004235 -0.027342 0.999617 
0.000471 -0.000215 1.000000 -0.044858 -0.018059 0.998830 0.000814 -0.006478 0.999979 0.002709 0.005571 0.999981 0.009181 -0.021242 0.999732 0.004216 -0.027210 0.999621 
-0.000905 0.000414 1.000000 -0.044949 -0.018095 0.998825 0.000856 -0.006806 0.999976 0.002697 0.005547 0.999981 0.009160 -0.021194 0.999733 0.004169 -0.026879 0.999630 
0.002045 -0.000934 0.999997 -0.045038 -0.018142 0.998821 0.000786 -0.006258 0.999980 0.002969 0.006108 0.999977 0.009174 -0.021214 0.999733 0.004357 -0.028145 0.999594 
0.001848 -0.000844 0.999998 -0.045066 -0.018158 0.998819 0.000795 -0.006324 0.999980 0.002708 0.005573 0.999981 0.009197 -0.021262 0.999732 0.004323 -0.027918 0.999601 
0.001670 -0.000762 0.999998 -0.045072 -0.018160 0.998819 0.000800 -0.006370 0.999979 0.002471 0.005084 0.999984 0.009196 -0.021261 0.999732 0.004290 -0.027702 0.999607 
0.001977 -0.000902 0.999998 -0.045086 -0.018169 0.998818 0.000800 -0.006365 0.999979 0.002745 0.005652 0.999980 0.009181 -0.021221 0.999733 0.004352 -0.028100 0.999596 
0.001787 -0.000816 0.999998 -0.045101 -0.018183 0.998817 0.000806 -0.006409 0.999979 0.002505 0.005157 0.999984 0.009186 -0.021225 0.999733 0.004319 -0.027873 0.999602 
0.001615 -0.000737 0.999998 -0.045108 -0.018186 0.998817 0.000809 -0.006429 0.999979 0.002290 0.004715 0.999986 0.009163 -0.021171 0.999734 0.004287 -0.027664 0.999608 
0.001455 -0.000664 0.999999 -0.045116 -0.018190 0.998816 0.000810 -0.006436 0.999979 0.002097 0.004316 0.999988 0.009126 -0.021086 0.999736 0.004261 -0.027475 0.999613 
-0.000766 0.000350 1.000000 -0.045099 -0.018183 0.998817 0.000857 -0.006795 0.999977 0.002630 0.005413 0.999982 0.009089 -0.021001 0.999738 0.004202 -0.027058 0.999625 
-0.002112 0.000964 0.999997 -0.045079 -0.018176 0.998818 0.000898 -0.007113 0.999974 0.002643 0.005438 0.999982 0.009069 -0.020954 0.999739 0.004150 -0.026690 0.999635 
-0.000306 0.000140 1.000000 -0.044889 -0.018104 0.998828 0.000860 -0.006813 0.999976 0.002840 0.005845 0.999979 0.009102 -0.021024 0.999738 0.004255 -0.027371 0.999616 
-0.000267 0.000122 1.000000 -0.044783 -0.018062 0.998833 0.000859 -0.006798 0.999977 0.002587 0.005325 0.999982 0.009096 -0.021010 0.999738 0.004223 -0.027134 0.999623 
0.002042 -0.000931 0.999997 -0.044721 -0.018050 0.998836 0.000773 -0.006130 0.999981 0.003359 0.006916 0.999970 0.009099 -0.021004 0.999738 0.004379 -0.028192 0.999593 
0.001845 -0.000842 0.999998 -0.044611 -0.018011 0.998842 0.000780 -0.006177 0.999981 0.003058 0.006298 0.999975 0.009087 -0.020969 0.999739 0.004330 -0.027866 0.999602 
0.001667 -0.000761 0.999998 -0.044436 -0.017940 0.998851 0.000784 -0.006207 0.999980 0.002788 0.005741 0.999980 0.009058 -0.020903 0.999740 0.004280 -0.027529 0.999612 
-0.000003 0.000002 1.000000 -0.044267 -0.017871 0.998860 0.000810 -0.006401 0.999979 0.003331 0.006859 0.999971 0.009028 -0.020834 0.999742 0.004228 -0.027150 0.999622 
0.000611 -0.000279 1.000000 -0.043959 -0.017752 0.998876 0.000803 -0.006355 0.999979 0.003623 0.007451 0.999966 0.009017 -0.020806 0.999743 0.004277 -0.027491 0.999613 
0.001302 -0.000595 0.999999 -0.043683 -0.017640 0.998890 0.000778 -0.006155 0.999981 0.003638 0.007482 0.999965 0.009002 -0.020770 0.999744 0.004282 -0.027516 0.999612 
0.001175 -0.000537 0.999999 -0.043373 -0.017514 0.998905 0.000782 -0.006174 0.999981 0.003309 0.006806 0.999971 0.008963 -0.020683 0.999746 0.004220 -0.027085 0.999624 
-0.002430 0.001110 0.999996 -0.042852 -0.017304 0.998932 0.000881 -0.006926 0.999976 0.005025 0.010338 0.999934 0.008977 -0.020714 0.999745 0.004208 -0.026906 0.999629 
-0.002172 0.000992 0.999997 -0.042549 -0.017180 0.998947 0.000877 -0.006900 0.999976 0.004554 0.009368 0.999946 0.008981 -0.020727 0.999745 0.004144 -0.026496 0.999640 
-0.001935 0.000884 0.999998 -0.042198 -0.017036 0.998964 0.000873 -0.006862 0.999976 0.004126 0.008488 0.999955 0.008963 -0.020688 0.999746 0.004082 -0.026087 0.999651 
0.000576 -0.000263 1.000000 -0.041796 -0.016879 0.998984 0.000795 -0.006259 0.999980 0.004640 0.009547 0.999944 0.008972 -0.020705 0.999745 0.004210 -0.026946 0.999628 
0.000521 -0.000238 1.000000 -0.041295 -0.016676 0.999008 0.000800 -0.006289 0.999980 0.004213 0.008668 0.999954 0.008968 -0.020696 0.999746 0.004126 -0.026361 0.999644 
-0.000780 0.000356 1.000000 -0.040827 -0.016485 0.999030 0.000852 -0.006679 0.999977 0.003992 0.008214 0.999958 0.008943 -0.020642 0.999747 0.004030 -0.025684 0.999662 
-0.000472 0.000215 1.000000 -0.040394 -0.016309 0.999051 0.000842 -0.006589 0.999978 0.003734 0.007684 0.999964 0.008923 -0.020598 0.999748 0.003982 -0.025335 0.999671 
-0.000408 0.000186 1.000000 -0.039970 -0.016138 0.999071 0.000839 -0.006552 0.999978 0.003401 0.006999 0.999970 0.008882 -0.020505 0.999750 0.003917 -0.024879 0.999683 
-0.000354 0.000162 1.000000 -0.039648 -0.016007 0.999085 0.000834 -0.006506 0.999978 0.003106 0.006391 0.999975 0.008829 -0.020382 0.999753 0.003862 -0.024503 0.999692 
-0.000788 0.000360 1.000000 -0.039413 -0.015913 0.999096 0.000836 -0.006520 0.999978 0.003095 0.006370 0.999975 0.008783 -0.020277 0.999756 0.003814 -0.024176 0.999700 
-0.000703 0.000321 1.000000 -0.039234 -0.015841 0.999104 0.000832 -0.006481 0.999979 0.002825 0.005815 0.999979 0.008742 -0.020183 0.999758 0.003774 -0.023914 0.999707 
-0.000621 0.000283 1.000000 -0.039113 -0.015792 0.999110 0.000828 -0.006447 0.999979 0.002581 0.005311 0.999983 0.008708 -0.020105 0.999760 0.003742 -0.023701 0.999712 
0.000047 -0.000021 1.000000 -0.038871 -0.015698 0.999121 0.000779 -0.006070 0.999981 0.004456 0.009166 0.999948 0.008739 -0.020170 0.999758 0.003922 -0.024864 0.999683 
0.000057 -0.000026 1.000000 -0.038668 -0.015615 0.999130 0.000784 -0.006108 0.999981 0.004054 0.008337 0.999957 0.008743 -0.020182 0.999758 0.003867 -0.024499 0.999692 
0.000451 -0.000206 1.000000 -0.038341 -0.015484 0.999145 0.000783 -0.006103 0.999981 0.004462 0.009175 0.999948 0.008773 -0.020250 0.999756 0.003915 -0.024814 0.999684 
0.003301 -0.001508 0.999993 -0.038172 -0.015424 0.999152 0.000684 -0.005345 0.999985 0.005323 0.010946 0.999926 0.008821 -0.020352 0.999754 0.004095 -0.026037 0.999653 
-0.000357 0.000163 1.000000 -0.037772 -0.015256 0.999170 0.000800 -0.006220 0.999980 0.005601 0.011513 0.999918 0.008902 -0.020547 0.999749 0.003939 -0.024910 0.999682 
-0.000311 0.000142 1.000000 -0.037398 -0.015103 0.999186 0.000806 -0.006247 0.999980 0.005083 0.010448 0.999932 0.008900 -0.020543 0.999749 0.003865 -0.024375 0.999695 
-0.000262 0.000120 1.000000 -0.037123 -0.014992 0.999198 0.000805 -0.006228 0.999980 0.004613 0.009482 0.999944 0.008837 -0.020400 0.999753 0.003800 -0.023932 0.999706 
0.002006 -0.000917 0.999998 -0.036896 -0.014906 0.999208 0.000755 -0.005850 0.999983 0.004566 0.009389 0.999946 0.008819 -0.020351 0.999754 0.003905 -0.024626 0.999689 
0.000901 -0.000412 1.000000 -0.036627 -0.014799 0.999219 0.000773 -0.005982 0.999982 0.004640 0.009544 0.999944 0.008782 -0.020265 0.999756 0.003827 -0.024100 0.999702 
0.002097 -0.000958 0.999997 -0.036244 -0.014644 0.999236 0.000741 -0.005751 0.999983 0.004870 0.010012 0.999938 0.008763 -0.020222 0.999757 0.003876 -0.024477 0.999693 
0.001895 -0.000866 0.999998 -0.035961 -0.014528 0.999248 0.000747 -0.005797 0.999983 0.004436 0.009120 0.999949 0.008741 -0.020171 0.999758 0.003796 -0.023961 0.999706 
0.001712 -0.000783 0.999998 -0.035701 -0.014422 0.999258 0.000753 -0.005837 0.999983 0.004039 0.008304 0.999957 0.008716 -0.020117 0.999760 0.003723 -0.023490 0.999717 
0.001543 -0.000705 0.999999 -0.035457 -0.014324 0.999269 0.000757 -0.005864 0.999983 0.003679 0.007563 0.999965 0.008679 -0.020032 0.999762 0.003657 -0.023056 0.999727 
0.001395 -0.000638 0.999999 -0.035188 -0.014220 0.999280 0.000758 -0.005862 0.999983 0.003359 0.006906 0.999971 0.008615 -0.019878 0.999765 0.003601 -0.022642 0.999737 
0.001385 -0.000633 0.999999 -0.035027 -0.014157 0.999286 0.000755 -0.005825 0.999983 0.003125 0.006426 0.999974 0.008556 -0.019740 0.999769 0.003565 -0.022381 0.999743 
0.001253 -0.000573 0.999999 -0.034935 -0.014122 0.999290 0.000756 -0.005824 0.999983 0.002865 0.005891 0.999979 0.008502 -0.019613 0.999771 0.003527 -0.022108 0.999749 
0.001131 -0.000517 0.999999 -0.034930 -0.014122 0.999290 0.000757 -0.005822 0.999983 0.002629 0.005405 0.999982 0.008451 -0.019493 0.999774 0.003498 -0.021902 0.999754 
0.002164 -0.000988 0.999997 -0.035010 -0.014160 0.999287 0.000715 -0.005505 0.999985 0.002931 0.006028 0.999978 0.008425 -0.019425 0.999776 0.003578 -0.022408 0.999742 
0.001299 -0.000593 0.999999 -0.035112 -0.014203 0.999282 0.000756 -0.005809 0.999983 0.002773 0.005704 0.999980 0.008408 -0.019383 0.999777 0.003555 -0.022233 0.999747 
0.001173 -0.000536 0.999999 -0.035303 -0.014281 0.999275 0.000757 -0.005817 0.999983 0.002546 0.005237 0.999983 0.008375 -0.019306 0.999779 0.003540 -0.022136 0.999749 
-0.000041 0.000019 1.000000 -0.035521 -0.014372 0.999266 0.000794 -0.006093 0.999981 0.002730 0.005617 0.999980 0.008366 -0.019283 0.999779 0.003529 -0.022044 0.999751 
0.001433 -0.000654 0.999999 -0.035726 -0.014462 0.999257 0.000740 -0.005680 0.999984 0.003146 0.006475 0.999974 0.008389 -0.019326 0.999778 0.003647 -0.022801 0.999733 
0.002260 -0.001031 0.999997 -0.035963 -0.014573 0.999247 0.000702 -0.005397 0.999985 0.004399 0.009060 0.999949 0.008458 -0.019465 0.999775 0.003826 -0.023950 0.999706 
0.002041 -0.000931 0.999997 -0.036090 -0.014631 0.999241 0.000719 -0.005515 0.999985 0.004007 0.008252 0.999958 0.008520 -0.019600 0.999772 0.003790 -0.023694 0.999712 
0.001842 -0.000840 0.999998 -0.036217 -0.014682 0.999236 0.000728 -0.005588 0.999984 0.003648 0.007512 0.999965 0.008515 -0.019588 0.999772 0.003757 -0.023476 0.999717 
0.001655 -0.000755 0.999998 -0.036358 -0.014740 0.999230 0.000740 -0.005676 0.999984 0.003316 0.006829 0.999971 0.008495 -0.019540 0.999773 0.003734 -0.023326 0.999721 
0.001488 -0.000679 0.999999 -0.036495 -0.014797 0.999224 0.000749 -0.005739 0.999983 0.003019 0.006217 0.999976 0.008457 -0.019451 0.999775 0.003717 -0.023193 0.999724 
0.000155 -0.000071 1.000000 -0.036622 -0.014853 0.999219 0.000761 -0.005814 0.999983 0.003362 0.006925 0.999970 0.008401 -0.019318 0.999778 0.003678 -0.022905 0.999731 
0.000130 -0.000059 1.000000 -0.036765 -0.014913 0.999213 0.000763 -0.005830 0.999983 0.003065 0.006314 0.999975 0.008373 -0.019250 0.999780 0.003661 -0.022793 0.999733 
0.000110 -0.000050 1.000000 -0.036902 -0.014969 0.999207 0.000765 -0.005848 0.999983 0.002800 0.005768 0.999979 0.008352 -0.019201 0.999781 0.003646 -0.022701 0.999736 
0.000091 -0.000041 1.000000 -0.037048 -0.015029 0.999200 0.000768 -0.005866 0.999982 0.002553 0.005260 0.999983 0.008333 -0.019156 0.999782 0.003634 -0.022626 0.999737 
0.000073 -0.000033 1.000000 -0.037200 -0.015092 0.999194 0.000769 -0.005879 0.999982 0.002328 0.004796 0.999986 0.008314 -0.019112 0.999783 0.003625 -0.022565 0.999739 
