2.025000 5549.610828 -6811.421287 -0.000000
2.050000 5549.610828 -6811.421287 -0.000000
2.075000 5549.610828 -6811.421287 -0.000000
2.100000 5549.610828 -6811.421287 -0.000000
2.125000 5549.610828 -6811.421287 -0.000000
2.150000 5549.610828 -6811.421287 -0.000000
2.175000 5549.610828 -6811.421287 -0.000000
2.200000 5549.610828 -6811.421287 -0.000000
2.225000 5549.610828 -6811.421287 -0.000000
2.250000 5549.610828 -6811.421287 -0.000000
2.275000 5549.610828 -6811.421287 -0.000000
2.300000 5549.610828 -6811.421287 -0.000000
2.325000 5549.610828 -6811.421287 -0.000000
2.350000 5549.610828 -6811.421287 -0.000000
2.375000 5549.610828 -6811.421287 -0.000000
2.400000 5549.610828 -6811.421287 -0.000000
2.425000 5549.610828 -6811.421287 -0.000000
2.450000 5549.610828 -6811.421287 -0.000000
2.475000 5549.610828 -6811.421287 -0.000000
2.500000 5549.610828 -6811.421287 -0.000000
