2.896836 0.438346 0.005000 2.776993 0.369923 0.004705 2.788307 0.626531 0.003751 2.671125 0.556117 0.003476 
2.896838 0.438344 0.004999 2.776995 0.369921 0.004732 2.788309 0.626529 0.003867 2.671127 0.556115 0.003619 
2.896840 0.438342 0.004993 2.776997 0.369919 0.004755 2.788311 0.626528 0.003968 2.671129 0.556114 0.003746 
2.896804 0.438335 0.004893 2.776955 0.369922 0.004754 2.788289 0.626530 0.004060 2.671101 0.556126 0.003934 
2.896735 0.438382 0.004564 2.776885 0.369973 0.004565 2.788223 0.626581 0.004260 2.671033 0.556180 0.004265 
2.896739 0.438377 0.004589 2.776882 0.369979 0.004588 2.788246 0.626587 0.004332 2.671049 0.556197 0.004334 
2.896720 0.438444 0.004510 2.776866 0.370041 0.004485 2.788219 0.626649 0.004410 2.671025 0.556254 0.004386 
2.896716 0.438445 0.004515 2.776861 0.370043 0.004510 2.788216 0.626651 0.004470 2.671021 0.556257 0.004466 
2.896610 0.438441 0.004128 2.776746 0.370055 0.004310 2.788134 0.626661 0.004370 2.670931 0.556283 0.004548 
2.896630 0.438380 0.004061 2.776732 0.370055 0.004420 2.788250 0.626655 0.004170 2.671011 0.556337 0.004524 
2.896579 0.438216 0.004196 2.776690 0.369876 0.004655 2.788176 0.626477 0.003778 2.670945 0.556144 0.004238 
2.896552 0.438213 0.004177 2.776659 0.369879 0.004666 2.788156 0.626479 0.003890 2.670923 0.556151 0.004378 
2.896366 0.438232 0.003761 2.776469 0.369909 0.004584 2.787989 0.626509 0.004018 2.670751 0.556192 0.004830 
2.896293 0.438252 0.003643 2.776398 0.369926 0.004533 2.787911 0.626526 0.003804 2.670676 0.556207 0.004682 
2.896278 0.438244 0.003699 2.776381 0.369922 0.004562 2.787903 0.626522 0.003930 2.670665 0.556206 0.004782 
2.896376 0.438262 0.003931 2.776484 0.369929 0.004529 2.787984 0.626530 0.003986 2.670750 0.556203 0.004577 
2.896271 0.438254 0.003722 2.776373 0.369933 0.004502 2.787899 0.626533 0.004108 2.670659 0.556218 0.004876 
2.895899 0.438320 0.002947 2.776007 0.369995 0.004201 2.787523 0.626595 0.003744 2.670290 0.556277 0.004975 
2.895629 0.438446 0.002384 2.775761 0.370083 0.003899 2.787204 0.626687 0.004004 2.669995 0.556332 0.005481 
2.895638 0.438381 0.002660 2.775764 0.370028 0.004088 2.787222 0.626631 0.003926 2.670008 0.556285 0.005323 
2.895703 0.438432 0.002829 2.775834 0.370065 0.003982 2.787266 0.626669 0.004099 2.670056 0.556310 0.005224 
2.895369 0.438505 0.002290 2.775528 0.370099 0.003903 2.786878 0.626707 0.004205 2.669697 0.556308 0.005775 
2.895329 0.438528 0.002351 2.775486 0.370123 0.003882 2.786841 0.626730 0.004342 2.669658 0.556334 0.005830 
2.895316 0.438509 0.002528 2.775469 0.370109 0.003971 2.786833 0.626716 0.004353 2.669646 0.556324 0.005757 
2.895320 0.438477 0.002762 2.775469 0.370081 0.004095 2.786841 0.626688 0.004336 2.669650 0.556301 0.005634 
2.895316 0.438477 0.002970 2.775463 0.370082 0.004178 2.786835 0.626689 0.004393 2.669643 0.556302 0.005570 
2.895312 0.438478 0.003159 2.775458 0.370083 0.004253 2.786830 0.626690 0.004444 2.669636 0.556303 0.005510 
2.895308 0.438478 0.003330 2.775454 0.370083 0.004321 2.786826 0.626690 0.004490 2.669631 0.556303 0.005455 
2.895305 0.438479 0.003486 2.775450 0.370084 0.004381 2.786821 0.626691 0.004532 2.669626 0.556304 0.005404 
2.895302 0.438479 0.003627 2.775446 0.370084 0.004435 2.786817 0.626691 0.004569 2.669621 0.556305 0.005357 
2.895299 0.438479 0.003755 2.775442 0.370085 0.004484 2.786814 0.626692 0.004602 2.669617 0.556305 0.005313 
2.895296 0.438480 0.003870 2.775439 0.370085 0.004529 2.786811 0.626692 0.004633 2.669614 0.556306 0.005274 
2.895294 0.438480 0.003975 2.775436 0.370085 0.004569 2.786808 0.626693 0.004661 2.669610 0.556306 0.005240 
2.895171 0.438423 0.003727 2.775311 0.370034 0.004500 2.786694 0.626640 0.004549 2.669495 0.556259 0.005303 
2.895234 0.438373 0.003937 2.775366 0.369998 0.004628 2.786777 0.626604 0.004357 2.669569 0.556236 0.005036 
2.895231 0.438373 0.004035 2.775363 0.369998 0.004658 2.786775 0.626603 0.004412 2.669566 0.556236 0.005024 
2.895218 0.438263 0.004142 2.775337 0.369910 0.004840 2.786794 0.626513 0.004176 2.669573 0.556167 0.004868 
2.895234 0.438258 0.004250 2.775354 0.369902 0.004846 2.786806 0.626505 0.004228 2.669585 0.556156 0.004818 
2.895232 0.438257 0.004317 2.775352 0.369901 0.004856 2.786804 0.626504 0.004298 2.669584 0.556155 0.004832 
2.895231 0.438256 0.004379 2.775351 0.369900 0.004865 2.786803 0.626503 0.004362 2.669582 0.556154 0.004844 
2.895476 0.438265 0.004662 2.775568 0.369958 0.004459 2.787126 0.626557 0.004488 2.669876 0.556256 0.004289 
2.895477 0.438265 0.004690 2.775568 0.369958 0.004507 2.787127 0.626557 0.004532 2.669877 0.556256 0.004353 
2.895524 0.438263 0.004805 2.775620 0.369948 0.004539 2.787161 0.626547 0.004507 2.669915 0.556238 0.004248 
2.895600 0.438217 0.004997 2.775699 0.369896 0.004648 2.787228 0.626496 0.004320 2.669987 0.556181 0.003984 
2.895647 0.438225 0.005018 2.775743 0.369910 0.004667 2.787287 0.626510 0.004237 2.670041 0.556201 0.003900 
2.895640 0.438156 0.004920 2.775735 0.369842 0.004624 2.787280 0.626441 0.004066 2.670034 0.556134 0.003784 
2.895967 0.437957 0.005669 2.776070 0.369633 0.004867 2.787610 0.626226 0.003008 2.670372 0.555909 0.002251 
2.896334 0.437998 0.005956 2.776458 0.369650 0.004425 2.787949 0.626249 0.003069 2.670732 0.555907 0.001593 
2.896337 0.437985 0.005927 2.776462 0.369632 0.004561 2.787941 0.626231 0.003190 2.670725 0.555885 0.001875 
2.896336 0.437947 0.005832 2.776453 0.369604 0.004663 2.787951 0.626201 0.003246 2.670727 0.555865 0.002124 
2.896344 0.437943 0.005748 2.776460 0.369600 0.004691 2.787956 0.626199 0.003408 2.670731 0.555863 0.002393 
2.896352 0.437940 0.005676 2.776467 0.369597 0.004718 2.787961 0.626197 0.003555 2.670735 0.555861 0.002636 
2.896422 0.437938 0.005766 2.776545 0.369583 0.004750 2.788013 0.626184 0.003592 2.670794 0.555836 0.002617 
2.896626 0.438060 0.005920 2.776751 0.369705 0.004686 2.788217 0.626307 0.003856 2.671001 0.555960 0.002663 
2.896559 0.437932 0.006218 2.776693 0.369558 0.005108 2.788123 0.626158 0.003664 2.670918 0.555791 0.002601 
2.896557 0.437942 0.006630 2.776691 0.369567 0.005611 2.788123 0.626165 0.003795 2.670917 0.555797 0.002826 
2.898903 0.434060 0.005645 2.777419 0.368598 0.004954 2.795030 0.624851 0.004003 2.676157 0.557334 0.003341 
2.900487 0.431686 0.005949 2.778254 0.367642 0.004754 2.798847 0.623673 0.003855 2.679201 0.557542 0.002701 
2.900950 0.430811 0.005979 2.778441 0.367295 0.004745 2.800144 0.623234 0.003733 2.680213 0.557622 0.002542 
2.900959 0.430808 0.005850 2.778450 0.367293 0.004757 2.800150 0.623232 0.003847 2.680218 0.557620 0.002793 
2.900966 0.430806 0.005782 2.778455 0.367291 0.004779 2.800154 0.623231 0.003958 2.680221 0.557618 0.002990 
2.904341 0.425235 0.005122 2.779129 0.367220 0.004689 2.812156 0.621946 0.004470 2.689426 0.561721 0.004051 
2.907623 0.417701 0.005330 2.780435 0.364160 0.004638 2.822468 0.617556 0.004684 2.697682 0.561718 0.004007 
2.907788 0.417765 0.005229 2.780599 0.364235 0.004024 2.822645 0.617626 0.005217 2.697858 0.561799 0.004024 
2.907790 0.417768 0.005206 2.780600 0.364237 0.004108 2.822648 0.617629 0.005193 2.697860 0.561802 0.004106 
2.908744 0.419058 0.007903 2.781898 0.364720 0.006683 2.822360 0.618369 0.005368 2.697930 0.561750 0.004195 
2.908367 0.418844 0.006287 2.781361 0.364870 0.005831 2.822536 0.618406 0.005123 2.697939 0.562145 0.004688 
2.910847 0.422546 0.008460 2.784813 0.366354 0.007109 2.821550 0.620570 0.005989 2.697965 0.562133 0.004686 
2.909619 0.420934 0.011816 2.783139 0.365758 0.010211 2.821978 0.619633 0.006213 2.697928 0.562193 0.004702 
2.907305 0.417825 0.013462 2.779978 0.364633 0.011918 2.822815 0.617829 0.006145 2.697882 0.562335 0.004718 
2.906042 0.416097 0.014348 2.778267 0.363988 0.012816 2.823274 0.616785 0.006137 2.697874 0.562355 0.004734 
2.902544 0.410769 0.012216 2.773207 0.362644 0.012103 2.825944 0.613934 0.005124 2.698910 0.563415 0.005112 
2.901561 0.406654 0.008858 2.771153 0.361512 0.008751 2.829618 0.611601 0.005018 2.701458 0.564011 0.004966 
2.903586 0.408711 0.010352 2.773730 0.362008 0.010016 2.829208 0.612758 0.005200 2.701628 0.563634 0.004939 
2.908905 0.414779 0.016615 2.780718 0.363679 0.015721 2.827752 0.615995 0.005652 2.701920 0.562556 0.004920 
2.911384 0.417772 0.020326 2.784037 0.364614 0.019339 2.827112 0.617468 0.005716 2.702157 0.562012 0.004944 
2.910590 0.417554 0.024870 2.783059 0.364841 0.023767 2.827193 0.617245 0.005838 2.702043 0.562230 0.005012 
2.908647 0.416022 0.028033 2.780548 0.364702 0.027055 2.827551 0.616326 0.005777 2.701806 0.562683 0.005120 
2.907110 0.414816 0.031339 2.778554 0.364648 0.030505 2.827949 0.615488 0.005684 2.701725 0.562979 0.005218 
2.906384 0.414203 0.036065 2.777460 0.364999 0.034903 2.829032 0.614943 0.005837 2.702416 0.563389 0.005111 
2.905779 0.414893 0.042493 2.776825 0.365787 0.040606 2.829098 0.614976 0.006706 2.702444 0.563528 0.005339 
2.738643 0.783455 0.041295 2.778467 0.367369 0.046156 2.906683 0.418288 0.049613 2.828034 0.616561 0.008436 2.526114 0.810077 0.041698 2.505871 0.674901 0.044440 
2.778460 0.368734 0.053944 2.536493 0.797323 0.002717 2.464286 0.697466 0.061915 2.827012 0.617308 0.011158 2.906308 0.420533 0.057908 
2.917334 0.410679 0.086996 2.789754 0.358328 0.081831 2.536821 0.797601 0.002822 2.838901 0.604985 0.029663 2.447604 0.729552 0.080922 2.589904 0.565934 0.094093 
2.809409 0.332861 0.129819 2.935571 0.388537 0.135053 2.447015 0.735149 0.084840 2.582829 0.566137 0.098380 2.536918 0.797685 0.003009 2.855155 0.575544 0.059188 
2.825717 0.301771 0.190529 2.536997 0.797697 0.003184 2.447277 0.737462 0.086921 2.579453 0.565442 0.098434 2.950058 0.361589 0.192820 2.866544 0.536740 0.095140 
2.832623 0.272964 0.253861 2.537000 0.797785 0.003344 2.446614 0.740493 0.088419 2.576670 0.567146 0.103592 2.954394 0.337689 0.248719 2.864008 0.496375 0.131063 
2.826675 0.249715 0.315169 2.536951 0.797910 0.003486 2.445206 0.743791 0.089182 2.573936 0.570181 0.111141 2.945728 0.317437 0.298309 2.845863 0.458232 0.166410 
2.443430 0.747224 0.089743 2.536842 0.797958 0.003777 2.931401 0.300365 0.348922 2.815037 0.232284 0.378392 2.708725 0.353854 0.237693 
2.441174 0.751167 0.089984 2.536683 0.797988 0.004103 2.915850 0.287234 0.403975 2.802176 0.220979 0.445598 2.687986 0.324044 0.296547 
2.438627 0.755368 0.089859 2.536493 0.798022 0.004462 2.788099 0.216343 0.516617 2.666905 0.300337 0.361264 2.899112 0.278687 0.463386 2.656596 0.626093 0.047977 
2.436079 0.759247 0.089323 2.536304 0.798086 0.004847 2.773408 0.219531 0.589313 2.644717 0.284074 0.430724 2.881242 0.276355 0.524607 2.653386 0.626307 0.056439 
2.564425 1.246094 0.053275 2.762908 0.230783 0.653108 2.629691 0.276679 0.491787 2.428162 0.755992 0.093235 2.607133 1.198108 0.068420 2.868419 0.281612 0.580117 
2.562617 1.247785 0.053645 2.757202 0.251425 0.687562 2.624909 0.287584 0.523036 2.412712 0.748989 0.105266 2.604593 1.200298 0.072059 2.862596 0.300663 0.613321 
2.562120 1.248559 0.053237 2.745085 0.273770 0.698788 2.614848 0.308581 0.532342 2.398367 0.745116 0.117224 2.603055 1.201281 0.074335 2.851223 0.323243 0.625774 
2.561691 1.249709 0.052066 2.724666 0.294168 0.700395 2.596673 0.331350 0.532726 2.389937 0.751177 0.121802 2.601841 1.202909 0.075596 2.832114 0.343023 0.628896 
2.561447 1.250813 0.050593 2.701757 0.312993 0.698943 2.577005 0.352710 0.529421 2.386299 0.770594 0.116868 2.600724 1.204585 0.076599 2.810998 0.360717 0.629425 
2.561804 1.251209 0.049221 2.679465 0.331252 0.693883 2.559948 0.373292 0.521180 2.386223 0.800704 0.104151 2.599739 1.205390 0.077814 2.791120 0.378173 0.627734 
2.562584 1.250989 0.048131 2.657062 0.349198 0.682186 2.544051 0.394546 0.505976 2.389351 0.836738 0.086447 2.598715 1.205493 0.079446 2.771407 0.395774 0.620543 
2.563842 1.250155 0.047394 2.634821 0.368601 0.665696 2.529148 0.420183 0.486670 2.389060 0.848022 0.081761 2.597824 1.204896 0.081348 2.751974 0.415361 0.609726 
2.564784 1.249556 0.046596 2.614092 0.388621 0.661628 2.514145 0.442287 0.479946 2.386546 0.851126 0.079695 2.596898 1.204737 0.082873 2.733094 0.435355 0.609681 
2.565224 1.249272 0.046349 2.590074 0.407001 0.673939 2.495418 0.457455 0.488541 2.383955 0.854127 0.077229 2.710761 0.451815 0.624236 2.595403 1.205129 0.085036 2.597354 1.194640 0.071545 
2.564991 1.249372 0.046642 2.563284 0.425372 0.694821 2.474387 0.469703 0.505059 2.381204 0.859611 0.074132 2.685697 0.467525 0.647048 2.593124 1.206151 0.087830 2.595361 1.195171 0.074780 
2.564477 1.249498 0.047356 2.533326 0.445068 0.716288 2.451180 0.482947 0.522137 2.378286 0.870039 0.070289 2.657599 0.484603 0.671153 2.590428 1.207401 0.091063 2.593018 1.195948 0.078495 
2.563748 1.250165 0.048462 2.499509 0.465943 0.732595 2.425243 0.499145 0.534453 2.375312 0.885745 0.065764 2.625798 0.503146 0.691232 2.587363 1.209358 0.094648 2.590366 1.197458 0.082598 
2.563311 1.251155 0.050118 2.462595 0.487691 0.742277 2.397648 0.517993 0.540432 2.372313 0.904203 0.060605 2.590969 0.523036 0.706019 2.584262 1.211814 0.098793 2.587759 1.199484 0.087322 
2.561822 1.252432 0.051717 2.422881 0.510337 0.747362 2.367589 0.538340 0.542335 2.369393 0.921486 0.054967 2.553123 0.544006 0.716583 2.579960 1.214762 0.102785 2.583960 1.202010 0.091958 
2.380765 0.534019 0.750803 2.559432 1.253744 0.053576 2.512614 0.566004 0.725568 2.335300 0.559120 0.543003 2.366638 0.936392 0.048911 2.553599 0.787723 0.143356 2.574316 1.217888 0.106950 2.578826 1.204719 0.096846 
2.556805 1.255081 0.055802 2.544617 0.800940 0.148997 2.336346 0.558836 0.754145 2.469581 0.589159 0.734835 2.301503 0.579722 0.543841 2.364053 0.949279 0.042374 2.561829 1.241507 0.046509 2.572936 1.207603 0.102036 
2.553708 1.256770 0.057538 2.533683 0.813009 0.154806 2.289290 0.585271 0.757000 2.423639 0.614022 0.744051 2.360271 0.960283 0.035579 2.559214 1.242807 0.049138 2.566421 1.211097 0.106570 
2.238818 0.613793 0.758507 2.373960 0.641009 0.752182 2.550516 1.258900 0.058599 2.518778 0.823027 0.160951 2.353367 0.968450 0.028785 2.556458 1.244560 0.051190 2.559859 1.215423 0.110313 
2.185012 0.643070 0.756983 2.320644 0.668523 0.756784 2.551066 1.266242 0.052633 2.501044 0.831233 0.167947 2.343455 0.972956 0.022838 2.556965 1.251402 0.046244 2.559808 1.226286 0.107212 
2.138635 0.649449 0.741387 2.274916 0.671114 0.742845 2.546925 1.301836 0.054174 2.470712 0.840774 0.166692 2.319133 0.987704 0.020364 2.553371 1.287296 0.047625 2.556921 1.261547 0.108291 
2.265586 0.677868 0.534373 2.542886 1.331664 0.059047 2.293012 1.000592 0.018159 2.437576 0.846961 0.164703 2.091919 0.637666 0.719306 2.139134 0.631735 0.510468 2.549810 1.317448 0.052280 2.553274 1.290502 0.112429 
2.263228 0.684335 0.526716 2.536328 1.347543 0.065470 2.268932 1.015018 0.014554 2.403526 0.852115 0.160581 2.075067 0.638276 0.695390 2.149861 0.614324 0.496117 2.543501 1.333519 0.058562 2.545821 1.305333 0.118196 
2.067782 0.658163 0.666264 2.527455 1.352942 0.071999 2.245545 1.023560 0.009746 2.366343 0.850544 0.156205 2.273424 0.699629 0.518046 2.172777 0.613184 0.485072 2.534647 1.338988 0.064972 2.535278 1.309564 0.124046 
2.056202 0.695927 0.642080 2.184244 0.625669 0.485405 2.514362 1.352805 0.079449 2.235188 1.024004 0.008824 2.521357 1.338800 0.072324 2.519444 1.308130 0.130734 2.279353 0.718675 0.516929 2.338385 0.842389 0.158299 
2.028742 0.732545 0.622764 2.168697 0.630335 0.496894 2.500244 1.352450 0.087265 2.231393 1.028448 0.008249 2.506980 1.338388 0.080005 2.502289 1.306427 0.137560 2.267349 0.719523 0.528565 2.319492 0.841477 0.160752 
2.487542 1.357127 0.094595 2.004466 0.749678 0.614825 2.139124 0.618068 0.512728 2.494110 1.343114 0.087090 2.487191 1.309636 0.143547 2.244266 0.702319 0.535896 2.306950 0.842511 0.161190 
2.480648 1.363594 0.103374 1.995327 0.790450 0.632926 2.126498 0.640131 0.554977 2.234048 0.723881 0.565416 2.487438 1.349711 0.095823 2.478251 1.315074 0.151248 2.290716 0.837302 0.160178 2.357846 1.001923 0.040716 
2.475553 1.359874 0.113891 1.990934 0.832956 0.632542 2.137417 0.689924 0.569596 2.482608 1.346179 0.106242 2.470759 1.309973 0.160137 2.263145 0.830251 0.155148 2.341098 0.997320 0.046111 
1.985855 0.872214 0.612704 2.468279 1.353867 0.124854 2.072686 0.979268 0.619340 2.323178 0.984563 0.052352 2.148595 0.744083 0.558154 2.234246 0.817279 0.152276 2.475512 1.340350 0.117058 2.460696 1.302451 0.169021 
1.969952 0.879004 0.575974 2.139874 0.762156 0.518092 2.456425 1.351474 0.134117 2.051273 0.989521 0.590704 2.209689 0.805351 0.151354 2.463672 1.338146 0.126012 2.308374 0.970854 0.057825 
1.940646 0.897048 0.546386 2.115373 0.785766 0.491938 2.447198 1.352497 0.143670 2.018412 1.009492 0.565170 2.196311 0.799282 0.142706 2.454724 1.339401 0.135442 2.302019 0.966514 0.060629 
2.440166 1.348274 0.153542 1.996334 1.025893 0.530618 2.179342 0.791906 0.133642 1.927782 0.909832 0.501044 2.111817 0.816008 0.444423 2.448024 1.335414 0.145253 2.294577 0.959598 0.066727 
1.907268 0.922467 0.455131 2.432910 1.343538 0.161220 1.964338 1.040427 0.498406 2.167698 0.784669 0.120771 2.441156 1.330826 0.153080 2.289851 0.953268 0.070464 
2.426315 1.335854 0.168294 1.945071 1.068716 0.454096 2.155447 0.779272 0.108307 1.891206 0.952866 0.401929 2.054374 0.842563 0.038862 2.434833 1.323347 0.160118 2.283671 0.947412 0.074176 
1.878308 0.950936 0.357116 2.417519 1.332407 0.174004 1.930505 1.063935 0.416705 2.145503 0.775506 0.096409 2.426296 1.320056 0.165863 2.278128 0.942568 0.076947 
1.864195 0.936809 0.325749 2.410945 1.329859 0.179002 1.916970 1.046791 0.390267 2.137033 0.772799 0.086536 2.419999 1.317694 0.170885 2.272141 0.938852 0.079463 
1.875931 0.909589 0.298238 2.407374 1.328148 0.184098 1.912092 1.019043 0.374108 2.131734 0.768944 0.081983 2.416837 1.316235 0.176074 2.268675 0.933609 0.085155 
1.893203 0.876562 0.231701 2.112356 0.774333 0.087276 2.396032 1.315892 0.194803 1.919022 0.952363 0.344092 2.405980 1.304417 0.186729 2.253843 0.934969 0.094720 
1.928491 0.849310 0.209513 2.386748 1.301614 0.198037 1.931140 0.928229 0.322689 2.104818 0.777020 0.086301 2.396705 1.290205 0.189880 2.247615 0.935959 0.101299 
2.090114 0.758595 0.089108 2.378839 1.291222 0.200559 2.091211 1.094497 0.230949 1.972715 0.869887 0.192406 1.955538 0.943323 0.307975 2.388947 1.279601 0.192901 2.233449 0.916625 0.108058 
2.373914 1.283481 0.205429 2.070748 1.160118 0.216420 2.072429 0.737496 0.091460 2.000974 0.817846 0.004962 1.995613 0.966102 0.278919 2.384332 1.271968 0.198030 2.218674 0.892369 0.113914 
2.370747 1.276217 0.209594 1.998025 0.806790 0.004968 2.045404 1.216799 0.208119 2.063955 0.724492 0.093987 2.381481 1.264973 0.202233 2.210941 0.877052 0.125581 
2.367670 1.272245 0.212864 2.058375 0.713302 0.096132 1.998006 0.797499 0.004971 2.026010 1.247267 0.205592 2.378700 1.261240 0.205579 2.205311 0.863658 0.137127 
2.364998 1.268028 0.215548 2.052362 0.701635 0.097930 1.998275 0.788113 0.004977 2.019346 1.263071 0.193993 2.376279 1.257246 0.208314 2.199227 0.848956 0.148970 
2.046510 0.691617 0.099626 2.362677 1.264238 0.218279 2.056741 1.277022 0.045804 1.998038 0.779574 0.004980 2.011898 1.271325 0.174825 2.374249 1.253675 0.211182 2.192537 0.836613 0.159039 
2.042335 0.680936 0.102817 2.362399 1.260218 0.220734 2.039748 1.285519 0.071874 1.998070 0.769528 0.006713 1.993214 1.252655 0.196149 2.374264 1.249895 0.213770 2.186483 0.825014 0.168700 
2.022884 0.682480 0.101373 2.359721 1.248532 0.222858 2.062046 1.266595 0.042832 1.988940 0.775062 0.004831 2.031819 1.253320 0.175496 2.372056 1.238904 0.215718 2.168763 0.818301 0.179793 
2.028349 0.695096 0.104425 2.357718 1.231835 0.222793 2.065814 1.252215 0.047889 1.998084 0.791397 0.010329 2.022535 1.240528 0.177041 2.369989 1.222598 0.215051 2.166322 0.829930 0.197488 
2.027546 0.679858 0.124030 2.354977 1.221661 0.224461 2.041864 1.258954 0.072066 2.006494 0.777703 0.029018 1.983085 1.228709 0.191732 2.367333 1.212712 0.216518 2.159581 0.811352 0.229642 
2.358202 1.217406 0.223956 2.012261 1.260804 0.079462 2.017144 0.661154 0.143985 2.005529 0.759928 0.048314 1.955826 1.216947 0.196001 2.370744 1.208896 0.215825 2.144387 0.788771 0.259747 
1.953547 1.184884 0.214688 2.358973 1.212210 0.226479 1.993101 1.248467 0.100310 2.006088 0.642632 0.152654 2.371737 1.203923 0.218463 2.129074 0.767784 0.275493 
2.361406 1.215629 0.228114 1.999855 0.629882 0.135801 1.947838 1.120513 0.253920 1.979944 1.200708 0.147960 2.374400 1.207378 0.220438 2.126048 0.754905 0.255476 
1.924850 1.047365 0.278342 1.985677 1.136931 0.194869 2.123966 0.747090 0.225317 1.993790 0.624138 0.107780 2.378025 1.216171 0.220508 2.364892 1.224490 0.227867 
1.943223 1.016997 0.270400 2.116460 0.750301 0.215287 1.980756 0.630312 0.100984 2.002167 1.093939 0.173988 2.382524 1.224979 0.219033 2.369180 1.233060 0.226277 
1.987042 0.661054 0.099676 2.017295 1.030846 0.102579 1.972220 0.761378 0.006084 1.987934 0.996435 0.231589 2.347883 1.174502 0.223955 2.126342 0.782825 0.207589 2.379161 1.232259 0.217481 2.365762 1.240318 0.224648 
2.138134 0.801183 0.203585 1.997204 0.673056 0.105605 2.375380 1.234847 0.217911 2.362106 1.243183 0.224990 1.975007 0.770584 0.010528 1.960020 0.931433 0.212844 
1.915576 0.889523 0.217274 1.994878 0.665138 0.130879 2.380833 1.242896 0.218874 2.349272 1.185281 0.225231 2.137514 0.799395 0.217527 1.965753 0.940017 0.100559 2.367342 1.251046 0.225761 
1.983714 0.654331 0.154456 2.383834 1.243659 0.218243 2.370217 1.251461 0.225280 1.961215 0.938091 0.090190 2.353657 1.185301 0.224551 2.129065 0.787755 0.237815 1.959486 0.744567 0.052895 1.933726 0.900299 0.218665 
2.380180 1.241588 0.216390 2.366722 1.249345 0.223776 1.974112 0.768416 0.036601 1.958286 0.893278 0.212807 2.350089 1.183206 0.222877 2.139277 0.804349 0.226987 1.998070 0.673173 0.133548 2.005978 0.679628 0.078435 
2.159925 0.845977 0.186350 1.948843 0.598059 0.132817 2.371720 1.238968 0.215672 2.358552 1.247103 0.223173 1.961010 0.826813 0.249008 
1.912218 0.771913 0.285730 2.165392 0.850003 0.186606 2.368908 1.243430 0.216548 2.355756 1.251718 0.223907 1.902835 0.553131 0.151480 
1.874847 0.752131 0.277936 2.160866 0.840273 0.203463 2.374891 1.246131 0.217214 1.872662 0.535882 0.257311 2.022270 0.692816 0.133281 2.361515 1.254109 0.224512 
2.379022 1.237966 0.218657 2.365470 1.245768 0.225819 1.864439 0.772384 0.232064 2.348339 1.179775 0.223990 2.146716 0.818855 0.226811 1.902153 0.562382 0.191190 2.004596 0.668771 0.170646 
2.377983 1.226782 0.217996 2.364387 1.234494 0.225173 1.879368 0.799376 0.195368 1.882324 0.833134 0.062924 2.347928 1.168318 0.223882 2.128235 0.787872 0.250932 1.925565 0.594416 0.140134 1.980278 0.643525 0.194803 
1.913318 0.579875 0.176082 2.371515 1.215942 0.215160 2.358184 1.223713 0.222760 1.897271 0.794950 0.202140 2.341264 1.157649 0.221702 2.123745 0.779645 0.241155 
1.881043 0.552660 0.101349 2.361792 1.204577 0.213148 2.348758 1.212530 0.221066 1.909787 0.764658 0.090952 2.330659 1.146780 0.219951 2.130201 0.808245 0.187394 
1.848641 0.517689 0.157987 2.352166 1.202526 0.213670 2.339236 1.210709 0.221524 1.954808 0.777602 0.004830 2.319989 1.145288 0.220338 2.131361 0.817326 0.183908 1.926017 0.733321 0.274145 
2.127558 0.807744 0.192097 1.890185 0.725158 0.331639 1.815882 0.521056 0.335531 1.856853 0.504288 0.204824 2.348244 1.201218 0.214731 2.335262 1.209381 0.222520 
1.846657 0.741294 0.349400 2.348718 1.192725 0.216233 2.335616 1.200566 0.224152 2.316681 1.135161 0.220224 2.116552 0.787560 0.212954 1.831275 0.526641 0.319712 1.910206 0.537181 0.207005 
1.843918 0.789428 0.312981 2.346900 1.174991 0.217767 2.333648 1.182605 0.225659 2.315195 1.117162 0.220324 2.097679 0.757682 0.243682 1.903157 0.582815 0.281426 1.977993 0.621592 0.172156 
1.929117 0.588648 0.195805 1.915174 0.919529 0.132058 1.905401 0.675914 0.091565 1.868325 0.867527 0.249492 2.310313 1.088311 0.220636 2.074899 0.723905 0.275371 2.342769 1.145773 0.219771 2.329470 1.153402 0.227566 
1.899711 0.552976 0.231320 2.340047 1.114276 0.221250 2.326734 1.121993 0.228935 1.880497 0.635988 0.122766 2.306901 1.057203 0.221145 2.049563 0.686377 0.306330 1.897010 1.010210 0.079079 1.880653 0.956578 0.203762 
1.864042 0.516511 0.271890 2.335809 1.078118 0.223342 2.322440 1.085952 0.230808 1.849150 0.594054 0.158711 2.301997 1.021448 0.222257 2.019025 0.647370 0.340693 1.884261 1.082404 0.084416 1.877168 1.022719 0.207205 
1.830491 0.480664 0.311370 2.328034 1.041127 0.225446 2.314680 1.049222 0.232655 1.821434 0.552829 0.194092 2.293051 0.985197 0.223445 1.989955 0.607798 0.376840 1.870412 1.145062 0.130620 1.859051 1.052416 0.230508 
1.813333 0.458820 0.307972 2.321002 1.020901 0.228351 2.307505 1.029034 0.235245 1.864596 1.147605 0.204148 2.285591 0.965332 0.224582 1.974971 0.583235 0.373330 1.806012 0.530559 0.190312 1.841878 1.029079 0.268377 
1.804947 0.447239 0.269941 2.317983 1.008941 0.229797 2.304378 1.016924 0.236654 1.868353 1.136787 0.223890 2.282673 0.953448 0.224346 1.967223 0.569063 0.338521 1.796474 0.523517 0.155250 1.839795 1.033994 0.309376 
1.793558 0.446340 0.219506 1.884275 1.126527 0.148757 1.788554 0.531529 0.111054 1.861355 1.117757 0.283247 2.282453 0.949075 0.224315 1.956879 0.559098 0.300063 2.316524 1.005598 0.224923 2.303049 1.013644 0.231960 
1.806699 0.461084 0.149352 2.306443 0.998514 0.221983 2.293270 1.007064 0.228998 1.802262 0.558009 0.051220 1.898604 1.106271 0.258297 2.271602 0.942530 0.224801 1.964801 0.567660 0.246937 
1.916481 1.056305 0.194797 1.829563 0.471242 0.097000 1.823657 0.575027 0.006238 1.865819 1.003246 0.310157 2.299443 0.998887 0.222456 2.286301 1.007567 0.229369 2.264135 0.943196 0.225267 1.982618 0.574994 0.205107 
1.839953 0.463274 0.100543 2.298041 0.993038 0.223621 2.284826 1.001463 0.230708 1.890487 1.043442 0.192535 2.262771 0.937255 0.224168 1.987353 0.570924 0.212627 1.834028 0.566744 0.009423 1.843946 0.959350 0.289759 
1.843296 0.455845 0.095320 2.298721 0.990554 0.221313 2.285545 0.998727 0.228760 1.910550 1.050488 0.137140 2.264463 0.934156 0.222595 1.991118 0.559483 0.210584 1.839018 0.561315 0.006427 1.883219 0.997911 0.260341 
1.856608 0.455066 0.098981 2.297525 0.996825 0.219084 2.284481 1.005215 0.226521 1.845692 0.559065 0.008930 2.263415 0.940449 0.222860 2.006963 0.563902 0.205872 1.909501 1.028210 0.097189 1.887396 0.991144 0.226909 
1.868310 0.447003 0.109605 2.299970 0.997699 0.218023 2.286933 1.005970 0.225604 1.853612 0.548705 0.017493 1.908705 1.027795 0.052514 2.266399 0.941023 0.222128 2.018430 0.561167 0.211135 
1.878727 0.441157 0.111519 2.300809 0.998619 0.217496 2.287767 1.006831 0.225133 1.862305 0.542167 0.018937 1.909247 1.031519 0.071319 2.267554 0.941774 0.221832 2.027551 0.557939 0.211973 
1.887479 0.434727 0.119044 2.299901 0.998657 0.217508 2.286866 1.006723 0.225311 1.905482 1.021926 0.117826 2.266719 0.941708 0.220946 2.033521 0.552033 0.222914 1.872871 0.535669 0.026085 1.877807 0.937689 0.221884 
1.897522 0.432059 0.132721 2.299369 0.999986 0.217983 2.286283 1.007666 0.226084 1.906555 1.001060 0.145046 2.266458 0.942786 0.219051 2.037302 0.549345 0.244896 1.887438 0.533492 0.039696 1.866612 0.898851 0.226579 
1.901190 0.431724 0.151290 2.299097 1.005192 0.218596 2.285904 1.012342 0.227003 1.863708 0.878153 0.227106 1.907464 0.981688 0.149287 2.266960 0.947562 0.217183 2.035765 0.549923 0.268748 
1.861101 0.860033 0.227074 1.908865 0.961914 0.149429 1.898399 0.432315 0.172655 2.297082 1.012655 0.220814 2.283854 1.019463 0.229447 2.265586 0.954712 0.218249 2.028944 0.549983 0.295088 
1.857843 0.842166 0.227007 1.910267 0.941864 0.149536 1.892948 0.433752 0.198504 2.293318 1.021026 0.226911 2.280083 1.027697 0.235638 2.262017 0.963004 0.223794 2.018893 0.550711 0.326318 
1.856212 0.830178 0.226674 1.912006 0.927547 0.148596 1.886401 0.435311 0.231818 2.290737 1.032352 0.237880 2.277393 1.038904 0.246531 2.259765 0.974189 0.234161 2.006837 0.552814 0.364354 
1.856836 0.830585 0.226020 1.912945 0.926707 0.146633 1.878143 0.435527 0.271957 2.290796 1.045315 0.251780 2.277195 1.051676 0.260170 2.260548 0.986843 0.247075 1.992735 0.555433 0.407489 
1.857455 0.832186 0.225548 1.913460 0.927540 0.145169 1.872767 0.437545 0.307111 2.292560 1.058053 0.264239 2.278669 1.064242 0.272276 2.263291 0.999128 0.259030 1.981995 0.560778 0.444080 
1.857066 0.832039 0.226090 1.913487 0.926672 0.145151 1.872480 0.442602 0.326250 2.294243 1.067455 0.269902 2.280166 1.073571 0.277667 2.265752 1.008124 0.264984 1.978108 0.568779 0.463363 
1.856627 0.832836 0.227061 1.913343 0.926793 0.145542 1.874615 0.446779 0.327621 2.295220 1.072681 0.264764 2.281132 1.078810 0.272498 2.267014 1.013160 0.260557 1.980153 0.574346 0.463510 
1.857342 0.834609 0.226613 1.913772 0.928002 0.144253 1.877809 0.448453 0.316849 2.296366 1.075356 0.248966 2.282423 1.081541 0.256916 2.268116 1.015795 0.245751 1.986410 0.576059 0.450266 
1.860141 0.837807 0.223446 1.915300 0.930651 0.139617 1.881936 0.448787 0.300830 2.298391 1.076827 0.225325 2.284700 1.083079 0.233650 2.269977 1.017290 0.223311 1.995423 0.575806 0.430693 
1.861523 0.840929 0.222559 1.916110 0.932633 0.137116 1.885706 0.450507 0.285167 2.303983 1.078928 0.217356 2.290411 1.085507 0.225623 2.275511 1.019389 0.217999 2.003552 0.577438 0.411176 
1.862483 0.843522 0.221906 1.916698 0.934222 0.135164 1.886788 0.451913 0.275129 2.308544 1.081870 0.218146 2.294870 1.088558 0.226154 2.280258 1.022256 0.219637 2.007966 0.578794 0.397989 
1.863356 0.845765 0.221311 1.917266 0.935566 0.133452 1.886086 0.452386 0.274173 2.311900 1.085119 0.218502 2.298155 1.091854 0.226347 2.283854 1.025412 0.220625 2.008928 0.579476 0.395151 
1.863784 0.846538 0.220953 1.917480 0.935965 0.132582 1.885313 0.453202 0.279967 2.313193 1.086850 0.218629 2.299428 1.093654 0.226379 2.285125 1.027170 0.221169 2.007991 0.580802 0.400573 
1.864159 0.846358 0.220842 1.918038 0.935523 0.132318 1.884399 0.454245 0.289112 2.312907 1.087519 0.218758 2.299142 1.094390 0.226448 2.284689 1.027918 0.221502 2.005733 0.582422 0.410464 
1.864236 0.846419 0.220832 1.918182 0.935527 0.132291 1.883361 0.454973 0.298391 2.311783 1.088010 0.219219 2.297981 1.094905 0.226822 2.283528 1.028427 0.221961 2.003114 0.583875 0.420544 
1.864228 0.846280 0.220850 1.918201 0.935405 0.132343 1.882335 0.454977 0.304707 2.310512 1.088411 0.219738 2.296666 1.095320 0.227250 2.282245 1.028832 0.222429 2.001054 0.584355 0.427365 
1.864182 0.846123 0.220885 1.918180 0.935298 0.132444 1.881760 0.454737 0.306503 2.309773 1.088619 0.220038 2.295902 1.095533 0.227496 2.281501 1.029040 0.222691 2.000225 0.584186 0.429332 
1.865024 0.845948 0.221087 1.919747 0.934727 0.132693 1.882375 0.453286 0.304559 2.309949 1.088526 0.219959 2.296067 1.095392 0.227441 2.281847 1.028865 0.222572 2.000137 0.581977 0.428851 
1.865312 0.844851 0.221541 1.920848 0.933794 0.133821 1.881951 0.451955 0.298773 2.310533 1.089943 0.219354 2.296617 1.096772 0.226808 2.282970 1.030070 0.222757 1.999891 0.578971 0.424611 
1.864899 0.843551 0.221941 1.920900 0.932907 0.134940 1.882604 0.451310 0.291922 2.310119 1.091605 0.218671 2.296185 1.098441 0.226085 2.282964 1.031603 0.222966 2.000688 0.577016 0.418933 
