0.686763 0.293447 0.004150 0.708444 0.429730 0.003319 0.472373 0.328516 0.004962 0.496857 0.463014 0.004128 
0.686782 0.293303 0.004452 0.708416 0.429592 0.003299 0.472378 0.328297 0.004748 0.496815 0.462801 0.003602 
0.686788 0.293175 0.004614 0.708405 0.429465 0.003221 0.472379 0.328141 0.004587 0.496800 0.462646 0.003208 
0.686790 0.293173 0.004648 0.708408 0.429463 0.003389 0.472381 0.328139 0.004610 0.496803 0.462645 0.003364 
0.686789 0.293168 0.004676 0.708407 0.429460 0.003537 0.472381 0.328135 0.004642 0.496802 0.462642 0.003514 
0.686789 0.293164 0.004702 0.708407 0.429457 0.003670 0.472380 0.328131 0.004673 0.496802 0.462639 0.003652 
0.686788 0.293160 0.004725 0.708407 0.429454 0.003790 0.472380 0.328127 0.004702 0.496802 0.462636 0.003776 
0.686788 0.293157 0.004746 0.708407 0.429451 0.003899 0.472379 0.328124 0.004728 0.496802 0.462633 0.003889 
0.686676 0.293172 0.004573 0.708300 0.429465 0.003794 0.472269 0.328150 0.004774 0.496697 0.462658 0.003999 
0.686675 0.293170 0.004609 0.708300 0.429463 0.003903 0.472268 0.328147 0.004794 0.496697 0.462656 0.004092 
0.686674 0.293167 0.004638 0.708300 0.429461 0.004004 0.472267 0.328145 0.004812 0.496697 0.462654 0.004181 
0.687251 0.293055 0.004673 0.707924 0.429496 0.004104 0.472606 0.326536 0.005343 0.496095 0.461213 0.004770 
0.687534 0.293107 0.004761 0.707899 0.429595 0.004187 0.472814 0.326101 0.004927 0.495998 0.460831 0.004356 
0.687514 0.293056 0.004749 0.707881 0.429544 0.004229 0.472794 0.326055 0.004946 0.495981 0.460784 0.004429 
0.687491 0.293046 0.004606 0.707694 0.429558 0.004051 0.472731 0.325787 0.004849 0.495756 0.460544 0.004296 
0.687194 0.293281 0.003712 0.707541 0.429773 0.003925 0.472472 0.326244 0.004951 0.495638 0.460977 0.005144 
0.686564 0.292926 0.003400 0.707807 0.429281 0.003369 0.472066 0.327303 0.005065 0.496118 0.461881 0.005012 
0.686425 0.292954 0.003556 0.707903 0.429273 0.003523 0.471990 0.327698 0.005632 0.496273 0.462235 0.005570 
0.686381 0.292970 0.003696 0.708028 0.429261 0.003663 0.471992 0.327979 0.006016 0.496442 0.462486 0.005951 
0.686255 0.292998 0.003821 0.708275 0.429230 0.003791 0.471967 0.328595 0.006483 0.496785 0.463034 0.006416 
0.686007 0.293006 0.003917 0.708438 0.429171 0.003885 0.471828 0.329248 0.006683 0.497052 0.463612 0.006612 
0.686522 0.292083 0.003893 0.708040 0.428395 0.003952 0.472130 0.326883 0.008256 0.496453 0.461412 0.008253 
0.686744 0.291885 0.004015 0.708052 0.428230 0.004003 0.472400 0.326341 0.011956 0.496513 0.460908 0.011833 
0.686836 0.291663 0.004213 0.707893 0.428046 0.003968 0.472523 0.325727 0.014368 0.496387 0.460338 0.013984 
0.686285 0.291710 0.004297 0.707858 0.428010 0.003323 0.472177 0.326639 0.015768 0.496550 0.461155 0.014642 
0.686367 0.291738 0.004515 0.707933 0.428038 0.003496 0.472305 0.326658 0.016831 0.496670 0.461175 0.015649 
0.686043 0.291684 0.004598 0.708160 0.427897 0.003667 0.472168 0.327459 0.017687 0.497076 0.461877 0.016581 
0.686003 0.291895 0.004806 0.708114 0.428109 0.003858 0.472144 0.327661 0.018182 0.497046 0.462080 0.017055 
0.685829 0.291914 0.004860 0.708168 0.428091 0.003966 0.472076 0.328030 0.018966 0.497203 0.462408 0.017883 
0.686054 0.291870 0.004926 0.708112 0.428093 0.004064 0.472310 0.327536 0.020262 0.497158 0.461965 0.019192 
0.679954 0.289895 0.005996 0.705489 0.425490 0.003537 0.467494 0.331205 0.024643 0.495767 0.464933 0.021946 
1.012740 0.120921 0.021283 0.463320 0.341418 0.031537 0.800898 0.094382 0.004066 0.993936 0.256186 0.041126 0.496834 0.473862 0.026499 0.704322 0.425812 0.003743 
1.014147 0.111011 0.023322 0.462010 0.349940 0.040516 0.801789 0.090139 0.004710 0.999026 0.247109 0.040427 0.499478 0.481143 0.032053 0.704564 0.426131 0.003926 
1.014899 0.099994 0.019317 0.462802 0.353437 0.050220 0.801874 0.083105 0.004732 1.002819 0.236689 0.033898 0.501471 0.484071 0.038858 0.704780 0.426267 0.004189 
1.012934 0.089295 0.007631 0.465712 0.350874 0.060109 0.799395 0.072846 0.004760 1.001974 0.226346 0.019498 0.502448 0.481885 0.046824 0.704901 0.426203 0.004512 
1.011869 0.084248 0.004939 0.469079 0.348183 0.069855 0.798527 0.065666 0.009148 0.999866 0.221397 0.014429 0.503742 0.479576 0.054879 0.705032 0.426132 0.004842 
1.012077 0.073677 0.004945 0.471786 0.350143 0.080466 0.798901 0.058027 0.018689 1.002158 0.211167 0.011435 0.506422 0.481197 0.062716 0.705268 0.426222 0.005135 
1.012323 0.059913 0.004960 0.475427 0.352422 0.092398 0.799883 0.049030 0.030033 1.005319 0.197711 0.007499 0.509910 0.483075 0.071648 0.705553 0.426320 0.005464 
1.012210 0.053383 0.005380 1.006842 0.191279 0.005408 0.480179 0.353945 0.104118 0.800908 0.045529 0.039549 0.513751 0.484205 0.079727 0.706198 0.426163 0.005748 
1.019730 0.052686 0.010957 0.493028 0.365731 0.108357 0.808508 0.045870 0.045833 1.014617 0.190568 0.008431 0.534630 0.495212 0.094440 0.728347 0.431383 0.029040 
1.037242 0.048159 0.015393 0.509812 0.390333 0.112003 0.825573 0.042373 0.047648 1.032305 0.185938 0.009324 0.559679 0.517556 0.116156 0.755410 0.448083 0.063804 
1.053381 0.045694 0.014254 0.529477 0.408521 0.115660 0.841376 0.040712 0.044366 1.048565 0.183289 0.004843 0.582007 0.533776 0.131197 0.778146 0.463265 0.081847 
1.056799 0.045715 0.015813 0.555633 0.409652 0.120739 0.844040 0.042591 0.040346 0.609885 0.534070 0.137070 1.053268 0.183231 0.004824 0.802917 0.463471 0.076803 
1.054481 0.046063 0.018891 0.651779 0.522640 0.123076 0.597862 0.397620 0.110715 0.841419 0.046707 0.040842 1.053204 0.183339 0.004836 0.846172 0.449635 0.070549 
1.052746 0.046667 0.022889 0.717379 0.500103 0.091882 0.667621 0.373054 0.083369 0.839487 0.050267 0.042518 1.053151 0.183481 0.004843 0.918154 0.428399 0.071242 
1.050532 0.047313 0.026825 0.801394 0.467949 0.063525 0.758979 0.338007 0.061095 0.837120 0.054457 0.043623 1.053116 0.183523 0.004821 1.003883 0.406649 0.096963 
0.883978 0.440164 0.061740 1.081112 0.388128 0.127378 1.048913 0.048208 0.031532 0.843987 0.309563 0.067578 0.835411 0.057993 0.045645 0.836522 0.192147 0.019352 
0.933188 0.421848 0.056708 1.129963 0.368028 0.121982 1.047458 0.047488 0.036932 0.834045 0.060219 0.049978 0.836729 0.193150 0.018169 
0.966489 0.424111 0.051025 1.044780 0.048758 0.042040 0.831693 0.066409 0.054698 0.837089 0.197933 0.017790 1.164512 0.360777 0.102535 1.118403 0.231936 0.120372 
0.992860 0.437573 0.051436 1.040489 0.050313 0.046347 0.828391 0.076305 0.061064 0.838146 0.206310 0.019913 1.189250 0.371145 0.105253 1.140765 0.243211 0.123307 
1.011303 0.455915 0.055682 1.037120 0.052537 0.051329 0.826716 0.087146 0.071590 0.840002 0.215199 0.025593 1.206688 0.389782 0.113379 1.157957 0.261864 0.130880 
1.026594 0.473722 0.059167 1.038568 0.059650 0.055918 0.829162 0.096941 0.081140 0.842232 0.223335 0.030708 1.221922 0.410872 0.120605 1.174934 0.282228 0.137543 
1.037336 0.486411 0.061420 1.046906 0.073494 0.056962 0.837388 0.109457 0.083163 0.849243 0.235575 0.031748 1.232671 0.427432 0.126561 1.187535 0.298208 0.144110 
1.048279 0.492590 0.060220 1.060263 0.087845 0.057914 0.850151 0.124059 0.078396 0.863420 0.249843 0.026509 1.242061 0.435044 0.131033 1.196423 0.306279 0.150547 
1.063788 0.498608 0.053713 1.073909 0.094616 0.062715 0.863547 0.133661 0.072775 0.880668 0.257943 0.018454 1.253833 0.440377 0.133524 1.205630 0.312792 0.154564 
1.086011 0.100579 0.064095 1.082641 0.504122 0.043240 1.267433 0.444985 0.133973 1.215950 0.318866 0.156052 0.876105 0.143174 0.062322 0.898071 0.265590 0.005562 
1.080864 0.096559 0.068771 1.098725 0.512507 0.032191 1.278522 0.453465 0.132515 1.224661 0.328402 0.154924 0.872710 0.146984 0.066149 0.899017 0.266367 0.004949 
1.078284 0.101479 0.083357 1.100683 0.511766 0.032272 1.278032 0.453175 0.137116 1.221635 0.329946 0.163152 0.870978 0.154134 0.071993 0.900729 0.270592 0.006860 
1.082712 0.113454 0.101597 1.099547 0.511502 0.039194 1.275034 0.456783 0.149139 1.217213 0.335491 0.180589 0.875843 0.164875 0.080645 0.907755 0.279593 0.013480 
1.085185 0.121220 0.126160 1.098528 0.512368 0.046330 1.272172 0.462413 0.161352 1.213204 0.343193 0.198143 0.878950 0.171369 0.097348 0.912650 0.283082 0.026114 
1.085015 0.128903 0.153094 1.097067 0.513463 0.054712 1.268082 0.468314 0.175514 1.207622 0.351398 0.216978 0.879752 0.177512 0.115918 0.915610 0.285828 0.040608 
1.262603 0.475144 0.191815 1.080078 0.136424 0.180696 1.095116 0.515191 0.064449 0.876161 0.183614 0.135212 0.914579 0.288204 0.055999 
1.256077 0.483226 0.210218 1.070882 0.144177 0.209830 1.092730 0.517740 0.076039 0.868572 0.189834 0.156312 0.909737 0.290328 0.073268 
1.248242 0.493600 0.231270 1.060163 0.153675 0.241512 1.089821 0.521654 0.089871 0.859800 0.197055 0.179458 0.903930 0.293106 0.092761 
1.239112 0.505031 0.253589 1.048347 0.165689 0.275882 1.086090 0.526137 0.105210 0.850395 0.205947 0.204664 0.897818 0.297099 0.114485 
1.035124 0.181234 0.311634 1.081367 0.532017 0.121970 1.228248 0.519071 0.277328 1.089610 0.267319 0.218549 0.840210 0.217605 0.230620 0.891397 0.303379 0.137278 
1.019773 0.200641 0.347610 1.075553 0.539344 0.139388 1.215650 0.535727 0.301368 1.078488 0.280838 0.251875 0.828591 0.232373 0.256394 0.884019 0.312250 0.160283 
1.002269 0.224154 0.382681 1.069068 0.549204 0.157191 1.201727 0.556572 0.325194 1.065367 0.298034 0.284679 0.815312 0.250284 0.281478 0.875142 0.323825 0.182979 
1.186418 0.581672 0.347863 1.061704 0.561729 0.174870 0.800879 0.271370 0.305626 0.983129 0.252030 0.416480 1.050701 0.319178 0.316633 
1.169498 0.610842 0.368624 1.053248 0.576891 0.191958 0.962688 0.284474 0.449002 1.034855 0.344512 0.347852 0.785740 0.295554 0.328818 0.970795 0.490720 0.258786 
1.151005 0.643752 0.386717 0.940819 0.321840 0.480086 1.017719 0.374370 0.378248 1.043723 0.594740 0.207926 0.769851 0.322986 0.351065 0.958319 0.513724 0.277441 
1.131036 0.680662 0.401466 0.917237 0.365025 0.509738 0.998949 0.409633 0.407868 0.752902 0.354435 0.372772 1.033174 0.616015 0.222241 0.944733 0.540307 0.293909 
1.109500 0.722844 0.412293 0.891997 0.415116 0.536754 0.978547 0.451532 0.435625 1.018408 0.653026 0.488920 0.734949 0.390939 0.393125 0.930114 0.571481 0.307955 
1.070430 0.765385 0.429833 0.974654 0.698284 0.503102 0.717462 0.421977 0.405873 0.861761 0.463713 0.558561 0.954523 0.496173 0.461682 
1.017501 0.769927 0.459322 0.912485 0.703759 0.519633 0.672898 0.433241 0.399899 0.774742 0.463772 0.313960 0.900221 0.509808 0.485219 
0.855054 0.702092 0.529015 0.619448 0.436018 0.376690 0.966572 0.769531 0.483632 0.943384 0.677793 0.291475 0.732459 0.465593 0.305672 0.834389 0.507584 0.492864 
0.915137 0.772926 0.498263 0.913606 0.683369 0.303700 0.799498 0.704760 0.530282 0.573143 0.437410 0.340326 0.693656 0.466815 0.282866 0.775238 0.501793 0.481145 
0.863833 0.777954 0.508665 0.881575 0.688540 0.314840 0.745249 0.710291 0.528755 0.536066 0.438758 0.299230 0.661433 0.468114 0.253283 0.726205 0.495137 0.458875 
0.812247 0.783231 0.514778 0.846532 0.692279 0.323912 0.691235 0.717550 0.524066 0.506815 0.441959 0.260683 0.635749 0.471300 0.225968 0.683705 0.491906 0.436845 
0.762691 0.786480 0.516992 0.812469 0.694421 0.330109 0.640240 0.722862 0.515436 0.478000 0.447270 0.230795 0.609779 0.475142 0.207400 
0.727886 0.783134 0.518052 0.785475 0.692607 0.332671 0.604655 0.721606 0.509534 0.450787 0.451526 0.211203 0.584063 0.477236 0.194888 
0.701243 0.776299 0.518695 0.562490 0.479937 0.199166 0.763843 0.687812 0.333954 0.577579 0.716575 0.505116 0.428253 0.456509 0.210181 
0.680828 0.769399 0.519122 0.543287 0.482959 0.207962 0.746601 0.682828 0.334577 0.556870 0.711232 0.501947 0.412740 0.479769 0.429149 
0.665831 0.765076 0.519357 0.526463 0.484913 0.212107 0.732840 0.679467 0.334807 0.541487 0.708355 0.500238 0.392433 0.485444 0.431225 
0.655632 0.763226 0.519573 0.512364 0.485606 0.211385 0.721821 0.677421 0.334818 0.530679 0.707951 0.500197 0.377999 0.487342 0.430290 
0.649372 0.762891 0.519771 0.501340 0.485626 0.209109 0.713394 0.676137 0.334696 0.523696 0.708963 0.501293 0.368457 0.487617 0.428915 
0.646064 0.763598 0.519781 0.493052 0.485204 0.206726 0.707268 0.675295 0.334485 0.519648 0.710905 0.502855 0.363105 0.487251 0.428280 
0.646286 0.764812 0.519595 0.487958 0.484700 0.206755 0.704473 0.674757 0.334170 0.519251 0.713031 0.504599 0.361117 0.487582 0.430092 
0.651271 0.765441 0.519708 0.486360 0.484707 0.208815 0.706024 0.674436 0.333703 0.350845 0.471525 0.221134 0.523742 0.714287 0.506916 
0.663067 0.766548 0.519748 0.488009 0.484981 0.213670 0.712040 0.674475 0.332660 0.352838 0.472476 0.229860 0.534976 0.715981 0.510826 
0.679752 0.767379 0.519182 0.492352 0.485013 0.221802 0.357829 0.473121 0.243062 0.551228 0.717271 0.515321 0.721350 0.674151 0.330884 
0.700181 0.767696 0.517802 0.500572 0.484627 0.231428 0.367001 0.473123 0.258189 0.571532 0.717788 0.519401 0.733972 0.673487 0.328433 0.537528 0.504941 0.444537 
0.723865 0.767623 0.515165 0.748888 0.672244 0.325022 0.379408 0.472160 0.273854 0.595376 0.717881 0.522934 0.511606 0.483384 0.240877 0.558349 0.505330 0.451892 
0.749916 0.767131 0.511039 0.765237 0.670598 0.320449 0.394312 0.470233 0.288692 0.621960 0.717540 0.525597 0.524660 0.481362 0.249002 0.582017 0.504413 0.457262 
0.775486 0.765353 0.505818 0.781096 0.667916 0.315155 0.411038 0.467335 0.301830 0.648315 0.716115 0.526966 0.539210 0.478651 0.255638 0.606882 0.502209 0.460722 
0.800505 0.759536 0.500531 0.796524 0.663181 0.309278 0.425991 0.462824 0.312106 0.674443 0.710373 0.527652 0.551672 0.474302 0.259548 0.629725 0.496137 0.461104 
0.825284 0.755028 0.495244 0.811723 0.659803 0.303864 0.441775 0.458767 0.321383 0.700671 0.705803 0.528295 0.564659 0.470729 0.262678 0.652787 0.490491 0.460255 
0.457609 0.456195 0.331019 0.724618 0.702604 0.528926 0.577740 0.468702 0.266971 0.674620 0.486902 0.460560 0.847754 0.751691 0.490557 0.825331 0.657528 0.299485 
0.473579 0.453045 0.339838 0.745709 0.698674 0.528720 0.591105 0.466543 0.271317 0.695324 0.483434 0.461177 0.867322 0.747845 0.485864 0.837156 0.655162 0.295135 
0.489881 0.449093 0.347657 0.767048 0.693425 0.527743 0.604636 0.463759 0.274815 0.715977 0.479436 0.460695 0.886875 0.742991 0.480533 0.849016 0.652231 0.290252 
0.506334 0.445236 0.354721 0.788936 0.689056 0.525776 0.622133 0.459479 0.534347 0.736584 0.475766 0.458983 0.906600 0.739394 0.474151 0.861187 0.650271 0.284751 
0.522897 0.441670 0.361312 0.810690 0.685582 0.522903 0.645871 0.455037 0.536174 0.757050 0.472649 0.456342 0.925900 0.736919 0.466911 0.873111 0.649184 0.278779 
0.944452 0.735557 0.459231 0.539415 0.438750 0.367592 0.831897 0.683069 0.519402 0.669178 0.451571 0.537518 0.776971 0.470542 0.453465 
0.962142 0.735192 0.450774 0.555943 0.435867 0.373398 0.852480 0.681453 0.515041 0.692295 0.448531 0.538096 0.796502 0.468882 0.449944 
0.978346 0.735128 0.442035 0.572233 0.432668 0.378462 0.871639 0.680165 0.510128 0.714607 0.445680 0.537955 0.815226 0.467388 0.446039 
0.992961 0.735366 0.433412 0.587373 0.429729 0.382913 0.889186 0.679155 0.504933 0.735154 0.443312 0.537360 0.832292 0.466249 0.442060 
1.006158 0.736007 0.424963 0.601137 0.427424 0.387058 0.905243 0.678617 0.499573 0.753744 0.441766 0.536668 0.847562 0.465680 0.438330 
1.016022 0.735573 0.418452 0.612557 0.426394 0.392132 0.917174 0.677484 0.495256 0.767690 0.442402 0.538950 0.859536 0.466808 0.438886 
1.019492 0.733186 0.416505 0.619829 0.427047 0.398375 0.921114 0.675012 0.493845 0.774802 0.445743 0.545044 0.866433 0.470081 0.444767 
1.017493 0.731984 0.418160 0.621953 0.428834 0.403054 0.918543 0.673987 0.494901 0.775576 0.450142 0.550782 0.867843 0.474170 0.451015 
1.012299 0.732808 0.421573 0.617862 0.430426 0.403470 0.912330 0.675101 0.497205 0.769585 0.452676 0.553011 0.863069 0.476336 0.454294 
1.004393 0.734378 0.426485 0.608897 0.431752 0.400238 0.902928 0.677160 0.500478 0.758068 0.453589 0.552386 0.853346 0.476817 0.455296 
0.994091 0.736915 0.432484 0.596982 0.433197 0.394680 0.890785 0.680321 0.504380 0.743032 0.454039 0.549963 0.840473 0.476785 0.454928 
0.981697 0.739945 0.439390 0.583475 0.434693 0.388190 0.876323 0.683908 0.508673 0.725602 0.454520 0.547201 0.825587 0.476790 0.454729 
0.967468 0.742377 0.446798 0.569123 0.436110 0.381283 0.859828 0.686900 0.512979 0.706894 0.454884 0.544208 0.809543 0.476654 0.454579 
0.952985 0.745184 0.453702 0.555048 0.437609 0.373735 0.843200 0.690234 0.516724 0.688346 0.455359 0.540451 0.793568 0.476661 0.453741 
0.938924 0.747955 0.459822 0.541961 0.438886 0.365764 0.827179 0.693518 0.519770 0.670689 0.455668 0.536131 0.778370 0.476598 0.452401 
0.529701 0.440261 0.358660 0.811702 0.695723 0.522325 0.653484 0.456452 0.532710 0.763639 0.476988 0.452159 0.925280 0.749759 0.465541 0.874582 0.658709 0.278412 
0.518512 0.442117 0.353084 0.796307 0.697708 0.524606 0.637148 0.458440 0.530670 0.749672 0.478563 0.453356 0.911589 0.751449 0.471070 0.866354 0.659934 0.282771 
0.508096 0.443986 0.347759 0.781193 0.699712 0.526410 0.621575 0.460706 0.528647 0.736305 0.480491 0.454556 0.898015 0.753238 0.476094 0.858176 0.661272 0.286798 
0.498047 0.445749 0.342871 0.766444 0.701613 0.527747 0.606373 0.463107 0.526833 0.723162 0.482568 0.455942 0.884615 0.755068 0.480607 0.850135 0.662651 0.290480 
0.488176 0.447421 0.338041 0.751163 0.703429 0.528678 0.604412 0.466128 0.268549 0.709817 0.484902 0.457575 0.870635 0.756798 0.484835 0.841700 0.663859 0.294040 
0.477537 0.449518 0.332129 0.735107 0.705356 0.529241 0.595828 0.467874 0.266099 0.695527 0.487176 0.458144 0.855856 0.758677 0.488986 0.832807 0.665383 0.297564 
0.465571 0.451744 0.325558 0.719373 0.706750 0.529384 0.585803 0.469505 0.262959 0.679983 0.488628 0.457788 0.841282 0.760032 0.492736 0.823929 0.666698 0.300733 
0.827898 0.760212 0.495808 0.815703 0.666909 0.303393 0.453551 0.453453 0.319556 0.704995 0.707021 0.529120 0.575492 0.470327 0.260096 0.664663 0.489206 0.457291 
0.816158 0.758891 0.498184 0.807976 0.665818 0.305445 0.442326 0.455067 0.314804 0.692348 0.706105 0.528659 0.565724 0.470818 0.258106 0.650489 0.489701 0.457234 
0.805692 0.758020 0.500526 0.801155 0.664562 0.307853 0.434080 0.456574 0.311161 0.680965 0.705980 0.528436 0.558812 0.471318 0.257177 0.639153 0.491008 0.458053 
0.797755 0.758082 0.502246 0.795942 0.663779 0.309940 0.427786 0.457567 0.308159 0.672346 0.706740 0.528334 0.553474 0.471476 0.256209 0.630528 0.491728 0.458314 
0.792280 0.758068 0.503286 0.792278 0.663058 0.311320 0.423312 0.458236 0.306066 0.666393 0.707290 0.528147 0.549640 0.471479 0.255512 0.624449 0.492166 0.458415 
0.788829 0.757781 0.503929 0.789979 0.662313 0.312194 0.420473 0.458520 0.304745 0.662623 0.707406 0.527983 0.547217 0.471293 0.255119 0.620540 0.492293 0.458532 
0.787355 0.757532 0.504193 0.788992 0.661845 0.312571 0.419114 0.458611 0.304222 0.661005 0.707354 0.527899 0.546059 0.471133 0.255047 0.618661 0.492310 0.458699 
0.787641 0.757367 0.504128 0.789159 0.661665 0.312513 0.419092 0.458591 0.304447 0.661294 0.707216 0.527904 0.546042 0.471057 0.255272 0.618642 0.492289 0.458919 
0.789069 0.757108 0.503846 0.790072 0.661513 0.312173 0.419791 0.458477 0.305415 0.662816 0.706882 0.527963 0.546649 0.470960 0.256010 0.619606 0.492298 0.459518 
0.790820 0.756850 0.503480 0.791190 0.661370 0.311748 0.421004 0.458246 0.306551 0.664685 0.706533 0.528022 0.547689 0.470809 0.256721 0.621312 0.492207 0.459983 
0.792888 0.756629 0.503023 0.792514 0.661255 0.311238 0.422512 0.457889 0.307604 0.666899 0.706201 0.528075 0.548970 0.470580 0.257235 0.623449 0.491948 0.460188 
0.795181 0.756414 0.502499 0.793981 0.661150 0.310663 0.424143 0.457456 0.308623 0.669355 0.705861 0.528119 0.550350 0.470295 0.257663 0.625773 0.491580 0.460276 
0.797527 0.756302 0.501930 0.795479 0.661107 0.310066 0.425859 0.457019 0.309637 0.671871 0.705630 0.528141 0.551804 0.470016 0.258074 0.628193 0.491210 0.460335 
0.799779 0.756189 0.501373 0.796904 0.661053 0.309492 0.427676 0.456584 0.310601 0.674276 0.705433 0.528147 0.553370 0.469756 0.258473 0.630659 0.490881 0.460399 
0.801934 0.756043 0.500839 0.798258 0.660967 0.308941 0.429531 0.456149 0.311489 0.676571 0.705226 0.528147 0.554986 0.469505 0.258833 0.633114 0.490570 0.460441 
0.804053 0.755874 0.500310 0.799586 0.660867 0.308395 0.431356 0.455711 0.312281 0.678827 0.705002 0.528138 0.556573 0.469250 0.259110 0.635524 0.490234 0.460406 
0.806189 0.755714 0.499765 0.800927 0.660775 0.307836 0.433101 0.455273 0.313002 0.681107 0.704778 0.528120 0.558076 0.468985 0.259309 0.637867 0.489857 0.460286 
0.808322 0.755551 0.499211 0.802270 0.660686 0.307269 0.434774 0.454850 0.313739 0.683393 0.704536 0.528092 0.559504 0.468721 0.259518 0.640145 0.489481 0.460166 
0.810400 0.755393 0.498663 0.803579 0.660601 0.306711 0.436402 0.454445 0.314479 0.685622 0.704300 0.528057 0.560889 0.468470 0.259743 0.642361 0.489127 0.460066 
0.811916 0.755248 0.498347 0.804520 0.660506 0.306392 0.437799 0.454181 0.315215 0.687236 0.704130 0.528110 0.562106 0.468332 0.260103 0.644175 0.488981 0.460183 
0.812257 0.755208 0.498288 0.804730 0.660468 0.306336 0.438343 0.454241 0.315852 0.687596 0.704093 0.528134 0.562602 0.468419 0.260640 0.644806 0.489244 0.460646 
0.811948 0.755245 0.498333 0.804536 0.660476 0.306392 0.438290 0.454313 0.315858 0.687263 0.704145 0.528107 0.562565 0.468489 0.260680 0.644705 0.489383 0.460705 
0.811803 0.755287 0.498361 0.804449 0.660487 0.306432 0.438189 0.454328 0.315779 0.687110 0.704188 0.528106 0.562479 0.468500 0.260636 0.644563 0.489399 0.460684 
0.811778 0.755298 0.498364 0.804436 0.660482 0.306443 0.438173 0.454330 0.315764 0.687084 0.704202 0.528107 0.562467 0.468502 0.260626 0.644541 0.489401 0.460678 
0.811768 0.755308 0.498365 0.804431 0.660476 0.306452 0.438167 0.454330 0.315755 0.687073 0.704214 0.528109 0.562461 0.468502 0.260620 0.644532 0.489401 0.460674 
0.811758 0.755318 0.498366 0.804426 0.660470 0.306461 0.438161 0.454330 0.315748 0.687063 0.704225 0.528111 0.562457 0.468502 0.260615 0.644523 0.489401 0.460670 
0.811744 0.755329 0.498369 0.804419 0.660463 0.306471 0.438153 0.454331 0.315739 0.687049 0.704238 0.528114 0.562450 0.468502 0.260609 0.644511 0.489402 0.460666 
0.811733 0.755339 0.498371 0.804414 0.660458 0.306481 0.438146 0.454331 0.315731 0.687037 0.704250 0.528117 0.562444 0.468503 0.260604 0.644501 0.489403 0.460663 
0.811724 0.755350 0.498373 0.804410 0.660451 0.306491 0.438141 0.454332 0.315725 0.687028 0.704262 0.528121 0.562440 0.468503 0.260600 0.644493 0.489404 0.460661 
0.811717 0.755359 0.498375 0.804407 0.660446 0.306500 0.438136 0.454332 0.315720 0.687020 0.704274 0.528124 0.562436 0.468504 0.260597 0.644487 0.489404 0.460658 
0.811711 0.755370 0.498376 0.804405 0.660439 0.306510 0.438133 0.454332 0.315716 0.687014 0.704286 0.528128 0.562433 0.468504 0.260594 0.644482 0.489404 0.460656 
0.811706 0.755380 0.498378 0.804403 0.660434 0.306519 0.438130 0.454332 0.315712 0.687009 0.704298 0.528132 0.562431 0.468504 0.260591 0.644478 0.489404 0.460654 
0.811702 0.755391 0.498379 0.804402 0.660428 0.306529 0.438129 0.454334 0.315711 0.687005 0.704310 0.528136 0.562430 0.468505 0.260591 0.644476 0.489407 0.460654 
0.811699 0.755401 0.498380 0.804402 0.660423 0.306537 0.438133 0.454338 0.315721 0.687002 0.704322 0.528140 0.562434 0.468509 0.260601 0.644480 0.489420 0.460663 
0.811697 0.755411 0.498380 0.804402 0.660417 0.306545 0.438140 0.454344 0.315736 0.687000 0.704334 0.528143 0.562440 0.468515 0.260614 0.644486 0.489437 0.460675 
0.811695 0.755421 0.498381 0.804402 0.660412 0.306553 0.438146 0.454349 0.315749 0.686998 0.704346 0.528147 0.562446 0.468520 0.260626 0.644491 0.489452 0.460687 
0.811688 0.755435 0.498382 0.804399 0.660409 0.306563 0.438148 0.454355 0.315760 0.686990 0.704362 0.528151 0.562449 0.468526 0.260638 0.644493 0.489469 0.460697 
0.811683 0.755448 0.498383 0.804397 0.660406 0.306572 0.438153 0.454361 0.315772 0.686986 0.704377 0.528154 0.562453 0.468531 0.260649 0.644496 0.489485 0.460708 
0.811675 0.755468 0.498384 0.804394 0.660406 0.306582 0.438155 0.454368 0.315781 0.686977 0.704398 0.528157 0.562455 0.468538 0.260659 0.644496 0.489502 0.460717 
0.811667 0.755486 0.498384 0.804390 0.660406 0.306591 0.438157 0.454375 0.315791 0.686969 0.704419 0.528160 0.562457 0.468544 0.260668 0.644497 0.489519 0.460727 
0.811663 0.755500 0.498385 0.804389 0.660403 0.306600 0.438161 0.454380 0.315802 0.686965 0.704435 0.528164 0.562461 0.468550 0.260679 0.644500 0.489534 0.460737 
0.811654 0.755519 0.498386 0.804385 0.660405 0.306609 0.438164 0.454388 0.315813 0.686955 0.704457 0.528166 0.562464 0.468557 0.260690 0.644501 0.489553 0.460748 
0.811642 0.755544 0.498386 0.804379 0.660408 0.306620 0.438163 0.454395 0.315817 0.686943 0.704483 0.528169 0.562464 0.468564 0.260696 0.644497 0.489567 0.460754 
0.811633 0.755563 0.498387 0.804375 0.660410 0.306629 0.438164 0.454402 0.315826 0.686934 0.704505 0.528171 0.562466 0.468571 0.260706 0.644497 0.489585 0.460763 
0.811600 0.755617 0.498385 0.804356 0.660431 0.306644 0.438151 0.454415 0.315817 0.686899 0.704563 0.528170 0.562455 0.468583 0.260703 0.644476 0.489606 0.460764 
0.811568 0.755670 0.498384 0.804338 0.660453 0.306657 0.438136 0.454426 0.315804 0.686865 0.704620 0.528168 0.562443 0.468594 0.260695 0.644453 0.489621 0.460760 
0.811539 0.755711 0.498386 0.804323 0.660468 0.306671 0.438125 0.454438 0.315803 0.686835 0.704663 0.528169 0.562434 0.468605 0.260700 0.644434 0.489643 0.460767 
0.811516 0.755747 0.498386 0.804310 0.660480 0.306683 0.438117 0.454447 0.315801 0.686811 0.704702 0.528169 0.562428 0.468614 0.260701 0.644421 0.489660 0.460771 
0.811501 0.755774 0.498386 0.804302 0.660486 0.306694 0.438114 0.454455 0.315802 0.686795 0.704733 0.528171 0.562425 0.468621 0.260705 0.644414 0.489675 0.460776 
0.811492 0.755794 0.498387 0.804297 0.660488 0.306703 0.438115 0.454462 0.315811 0.686785 0.704754 0.528173 0.562427 0.468628 0.260714 0.644412 0.489692 0.460785 
0.811480 0.755817 0.498388 0.804292 0.660491 0.306713 0.438115 0.454470 0.315819 0.686773 0.704779 0.528176 0.562428 0.468636 0.260724 0.644410 0.489710 0.460795 
0.811469 0.755844 0.498388 0.804286 0.660498 0.306723 0.438114 0.454477 0.315827 0.686761 0.704809 0.528178 0.562428 0.468643 0.260733 0.644407 0.489726 0.460805 
0.811463 0.755870 0.498387 0.804284 0.660503 0.306732 0.438118 0.454485 0.315845 0.686755 0.704837 0.528180 0.562431 0.468650 0.260751 0.644409 0.489744 0.460822 
0.811456 0.755897 0.498385 0.804280 0.660510 0.306741 0.438122 0.454495 0.315867 0.686748 0.704867 0.528182 0.562436 0.468659 0.260772 0.644413 0.489766 0.460842 
0.811450 0.755923 0.498384 0.804278 0.660516 0.306749 0.438126 0.454502 0.315886 0.686742 0.704895 0.528184 0.562439 0.468666 0.260791 0.644415 0.489784 0.460860 
0.811444 0.755953 0.498383 0.804278 0.660526 0.306759 0.438130 0.454514 0.315913 0.686736 0.704926 0.528186 0.562443 0.468676 0.260818 0.644418 0.489808 0.460887 
0.811442 0.755972 0.498384 0.804278 0.660528 0.306768 0.438135 0.454521 0.315933 0.686734 0.704948 0.528190 0.562448 0.468683 0.260837 0.644422 0.489825 0.460904 
0.811441 0.755995 0.498383 0.804278 0.660532 0.306776 0.438141 0.454528 0.315956 0.686734 0.704972 0.528194 0.562454 0.468690 0.260859 0.644428 0.489843 0.460925 
0.811440 0.756019 0.498382 0.804279 0.660537 0.306785 0.438148 0.454537 0.315982 0.686732 0.704999 0.528197 0.562460 0.468697 0.260884 0.644435 0.489864 0.460949 
0.811435 0.756044 0.498381 0.804277 0.660543 0.306793 0.438153 0.454546 0.316006 0.686728 0.705026 0.528200 0.562465 0.468705 0.260907 0.644439 0.489884 0.460971 
0.811433 0.756068 0.498380 0.804277 0.660548 0.306802 0.438159 0.454554 0.316030 0.686725 0.705052 0.528203 0.562471 0.468713 0.260930 0.644445 0.489903 0.460992 
0.811432 0.756090 0.498379 0.804278 0.660552 0.306809 0.438166 0.454562 0.316055 0.686725 0.705075 0.528206 0.562477 0.468720 0.260955 0.644452 0.489923 0.461015 
0.811432 0.756113 0.498378 0.804279 0.660557 0.306817 0.438174 0.454570 0.316082 0.686725 0.705101 0.528209 0.562484 0.468727 0.260980 0.644460 0.489942 0.461039 
0.811432 0.756136 0.498376 0.804280 0.660562 0.306824 0.438181 0.454579 0.316109 0.686725 0.705125 0.528212 0.562491 0.468735 0.261006 0.644467 0.489963 0.461063 
0.811431 0.756159 0.498375 0.804281 0.660567 0.306832 0.438190 0.454588 0.316138 0.686724 0.705150 0.528215 0.562499 0.468744 0.261033 0.644475 0.489985 0.461089 
0.811430 0.756181 0.498374 0.804281 0.660572 0.306839 0.438199 0.454598 0.316171 0.686723 0.705174 0.528217 0.562508 0.468753 0.261064 0.644485 0.490008 0.461119 
0.811428 0.756204 0.498372 0.804282 0.660576 0.306847 0.438212 0.454609 0.316208 0.686722 0.705199 0.528220 0.562520 0.468763 0.261100 0.644497 0.490036 0.461153 
0.811429 0.756235 0.498370 0.804285 0.660588 0.306854 0.438225 0.454625 0.316261 0.686723 0.705230 0.528222 0.562533 0.468778 0.261152 0.644509 0.490071 0.461202 
0.811428 0.756251 0.498369 0.804286 0.660588 0.306861 0.438246 0.454641 0.316316 0.686723 0.705248 0.528224 0.562553 0.468793 0.261204 0.644531 0.490111 0.461251 
0.811426 0.756270 0.498368 0.804286 0.660592 0.306867 0.438261 0.454653 0.316358 0.686721 0.705270 0.528227 0.562567 0.468804 0.261244 0.644545 0.490141 0.461289 
0.811425 0.756292 0.498366 0.804287 0.660596 0.306875 0.438272 0.454664 0.316391 0.686720 0.705293 0.528229 0.562577 0.468814 0.261276 0.644556 0.490166 0.461319 
0.811424 0.756312 0.498365 0.804288 0.660600 0.306881 0.438282 0.454673 0.316423 0.686719 0.705315 0.528231 0.562587 0.468823 0.261306 0.644566 0.490189 0.461348 
0.811420 0.756342 0.498363 0.804288 0.660610 0.306889 0.438293 0.454688 0.316473 0.686716 0.705346 0.528233 0.562598 0.468837 0.261355 0.644576 0.490222 0.461395 
0.811423 0.756359 0.498362 0.804291 0.660613 0.306895 0.438313 0.454703 0.316525 0.686719 0.705364 0.528236 0.562617 0.468851 0.261405 0.644596 0.490259 0.461442 
0.811421 0.756382 0.498361 0.804293 0.660620 0.306902 0.438326 0.454717 0.316572 0.686718 0.705388 0.528238 0.562629 0.468863 0.261451 0.644607 0.490292 0.461486 
0.811424 0.756401 0.498361 0.804298 0.660624 0.306909 0.438343 0.454732 0.316624 0.686721 0.705407 0.528241 0.562645 0.468877 0.261501 0.644624 0.490327 0.461533 
