-0.745119 -0.666931 -0.000000 0.670162 -0.742214 0.000000 -0.665610 0.746300 0.000000 0.730062 0.683381 0.000000 
-0.745120 -0.666930 -0.000000 0.670163 -0.742214 0.000000 -0.665611 0.746299 0.000000 0.730063 0.683380 0.000000 
-0.745121 -0.666929 -0.000000 0.670163 -0.742214 0.000000 -0.665611 0.746299 0.000000 0.730064 0.683379 0.000000 
-0.745122 -0.666929 -0.000000 0.670163 -0.742214 0.000000 -0.665611 0.746299 0.000000 0.730064 0.683378 0.000000 
-0.745564 -0.666434 -0.000000 0.669620 -0.742704 0.000000 -0.665065 0.746786 0.000000 0.730518 0.682893 0.000000 
-0.745395 -0.666623 -0.000000 0.669818 -0.742525 0.000000 -0.665264 0.746608 0.000000 0.730345 0.683078 0.000000 
-0.745481 -0.666527 -0.000000 0.669727 -0.742608 0.000000 -0.665172 0.746690 0.000000 0.730434 0.682983 0.000000 
-0.745484 -0.666523 -0.000000 0.669731 -0.742604 0.000000 -0.665176 0.746687 0.000000 0.730437 0.682980 0.000000 
-0.745163 -0.666882 -0.000000 0.670079 -0.742290 0.000000 -0.665527 0.746374 0.000000 0.730107 0.683332 0.000000 
-0.745013 -0.667050 -0.000000 0.670221 -0.742162 0.000000 -0.665669 0.746247 0.000000 0.729952 0.683498 0.000000 
-0.744631 -0.667476 -0.000000 0.670623 -0.741798 0.000000 -0.666074 0.745886 0.000000 0.729561 0.683916 0.000000 
-0.744632 -0.667476 -0.000000 0.670617 -0.741803 0.000000 -0.666068 0.745891 0.000000 0.729561 0.683915 0.000000 
-0.744627 -0.667481 -0.000000 0.670602 -0.741817 0.000000 -0.666053 0.745904 0.000000 0.729555 0.683923 0.000000 
-0.744620 -0.667489 -0.000000 0.670583 -0.741835 0.000000 -0.666034 0.745921 0.000000 0.729545 0.683932 0.000000 
-0.744617 -0.667492 -0.000000 0.670564 -0.741852 0.000000 -0.666016 0.745937 0.000000 0.729539 0.683939 0.000000 
-0.744617 -0.667492 -0.000000 0.670546 -0.741868 0.000000 -0.666000 0.745952 0.000000 0.729535 0.683944 0.000000 
-0.746329 -0.665577 -0.000000 0.668656 -0.743572 0.000000 -0.664099 0.747644 0.000000 0.731289 0.682067 0.000000 
-0.746399 -0.665499 -0.000000 0.668606 -0.743617 0.000000 -0.664049 0.747689 0.000000 0.731363 0.681989 0.000000 
-0.746415 -0.665481 -0.000000 0.668610 -0.743614 0.000000 -0.664052 0.747687 0.000000 0.731381 0.681969 0.000000 
-0.746424 -0.665471 -0.000000 0.668609 -0.743614 0.000000 -0.664051 0.747687 0.000000 0.731390 0.681960 0.000000 
-0.746427 -0.665467 -0.000000 0.668601 -0.743621 0.000000 -0.664044 0.747694 0.000000 0.731391 0.681958 0.000000 
-0.745991 -0.665956 -0.000000 0.669087 -0.743184 0.000000 -0.664533 0.747259 0.000000 0.730942 0.682440 0.000000 
-0.742150 -0.670234 -0.000000 0.673354 -0.739320 0.000000 -0.668825 0.743420 0.000000 0.727004 0.686633 0.000000 
-0.741915 -0.670494 -0.000000 0.673599 -0.739097 0.000000 -0.669073 0.743197 0.000000 0.726756 0.686895 0.000000 
-0.731524 -0.681815 -0.000000 0.684875 -0.728661 0.000000 -0.680413 0.732828 0.000000 0.716109 0.697988 0.000000 
-0.716892 -0.697184 -0.000000 0.700176 -0.713970 0.000000 -0.695807 0.718229 0.000000 0.701129 0.713035 0.000000 
0.719430 -0.694565 0.000000 -0.697565 -0.716522 -0.000000 0.681365 0.731944 0.000000 -0.715181 0.698940 0.000000 
0.717478 -0.696581 0.000000 -0.699556 -0.714578 -0.000000 0.683380 0.730063 0.000000 -0.713222 0.700938 0.000000 
0.715784 -0.698322 0.000000 -0.701277 -0.712888 -0.000000 0.685109 0.728440 0.000000 -0.711525 0.702661 0.000000 
-0.710609 -0.703587 -0.000000 0.706199 -0.708014 0.000000 -0.701892 0.712284 0.000000 0.694607 0.719389 0.000000 
-0.709451 -0.704755 -0.000000 0.707563 -0.706650 0.000000 -0.703274 0.710919 0.000000 0.693388 0.720564 0.000000 
-0.709387 -0.704819 -0.000000 0.707633 -0.706580 0.000000 -0.703352 0.710842 0.000000 0.693293 0.720656 0.000000 
0.705863 -0.708348 0.000000 -0.824668 0.565617 0.000000 -0.554525 -0.832167 -0.000000 -0.251290 -0.967912 -0.000000 0.695067 0.718945 0.000000 0.125166 0.992136 0.000000 
0.705849 -0.708363 0.000000 -0.825664 0.564162 0.000000 -0.553727 -0.832698 -0.000000 -0.253154 -0.967426 -0.000000 0.695057 0.718955 0.000000 0.127056 0.991896 0.000000 
0.705832 -0.708379 0.000000 -0.827072 0.562095 0.000000 -0.552040 -0.833817 -0.000000 -0.262686 -0.964881 -0.000000 0.695037 0.718974 0.000000 0.131707 0.991289 0.000000 
0.705334 -0.708875 0.000000 -0.829084 0.559125 0.000000 -0.549619 -0.835416 -0.000000 -0.276841 -0.960916 -0.000000 0.695514 0.718512 0.000000 0.137925 0.990443 0.000000 
0.705314 -0.708895 0.000000 -0.831452 0.555596 0.000000 -0.547250 -0.836969 -0.000000 -0.287891 -0.957663 -0.000000 0.695467 0.718558 0.000000 0.142190 0.989839 0.000000 
0.705289 -0.708920 0.000000 -0.833248 0.552900 0.000000 -0.546435 -0.837501 -0.000000 -0.287757 -0.957703 -0.000000 0.695398 0.718624 0.000000 0.142996 0.989723 0.000000 
0.705260 -0.708948 0.000000 -0.835733 0.549136 0.000000 -0.544314 -0.838882 -0.000000 -0.286429 -0.958101 -0.000000 0.695307 0.718712 0.000000 0.142897 0.989738 0.000000 
0.705664 -0.708546 0.000000 -0.837900 0.545823 0.000000 -0.542702 -0.839925 -0.000000 -0.284868 -0.958567 -0.000000 0.694722 0.719278 0.000000 0.143277 0.989683 0.000000 
0.706247 -0.707966 0.000000 -0.840272 0.542165 0.000000 -0.540687 -0.841224 -0.000000 -0.282524 -0.959260 -0.000000 0.693926 0.720046 0.000000 0.142971 0.989727 0.000000 
0.711716 -0.702467 0.000000 -0.840215 0.542253 0.000000 -0.540771 -0.841170 -0.000000 -0.271979 -0.962303 -0.000000 0.688083 0.725632 0.000000 0.140633 0.990062 0.000000 
0.719463 -0.694531 0.000000 -0.840509 0.541797 0.000000 -0.540314 -0.841464 -0.000000 -0.258312 -0.966061 -0.000000 0.679634 0.733551 0.000000 0.137197 0.990544 0.000000 
0.728959 -0.684558 0.000000 -0.841599 0.540103 0.000000 -0.538619 -0.842549 -0.000000 -0.245320 -0.969442 -0.000000 0.668716 0.743518 0.000000 0.133776 0.991012 0.000000 
0.738382 -0.674383 0.000000 -0.844119 0.536156 0.000000 -0.534656 -0.845070 -0.000000 -0.233433 -0.972373 -0.000000 0.655822 0.754916 0.000000 0.129911 0.991526 0.000000 
0.663331 -0.748327 0.000000 -0.849071 0.528279 0.000000 -0.526762 -0.850013 -0.000000 -0.196271 -0.980550 -0.000000 0.735626 0.677388 0.000000 0.104582 0.994516 0.000000 
-0.846628 0.532185 0.000000 0.523974 -0.851735 0.000000 0.852576 0.522604 0.000000 0.039160 0.999233 0.000000 -0.530667 -0.847580 -0.000000 -0.046200 -0.998932 -0.000000 
-0.535024 -0.844837 -0.000000 0.915715 0.401828 0.000000 0.418927 -0.908020 0.000000 0.140309 -0.990108 0.000000 -0.843822 0.536623 0.000000 -0.026670 0.999644 0.000000 
-0.543216 -0.839593 -0.000000 0.369979 -0.929040 0.000000 0.947595 0.319474 0.000000 -0.838191 0.545377 0.000000 -0.133129 0.991099 0.000000 
-0.542074 -0.840331 -0.000000 0.971689 0.236265 0.000000 0.457549 -0.889184 0.000000 -0.838197 0.545367 0.000000 -0.221015 0.975270 0.000000 
-0.511260 -0.859426 -0.000000 0.989485 0.144638 0.000000 0.549682 -0.835374 0.000000 -0.856663 0.515876 0.000000 -0.169823 0.985475 0.000000 -0.386313 0.922368 0.000000 
-0.465039 -0.885290 -0.000000 -0.125333 0.992115 0.000000 0.992416 0.122928 0.000000 0.696526 -0.717532 0.000000 -0.882305 0.470678 0.000000 -0.659568 0.751645 0.000000 
-0.418637 -0.908154 -0.000000 -0.091435 0.995811 0.000000 -0.910068 0.414458 0.000000 0.993182 0.116574 0.000000 0.852922 -0.522038 0.000000 
-0.075914 0.997114 0.000000 -0.360658 -0.932698 -0.000000 -0.979558 0.201163 0.000000 0.993467 0.114122 0.000000 0.921063 -0.389413 0.000000 0.968192 -0.250209 0.000000 
-0.306539 -0.951858 -0.000000 -0.065944 0.997823 0.000000 -0.999740 0.022813 0.000000 0.940665 -0.339337 0.000000 0.994359 0.106069 0.000000 0.998086 0.061847 0.000000 
-0.049856 0.998756 0.000000 -0.272604 -0.962126 -0.000000 0.947100 -0.320940 0.000000 0.980688 0.195578 0.000000 -0.997929 -0.064323 -0.000000 -0.995830 -0.091226 -0.000000 
-0.049003 0.998799 0.000000 -0.253975 -0.967211 -0.000000 0.948818 -0.315823 0.000000 0.964137 0.265406 0.000000 -0.997521 -0.070368 -0.000000 -0.983528 -0.180758 -0.000000 
-0.062413 0.998050 0.000000 -0.233925 -0.972255 -0.000000 0.954308 -0.298823 0.000000 0.965666 0.259788 0.000000 -0.996024 -0.089082 -0.000000 -0.985835 -0.167718 -0.000000 
-0.071165 0.997465 0.000000 -0.229239 -0.973370 -0.000000 0.955625 -0.294587 0.000000 0.971268 0.237987 0.000000 -0.994727 -0.102559 -0.000000 -0.991153 -0.132724 -0.000000 
-0.074850 0.997195 0.000000 -0.220505 -0.975386 -0.000000 0.956462 -0.291855 0.000000 0.971995 0.235000 0.000000 -0.993859 -0.110655 -0.000000 -0.992069 -0.125693 -0.000000 
-0.085535 0.996335 0.000000 -0.197222 -0.980359 -0.000000 0.961358 -0.275300 0.000000 0.968646 0.248443 0.000000 -0.992141 -0.125127 -0.000000 -0.990250 -0.139300 -0.000000 
-0.104011 0.994576 0.000000 -0.173844 -0.984773 -0.000000 0.966538 -0.256525 0.000000 0.962467 0.271399 0.000000 -0.988987 -0.148001 -0.000000 -0.986746 -0.162273 -0.000000 
-0.117044 0.993127 0.000000 -0.156065 -0.987747 -0.000000 0.970402 -0.241497 0.000000 0.955992 0.293392 0.000000 -0.986351 -0.164654 -0.000000 -0.982259 -0.187527 -0.000000 
-0.126587 0.991956 0.000000 -0.146609 -0.989194 -0.000000 0.972755 -0.231837 0.000000 0.952361 0.304973 0.000000 -0.984531 -0.175213 -0.000000 -0.979963 -0.199182 -0.000000 
-0.134461 0.990919 0.000000 -0.141622 -0.989921 -0.000000 0.973980 -0.226634 0.000000 0.949179 0.314736 0.000000 -0.983136 -0.182877 -0.000000 -0.978200 -0.207663 -0.000000 
-0.137972 0.990436 0.000000 -0.137838 -0.990455 -0.000000 0.974422 -0.224728 0.000000 0.943724 0.330735 0.000000 -0.982483 -0.186350 -0.000000 -0.974176 -0.225791 -0.000000 
-0.140854 0.990030 0.000000 -0.134311 -0.990939 -0.000000 0.974700 -0.223518 0.000000 0.938700 0.344734 0.000000 -0.981916 -0.189318 -0.000000 -0.970226 -0.242202 -0.000000 
-0.143369 0.989669 0.000000 -0.130393 -0.991462 -0.000000 0.974962 -0.222374 0.000000 0.935191 0.354144 0.000000 -0.981373 -0.192110 -0.000000 -0.967350 -0.253444 -0.000000 
-0.145397 0.989373 0.000000 -0.126405 -0.991979 -0.000000 0.975224 -0.221221 0.000000 0.933548 0.358452 0.000000 -0.980958 -0.194220 -0.000000 -0.965933 -0.258793 -0.000000 
-0.143025 0.989719 0.000000 -0.126561 -0.991959 -0.000000 0.974356 -0.225011 0.000000 0.931056 0.364877 0.000000 -0.981098 -0.193511 -0.000000 -0.963955 -0.266065 -0.000000 
-0.134123 0.990965 0.000000 -0.130682 -0.991424 -0.000000 0.971781 -0.235885 0.000000 0.926274 0.376850 0.000000 -0.982269 -0.187478 -0.000000 -0.959487 -0.281755 -0.000000 
-0.122734 0.992440 0.000000 -0.135979 -0.990712 -0.000000 0.967906 -0.251312 0.000000 0.921695 0.387915 0.000000 -0.983948 -0.178456 -0.000000 -0.954483 -0.298264 -0.000000 
-0.109947 0.993937 0.000000 -0.142139 -0.989847 -0.000000 0.962720 -0.270500 0.000000 0.919154 0.393899 0.000000 -0.985908 -0.167291 -0.000000 -0.950842 -0.309677 -0.000000 
-0.098685 0.995119 0.000000 -0.144264 -0.989539 -0.000000 0.957959 -0.286905 0.000000 0.919264 0.393641 0.000000 -0.987710 -0.156295 -0.000000 -0.949609 -0.313437 -0.000000 
-0.092332 0.995728 0.000000 -0.142336 -0.989818 -0.000000 0.954242 -0.299034 0.000000 0.921512 0.388351 0.000000 -0.988842 -0.148965 -0.000000 -0.950737 -0.309999 -0.000000 
-0.092177 0.995743 0.000000 -0.135375 -0.990794 -0.000000 0.952257 -0.305299 0.000000 0.925409 0.378971 0.000000 -0.989132 -0.147028 -0.000000 -0.954087 -0.299530 -0.000000 
-0.101079 0.994878 0.000000 -0.121555 -0.992585 -0.000000 0.952831 -0.303502 0.000000 0.929824 0.368005 0.000000 -0.988063 -0.154051 -0.000000 -0.958844 -0.283933 -0.000000 
-0.117108 0.993119 0.000000 -0.101676 -0.994818 -0.000000 0.956228 -0.292622 0.000000 0.933028 0.359805 0.000000 -0.985869 -0.167516 -0.000000 -0.963091 -0.269177 -0.000000 
-0.141465 0.989943 0.000000 -0.076502 -0.997069 -0.000000 0.962166 -0.272463 0.000000 0.934468 0.356048 0.000000 -0.981822 -0.189805 -0.000000 -0.966648 -0.256107 -0.000000 
-0.167944 0.985797 0.000000 -0.049163 -0.998791 -0.000000 0.968419 -0.249328 0.000000 0.934046 0.357154 0.000000 -0.976295 -0.216444 -0.000000 -0.969022 -0.246973 -0.000000 
-0.199239 0.979951 0.000000 -0.015074 -0.999886 -0.000000 0.975564 -0.219714 0.000000 0.927803 0.373069 0.000000 -0.967321 -0.253556 -0.000000 -0.967229 -0.253905 -0.000000 
-0.228393 0.973569 0.000000 -0.956368 -0.292165 -0.000000 0.025629 -0.999672 0.000000 0.982224 -0.187712 0.000000 0.911246 0.411863 0.000000 
-0.258156 0.966103 0.000000 0.070001 -0.997547 0.000000 0.987418 -0.158132 0.000000 0.887484 0.460838 0.000000 -0.940736 -0.339141 -0.000000 -0.940370 -0.340154 -0.000000 
-0.274813 0.961498 0.000000 0.116575 -0.993182 0.000000 0.990946 -0.134263 0.000000 0.851735 0.523973 0.000000 -0.926044 -0.377416 -0.000000 -0.912532 -0.409005 -0.000000 
-0.293027 0.956104 0.000000 0.169680 -0.985499 0.000000 0.995023 -0.099643 0.000000 0.803937 0.594715 0.000000 -0.902985 -0.429672 -0.000000 -0.876766 -0.480916 -0.000000 
-0.312505 0.949916 0.000000 0.223378 -0.974732 0.000000 0.998522 -0.054342 0.000000 0.744195 0.667963 0.000000 -0.867707 -0.497075 -0.000000 -0.834293 -0.551321 -0.000000 
-0.320490 0.947252 0.000000 0.272702 -0.962099 0.000000 0.999887 -0.015066 0.000000 0.673318 0.739353 0.000000 -0.828444 -0.560072 -0.000000 -0.782855 -0.622204 -0.000000 
0.310568 -0.950551 0.000000 -0.311232 0.950334 0.000000 -0.799115 -0.601179 -0.000000 -0.730641 -0.682762 -0.000000 0.999991 -0.004166 0.000000 0.600861 0.799354 0.000000 
0.336744 -0.941596 0.000000 -0.300694 0.953721 0.000000 -0.772383 -0.635158 -0.000000 -0.692563 -0.721357 -0.000000 1.000000 0.000519 0.000000 0.541171 0.840913 0.000000 
0.349105 -0.937084 0.000000 -0.290152 0.956981 0.000000 -0.739352 -0.673319 -0.000000 -0.671805 -0.740728 -0.000000 0.999965 0.008331 0.000000 0.497825 0.867278 0.000000 
0.350982 -0.936382 0.000000 -0.281043 0.959695 0.000000 -0.701527 -0.712643 -0.000000 -0.664592 -0.747206 -0.000000 0.999923 0.012396 0.000000 0.471533 0.881848 0.000000 
-0.677151 -0.735844 -0.000000 0.336398 -0.941720 0.000000 -0.280454 0.959867 0.000000 0.998997 0.044773 0.000000 0.479551 0.877514 0.000000 
-0.671602 -0.740912 -0.000000 0.332766 -0.943009 0.000000 -0.281936 0.959433 0.000000 0.997063 0.076583 0.000000 0.479604 0.877485 0.000000 
-0.666110 -0.745854 -0.000000 0.331877 -0.943323 0.000000 -0.278460 0.960448 0.000000 0.995689 0.092752 0.000000 0.476045 0.879421 0.000000 
-0.667263 -0.744822 -0.000000 0.326627 -0.945153 0.000000 -0.270193 0.962806 0.000000 0.995159 0.098278 0.000000 0.478040 0.878338 0.000000 
-0.676118 -0.736793 -0.000000 0.315003 -0.949091 0.000000 -0.261503 0.965203 0.000000 0.995139 0.098479 0.000000 0.489775 0.871849 0.000000 
-0.687669 -0.726025 -0.000000 0.299834 -0.953991 0.000000 -0.252748 0.967532 0.000000 0.994972 0.100155 0.000000 0.505940 0.862569 0.000000 
-0.700478 -0.713674 -0.000000 0.282885 -0.959154 0.000000 -0.243615 0.969872 0.000000 0.994752 0.102312 0.000000 0.524515 0.851401 0.000000 
-0.712266 -0.701910 -0.000000 0.266154 -0.963930 0.000000 -0.232534 0.972588 0.000000 0.994817 0.101679 0.000000 0.541422 0.840751 0.000000 
-0.720829 -0.693113 -0.000000 0.250940 -0.968003 0.000000 -0.220445 0.975399 0.000000 0.993701 0.112062 0.000000 0.556362 0.830940 0.000000 
-0.727690 -0.685906 -0.000000 0.237140 -0.971475 0.000000 -0.209210 0.977871 0.000000 0.991368 0.131107 0.000000 0.570489 0.821305 0.000000 
-0.727001 -0.686636 -0.000000 0.226928 -0.973912 0.000000 -0.203432 0.979089 0.000000 0.986367 0.164558 0.000000 0.574636 0.818409 0.000000 
-0.715657 -0.698451 -0.000000 0.222747 -0.974876 0.000000 -0.199642 0.979869 0.000000 0.977808 0.209502 0.000000 0.564596 0.825368 0.000000 
-0.694375 -0.719613 -0.000000 0.225023 -0.974354 0.000000 -0.195058 0.980792 0.000000 0.964491 0.264116 0.000000 0.540647 0.841249 0.000000 
-0.665463 -0.746431 -0.000000 0.231215 -0.972903 0.000000 -0.190092 0.981766 0.000000 0.944112 0.329625 0.000000 0.507103 0.861885 0.000000 
-0.632079 -0.774904 -0.000000 0.239685 -0.970851 0.000000 -0.183950 0.982936 0.000000 0.915804 0.401625 0.000000 0.468087 0.883683 0.000000 
-0.597319 -0.802004 -0.000000 0.247928 -0.968779 0.000000 -0.177079 0.984197 0.000000 0.878622 0.477519 0.000000 0.428384 0.903597 0.000000 
-0.565540 -0.824721 -0.000000 0.254409 -0.967097 0.000000 -0.167585 0.985858 0.000000 0.834182 0.551489 0.000000 0.393126 0.919485 0.000000 
-0.537809 -0.843067 -0.000000 0.256056 -0.966662 0.000000 -0.157102 0.987582 0.000000 0.781339 0.624106 0.000000 0.364755 0.931103 0.000000 
-0.511602 -0.859222 -0.000000 0.254998 -0.966942 0.000000 -0.145827 0.989310 0.000000 0.719834 0.694147 0.000000 0.339677 0.940542 0.000000 
-0.485027 -0.874499 -0.000000 0.252793 -0.967520 0.000000 -0.133453 0.991055 0.000000 0.648817 0.760945 0.000000 0.315171 0.949035 0.000000 
-0.457503 -0.889208 -0.000000 0.249791 -0.968300 0.000000 -0.119583 0.992824 0.000000 0.568095 0.822963 0.000000 0.290621 0.956838 0.000000 
-0.429196 -0.903211 -0.000000 0.245503 -0.969396 0.000000 -0.102847 0.994697 0.000000 0.479068 0.877778 0.000000 0.265913 0.963997 0.000000 
0.239962 -0.970782 0.000000 -0.083488 0.996509 0.000000 -0.409093 -0.912493 -0.000000 -0.349045 -0.937106 -0.000000 0.382991 0.923752 0.000000 0.240739 0.970590 0.000000 
0.233063 -0.972462 0.000000 -0.060486 0.998169 0.000000 -0.390023 -0.920805 -0.000000 -0.253607 -0.967307 -0.000000 0.281555 0.959545 0.000000 0.214498 0.976725 0.000000 
