-0.004917 0.001243 0.999987 0.000140 0.000565 1.000000 0.000123 0.000452 1.000000 -0.004921 0.001212 0.999987 
-0.003496 0.000884 0.999993 0.000012 0.000050 1.000000 -0.000008 -0.000028 1.000000 -0.003501 0.000862 0.999994 
-0.003159 0.000799 0.999995 0.000012 0.000050 1.000000 -0.000006 -0.000021 1.000000 -0.003164 0.000779 0.999995 
-0.002845 0.000719 0.999996 0.000163 0.000655 1.000000 0.000160 0.000588 1.000000 -0.002845 0.000701 0.999996 
-0.001772 0.000448 0.999998 0.000137 0.000554 1.000000 0.000139 0.000511 1.000000 -0.001772 0.000437 0.999998 
-0.001596 0.000404 0.999999 0.000119 0.000480 1.000000 0.000120 0.000441 1.000000 -0.001596 0.000393 0.999999 
-0.001876 0.000474 0.999998 -0.000128 -0.000516 1.000000 -0.000151 -0.000555 1.000000 -0.001882 0.000464 0.999998 
-0.001700 0.000430 0.999998 -0.000120 -0.000483 1.000000 -0.000141 -0.000518 1.000000 -0.001705 0.000420 0.999998 
-0.001276 0.000323 0.999999 -0.000194 -0.000783 1.000000 -0.000219 -0.000806 1.000000 -0.001283 0.000316 0.999999 
-0.001166 0.000295 0.999999 -0.000179 -0.000720 1.000000 -0.000202 -0.000741 1.000000 -0.001172 0.000289 0.999999 
-0.003618 0.000913 0.999993 -0.000561 -0.002266 0.999997 -0.000633 -0.002333 0.999997 -0.003637 0.000894 0.999993 
-0.003276 0.000827 0.999994 -0.000506 -0.002044 0.999998 -0.000571 -0.002105 0.999998 -0.003294 0.000810 0.999994 
-0.002977 0.000751 0.999995 -0.000458 -0.001850 0.999998 -0.000517 -0.001905 0.999998 -0.002993 0.000736 0.999995 
-0.003029 0.000764 0.999995 -0.000415 -0.001675 0.999999 -0.000470 -0.001732 0.999998 -0.003044 0.000748 0.999995 
-0.004714 0.001189 0.999988 -0.000376 -0.001516 0.999999 -0.000438 -0.001612 0.999999 -0.004730 0.001163 0.999988 
-0.008197 0.002068 0.999964 -0.000345 -0.001392 0.999999 -0.000425 -0.001566 0.999999 -0.008218 0.002020 0.999964 
-0.012593 0.003177 0.999916 -0.000323 -0.001304 0.999999 -0.000428 -0.001575 0.999999 -0.012620 0.003102 0.999916 
-0.017586 0.004437 0.999836 -0.000306 -0.001237 0.999999 -0.000440 -0.001620 0.999999 -0.017621 0.004331 0.999835 
-0.022844 0.005764 0.999722 -0.000295 -0.001191 0.999999 -0.000459 -0.001691 0.999998 -0.022886 0.005626 0.999722 
-0.027924 0.007046 0.999585 -0.000279 -0.001127 0.999999 -0.000472 -0.001740 0.999998 -0.027973 0.006876 0.999585 
-0.032852 0.008289 0.999426 -0.000257 -0.001036 0.999999 -0.000477 -0.001759 0.999998 -0.032909 0.008090 0.999426 
-0.037641 0.009498 0.999246 -0.000233 -0.000943 1.000000 -0.000481 -0.001772 0.999998 -0.037705 0.009269 0.999246 
-0.042305 0.010674 0.999048 -0.000210 -0.000849 1.000000 -0.000484 -0.001783 0.999998 -0.042375 0.010416 0.999047 
-0.046856 0.011823 0.998832 -0.000187 -0.000756 1.000000 -0.000486 -0.001791 0.999998 -0.046932 0.011537 0.998831 
-0.051316 0.012948 0.998599 -0.000165 -0.000666 1.000000 -0.000489 -0.001801 0.999998 -0.051398 0.012634 0.998598 
-0.055725 0.014060 0.998347 -0.000144 -0.000580 1.000000 -0.000492 -0.001814 0.999998 -0.055814 0.013719 0.998347 
-0.060107 0.015166 0.998077 -0.000125 -0.000505 1.000000 -0.000498 -0.001836 0.999998 -0.060202 0.014798 0.998077 
-0.064493 0.016272 0.997785 -0.000110 -0.000446 1.000000 -0.000509 -0.001875 0.999998 -0.064595 0.015878 0.997785 
-0.068929 0.017391 0.997470 -0.000098 -0.000395 1.000000 -0.000522 -0.001923 0.999998 -0.069037 0.016969 0.997470 
-0.073461 0.018535 0.997126 -0.000087 -0.000351 1.000000 -0.000537 -0.001979 0.999998 -0.073576 0.018085 0.997126 
-0.078130 0.019713 0.996748 -0.000077 -0.000311 1.000000 -0.000555 -0.002043 0.999998 -0.078252 0.019234 0.996748 
-0.082970 0.020934 0.996332 -0.000068 -0.000275 1.000000 -0.000574 -0.002115 0.999998 -0.083099 0.020425 0.996332 
-0.088008 0.022205 0.995872 -0.000060 -0.000241 1.000000 -0.000595 -0.002193 0.999997 -0.088145 0.021665 0.995872 
-0.093265 0.023531 0.995363 -0.000050 -0.000200 1.000000 -0.000616 -0.002269 0.999997 -0.093410 0.022958 0.995363 
-0.098756 0.024917 0.994800 -0.000040 -0.000162 1.000000 -0.000638 -0.002353 0.999997 -0.098909 0.024310 0.994799 
-0.104494 0.026364 0.994176 -0.000033 -0.000133 1.000000 -0.000665 -0.002452 0.999997 -0.104656 0.025721 0.994176 
-0.110585 0.027901 0.993475 -0.000027 -0.000109 1.000000 -0.000695 -0.002563 0.999996 -0.110756 0.027220 0.993475 
-0.117116 0.029549 0.992679 -0.000021 -0.000086 1.000000 -0.000728 -0.002685 0.999996 -0.117298 0.028827 0.992678 
-0.124120 0.031316 0.991773 -0.000015 -0.000062 1.000000 -0.000764 -0.002817 0.999996 -0.124312 0.030550 0.991773 
-0.131615 0.033207 0.990745 -0.000010 -0.000039 1.000000 -0.000803 -0.002961 0.999995 -0.131819 0.032395 0.990744 
-0.139611 0.035225 0.989580 -0.000005 -0.000020 1.000000 -0.000846 -0.003118 0.999995 -0.139827 0.034362 0.989579 
-0.148132 0.037376 0.988261 -0.000000 -0.000001 1.000000 -0.000892 -0.003289 0.999994 -0.148362 0.036458 0.988261 
-0.157167 0.039655 0.986776 0.000011 0.000045 1.000000 -0.000934 -0.003444 0.999994 -0.157411 0.038680 0.986775 
-0.166298 0.041960 0.985182 0.000008 0.000033 1.000000 -0.000992 -0.003658 0.999993 -0.166556 0.040927 0.985182 
-0.176028 0.044417 0.983383 0.000005 0.000022 1.000000 -0.001053 -0.003886 0.999992 -0.176302 0.043322 0.983382 
-0.188398 0.047425 0.980947 0.000464 0.001875 0.999998 -0.000628 -0.002318 0.999997 -0.188680 0.046247 0.980949 
-0.199619 0.050257 0.978584 0.000422 0.001707 0.999998 -0.000740 -0.002734 0.999996 -0.199920 0.049006 0.978586 
-0.211704 0.053307 0.975879 0.000384 0.001554 0.999999 -0.000854 -0.003154 0.999995 -0.212026 0.051977 0.975881 
-0.224694 0.056587 0.972785 0.000348 0.001407 0.999999 -0.000971 -0.003589 0.999993 -0.225039 0.055172 0.972787 
-0.238801 0.060150 0.969204 0.000315 0.001273 0.999999 -0.001092 -0.004036 0.999991 -0.239170 0.058640 0.969205 
-0.254157 0.064024 0.965042 0.000276 0.001117 0.999999 -0.001225 -0.004532 0.999989 -0.254553 0.062411 0.965043 
-0.270690 0.068200 0.960248 0.000251 0.001013 0.999999 -0.001352 -0.005002 0.999987 -0.271115 0.066474 0.960249 
-0.288600 0.072726 0.954684 0.000228 0.000920 1.000000 -0.001484 -0.005492 0.999984 -0.289057 0.070875 0.954685 
-0.307945 0.077616 0.948233 0.000207 0.000837 1.000000 -0.001622 -0.006005 0.999981 -0.308437 0.075628 0.948234 
-0.328797 0.082890 0.940756 0.000189 0.000763 1.000000 -0.001765 -0.006542 0.999977 -0.329327 0.080750 0.940757 
-0.351384 0.088549 0.932035 0.000123 0.000497 1.000000 -0.001969 -0.007308 0.999971 -0.351957 0.086241 0.932035 
-0.375541 0.094740 0.921951 0.000078 0.000316 1.000000 -0.002162 -0.008026 0.999965 -0.376163 0.092247 0.921950 
-0.401286 0.101396 0.910323 0.000077 0.000310 1.000000 -0.002318 -0.008604 0.999960 -0.401959 0.098697 0.910323 
-0.428660 0.108346 0.896946 0.000073 0.000293 1.000000 -0.002484 -0.009229 0.999954 -0.429390 0.105421 0.896945 
-0.457892 0.115776 0.881437 0.000069 0.000279 1.000000 -0.002659 -0.009893 0.999948 -0.458686 0.112596 0.881436 
-0.483575 0.122328 0.866713 0.000044 0.000176 1.000000 -0.002836 -0.010568 0.999940 -0.484429 0.118914 0.866711 
-0.508888 0.128767 0.851148 0.000056 0.000226 1.000000 -0.002970 -0.011082 0.999934 -0.509802 0.125107 0.851146 
-0.536797 0.136133 0.832657 0.000074 0.000300 1.000000 -0.003118 -0.011630 0.999928 -0.537785 0.132187 0.832655 
-0.569878 0.144601 0.808906 0.000083 0.000333 1.000000 -0.003300 -0.012334 0.999918 -0.570958 0.140288 0.808905 
-0.609393 0.155028 0.777565 0.000072 0.000290 1.000000 -0.003542 -0.013258 0.999906 -0.610597 0.150231 0.777562 
-0.649167 0.165582 0.742405 -0.000199 -0.000802 1.000000 -0.004048 -0.015237 0.999876 -0.650519 0.160230 0.742395 
-0.006016 -0.022518 0.999728 -0.682978 0.180952 0.707671 -0.684566 0.175055 0.707619 -0.001834 -0.007327 0.999971 
-0.009477 -0.034781 0.999350 -0.711153 0.203716 0.672875 -0.713095 0.197280 0.672737 -0.004857 -0.018943 0.999809 
-0.014840 -0.052553 0.998508 -0.732131 0.236937 0.638628 -0.734587 0.229996 0.638344 -0.009664 -0.036186 0.999298 
-0.022153 -0.075243 0.996919 -0.746345 0.281438 0.603127 -0.749501 0.274022 0.602628 -0.016348 -0.058413 0.998159 
-0.032045 -0.103886 0.994073 -0.749584 0.340482 0.567623 -0.753676 0.332712 0.566811 -0.025546 -0.086684 0.995908 
-0.042248 -0.134075 0.990070 -0.744597 0.406548 0.529428 -0.749786 0.398499 0.528223 -0.035211 -0.116468 0.992570 
-0.053009 -0.167242 0.984490 -0.723982 0.484320 0.491207 -0.730459 0.476257 0.489498 -0.045561 -0.149242 0.987750 
-0.064382 -0.203442 0.976968 -0.681463 0.565178 0.464953 -0.689104 0.557732 0.462677 -0.056623 -0.185211 0.981066 
-0.078154 -0.245727 0.966183 -0.611853 0.649067 0.452048 -0.620295 0.643038 0.449150 -0.070075 -0.227451 0.971265 
-0.095431 -0.298092 0.949755 -0.508938 0.732421 0.452262 -0.517482 0.728619 0.448695 -0.087039 -0.279932 0.956066 
-0.127822 -0.368138 0.920943 -0.377696 0.784283 0.492185 -0.385071 0.783221 0.488144 -0.118553 -0.350853 0.928896 
-0.162061 -0.428757 0.888765 -0.282758 0.791201 0.542263 -0.288854 0.791866 0.538063 -0.151867 -0.412634 0.898148 
-0.202744 -0.487894 0.849031 -0.202244 0.774784 0.599006 -0.207137 0.776728 0.594800 -0.191485 -0.473296 0.859840 
-0.258149 -0.546295 0.796820 -0.129891 0.734739 0.665798 -0.133660 0.737722 0.661741 -0.245426 -0.533966 0.809102 
-0.326683 -0.596276 0.733303 -0.079124 0.670143 0.738002 -0.081990 0.673901 0.734258 -0.312021 -0.587204 0.746883 
-0.397884 -0.632267 0.664775 -0.046423 0.595081 0.802324 -0.048593 0.599416 0.798961 -0.381041 -0.627164 0.679318 
-0.474946 -0.647126 0.596367 -0.026524 0.514832 0.856880 -0.028177 0.519596 0.853947 -0.455513 -0.647087 0.611381 
-0.552856 -0.642210 0.530959 -0.014306 0.435950 0.899857 -0.015555 0.441038 0.897353 -0.530625 -0.648339 0.545980 
-0.634825 -0.615880 0.466571 -0.006529 0.356824 0.934149 -0.007437 0.362172 0.932081 -0.609587 -0.630026 0.481114 
-0.725504 -0.558218 0.402537 -0.000685 0.276474 0.961021 -0.001273 0.282036 0.959403 -0.697434 -0.583567 0.415975 
-0.824999 -0.448924 0.343285 0.002705 0.194792 0.980841 0.002410 0.200517 0.979687 -0.796085 -0.490436 0.354572 
-0.919331 -0.262571 0.293064 0.003067 0.110488 0.993873 0.003029 0.116325 0.993207 -0.896407 -0.325787 0.300530 
-0.965821 0.006730 0.259124 0.001036 0.026982 0.999635 0.001210 0.032885 0.999458 -0.962410 -0.075778 0.260817 
-0.002140 -0.042806 0.999081 -0.951546 0.210797 0.223884 -0.925844 0.300897 0.228635 -0.001792 -0.036855 0.999319 
-0.009089 -0.149243 0.988759 -0.736434 0.634186 0.235530 -0.687517 0.681976 0.249458 -0.008562 -0.143321 0.989639 
-0.014108 -0.183831 0.982857 -0.667797 0.695635 0.264837 -0.623271 0.730206 0.279878 -0.013438 -0.177968 0.983944 
-0.019260 -0.165156 0.986079 -0.687665 0.678789 0.257608 -0.640388 0.718406 0.271653 -0.018375 -0.159311 0.987057 
-0.018525 -0.142316 0.989648 -0.729269 0.638936 0.244802 -0.679599 0.686831 0.257697 -0.017588 -0.136459 0.990490 
-0.016029 -0.132688 0.991028 -0.766674 0.592835 0.246490 -0.718752 0.645435 0.258475 -0.015153 -0.126824 0.991810 
-0.012297 -0.121845 0.992473 -0.797377 0.554691 0.237715 -0.749679 0.613099 0.249181 -0.011553 -0.115950 0.993188 
-0.010946 -0.122609 0.992395 -0.802396 0.547286 0.237990 -0.755354 0.605964 0.249497 -0.010268 -0.116706 0.993113 
-0.010597 -0.116072 0.993184 -0.816407 0.526821 0.236516 -0.769888 0.588220 0.247526 -0.009915 -0.110168 0.993864 
-0.010650 -0.107904 0.994104 -0.830412 0.505399 0.234497 -0.784339 0.569949 0.244887 -0.009934 -0.102001 0.994735 
-0.010544 -0.100572 0.994874 -0.842493 0.486027 0.232343 -0.796889 0.553460 0.242179 -0.009800 -0.094669 0.995461 
-0.010317 -0.092827 0.995629 -0.855686 0.462969 0.231219 -0.811061 0.533276 0.240410 -0.009545 -0.086926 0.996169 
-0.009606 -0.082243 0.996566 -0.874226 0.427394 0.230355 -0.831593 0.501510 0.238621 -0.008814 -0.076344 0.997043 
-0.174678 0.256191 0.950712 -0.007815 -0.059169 0.998217 -0.154783 -0.354691 0.922083 -0.896888 0.380843 0.224834 0.017076 -0.048268 0.998688 
-0.167611 0.248893 0.953918 -0.007418 -0.051451 0.998648 -0.148632 -0.353175 0.923675 -0.904289 0.365977 0.219822 0.016065 -0.046110 0.998807 
-0.168450 0.247320 0.954179 -0.007897 -0.051317 0.998651 -0.146243 -0.349977 0.925272 -0.900072 0.378159 0.216487 0.015763 -0.044806 0.998871 
-0.170699 0.251001 0.952817 -0.009364 -0.058714 0.998231 -0.145689 -0.349841 0.925411 -0.883414 0.416239 0.215233 0.015194 -0.043058 0.998957 
-0.173179 0.257479 0.950639 -0.011295 -0.069648 0.997508 -0.146245 -0.351869 0.924554 -0.859333 0.463505 0.216126 0.014429 -0.041054 0.999053 
-0.013372 -0.081726 0.996565 -0.147381 -0.355050 0.923157 -0.444875 0.664102 0.600879 -0.159631 0.241210 0.957254 -0.831175 0.511372 0.218283 0.013721 -0.039375 0.999130 
-0.015610 -0.094785 0.995375 -0.148955 -0.358793 0.921455 -0.441937 0.662887 0.604378 -0.162253 0.249262 0.954747 -0.798950 0.559062 0.221652 0.013070 -0.037815 0.999199 
-0.017335 -0.105468 0.994272 -0.150408 -0.360697 0.920476 -0.439835 0.661749 0.607152 -0.165289 0.255750 0.952508 -0.773374 0.592302 0.225988 0.012660 -0.036631 0.999249 
-0.017463 -0.106900 0.994116 -0.150965 -0.360508 0.920458 -0.439349 0.661366 0.607921 -0.167028 0.257578 0.951712 -0.770561 0.595712 0.226634 0.012381 -0.035639 0.999288 
-0.017423 -0.106662 0.994143 -0.150915 -0.360276 0.920557 -0.439889 0.660620 0.608341 -0.167415 0.258043 0.951518 -0.771173 0.594952 0.226548 0.012190 -0.035068 0.999311 
-0.017372 -0.106365 0.994175 -0.150809 -0.360042 0.920666 -0.440365 0.660141 0.608517 -0.167657 0.258381 0.951383 -0.771929 0.594013 0.226438 0.012031 -0.034605 0.999329 
-0.017347 -0.106220 0.994191 -0.150762 -0.359886 0.920735 -0.440674 0.659780 0.608684 -0.167924 0.258742 0.951238 -0.772301 0.593550 0.226384 0.011885 -0.034177 0.999345 
-0.017329 -0.106256 0.994188 -0.150796 -0.359743 0.920785 -0.440805 0.659530 0.608861 -0.168350 0.259207 0.951036 -0.772316 0.593537 0.226367 0.011746 -0.033736 0.999362 
-0.017269 -0.100362 0.994801 -0.139788 -0.345503 0.927948 -0.465495 0.650785 0.599827 -0.166670 0.256906 0.951956 -0.780097 0.584536 0.223083 0.011575 -0.033539 0.999370 
-0.016862 -0.095176 0.995318 -0.137486 -0.342333 0.929465 -0.468514 0.653699 0.594284 -0.165738 0.255476 0.952503 -0.787447 0.576146 0.219050 0.011059 -0.032213 0.999420 
-0.016283 -0.089328 0.995869 -0.134459 -0.337035 0.931842 -0.473650 0.655946 0.587699 -0.165467 0.254076 0.952925 -0.797221 0.563991 0.215299 0.010403 -0.030337 0.999486 
-0.016037 -0.085728 0.996190 -0.131565 -0.331235 0.934331 -0.479544 0.656653 0.582103 -0.166336 0.253536 0.952918 -0.802877 0.556607 0.213489 0.009534 -0.027644 0.999572 
-0.015763 -0.082852 0.996437 -0.130663 -0.328189 0.935532 -0.481389 0.657783 0.579297 -0.168108 0.254253 0.952415 -0.807556 0.550441 0.211820 0.008293 -0.023848 0.999681 
-0.015581 -0.080955 0.996596 -0.130215 -0.326357 0.936235 -0.483139 0.656841 0.578910 -0.169698 0.255444 0.951814 -0.810544 0.546478 0.210668 0.007193 -0.020571 0.999763 
-0.015529 -0.080225 0.996656 -0.130334 -0.325720 0.936440 -0.483615 0.655934 0.579540 -0.170823 0.256998 0.951195 -0.810996 0.546196 0.209654 0.006388 -0.018240 0.999813 
-0.015539 -0.079921 0.996680 -0.130470 -0.325358 0.936547 -0.483908 0.655149 0.580183 -0.171545 0.258157 0.950751 -0.811028 0.546287 0.209295 0.005782 -0.016500 0.999847 
-0.015467 -0.079091 0.996747 -0.130214 -0.323839 0.937109 -0.484721 0.655326 0.579304 -0.172481 0.259538 0.950205 -0.811409 0.546246 0.207918 0.005051 -0.014393 0.999884 
-0.015250 -0.077179 0.996901 -0.129789 -0.321620 0.937931 -0.485325 0.656988 0.576911 -0.173414 0.260642 0.949733 -0.813301 0.544381 0.205405 0.004215 -0.011989 0.999919 
-0.014993 -0.074822 0.997084 -0.129589 -0.319693 0.938618 -0.484977 0.659728 0.574070 -0.173713 0.261795 0.949361 -0.815267 0.542704 0.202017 0.003288 -0.009372 0.999951 
-0.014702 -0.072060 0.997292 -0.129120 -0.316574 0.939739 -0.485228 0.662819 0.570284 -0.174286 0.262918 0.948946 -0.817749 0.540329 0.198320 0.002313 -0.006598 0.999976 
-0.014221 -0.068364 0.997559 -0.128548 -0.313017 0.941008 -0.484822 0.667759 0.564841 -0.174384 0.263648 0.948725 -0.821856 0.535839 0.193465 0.001271 -0.003631 0.999993 
-0.013654 -0.064205 0.997843 -0.126666 -0.307484 0.943085 -0.485597 0.675274 0.555159 -0.174257 0.264702 0.948455 -0.827077 0.529572 0.188409 0.000028 -0.000080 1.000000 
-0.012682 -0.058472 0.998208 -0.115805 -0.287817 0.950658 -0.505643 0.680778 0.529968 -0.170598 0.260538 0.950272 -0.836045 0.517743 0.181580 0.001058 -0.003049 0.999995 
-0.011836 -0.053036 0.998522 -0.110009 -0.273986 0.955421 -0.515655 0.687036 0.511938 -0.167350 0.257949 0.951555 -0.843497 0.507946 0.174653 0.002273 -0.006661 0.999975 
-0.012551 -0.054243 0.998449 -0.106212 -0.264842 0.958425 -0.523930 0.688136 0.501963 -0.166035 0.258201 0.951717 -0.836743 0.518475 0.176194 0.002815 -0.008395 0.999961 
-0.014038 -0.059150 0.998150 -0.099707 -0.253919 0.962073 -0.541608 0.681320 0.492406 -0.164361 0.261818 0.951019 -0.823496 0.537243 0.182275 0.003100 -0.009562 0.999949 
-0.014802 -0.061670 0.997987 -0.092613 -0.242453 0.965733 -0.560990 0.673503 0.481336 -0.161564 0.264840 0.950661 -0.818306 0.543578 0.186811 0.003482 -0.011166 0.999932 
-0.015778 -0.065270 0.997743 -0.086943 -0.232919 0.968602 -0.577496 0.665595 0.472738 -0.159701 0.267832 0.950138 -0.809908 0.554624 0.190895 0.003733 -0.012331 0.999917 
-0.017101 -0.070173 0.997388 -0.083746 -0.227638 0.970138 -0.587894 0.658871 0.469329 -0.159566 0.270200 0.949490 -0.798089 0.569873 0.195700 0.003749 -0.012533 0.999914 
-0.017882 -0.073550 0.997131 -0.082834 -0.226850 0.970401 -0.591078 0.656034 0.469303 -0.159431 0.272270 0.948921 -0.790767 0.578989 0.198641 0.003676 -0.012398 0.999916 
-0.018338 -0.075580 0.996971 -0.083724 -0.228599 0.969914 -0.588600 0.656898 0.471205 -0.159645 0.273627 0.948494 -0.785782 0.585352 0.199774 0.003574 -0.012087 0.999921 
-0.018871 -0.077878 0.996784 -0.084992 -0.230961 0.969244 -0.583396 0.661654 0.471023 -0.159294 0.274576 0.948279 -0.779316 0.593689 0.200499 0.003698 -0.012579 0.999914 
-0.019099 -0.078833 0.996705 -0.085518 -0.232243 0.968891 -0.578966 0.667868 0.467708 -0.158353 0.273861 0.948643 -0.776974 0.596531 0.201153 0.004068 -0.013907 0.999895 
-0.019223 -0.079140 0.996678 -0.085558 -0.232371 0.968857 -0.578583 0.668401 0.467421 -0.158318 0.273698 0.948696 -0.776268 0.597256 0.201727 0.004103 -0.014032 0.999893 
-0.019105 -0.078310 0.996746 -0.085520 -0.232228 0.968894 -0.578781 0.668227 0.467424 -0.158279 0.273100 0.948875 -0.778708 0.593961 0.202053 0.004098 -0.014015 0.999893 
-0.019054 -0.077954 0.996775 -0.085450 -0.232036 0.968947 -0.579039 0.668068 0.467331 -0.158257 0.272857 0.948949 -0.779688 0.592645 0.202137 0.004100 -0.014020 0.999893 
-0.019054 -0.077955 0.996775 -0.085451 -0.232037 0.968946 -0.579043 0.668061 0.467338 -0.158256 0.272855 0.948950 -0.779689 0.592642 0.202140 0.004101 -0.014023 0.999893 
-0.019055 -0.077957 0.996775 -0.085453 -0.232040 0.968946 -0.579040 0.668056 0.467347 -0.158255 0.272854 0.948950 -0.779683 0.592649 0.202144 0.004101 -0.014024 0.999893 
-0.019056 -0.077960 0.996774 -0.085455 -0.232043 0.968944 -0.579042 0.668049 0.467355 -0.158255 0.272854 0.948950 -0.779676 0.592656 0.202147 0.004101 -0.014025 0.999893 
-0.019056 -0.077962 0.996774 -0.085458 -0.232048 0.968943 -0.579033 0.668047 0.467368 -0.158255 0.272854 0.948950 -0.779673 0.592659 0.202150 0.004101 -0.014025 0.999893 
-0.019056 -0.077963 0.996774 -0.085462 -0.232055 0.968941 -0.579025 0.668045 0.467382 -0.158256 0.272854 0.948950 -0.779673 0.592658 0.202153 0.004101 -0.014025 0.999893 
-0.019057 -0.077964 0.996774 -0.085466 -0.232062 0.968939 -0.579018 0.668042 0.467395 -0.158256 0.272855 0.948950 -0.779675 0.592655 0.202155 0.004101 -0.014024 0.999893 
-0.019057 -0.077964 0.996774 -0.085471 -0.232071 0.968936 -0.579008 0.668038 0.467413 -0.158257 0.272855 0.948949 -0.779677 0.592652 0.202158 0.004101 -0.014024 0.999893 
-0.019057 -0.077965 0.996774 -0.085477 -0.232082 0.968933 -0.578996 0.668040 0.467425 -0.158258 0.272856 0.948949 -0.779677 0.592650 0.202161 0.004100 -0.014022 0.999893 
-0.019057 -0.077965 0.996774 -0.085485 -0.232094 0.968930 -0.578977 0.668040 0.467449 -0.158259 0.272857 0.948948 -0.779679 0.592648 0.202164 0.004100 -0.014020 0.999893 
-0.019067 -0.078003 0.996771 -0.085727 -0.232553 0.968798 -0.578174 0.668527 0.467745 -0.158254 0.272830 0.948957 -0.779582 0.592765 0.202194 0.004096 -0.014006 0.999894 
-0.019067 -0.078001 0.996771 -0.085742 -0.232578 0.968791 -0.578135 0.668539 0.467778 -0.158257 0.272831 0.948956 -0.779593 0.592749 0.202197 0.004095 -0.014001 0.999894 
-0.019067 -0.077999 0.996771 -0.085776 -0.232637 0.968774 -0.578044 0.668574 0.467840 -0.158262 0.272835 0.948954 -0.779601 0.592737 0.202201 0.004092 -0.013993 0.999894 
-0.019068 -0.078006 0.996770 -0.085828 -0.232729 0.968747 -0.577889 0.668645 0.467929 -0.158271 0.272841 0.948951 -0.779588 0.592751 0.202209 0.004089 -0.013983 0.999894 
-0.019072 -0.078019 0.996769 -0.085916 -0.232882 0.968702 -0.577625 0.668774 0.468072 -0.158287 0.272851 0.948945 -0.779561 0.592782 0.202224 0.004084 -0.013964 0.999894 
-0.019076 -0.078036 0.996768 -0.086028 -0.233077 0.968646 -0.577292 0.668937 0.468249 -0.158306 0.272863 0.948939 -0.779523 0.592825 0.202241 0.004078 -0.013943 0.999894 
-0.019081 -0.078052 0.996767 -0.086162 -0.233310 0.968578 -0.576874 0.669164 0.468439 -0.158326 0.272868 0.948934 -0.779486 0.592868 0.202260 0.004073 -0.013923 0.999895 
-0.019087 -0.078072 0.996765 -0.086323 -0.233588 0.968496 -0.576386 0.669415 0.468682 -0.158353 0.272880 0.948926 -0.779439 0.592923 0.202282 0.004065 -0.013895 0.999895 
-0.019109 -0.078156 0.996758 -0.086819 -0.234484 0.968235 -0.574821 0.670286 0.469358 -0.158396 0.272882 0.948918 -0.779225 0.593183 0.202342 0.004048 -0.013832 0.999896 
-0.019122 -0.078201 0.996754 -0.087235 -0.235237 0.968015 -0.573501 0.671022 0.469922 -0.158417 0.272871 0.948918 -0.779117 0.593310 0.202388 0.004034 -0.013782 0.999897 
-0.019122 -0.078202 0.996754 -0.087289 -0.235330 0.967988 -0.573341 0.671096 0.470011 -0.158426 0.272875 0.948915 -0.779120 0.593304 0.202393 0.004030 -0.013771 0.999897 
-0.019124 -0.078209 0.996754 -0.087366 -0.235461 0.967949 -0.573113 0.671206 0.470132 -0.158439 0.272883 0.948911 -0.779105 0.593320 0.202403 0.004026 -0.013755 0.999897 
-0.019130 -0.078229 0.996752 -0.087496 -0.235683 0.967883 -0.572731 0.671390 0.470335 -0.158464 0.272898 0.948903 -0.779056 0.593377 0.202425 0.004019 -0.013729 0.999898 
-0.019137 -0.078253 0.996750 -0.087651 -0.235946 0.967805 -0.572272 0.671610 0.470578 -0.158492 0.272916 0.948893 -0.778999 0.593443 0.202450 0.004010 -0.013697 0.999898 
-0.019144 -0.078278 0.996748 -0.087811 -0.236218 0.967724 -0.571805 0.671831 0.470831 -0.158522 0.272934 0.948882 -0.778940 0.593511 0.202477 0.004001 -0.013664 0.999899 
-0.019151 -0.078301 0.996746 -0.087971 -0.236489 0.967644 -0.571336 0.672057 0.471079 -0.158552 0.272952 0.948872 -0.778886 0.593573 0.202504 0.003992 -0.013632 0.999899 
-0.019168 -0.078366 0.996740 -0.088413 -0.237286 0.967408 -0.569948 0.672814 0.471678 -0.158584 0.272944 0.948869 -0.778746 0.593734 0.202569 0.003977 -0.013578 0.999900 
-0.019217 -0.078540 0.996726 -0.088925 -0.238188 0.967140 -0.568303 0.673769 0.472301 -0.158630 0.272938 0.948863 -0.778298 0.594271 0.202718 0.003966 -0.013536 0.999901 
-0.019215 -0.078531 0.996726 -0.088954 -0.238236 0.967125 -0.568216 0.673811 0.472344 -0.158634 0.272937 0.948863 -0.778327 0.594233 0.202717 0.003964 -0.013531 0.999901 
-0.019213 -0.078525 0.996727 -0.088985 -0.238289 0.967109 -0.568127 0.673855 0.472390 -0.158637 0.272937 0.948862 -0.778349 0.594204 0.202717 0.003963 -0.013525 0.999901 
-0.019211 -0.078519 0.996728 -0.089044 -0.238389 0.967079 -0.567948 0.673939 0.472484 -0.158646 0.272937 0.948861 -0.778380 0.594161 0.202724 0.003959 -0.013513 0.999901 
-0.019214 -0.078528 0.996727 -0.089150 -0.238569 0.967025 -0.567641 0.674082 0.472649 -0.158664 0.272946 0.948855 -0.778368 0.594170 0.202743 0.003953 -0.013492 0.999901 
-0.019267 -0.078727 0.996710 -0.090199 -0.240469 0.966457 -0.564430 0.675713 0.474164 -0.158745 0.272986 0.948830 -0.777879 0.594755 0.202906 0.003899 -0.013301 0.999904 
-0.019265 -0.078721 0.996711 -0.090279 -0.240599 0.966417 -0.564220 0.675783 0.474313 -0.158761 0.272995 0.948825 -0.777911 0.594709 0.202915 0.003893 -0.013279 0.999904 
-0.019264 -0.078716 0.996711 -0.090291 -0.240620 0.966411 -0.564194 0.675776 0.474355 -0.158764 0.272999 0.948823 -0.777929 0.594686 0.202917 0.003891 -0.013272 0.999904 
-0.019313 -0.078893 0.996696 -0.090655 -0.241267 0.966215 -0.562931 0.676627 0.474643 -0.158767 0.272942 0.948839 -0.777470 0.595238 0.203057 0.003899 -0.013298 0.999904 
-0.019311 -0.078885 0.996697 -0.090667 -0.241287 0.966209 -0.562907 0.676621 0.474679 -0.158769 0.272945 0.948838 -0.777498 0.595202 0.203056 0.003897 -0.013291 0.999904 
-0.019309 -0.078878 0.996697 -0.090680 -0.241309 0.966202 -0.562882 0.676616 0.474716 -0.158772 0.272947 0.948837 -0.777525 0.595166 0.203056 0.003896 -0.013286 0.999904 
-0.019308 -0.078874 0.996698 -0.090721 -0.241377 0.966181 -0.562772 0.676653 0.474792 -0.158779 0.272952 0.948834 -0.777546 0.595137 0.203062 0.003892 -0.013273 0.999904 
-0.019373 -0.079114 0.996677 -0.091134 -0.242108 0.965960 -0.561340 0.677606 0.475129 -0.158794 0.272906 0.948845 -0.776939 0.595863 0.203255 0.003901 -0.013299 0.999904 
-0.019379 -0.079135 0.996676 -0.091191 -0.242201 0.965931 -0.561184 0.677667 0.475227 -0.158808 0.272920 0.948839 -0.776888 0.595924 0.203274 0.003896 -0.013284 0.999904 
-0.019377 -0.079128 0.996676 -0.091212 -0.242237 0.965920 -0.561132 0.677677 0.475273 -0.158812 0.272922 0.948837 -0.776915 0.595887 0.203277 0.003895 -0.013277 0.999904 
-0.019375 -0.079122 0.996677 -0.091274 -0.242339 0.965889 -0.560964 0.677742 0.475379 -0.158822 0.272925 0.948835 -0.776957 0.595826 0.203294 0.003890 -0.013262 0.999904 
-0.019372 -0.079111 0.996678 -0.091382 -0.242521 0.965833 -0.560659 0.677866 0.475563 -0.158839 0.272931 0.948830 -0.777019 0.595740 0.203312 0.003883 -0.013236 0.999905 
-0.019376 -0.079128 0.996676 -0.091512 -0.242740 0.965765 -0.560296 0.678013 0.475780 -0.158864 0.272948 0.948821 -0.776997 0.595759 0.203341 0.003874 -0.013206 0.999905 
-0.019386 -0.079164 0.996673 -0.091622 -0.242919 0.965710 -0.559988 0.678146 0.475953 -0.158888 0.272964 0.948813 -0.776946 0.595804 0.203404 0.003868 -0.013182 0.999906 
-0.019419 -0.079293 0.996662 -0.091966 -0.243522 0.965525 -0.558899 0.678748 0.476375 -0.158905 0.272962 0.948810 -0.776671 0.596115 0.203541 0.003860 -0.013154 0.999906 
-0.019420 -0.079295 0.996662 -0.092004 -0.243575 0.965508 -0.558794 0.678800 0.476423 -0.158913 0.272951 0.948812 -0.776746 0.595993 0.203612 0.003858 -0.013148 0.999906 
-0.019425 -0.079320 0.996660 -0.092058 -0.243660 0.965482 -0.558637 0.678872 0.476505 -0.158926 0.272956 0.948809 -0.776760 0.595949 0.203687 0.003855 -0.013138 0.999906 
-0.019441 -0.079392 0.996654 -0.092125 -0.243764 0.965449 -0.558448 0.678958 0.476604 -0.158945 0.272978 0.948799 -0.776685 0.596006 0.203809 0.003852 -0.013126 0.999906 
-0.019461 -0.079487 0.996646 -0.092202 -0.243886 0.965411 -0.558225 0.679062 0.476717 -0.158969 0.273012 0.948785 -0.776571 0.596105 0.203951 0.003848 -0.013112 0.999907 
-0.019481 -0.079588 0.996637 -0.092284 -0.244016 0.965370 -0.557993 0.679171 0.476834 -0.158994 0.273050 0.948770 -0.776438 0.596231 0.204088 0.003844 -0.013096 0.999907 
-0.019500 -0.079681 0.996630 -0.092369 -0.244153 0.965328 -0.557743 0.679285 0.476964 -0.159019 0.273086 0.948756 -0.776327 0.596329 0.204224 0.003839 -0.013080 0.999907 
-0.019519 -0.079775 0.996622 -0.092457 -0.244293 0.965284 -0.557492 0.679398 0.477096 -0.159044 0.273123 0.948741 -0.776202 0.596449 0.204350 0.003835 -0.013064 0.999907 
-0.019537 -0.079868 0.996614 -0.092544 -0.244434 0.965240 -0.557243 0.679513 0.477223 -0.159068 0.273161 0.948726 -0.776086 0.596557 0.204477 0.003830 -0.013047 0.999908 
-0.019556 -0.079966 0.996606 -0.092629 -0.244569 0.965197 -0.556999 0.679626 0.477347 -0.159093 0.273201 0.948710 -0.775948 0.596694 0.204599 0.003826 -0.013031 0.999908 
-0.019591 -0.080135 0.996591 -0.093017 -0.245250 0.964987 -0.555788 0.680276 0.477833 -0.159122 0.273220 0.948700 -0.775694 0.596953 0.204807 0.003816 -0.012996 0.999908 
-0.019634 -0.080337 0.996574 -0.093067 -0.245308 0.964968 -0.555638 0.680371 0.477873 -0.159154 0.273304 0.948670 -0.775260 0.597466 0.204953 0.003816 -0.012994 0.999908 
