-0.096755 -0.070019 0.004227 0.120391 -0.063574 0.004088 -0.092060 -0.207939 0.004277 0.121993 -0.200276 0.004139 
-0.096734 -0.070060 0.004167 0.120411 -0.063600 0.004177 -0.092029 -0.207980 0.004313 0.122024 -0.200301 0.004321 
-0.096833 -0.070078 0.004332 0.120311 -0.063599 0.003864 -0.092116 -0.207997 0.004495 0.121936 -0.200300 0.004033 
-0.096664 -0.070155 0.003967 0.120477 -0.063571 0.003621 -0.091880 -0.208072 0.004340 0.122168 -0.200270 0.003995 
-0.096847 -0.070332 0.004089 0.120292 -0.063753 0.002990 -0.092063 -0.208247 0.004870 0.121983 -0.200451 0.003778 
-0.096849 -0.070334 0.004168 0.120290 -0.063755 0.003173 -0.092066 -0.208250 0.004880 0.121981 -0.200453 0.003893 
-0.096783 -0.070338 0.004108 0.120356 -0.063746 0.003338 -0.091993 -0.208253 0.004791 0.122054 -0.200444 0.004025 
-0.096631 -0.070454 0.003621 0.120509 -0.063826 0.003548 -0.091820 -0.208366 0.004606 0.122227 -0.200522 0.004523 
-0.096631 -0.070456 0.003745 0.120509 -0.063829 0.003679 -0.091820 -0.208369 0.004642 0.122227 -0.200526 0.004569 
-0.096650 -0.070469 0.003857 0.120490 -0.063842 0.003715 -0.091839 -0.208382 0.004726 0.122208 -0.200539 0.004578 
-0.096808 -0.070621 0.003963 0.120333 -0.064064 0.003217 -0.092038 -0.208534 0.005159 0.122011 -0.200759 0.004412 
-0.096793 -0.070586 0.003917 0.120353 -0.064185 0.003265 -0.092123 -0.208500 0.005292 0.121932 -0.200880 0.004636 
-0.096794 -0.070586 0.004006 0.120352 -0.064185 0.003420 -0.092124 -0.208500 0.005369 0.121930 -0.200880 0.004779 
-0.096749 -0.070766 0.003767 0.120394 -0.064217 0.003538 -0.091986 -0.208676 0.005316 0.122064 -0.200908 0.005076 
-0.096704 -0.070975 0.003619 0.120432 -0.064233 0.003753 -0.091822 -0.208878 0.005283 0.122221 -0.200922 0.005400 
-0.096488 -0.070106 0.003748 0.120674 -0.064250 0.003878 -0.092170 -0.207997 0.007139 0.121904 -0.200914 0.007234 
-0.096483 -0.069260 0.003859 0.120695 -0.064044 0.003977 -0.092574 -0.207126 0.008531 0.121520 -0.200674 0.008602 
-0.096482 -0.069271 0.003961 0.120696 -0.064055 0.004059 -0.092572 -0.207147 0.008304 0.121522 -0.200696 0.008359 
-0.096482 -0.069291 0.004053 0.120697 -0.064076 0.004135 -0.092570 -0.207185 0.007783 0.121523 -0.200734 0.007828 
-0.096481 -0.069296 0.004136 0.120697 -0.064081 0.004208 -0.092570 -0.207195 0.007705 0.121524 -0.200744 0.007742 
-0.096481 -0.069290 0.004210 0.120698 -0.064119 0.004276 -0.092598 -0.207185 0.007958 0.121497 -0.200777 0.007987 
-0.096482 -0.069275 0.004277 0.120699 -0.064156 0.004338 -0.092632 -0.207157 0.008478 0.121465 -0.200801 0.008498 
-0.096482 -0.069254 0.004337 0.120707 -0.064498 0.004396 -0.092863 -0.207123 0.009152 0.121244 -0.201124 0.009164 
-0.096483 -0.069232 0.004391 0.120710 -0.064643 0.004449 -0.092971 -0.207079 0.009856 0.121140 -0.201246 0.009861 
-0.096483 -0.069210 0.004440 0.120716 -0.064972 0.004496 -0.093195 -0.207036 0.010540 0.120926 -0.201549 0.010538 
-0.096484 -0.069193 0.004484 0.120717 -0.065002 0.004540 -0.093225 -0.206997 0.011072 0.120897 -0.201557 0.011065 
-0.092369 -0.206889 0.012101 0.031654 0.227622 0.004879 -0.178512 0.268946 0.004792 -0.204898 0.133492 0.005020 0.121708 -0.200010 0.013273 0.120654 -0.063509 0.005788 
-0.091460 -0.206676 0.013599 0.031626 0.227627 0.006013 -0.178538 0.268950 0.004818 -0.204924 0.133496 0.005032 0.122481 -0.197933 0.019113 0.120428 -0.061526 0.010245 
-0.090753 -0.206198 0.014189 0.031494 0.227692 0.009277 -0.178631 0.268995 0.004911 -0.205012 0.133540 0.005049 0.122993 -0.195831 0.023299 0.120074 -0.059472 0.013945 
-0.090238 -0.206090 0.014194 0.031242 0.228320 0.010892 -0.178959 0.269059 0.005099 -0.204974 0.133533 0.004996 0.123388 -0.194712 0.024776 0.119884 -0.058362 0.015482 
-0.089819 -0.206088 0.014044 0.030985 0.228971 0.010743 -0.179333 0.269124 0.005106 -0.204970 0.133527 0.004990 0.123768 -0.194064 0.024710 0.119846 -0.057714 0.015593 
-0.089583 -0.206101 0.013817 0.030714 0.229706 0.010128 -0.179745 0.269201 0.005107 -0.204956 0.133523 0.004982 0.124011 -0.193780 0.023994 0.119867 -0.057420 0.015119 
-0.089355 -0.206121 0.013515 0.030422 0.230406 0.009754 -0.180157 0.269307 0.005172 -0.204982 0.133558 0.004970 0.124264 -0.193555 0.022838 0.119914 -0.057182 0.014271 
-0.089145 -0.206152 0.013094 0.030204 0.230925 0.009849 -0.180468 0.269349 0.005534 -0.204978 0.133544 0.004967 0.124498 -0.193377 0.021526 0.119961 -0.056985 0.013382 
-0.088952 -0.206202 0.012459 0.030005 0.231382 0.010058 -0.180751 0.269377 0.006064 -0.204974 0.133524 0.004966 0.124720 -0.193264 0.019855 0.120017 -0.056841 0.012338 
-0.088677 -0.206258 0.011653 0.029785 0.231875 0.010385 -0.181060 0.269402 0.006683 -0.204971 0.133500 0.004966 0.125012 -0.193033 0.017980 0.120062 -0.056577 0.011261 
-0.088231 -0.206305 0.010768 0.029443 0.232629 0.010950 -0.181530 0.269448 0.007385 -0.204972 0.133475 0.004966 0.125454 -0.192524 0.015938 0.120090 -0.056044 0.010089 
-0.087552 -0.206334 0.009826 0.028928 0.233732 0.011866 -0.182222 0.269515 0.008265 -0.204978 0.133444 0.004968 0.126095 -0.191621 0.013853 0.120087 -0.055131 0.008929 
-0.086673 -0.206339 0.008870 0.028392 0.235127 0.013076 -0.182978 0.269567 0.009293 -0.204844 0.133379 0.004945 0.126902 -0.190371 0.011741 0.120051 -0.053890 0.007755 
-0.085671 -0.206322 0.007904 0.028286 0.236719 0.014597 -0.183319 0.269639 0.010407 -0.204170 0.133332 0.004952 0.127801 -0.188888 0.009695 0.119983 -0.052435 0.006655 
-0.084609 -0.206192 0.006894 0.029742 0.238217 0.016567 -0.182087 0.269538 0.011548 -0.201855 0.133120 0.004956 0.128739 -0.187222 0.007720 0.119920 -0.050811 0.005722 
-0.083591 -0.206162 0.005922 0.033115 0.238948 0.018951 -0.178911 0.268657 0.012616 -0.197566 0.132138 0.004960 0.129621 -0.185711 0.006040 0.119846 -0.049353 0.005063 
-0.083297 -0.206417 0.005151 0.037889 0.238104 0.021617 -0.174218 0.266775 0.013473 -0.192108 0.130202 0.005000 0.129883 -0.185634 0.005536 0.119897 -0.049289 0.004979 
-0.082966 -0.206301 0.004490 0.044362 0.235843 0.024226 -0.167726 0.264046 0.014161 -0.185212 0.127461 0.005062 0.130192 -0.185302 0.005131 0.120067 -0.048967 0.004981 
-0.082915 -0.206257 0.004341 0.050418 0.234888 0.027296 -0.161647 0.262729 0.015844 -0.178793 0.126161 0.005880 0.130235 -0.185185 0.004962 0.120063 -0.048853 0.004998 
-0.083001 -0.206338 0.004666 0.054017 0.234722 0.030093 -0.158027 0.262582 0.018311 -0.175111 0.126077 0.007426 0.130147 -0.185223 0.004389 0.119947 -0.048893 0.004409 
-0.082804 -0.206189 0.004141 0.054629 0.235242 0.032419 -0.157447 0.263104 0.021232 -0.174503 0.126672 0.009421 0.130337 -0.185010 0.004365 0.120096 -0.048684 0.004772 
-0.082823 -0.206181 0.004203 0.053739 0.236001 0.034708 -0.158366 0.264042 0.024549 -0.175535 0.127706 0.011831 0.130317 -0.184996 0.004262 0.120073 -0.048671 0.004707 
-0.082929 -0.206095 0.004224 0.051981 0.237064 0.036932 -0.160155 0.265280 0.027996 -0.177457 0.129047 0.014382 0.130211 -0.184907 0.003867 0.119965 -0.048582 0.004587 
-0.082999 -0.206042 0.004254 0.049954 0.238342 0.039102 -0.162211 0.266718 0.031441 -0.179648 0.130594 0.016946 0.130139 -0.184843 0.003650 0.119888 -0.048520 0.004543 
-0.083001 -0.206041 0.004306 0.048246 0.239738 0.041326 -0.163929 0.268332 0.034845 -0.181543 0.132326 0.019482 0.130138 -0.184842 0.003769 0.119886 -0.048519 0.004643 
-0.082727 -0.205698 0.003605 0.046712 0.240792 0.043376 -0.165462 0.269606 0.037961 -0.183260 0.133716 0.021805 0.130408 -0.184454 0.003667 0.120126 -0.048138 0.005093 
-0.082726 -0.205704 0.003729 0.045815 0.241759 0.045544 -0.166359 0.270730 0.041002 -0.184292 0.134949 0.024086 0.130409 -0.184461 0.003768 0.120128 -0.048147 0.005408 
-0.082724 -0.205718 0.003841 0.045533 0.242263 0.047687 -0.166634 0.271381 0.043819 -0.184689 0.135704 0.026216 0.130411 -0.184474 0.003858 0.120130 -0.048166 0.005924 
-0.082722 -0.205736 0.003942 0.045437 0.242179 0.049696 -0.166729 0.271369 0.046384 -0.184855 0.135780 0.028187 0.130413 -0.184493 0.003942 0.120134 -0.048195 0.006570 
-0.082719 -0.205756 0.004031 0.045279 0.241904 0.051689 -0.166891 0.271123 0.048892 -0.185060 0.135616 0.030138 0.130415 -0.184514 0.004030 0.120138 -0.048228 0.007281 
-0.083084 -0.208762 0.009758 0.043805 0.240946 0.049519 -0.168047 0.272463 0.047719 -0.187754 0.137240 0.028468 0.129713 -0.184401 0.011121 0.117420 -0.048284 0.014422 
-0.077676 -0.215929 0.009903 0.039676 0.240899 0.041068 -0.171746 0.275226 0.040947 -0.193384 0.140370 0.021202 0.134349 -0.186083 0.015621 0.118469 -0.050344 0.019160 
-0.058221 -0.233415 0.005766 0.030729 0.241542 0.025829 -0.179815 0.280731 0.029431 -0.204890 0.146551 0.009152 0.150136 -0.186542 0.022130 0.123127 -0.052564 0.025316 
-0.040089 -0.236147 0.007668 0.030124 0.242862 0.019189 -0.180388 0.282387 0.018824 -0.205449 0.147464 0.004271 0.163837 -0.176293 0.034297 0.128081 -0.044396 0.038113 
-0.004269 -0.231116 0.012075 0.030518 0.242955 0.017651 0.188053 -0.148150 0.056871 -0.179835 0.283320 0.017338 -0.205467 0.148350 0.004300 
0.030464 0.243180 0.016996 0.031269 -0.239746 0.021867 0.208411 -0.132013 0.075645 -0.179912 0.283423 0.016738 -0.041435 -0.122593 0.027628 -0.205483 0.148378 0.004367 
0.029631 0.245246 0.016462 0.054067 -0.271505 0.036871 0.214605 -0.139005 0.087357 -0.181070 0.283753 0.016248 -0.034052 -0.165334 0.039462 -0.205537 0.148456 0.004408 
0.029136 0.246114 0.016520 0.036430 -0.310452 0.053926 0.197885 -0.172792 0.083247 -0.181707 0.283836 0.016349 -0.053000 -0.205354 0.054719 -0.205672 0.148454 0.004460 
0.028827 0.247187 0.017616 0.006151 -0.346723 0.048355 0.167171 -0.205853 0.058637 -0.182187 0.283936 0.017959 -0.084549 -0.242716 0.048845 -0.205540 0.148548 0.004972 
-0.031465 -0.360111 0.029867 0.028804 0.246909 0.019651 0.133254 -0.223209 0.028134 -0.119427 -0.253849 0.033742 -0.182204 0.283693 0.019998 -0.205547 0.148514 0.004974 
-0.051191 -0.362304 0.004855 0.029101 0.246221 0.022605 0.115385 -0.227657 0.004767 -0.137722 -0.254865 0.008478 -0.181678 0.284296 0.023091 -0.205803 0.149607 0.005178 
-0.051408 -0.362668 0.004947 0.024454 0.248412 0.030900 0.114930 -0.227732 0.003648 -0.138121 -0.255359 0.008080 -0.186139 0.287398 0.033781 -0.210998 0.153367 0.012292 
-0.051407 -0.362673 0.004944 0.017141 0.257298 0.047443 0.114931 -0.227736 0.003763 -0.138119 -0.255369 0.008226 -0.193427 0.295876 0.054551 -0.218458 0.162802 0.027928 
-0.051300 -0.362737 0.004940 0.010476 0.264675 0.065853 0.114902 -0.227632 0.003811 -0.138079 -0.255556 0.010017 -0.200061 0.302201 0.077850 -0.225140 0.170286 0.046015 
-0.051227 -0.362831 0.004938 0.010574 0.265957 0.083572 0.114966 -0.227714 0.003915 -0.137902 -0.255773 0.013321 -0.199794 0.303289 0.098712 -0.225345 0.172603 0.062485 
-0.051142 -0.362939 0.004936 0.016163 0.263267 0.100773 0.115042 -0.227810 0.004012 -0.137634 -0.256101 0.017140 -0.194036 0.300960 0.117302 -0.220154 0.171546 0.077131 
-0.051047 -0.363059 0.004932 0.023809 0.258890 0.117623 0.115128 -0.227920 0.004102 -0.137254 -0.256568 0.021425 -0.186102 0.297442 0.135761 -0.213159 0.169481 0.091739 
-0.050937 -0.363199 0.004928 0.032963 0.253364 0.134383 0.115230 -0.228048 0.004186 -0.136709 -0.257239 0.026365 -0.176581 0.292945 0.154444 -0.204777 0.166631 0.106550 
-0.050819 -0.363348 0.004924 0.043695 0.246833 0.151278 0.115453 -0.228326 0.004306 -0.135916 -0.258048 0.031648 -0.165426 0.287612 0.173257 -0.194894 0.163148 0.121445 
-0.050714 -0.363510 0.004921 0.055721 0.239631 0.168662 0.116588 -0.229764 0.005168 -0.134374 -0.258529 0.036923 -0.152823 0.281960 0.193059 -0.183929 0.159622 0.137293 
-0.050619 -0.363677 0.004922 0.069277 0.232114 0.187355 0.118445 -0.232176 0.006491 -0.132234 -0.258796 0.042111 -0.138457 0.276441 0.214909 -0.171713 0.156649 0.155010 
-0.050517 -0.363841 0.004929 0.084113 0.223791 0.205669 0.119615 -0.233738 0.007359 -0.130488 -0.259657 0.047288 -0.122719 0.270257 0.236316 -0.158236 0.153331 0.172200 
-0.050390 -0.363992 0.004932 0.099768 0.215908 0.223208 0.119901 -0.234090 0.006946 -0.129120 -0.261121 0.052506 -0.106258 0.264021 0.256617 -0.143692 0.150317 0.187957 
-0.050250 -0.364138 0.004935 0.116639 0.208546 0.241951 0.120089 -0.234288 0.005948 -0.127546 -0.262751 0.057755 -0.088503 0.258093 0.278549 -0.127917 0.148166 0.205019 
-0.050103 -0.364293 0.004937 0.135018 0.200366 0.261111 0.119942 -0.234054 0.004985 -0.125987 -0.264839 0.063199 -0.069153 0.251265 0.301127 -0.110622 0.145652 0.222576 
-0.049965 -0.364473 0.004941 0.154402 0.190705 0.282327 0.120080 -0.234233 0.004977 -0.124139 -0.267247 0.068889 -0.048645 0.242775 0.326357 -0.092347 0.142135 0.242657 
-0.049814 -0.364670 0.004945 0.174640 0.178500 0.303986 0.120228 -0.234426 0.004974 -0.121922 -0.270144 0.075011 -0.027026 0.231538 0.352930 -0.073295 0.136493 0.264219 
-0.049660 -0.364871 0.004950 0.195697 0.165056 0.325165 0.120353 -0.234589 0.004970 -0.119510 -0.273331 0.081012 -0.004359 0.218912 0.379524 -0.053425 0.129859 0.286218 
0.120446 -0.234710 0.004971 -0.049485 -0.365099 0.004954 0.217162 0.147757 0.341327 0.018915 0.202088 0.401527 -0.116581 -0.277266 0.087583 -0.033092 0.118853 0.304515 
0.120617 -0.234933 0.004978 -0.049290 -0.365353 0.004959 0.240968 0.126878 0.353940 0.044976 0.181871 0.420577 -0.112999 -0.281968 0.094581 -0.010445 0.104507 0.320641 
-0.108726 -0.287236 0.101620 0.014498 0.087786 0.334882 0.121076 -0.235532 0.005001 -0.049082 -0.365624 0.004966 0.267041 0.103267 0.363172 0.073888 0.159038 0.437059 
-0.103614 -0.292955 0.108531 0.041420 0.068706 0.347716 0.122124 -0.236909 0.004999 -0.048863 -0.365910 0.004974 0.294963 0.077190 0.369192 0.105374 0.133576 0.451378 
-0.097840 -0.299529 0.115344 0.069664 0.046971 0.357930 0.123353 -0.238573 0.004998 -0.048654 -0.366211 0.004989 0.323926 0.048769 0.370793 0.138669 0.105291 0.462242 
-0.091325 -0.307066 0.121894 0.098573 0.022582 0.365231 0.124873 -0.240643 0.005000 -0.048408 -0.366546 0.005000 0.353119 0.018396 0.367839 0.172969 0.074291 0.469325 
-0.084269 -0.315882 0.128067 0.127383 -0.004277 0.368330 -0.048286 -0.366882 0.004988 0.126270 -0.242753 0.005009 0.381646 -0.013317 0.359056 0.207437 0.040894 0.471261 
-0.079137 -0.324353 0.134192 0.158112 -0.016926 0.351825 -0.048567 -0.371543 0.008166 0.126687 -0.248443 0.004996 0.411683 -0.033444 0.336111 0.242089 0.027023 0.452127 
-0.047038 -0.378980 0.013566 0.432698 -0.045790 0.310534 0.267698 0.019815 0.430321 -0.073329 -0.332486 0.140810 0.179994 -0.025426 0.333856 
-0.046308 -0.382866 0.020251 0.449071 -0.053824 0.286767 0.289884 0.014132 0.412938 -0.066892 -0.337401 0.148910 0.197755 -0.031914 0.321089 
-0.045330 -0.384424 0.027276 0.464887 -0.059258 0.262310 0.312162 0.011156 0.394955 -0.060125 -0.339712 0.156991 0.215580 -0.035601 0.308181 
-0.043850 -0.384504 0.035949 0.479730 -0.061329 0.236518 0.334232 0.011529 0.375801 -0.051961 -0.339925 0.166298 0.233182 -0.036114 0.294789 
-0.041751 -0.383683 0.045342 0.495149 -0.062349 0.208365 0.357511 0.014001 0.353637 -0.043012 -0.338691 0.175796 0.252110 -0.034371 0.278838 
-0.039135 -0.381563 0.055106 0.510514 -0.063194 0.178220 0.381375 0.017177 0.329023 -0.033174 -0.336115 0.185271 0.271775 -0.031627 0.260833 
-0.035972 -0.378102 0.065060 0.524147 -0.064183 0.144495 0.404219 0.020601 0.300402 -0.022379 -0.332374 0.194552 0.290613 -0.028600 0.239434 
-0.032049 -0.373955 0.075968 0.536147 -0.065637 0.108090 0.426293 0.023814 0.268740 -0.010257 -0.328050 0.204272 0.308895 -0.025637 0.215672 
-0.028536 -0.367606 0.089032 0.546543 -0.070175 0.069770 0.445834 0.025362 0.232891 -0.001047 -0.324228 0.217121 0.325445 -0.024483 0.187438 
-0.023954 -0.360504 0.109317 0.552552 -0.073074 0.049515 0.460817 0.025593 0.216029 0.009366 -0.320298 0.237056 0.337961 -0.024008 0.177425 
-0.018156 -0.355203 0.130481 0.555034 -0.071517 0.044444 0.472045 0.025957 0.216168 0.021008 -0.317356 0.257279 0.347278 -0.023067 0.183396 
-0.011254 -0.353966 0.153697 0.357091 -0.024284 0.188901 0.557297 -0.072364 0.039156 0.483505 0.024254 0.215500 
-0.001944 -0.351687 0.180888 0.368653 -0.026687 0.193953 0.559677 -0.075757 0.032958 0.496713 0.020910 0.213426 
0.009995 -0.349316 0.210157 0.561998 -0.079563 0.026264 0.510852 0.017135 0.210414 0.151807 -0.225385 0.108137 0.381448 -0.029328 0.198588 
0.565571 -0.083714 0.019181 0.527099 0.013196 0.206280 0.024276 -0.346470 0.240073 0.091491 -0.317798 0.357138 0.161371 -0.222790 0.131510 0.396684 -0.031765 0.202473 
0.569124 -0.085949 0.015423 0.544549 0.009900 0.205388 0.041147 -0.343513 0.270297 0.116001 -0.317216 0.383210 0.172785 -0.220212 0.154773 0.413634 -0.033496 0.210075 
0.574679 -0.086797 0.014929 0.566272 0.006625 0.207489 0.063681 -0.338902 0.304490 0.147214 -0.315360 0.411784 0.188607 -0.216485 0.180856 0.435374 -0.034746 0.221574 
0.583258 -0.087977 0.014268 0.593421 0.002486 0.208152 0.092782 -0.333779 0.342063 0.185728 -0.313386 0.442009 0.209265 -0.212394 0.209492 0.463284 -0.036263 0.232785 
0.593749 -0.088907 0.013402 0.236046 -0.207495 0.239209 0.129761 -0.327508 0.381258 0.232457 -0.310736 0.471902 0.625109 -0.002396 0.206820 0.496920 -0.038153 0.243328 
0.173111 -0.321757 0.419078 0.267211 -0.203056 0.267641 0.607133 -0.089540 0.012588 0.285057 -0.308508 0.498680 0.659176 -0.007931 0.203661 0.533995 -0.040824 0.251534 
0.293537 -0.202824 0.289913 0.211685 -0.322202 0.447795 0.689450 -0.012302 0.200266 0.567508 -0.043382 0.256906 0.621300 -0.089132 0.012302 0.330262 -0.310910 0.517480 
0.315166 -0.205215 0.307303 0.244803 -0.326476 0.469236 0.711152 -0.014790 0.196040 0.593155 -0.045695 0.260581 0.629043 -0.087334 0.011993 0.368104 -0.316020 0.530322 
0.334594 -0.209526 0.322200 0.275412 -0.333425 0.486590 0.402361 -0.323156 0.539717 0.723958 -0.015763 0.191408 0.610412 -0.048153 0.262839 
0.351941 -0.216267 0.335192 0.303887 -0.343425 0.500720 0.433636 -0.332533 0.546440 0.734477 -0.016631 0.186656 0.625438 -0.051069 0.263912 
0.368228 -0.226105 0.347642 0.331211 -0.357554 0.512653 0.463129 -0.345681 0.551389 0.743811 -0.018013 0.181826 0.526224 -0.119211 0.090221 0.639387 -0.054911 0.264156 
0.383938 -0.239222 0.360110 0.491820 -0.362651 0.554904 0.358256 -0.376051 0.522887 0.529150 -0.121543 0.094434 0.749914 -0.019372 0.176903 0.650414 -0.059540 0.263681 
0.518185 -0.377034 0.556175 0.383709 -0.392221 0.529167 0.400560 -0.251858 0.368257 0.521884 -0.128841 0.110689 0.743163 -0.020498 0.183312 0.615662 -0.082397 0.022720 
0.540384 -0.392342 0.558935 0.405285 -0.408572 0.535939 0.742430 -0.024380 0.194078 0.608942 -0.083814 0.037469 0.415265 -0.264417 0.377833 0.520451 -0.135440 0.127990 
0.556075 -0.411105 0.562731 0.420650 -0.428572 0.542752 0.747452 -0.030934 0.207797 0.609782 -0.085778 0.053146 0.424623 -0.279992 0.388525 0.524353 -0.141269 0.144319 
0.429251 -0.297694 0.396856 0.564603 -0.432140 0.565443 0.429220 -0.450983 0.546456 0.530416 -0.147797 0.158392 0.753908 -0.039421 0.223832 0.614854 -0.088725 0.068556 
0.430605 -0.311956 0.400871 0.567536 -0.449156 0.565927 0.432361 -0.469012 0.546501 0.537869 -0.152036 0.166520 0.761785 -0.045922 0.234180 0.622297 -0.090987 0.078007 
0.430222 -0.316694 0.399434 0.566139 -0.453837 0.565374 0.431243 -0.474204 0.544579 0.539350 -0.155636 0.166484 0.762051 -0.049197 0.237562 0.624732 -0.093897 0.079374 
0.425360 -0.317852 0.395299 0.557578 -0.454938 0.564248 0.423234 -0.475484 0.540301 0.534605 -0.158195 0.162025 0.753968 -0.049485 0.239734 0.621974 -0.095663 0.077490 
0.405172 -0.479250 0.531838 0.739344 -0.048128 0.243184 0.414169 -0.319744 0.389169 1.324398 -1.467413 0.302175 1.372648 -1.431433 0.275095 0.617942 -0.096347 0.073436 0.526634 -0.160133 0.152707 
0.517385 -0.158095 0.144094 0.394418 -0.322410 0.377711 1.328925 -1.406098 0.303593 0.379018 -0.484062 0.517386 0.612640 -0.093230 0.070549 0.723303 -0.044444 0.247330 1.340949 -1.417704 0.306656 1.385383 -1.379771 0.275952 
0.348172 -0.488759 0.503001 0.506625 -0.158829 0.131694 0.370315 -0.326339 0.365135 0.605745 -0.093246 0.064137 0.704406 -0.042801 0.247438 1.339139 -1.411190 0.309464 1.383981 -1.373297 0.279308 
0.321656 -0.495796 0.490870 0.496811 -0.162126 0.116144 0.349677 -0.331767 0.356011 0.599310 -0.096440 0.053942 0.685688 -0.042155 0.242276 1.331716 -1.423101 0.308697 1.377924 -1.384568 0.281567 
0.300233 -0.499097 0.480067 0.669475 -0.041967 0.242205 0.333538 -0.334304 0.347358 1.326253 -1.432709 0.306074 1.373228 -1.393503 0.281331 0.564717 -0.108074 0.303029 0.488239 -0.164612 0.107713 
0.282307 -0.501184 0.470202 0.657874 -0.042703 0.248839 0.320380 -0.335862 0.339448 1.323086 -1.433162 0.304585 1.370113 -1.393672 0.280397 0.551168 -0.109488 0.305386 0.482325 -0.165440 0.107084 
0.266886 -0.502309 0.461114 0.649316 -0.043770 0.258227 0.309283 -0.336667 0.332107 1.320416 -1.431902 0.302716 1.367233 -1.392244 0.278398 0.540968 -0.111090 0.310884 0.478202 -0.165204 0.110071 
0.252481 -0.503618 0.451933 0.642388 -0.044818 0.266677 0.298874 -0.337621 0.324771 1.317029 -1.432623 0.300064 1.363696 -1.392791 0.275742 0.532420 -0.112370 0.315540 0.475475 -0.164600 0.112505 
0.238468 -0.505154 0.442342 0.635057 -0.045724 0.272281 0.523501 -0.113326 0.317328 0.288690 -0.338779 0.317142 1.312895 -1.435112 0.297806 1.359509 -1.395048 0.273765 
0.224524 -0.506460 0.432182 0.626907 -0.046522 0.276240 0.513869 -0.114136 0.317408 0.278628 -0.339776 0.309028 1.307721 -1.439341 0.295928 1.354470 -1.399129 0.272399 
0.210196 -0.507775 0.421032 0.618215 -0.047412 0.279871 0.503783 -0.115032 0.316977 0.268306 -0.340813 0.300099 1.302196 -1.443179 0.294449 1.349129 -1.402924 0.271367 
0.195596 -0.509070 0.408971 0.608676 -0.048247 0.283565 0.492936 -0.115892 0.316313 0.257905 -0.341748 0.290656 1.296871 -1.445492 0.293289 1.343918 -1.405218 0.270472 
0.180478 -0.510367 0.395568 0.598080 -0.049148 0.287200 0.481166 -0.116858 0.315312 0.247173 -0.342670 0.280212 1.291759 -1.446499 0.292207 1.338809 -1.406106 0.269608 
0.164766 -0.511694 0.380502 0.586371 -0.050141 0.290709 0.468419 -0.117940 0.313832 0.236047 -0.343616 0.268492 1.286822 -1.446251 0.291140 1.333762 -1.405623 0.268734 
0.149041 -0.513065 0.364128 0.573888 -0.051216 0.293903 0.455095 -0.119123 0.311817 0.224963 -0.344586 0.255830 1.281742 -1.445049 0.290137 1.328529 -1.404096 0.268006 
0.135479 -0.514397 0.348805 0.561558 -0.052424 0.296733 0.442401 -0.120690 0.310349 0.215389 -0.345574 0.243967 1.277895 -1.441472 0.289238 1.324362 -1.399859 0.267669 
0.126374 -0.514696 0.338070 0.550174 -0.053798 0.299597 0.431159 -0.122794 0.310508 0.209152 -0.345843 0.235532 1.276005 -1.439890 0.291029 1.322309 -1.397765 0.270116 
0.122236 -0.514423 0.333255 0.541457 -0.055251 0.302291 0.422866 -0.125153 0.311984 0.206435 -0.345747 0.231586 1.274463 -1.438882 0.296805 1.320863 -1.396533 0.276565 
0.121774 -0.513714 0.333010 0.538049 -0.055772 0.303461 0.419761 -0.126179 0.313212 0.206301 -0.345230 0.231294 1.273526 -1.437945 0.304148 1.320094 -1.395553 0.284391 
0.123805 -0.513237 0.335822 0.539762 -0.055533 0.302962 0.421558 -0.125960 0.313532 0.207741 -0.344885 0.233399 1.273338 -1.436863 0.310297 1.320054 -1.394621 0.290569 
0.127584 -0.512608 0.340587 0.544509 -0.054998 0.302134 0.426244 -0.125136 0.313879 0.210449 -0.344424 0.237024 1.274100 -1.435873 0.312191 1.320875 -1.393890 0.292054 
0.132099 -0.512359 0.346000 0.551158 -0.054298 0.301133 0.432747 -0.123940 0.314281 0.213559 -0.344261 0.241190 1.275981 -1.436224 0.307925 1.322713 -1.394460 0.287241 
0.137348 -0.512376 0.352032 0.558357 -0.053603 0.300062 0.439891 -0.122795 0.314973 0.217090 -0.344311 0.245857 1.279374 -1.437460 0.298345 1.325917 -1.395818 0.277000 
0.143949 -0.512103 0.359443 0.565401 -0.053002 0.298834 0.447036 -0.121889 0.315817 0.221627 -0.344143 0.251587 1.284067 -1.441869 0.287472 1.330156 -1.399739 0.266096 
0.149928 -0.511452 0.366001 0.572151 -0.052219 0.297090 0.453778 -0.120657 0.315746 0.225861 -0.343639 0.256682 1.284970 -1.447682 0.285567 1.331297 -1.405550 0.264716 
0.153443 -0.511139 0.369740 0.576888 -0.051615 0.295542 0.458487 -0.119678 0.315358 0.228334 -0.343400 0.259592 1.285101 -1.449365 0.285593 1.331645 -1.407423 0.264844 
0.154481 -0.511078 0.370821 0.578321 -0.051425 0.294923 0.459917 -0.119373 0.315107 0.229056 -0.343354 0.260436 1.285340 -1.449559 0.285652 1.331912 -1.407652 0.264895 
0.154016 -0.511170 0.370319 0.577649 -0.051497 0.295045 0.459273 -0.119519 0.315146 0.228715 -0.343422 0.260052 1.285418 -1.448650 0.286121 1.331964 -1.406769 0.265253 
0.153160 -0.511249 0.369418 0.576114 -0.051663 0.295334 0.457803 -0.119855 0.315240 0.228110 -0.343479 0.259358 1.285606 -1.446677 0.287079 1.332087 -1.404843 0.265974 
0.152234 -0.511266 0.368453 0.574339 -0.051860 0.295654 0.456087 -0.120235 0.315285 0.227479 -0.343486 0.258609 1.285658 -1.444838 0.287943 1.332076 -1.403046 0.266618 
0.151317 -0.511335 0.367477 0.572965 -0.052011 0.295903 0.454731 -0.120502 0.315238 0.226839 -0.343533 0.257855 1.285517 -1.443768 0.288435 1.331899 -1.401999 0.266984 
0.150593 -0.511400 0.366700 0.572278 -0.052078 0.296049 0.454017 -0.120589 0.315139 0.226330 -0.343579 0.257257 1.285319 -1.443255 0.288667 1.331681 -1.401496 0.267156 
0.150223 -0.511433 0.366303 0.571980 -0.052104 0.296118 0.453699 -0.120618 0.315082 0.226071 -0.343602 0.256951 1.285214 -1.443005 0.288782 1.331567 -1.401252 0.267241 
0.150194 -0.511437 0.366270 0.571956 -0.052108 0.296124 0.453674 -0.120621 0.315079 0.226050 -0.343605 0.256927 1.285230 -1.443013 0.288796 1.331583 -1.401260 0.267253 
0.150192 -0.511439 0.366268 0.571954 -0.052109 0.296126 0.453672 -0.120622 0.315079 0.226048 -0.343606 0.256925 1.285264 -1.443050 0.288802 1.331617 -1.401297 0.267260 
0.150190 -0.511440 0.366265 0.571952 -0.052110 0.296127 0.453670 -0.120623 0.315080 0.226047 -0.343607 0.256924 1.285296 -1.443084 0.288809 1.331649 -1.401331 0.267266 
0.150188 -0.511441 0.366263 0.571951 -0.052110 0.296128 0.453669 -0.120624 0.315080 0.226046 -0.343608 0.256923 1.285326 -1.443117 0.288815 1.331679 -1.401363 0.267273 
0.150186 -0.511442 0.366261 0.571949 -0.052111 0.296129 0.453667 -0.120625 0.315080 0.226045 -0.343609 0.256921 1.285357 -1.443147 0.288822 1.331709 -1.401393 0.267280 
0.150185 -0.511443 0.366259 0.571948 -0.052112 0.296130 0.453666 -0.120626 0.315080 0.226044 -0.343609 0.256920 1.285386 -1.443178 0.288827 1.331738 -1.401424 0.267286 
0.150184 -0.511444 0.366258 0.571947 -0.052113 0.296131 0.453665 -0.120626 0.315081 0.226043 -0.343610 0.256919 1.285414 -1.443207 0.288833 1.331767 -1.401453 0.267291 
0.150183 -0.511445 0.366257 0.571946 -0.052113 0.296131 0.453664 -0.120627 0.315081 0.226042 -0.343611 0.256918 1.285443 -1.443235 0.288839 1.331796 -1.401481 0.267297 
0.150182 -0.511446 0.366255 0.571945 -0.052114 0.296132 0.453663 -0.120628 0.315081 0.226041 -0.343611 0.256918 1.285472 -1.443263 0.288844 1.331824 -1.401509 0.267302 
0.150181 -0.511446 0.366254 0.571944 -0.052114 0.296132 0.453661 -0.120628 0.315081 0.226040 -0.343611 0.256917 1.285500 -1.443289 0.288850 1.331853 -1.401535 0.267308 
0.150181 -0.511447 0.366254 0.571944 -0.052114 0.296133 0.453661 -0.120628 0.315081 0.226040 -0.343612 0.256917 1.285531 -1.443315 0.288854 1.331883 -1.401561 0.267311 
0.150182 -0.511447 0.366255 0.571945 -0.052114 0.296133 0.453662 -0.120629 0.315082 0.226041 -0.343612 0.256918 1.285563 -1.443340 0.288857 1.331915 -1.401586 0.267313 
0.150184 -0.511447 0.366257 0.571946 -0.052115 0.296133 0.453663 -0.120629 0.315082 0.226042 -0.343612 0.256920 1.285596 -1.443365 0.288859 1.331947 -1.401612 0.267314 
0.150186 -0.511448 0.366259 0.571947 -0.052115 0.296132 0.453665 -0.120629 0.315083 0.226043 -0.343613 0.256921 1.285629 -1.443390 0.288861 1.331979 -1.401636 0.267314 
0.150188 -0.511448 0.366262 0.571949 -0.052114 0.296132 0.453666 -0.120629 0.315083 0.226045 -0.343613 0.256923 1.285661 -1.443415 0.288862 1.332011 -1.401661 0.267315 
0.150190 -0.511448 0.366264 0.571950 -0.052115 0.296132 0.453668 -0.120629 0.315084 0.226046 -0.343613 0.256925 1.285693 -1.443439 0.288863 1.332043 -1.401685 0.267315 
0.150193 -0.511448 0.366266 0.571952 -0.052115 0.296132 0.453670 -0.120629 0.315084 0.226048 -0.343613 0.256927 1.285725 -1.443463 0.288865 1.332074 -1.401709 0.267315 
0.150195 -0.511448 0.366269 0.571953 -0.052114 0.296132 0.453672 -0.120629 0.315085 0.226049 -0.343613 0.256929 1.285756 -1.443486 0.288866 1.332104 -1.401733 0.267315 
0.150197 -0.511448 0.366271 0.571955 -0.052114 0.296132 0.453673 -0.120629 0.315086 0.226050 -0.343613 0.256931 1.285786 -1.443510 0.288868 1.332133 -1.401756 0.267316 
0.150199 -0.511448 0.366274 0.571957 -0.052114 0.296131 0.453675 -0.120629 0.315086 0.226052 -0.343613 0.256933 1.285816 -1.443532 0.288869 1.332163 -1.401779 0.267316 
0.150202 -0.511448 0.366276 0.571959 -0.052114 0.296131 0.453677 -0.120629 0.315087 0.226054 -0.343613 0.256935 1.285845 -1.443555 0.288870 1.332192 -1.401801 0.267316 
0.150204 -0.511448 0.366279 0.571961 -0.052114 0.296131 0.453679 -0.120629 0.315087 0.226056 -0.343613 0.256937 1.285874 -1.443577 0.288871 1.332221 -1.401824 0.267316 
0.150207 -0.511448 0.366282 0.571962 -0.052114 0.296130 0.453682 -0.120629 0.315088 0.226057 -0.343613 0.256940 1.285903 -1.443600 0.288872 1.332249 -1.401845 0.267316 
0.150210 -0.511448 0.366285 0.571965 -0.052114 0.296130 0.453684 -0.120629 0.315088 0.226059 -0.343613 0.256942 1.285932 -1.443621 0.288873 1.332277 -1.401867 0.267316 
0.150212 -0.511448 0.366288 0.571967 -0.052114 0.296130 0.453686 -0.120628 0.315089 0.226061 -0.343613 0.256944 1.285960 -1.443643 0.288874 1.332305 -1.401889 0.267315 
0.150215 -0.511448 0.366291 0.571969 -0.052114 0.296129 0.453688 -0.120628 0.315090 0.226063 -0.343613 0.256947 1.285988 -1.443664 0.288874 1.332332 -1.401910 0.267315 
0.150218 -0.511448 0.366294 0.571971 -0.052113 0.296129 0.453691 -0.120628 0.315090 0.226065 -0.343613 0.256949 1.286015 -1.443685 0.288875 1.332359 -1.401931 0.267315 
0.150221 -0.511448 0.366298 0.571973 -0.052113 0.296129 0.453693 -0.120628 0.315091 0.226067 -0.343612 0.256952 1.286043 -1.443706 0.288875 1.332386 -1.401952 0.267314 
0.150224 -0.511447 0.366301 0.571976 -0.052113 0.296128 0.453696 -0.120628 0.315092 0.226069 -0.343612 0.256955 1.286069 -1.443727 0.288876 1.332412 -1.401973 0.267313 
0.150230 -0.511447 0.366308 0.571981 -0.052113 0.296127 0.453701 -0.120627 0.315093 0.226073 -0.343612 0.256960 1.286093 -1.443752 0.288876 1.332436 -1.401999 0.267313 
0.150241 -0.511446 0.366319 0.571989 -0.052112 0.296126 0.453710 -0.120627 0.315095 0.226080 -0.343611 0.256969 1.286116 -1.443781 0.288876 1.332461 -1.402030 0.267312 
0.150252 -0.511445 0.366331 0.571998 -0.052111 0.296124 0.453720 -0.120626 0.315097 0.226088 -0.343611 0.256978 1.286140 -1.443810 0.288875 1.332485 -1.402060 0.267311 
0.150264 -0.511444 0.366345 0.572008 -0.052110 0.296122 0.453730 -0.120625 0.315099 0.226097 -0.343610 0.256988 1.286164 -1.443840 0.288874 1.332511 -1.402092 0.267310 
0.150281 -0.511443 0.366363 0.572022 -0.052109 0.296119 0.453745 -0.120624 0.315102 0.226109 -0.343609 0.257002 1.286191 -1.443871 0.288870 1.332539 -1.402124 0.267305 
0.150301 -0.511441 0.366384 0.572038 -0.052108 0.296116 0.453762 -0.120622 0.315105 0.226122 -0.343608 0.257019 1.286222 -1.443902 0.288864 1.332570 -1.402157 0.267297 
0.150320 -0.511440 0.366405 0.572054 -0.052106 0.296112 0.453779 -0.120621 0.315108 0.226136 -0.343607 0.257035 1.286253 -1.443933 0.288857 1.332603 -1.402189 0.267290 
0.150339 -0.511438 0.366426 0.572069 -0.052105 0.296109 0.453795 -0.120619 0.315112 0.226149 -0.343606 0.257051 1.286284 -1.443964 0.288851 1.332633 -1.402220 0.267282 
0.150358 -0.511437 0.366446 0.572083 -0.052104 0.296106 0.453810 -0.120618 0.315115 0.226162 -0.343605 0.257066 1.286313 -1.443993 0.288846 1.332663 -1.402251 0.267276 
0.150376 -0.511435 0.366465 0.572098 -0.052103 0.296107 0.453826 -0.120617 0.315121 0.226174 -0.343604 0.257081 1.286341 -1.444022 0.288841 1.332692 -1.402282 0.267270 
0.150397 -0.511438 0.366489 0.572117 -0.052105 0.296151 0.453847 -0.120620 0.315171 0.226188 -0.343606 0.257100 1.286376 -1.444037 0.288841 1.332727 -1.402298 0.267267 
0.150416 -0.511436 0.366509 0.572137 -0.052106 0.296193 0.453867 -0.120622 0.315217 0.226201 -0.343605 0.257116 1.286407 -1.444064 0.288834 1.332759 -1.402326 0.267259 
0.150435 -0.511439 0.366531 0.572153 -0.052110 0.296244 0.453885 -0.120626 0.315272 0.226212 -0.343607 0.257133 1.286440 -1.444075 0.288837 1.332791 -1.402339 0.267258 
