1.010727 0.430578 0.004946 1.124048 0.351822 0.004849 1.135477 0.608424 0.003591 1.245972 0.527920 0.003513 
1.010725 0.430575 0.004945 1.124046 0.351820 0.004860 1.135475 0.608422 0.003719 1.245970 0.527919 0.003652 
1.010753 0.430339 0.004950 1.124087 0.351603 0.005142 1.135474 0.608203 0.003304 1.245982 0.527718 0.003518 
1.010751 0.430334 0.004926 1.124085 0.351598 0.005096 1.135473 0.608200 0.003465 1.245981 0.527715 0.003653 
1.010849 0.430448 0.004713 1.124142 0.351653 0.004962 1.135665 0.608250 0.003653 1.246131 0.527708 0.003913 
1.010814 0.430464 0.004619 1.124111 0.351674 0.004707 1.135622 0.608274 0.003755 1.246091 0.527736 0.003854 
1.010750 0.430427 0.004762 1.124048 0.351639 0.004728 1.135553 0.608238 0.003669 1.246024 0.527703 0.003651 
1.011009 0.430405 0.004285 1.124333 0.351655 0.004676 1.135755 0.608258 0.003804 1.246252 0.527760 0.004198 
1.011005 0.430416 0.004320 1.124333 0.351671 0.004667 1.135744 0.608275 0.003882 1.246245 0.527781 0.004232 
1.011005 0.430360 0.004443 1.124330 0.351612 0.004765 1.135749 0.608215 0.003816 1.246247 0.527718 0.004143 
1.010974 0.430067 0.004819 1.124333 0.351368 0.005318 1.135641 0.607966 0.002805 1.246174 0.527517 0.003328 
1.010973 0.430062 0.004827 1.124331 0.351362 0.005283 1.135640 0.607962 0.003008 1.246173 0.527513 0.003485 
1.010972 0.430058 0.004840 1.124330 0.351357 0.005259 1.135640 0.607959 0.003190 1.246172 0.527510 0.003629 
1.010972 0.430056 0.004979 1.124331 0.351356 0.005373 1.135640 0.607958 0.003352 1.246173 0.527509 0.003765 
1.010989 0.430044 0.005674 1.124357 0.351358 0.006097 1.135634 0.607955 0.003428 1.246176 0.527519 0.003877 
1.011027 0.429987 0.006800 1.124421 0.351338 0.007358 1.135610 0.607922 0.003329 1.246179 0.527523 0.003931 
1.011125 0.429767 0.007994 1.124563 0.351186 0.008928 1.135602 0.607738 0.002929 1.246216 0.527405 0.003926 
1.011145 0.429700 0.009380 1.124617 0.351172 0.010502 1.135531 0.607680 0.002662 1.246181 0.527399 0.003867 
1.011190 0.429762 0.011062 1.124666 0.351239 0.012138 1.135547 0.607700 0.002877 1.246201 0.527425 0.004057 
1.011242 0.429838 0.012813 1.124723 0.351320 0.013860 1.135563 0.607723 0.003071 1.246222 0.527454 0.004246 
1.011302 0.429925 0.014560 1.124786 0.351411 0.015589 1.135580 0.607747 0.003247 1.246243 0.527483 0.004425 
1.011370 0.430022 0.016312 1.124858 0.351514 0.017325 1.135598 0.607771 0.003407 1.246265 0.527514 0.004592 
1.011446 0.430114 0.018077 1.124948 0.351627 0.019061 1.135589 0.607797 0.003554 1.246273 0.527561 0.004732 
1.011515 0.430143 0.019885 1.125060 0.351716 0.020826 1.135502 0.607787 0.003644 1.246228 0.527611 0.004804 
1.011616 0.430272 0.021686 1.125164 0.351850 0.022562 1.135522 0.607812 0.003783 1.246253 0.527643 0.004902 
1.011726 0.430417 0.023520 1.125278 0.351999 0.024331 1.135543 0.607839 0.003913 1.246279 0.527676 0.004992 
1.011848 0.430578 0.025401 1.125403 0.352164 0.026147 1.135565 0.607868 0.004037 1.246305 0.527710 0.005075 
1.011972 0.430729 0.027355 1.125522 0.352308 0.028081 1.135593 0.607847 0.004103 1.246330 0.527686 0.005147 
1.012121 0.430934 0.029375 1.125674 0.352515 0.030042 1.135617 0.607879 0.004218 1.246358 0.527722 0.005233 
1.012246 0.431049 0.031551 1.125877 0.352744 0.032105 1.135408 0.607915 0.004296 1.246233 0.527872 0.005228 
1.012415 0.431117 0.033850 1.126181 0.353007 0.034333 1.135104 0.607956 0.004369 1.246068 0.528105 0.005261 
1.012624 0.431410 0.036163 1.126391 0.353302 0.036607 1.135132 0.607995 0.004490 1.246100 0.528150 0.005374 
1.012858 0.431740 0.038593 1.126626 0.353634 0.039001 1.135162 0.608037 0.004610 1.246134 0.528198 0.005491 
1.013124 0.432113 0.041167 1.126894 0.354009 0.041537 1.135195 0.608082 0.004735 1.246172 0.528250 0.005612 
1.013425 0.432539 0.043903 1.127196 0.354435 0.044235 1.135231 0.608132 0.004864 1.246212 0.528306 0.005740 
1.013768 0.433024 0.046816 1.127540 0.354922 0.047114 1.135270 0.608186 0.004994 1.246256 0.528368 0.005875 
1.014156 0.433578 0.049919 1.127930 0.355478 0.050189 1.135312 0.608246 0.005126 1.246305 0.528436 0.006022 
1.014599 0.434211 0.053224 1.128373 0.356113 0.053469 1.135357 0.608311 0.005263 1.246357 0.528511 0.006178 
1.015102 0.434934 0.056742 1.128877 0.356836 0.056963 1.135408 0.608383 0.005404 1.246415 0.528593 0.006343 
1.015682 0.435767 0.060529 1.129458 0.357671 0.060728 1.135463 0.608462 0.005551 1.246478 0.528684 0.006520 
1.016355 0.436738 0.064636 1.130133 0.358643 0.064815 1.135525 0.608551 0.005706 1.246549 0.528787 0.006710 
1.017118 0.437848 0.069065 1.130889 0.359745 0.069260 1.135598 0.608603 0.005826 1.246626 0.528845 0.006907 
1.018015 0.439141 0.073798 1.131787 0.361039 0.073971 1.135673 0.608712 0.006003 1.246714 0.528971 0.007126 
1.019053 0.440640 0.078887 1.132825 0.362539 0.079040 1.135757 0.608833 0.006190 1.246812 0.529113 0.007362 
1.020250 0.442370 0.084333 1.134023 0.364270 0.084468 1.135851 0.608967 0.006387 1.246922 0.529271 0.007614 
1.021630 0.444366 0.090146 1.135404 0.366267 0.090263 1.135954 0.609117 0.006595 1.247044 0.529447 0.007884 
1.023218 0.446667 0.096338 1.136993 0.368569 0.096438 1.136069 0.609283 0.006816 1.247180 0.529645 0.008171 
1.025047 0.449317 0.102918 1.138822 0.371219 0.103002 1.136197 0.609469 0.007048 1.247332 0.529865 0.008477 
1.027152 0.452369 0.109894 1.140928 0.374272 0.109964 1.136340 0.609675 0.007294 1.247503 0.530111 0.008802 
1.029610 0.455807 0.117306 1.143386 0.377710 0.117278 1.136500 0.609899 0.007653 1.247696 0.530381 0.009163 
1.032344 0.459762 0.125109 1.146118 0.381663 0.125060 1.136677 0.610154 0.008102 1.247906 0.530686 0.009696 
1.035511 0.464353 0.133383 1.149282 0.386250 0.133317 1.136880 0.610449 0.008587 1.248149 0.531037 0.010273 
1.039170 0.469661 0.142088 1.152938 0.391553 0.142006 1.137113 0.610787 0.009105 1.248426 0.531439 0.010890 
1.046530 0.466879 0.153043 1.162580 0.392256 0.150242 1.134295 0.606910 0.012038 1.248012 0.531031 0.011243 
1.055888 0.462001 0.164784 1.173670 0.390307 0.159161 1.133428 0.599285 0.015337 1.249003 0.526346 0.011865 
1.063933 0.459192 0.175732 1.181680 0.387371 0.171107 1.136960 0.587366 0.016257 1.252564 0.514427 0.013913 
1.068563 0.459113 0.187126 1.186104 0.386923 0.183025 1.136351 0.577291 0.017915 1.251824 0.504128 0.016227 
1.071878 0.464059 0.192738 1.188978 0.391125 0.189239 1.135100 0.572289 0.015304 1.250201 0.498529 0.014328 
1.079396 0.465541 0.204440 1.197973 0.395320 0.197187 1.129553 0.567501 0.019286 1.246300 0.496516 0.014700 
1.087512 0.474361 0.215383 1.206235 0.404717 0.205456 1.126121 0.565847 0.022164 1.243175 0.495580 0.015042 
1.098880 0.485269 0.224615 1.217437 0.415914 0.211268 1.126725 0.569175 0.026176 1.243766 0.499301 0.015740 
1.101698 0.506871 0.259164 1.218720 0.436006 0.241050 1.118939 0.585113 0.057236 1.234608 0.513823 0.042129 
1.103024 0.533732 0.323558 1.215100 0.458404 0.295118 1.099794 0.604702 0.118262 1.210851 0.529094 0.092973 
1.132389 0.544937 0.395494 1.238579 0.470886 0.347701 1.093538 0.617272 0.194368 1.199264 0.542909 0.149850 
1.176093 0.551135 0.451064 1.272653 0.482345 0.380438 1.098424 0.631482 0.264770 1.195157 0.562217 0.197428 
1.205473 0.561820 0.474321 1.291340 0.496346 0.388392 1.105593 0.652391 0.303984 1.192047 0.586267 0.221260 
1.221370 0.581627 0.457020 1.302471 0.518342 0.365033 1.117711 0.682409 0.294873 1.199497 0.618311 0.206035 
1.228347 0.607961 0.405951 1.306124 0.549871 0.307868 1.128298 0.727387 0.254554 1.206741 0.668173 0.159526 
1.236746 0.635941 0.348585 1.308752 0.586338 0.241821 1.137903 0.776320 0.215479 1.210613 0.725219 0.111596 
1.252381 0.661298 0.294846 1.316431 0.623241 0.178686 1.148853 0.817790 0.185367 1.213748 0.777899 0.071846 
1.263090 0.690860 0.239501 1.323011 0.661066 0.118812 1.159859 0.857582 0.146008 1.220660 0.825731 0.027777 
1.279548 0.715688 0.212584 1.333344 0.688697 0.088400 1.170469 0.883358 0.127837 1.225284 0.854270 0.006021 
1.293156 0.733142 0.219189 1.343865 0.699014 0.095464 1.181289 0.895267 0.127566 1.233086 0.859188 0.006301 
1.293933 0.750923 0.231743 1.346789 0.704473 0.113030 1.191239 0.908623 0.123215 1.245035 0.860401 0.007152 
1.288132 0.775631 0.245722 1.344334 0.714476 0.135515 1.197232 0.924115 0.115786 1.254176 0.861458 0.008449 
1.287275 0.791182 0.252048 1.344543 0.722174 0.147156 1.201282 0.932286 0.111021 1.259213 0.861953 0.009104 
1.284502 0.798868 0.256905 1.343350 0.727980 0.154164 1.202714 0.938790 0.112246 1.262152 0.866611 0.012510 
1.284755 0.803064 0.262548 1.345321 0.730297 0.162145 1.204160 0.939382 0.113835 1.265282 0.865393 0.016472 
1.285914 0.800214 0.260225 1.349559 0.727820 0.161470 1.205750 0.934101 0.109090 1.269916 0.860516 0.013394 
1.286558 0.795710 0.256284 1.353105 0.724897 0.158299 1.205894 0.928345 0.104313 1.272942 0.856343 0.009391 
1.317127 1.292597 0.605475 1.351803 0.728258 0.161393 1.282520 0.799148 0.257407 1.274851 1.184715 0.532921 1.202205 0.928587 0.102524 
1.352888 1.294174 0.658710 1.349386 0.729839 0.156649 1.279761 0.796410 0.255465 1.302676 1.189576 0.586406 1.198002 0.931032 0.105845 
1.369244 1.287068 0.683987 1.341653 0.737287 0.159115 1.275457 0.800167 0.262595 1.316096 1.186241 0.608496 1.190286 0.941294 0.121093 
1.368806 1.278822 0.684286 1.183088 0.951839 0.143311 1.333547 0.745616 0.171782 1.272213 0.807366 0.278876 
1.357930 1.277243 0.669132 1.179575 0.957816 0.157048 1.329379 0.750315 0.178929 1.271528 0.811243 0.288405 
1.343136 1.285296 0.644409 1.180960 0.957948 0.152245 1.330983 0.750463 0.172729 1.273118 0.810628 0.282619 1.258104 1.171998 0.805066 1.208877 1.080548 0.714195 
1.326479 1.301391 0.610920 1.185166 0.955777 0.129732 1.217728 1.195610 0.762121 1.172264 1.106699 0.666874 1.335249 0.748725 0.153843 1.274335 0.808543 0.262265 
1.308685 1.322567 0.566691 1.188852 0.955691 0.112537 1.175442 1.227350 0.704741 1.135384 1.140157 0.605561 1.337180 0.748000 0.141516 1.274819 0.809415 0.248208 
1.289152 1.345835 0.516865 1.138039 1.261018 0.642756 1.105254 1.171691 0.542807 1.187734 0.961160 0.109113 1.332153 0.752594 0.149360 1.268909 0.819341 0.252262 
1.273757 1.370831 0.474901 1.113224 1.294740 0.594554 1.084993 1.201414 0.496894 1.185802 0.967742 0.103784 1.325782 0.759840 0.159989 1.260941 0.833406 0.257086 
1.264909 1.395939 0.449287 1.098227 1.328188 0.565497 1.071720 1.231504 0.470662 1.183191 0.971731 0.101598 1.321268 0.764539 0.164710 1.255048 0.840430 0.259048 
1.260641 1.417761 0.444352 1.092118 1.356355 0.561429 1.064484 1.257394 0.469303 1.180484 0.975390 0.097732 1.316428 0.769845 0.170167 1.248164 0.848591 0.260628 
1.259555 1.436164 0.451027 1.091970 1.379698 0.571876 1.061672 1.279084 0.482417 1.178008 0.978119 0.094065 1.312253 0.774871 0.175584 1.241814 0.856100 0.262095 
1.259623 1.449751 0.459212 1.093624 1.396641 0.583717 1.060758 1.295144 0.496183 1.176002 0.979572 0.091960 1.310028 0.778262 0.178496 1.238049 0.860510 0.262748 
1.258847 1.456393 0.463412 1.093750 1.404397 0.589576 1.059745 1.302675 0.502741 1.174933 0.979424 0.091470 1.309992 0.779299 0.179138 1.237176 0.861344 0.262867 
1.257177 1.456232 0.462692 1.092290 1.403940 0.589007 1.058654 1.301873 0.502433 1.173924 0.979886 0.091219 1.308810 0.779900 0.179470 1.235862 0.862101 0.262929 
1.255371 1.451488 0.459972 1.090346 1.397878 0.585552 1.057872 1.295589 0.498797 1.172558 0.981384 0.091339 1.306649 0.780740 0.179305 1.234111 0.863173 0.262894 
1.254731 1.444806 0.457973 1.089610 1.389327 0.582612 1.058276 1.287216 0.495230 1.172224 0.981835 0.092068 1.306180 0.780356 0.178317 1.234245 0.862520 0.262688 
1.255871 1.437527 0.459121 1.091226 1.379910 0.583418 1.060385 1.278444 0.495114 1.172961 0.981104 0.093265 1.307397 0.778755 0.176682 1.236215 0.860243 0.262337 
1.258123 1.429457 0.463205 1.094595 1.369433 0.587840 1.063812 1.268800 0.498568 1.173728 0.980114 0.094559 1.308876 0.776974 0.174846 1.238398 0.857594 0.261893 
1.260809 1.420745 0.469181 1.098781 1.357898 0.594381 1.067768 1.258425 0.503898 1.174557 0.978293 0.096210 1.311101 0.774523 0.172432 1.241352 0.853828 0.261257 
1.264022 1.411663 0.477170 1.103798 1.345533 0.602999 1.072218 1.247687 0.510949 1.175538 0.975847 0.098426 1.314428 0.771644 0.169047 1.245538 0.848956 0.260267 
1.268057 1.401872 0.487601 1.110074 1.331726 0.614087 1.077477 1.236197 0.519983 1.176636 0.972863 0.101302 1.318932 0.768545 0.164411 1.251092 0.843003 0.258739 
1.272824 1.391088 0.499285 1.117576 1.316749 0.626759 1.083840 1.223439 0.530848 1.177724 0.969985 0.103906 1.322802 0.765546 0.159886 1.255990 0.837250 0.257039 
1.277318 1.380831 0.509508 1.125060 1.303154 0.638587 1.090628 1.210805 0.541995 1.178364 0.968584 0.105149 1.324208 0.763745 0.157558 1.257976 0.834124 0.256067 
1.280593 1.373447 0.516620 1.130509 1.293737 0.647000 1.095728 1.201662 0.550271 1.178703 0.967823 0.105804 1.324460 0.762424 0.156229 1.258556 0.832099 0.255457 
1.282277 1.369912 0.520146 1.133233 1.289307 0.651167 1.098266 1.197332 0.554409 1.178886 0.967383 0.106170 1.324562 0.761653 0.155466 1.258838 0.830921 0.255097 
1.282245 1.369945 0.520064 1.133172 1.289392 0.651085 1.098230 1.197376 0.554358 1.178877 0.967405 0.106151 1.324475 0.761630 0.155492 1.258745 0.830921 0.255103 
1.281019 1.372244 0.517382 1.131197 1.292501 0.648042 1.096518 1.200165 0.551525 1.178703 0.967885 0.105765 1.323930 0.762121 0.156234 1.258050 0.831872 0.255425 
1.279071 1.375981 0.513029 1.128054 1.297513 0.643084 1.093778 1.204698 0.546884 1.178437 0.968554 0.105203 1.323204 0.762875 0.157309 1.257094 0.833273 0.255887 
1.276920 1.380319 0.508127 1.124552 1.303238 0.637434 1.090673 1.209982 0.541520 1.178170 0.969223 0.104638 1.322601 0.763730 0.158390 1.256251 0.834760 0.256351 
1.274992 1.384377 0.503585 1.121377 1.308541 0.632150 1.087815 1.214958 0.536442 1.177932 0.969762 0.104163 1.322223 0.764542 0.159313 1.255685 0.836107 0.256756 
1.273586 1.387503 0.500157 1.119030 1.312622 0.628153 1.085681 1.218809 0.532596 1.177776 0.970174 0.103811 1.321965 0.765161 0.159987 1.255282 0.837111 0.257046 
1.272848 1.389208 0.498358 1.117794 1.314854 0.626059 1.084551 1.220914 0.530591 1.177689 0.970393 0.103620 1.321824 0.765494 0.160348 1.255060 0.837649 0.257199 
1.272785 1.389427 0.498217 1.117688 1.315132 0.625899 1.084440 1.221185 0.530439 1.177678 0.970416 0.103598 1.321820 0.765540 0.160390 1.255045 0.837718 0.257217 
1.272991 1.388997 0.498727 1.118035 1.314553 0.626494 1.084744 1.220654 0.531002 1.177709 0.970337 0.103667 1.321915 0.765450 0.160263 1.255168 0.837552 0.257166 
1.273343 1.388279 0.499597 1.118610 1.313581 0.627486 1.085242 1.219783 0.531922 1.177771 0.970177 0.103803 1.322104 0.765275 0.160012 1.255410 0.837224 0.257065 
1.273748 1.387484 0.500601 1.119274 1.312501 0.628636 1.085813 1.218817 0.532993 1.177838 0.969998 0.103955 1.322318 0.765081 0.159733 1.255681 0.836859 0.256952 
1.274104 1.386779 0.501480 1.119860 1.311536 0.629641 1.086315 1.217958 0.533924 1.177891 0.969857 0.104074 1.322482 0.764928 0.159514 1.255892 0.836572 0.256863 
1.274326 1.386294 0.502028 1.120229 1.310890 0.630270 1.086641 1.217367 0.534515 1.177920 0.969784 0.104138 1.322558 0.764837 0.159396 1.255994 0.836412 0.256814 
1.274396 1.386133 0.502202 1.120347 1.310677 0.630472 1.086746 1.217170 0.534705 1.177929 0.969763 0.104156 1.322577 0.764810 0.159361 1.256021 0.836364 0.256800 
1.274396 1.386134 0.502201 1.120347 1.310678 0.630471 1.086746 1.217171 0.534704 1.177929 0.969763 0.104155 1.322577 0.764810 0.159361 1.256021 0.836364 0.256799 
1.274395 1.386135 0.502200 1.120346 1.310679 0.630470 1.086745 1.217171 0.534703 1.177928 0.969763 0.104155 1.322577 0.764810 0.159361 1.256020 0.836365 0.256799 
1.274395 1.386135 0.502200 1.120345 1.310680 0.630469 1.086744 1.217172 0.534702 1.177928 0.969763 0.104154 1.322577 0.764810 0.159361 1.256020 0.836365 0.256799 
1.274394 1.386134 0.502198 1.120344 1.310680 0.630468 1.086744 1.217171 0.534702 1.177929 0.969766 0.104154 1.322571 0.764809 0.159362 1.256019 0.836368 0.256800 
1.274393 1.386133 0.502197 1.120344 1.310679 0.630467 1.086743 1.217169 0.534702 1.177929 0.969769 0.104154 1.322566 0.764808 0.159363 1.256018 0.836372 0.256801 
1.274393 1.386132 0.502199 1.120344 1.310678 0.630470 1.086744 1.217168 0.534705 1.177929 0.969769 0.104154 1.322565 0.764808 0.159363 1.256017 0.836372 0.256801 
1.274394 1.386129 0.502203 1.120346 1.310675 0.630476 1.086746 1.217164 0.534712 1.177929 0.969771 0.104153 1.322559 0.764807 0.159364 1.256016 0.836374 0.256801 
1.274396 1.386125 0.502212 1.120351 1.310671 0.630487 1.086750 1.217159 0.534724 1.177929 0.969771 0.104153 1.322558 0.764806 0.159364 1.256014 0.836374 0.256801 
1.274399 1.386120 0.502222 1.120356 1.310666 0.630500 1.086755 1.217152 0.534739 1.177928 0.969771 0.104153 1.322556 0.764805 0.159364 1.256012 0.836373 0.256801 
1.274403 1.386114 0.502236 1.120363 1.310660 0.630517 1.086761 1.217145 0.534758 1.177927 0.969771 0.104152 1.322554 0.764804 0.159364 1.256009 0.836372 0.256801 
1.274407 1.386108 0.502250 1.120371 1.310653 0.630536 1.086768 1.217136 0.534778 1.177927 0.969771 0.104152 1.322552 0.764803 0.159365 1.256007 0.836370 0.256801 
1.274412 1.386100 0.502267 1.120379 1.310646 0.630557 1.086776 1.217127 0.534801 1.177926 0.969771 0.104152 1.322549 0.764802 0.159365 1.256004 0.836369 0.256801 
1.274418 1.386090 0.502288 1.120390 1.310636 0.630583 1.086786 1.217114 0.534831 1.177926 0.969773 0.104151 1.322542 0.764799 0.159366 1.256000 0.836370 0.256801 
1.274432 1.386074 0.502331 1.120413 1.310620 0.630638 1.086807 1.217093 0.534892 1.177929 0.969777 0.104151 1.322532 0.764795 0.159367 1.255995 0.836371 0.256802 
1.274445 1.386059 0.502373 1.120435 1.310605 0.630690 1.086827 1.217074 0.534949 1.177931 0.969779 0.104151 1.322527 0.764791 0.159367 1.255992 0.836369 0.256802 
1.274460 1.386045 0.502417 1.120458 1.310590 0.630745 1.086848 1.217056 0.535008 1.177933 0.969781 0.104151 1.322521 0.764788 0.159366 1.255988 0.836368 0.256802 
1.274476 1.386029 0.502465 1.120484 1.310574 0.630804 1.086871 1.217035 0.535072 1.177936 0.969783 0.104152 1.322515 0.764784 0.159366 1.255985 0.836367 0.256802 
1.274493 1.386013 0.502516 1.120511 1.310558 0.630867 1.086895 1.217014 0.535140 1.177939 0.969786 0.104152 1.322508 0.764779 0.159366 1.255982 0.836365 0.256801 
1.274510 1.385996 0.502567 1.120538 1.310541 0.630930 1.086919 1.216993 0.535208 1.177942 0.969789 0.104152 1.322501 0.764775 0.159365 1.255979 0.836364 0.256801 
1.274526 1.385980 0.502616 1.120564 1.310525 0.630991 1.086943 1.216973 0.535274 1.177945 0.969792 0.104152 1.322495 0.764771 0.159365 1.255976 0.836363 0.256801 
1.274542 1.385965 0.502664 1.120589 1.310510 0.631049 1.086965 1.216953 0.535338 1.177948 0.969794 0.104152 1.322489 0.764767 0.159365 1.255973 0.836362 0.256801 
1.274557 1.385950 0.502710 1.120614 1.310494 0.631107 1.086987 1.216934 0.535401 1.177951 0.969797 0.104153 1.322483 0.764763 0.159364 1.255970 0.836360 0.256801 
1.274573 1.385935 0.502758 1.120640 1.310479 0.631166 1.087010 1.216914 0.535464 1.177954 0.969799 0.104153 1.322476 0.764758 0.159364 1.255966 0.836358 0.256801 
1.274597 1.385912 0.502837 1.120679 1.310456 0.631264 1.087045 1.216884 0.535571 1.177956 0.969802 0.104152 1.322458 0.764747 0.159363 1.255951 0.836351 0.256800 
1.274634 1.385864 0.502941 1.120738 1.310398 0.631387 1.087096 1.216826 0.535698 1.177961 0.969796 0.104159 1.322452 0.764728 0.159350 1.255951 0.836327 0.256793 
1.274670 1.385808 0.503037 1.120794 1.310325 0.631498 1.087144 1.216758 0.535806 1.177967 0.969784 0.104170 1.322460 0.764708 0.159328 1.255964 0.836296 0.256784 
1.274706 1.385758 0.503145 1.120852 1.310265 0.631627 1.087194 1.216697 0.535939 1.177971 0.969778 0.104176 1.322452 0.764689 0.159315 1.255961 0.836272 0.256778 
1.274753 1.385704 0.503292 1.120930 1.310206 0.631806 1.087262 1.216629 0.536130 1.177976 0.969778 0.104179 1.322426 0.764665 0.159307 1.255941 0.836248 0.256773 
1.274800 1.385626 0.503416 1.121003 1.310103 0.631948 1.087324 1.216536 0.536266 1.177983 0.969759 0.104195 1.322441 0.764638 0.159276 1.255962 0.836203 0.256759 
1.274840 1.385561 0.503537 1.121071 1.310021 0.632091 1.087383 1.216456 0.536412 1.177987 0.969749 0.104204 1.322438 0.764616 0.159258 1.255963 0.836171 0.256751 
1.274887 1.385491 0.503653 1.121144 1.309935 0.632231 1.087448 1.216370 0.536553 1.177993 0.969743 0.104211 1.322433 0.764596 0.159243 1.255965 0.836147 0.256744 
1.274929 1.385427 0.503783 1.121218 1.309857 0.632390 1.087512 1.216289 0.536719 1.177995 0.969737 0.104216 1.322419 0.764575 0.159232 1.255953 0.836122 0.256738 
1.274966 1.385367 0.503895 1.121280 1.309782 0.632524 1.087566 1.216214 0.536856 1.177997 0.969729 0.104222 1.322413 0.764556 0.159218 1.255949 0.836095 0.256731 
1.274998 1.385311 0.503996 1.121336 1.309712 0.632645 1.087614 1.216145 0.536979 1.177999 0.969721 0.104228 1.322408 0.764539 0.159206 1.255946 0.836071 0.256725 
1.275034 1.385259 0.504111 1.121399 1.309651 0.632787 1.087670 1.216078 0.537129 1.177999 0.969719 0.104230 1.322390 0.764521 0.159199 1.255929 0.836051 0.256721 
1.275068 1.385197 0.504216 1.121458 1.309573 0.632913 1.087721 1.216001 0.537256 1.178000 0.969710 0.104236 1.322385 0.764502 0.159185 1.255925 0.836024 0.256714 
1.275124 1.385105 0.504362 1.121549 1.309452 0.633084 1.087799 1.215889 0.537424 1.178005 0.969694 0.104249 1.322393 0.764478 0.159160 1.255938 0.835985 0.256702 
1.275165 1.385032 0.504492 1.121622 1.309362 0.633240 1.087862 1.215798 0.537584 1.178006 0.969684 0.104256 1.322384 0.764456 0.159144 1.255931 0.835953 0.256694 
1.275200 1.384972 0.504590 1.121679 1.309285 0.633354 1.087912 1.215725 0.537696 1.178008 0.969673 0.104264 1.322387 0.764438 0.159128 1.255935 0.835926 0.256687 
1.275232 1.384922 0.504690 1.121735 1.309223 0.633476 1.087961 1.215661 0.537823 1.178007 0.969669 0.104265 1.322377 0.764427 0.159123 1.255925 0.835912 0.256684 
1.275259 1.384878 0.504768 1.121778 1.309167 0.633568 1.087999 1.215607 0.537915 1.178008 0.969660 0.104272 1.322378 0.764412 0.159110 1.255926 0.835888 0.256677 
1.275276 1.384850 0.504834 1.121810 1.309135 0.633649 1.088026 1.215571 0.538002 1.178007 0.969657 0.104273 1.322368 0.764400 0.159104 1.255916 0.835873 0.256674 
1.275308 1.384809 0.504962 1.121870 1.309095 0.633810 1.088079 1.215518 0.538178 1.178002 0.969657 0.104270 1.322335 0.764382 0.159105 1.255879 0.835856 0.256671 
1.275355 1.384740 0.505111 1.121953 1.309014 0.633995 1.088152 1.215430 0.538374 1.177999 0.969652 0.104271 1.322313 0.764362 0.159099 1.255855 0.835832 0.256666 
1.275397 1.384667 0.505252 1.122028 1.308921 0.634163 1.088214 1.215340 0.538543 1.178001 0.969639 0.104280 1.322309 0.764337 0.159078 1.255854 0.835795 0.256656 
1.275450 1.384635 0.505481 1.122129 1.308894 0.634453 1.088294 1.215294 0.538859 1.177987 0.969636 0.104274 1.322259 0.764310 0.159080 1.255792 0.835766 0.256652 
1.275497 1.384544 0.505620 1.122210 1.308774 0.634614 1.088363 1.215183 0.539015 1.177991 0.969620 0.104286 1.322263 0.764285 0.159056 1.255800 0.835726 0.256641 
1.275537 1.384472 0.505728 1.122273 1.308679 0.634737 1.088417 1.215097 0.539133 1.177995 0.969603 0.104299 1.322277 0.764264 0.159030 1.255818 0.835689 0.256630 
1.275563 1.384426 0.505801 1.122315 1.308620 0.634821 1.088453 1.215042 0.539215 1.177997 0.969593 0.104306 1.322282 0.764252 0.159017 1.255824 0.835668 0.256624 
1.275592 1.384393 0.505931 1.122375 1.308588 0.634989 1.088502 1.214997 0.539399 1.177990 0.969594 0.104302 1.322244 0.764232 0.159018 1.255782 0.835649 0.256621 
1.275622 1.384342 0.506019 1.122425 1.308523 0.635092 1.088546 1.214935 0.539503 1.177991 0.969585 0.104308 1.322244 0.764218 0.159006 1.255782 0.835627 0.256615 
1.275647 1.384304 0.506109 1.122472 1.308478 0.635204 1.088586 1.214885 0.539621 1.177989 0.969582 0.104308 1.322228 0.764203 0.159001 1.255765 0.835610 0.256611 
1.275669 1.384272 0.506188 1.122512 1.308440 0.635300 1.088620 1.214845 0.539722 1.177987 0.969578 0.104310 1.322217 0.764191 0.158996 1.255753 0.835594 0.256608 
1.275688 1.384230 0.506273 1.122551 1.308393 0.635407 1.088654 1.214792 0.539836 1.177984 0.969576 0.104309 1.322194 0.764174 0.158993 1.255727 0.835576 0.256604 
1.275722 1.384182 0.506387 1.122611 1.308337 0.635546 1.088706 1.214731 0.539983 1.177982 0.969570 0.104311 1.322178 0.764156 0.158985 1.255710 0.835554 0.256599 
1.275755 1.384126 0.506479 1.122664 1.308266 0.635654 1.088751 1.214664 0.540089 1.177985 0.969558 0.104320 1.322184 0.764140 0.158968 1.255719 0.835526 0.256591 
1.275787 1.384089 0.506618 1.122730 1.308222 0.635829 1.088804 1.214613 0.540276 1.177979 0.969554 0.104319 1.322154 0.764117 0.158963 1.255684 0.835500 0.256586 
1.275819 1.384033 0.506710 1.122783 1.308151 0.635937 1.088849 1.214546 0.540383 1.177981 0.969543 0.104327 1.322157 0.764101 0.158947 1.255689 0.835474 0.256579 
1.275848 1.383985 0.506793 1.122829 1.308092 0.636034 1.088889 1.214488 0.540480 1.177982 0.969534 0.104333 1.322157 0.764087 0.158935 1.255690 0.835451 0.256573 
1.275875 1.383949 0.506887 1.122879 1.308046 0.636150 1.088931 1.214440 0.540601 1.177979 0.969530 0.104334 1.322143 0.764072 0.158929 1.255674 0.835433 0.256569 
1.275900 1.383903 0.506976 1.122924 1.307992 0.636257 1.088970 1.214384 0.540713 1.177978 0.969526 0.104336 1.322128 0.764056 0.158922 1.255658 0.835413 0.256564 
1.275929 1.383853 0.507100 1.122985 1.307933 0.636413 1.089021 1.214319 0.540878 1.177974 0.969522 0.104336 1.322099 0.764034 0.158917 1.255627 0.835388 0.256559 
1.275963 1.383794 0.507214 1.123046 1.307861 0.636552 1.089073 1.214245 0.541022 1.177974 0.969512 0.104342 1.322088 0.764011 0.158902 1.255616 0.835356 0.256551 
1.275998 1.383750 0.507374 1.123119 1.307806 0.636751 1.089131 1.214186 0.541232 1.177967 0.969506 0.104342 1.322055 0.763985 0.158896 1.255578 0.835326 0.256545 
1.276044 1.383720 0.507610 1.123219 1.307772 0.637048 1.089199 1.214147 0.541545 1.177958 0.969495 0.104343 1.321997 0.763935 0.158882 1.255513 0.835267 0.256533 
1.276088 1.383659 0.507729 1.123288 1.307694 0.637187 1.089255 1.214075 0.541682 1.177961 0.969478 0.104356 1.322008 0.763913 0.158856 1.255527 0.835228 0.256521 
1.276110 1.383620 0.507796 1.123325 1.307646 0.637266 1.089287 1.214028 0.541761 1.177962 0.969470 0.104361 1.322010 0.763903 0.158846 1.255530 0.835211 0.256516 
1.276134 1.383588 0.507874 1.123369 1.307608 0.637365 1.089324 1.213987 0.541865 1.177960 0.969468 0.104361 1.321995 0.763890 0.158843 1.255514 0.835197 0.256514 
1.276142 1.383566 0.507968 1.123403 1.307587 0.637489 1.089349 1.213956 0.542003 1.177954 0.969467 0.104357 1.321951 0.763863 0.158841 1.255465 0.835170 0.256509 
1.276182 1.383515 0.508071 1.123466 1.307520 0.637610 1.089401 1.213894 0.542122 1.177956 0.969455 0.104366 1.321955 0.763846 0.158824 1.255471 0.835142 0.256501 
1.276215 1.383468 0.508217 1.123538 1.307464 0.637797 1.089457 1.213832 0.542321 1.177951 0.969450 0.104367 1.321921 0.763818 0.158816 1.255434 0.835109 0.256494 
1.276274 1.383361 0.508356 1.123634 1.307325 0.637959 1.089540 1.213703 0.542477 1.177958 0.969430 0.104382 1.321931 0.763787 0.158786 1.255450 0.835062 0.256481 
1.276300 1.383313 0.508431 1.123676 1.307259 0.638043 1.089576 1.213645 0.542556 1.177961 0.969417 0.104391 1.321939 0.763772 0.158768 1.255461 0.835035 0.256473 
1.276299 1.383312 0.508440 1.123676 1.307258 0.638053 1.089576 1.213643 0.542568 1.177960 0.969417 0.104390 1.321936 0.763771 0.158769 1.255456 0.835034 0.256473 
1.276296 1.383313 0.508444 1.123674 1.307260 0.638059 1.089575 1.213643 0.542575 1.177958 0.969418 0.104389 1.321933 0.763772 0.158771 1.255452 0.835036 0.256474 
1.276297 1.383312 0.508455 1.123676 1.307260 0.638073 1.089577 1.213641 0.542591 1.177957 0.969419 0.104388 1.321927 0.763770 0.158773 1.255445 0.835035 0.256474 
1.276299 1.383309 0.508470 1.123681 1.307258 0.638092 1.089582 1.213636 0.542613 1.177955 0.969420 0.104386 1.321920 0.763768 0.158774 1.255436 0.835033 0.256474 
1.276302 1.383305 0.508488 1.123688 1.307254 0.638114 1.089588 1.213630 0.542638 1.177953 0.969420 0.104385 1.321913 0.763765 0.158776 1.255427 0.835031 0.256474 
1.276314 1.383274 0.508575 1.123722 1.307225 0.638228 1.089617 1.213589 0.542764 1.177947 0.969421 0.104381 1.321874 0.763744 0.158777 1.255384 0.835011 0.256471 
